-59.3688 -43.478 34.4217 -0.822519 -0.014153 0.568557
-59.0548 -43.2558 34.8822 -0.822948 -0.0116563 0.567996
-58.8648 -44.2475 35.1365 -0.823474 -0.0118407 0.567231
-59.3136 -44.6361 34.4767 -0.823518 -0.0120408 0.567163
-59.3168 -44.1215 34.4828 -0.823527 -0.0123686 0.567142
-59.7816 -43.9916 33.8016 -0.833882 -0.0108198 0.551711
-59.7439 -45.3471 33.8389 -0.823331 -0.00918668 0.56748
-59.1011 -46.0136 34.7588 -0.82352 -0.00535386 0.567243
-58.5197 -45.3176 35.6178 -0.824515 -0.0100277 0.565751
-58.4656 -44.298 35.7132 -0.814543 -0.0095908 0.580019
-58.5113 -43.0464 35.6654 -0.815612 -0.00658318 0.578562
-58.7725 -42.0683 35.3027 -0.813783 0.00230656 0.581155
-59.4812 -42.0155 34.2963 -0.818876 -0.00388974 0.573957
-59.7881 -43.0691 33.8287 -0.821437 -0.0148975 0.570104
-59.7881 -43.1128 33.8275 -0.828183 -0.0190237 0.559996
-60.1884 -42.9398 33.2267 -0.83492 -0.0217548 0.549941
-60.2036 -44.7474 33.1674 -0.83311 0.000277315 0.553108
-60.1427 -45.9449 33.2495 -0.828267 -0.00104119 0.560331
-59.3349 -46.8847 34.419 -0.821894 -0.000222601 0.56964
-58.496 -46.6795 35.6351 -0.823812 0.000858185 0.56686
-58.067 -45.5102 36.2544 -0.812678 -0.00737151 0.582666
-58.0573 -43.5163 36.2996 -0.814543 -0.0095908 0.580019
-58.0983 -42.4839 36.2541 -0.815185 -0.00309931 0.57918
-58.3802 -41.4062 35.8508 -0.815726 0.00357711 0.578427
-59.0076 -41.1207 34.9742 -0.811347 -0.000657292 0.58456
-59.957 -41.3468 33.6159 -0.822538 -0.00636618 0.568671
-60.1705 -42.618 33.2663 -0.837119 -0.017404 0.546716
-60.5886 -42.7043 32.6184 -0.839287 -0.0132943 0.543527
-60.5735 -41.6946 32.6668 -0.838496 -0.0104076 0.544798
-60.3281 -40.6833 33.0565 -0.838003 -0.00587899 0.545633
-59.5874 -40.3852 34.1563 -0.820217 -0.0030017 0.57204
-58.7534 -40.3268 35.3292 -0.811048 -0.00301007 0.584972
-57.8012 -40.7916 36.6575 -0.812169 0.0074183 0.583375
-57.6613 -41.9134 36.8667 -0.813654 0.0054685 0.581313
-57.6205 -43.6509 36.9075 -0.813182 -0.0111133 0.581903
-57.6075 -44.6944 36.9057 -0.812889 -0.00927094 0.582341
-57.6174 -45.7103 36.8733 -0.808669 -0.0144094 0.588088
-57.7407 -47.0127 36.6848 -0.8055 0.00603658 0.592565
-58.2367 -47.6243 36.0163 -0.814866 0.00425631 0.579412
-59.1109 -47.6707 34.7429 -0.823936 0.00106254 0.566679
-59.7413 -47.6459 33.8327 -0.822701 0.00151361 0.568468
-60.3465 -47.3877 32.9514 -0.82826 -0.0011077 0.560289
-60.5573 -46.4051 32.6339 -0.834079 -0.000757199 0.551644
-60.5993 -45.3447 32.5708 -0.83364 -0.000294172 0.552309
-60.5994 -44.2082 32.5708 -0.833292 0.000318333 0.552833
-60.5877 -43.4478 32.602 -0.836594 -0.0174199 0.547508
-60.9868 -43.5484 31.9845 -0.836176 -0.00473565 0.548364
-61.0028 -44.8263 31.9629 -0.832442 -0.000462413 0.554112
-60.9967 -45.9988 31.9708 -0.83329 -0.00374107 0.552812
-60.9633 -47.2062 32.0173 -0.83718 -0.00194967 0.546923
-60.7589 -48.1525 32.3263 -0.837617 -0.00703888 0.546213
-60.1105 -48.4568 33.2986 -0.827451 0.000736249 0.561482
-59.1826 -48.4771 34.6438 -0.823605 0.00431008 0.567145
-58.25 -48.4633 36.0006 -0.82342 0.00380296 0.567419
-57.6091 -48.3514 36.8855 -0.808487 0.0116639 0.588399
-57.21 -47.0867 37.4086 -0.805339 0.012805 0.592652
-57.1645 -45.9276 37.4873 -0.802814 -0.0135978 0.596074
-57.1699 -44.9006 37.5035 -0.802449 -0.011409 0.596608
-57.1817 -43.8454 37.5037 -0.802197 -0.00901987 0.596991
-57.1674 -42.2677 37.5391 -0.803842 -0.000915339 0.594836
-57.2109 -41.0674 37.4788 -0.804105 0.00704753 0.594398
-57.3555 -40.0465 37.2669 -0.809317 -0.00162153 0.58736
-57.8879 -39.7143 36.5334 -0.811231 -0.0032172 0.584718
-58.5703 -39.5411 35.5873 -0.811522 -0.0027512 0.584315
-59.1727 -39.5613 34.7552 -0.814838 -0.00581837 0.579593
-60.0725 -39.6477 33.46 -0.830337 -0.00390578 0.557048
-60.9264 -40.2501 32.1396 -0.841805 -0.0064411 0.539707
-60.9869 -41.2953 32.0326 -0.844227 -0.00359642 0.535968
-60.9908 -42.3796 32.0058 -0.838587 -0.0131749 0.544609
-60.9878 -42.7802 32.001 -0.838488 -0.0128663 0.544767
-61.4544 -43.0941 31.2751 -0.836469 -0.00472384 0.547915
-61.4596 -44.3331 31.2748 -0.834 0.0034211 0.551754
-61.449 -45.5593 31.2922 -0.832927 -0.00376854 0.553359
-61.4254 -46.7484 31.313 -0.833854 -0.00694247 0.551941
-61.3771 -48.0284 31.3796 -0.837427 -0.00245807 0.546544
-61.069 -48.9949 31.84 -0.837617 -0.00703888 0.546213
-60.5416 -49.305 32.6444 -0.837597 -0.00757023 0.546236
-59.72 -49.2604 33.8715 -0.824431 0.00207626 0.565952
-59.1544 -49.4478 34.6921 -0.823601 0.00437836 0.56715
-58.134 -49.2643 36.1732 -0.823205 0.00222009 0.56774
-57.1607 -49.1164 37.513 -0.808896 0.00583311 0.587923
-56.7647 -48.0861 38.0291 -0.801913 0.0128498 0.597303
-56.7145 -46.9973 38.0786 -0.8063 -0.00726318 0.591463
-56.6678 -45.1658 38.1737 -0.802384 -0.0114174 0.596694
-56.6677 -44.1075 38.1901 -0.801954 -0.00921044 0.597315
-56.6521 -43.0836 38.2267 -0.801428 -0.00489615 0.598056
-56.6571 -41.5209 38.2205 -0.800588 0.000989073 0.599214
-56.746 -40.3009 38.098 -0.801256 0.00267106 0.598316
-56.8434 -39.3004 37.9594 -0.800927 0.00555091 0.598737
-57.5372 -38.7523 37.0266 -0.805971 -0.00011414 0.591865
-58.1937 -38.631 36.1131 -0.813342 -0.00157485 0.581772
-59.0647 -38.7676 34.9108 -0.807029 -0.0067457 0.590457
-59.6951 -38.7871 34.0101 -0.8221 -0.00338762 0.569332
-60.3145 -38.6642 33.0997 -0.837668 -0.00658802 0.546138
-61.1296 -38.6599 31.8398 -0.842075 -0.00463151 0.539339
-61.3629 -39.7184 31.4568 -0.844529 -0.00884756 0.535434
-61.4298 -40.8059 31.3382 -0.844487 -0.0037889 0.535555
-61.4473 -41.9317 31.3076 -0.8436 -0.00141237 0.53697
-61.4469 -42.2055 31.3076 -0.841262 -0.00712075 0.540533
