-62.5053 43.3136 34.3175 -0.846536 -0.00605982 0.532297
-62.4209 44.6628 34.4629 -0.844926 -0.00447707 0.534865
-61.9999 44.1309 35.1128 -0.836504 -0.0129545 0.547807
-62.2456 43.3103 34.7179 -0.836477 -0.0123399 0.547863
-62.4831 43.1469 34.351 -0.842065 -0.00904739 0.539222
-62.8157 42.8417 33.819 -0.846593 -0.00527763 0.532215
-62.2934 41.8148 34.6115 -0.837376 -0.00336366 0.546569
-61.7712 42.1157 35.4191 -0.836792 -0.00211704 0.547493
-61.6144 43.1803 35.6781 -0.836166 -0.0126649 0.54833
-61.612 44.9918 35.72 -0.83388 -0.00325352 0.551899
-61.7381 45.976 35.5239 -0.835061 0.00414252 0.550136
-62.275 46.2862 34.7006 -0.836598 0.00680177 0.547774
-62.8135 45.4502 33.8535 -0.844805 -0.00900671 0.534998
-62.8423 44.2218 33.7933 -0.845781 -0.00563089 0.533498
-62.8675 43.2322 33.7404 -0.846536 -0.00605982 0.532297
-63.2467 43.1112 33.136 -0.84653 -0.00605775 0.532307
-63.2166 44.6256 33.2033 -0.847476 -0.00598075 0.530795
-63.2043 45.7056 33.2397 -0.845502 -0.00872691 0.5339
-62.9854 46.9077 33.6112 -0.842244 -0.0139003 0.538878
-62.4224 47.1164 34.4788 -0.836121 -0.0113198 0.548428
-61.6444 46.8861 35.6634 -0.837343 -0.0106961 0.546574
-61.2676 46.134 36.2311 -0.833641 0.00251632 0.552299
-61.218 44.9221 36.3142 -0.832942 -0.00349493 0.553304
-61.1989 43.5596 36.3166 -0.833226 -0.012293 0.552795
-61.2227 42.1784 36.2509 -0.832794 -0.0110771 0.553472
-61.5984 41.1904 35.6732 -0.831575 -0.00202364 0.555382
-62.363 41.0026 34.5101 -0.837813 0.00350497 0.545946
-63.0946 41.5086 33.3781 -0.840352 0.00484182 0.54201
-63.2094 42.3473 33.1878 -0.84365 0.00128919 0.536823
-63.6215 42.1291 32.5512 -0.840686 0.00786232 0.541467
-63.4563 40.6192 32.8211 -0.840059 0.00180981 0.542492
-62.75 40.2703 33.9151 -0.839558 0.00134091 0.543268
-62.0775 40.2358 34.954 -0.838536 0.00304366 0.544833
-61.4281 40.2825 35.9361 -0.834061 0.00848215 0.551608
-60.8494 41.0778 36.7988 -0.83345 0.00129064 0.55255
-60.7826 42.3089 36.9161 -0.832369 -0.0103387 0.554125
-60.7917 43.7241 36.9325 -0.832242 -0.0126844 0.554267
-60.8127 44.7568 36.9232 -0.832942 -0.00349493 0.553304
-60.8388 46.467 36.8792 -0.834204 0.00153508 0.551455
-61.2103 47.6201 36.3406 -0.834543 -0.0162237 0.550703
-61.9593 47.8816 35.2029 -0.837415 -0.0150885 0.546359
-62.6109 47.8762 34.2075 -0.837937 -0.0107536 0.545649
-63.2682 47.6691 33.1864 -0.839877 -0.00978115 0.542689
-63.6129 46.7722 32.6169 -0.84407 -0.0187033 0.535907
-63.6179 45.654 32.5839 -0.846682 -0.0114384 0.531964
-63.6138 44.3707 32.5639 -0.848135 -0.00448373 0.52976
-63.639 43.0061 32.5108 -0.846105 -0.00265617 0.532994
-63.6354 42.8406 32.5192 -0.843307 0.00948426 0.537324
-64.0238 42.8447 31.903 -0.845494 0.0060139 0.533927
-64.0013 41.268 31.9675 -0.846127 0.012641 0.532818
-63.9338 40.1725 32.0825 -0.840235 0.00146125 0.542221
-63.1875 39.4905 33.2366 -0.841143 -0.00546035 0.54077
-62.4477 39.4694 34.3834 -0.839402 0.000342558 0.543511
-61.8533 39.4649 35.3021 -0.837479 0.00238982 0.546444
-61.2556 39.4853 36.2074 -0.832584 0.00150611 0.553887
-60.5091 39.9422 37.3215 -0.831231 0.00506565 0.555904
-60.3809 41.3363 37.5056 -0.831203 -0.00332408 0.55596
-60.3596 42.4437 37.5519 -0.827986 -0.00673421 0.560666
-60.3822 43.6712 37.537 -0.822212 -0.00861148 0.569117
-60.3891 44.793 37.5434 -0.822059 -0.00584239 0.569369
-60.3824 45.8242 37.5599 -0.822102 -0.0036933 0.569328
-60.5195 47.6933 37.3768 -0.827106 -0.00767759 0.561993
-60.9592 48.4755 36.7379 -0.828841 -0.00863889 0.559415
-61.8268 48.6014 35.4218 -0.837805 -0.00321869 0.54596
-62.4714 48.623 34.4326 -0.83655 -0.00386115 0.547872
-63.0737 48.6283 33.5069 -0.839481 -0.0138995 0.543211
-63.7151 48.3625 32.5085 -0.84202 -0.0112789 0.539301
-64.0204 47.3802 31.996 -0.844407 -0.0187226 0.535375
-64.0484 46.3525 31.9161 -0.844862 -0.0181436 0.534676
-63.9911 45.0525 31.972 -0.84794 -0.0123171 0.529949
-64.054 43.5937 31.8539 -0.84718 -0.00129983 0.531292
-64.0539 43.2453 31.8546 -0.845206 0.00121788 0.534439
-64.4228 43.244 31.2709 -0.846904 0.000822543 0.531737
-64.4839 44.5066 31.1663 -0.851293 -0.00518536 0.524583
-64.4915 45.764 31.1932 -0.84726 -0.0203072 0.530786
-64.5135 46.8869 31.2002 -0.845035 -0.0204992 0.534314
-64.5076 47.9538 31.2348 -0.850974 0.00466727 0.525182
-64.2597 49.0123 31.6369 -0.853553 -0.00741052 0.520953
-63.4508 49.3947 32.9446 -0.839605 -0.014537 0.542929
-62.5433 49.4506 34.3304 -0.835268 -0.00465676 0.549824
-61.827 49.4081 35.4262 -0.837998 -0.00318771 0.545664
-61.1464 49.3556 36.4715 -0.838107 -0.00345414 0.545494
-60.5172 49.281 37.4052 -0.82251 -0.00433823 0.568591
-60.056 48.6275 38.0601 -0.8234 -0.00144453 0.567459
-59.9367 47.6219 38.2313 -0.824438 -0.00365575 0.565917
-59.9819 46.5468 38.1491 -0.825534 -0.00817337 0.564293
-59.8757 44.8586 38.2854 -0.822176 -0.0059082 0.569198
-59.8809 43.768 38.2627 -0.822101 -0.00835959 0.569281
-59.8511 42.184 38.2907 -0.823253 -0.00350273 0.567663
-59.8824 40.9994 38.241 -0.818372 -0.00810703 0.574541
-59.9356 39.6663 38.1294 -0.814414 -0.0164805 0.58005
-60.2513 38.8089 37.6573 -0.816573 -0.0182116 0.576955
-61.0489 38.7078 36.517 -0.82695 -0.011403 0.561962
-61.6882 38.5672 35.5591 -0.83563 0.00351247 0.549221
-62.4206 38.5429 34.4258 -0.839647 0.00061185 0.543131
-63.275 38.5966 33.0933 -0.843424 -0.00454315 0.537228
-63.9817 38.7147 32.0042 -0.836272 -0.00360916 0.548303
-64.3738 39.6474 31.3983 -0.839101 0.00157524 0.543957
-64.4657 40.8065 31.2458 -0.846126 0.0163231 0.532733
-64.4584 42.5626 31.2165 -0.847673 0.00616885 0.530478
-64.4568 42.8803 31.2165 -0.847606 0.00221323 0.530615
