43.4102 20.8403 19.076 0.569483 -0.0304745 0.821438
43.6829 21.8374 18.9237 0.56879 -0.0212419 0.822157
44.606 22.7915 18.3379 0.540993 -0.0228192 0.840718
45.422 22.359 17.8162 0.529623 -0.0048711 0.848219
44.2761 21.3787 18.5295 0.529272 -0.000904718 0.848448
43.6248 20.7259 18.9323 0.527466 -0.00104645 0.849576
43.4686 20.6724 19.0292 0.548514 -0.0156403 0.835485
43.727 19.9155 18.8679 0.527561 -0.00879619 0.849436
42.799 19.9027 19.461 0.561496 -0.0211394 0.827061
42.9364 21.7125 19.4369 0.568553 -0.0212367 0.822319
43.4389 22.5283 19.1022 0.563514 -0.0182598 0.825866
44.1483 23.2843 18.6454 0.55025 -0.0220586 0.834624
44.9202 23.7052 18.1591 0.549937 -2.78552e-05 0.835206
46.1333 23.7182 17.3726 0.537013 -0.00190992 0.843569
46.425 22.779 17.1826 0.537015 -0.0035612 0.843565
45.8775 21.588 17.5282 0.533788 -0.0021117 0.845597
45.2667 20.8556 17.9094 0.530628 0.0010173 0.847604
44.1664 20.1202 18.5954 0.527382 -0.0011116 0.849628
44.0128 20.0134 18.6906 0.527466 -0.00104645 0.849576
44.392 19.339 18.4434 0.527461 -0.0169669 0.84941
43.5607 18.9493 18.9549 0.551459 0.0019544 0.8342
42.6522 18.912 19.5554 0.551141 0.0019427 0.83441
41.9312 19.5076 20.047 0.561766 -0.00591767 0.827275
41.86 20.7261 20.1358 0.561743 -0.0373717 0.826467
42.5327 22.2984 19.7239 0.567743 -0.0119689 0.823119
43.3847 23.4262 19.1653 0.558813 -0.0243668 0.828935
44.1204 24.0797 18.6864 0.556268 -0.012436 0.830831
44.9168 24.4836 18.1614 0.549937 -2.78552e-05 0.835206
45.9362 24.6289 17.4983 0.535847 -0.000684583 0.844315
46.7808 24.3579 16.9623 0.536457 -0.00202145 0.843923
47.2012 23.3417 16.6998 0.507329 -0.00262058 0.861748
47.0498 22.3433 16.7867 0.498035 0.00904171 0.867109
46.5287 21.27 17.1165 0.532692 0.0038023 0.8463
45.9315 20.5202 17.4938 0.530555 0.00148144 0.847649
45.0825 19.7894 18.027 0.521838 -0.00122898 0.852961
44.8872 19.6613 18.1427 0.520473 -0.0128222 0.853734
45.3243 19.0364 17.8747 0.513774 -0.00842682 0.857884
44.2409 18.3943 18.5188 0.521492 -0.0118877 0.853129
43.3693 18.0879 19.0834 0.551686 -0.00294797 0.834033
42.1866 18.1629 19.8643 0.556142 -0.00206987 0.831053
41.4293 18.7457 20.3808 0.558847 -0.00742327 0.829238
41.1133 19.7174 20.6032 0.56465 -0.01516 0.825133
41.3344 21.2957 20.5227 0.564777 -0.0397635 0.824285
41.8561 22.4257 20.1883 0.562897 -0.00996644 0.826467
42.5122 23.4217 19.7536 0.563479 -0.0156752 0.825963
43.4818 24.4559 19.1105 0.552789 -0.00199442 0.833319
44.216 24.968 18.6277 0.551864 -0.00461643 0.833921
45.4952 25.4046 17.7814 0.552705 -0.00752806 0.833339
46.646 25.3526 17.0466 0.536649 0.00226172 0.843802
47.7122 24.4306 16.3958 0.516341 0.0157993 0.856237
47.941 23.2279 16.2638 0.50278 0.00405284 0.864366
47.7146 22.1531 16.4065 0.498346 0.0100561 0.86692
47.2644 21.0512 16.676 0.498225 0.0102905 0.866984
46.1654 19.6798 17.3513 0.529523 0.00600843 0.848274
45.4985 19.1506 17.7715 0.521838 -0.00122898 0.852961
45.9137 18.5075 17.5166 0.52172 -0.00133705 0.853035
45.1399 17.9902 17.9747 0.513687 -0.00980166 0.857922
44.3475 17.5851 18.4455 0.525562 -0.00387992 0.850629
43.4665 17.2685 19.0115 0.551441 -0.00792388 0.834176
42.0922 17.3186 19.9169 0.554226 -0.0129871 0.832235
41.1119 17.9305 20.5865 0.55843 -0.010016 0.829491
40.5043 18.943 21.0058 0.564534 -0.014666 0.825217
40.418 20.0527 21.0954 0.5708 -0.0225702 0.820778
40.6266 21.224 21.0054 0.563059 -0.0273639 0.82585
41.0137 22.2443 20.7594 0.562541 -0.0113737 0.826691
41.5758 23.2736 20.3898 0.563895 -0.0164208 0.82566
42.17 24.0722 20.0042 0.569734 -0.0155579 0.821634
42.9754 24.9181 19.4569 0.560804 -0.00959647 0.827863
44.2287 25.7844 18.6262 0.552639 -0.00759516 0.833385
45.2511 26.1379 17.9516 0.551792 -0.00973202 0.833925
46.2179 26.2519 17.3193 0.546457 -0.0108983 0.837416
47.2845 25.9819 16.6439 0.52688 0.00175172 0.849938
48.4317 24.8281 15.9554 0.498205 0.0175395 0.866634
48.6757 23.5322 15.8351 0.501003 0.00038177 0.865366
48.5598 22.4793 15.9161 0.506113 0.0105577 0.862403
48.2563 21.4837 16.1029 0.497875 0.00927432 0.867199
47.7968 20.555 16.374 0.499719 0.00313977 0.866182
46.8991 19.413 16.9063 0.509725 0.0127496 0.860242
46.4247 18.9296 17.1946 0.519312 0.00942174 0.854439
46.9872 18.4412 16.8694 0.511211 0.00683685 0.859401
46.2422 17.8074 17.3134 0.510567 -0.00776018 0.859802
45.428 17.2724 17.794 0.513687 -0.00980166 0.857922
44.2577 16.6836 18.5041 0.535423 0.000495007 0.844583
42.8488 16.3599 19.4039 0.547387 -0.0108922 0.836796
41.6975 16.5486 20.1718 0.560807 -0.0142771 0.827822
40.402 17.5281 21.0596 0.558347 -0.0104523 0.829542
39.8867 18.4947 21.4281 0.585519 -0.0185982 0.810438
39.748 19.755 21.5536 0.578765 -0.0207321 0.815176
39.9313 21.2043 21.4816 0.566319 -0.0312318 0.823588
40.3728 22.4373 21.2064 0.575663 -0.0152238 0.817544
40.9468 23.5297 20.8269 0.576015 -0.0290962 0.816767
41.7919 24.6942 20.2782 0.572794 -0.0130149 0.819515
42.6348 25.5657 19.6906 0.568924 -0.00211702 0.822349
43.4652 26.152 19.1363 0.555561 -0.0124039 0.831377
44.3281 26.6185 18.5693 0.553576 -0.0106778 0.83273
45.3938 26.9646 17.8669 0.549232 -0.0102893 0.835602
46.4124 27.0253 17.2026 0.546512 -0.00966598 0.837395
47.6947 26.6657 16.3846 0.530812 0.0123787 0.847399
48.4478 26.1143 15.9212 0.510745 0.0125886 0.859329
49.0634 25.3221 15.5993 0.48023 0.0181289 0.876955
49.3732 24.216 15.4443 0.496249 -0.00923386 0.86813
49.3697 23.1409 15.434 0.499063 8.97348e-06 0.866502
49.1182 21.9113 15.5955 0.50474 0.0124046 0.863179
48.7925 20.9146 15.7973 0.502292 0.00304962 0.864693
48.3118 20.0396 16.0787 0.50171 0.00254887 0.865032
47.7449 19.2813 16.4085 0.503863 0.00861163 0.863709
47.1498 18.5818 16.7712 0.509176 0.0134319 0.860558
47.7202 18.1167 16.4312 0.51315 0.000326278 0.858299
46.3741 16.9797 17.2276 0.510567 -0.00776018 0.859802
45.1783 16.2562 17.9333 0.511506 -0.00787767 0.859244
44.2359 15.8367 18.5103 0.533926 -0.0113163 0.845455
43.2488 15.6157 19.1361 0.543329 -0.00957277 0.839465
41.9598 15.614 19.9773 0.548541 -0.010592 0.836056
41.0495 15.9022 20.5947 0.557793 -0.0198963 0.829742
40.0512 16.7669 21.298 0.570557 -0.013218 0.821113
39.4177 17.6712 21.7443 0.578791 -0.0123439 0.815293
39.1434 18.663 21.9691 0.586271 -0.0187774 0.809892
39.088 19.6878 22.0298 0.587988 -0.0205027 0.808604
39.2268 21.0763 21.9705 0.589272 -0.0273607 0.807471
39.554 22.1226 21.7798 0.577108 -0.0267228 0.816161
40.0909 23.4322 21.4433 0.585842 -0.0417135 0.80935
40.7421 24.4986 21.0153 0.587156 -0.0291681 0.808945
41.4819 25.4021 20.5073 0.586635 -0.00989317 0.809788
42.3522 26.2222 19.8943 0.572528 -0.0124746 0.819764
43.0851 26.7579 19.4017 0.557197 -0.00898601 0.830319
44.3664 27.4096 18.5537 0.55339 -0.00944957 0.832869
45.1884 27.6942 18.0113 0.552876 -0.0090677 0.833214
46.1142 27.8607 17.4064 0.547344 -0.00905331 0.836859
47.0834 27.7135 16.7722 0.543802 -0.00863829 0.839169
48.4437 27.1329 15.9087 0.510818 0.0124895 0.85928
49.1804 26.4778 15.503 0.487297 0.0188936 0.873001
49.9508 25.1206 15.1159 0.489038 0.0246953 0.871892
50.1054 24.0137 15.0239 0.493485 -0.0064535 0.869727
50.0665 22.9627 15.035 0.48527 -0.00333075 0.874314
49.6532 21.249 15.2948 0.498892 0.0148667 0.866532
49.2998 20.2957 15.5047 0.502679 0.00350967 0.864466
48.7731 19.4549 15.8129 0.501715 0.00252937 0.865029
47.9748 18.4247 16.279 0.503877 0.0021907 0.863706
48.6347 18.082 15.905 0.494059 0.00444696 0.869416
47.8756 17.2027 16.34 0.503371 0.00219792 0.864
47.0942 16.5671 16.7977 0.509307 -0.00780573 0.86055
46.2444 15.9779 17.2961 0.511518 -0.0078953 0.859236
45.1673 15.3519 17.9311 0.511476 -0.00825156 0.859258
43.6844 14.8459 18.8477 0.529356 -0.0109055 0.848301
42.7499 14.6348 19.4466 0.545373 -0.0111684 0.838112
41.8608 14.7658 20.0317 0.549658 -0.010517 0.835322
40.536 15.3026 20.9316 0.565489 -0.0170221 0.82458
39.7629 15.8568 21.4749 0.570835 -0.0205248 0.820807
38.9405 17.0052 22.073 0.572478 -0.0178256 0.819714
38.4388 18.8297 22.4831 0.592969 -0.0224206 0.804905
38.4823 20.1198 22.4859 0.591558 -0.0221498 0.805958
38.6216 21.4321 22.425 0.591492 -0.0328676 0.805622
38.9251 22.6238 22.2545 0.595339 -0.0397588 0.80249
39.4243 23.4933 21.9299 0.586175 -0.0379105 0.809287
39.8334 24.4166 21.6726 0.587717 -0.0305796 0.808486
40.5264 25.3702 21.2022 0.58865 -0.0183765 0.808126
41.1131 26.1717 20.7844 0.588228 -0.00927011 0.808642
41.9738 26.9141 20.1694 0.58521 -0.00930116 0.810826
43.1601 27.6292 19.3562 0.556149 -0.00400995 0.831073
43.9434 28.0671 18.842 0.551965 -0.00855296 0.833823
44.764 28.419 18.3009 0.55426 -0.00870383 0.832297
45.7942 28.6261 17.622 0.545872 -0.00665544 0.837842
46.6805 28.5774 17.0437 0.546805 -0.00799626 0.837221
47.6356 28.3746 16.4211 0.543984 -0.00902116 0.839047
48.521 28.0759 15.8536 0.487615 0.00292359 0.873053
49.8092 26.9167 15.1428 0.487153 0.0186523 0.873085
50.6126 25.6129 14.7255 0.497176 0.023383 0.867328
50.7608 24.5432 14.656 0.498538 0.00210118 0.866789
50.9633 23.4047 14.5412 0.482964 0.00460805 0.875627
50.7835 21.9498 14.6505 0.476919 0.00651429 0.878922
50.1319 20.4926 15.0213 0.484232 0.0101075 0.874691
49.6936 19.5324 15.2805 0.474966 0.0153917 0.879852
48.8939 18.3454 15.7547 0.499304 0.0109223 0.866358
48.8071 18.2107 15.8065 0.496304 0.00790211 0.8681
