54.9333 22.4024 52.0844 0.772955 0.0030194 0.634454
55.5052 22.1467 51.3889 0.776349 0.00733214 0.630223
55.0532 22.9675 51.9357 0.776213 0.00769939 0.630384
55.0331 23.8262 51.9437 0.779915 0.012101 0.625768
55.6656 23.5204 51.1624 0.779694 0.0127733 0.626031
55.9725 22.5026 50.8002 0.779765 0.0118882 0.625959
55.7944 21.5339 51.039 0.779973 0.00258561 0.625801
54.9802 21.1188 52.0347 0.772696 0.00489268 0.634757
54.4913 21.7813 52.6257 0.774077 0.00229116 0.633084
54.3507 22.8385 52.7961 0.775324 0.00114434 0.631562
54.6402 23.6147 52.4381 0.777795 0.00744967 0.628445
54.4707 24.2775 52.6367 0.780264 0.0126258 0.625322
55.1837 24.568 51.7411 0.779979 0.0127623 0.625676
55.8091 24.2414 50.9689 0.779694 0.0127733 0.626031
56.2489 23.484 50.4367 0.779719 0.012534 0.626004
56.402 22.4789 50.2627 0.781947 0.0101214 0.623262
56.0419 20.8975 50.7332 0.779973 0.00258561 0.625801
55.4211 20.39 51.5037 0.775417 0.00314112 0.631423
54.6557 20.5571 52.4364 0.775433 0.00817593 0.631377
54.1241 21.3654 53.0819 0.778555 0.0066026 0.627541
53.8891 23.081 53.3624 0.775257 0.00169474 0.631644
54.2027 23.94 52.9736 0.775517 0.003564 0.631317
54.3022 24.1138 52.8503 0.777858 0.00846613 0.628357
54.0383 24.6604 53.1685 0.780158 0.0133816 0.625439
53.5521 23.6942 53.7739 0.77483 0.00398213 0.632152
53.4403 22.6558 53.9178 0.77762 0.00627395 0.628701
53.6251 21.4574 53.7 0.777998 0.00561898 0.628241
54.0162 20.3714 53.2256 0.777657 0.00558183 0.628664
54.647 19.7336 52.4575 0.775449 0.00800144 0.631359
55.2736 19.5937 51.6893 0.776273 0.00655396 0.630355
55.9084 19.9061 50.9008 0.778291 0.00150487 0.627902
56.5009 20.6153 50.1599 0.781627 0.00431076 0.623732
56.7778 21.5031 49.8071 0.78168 0.0070913 0.623631
56.7556 23.4121 49.8072 0.779216 0.0100216 0.626671
56.2853 24.5431 50.3714 0.779098 0.0115332 0.626796
55.5414 25.152 51.2846 0.778606 0.0137449 0.627358
54.6569 25.2066 52.3847 0.780082 0.0141693 0.625517
54.4119 25.0599 52.6936 0.780081 0.0141452 0.625518
54.099 25.6259 53.071 0.779341 0.01471 0.626426
53.2764 24.472 54.1037 0.773708 0.00640865 0.633509
53.027 23.4886 54.4185 0.776717 0.00585996 0.629821
52.9955 22.3192 54.4677 0.773685 0.00667381 0.633535
53.2489 21.0233 54.1684 0.777393 0.00521486 0.628994
53.5763 20.0733 53.7703 0.771471 -0.0034632 0.636254
54.0479 19.3918 53.1951 0.773699 0.00114871 0.633546
54.8398 18.9219 52.2266 0.775036 0.0036945 0.631906
55.5055 18.898 51.4109 0.776273 0.00655396 0.630355
56.4189 19.5187 50.2709 0.778645 0.00821599 0.627411
56.8987 20.197 49.6701 0.776052 0.0094125 0.630598
57.1961 21.2147 49.2887 0.77643 0.00989326 0.630125
57.2854 22.3108 49.1627 0.778904 0.00773228 0.627095
57.0673 24.1109 49.4055 0.779533 0.0119346 0.626248
56.5496 25.1008 50.0326 0.779508 0.0114774 0.626287
55.994 25.6852 50.71 0.778209 0.0159898 0.627802
54.8064 26.0069 52.1796 0.780489 0.0149826 0.62499
54.6122 25.956 52.4234 0.780294 0.014629 0.625241
54.323 26.6024 52.7691 0.781553 0.014744 0.623661
53.7214 26.1093 53.528 0.778152 0.0144271 0.62791
53.1473 25.3054 54.2539 0.775694 0.0084947 0.631048
52.733 24.4348 54.7723 0.777263 0.00684357 0.629138
52.5471 23.2504 55.0107 0.77581 0.00145238 0.630965
52.6028 21.7738 54.9534 0.773656 0.00694971 0.633567
52.8211 20.7409 54.6899 0.771092 -0.00238584 0.636718
53.4165 19.2637 53.9597 0.771562 -0.00350068 0.636144
54.1205 18.5325 53.1064 0.772116 0.000284821 0.635481
54.8273 18.2054 52.244 0.773938 0.00120115 0.63326
55.6817 18.2129 51.2 0.775616 0.00484479 0.631173
56.4392 18.6688 50.2566 0.778872 0.00802071 0.627131
56.9907 19.2905 49.5686 0.775833 0.00594235 0.63091
57.4845 20.2481 48.9484 0.776366 0.00977547 0.630206
57.686 21.3371 48.6822 0.776808 0.0102294 0.629655
57.7355 22.6849 48.5991 0.777874 0.00901972 0.628352
57.5899 23.9801 48.7575 0.779487 0.0123652 0.626297
57.2554 24.9744 49.1543 0.781497 0.0149852 0.623729
56.7531 25.7239 49.7659 0.781645 0.0161282 0.623514
56.1411 26.3667 50.51 0.779165 0.0178089 0.626566
55.1133 26.7574 51.7787 0.779962 0.0153429 0.625638
54.9193 26.7578 52.0206 0.780411 0.0157841 0.625068
54.7801 27.4591 52.1767 0.780407 0.0157859 0.625073
55.8232 27.6138 50.8761 0.779297 0.0123369 0.62653
56.6503 26.6851 49.8678 0.779165 0.0178089 0.626566
57.2267 26.0951 49.1623 0.781629 0.0173028 0.623504
57.6676 25.3354 48.6289 0.782119 0.0154231 0.622938
58.0611 23.8135 48.1702 0.782551 0.0142421 0.622423
58.3231 22.8651 47.8634 0.781927 0.0141705 0.623208
58.1453 21.2997 48.1162 0.776822 0.0103025 0.629636
57.9758 20.2829 48.3418 0.77703 0.00982024 0.629387
57.7357 19.3244 48.6518 0.776883 0.00475783 0.629627
57.1913 18.6199 49.3284 0.775792 0.00593376 0.630961
56.4973 17.8951 50.1942 0.778962 0.00792311 0.627021
55.907 17.4024 50.9294 0.774282 0.00382868 0.632806
55.1568 17.2632 51.8428 0.773369 -0.000870513 0.633955
54.1805 17.651 53.0347 0.772463 -0.000155676 0.635058
53.4359 18.3676 53.9359 0.770551 0.0001743 0.637378
52.831 19.0684 54.6697 0.77361 0.00240531 0.633657
52.3883 20.1893 55.2122 0.771175 -0.00182102 0.636619
52.2304 21.2179 55.4055 0.770541 -0.0005796 0.637389
52.0608 22.2396 55.6108 0.775043 0.000427588 0.631907
52.08 23.2807 55.5848 0.775253 0.00267918 0.631645
52.3153 24.6785 55.2854 0.776637 0.00522889 0.629925
52.6192 25.5797 54.9005 0.778516 0.007512 0.627579
53.2271 26.6903 54.129 0.778415 0.010896 0.627655
53.8321 27.016 53.3733 0.7786 0.0104658 0.627433
54.4463 27.3813 52.5967 0.782714 0.0133469 0.622238
54.5764 27.4952 52.4307 0.782936 0.013134 0.621963
54.6404 27.5116 52.3498 0.781771 0.0145328 0.623391
