67.9168 44.1237 35.2132 0.839167 -0.00645538 0.543835
68.3629 45.0393 34.5342 0.841413 -0.00771164 0.540321
68.3731 43.3394 34.4874 0.843203 -0.00994072 0.537503
67.9195 43.4615 35.2009 0.841109 -0.00841617 0.540786
67.5297 43.1009 35.7871 0.834036 -0.0111147 0.551592
68.0185 41.8666 35.0116 0.839515 -0.0132526 0.543174
68.6791 42.2741 33.9878 0.843344 -0.00946088 0.537291
68.7627 43.9124 33.8862 0.844804 -0.0083208 0.535002
68.7675 45.0474 33.8932 0.846873 -0.00186077 0.531768
68.4227 46.1897 34.4618 0.844039 -0.0101837 0.53594
67.8665 46.1058 35.3051 0.836837 -0.00505016 0.547408
67.5633 44.9656 35.7681 0.838876 -0.00409638 0.544303
67.5362 43.9642 35.7984 0.836714 -0.0101187 0.547518
67.1381 43.8853 36.3993 0.834326 -0.0136565 0.551102
67.1491 42.4223 36.3512 0.833692 -0.00888153 0.552158
67.3699 41.295 36.0005 0.836633 -0.0107125 0.547626
67.9747 41.0432 35.0605 0.839474 -0.0111403 0.543286
68.5266 41.0339 34.2107 0.84118 -0.00460175 0.540668
69.0088 41.4928 33.4517 0.844657 -0.0111648 0.535192
69.1355 42.5516 33.2738 0.846588 -0.00905229 0.532155
69.1541 43.5591 33.2599 0.847317 -0.00840519 0.531015
69.1636 44.8827 33.2618 0.846925 -0.00174644 0.531685
69.1118 46.2372 33.3381 0.850529 -0.00600499 0.525808
68.7524 46.9796 33.9452 0.848725 -0.00504084 0.528798
68.1484 47.0653 34.8915 0.835009 -0.00770301 0.550182
67.5642 46.874 35.7751 0.830452 -0.00338414 0.557011
67.2081 46.0687 36.2985 0.819221 0.0107068 0.573378
67.1766 45.0385 36.3639 0.82882 0.0048527 0.559175
67.1645 44.751 36.3808 0.836701 -0.00993521 0.54754
66.7565 44.7032 36.9873 0.82768 0.0059157 0.560919
66.7358 43.6978 37.002 0.832229 -0.00953954 0.55434
66.7469 41.8837 36.9572 0.836992 -0.0039066 0.547201
66.924 40.8328 36.6774 0.837322 -0.00645524 0.546672
67.5757 40.2839 35.6622 0.840919 -0.00976384 0.541074
68.2188 40.2437 34.6688 0.837258 -0.00919219 0.546731
68.7815 40.2645 33.8074 0.841227 -0.00492127 0.540596
69.5064 41.1989 32.6596 0.854171 -0.0157552 0.519725
69.5487 42.9422 32.616 0.848836 -0.0083011 0.528591
69.5646 44.5075 32.6197 0.847333 -0.00824839 0.530993
69.5616 45.6177 32.6213 0.848327 0.00362471 0.529461
69.5113 46.9214 32.7004 0.851203 -0.00855271 0.524714
69.1386 47.6184 33.3263 0.848869 -0.0102549 0.528467
68.479 47.7865 34.3885 0.84555 -0.00153756 0.533876
67.8147 47.7656 35.407 0.830471 -0.00337859 0.556977
67.1622 47.5786 36.3637 0.826042 0.00129716 0.563607
66.7843 46.4921 36.8951 0.819409 0.00258478 0.573132
66.7426 45.5673 36.9732 0.825599 0.0227254 0.563799
66.3315 45.463 37.5787 0.82527 0.0229552 0.564272
66.3312 43.5246 37.6073 0.838494 -0.00437803 0.544876
66.326 42.1792 37.6097 0.840689 -0.00621372 0.541483
66.3674 40.9825 37.5318 0.839415 -0.00942531 0.543394
66.6661 39.8651 37.0616 0.836259 -0.00689311 0.548286
67.3019 39.5126 36.0737 0.840984 -0.00953987 0.540976
67.8815 39.4822 35.1714 0.841071 -0.015117 0.540656
68.4796 39.4821 34.2538 0.837798 -0.0205929 0.545591
69.0578 39.5081 33.361 0.852944 -0.0264418 0.52125
69.834 40.1848 32.0913 0.853533 -0.0151984 0.520795
69.9361 41.5205 31.9661 0.852567 -0.0122781 0.522474
69.953 42.8747 31.9667 0.848385 -0.00944956 0.529296
69.962 43.9835 31.9724 0.849344 -0.00903794 0.527762
69.9681 45.4404 31.9714 0.84927 0.00241383 0.527948
69.9547 46.6152 31.9873 0.848427 -0.00218379 0.529307
69.9196 47.7036 32.0507 0.851403 -0.00870167 0.524393
69.2136 48.4694 33.2274 0.853955 -0.00493009 0.520321
68.6108 48.5069 34.1851 0.843118 -0.00805146 0.537668
68.029 48.5378 35.0928 0.831235 -0.00514404 0.555787
67.4419 48.4699 35.9522 0.826309 -0.0116739 0.563096
66.8069 48.3459 36.8829 0.823415 -0.00252964 0.567402
66.4214 47.5302 37.4402 0.834331 -0.0138715 0.551089
66.3357 46.3735 37.5432 0.839791 0.000120193 0.542662
66.3321 45.8855 37.5607 0.835405 0.017926 0.549015
65.9399 45.9057 38.1815 0.845697 0.0134268 0.533494
65.9423 44.2344 38.2082 0.83737 0.00413621 0.546565
65.9168 43.1319 38.2478 0.839883 -0.000816249 0.542767
65.9028 41.6053 38.2602 0.839213 -0.00958342 0.543702
65.9348 40.4637 38.1843 0.837618 -0.0128361 0.546105
66.1106 39.0419 37.8944 0.835226 -0.00647697 0.549869
66.6916 38.7576 37.0087 0.836622 -0.00722548 0.547726
67.5881 38.7173 35.6184 0.841734 -0.00578315 0.539857
68.1422 38.6738 34.7441 0.844747 -0.0103552 0.535065
68.7196 38.6793 33.855 0.843539 -0.026686 0.536274
69.3068 38.7236 32.9124 0.849002 -0.0322022 0.527407
69.8319 38.8628 32.049 0.856003 -0.0209134 0.516547
70.304 39.5924 31.3038 0.852003 -0.0207693 0.523125
70.4172 40.6894 31.1615 0.85198 -0.0157088 0.523326
70.352 42.1405 31.307 0.851239 -0.0138091 0.524591
70.3543 43.51 31.3326 0.848087 -0.00736256 0.529798
70.3657 45.0721 31.3296 0.850318 0.00108851 0.526268
70.3902 46.2773 31.2894 0.848523 0.00189116 0.529151
70.4165 47.4069 31.2442 0.852444 0.00138174 0.522805
70.2945 48.6197 31.4462 0.855241 -0.0022478 0.518213
69.5487 49.2544 32.6848 0.854227 -0.00490942 0.519876
68.977 49.2946 33.6216 0.84863 -0.00818683 0.528825
68.3772 49.3201 34.5598 0.836357 0.001521 0.548183
67.7778 49.253 35.4745 0.836356 0.00152197 0.548184
67.1745 49.2402 36.3612 0.826207 -0.0122405 0.563233
66.3567 48.9685 37.5947 0.838784 -0.0239289 0.543911
65.9791 48.2155 38.1344 0.837593 -0.0287115 0.54554
65.9079 47.0414 38.205 0.839392 0.000231204 0.54325
65.9407 46.0159 38.1776 0.845523 0.0124738 0.533793
65.94 45.9161 38.1811 0.845598 0.0127176 0.533669
