54.5966 -14.3679 54.1609 0.770384 -0.00914857 0.637514
55.1151 -14.9313 53.5248 0.772712 -0.00822492 0.634698
55.0966 -13.3525 53.5722 0.774441 -0.0120459 0.632532
54.6469 -13.914 54.1068 0.770206 -0.00956783 0.637724
54.1606 -13.5607 54.6998 0.770397 -0.00947724 0.637494
54.1145 -14.5991 54.7403 0.770372 -0.00894305 0.637531
54.4595 -15.5959 54.3094 0.770834 -0.00938534 0.636966
55.5041 -15.8176 53.0393 0.772959 -0.00824183 0.634397
55.6969 -14.6644 52.8159 0.774332 -0.00700291 0.632741
55.6516 -13.5565 52.8886 0.774525 -0.0119723 0.632429
55.2458 -12.1505 53.4118 0.772234 -0.0110171 0.635232
54.6115 -12.5291 54.1714 0.770428 -0.012048 0.637413
54.2801 -13.164 54.5612 0.770211 -0.00984979 0.637713
53.8342 -12.7598 55.1091 0.772603 -0.0115759 0.634784
53.5648 -14.1812 55.4105 0.771484 -0.0105967 0.636157
53.662 -15.3585 55.2756 0.769394 -0.0103502 0.638691
54.064 -16.1338 54.7788 0.769331 -0.012099 0.638734
54.7239 -16.8352 53.9672 0.771334 -0.0122208 0.636313
55.473 -17.2732 53.0447 0.77747 -0.0169776 0.628691
56.0087 -16.0167 52.4154 0.777393 -0.0125971 0.628878
56.2425 -14.2618 52.1515 0.77519 -0.0112319 0.631617
56.1427 -13.1399 52.2999 0.771484 -0.0154963 0.636059
55.8576 -12.138 52.67 0.771519 -0.0108187 0.636098
55.1718 -10.9058 53.5213 0.774487 -0.00944138 0.632519
54.5571 -11.4575 54.2573 0.77077 -0.0110872 0.637017
54.0876 -12.2551 54.8098 0.771563 -0.0115678 0.636046
53.6532 -11.8019 55.3466 0.772613 -0.0113453 0.634776
53.1548 -13.135 55.929 0.772831 -0.0115508 0.634507
52.9893 -14.3478 56.1087 0.77313 -0.0115512 0.634142
53.1492 -15.6531 55.8901 0.772195 -0.00997005 0.635305
53.8932 -16.9834 54.9662 0.769728 -0.0138518 0.638221
54.4931 -17.5658 54.2299 0.769638 -0.0142111 0.638322
55.2418 -18.2094 53.3045 0.776915 -0.019133 0.629314
55.9165 -18.2314 52.4692 0.777533 -0.0184954 0.628571
56.3378 -16.8604 51.986 0.77772 -0.0165853 0.628392
56.6938 -15.2981 51.5791 0.775269 -0.0113047 0.631518
56.7956 -14.0634 51.4812 0.773276 -0.0151024 0.633887
56.6012 -12.7056 51.7543 0.772462 -0.0159951 0.634858
56.2562 -11.5967 52.1918 0.771669 -0.00629738 0.635993
55.8702 -10.7804 52.6681 0.772986 -0.0079243 0.634368
55.411 -9.63104 53.2496 0.773953 -0.0125938 0.633118
54.7706 -9.68244 54.029 0.769403 -0.0105897 0.638674
54.0568 -11.1229 54.8684 0.770549 -0.0115965 0.637276
53.9775 -11.2559 54.9616 0.7715 -0.0117333 0.636119
53.5279 -10.8031 55.5151 0.771952 -0.00928782 0.635613
52.9821 -11.827 56.1614 0.7712 -0.0102468 0.63651
52.5747 -13.1857 56.6354 0.772106 -0.0097454 0.635414
52.441 -14.5606 56.7733 0.773112 -0.0115688 0.634164
52.671 -16.0266 56.4661 0.772633 -0.0134755 0.634707
53.084 -17.021 55.9419 0.771506 -0.0152194 0.63604
53.7451 -17.8322 55.1258 0.769664 -0.0142419 0.638291
54.7245 -18.6965 53.9247 0.769674 -0.0151683 0.638257
55.2741 -19.1732 53.2342 0.776338 -0.0200542 0.629997
56.0329 -20.182 52.2668 0.779254 -0.0177678 0.626457
56.5439 -20.7565 51.6165 0.778035 -0.0177255 0.62797
56.3333 -19.758 51.9068 0.777799 -0.0194988 0.628211
56.4139 -18.5184 51.8449 0.77803 -0.0189443 0.627941
56.8043 -17.2061 51.4025 0.775127 -0.0146202 0.631636
57.0658 -16.1828 51.1053 0.773842 -0.0160229 0.633172
57.308 -15.0201 50.8361 0.772644 -0.0129603 0.634707
57.2545 -13.119 50.9463 0.774711 -0.0146962 0.632137
57.0592 -12.158 51.2065 0.776261 -0.0118173 0.6303
56.7419 -11.2377 51.6065 0.77123 -0.00754929 0.636512
56.2617 -10.2632 52.1992 0.770216 -0.00954107 0.637708
55.9006 -9.34932 52.6565 0.772212 -0.0137633 0.635216
55.8682 -7.77592 52.7309 0.772249 -0.0142743 0.635159
56.2326 -6.64105 52.309 0.777008 -0.0103591 0.629401
56.7002 -5.66671 51.7509 0.777477 -0.0123627 0.62879
57.1692 -4.70015 51.1855 0.779881 -0.00945782 0.625856
57.5558 -3.75401 50.7173 0.780101 -0.00922985 0.625585
57.7551 -2.27512 50.4978 0.778531 -0.0113735 0.627502
57.6537 -0.724291 50.6476 0.781302 -0.00833899 0.624096
57.4647 0.292619 50.8932 0.773458 -0.0103855 0.633761
57.3622 1.3787 51.0283 0.773116 -0.00575363 0.634238
57.2357 3.21757 51.1981 0.773464 -0.00512366 0.633819
57.2118 4.42963 51.2299 0.776073 0.000344539 0.630643
57.2584 5.46533 51.17 0.776242 0.00169295 0.630433
57.2831 6.46671 51.1392 0.775222 -0.00401868 0.631666
57.1973 7.46493 51.2564 0.775359 -0.00618125 0.631489
56.9158 8.48957 51.6084 0.774844 -0.00516852 0.632131
56.3915 9.47767 52.2544 0.773527 -0.00259639 0.633757
55.8368 10.0424 52.9361 0.773896 -0.00712435 0.633273
55.1797 10.3612 53.7455 0.77669 -0.00794905 0.629833
54.4099 10.3684 54.6974 0.775358 -0.00282185 0.631491
53.7602 9.99501 55.4847 0.772488 -0.00437936 0.635014
53.1982 9.35268 56.1633 0.770122 -0.00524109 0.637874
52.8081 8.33487 56.6234 0.770193 -0.00736779 0.637769
52.5659 7.02602 56.901 0.770344 -0.00724678 0.637587
52.5606 5.87621 56.8942 0.770448 -0.00669764 0.637468
52.7382 4.63887 56.6705 0.770679 -0.00436909 0.637209
52.9268 3.48623 56.4369 0.769192 -0.00322196 0.639009
53.0806 2.40733 56.2446 0.768976 -0.00434282 0.639262
53.156 1.40874 56.1415 0.772301 -0.00680541 0.635217
53.136 0.288047 56.1575 0.770977 -0.00581539 0.636833
53.0257 -1.19354 56.2733 0.769833 -0.00812536 0.638194
53.1422 -2.99833 56.106 0.770514 -0.0101412 0.637342
53.5228 -4.3258 55.6258 0.770285 -0.00866953 0.637641
53.8851 -5.2715 55.178 0.771581 -0.0047066 0.636114
54.4066 -6.97687 54.5222 0.773657 -0.0110906 0.633508
54.5885 -8.57148 54.2692 0.769313 -0.0119325 0.63876
54.2882 -9.46768 54.614 0.769831 -0.00921474 0.638182
53.8458 -10.3089 55.1355 0.770946 -0.00899645 0.636834
53.4217 -9.87583 55.6566 0.772107 -0.00879544 0.635431
52.8708 -10.5222 56.317 0.770901 -0.00881505 0.636893
52.4444 -11.6445 56.8148 0.770361 -0.0104242 0.637523
52.1193 -12.7017 57.193 0.770811 -0.00770741 0.637017
51.7933 -13.881 57.5691 0.767383 -0.00934052 0.641121
51.8227 -15.3029 57.5089 0.769708 -0.0125976 0.638271
52.0548 -16.2371 57.2096 0.770315 -0.0152094 0.63748
52.5278 -17.3276 56.6086 0.771289 -0.0162582 0.636278
53.012 -18.0972 56.0053 0.770279 -0.0144665 0.637542
53.5632 -18.6227 55.3275 0.770109 -0.0145301 0.637747
54.5186 -19.4047 54.156 0.769901 -0.0149896 0.637987
55.2704 -20.2203 53.2105 0.776251 -0.0160293 0.63022
55.5667 -21.1021 52.8201 0.778549 -0.0163286 0.627368
55.3871 -22.4217 53.0019 0.774956 -0.0206698 0.631677
55.0954 -23.3029 53.3268 0.775227 -0.0253798 0.631172
54.805 -24.4844 53.6359 0.775641 -0.0255501 0.630657
54.561 -25.7597 53.8857 0.775606 -0.0245279 0.630741
54.5253 -27.4697 53.8657 0.777477 -0.0239892 0.628454
54.801 -28.8439 53.4788 0.775137 -0.0210148 0.631444
55.1658 -29.7381 53.0015 0.774577 -0.0241343 0.632013
55.64 -30.3716 52.3823 0.780606 -0.0274153 0.624422
56.5239 -30.9993 51.2509 0.779562 -0.0269388 0.625746
57.1661 -31.2288 50.4385 0.782638 -0.0313865 0.621671
57.8478 -31.0957 49.5858 0.783008 -0.0358155 0.62098
58.8204 -30.1888 48.4057 0.785418 -0.0342848 0.618015
59.4179 -29.4946 47.6857 0.78339 -0.0357827 0.6205
59.7666 -28.6281 47.296 0.783069 -0.0366528 0.620854
60.0527 -27.6702 46.9886 0.784878 -0.0329159 0.618775
60.169 -26.6274 46.8953 0.787858 -0.0324796 0.614986
60.1239 -25.6147 46.9984 0.784367 -0.0285879 0.619637
59.9699 -24.4543 47.2481 0.785278 -0.0283451 0.618493
59.6744 -22.9825 47.6798 0.782538 -0.0220428 0.622213
58.8472 -22.1989 48.7415 0.777253 -0.0213358 0.62882
58.0071 -21.5914 49.7929 0.773694 -0.021485 0.633196
57.4132 -21.005 50.5398 0.771019 -0.0240071 0.636348
56.9531 -20.1709 51.1277 0.777149 -0.0181865 0.629053
56.8334 -19.1632 51.306 0.777758 -0.0188236 0.628282
57.0941 -18.0868 51.0219 0.774921 -0.0213439 0.631697
57.4473 -17.0773 50.6165 0.773894 -0.0159271 0.63311
57.7403 -16.1594 50.2848 0.772628 -0.0175855 0.634615
57.8552 -15.1416 50.1674 0.772656 -0.0128583 0.634694
58.0099 -13.8232 50.0038 0.774335 -0.0122861 0.632656
57.7323 -12.614 50.3682 0.77623 -0.0128462 0.630318
57.3934 -11.3754 50.8085 0.77609 -0.0102471 0.630538
56.9832 -10.2793 51.3248 0.773587 -0.00990813 0.633604
56.5041 -9.37068 51.9227 0.770596 -0.0120689 0.637209
56.489 -7.52744 51.9815 0.774658 -0.0111415 0.632263
56.9764 -6.55439 51.3921 0.777187 -0.0101869 0.629184
57.4496 -5.50008 50.8237 0.779938 -0.00942458 0.625785
57.9269 -4.54252 50.243 0.780162 -0.00926281 0.625509
58.1746 -3.60303 49.9536 0.777831 -0.0116968 0.628365
58.3269 -2.20255 49.7888 0.780016 -0.00802894 0.625699
58.3059 -1.17187 49.8252 0.781748 -0.00617767 0.623564
58.1024 -0.15484 50.0923 0.781232 -0.0068799 0.624202
57.8821 1.08953 50.3819 0.781624 -0.00718247 0.623707
57.7935 2.50401 50.5075 0.782875 -0.00451106 0.622159
57.6899 3.73314 50.6397 0.776914 -0.000643151 0.629606
57.7478 4.78366 50.569 0.776608 0.000566682 0.629982
57.8285 6.06047 50.4705 0.774728 -0.000820985 0.632294
57.7643 7.47417 50.5597 0.775622 -0.00765675 0.631151
57.5117 8.63925 50.8793 0.779232 -0.00137813 0.62669
57.1115 9.87342 51.3718 0.778283 0.00190453 0.627909
56.1282 10.8151 52.5878 0.776538 -0.00341787 0.630045
54.9768 11.2795 54.0071 0.775916 -0.00659223 0.630797
53.9316 11.0535 55.2835 0.772579 -0.00408399 0.634905
53.2898 10.6577 56.0615 0.771372 -0.00423275 0.636368
52.7704 9.95212 56.6845 0.770039 -0.00423194 0.637983
52.3236 8.8632 57.2128 0.769385 -0.00626642 0.638755
52.0428 7.61243 57.5382 0.769397 -0.00681979 0.638735
51.9615 6.34627 57.6217 0.769455 -0.00735459 0.638658
52.0743 5.25263 57.4761 0.76999 -0.00494194 0.638036
52.3289 4.01941 57.1605 0.770092 -0.00379811 0.637921
52.5101 2.72866 56.9339 0.770832 -0.00414035 0.637025
52.6104 1.53157 56.8049 0.770181 -0.00518262 0.637802
52.6288 0.316676 56.7696 0.769829 -0.00692523 0.638213
52.4861 -1.33916 56.9221 0.769096 -0.00852516 0.639075
52.547 -2.76693 56.8287 0.769455 -0.00975949 0.638625
52.7303 -3.85285 56.5895 0.77019 -0.0104698 0.637728
53.1542 -4.92624 56.06 0.767998 -0.00780872 0.640392
53.4704 -5.85384 55.6757 0.767373 -0.0063906 0.641165
53.721 -6.81869 55.3612 0.7703 -0.0162438 0.637473
53.9789 -7.91189 55.0196 0.771521 -0.0173688 0.635967
53.8144 -8.94936 55.1943 0.769885 -0.0111152 0.638085
53.6561 -9.2782 55.3804 0.771173 -0.00949131 0.636553
55.2937 -8.07777 53.4217 0.771832 -0.0140327 0.635672
55.5117 -7.06907 53.1793 0.771356 -0.01263 0.636277
55.8877 -5.99701 52.7457 0.772862 -0.0127805 0.634428
56.465 -4.78577 52.0573 0.775878 -0.0065304 0.630833
56.8761 -3.86929 51.5597 0.773394 -0.00471171 0.633909
57.1489 -2.92844 51.2339 0.773623 -0.00613413 0.633615
57.1801 -1.34242 51.2157 0.772945 -0.00793141 0.634424
56.9402 0.280871 51.5349 0.774171 -0.00798299 0.632916
56.8285 1.56707 51.6807 0.773617 -0.00519534 0.633632
56.7482 2.98341 51.7904 0.773059 -0.00505206 0.634314
56.7109 4.10244 51.8456 0.774032 -0.00290196 0.633133
56.7215 5.14801 51.8305 0.774141 0.00179505 0.63301
56.7377 6.1798 51.8072 0.774802 -0.00034271 0.632198
56.6433 7.18976 51.9295 0.773373 -0.00652109 0.633918
56.3751 8.13095 52.2668 0.773421 -0.00527823 0.633869
55.6553 9.1734 53.1508 0.775105 -0.00193852 0.631817
54.9698 9.52724 53.9989 0.778738 -0.00232916 0.627345
54.3437 9.38219 54.773 0.771881 -0.00305232 0.635759
53.745 8.93123 55.4978 0.771232 -0.00523978 0.636528
53.3459 8.09065 55.9705 0.770617 -0.007573 0.637254
53.1083 6.58565 56.2397 0.770475 -0.00698288 0.637431
53.1499 5.5562 56.1794 0.770216 -0.00617409 0.637753
53.3281 4.22105 55.9559 0.769409 -0.00217366 0.638753
53.4978 3.19193 55.7479 0.769198 -0.00326728 0.639001
53.63 1.8109 55.571 0.772227 -0.00909351 0.635281
53.6589 0.788977 55.5259 0.772093 -0.00454202 0.635494
53.6085 -0.343928 55.5761 0.775333 -0.00595442 0.631522
53.5719 -1.65482 55.6066 0.770588 -0.00874873 0.637274
53.7349 -3.00035 55.3892 0.770589 -0.010127 0.637251
54.0567 -4.06321 54.984 0.77039 -0.00842395 0.637518
54.5486 -5.48173 54.3719 0.770778 -0.00645931 0.637068
54.9287 -6.52682 53.8945 0.770942 -0.0112622 0.636806
55.2084 -7.31637 53.542 0.771409 -0.0126412 0.636212
55.3186 -5.66409 53.4401 0.769957 -0.0141552 0.637939
55.8095 -4.6605 52.8621 0.772198 -0.00529588 0.635353
56.3008 -3.70208 52.2628 0.774425 -0.00360452 0.632652
56.578 -2.79475 51.9326 0.773438 -0.00723762 0.633831
56.6287 -1.39795 51.8867 0.773951 -0.00768426 0.633198
56.4886 -0.311629 52.0768 0.774401 -0.0115307 0.632589
56.3332 1.01156 52.2821 0.774946 -0.00526042 0.632003
56.249 2.67252 52.3994 0.77543 -0.00496731 0.631413
56.2148 3.74205 52.4505 0.774032 -0.00290196 0.633133
56.2016 4.8122 52.4668 0.772783 -0.000270471 0.634671
56.2112 5.84111 52.4522 0.7748 -0.000450949 0.6322
56.119 6.84852 52.5702 0.77554 -0.00298103 0.631292
55.8305 7.81048 52.9294 0.777113 -0.00398659 0.629347
55.0934 8.57064 53.844 0.777568 -0.000666797 0.628797
54.4627 8.49832 54.6243 0.771339 -0.00536027 0.636397
53.9132 7.81485 55.2809 0.770707 -0.00775669 0.637143
53.6663 6.23507 55.5625 0.770055 -0.00633315 0.637946
53.7169 5.23984 55.4916 0.770443 -0.00695305 0.63747
53.9329 3.72931 55.2233 0.77167 -0.00148972 0.636021
54.1076 2.38346 54.9987 0.772196 -0.00821814 0.63533
54.1665 1.35752 54.9117 0.772121 -0.0107627 0.635356
54.1418 0.0105246 54.9254 0.775363 -0.00768689 0.631469
54.0975 -1.13658 54.9708 0.775156 -0.0040302 0.631758
54.183 -2.30888 54.8584 0.771183 -0.00891356 0.636549
54.5595 -3.75561 54.381 0.770143 -0.00914683 0.637805
54.9813 -4.86402 53.8592 0.768214 -0.00785182 0.640145
55.1653 -5.32045 53.6327 0.769001 -0.0111226 0.639142
55.396 -3.96359 53.3681 0.772573 -0.000503263 0.634926
55.8274 -3.23101 52.8436 0.773204 -0.00466486 0.634126
56.1092 -2.28848 52.5113 0.774526 -0.0080306 0.632491
55.9816 -0.683336 52.6916 0.774988 -0.0109533 0.631881
55.8181 0.659462 52.9122 0.772263 -0.00980279 0.635192
55.7851 1.83094 52.9641 0.775813 -0.00526613 0.63094
55.7048 3.608 53.0713 0.772668 -0.000976609 0.634809
55.7028 5.26489 53.0746 0.772492 -0.000343023 0.635024
55.6222 6.44007 53.1795 0.776727 -0.00316291 0.629829
55.2138 7.4108 53.6887 0.777492 -0.0048404 0.628874
54.5718 7.49393 54.482 0.770197 -0.00658188 0.637772
54.2224 5.91661 54.8881 0.770775 -0.00759656 0.63706
54.2597 4.84345 54.8296 0.771382 -0.00651691 0.636338
54.5246 3.41036 54.505 0.771052 -0.00465354 0.636746
54.6861 1.86916 54.2945 0.768173 -0.00528139 0.640221
54.6613 0.740236 54.3036 0.768807 -0.0136319 0.639336
54.6195 -1.0194 54.3347 0.77122 -0.00100597 0.636568
54.7988 -2.73799 54.1052 0.771929 -0.00776511 0.635662
55.1808 -3.47274 53.6303 0.773246 -0.00462902 0.634075
55.2486 -2.11815 53.5665 0.772918 -0.00842478 0.634448
55.5074 -1.29761 53.2626 0.771357 -0.00789492 0.636322
55.196 -1.73414 53.6351 0.771618 -0.00438264 0.636061
55.2533 -0.290417 53.5746 0.767705 -0.00473565 0.640786
55.298 -0.00502439 53.5232 0.76797 -0.00891598 0.64041
55.1237 2.54321 53.7751 0.770266 -0.00347693 0.637703
55.1151 2.58757 53.7857 0.772378 -0.00183533 0.635161
54.9707 4.12199 53.9639 0.772111 -6.69335e-05 0.635487
54.8602 5.24591 54.1033 0.774779 -0.00604213 0.632198
55.2734 5.14819 53.5964 0.773372 -0.00429402 0.633922
54.935 4.33161 54.0073 0.772146 -0.000118529 0.635446
56.5988 -21.1122 51.5392 0.77817 -0.0141752 0.627893
57.5346 -22.1648 50.3509 0.776797 -0.0194267 0.62943
58.1979 -22.641 49.5237 0.774274 -0.0222933 0.632457
59.0928 -23.494 48.389 0.778537 -0.0258041 0.627068
59.5179 -24.9317 47.798 0.782004 -0.027979 0.622631
59.6181 -26.8362 47.5841 0.782426 -0.0295231 0.622035
59.3523 -27.936 47.8598 0.781961 -0.0347266 0.622352
58.649 -29.3341 48.6709 0.784039 -0.0327099 0.619842
58.0814 -29.9434 49.3537 0.782889 -0.033113 0.62128
57.3838 -30.2608 50.2145 0.780279 -0.0313074 0.624636
56.3199 -29.959 51.5498 0.78019 -0.0271398 0.624952
55.4232 -28.8982 52.7128 0.780327 -0.0236615 0.624924
55.097 -27.6442 53.1569 0.775279 -0.0228328 0.631206
55.0108 -26.4703 53.3064 0.774133 -0.0238012 0.632575
55.2 -25.2183 53.1211 0.774846 -0.0241577 0.631687
55.6241 -23.6175 52.6649 0.775111 -0.0261801 0.631283
55.9862 -22.1994 52.2742 0.77676 -0.0176369 0.629536
56.1497 -21.3332 52.0914 0.778588 -0.0145805 0.627366
56.5134 -22.7838 51.6048 0.779356 -0.0206526 0.626238
57.1825 -22.7933 50.7709 0.779959 -0.0192994 0.625532
57.8437 -23.2832 49.9358 0.775267 -0.0223408 0.631235
58.5323 -23.8821 49.0669 0.77499 -0.0244298 0.631501
58.9734 -25.0727 48.4702 0.779395 -0.0266238 0.625967
59.1088 -26.2301 48.2527 0.780971 -0.0289773 0.623886
58.9863 -27.2653 48.3532 0.78176 -0.0323766 0.622738
58.373 -28.6151 49.0545 0.782408 -0.0315078 0.621969
57.7821 -29.2295 49.7665 0.782042 -0.0312393 0.622442
57.1456 -29.3859 50.5509 0.777814 -0.029359 0.627808
56.5154 -29.1476 51.3423 0.777423 -0.0285911 0.628328
55.7257 -27.9734 52.3722 0.777059 -0.0273107 0.628833
55.5645 -26.5785 52.6245 0.774219 -0.0243623 0.632449
55.6749 -25.4391 52.5317 0.774109 -0.0234112 0.632619
56.0031 -24.1826 52.1774 0.774327 -0.0252276 0.632283
56.3545 -22.8862 51.7986 0.776664 -0.0238326 0.629452
56.6072 -24.0288 51.4431 0.777131 -0.0245571 0.628849
56.2601 -25.165 51.8256 0.774815 -0.022665 0.63178
56.0932 -26.1551 51.9934 0.77722 -0.0253456 0.628718
56.267 -27.7242 51.714 0.776909 -0.0260037 0.629076
56.8987 -28.3986 50.9021 0.777529 -0.0287786 0.628188
57.8146 -28.2245 49.7763 0.779911 -0.0301962 0.625149
58.3529 -27.377 49.1421 0.781778 -0.0315597 0.622757
58.5618 -26.3346 48.9309 0.779842 -0.0257096 0.625448
58.4308 -25.2298 49.1396 0.778606 -0.0251347 0.627007
58.0389 -24.405 49.6535 0.776855 -0.0219923 0.629295
57.2459 -23.7729 50.6578 0.779137 -0.0228456 0.626438
56.8362 -23.8298 51.1655 0.77929 -0.0230375 0.62624
56.9058 -24.9338 51.0385 0.778112 -0.0241516 0.627658
56.6164 -25.9188 51.3562 0.77722 -0.0253456 0.628718
56.8917 -27.4962 50.9517 0.777099 -0.0254458 0.628863
57.6016 -27.4481 50.0755 0.77758 -0.0287418 0.628126
58.022 -26.0647 49.6126 0.777456 -0.0245748 0.628457
57.4465 -24.7635 50.3725 0.777982 -0.0223439 0.627887
57.2149 -26.0322 50.6116 0.777106 -0.0254621 0.628854
57.1449 -26.6375 50.6737 0.776954 -0.0253598 0.629047
57.1994 -26.5229 50.611 0.776961 -0.0253761 0.629037
