7.41511 -44.3827 44.707 0.127038 0.000222982 0.991898
7.64644 -42.7082 44.6745 0.128076 0.00401471 0.991756
8.44267 -43.3738 44.5614 0.162 -0.00731718 0.986752
7.91797 -44.346 44.635 0.149046 -0.0117291 0.98876
8.39415 -45.1916 44.5521 0.151448 -0.0142458 0.988362
7.89049 -45.2857 44.6276 0.150248 -0.0138302 0.988549
7.44071 -44.613 44.7038 0.13847 -0.00577778 0.990264
6.76001 -44.9403 44.7911 0.124492 -0.0011026 0.992216
6.72456 -43.8973 44.7954 0.127038 0.00022336 0.991898
6.80339 -42.4893 44.7819 0.127299 0.00414883 0.991856
7.18876 -41.5794 44.728 0.127498 -0.0128288 0.991595
8.25701 -41.3253 44.5933 0.135781 -0.0175743 0.990551
9.20076 -42.3903 44.4467 0.164982 -0.0104346 0.986241
9.20588 -43.5009 44.4358 0.164004 -0.00320909 0.986454
9.16333 -44.9559 44.4376 0.157402 -0.00843972 0.987467
9.05017 -46.0196 44.4328 0.197433 -0.02703 0.979943
7.8251 -46.8736 44.6202 0.159508 -0.00538016 0.987182
6.98282 -46.2927 44.7595 0.136619 -0.00401118 0.990346
6.79274 -45.3876 44.786 0.120915 -0.00699003 0.992627
5.99432 -45.2049 44.8845 0.120915 -0.00699003 0.992627
5.93554 -43.3651 44.8963 0.123972 -0.00142871 0.992279
6.05116 -41.6611 44.8465 0.0974769 0.0225144 0.994983
6.48877 -40.6719 44.8245 0.102055 -0.0223077 0.994512
7.64809 -40.4345 44.7027 0.127835 -0.0229883 0.991409
8.84877 -40.4469 44.5197 0.180613 -0.00559131 0.983527
9.79196 -40.948 44.3385 0.187588 -0.00751244 0.982215
10.0079 -42.2985 44.3002 0.184994 0.00567478 0.982723
10.0161 -43.3463 44.3011 0.174836 -0.00835157 0.984491
9.973 -44.7582 44.2887 0.185782 -0.0144943 0.982484
9.79046 -46.5071 44.2701 0.198687 -0.026948 0.979692
8.57866 -47.7072 44.4864 0.181011 -0.0185254 0.983112
6.89529 -47.5847 44.7614 0.156674 -0.0112436 0.987586
6.16031 -46.9121 44.852 0.112974 -0.000962756 0.993596
5.99766 -45.6512 44.8789 0.119637 -0.0116293 0.99275
5.19878 -45.7041 44.9727 0.104985 -0.0106472 0.994379
5.18056 -44.4529 44.9822 0.0949776 0.00639748 0.995236
5.12252 -43.2581 44.9613 0.0814071 0.0186731 0.996498
5.20864 -41.8101 44.9312 0.0874769 0.0202452 0.99592
5.32304 -40.7669 44.936 0.0978972 -0.0251554 0.994878
5.78897 -39.8495 44.9137 0.0971705 -0.0252441 0.994948
6.85807 -39.5906 44.8087 0.106292 -0.0351108 0.993714
7.90991 -39.5634 44.6902 0.141978 -0.0202211 0.989082
9.03222 -39.5846 44.4904 0.176049 -0.00522727 0.984368
10.103 -39.7297 44.2881 0.188079 -0.00722786 0.982124
10.7134 -40.7676 44.1613 0.18806 -0.00734416 0.982127
10.8293 -42.1246 44.1467 0.178245 0.0105422 0.983929
10.8118 -43.3271 44.156 0.180501 -0.00580098 0.983486
10.7208 -45.2493 44.1261 0.174581 -0.0311118 0.98415
10.5693 -47.0402 44.0991 0.189703 -0.0246205 0.981533
10.1902 -48.0745 44.1487 0.200031 -0.0231511 0.979516
8.55691 -48.5317 44.4716 0.20014 -0.0231598 0.979494
7.34529 -48.5103 44.6714 0.153309 -0.0220102 0.987933
6.28468 -48.3967 44.8368 0.134171 -0.0114463 0.990666
5.38595 -47.5481 44.94 0.109977 -0.000242119 0.993934
5.19172 -45.8863 44.9705 0.097936 -0.0153863 0.995073
4.33555 -46.1052 45.051 0.101526 -0.00619105 0.994752
4.29931 -44.8379 45.0576 0.0742578 0.0180247 0.997076
4.14015 -43.1753 45.0378 0.0784668 0.0183939 0.996743
4.28629 -42.1904 45.014 0.089342 -0.00472112 0.995951
4.47543 -41.1671 45.0092 0.102704 -0.0184861 0.994504
4.37024 -39.9916 45.0489 0.0924413 -0.00396574 0.995478
5.11527 -38.8817 44.9683 0.0825109 -0.00455512 0.996396
6.3655 -38.6377 44.8955 0.0894278 -0.0348485 0.995023
7.5726 -38.6517 44.7502 0.170121 -0.00125663 0.985422
8.5879 -38.6447 44.5748 0.172881 -0.0032031 0.984932
10.1325 -38.7464 44.2906 0.187523 -0.00922656 0.982216
11.2362 -39.1661 44.0797 0.17385 -0.0234473 0.984493
11.5167 -40.0994 44.0125 0.187899 -0.00661992 0.982165
11.5845 -41.1055 43.9975 0.179032 0.0119076 0.983771
11.6082 -42.5992 44.0108 0.178754 0.0115809 0.983826
11.5779 -43.713 44.0105 0.180694 -0.01259 0.983444
11.5821 -44.7154 43.9887 0.180944 -0.0208615 0.983272
11.545 -45.723 43.9637 0.175161 -0.0383942 0.98377
11.4457 -47.4668 43.9192 0.190481 -0.0267883 0.981322
11.2747 -48.4811 43.9232 0.194047 -0.0232634 0.980716
10.4 -49.4037 44.0743 0.197108 -0.0232653 0.980101
8.982 -49.4992 44.3614 0.199635 -0.0241664 0.979572
6.93946 -49.3007 44.7257 0.147778 -0.0113046 0.988935
5.81289 -49.2339 44.8911 0.128479 -0.00819965 0.991512
4.45551 -48.5183 45.043 0.11024 0.000376421 0.993905
4.3514 -47.2671 45.0532 0.107087 0.00338324 0.994244
4.33645 -46.3986 45.052 0.106917 0.00338277 0.994262
