-8.69095 -43.1958 45.1278 -0.189996 -0.00794318 0.981744
-8.38152 -42.2367 45.1978 -0.187656 -0.0111521 0.982171
-7.966 -43.1304 45.27 -0.192066 -0.00491627 0.98137
-7.89673 -44.2391 45.2777 -0.193508 -0.0108574 0.981023
-7.91648 -45.2661 45.2482 -0.179186 -0.0389819 0.983042
-8.57192 -45.3656 45.1234 -0.19065 -0.0280298 0.981153
-8.67541 -44.3335 45.1194 -0.198562 -0.0159669 0.979958
-8.69064 -43.8085 45.1249 -0.195454 -0.0103675 0.980637
-9.4672 -43.7695 44.9672 -0.203334 -0.0133616 0.979012
-9.447 -42.5916 44.9856 -0.206319 -0.0123233 0.978407
-9.09748 -41.4211 45.0694 -0.188406 -0.0103655 0.982037
-7.72309 -41.2532 45.3337 -0.186959 -0.0102058 0.982315
-7.21252 -42.4651 45.4006 -0.124535 -0.00173209 0.992213
-7.1492 -43.5748 45.4057 -0.124472 -0.00294471 0.992219
-7.12695 -44.6177 45.4089 -0.141487 -0.014853 0.989536
-7.31789 -46.2487 45.317 -0.164387 -0.0400648 0.985476
-8.20623 -46.7438 45.1557 -0.16505 -0.00539899 0.98627
-9.09652 -46.3906 45.0088 -0.180479 -0.00403029 0.983446
-9.43698 -44.8695 44.9552 -0.201466 -0.016318 0.97936
-9.44731 -44.4256 44.9604 -0.201486 -0.0161965 0.979357
-10.2016 -44.2597 44.8079 -0.203384 -0.0133494 0.979002
-10.2349 -43.157 44.8128 -0.205159 -0.0105421 0.978672
-10.1944 -41.9582 44.8359 -0.208694 -0.0086597 0.977933
-9.98106 -40.9496 44.8872 -0.210225 -0.00332448 0.977645
-8.93985 -40.3914 45.1044 -0.196324 -0.000376271 0.980539
-7.61371 -40.3935 45.3627 -0.153268 -0.00749492 0.987592
-6.67577 -40.8416 45.4738 -0.120332 -0.00578891 0.992717
-6.45112 -41.8424 45.4964 -0.123128 -0.0009924 0.99239
-6.40442 -42.9386 45.5011 -0.123967 -0.00188728 0.992284
-6.3821 -43.9815 45.5038 -0.133185 0.00815132 0.991057
-6.38785 -45.811 45.4759 -0.156552 -0.0311535 0.987136
-7.11871 -47.3906 45.3393 -0.153794 0.00161019 0.988101
-8.17602 -47.5678 45.1593 -0.170135 0.00227088 0.985418
-9.17634 -47.4731 44.9898 -0.179849 -0.00393865 0.983563
-10.0219 -46.9943 44.8228 -0.195198 -0.00228044 0.980761
-10.1851 -45.3111 44.7975 -0.194298 -0.00526581 0.980928
-10.1844 -44.9963 44.7993 -0.198072 -0.0106012 0.980107
-10.9451 -44.6869 44.6502 -0.194787 -0.00180444 0.980838
-10.9778 -43.6587 44.6521 -0.203126 -0.0102256 0.979099
-11.0025 -42.5353 44.6588 -0.206215 -0.00632813 0.978474
-10.9501 -41.3851 44.6756 -0.211144 -0.00505732 0.977442
-10.4493 -39.8029 44.7908 -0.209249 -0.00354495 0.977855
-9.20405 -39.6278 45.0537 -0.196512 -0.00442012 0.980488
-7.63536 -39.5804 45.3604 -0.163621 0.00420341 0.986131
-5.79568 -40.181 45.596 -0.128012 -0.0169458 0.991628
-5.65983 -41.306 45.5969 -0.130989 0.0103262 0.991233
-5.64036 -42.369 45.5986 -0.139134 -0.000957811 0.990273
-5.62865 -43.396 45.5973 -0.125263 -0.00182599 0.992028
-5.61242 -44.3966 45.609 -0.119072 0.00577607 0.992864
-5.61738 -46.1662 45.5905 -0.116617 -0.0211857 0.992945
-5.85486 -47.4987 45.5314 -0.137746 -0.00477152 0.990413
-6.8511 -48.281 45.3823 -0.149461 -0.00275286 0.988746
-8.07143 -48.3798 45.1792 -0.168431 0.00284731 0.985708
-9.10081 -48.3408 45.0013 -0.176484 0.000259321 0.98428
-10.3461 -48.1885 44.7592 -0.193107 0.00428219 0.981168
-10.9394 -46.6739 44.6412 -0.193604 -0.0013585 0.981075
-10.9468 -45.4878 44.6458 -0.193431 -0.00508623 0.981101
-11.7664 -45.8955 44.482 -0.192958 -0.0044294 0.981196
-11.7519 -46.9903 44.4808 -0.192331 -0.00365167 0.981323
-11.6982 -48.0951 44.4921 -0.19358 0.00476825 0.981065
-10.9938 -48.906 44.6348 -0.191478 0.00597773 0.981476
-9.93902 -49.23 44.8438 -0.188059 0.0012675 0.982139
-8.80853 -49.2725 45.0541 -0.176605 0.000558512 0.984258
-7.63121 -49.1995 45.2539 -0.15739 -0.00434361 0.987524
-6.61396 -49.1489 45.4168 -0.14988 -0.00160339 0.988657
-5.38236 -49.0063 45.5748 -0.114177 -0.0237722 0.993168
-4.89965 -48.0012 45.6467 -0.0988837 -0.0146475 0.994971
-4.74724 -46.7441 45.6792 -0.10722 -0.0211085 0.994011
-4.79444 -44.9066 45.7084 -0.109068 -0.012257 0.993949
-4.79537 -43.8867 45.7015 -0.125288 -0.00316469 0.992029
-4.80543 -42.7847 45.7155 -0.136034 -0.00775502 0.990644
-4.81284 -41.7738 45.7121 -0.122689 0.0218885 0.992204
-4.81391 -40.7467 45.6895 -0.112954 0.00214774 0.993353
-4.93187 -39.744 45.6952 -0.1046 -0.0176975 0.994357
-5.80714 -38.7057 45.6172 -0.116024 -0.00912212 0.993098
-7.41433 -38.6758 45.3957 -0.161483 -0.00461702 0.986576
-8.68675 -38.7097 45.1572 -0.183408 0.00422878 0.983023
-9.75218 -38.7356 44.9467 -0.199155 -0.00830829 0.979933
-10.7695 -38.842 44.7366 -0.204908 -0.0134667 0.978684
-11.7319 -39.5534 44.5203 -0.211623 -0.0172683 0.977187
-11.7402 -40.825 44.5078 -0.213929 -0.0010839 0.976837
-11.772 -41.9042 44.4958 -0.209046 -0.00225685 0.977903
-11.8033 -42.9271 44.4867 -0.209047 -0.00225832 0.977903
-11.8009 -44.0047 44.4777 -0.200159 -0.00369954 0.979732
-11.7866 -44.9139 44.4821 -0.196405 0.00201466 0.98052
-11.7865 -45.0605 44.4825 -0.194803 -0.00126363 0.980833
