-32.8376 33.1925 100.465 -0.643649 0.137249 0.752844
-32.7221 34.3678 100.336 -0.648836 0.147227 0.74655
-31.9393 34.445 100.999 -0.60469 0.171883 0.777615
-32.2507 32.8574 101.017 -0.638186 0.131135 0.758631
-32.3036 32.7016 101.003 -0.637085 0.151909 0.755676
-32.7264 31.7074 100.82 -0.667286 0.100126 0.738019
-32.7035 32.1144 100.783 -0.654902 0.130515 0.74375
-33.2765 31.7676 100.309 -0.671786 0.105281 0.733216
-33.3049 30.7086 100.43 -0.668888 0.0987679 0.736758
-33.3571 29.5186 100.517 -0.683123 0.0758709 0.726351
-33.4191 28.3743 100.578 -0.684487 0.0735316 0.725302
-33.4384 27.2767 100.67 -0.695382 0.0637595 0.715534
-33.1944 26.2266 101.003 -0.697503 0.0647753 0.713648
-33.3399 24.9816 100.965 -0.699693 0.0522057 0.71253
-33.3416 23.7647 101.044 -0.699702 0.0445836 0.713041
-33.462 22.0792 101.056 -0.70878 0.0634954 0.702526
-33.3375 21.9532 101.193 -0.707718 0.06533 0.703441
-33.1144 22.9959 101.313 -0.702635 0.0555356 0.709255
-32.9704 24.6882 101.347 -0.697552 0.0473544 0.714967
-32.7895 26.0003 101.42 -0.689946 0.0747552 0.71984
-33.0205 27.0556 101.083 -0.680002 0.0776439 0.729065
-32.6618 27.981 101.325 -0.678789 0.0721216 0.730783
-32.68 29.0224 101.205 -0.674526 0.0838829 0.733364
-32.406 30.1164 101.316 -0.660444 0.0987393 0.744284
-32.1724 31.1553 101.389 -0.658473 0.0925358 0.746842
-31.9191 32.1432 101.438 -0.636658 0.14671 0.757045
-31.5715 33.3489 101.501 -0.617409 0.142889 0.773121
-31.3532 34.4028 101.456 -0.599256 0.160813 0.784228
-31.6667 35.8351 100.894 -0.610847 0.176533 0.771817
-32.779 35.5764 100.021 -0.647534 0.16481 0.744
-33.2605 34.5911 99.8235 -0.647611 0.157115 0.745535
-33.3437 33.3643 99.9923 -0.665551 0.131897 0.734238
-33.3287 32.171 100.201 -0.676895 0.111276 0.727587
-33.874 31.8152 99.7325 -0.694501 0.102734 0.71212
-33.9092 33.4089 99.4499 -0.683522 0.128496 0.718489
-33.848 34.4684 99.3084 -0.685299 0.14493 0.713607
-33.4688 35.9933 99.3214 -0.65453 0.160838 0.738708
-32.6049 36.5465 99.9568 -0.650173 0.163491 0.741981
-31.5571 37.0848 100.719 -0.630935 0.163484 0.758345
-30.8877 36.063 101.457 -0.611152 0.167301 0.773563
-30.7235 35.0124 101.808 -0.597849 0.165034 0.784436
-30.8351 33.8318 101.966 -0.602646 0.163138 0.781118
-31.1457 32.7341 101.956 -0.613418 0.1533 0.774667
-31.49 31.4552 101.911 -0.622317 0.122093 0.773084
-31.8803 29.7152 101.827 -0.650351 0.0938422 0.753781
-32.0546 28.3542 101.838 -0.654888 0.0954616 0.749673
-32.163 27.1495 101.872 -0.679077 0.0795354 0.729717
-32.2955 25.6222 101.923 -0.674008 0.0808047 0.734291
-32.4206 24.4433 101.897 -0.687407 0.0479035 0.724691
-32.5199 23.3662 101.871 -0.694558 0.0629743 0.71639
-32.6656 22.2306 101.838 -0.709074 0.0718573 0.701463
-32.8853 20.7273 101.76 -0.70978 0.0639037 0.701519
-32.9978 19.729 101.735 -0.717 0.0525915 0.694976
-32.884 18.7879 101.93 -0.721404 0.0621967 0.689687
-32.9343 17.7718 101.97 -0.72645 0.0541062 0.685062
-33.1272 16.5733 101.841 -0.730541 0.044422 0.681413
-33.12 15.2204 101.934 -0.736826 0.0414671 0.674806
-33.1911 13.7283 101.966 -0.737129 0.0506574 0.673845
-33.8642 13.1495 101.241 -0.752839 0.0420443 0.656845
-33.8787 14.4656 101.142 -0.745479 0.0439814 0.665045
-33.7157 15.4463 101.264 -0.741091 0.0412516 0.670135
-33.5374 16.3717 101.404 -0.739643 0.0396252 0.671827
-33.8718 17.2028 100.99 -0.739651 0.0359018 0.672031
-33.7065 18.1873 101.115 -0.730904 0.0493371 0.680581
-33.9858 19.0805 100.739 -0.727849 0.0499308 0.683838
-34.0148 20.697 100.613 -0.717707 0.0504096 0.694379
-33.9739 21.7044 100.566 -0.712458 0.0589611 0.699231
-33.9318 23.4557 100.479 -0.718588 0.0464267 0.693884
-33.8953 24.5658 100.443 -0.716262 0.0457844 0.696314
-33.9073 26.1492 100.304 -0.710515 0.0661899 0.70056
-33.9465 27.2272 100.164 -0.709793 0.0552501 0.702232
-33.9376 28.4386 100.073 -0.713857 0.0611195 0.697604
-33.8945 29.5606 99.9936 -0.709079 0.0805895 0.700504
-33.8555 30.7311 99.9033 -0.69899 0.0850415 0.709883
-33.8571 31.3703 99.8129 -0.69401 0.100726 0.712882
-34.534 31.155 99.1835 -0.699965 0.0857393 0.708792
-34.4926 30.0844 99.3317 -0.706248 0.0699745 0.704498
-34.4764 28.9991 99.466 -0.71286 0.0713778 0.697617
-34.539 27.9789 99.496 -0.716043 0.0643316 0.695086
-34.6369 26.9799 99.4823 -0.711148 0.0627757 0.700213
-34.4461 25.1745 99.8355 -0.719194 0.0564512 0.692512
-34.4832 24.1704 99.8595 -0.718609 0.0421819 0.694118
-34.4744 23.1727 99.9361 -0.716616 0.0501392 0.695663
-34.6331 21.4838 99.8992 -0.721108 0.0511224 0.690915
-34.5192 20.4209 100.09 -0.732208 0.0426147 0.679743
-34.4701 18.8864 100.237 -0.733971 0.040947 0.677945
-34.4305 17.8392 100.344 -0.738768 0.0314191 0.67322
-34.3949 16.086 100.474 -0.741308 0.038002 0.670083
-34.4455 14.948 100.485 -0.742321 0.0390597 0.668905
-34.4698 13.7864 100.515 -0.748275 0.0351781 0.662435
-34.4313 12.7108 100.609 -0.755406 0.0265065 0.65472
-34.5911 11.656 100.468 -0.754883 0.0262491 0.655334
-34.5366 9.81253 100.59 -0.758551 0.017962 0.651366
-34.5743 8.66475 100.591 -0.765032 0.0217812 0.643588
-34.6183 7.53752 100.566 -0.766969 0.0155906 0.641494
-34.7343 6.48492 100.457 -0.768256 0.0229823 0.639724
-34.634 4.79982 100.642 -0.76597 0.0180995 0.64259
-34.621 3.38342 100.666 -0.763102 -0.00480299 0.64626
-34.7198 2.15631 100.604 -0.784763 0.0296696 0.618731
-34.7638 0.956619 100.57 -0.791705 0.011542 0.610795
-34.8 -0.208187 100.543 -0.791132 0.00971624 0.611568
-34.8922 -1.2826 100.439 -0.790644 0.00661988 0.612239
-34.8924 -2.74873 100.467 -0.791603 0.0236598 0.610575
-34.8056 -3.95312 100.621 -0.80498 0.00920151 0.593205
-34.7958 -5.56193 100.677 -0.816448 0.0123546 0.577209
-34.7804 -6.57732 100.693 -0.815089 -0.000370335 0.579314
-34.8373 -8.12233 100.613 -0.809259 0.00401949 0.587429
-34.8395 -9.24115 100.621 -0.815452 0.00404742 0.5788
-34.8991 -10.3587 100.547 -0.816022 -0.00233854 0.577995
-34.9273 -11.6328 100.493 -0.81251 -0.00505714 0.582913
-34.8458 -12.8745 100.602 -0.811222 -0.00212136 0.584734
-34.7624 -13.9851 100.715 -0.812246 -0.00243604 0.583308
-34.8121 -15.021 100.634 -0.810138 -0.00632795 0.586199
-34.79 -16.8961 100.615 -0.798334 -0.0145779 0.601943
-34.7752 -17.9306 100.589 -0.780429 -0.0206229 0.624804
-34.7484 -19.0357 100.604 -0.77911 -0.00725743 0.626837
-34.7218 -20.6004 100.615 -0.780486 -0.0120283 0.625056
-34.708 -21.7481 100.594 -0.774526 -0.0170972 0.632311
-34.7244 -22.9737 100.541 -0.768541 -0.0262358 0.639133
-34.5755 -24.5782 100.653 -0.761844 -0.0189975 0.647479
-34.6346 -26.0568 100.509 -0.750757 -0.034652 0.659439
-34.5676 -27.1699 100.513 -0.728376 -0.0471241 0.683549
-34.4941 -28.2878 100.51 -0.709655 -0.0605051 0.701939
-34.4986 -29.6196 100.377 -0.709891 -0.0728603 0.700533
-34.5271 -30.7875 100.223 -0.714986 -0.0774901 0.694802
-34.5201 -32.0479 100.052 -0.708647 -0.116471 0.695871
-34.4786 -33.04 99.9255 -0.70977 -0.125222 0.693169
-34.5278 -34.0276 99.6765 -0.705786 -0.141585 0.694132
-34.4675 -35.023 99.5238 -0.700962 -0.150016 0.697241
-34.0911 -36.1982 99.6567 -0.698889 -0.133442 0.702574
-33.4628 -37.0277 100.134 -0.677472 -0.129105 0.724129
-32.6058 -38.232 100.784 -0.679356 -0.081387 0.728979
-31.6287 -37.3095 101.776 -0.667097 -0.115972 0.735461
-31.2157 -36.3271 102.327 -0.660278 -0.126468 0.740294
-31.2013 -35.3522 102.538 -0.651883 -0.154022 0.742513
-31.5277 -34.2164 102.481 -0.655001 -0.143298 0.741916
-31.6857 -32.7343 102.633 -0.659945 -0.140943 0.737945
-32.1084 -31.5366 102.46 -0.675152 -0.125629 0.726902
-32.233 -30.3291 102.534 -0.673333 -0.112312 0.730759
-32.5124 -28.6473 102.473 -0.701365 -0.0820592 0.708063
-32.6617 -27.5827 102.453 -0.706099 -0.0876672 0.702665
-32.7633 -26.584 102.467 -0.71231 -0.0856111 0.696601
-32.9394 -25.0736 102.473 -0.719279 -0.0894058 0.688936
-33.0084 -24.0703 102.46 -0.746856 -0.0410281 0.663719
-33.0859 -23.0596 102.435 -0.748638 -0.0376433 0.661896
-33.2003 -21.3427 102.363 -0.746608 -0.0121973 0.665152
-33.1926 -19.9879 102.421 -0.7527 -0.0312572 0.657558
-33.2656 -18.8288 102.382 -0.760098 -0.0346143 0.648886
-33.3006 -17.0177 102.427 -0.761427 -0.0188836 0.647931
-33.3199 -15.2993 102.437 -0.758996 -0.0121306 0.650982
-33.3796 -14.0479 102.369 -0.762358 0.000129251 0.647155
-33.4118 -12.9331 102.352 -0.771931 -0.0111243 0.635604
-33.45 -11.8348 102.322 -0.773415 -0.00990392 0.633823
-33.4766 -10.7263 102.32 -0.779238 -0.0181441 0.626462
-33.4732 -9.54948 102.357 -0.779765 -0.0178832 0.625816
-33.4235 -8.43592 102.4 -0.768491 0.0106614 0.639771
-33.3899 -7.28424 102.422 -0.770968 0.00267484 0.636809
-33.3996 -5.80024 102.419 -0.774148 -0.00388493 0.63299
-33.3824 -4.51585 102.444 -0.782524 -0.00239278 0.622579
-33.4094 -3.40656 102.379 -0.777459 0.0332312 0.628055
-33.2121 -2.04491 102.544 -0.770468 0.0243399 0.63688
-33.3729 -0.708126 102.325 -0.770105 0.0122981 0.637799
-33.2826 0.863255 102.409 -0.764618 0.018768 0.644102
-33.2028 2.04266 102.45 -0.760494 0.0288641 0.648703
-33.1402 3.21822 102.453 -0.769314 0.0347122 0.637858
-33.084 4.34166 102.476 -0.77192 0.0260862 0.635185
-33.0449 5.42562 102.498 -0.762277 0.0129735 0.647114
-33.034 6.46267 102.486 -0.761726 0.0158934 0.647704
-33.0168 7.54167 102.475 -0.761172 0.0266507 0.647957
-32.9732 8.66602 102.468 -0.758758 0.0334123 0.650515
-32.9434 9.76207 102.452 -0.756675 0.0294392 0.653128
-33.0172 11.0324 102.314 -0.75471 0.0279261 0.65546
-32.882 12.2624 102.421 -0.747957 0.0419475 0.662092
-32.7273 13.3486 102.502 -0.736463 0.0558043 0.67417
-32.6075 14.4835 102.541 -0.735254 0.0509672 0.675867
-32.5589 15.7318 102.511 -0.733 0.0452644 0.678714
-32.5015 16.8153 102.497 -0.731857 0.0477384 0.679784
-32.4064 17.8464 102.525 -0.725886 0.062895 0.684746
-32.382 19.1369 102.423 -0.712543 0.0709208 0.698014
-32.3092 20.3155 102.381 -0.711999 0.066095 0.699053
-32.1426 21.4058 102.45 -0.710006 0.0661834 0.701075
-32.0289 22.7075 102.433 -0.707794 0.0766731 0.702222
-31.8982 23.8485 102.433 -0.704515 0.0808505 0.705068
-31.7546 24.9063 102.498 -0.680155 0.0638759 0.73004
-31.6197 25.9619 102.506 -0.673234 0.0805644 0.735028
-31.4611 26.9517 102.543 -0.666936 0.0907099 0.739459
-31.4093 27.9795 102.45 -0.657814 0.0988792 0.746651
-31.1964 29.5108 102.444 -0.651796 0.0964231 0.752212
-31.0696 30.6048 102.375 -0.626076 0.117658 0.770828
-30.7082 31.5468 102.525 -0.621744 0.130443 0.772214
-30.3188 33.2095 102.505 -0.610362 0.165866 0.774555
-30.0331 34.2219 102.509 -0.607485 0.171766 0.775528
-30.0987 35.9689 102.079 -0.59513 0.166221 0.786251
-30.4013 37.3034 101.588 -0.608953 0.15698 0.777516
-30.9569 38.2727 101 -0.618846 0.0600841 0.783056
-31.7406 38.3031 100.361 -0.630331 0.0501345 0.774668
-32.4019 37.3541 99.96 -0.62923 0.151801 0.762231
-33.4908 36.9575 99.1242 -0.635886 0.134045 0.760053
-34.3881 35.7548 98.5176 -0.674677 0.151834 0.722258
-34.4406 34.8024 98.6616 -0.68012 0.139992 0.719611
-34.5825 33.4965 98.7917 -0.689279 0.12007 0.714286
-34.5526 32.1966 99.0138 -0.695815 0.105378 0.710448
-34.555 31.7746 99.074 -0.695207 0.103812 0.711271
-33.8772 12.7837 101.246 -0.756134 0.0262732 0.653889
-33.3769 12.1518 101.851 -0.7577 0.0267273 0.652056
-33.5959 11.1834 101.636 -0.757609 0.0265161 0.652169
-33.5562 10.182 101.723 -0.757214 0.0277153 0.652577
-33.56 9.08031 101.767 -0.756941 0.0285916 0.652857
-33.5718 7.94468 101.806 -0.761506 0.0267015 0.647567
-33.5884 6.81718 101.821 -0.763462 0.01971 0.645552
-33.5841 5.7271 101.857 -0.762365 0.0132218 0.647006
-33.5849 4.66785 101.873 -0.762727 0.0105128 0.646635
-33.6337 3.60163 101.841 -0.767351 0.0333035 0.640307
-33.7446 2.51164 101.779 -0.765706 0.042786 0.641766
-33.8608 1.39312 101.707 -0.764759 0.0183677 0.64394
-33.9132 0.232019 101.659 -0.769189 0.00847364 0.638965
-33.8503 -1.1242 101.757 -0.770066 0.0122901 0.637846
-33.9658 -2.13381 101.619 -0.780939 0.018336 0.624078
-33.8585 -3.24786 101.815 -0.777695 0.0323463 0.627809
-33.9619 -4.99223 101.724 -0.777277 0.00137401 0.629157
-33.9131 -5.99094 101.788 -0.776648 -5.90372e-05 0.62993
-33.8751 -7.53634 101.831 -0.772977 -0.0015006 0.634431
-34.2401 -6.25876 101.382 -0.77939 -0.00154611 0.626537
-34.295 -4.97449 101.301 -0.790541 0.00976029 0.612118
-34.39 -3.87439 101.177 -0.798527 0.0207824 0.601488
-34.3638 -2.44948 101.132 -0.786087 0.0287406 0.61744
-34.0436 -1.28564 101.52 -0.783496 0.00147966 0.621394
-34.3145 -0.453996 101.173 -0.78962 0.00984196 0.613515
-34.2703 0.566947 101.211 -0.788839 0.0101746 0.614515
-34.2143 1.70585 101.264 -0.783428 0.0281108 0.620554
-34.1108 2.83603 101.309 -0.779308 0.0461459 0.624937
-34.0174 3.91402 101.381 -0.759037 0.00302959 0.650982
-34.0459 4.99721 101.328 -0.75795 0.0121053 0.6522
-34.0778 6.05432 101.26 -0.767502 0.0225293 0.640642
-34.032 7.12426 101.282 -0.768907 0.0202718 0.639039
-33.9995 8.25184 101.288 -0.765071 0.0217125 0.643545
-33.9813 9.38579 101.261 -0.763078 0.0284206 0.645681
-33.9631 10.4869 101.239 -0.757202 0.0222969 0.652784
-33.864 11.9687 101.294 -0.755908 0.0261517 0.654155
-33.9089 -7.69125 101.792 -0.772165 0.0168754 0.635198
-33.9056 -8.94828 101.825 -0.77215 0.0110188 0.635344
-34.2672 -9.80686 101.371 -0.77234 -0.0160781 0.635006
-34.0384 -10.8662 101.623 -0.770542 -0.0109795 0.637271
-34.0123 -11.8964 101.641 -0.767074 -0.00964825 0.641486
-33.9736 -13.0369 101.671 -0.764952 -0.00554233 0.644044
-34.4154 -12.7245 101.142 -0.776111 -0.00189102 0.630593
-34.4333 -11.7044 101.132 -0.777926 -0.0142086 0.628171
-34.4402 -10.4641 101.137 -0.77982 -0.00619984 0.625827
-34.1839 -9.11573 101.478 -0.788934 0.00332852 0.614463
-34.3434 -7.95142 101.271 -0.78527 0.0051573 0.618656
-34.2443 -13.7211 101.35 -0.767364 -0.00255026 0.641169
-34.2553 -15.309 101.325 -0.771037 -0.00808641 0.636728
-34.2949 -16.5846 101.253 -0.780931 -0.0232198 0.624183
-34.1969 -18.2871 101.299 -0.780541 -0.0219765 0.624597
-34.2191 -19.4384 101.258 -0.777557 -0.00767174 0.628757
-34.2213 -20.9073 101.218 -0.774148 -0.0217685 0.63263
-34.1728 -22.2042 101.235 -0.767769 -0.0264124 0.640065
-34.0194 -23.7671 101.327 -0.75982 -0.0279463 0.649446
-33.758 -24.7566 101.576 -0.742231 -0.0394401 0.668982
-34.1797 -25.436 101.069 -0.742659 -0.0445434 0.668164
-34.0135 -26.7905 101.146 -0.730073 -0.0652047 0.679985
-33.902 -28.2618 101.111 -0.715098 -0.0620485 0.696205
-33.9346 -30.0859 100.9 -0.704245 -0.0783673 0.70556
-34.0438 -31.2917 100.653 -0.697203 -0.0974797 0.710053
-33.8955 -33.2728 100.474 -0.706024 -0.129902 0.696079
-33.8736 -34.4349 100.248 -0.700386 -0.151647 0.697469
-33.602 -35.7359 100.233 -0.696544 -0.149477 0.70174
-32.9706 -36.6464 100.662 -0.67612 -0.129589 0.725306
-31.9667 -36.4505 101.631 -0.677455 -0.144731 0.720995
-31.913 -35.0499 101.976 -0.652154 -0.154952 0.74208
-32.1307 -33.9848 101.994 -0.655026 -0.143209 0.741912
-32.3131 -33.0012 102.013 -0.673789 -0.132546 0.726929
-32.7641 -31.2616 101.901 -0.673539 -0.119547 0.729385
-32.8357 -29.878 102.009 -0.69984 -0.0864215 0.70905
-33.0674 -28.5659 101.933 -0.700763 -0.0818133 0.708687
-33.2345 -27.4319 101.883 -0.716107 -0.0762497 0.693793
-33.4903 -26.0528 101.778 -0.727861 -0.0682571 0.682058
-33.4754 -25.0457 101.869 -0.742567 -0.051737 0.667686
-33.5507 -23.9799 101.855 -0.746916 -0.0412909 0.663635
-33.701 -22.7161 101.754 -0.750315 -0.0340715 0.660202
-33.8836 -21.069 101.606 -0.744686 -0.0174738 0.667187
-33.8758 -19.6394 101.653 -0.747526 -0.0216739 0.663859
-33.8463 -18.5442 101.713 -0.758209 -0.0221623 0.651488
-33.8939 -17.545 101.707 -0.762283 -0.0285692 0.646603
-33.8843 -16.2417 101.758 -0.762234 -0.0102252 0.647214
-33.858 -14.6341 101.806 -0.763759 -0.00233097 0.645488
-33.8946 -13.7369 101.763 -0.762782 6.24426e-05 0.646655
-33.5085 -31.5524 101.135 -0.693943 -0.113427 0.711039
-33.4072 -32.6274 101.062 -0.685095 -0.121447 0.718131
-33.3073 -33.7588 100.949 -0.679341 -0.145678 0.719112
-33.2315 -34.9257 100.769 -0.684718 -0.154679 0.712205
-32.6922 -35.95 101.054 -0.679121 -0.163298 0.715631
-32.5614 -35.0157 101.389 -0.67849 -0.157141 0.717601
-32.8128 -33.1373 101.525 -0.67323 -0.136614 0.726704
-33.0922 -32.2194 101.427 -0.675824 -0.128071 0.725851
-33.1616 -31.9554 101.409 -0.684772 -0.120681 0.718565
