79.6581 43.4799 40.8322 0.835001 0.00316633 0.550239
79.7674 44.6898 40.6558 0.832418 0.00359824 0.554108
80.1453 43.9288 40.0909 0.83435 0.00369014 0.551222
79.7088 43.2543 40.7566 0.834343 0.00378668 0.551233
79.6673 43.3383 40.8191 0.83486 0.00323537 0.550453
79.2326 43.1599 41.4793 0.83486 0.00323537 0.550453
79.1801 44.1546 41.5537 0.835294 0.00585413 0.549767
79.4801 45.4536 41.0813 0.831877 0.00476241 0.554911
80.0478 45.5647 40.2375 0.829594 0.00135328 0.558365
80.5349 44.5334 39.499 0.834336 -0.00378976 0.551243
80.4948 43.0863 39.5685 0.834313 0.00494869 0.551269
79.8023 42.4982 40.621 0.833806 0.00422599 0.552042
79.5749 42.4682 40.9648 0.834343 0.00378668 0.551233
79.6141 41.7057 40.9235 0.834671 0.0182068 0.550434
80.1678 41.7208 40.0766 0.836427 0.0197506 0.547723
80.7729 42.1432 39.1583 0.833353 0.00619384 0.552706
80.9476 43.5588 38.8793 0.833824 0.00544501 0.552003
80.9324 44.9298 38.9042 0.829009 -0.00658162 0.55916
80.5729 46.0102 39.4509 0.83005 -0.00646827 0.557595
79.826 46.3561 40.5648 0.829182 0.00214438 0.558975
79.0599 45.9846 41.7191 0.837811 0.00254524 0.545955
78.7975 44.6247 42.1286 0.837278 0.00501655 0.546735
78.7604 43.6128 42.1954 0.838172 0.00558587 0.545377
78.9438 42.1784 41.9292 0.836827 0.00538489 0.54744
79.3835 41.7177 41.27 0.834042 0.0157857 0.551467
79.2827 40.9726 41.4441 0.83375 0.0161286 0.551902
80.1747 40.9864 40.0932 0.834923 0.0204253 0.549983
81.0728 41.2732 38.7303 0.832431 0.0192047 0.553796
81.2982 42.4325 38.3636 0.829975 0.00291808 0.557754
81.3665 43.8753 38.2611 0.826686 0.00152197 0.562662
81.3539 45.0681 38.2889 0.824851 -0.00848497 0.565281
81.2808 46.2124 38.4166 0.82647 -0.0045374 0.562934
80.803 46.9949 39.1181 0.826383 0.00295481 0.563097
79.8745 47.0989 40.49 0.829813 0.00392183 0.558024
79.0214 46.9683 41.7746 0.838562 0.00222873 0.544801
78.5817 46.3533 42.4548 0.839412 0.00197187 0.543491
78.4094 45.2311 42.7264 0.841314 0.00277414 0.54054
78.3692 43.732 42.7965 0.840803 0.00206698 0.541336
78.4331 42.6341 42.7085 0.839306 0.00550773 0.543631
78.8491 41.0771 42.0998 0.835724 0.0145914 0.548956
78.9535 41.0118 41.9428 0.835305 0.0155435 0.549567
78.8253 40.2291 42.1558 0.834024 0.0124556 0.551587
78.3043 40.5691 42.9393 0.837774 0.0114881 0.545896
78.0447 42.1948 43.3127 0.839549 0.00575243 0.543254
77.9794 43.5107 43.4019 0.840317 0.00330365 0.542082
77.9496 44.684 43.4449 0.841045 0.00113235 0.540963
78.0189 45.7602 43.332 0.841432 0.00258027 0.540357
78.3672 47.4513 42.7726 0.839539 0.00737631 0.543233
79.1945 47.8126 41.5013 0.836341 0.00468293 0.548182
79.8272 47.8298 40.5528 0.830416 0.00587298 0.557113
80.5122 47.7934 39.537 0.825555 0.00434774 0.564305
81.2468 47.6844 38.4632 0.826263 0.00306919 0.563272
81.6584 47.0399 37.8598 0.82678 0.00121246 0.562524
81.7563 45.9466 37.7149 0.824926 -0.00862815 0.565169
81.7813 44.4751 37.6605 0.82394 -0.00679939 0.566636
81.7561 43.2639 37.6898 0.825634 0.000246703 0.564201
81.7142 41.9286 37.7551 0.822867 0.00974642 0.568115
81.5878 40.9139 37.9755 0.829254 0.0220193 0.558438
81.0806 40.3816 38.7496 0.830944 0.0206036 0.555967
80.5161 40.2738 39.6047 0.833731 0.0211068 0.551767
79.8922 40.2442 40.5503 0.833953 0.0178698 0.551532
79.3392 40.211 41.3811 0.834221 0.0144866 0.551234
79.2058 39.4972 41.6002 0.83263 0.0144357 0.553641
79.8124 39.5223 40.6896 0.832487 0.0135256 0.553878
80.3654 39.5327 39.8551 0.833725 0.0128893 0.552029
81.0702 39.5449 38.7911 0.830963 0.0131135 0.556166
81.9951 39.9234 37.4096 0.829121 0.0170754 0.558787
82.1197 40.9372 37.1952 0.823287 0.0164444 0.567386
82.1609 41.969 37.1076 0.821955 0.00826256 0.569465
82.1906 43.8376 37.0577 0.823246 0.00049923 0.567679
82.1936 44.91 37.065 0.825262 -0.00587783 0.564719
82.1689 46.044 37.1129 0.825805 -0.00217806 0.563937
82.0825 47.5986 37.2349 0.826447 0.000539492 0.563014
81.6638 48.4133 37.8513 0.824119 -0.000434824 0.566407
80.8364 48.4789 39.0575 0.825456 0.0040282 0.564452
80.1301 48.5596 40.094 0.831012 0.00377203 0.556237
79.4552 48.5931 41.105 0.831786 0.00188255 0.555093
78.8275 48.5529 42.0567 0.835905 0.00197507 0.548871
77.8181 47.8188 43.6256 0.842273 0.00717778 0.539003
77.6755 46.5444 43.8608 0.841098 0.00373879 0.54087
77.5417 45.0703 44.0782 0.841195 0.00291255 0.540723
77.5405 43.9468 44.0798 0.840308 0.000821554 0.542107
77.6481 42.2309 43.9256 0.838819 0.00544805 0.544381
77.7341 41.0767 43.8037 0.838044 0.00776814 0.545537
77.817 40.0713 43.6962 0.836652 0.0122021 0.547586
78.3446 39.4969 42.9006 0.838 0.0132408 0.545507
78.9698 39.4846 41.9559 0.833313 0.014485 0.552612
78.9928 38.5575 41.9425 0.832468 0.0122082 0.553933
79.5463 38.6043 41.1119 0.832804 0.0132748 0.553408
80.1357 38.644 40.2222 0.833351 0.0124584 0.552604
80.8135 38.6534 39.1996 0.832325 0.0140062 0.554111
81.6533 38.679 37.944 0.825788 0.0158443 0.563713
82.2559 38.9026 37.0648 0.822359 0.019636 0.56863
82.575 39.9257 36.5574 0.826177 0.0179077 0.563111
82.6512 41.1805 36.4165 0.825238 0.0122671 0.564652
82.6389 42.7652 36.41 0.828738 0.00784104 0.559567
82.6021 43.8266 36.4522 0.82705 -0.000691541 0.562079
82.6372 44.9762 36.4175 0.825856 -0.00707904 0.563833
82.6732 46.3369 36.3724 0.826213 0.00256496 0.563352
82.628 47.3676 36.434 0.826844 0.00117585 0.562427
82.5522 48.3882 36.5491 0.823395 -0.00698431 0.567414
82.0713 49.1807 37.2585 0.826155 -0.00579527 0.563411
81.4575 49.3963 38.1475 0.822194 0.00112716 0.569205
80.5826 49.4404 39.4276 0.826848 -0.000347999 0.562422
79.77 49.428 40.6298 0.831344 0.0030748 0.555746
78.9479 49.4173 41.8705 0.83416 0.00487945 0.551487
78.3077 49.2629 42.8372 0.842305 0.00991205 0.538654
77.3906 48.9936 44.3086 0.844756 -0.00454895 0.535124
77.3594 47.9089 44.3471 0.844131 -0.00187811 0.536124
77.1171 46.2078 44.7314 0.841054 0.0034212 0.54094
77.1531 45.1793 44.6815 0.840526 -0.000259632 0.54176
77.0889 44.0434 44.7732 0.838812 -0.00149589 0.544403
77.0977 42.9935 44.761 0.837039 0.0026456 0.547133
77.3293 41.1273 44.4253 0.837491 0.0050169 0.546426
77.2294 39.9544 44.5932 0.833136 0.0116879 0.552929
77.5853 39.026 44.0787 0.83489 0.0159209 0.550183
78.3717 38.6368 42.8752 0.836768 0.0126629 0.547384
78.4489 38.6368 42.7584 0.832954 0.0130662 0.553176
78.7849 38.5093 42.2574 0.832673 0.010742 0.553657
