65.7433 21.4002 64.3226 0.808566 0.0058739 0.588376
65.8029 20.3052 64.2515 0.80927 0.00439446 0.587418
66.4097 20.79 63.411 0.809944 0.00298619 0.5865
66.5934 22.4878 63.1449 0.80993 0.00535645 0.586496
66.0988 22.3989 63.8248 0.808325 0.0049498 0.588715
65.9389 22.0789 64.0469 0.808434 0.00542786 0.588562
65.5743 22.4989 64.5435 0.807313 0.00655853 0.590087
65.9944 23.4971 63.957 0.807563 0.00661728 0.589744
66.3174 24.4329 63.502 0.808488 0.00730568 0.588465
66.459 25.7746 63.2852 0.811802 0.0101298 0.583844
66.6466 27.2184 62.9992 0.811006 0.0119386 0.584916
66.6911 28.2886 62.915 0.810717 0.0124206 0.585307
66.7908 29.3005 62.7592 0.811333 0.0108399 0.584482
67.3789 30.3497 61.9193 0.812035 0.0130391 0.583462
68.0423 30.1244 61.0017 0.811925 0.0140279 0.583593
68.3512 28.8456 60.6024 0.811222 0.014167 0.584565
68.1809 27.7542 60.862 0.810771 0.0117712 0.585245
67.7029 26.3945 61.5492 0.810926 0.0112269 0.585041
67.3446 25.5877 62.059 0.811027 0.0091096 0.584937
67.1796 24.4971 62.3039 0.811009 0.00774994 0.584977
67.0889 23.3963 62.4464 0.812286 0.00859704 0.583196
67.0401 22.2336 62.527 0.811495 0.00573926 0.584331
66.8673 20.6443 62.7793 0.811266 0.00336159 0.584668
66.5789 19.7036 63.1829 0.809775 0.00224847 0.586736
65.9423 19.2347 64.0622 0.809605 0.00151235 0.586974
65.3757 19.5408 64.8429 0.809591 0.00146946 0.586993
65.074 20.5546 65.2485 0.807702 0.00542753 0.589566
65.2505 21.6565 64.9959 0.807924 0.00574681 0.589259
65.5196 22.3771 64.6196 0.807164 0.00689657 0.590287
65.0919 22.8 65.1996 0.807066 0.00648008 0.590426
65.4533 23.6279 64.6965 0.80731 0.00657626 0.59009
65.8352 24.7768 64.1613 0.806701 0.00778971 0.590905
66.0154 26.0562 63.8916 0.807012 0.012365 0.590405
66.1845 27.8698 63.6252 0.80949 0.0119064 0.587013
66.2368 28.935 63.5318 0.810763 0.0107155 0.585275
66.3879 30.0086 63.3053 0.811204 0.0107056 0.584663
66.9974 31.1383 62.4309 0.811782 0.0149077 0.58377
67.6086 31.4695 61.5777 0.810511 0.0118501 0.585604
68.2281 31.0933 60.7228 0.812387 0.0105316 0.583023
68.7778 29.8845 59.9854 0.810986 0.0149289 0.584875
68.8608 28.7083 59.899 0.811053 0.0127136 0.584834
68.6954 27.4811 60.1533 0.812487 0.010681 0.582881
68.2583 26.3122 60.781 0.811038 0.0101194 0.584905
67.9326 25.4268 61.2489 0.810653 0.0105753 0.585431
67.699 24.3187 61.5895 0.809571 0.00717393 0.586978
67.583 23.016 61.7654 0.809715 0.00703021 0.586782
67.5088 21.9159 61.8785 0.811815 0.00542397 0.583889
67.3297 20.234 62.14 0.81131 0.00336578 0.584606
66.9702 19.0461 62.6451 0.809639 0.0019055 0.586926
66.2573 18.3469 63.63 0.809499 0.00167199 0.587119
65.4981 18.3171 64.6772 0.809075 -2.46982e-05 0.587703
64.817 19.0648 65.6141 0.808563 0.00335625 0.588396
64.5256 20.2742 65.9982 0.802886 0.00465751 0.596115
64.625 21.4229 65.8548 0.805241 0.00655082 0.592903
65.0357 22.6683 65.2779 0.807267 0.00730875 0.590141
65.0516 22.7104 65.2557 0.807164 0.00689657 0.590287
64.7471 23.413 65.6642 0.806643 0.00730491 0.590992
64.2981 22.5032 66.2846 0.803531 0.00642405 0.595228
64.051 21.4304 66.6284 0.802916 0.00470696 0.596073
63.9798 20.333 66.7328 0.802877 0.00457681 0.596128
64.2132 19.0294 66.4273 0.802689 0.00312522 0.596389
64.6829 17.9621 65.7943 0.804198 -0.00124066 0.594361
65.3604 17.3333 64.8637 0.808608 -0.0015461 0.588345
65.9646 17.2672 64.0334 0.807915 -0.00115557 0.589297
66.5889 17.5269 63.1755 0.809162 0.00202936 0.587583
67.1178 18.0133 62.4451 0.809518 0.00212692 0.587092
67.5275 18.7863 61.8769 0.809841 0.00225894 0.586645
67.8102 19.8689 61.478 0.810462 0.00506079 0.585769
67.9518 21.1485 61.2724 0.810621 0.00254259 0.585558
68.0488 22.421 61.1287 0.809417 0.00464945 0.587216
68.1375 23.4255 60.9949 0.810021 0.00676132 0.586362
68.3626 24.9803 60.6602 0.811303 0.0106465 0.584529
68.8206 26.229 60.0025 0.811901 0.0103838 0.583702
69.169 27.1526 59.4992 0.812669 0.0110622 0.582621
69.3751 28.1628 59.1936 0.812687 0.0103465 0.582609
69.4051 29.2725 59.1276 0.815456 0.0181725 0.578533
69.205 30.5032 59.3714 0.814664 0.0178244 0.579658
68.8018 31.4295 59.9139 0.814229 0.0128184 0.580402
68.0279 32.2575 60.9782 0.81329 0.0147052 0.581672
67.3995 32.4394 61.8416 0.80958 0.0183643 0.586722
66.8279 32.0902 62.6411 0.810326 0.0143313 0.585798
66.295 31.4283 63.3963 0.809095 0.0170278 0.587431
65.8334 30.0389 64.0685 0.808681 0.0127787 0.588103
65.72 28.4821 64.2537 0.809163 0.0114076 0.587473
65.6736 27.4697 64.3379 0.808735 0.0100378 0.588084
65.5398 26.2785 64.5368 0.807485 0.00981466 0.5898
65.3697 25.2089 64.7883 0.806032 0.00982478 0.59179
64.8863 23.7082 65.4705 0.806406 0.00739136 0.591317
64.8591 23.6459 65.5084 0.806181 0.00770393 0.591619
64.5218 24.2317 65.9607 0.806309 0.00697526 0.591453
63.7734 23.1375 66.9874 0.803985 0.00511599 0.594628
63.5231 21.6389 67.3389 0.803383 0.00485599 0.595442
63.4303 20.1953 67.4758 0.80452 0.0049336 0.593905
63.6466 18.7443 67.1927 0.804417 0.00275502 0.594058
64.2817 17.3956 66.3363 0.804102 -0.00107003 0.594491
64.7722 16.6657 65.67 0.805237 -0.000268666 0.592953
65.3423 16.3895 64.8865 0.808525 -0.00129652 0.58846
66.1799 16.3927 63.7374 0.807307 -0.0011314 0.59013
66.8156 16.7001 62.8664 0.807748 -4.10859e-06 0.589527
67.4816 17.3604 61.9465 0.80912 0.00291875 0.587636
68.1083 18.534 61.076 0.811048 0.0033575 0.584965
68.2928 19.6298 60.8076 0.813028 0.00587767 0.582194
68.4421 20.8751 60.5908 0.811971 0.000442716 0.583698
68.5198 22.2631 60.4807 0.810699 0.00285929 0.58545
68.6976 23.2376 60.221 0.811725 0.00780788 0.583988
68.9021 24.5775 59.9172 0.811947 0.00938153 0.583656
69.4188 26.0509 59.1717 0.812393 0.0109694 0.583007
69.7364 27.126 58.7082 0.813379 0.0122295 0.581602
69.9163 28.7888 58.4201 0.815321 0.0119959 0.578885
70.0187 29.9001 58.2437 0.815062 0.0180368 0.579092
69.5849 31.235 58.8177 0.815105 0.0117789 0.579194
68.9341 32.4727 59.7043 0.813829 0.0135754 0.580946
68.2823 33.1916 60.5969 0.813885 0.0163174 0.580796
67.7034 33.3211 61.396 0.81007 0.014301 0.586156
67.1108 33.2838 62.2137 0.810298 0.0180759 0.585739
66.3338 32.6276 63.3113 0.810702 0.0157159 0.585243
65.7351 31.682 64.1595 0.808958 0.0156572 0.587657
65.3973 30.6738 64.6514 0.808398 0.015508 0.588431
65.254 29.5751 64.8739 0.809134 0.0111549 0.587517
65.2216 28.3472 64.9433 0.808476 0.0114988 0.588414
65.1874 27.1733 65.0088 0.807581 0.00840883 0.589696
64.9615 25.6535 65.3385 0.807657 0.00887605 0.589584
64.6905 24.7468 65.7242 0.807259 0.00929593 0.590125
64.6511 24.6313 65.7798 0.806723 0.00786165 0.590876
67.2333 26.7762 62.1937 0.811322 0.0114852 0.584487
67.1278 28.105 62.314 0.811012 0.0119494 0.584907
67.3527 29.1345 61.9806 0.811484 0.0121333 0.584248
67.8532 28.7964 61.294 0.8109 0.0124879 0.585052
67.5495 27.3306 61.7441 0.810549 0.0110555 0.585566
67.5298 27.2446 61.773 0.810538 0.0110139 0.585582
67.5147 27.21 61.7944 0.810926 0.0112269 0.585041
