67.3104 8.37915 67.4425 0.814206 -0.00409272 0.580561
67.5941 7.49501 67.0384 0.813073 -0.00387499 0.582145
68.1607 8.18158 66.2549 0.811903 -0.00366021 0.58378
67.9332 9.23859 66.5792 0.811393 -0.00601803 0.584469
67.3516 8.76003 67.3875 0.814067 -0.00384635 0.580758
66.8864 9.06721 68.0416 0.814062 -0.00372455 0.580766
67.2437 9.87138 67.5458 0.812081 -0.0071536 0.5835
67.8452 10.1216 66.712 0.811705 -0.00683011 0.584028
68.3932 9.70767 65.9448 0.813072 -0.00533761 0.582137
68.6576 8.80582 65.5701 0.812745 -0.00439098 0.582602
68.6301 7.78766 65.5994 0.811671 -0.00441183 0.584097
68.2269 6.95968 66.1551 0.812005 -0.00394787 0.583637
67.5873 6.80264 67.0436 0.811901 -0.00380679 0.583783
67.0667 7.24637 67.7762 0.813457 -0.00524174 0.581601
66.8156 8.30584 68.1357 0.813971 -0.0039276 0.580892
66.39 7.9411 68.7265 0.81211 -0.00552688 0.583477
66.4035 9.01804 68.7172 0.813384 -0.0036977 0.581715
66.7165 10.0324 68.2858 0.813752 -0.00354607 0.581202
67.3824 10.8953 67.3654 0.812081 -0.0071536 0.5835
68.088 10.8862 66.3836 0.812889 -0.00557451 0.582388
68.6782 10.3286 65.5523 0.813072 -0.00533761 0.582137
69.1421 8.65668 64.892 0.813221 -0.00489848 0.581935
68.9461 7.14084 65.1554 0.812669 -0.00313104 0.582716
68.3279 6.25024 66.0097 0.811975 -0.00402605 0.583678
67.4375 6.08005 67.2472 0.812786 -0.00425453 0.582545
66.8047 6.68443 68.1372 0.81326 -0.00503075 0.581878
66.53 7.27775 68.5264 0.812554 -0.00500552 0.582864
66.1493 6.77366 69.0491 0.810656 -0.0057555 0.585494
65.9278 7.91459 69.3688 0.810592 -0.00704176 0.585568
65.9106 9.02194 69.4052 0.812012 -0.00546688 0.583611
66.1612 10.0637 69.0614 0.812026 -0.000931546 0.58362
66.6384 11.0679 68.3998 0.81177 -0.00258556 0.583971
67.1435 11.5961 67.7004 0.811463 -0.00241474 0.584398
68.1032 11.7288 66.3653 0.813429 -0.000707289 0.581664
68.7069 11.287 65.5194 0.813815 -0.00250554 0.581117
69.2394 10.3914 64.7687 0.813278 -0.00365161 0.581864
69.5104 9.47915 64.3839 0.815399 -0.00312578 0.57889
69.5849 8.28294 64.2699 0.813359 -0.0050493 0.58174
69.3356 6.76173 64.609 0.813675 -0.00302249 0.581312
68.9369 5.93206 65.16 0.81234 -0.00419114 0.583169
68.0235 5.22886 66.4243 0.811609 -0.00544575 0.584175
67.0378 5.47688 67.8009 0.813073 -0.00499155 0.58214
66.5089 6.04672 68.5453 0.811207 -0.00647942 0.584715
66.4495 6.15095 68.6285 0.810047 -0.00627101 0.586329
66.0941 5.7079 69.1131 0.809125 -0.00570462 0.587608
65.6643 6.93245 69.7203 0.808825 -0.00699807 0.588007
65.3207 8.02135 70.2054 0.807497 -0.00695102 0.589831
65.3644 9.40684 70.159 0.80598 -0.00368677 0.591931
65.8117 10.5304 69.5483 0.811948 -0.000911755 0.583729
66.3805 11.7785 68.7614 0.811652 -0.00238192 0.584137
66.9375 12.2743 67.9894 0.811697 -0.0023932 0.584073
67.856 12.7459 66.7113 0.813133 -0.000366423 0.582078
68.6971 12.136 65.5344 0.813759 -0.000806666 0.581202
69.4175 11.2219 64.5216 0.814963 -0.00240232 0.579508
69.8106 10.3879 63.9655 0.815232 -0.00255838 0.579128
70.0565 8.61972 63.6097 0.815344 -0.00332437 0.578968
70.0438 7.53464 63.6208 0.815987 -0.00471641 0.578051
69.8128 6.38965 63.9368 0.815619 -0.0050776 0.578567
69.4182 5.60356 64.486 0.814101 -0.00519497 0.580695
68.9216 4.98908 65.172 0.812221 -0.00744285 0.583303
68.0034 4.26786 66.442 0.812473 -0.00705735 0.582956
67.2208 4.53283 67.5367 0.813315 -0.00568417 0.581795
66.5366 5.03774 68.4955 0.810944 -0.00690815 0.585081
66.447 5.14678 68.6206 0.80985 -0.00630327 0.586603
