-68.2217 6.45118 65.2947 -0.819117 -0.00866344 0.573562
-67.674 6.91016 66.08 -0.81645 -0.0107165 0.577315
-67.487 5.93762 66.3262 -0.81639 -0.0109437 0.577396
-68.1067 6.18208 65.4528 -0.816999 -0.0111863 0.576531
-68.2127 6.38346 65.3065 -0.81805 -0.00991562 0.575057
-68.6607 6.49992 64.6685 -0.819117 -0.00866344 0.573562
-68.4125 7.41314 65.0368 -0.818886 -0.010028 0.573867
-67.6969 7.81212 66.0631 -0.81587 -0.00929979 0.578159
-67.1232 7.26238 66.8633 -0.815705 -0.00803539 0.578412
-66.9346 6.26659 67.1117 -0.815859 -0.0105407 0.578155
-67.1721 5.32828 66.7594 -0.816588 -0.012527 0.577079
-68.0885 4.95824 65.4509 -0.816957 -0.0149728 0.576505
-68.5483 5.65221 64.8162 -0.81996 -0.00948622 0.57234
-69.0398 5.5664 64.1083 -0.82077 -0.0122874 0.571123
-69.1031 6.58888 64.0357 -0.820797 -0.0100853 0.571131
-68.6525 8.12813 64.708 -0.819226 -0.0112777 0.57336
-67.6144 8.5759 66.1922 -0.815478 -0.0117052 0.578665
-66.9254 8.02426 67.153 -0.815808 -0.00812066 0.578265
-66.5386 7.10442 67.6849 -0.816518 -0.00875162 0.577251
-66.5042 5.96349 67.7135 -0.814967 -0.0104943 0.57941
-66.783 4.8881 67.3005 -0.816612 -0.0124707 0.577047
-67.7417 3.99267 65.9169 -0.817239 -0.015042 0.576103
-68.7194 4.70548 64.5468 -0.818021 -0.0164902 0.574952
-68.7377 4.72905 64.5215 -0.81938 -0.0153449 0.573039
-68.9041 3.93934 64.262 -0.819571 -0.0155771 0.572759
-69.4619 5.2778 63.4969 -0.81959 -0.0124769 0.572803
-69.5516 6.54189 63.3903 -0.82149 -0.00935916 0.570144
-69.4321 7.6855 63.5794 -0.822132 -0.0105579 0.569194
-68.9258 8.8258 64.331 -0.819264 -0.0112117 0.573307
-68.2581 9.28749 65.2941 -0.819163 -0.0103631 0.573467
-67.4323 9.31514 66.461 -0.814569 -0.0120704 0.579941
-66.8866 8.958 67.2211 -0.815541 -0.0101126 0.578609
-66.441 8.30703 67.8419 -0.817444 -0.00839861 0.575947
-66.0767 7.359 68.3446 -0.816438 -0.0118145 0.577303
-65.9546 6.32766 68.4905 -0.814653 -0.012877 0.5798
-66.1051 5.32604 68.261 -0.813947 -0.0108443 0.580838
-66.3877 4.44646 67.8477 -0.813815 -0.01283 0.580982
-66.7961 3.71718 67.2562 -0.818005 -0.011728 0.575092
-67.317 3.24668 66.5056 -0.817175 -0.0101977 0.576295
-67.916 3.19903 65.6578 -0.817446 -0.00839602 0.57594
-68.8228 3.85396 64.3751 -0.818182 -0.0121292 0.574814
-69.083 3.12468 63.996 -0.81735 -0.00748103 0.576093
-68.3123 2.52894 65.0845 -0.81833 -0.00751779 0.5747
-67.5744 2.38391 66.1288 -0.816623 -0.00879856 0.577104
-66.9795 2.57099 66.9721 -0.815401 -0.0125738 0.578759
-66.4461 3.21111 67.7373 -0.814442 -0.0137174 0.580082
-65.9477 3.9026 68.452 -0.813708 -0.0127382 0.581133
-65.6887 4.95816 68.8364 -0.81343 -0.0120151 0.581539
-65.5226 6.94221 69.115 -0.809306 -0.0149598 0.587196
-65.73 7.8856 68.8452 -0.816519 -0.0111206 0.577201
-66.0713 8.75148 68.3732 -0.817448 -0.00783991 0.575948
-66.555 9.62635 67.701 -0.814665 -0.0114086 0.57982
-67.5022 10.2224 66.3817 -0.815858 -0.0102496 0.578156
-68.1589 10.1711 65.4502 -0.817224 -0.00818325 0.576262
-68.7241 9.84002 64.6376 -0.819255 -0.0095842 0.573349
-69.2945 9.5608 63.8172 -0.820553 -0.0109683 0.57146
-69.6529 8.48991 63.2773 -0.822783 -0.0120865 0.568227
-69.9531 7.18479 62.8199 -0.822098 -0.00839725 0.569283
-70.1005 6.03882 62.5926 -0.819715 -0.00806501 0.572714
-69.9385 4.96258 62.8076 -0.819582 -0.00808286 0.572904
-69.5291 3.98014 63.3761 -0.816917 -0.00822362 0.576696
-69.4683 3.86902 63.4606 -0.816798 -0.00811033 0.576866
