-69.456 6.47015 66.7589 -0.821938 -0.0111422 0.569469
-68.8754 6.3024 67.5935 -0.821584 -0.0103274 0.569993
-69.3871 6.86394 66.8661 -0.82163 -0.0102452 0.569929
-69.6898 7.42173 66.438 -0.821421 -0.00575525 0.570292
-69.1016 7.85437 67.2922 -0.82235 -0.0057333 0.568954
-68.5734 7.38924 68.0463 -0.820614 -0.00945051 0.571404
-68.3455 6.33227 68.3546 -0.819841 -0.00985146 0.572507
-68.7474 5.20973 67.7559 -0.821212 -0.0119878 0.570496
-69.3198 5.09543 66.9278 -0.821738 -0.0119167 0.569741
-69.8704 5.88878 66.1494 -0.82287 -0.0107439 0.568125
-69.8208 7.15164 66.2445 -0.823619 -0.0118972 0.567017
-69.7761 7.30117 66.3129 -0.821941 -0.00971633 0.569472
-69.9995 7.9578 65.999 -0.820572 -0.00595722 0.571512
-69.1485 8.6209 67.2322 -0.822283 -0.00588921 0.569049
-68.5442 8.43774 68.1069 -0.822393 -0.0125611 0.568769
-68.0643 7.58446 68.7788 -0.819878 -0.00971564 0.572456
-67.8588 6.28411 69.0506 -0.81984 -0.00982255 0.572509
-68.005 5.29164 68.8243 -0.820255 -0.0110033 0.571891
-68.7855 4.29916 67.6819 -0.821239 -0.0119609 0.570458
-69.5146 4.39193 66.6325 -0.82158 -0.0114441 0.569979
-70.0478 4.90095 65.8731 -0.823468 -0.0119955 0.567236
-70.4042 5.96125 65.3748 -0.82383 -0.0102248 0.566745
-70.3928 6.96097 65.41 -0.823307 -0.0133945 0.567438
-70.1588 7.73512 65.7679 -0.821941 -0.00971633 0.569472
-70.5609 8.19074 65.1954 -0.821951 -0.0097467 0.569457
-69.6667 9.26066 66.4917 -0.820631 -0.0131111 0.571297
-69.0765 9.45864 67.3544 -0.824337 -0.0127801 0.565955
-68.4831 9.28625 68.2132 -0.820281 -0.0123016 0.571829
-67.9808 8.69091 68.921 -0.820443 -0.0118041 0.571607
-67.4388 7.05365 69.6654 -0.820136 -0.0107943 0.572065
-67.3709 6.02306 69.7433 -0.818336 -0.0104062 0.574646
-67.5652 4.95165 69.4472 -0.817989 -0.0120584 0.575105
-67.9655 4.17396 68.8573 -0.820257 -0.0111917 0.571884
-68.7471 3.46212 67.7199 -0.821682 -0.0118098 0.569823
-69.3305 3.49432 66.88 -0.821089 -0.0110632 0.570692
-70.1654 4.0833 65.6849 -0.823252 -0.0115708 0.567558
-70.6017 4.78698 65.0661 -0.823658 -0.011806 0.566965
-70.8449 5.86723 64.7326 -0.82378 -0.0101142 0.56682
-70.8029 7.25946 64.8221 -0.82349 -0.0132663 0.567176
-70.7732 7.44498 64.8695 -0.82333 -0.0135018 0.567402
-71.1765 7.85351 64.293 -0.82373 -0.0133432 0.566826
-71.3495 6.87294 64.0193 -0.822992 -0.0109969 0.567947
-71.3461 5.56142 63.9992 -0.823106 -0.0106392 0.567788
-70.8817 4.10295 64.645 -0.82368 -0.0118093 0.566932
-70.1565 3.11324 65.6788 -0.823603 -0.0097819 0.56708
-69.6423 2.6453 66.4157 -0.820411 -0.00964086 0.571693
-69.0136 2.67337 67.3194 -0.82184 -0.0113306 0.569606
-68.2298 2.88364 68.4546 -0.821859 -0.0109926 0.569585
-67.5593 3.6746 69.43 -0.817754 -0.0121884 0.57543
-66.9346 5.06171 70.3458 -0.817606 -0.0126453 0.575638
-66.8212 6.35073 70.5298 -0.816669 -0.00917608 0.577033
-67.0735 7.67581 70.1963 -0.817409 -0.0114046 0.575945
-67.5263 8.99 69.5795 -0.818877 -0.0115985 0.573845
-68.016 9.78122 68.8941 -0.820655 -0.013589 0.571262
-68.544 10.2173 68.1461 -0.822317 -0.00955135 0.568927
-69.4964 10.1298 66.7626 -0.823352 -0.0158476 0.56731
-70.1323 9.90977 65.8385 -0.821607 -0.0156017 0.569841
-70.612 9.24513 65.1387 -0.819647 -0.0101442 0.572778
-71.0562 8.77823 64.4853 -0.824828 -0.00925964 0.565308
-71.1209 8.0556 64.3787 -0.824347 -0.0114853 0.565963
