-70.4486 6.26823 67.4937 -0.826552 -0.0089431 0.562789
-70.1558 7.11386 67.9404 -0.82763 -0.0109526 0.561167
-69.7632 6.56405 68.5007 -0.82331 -0.0156222 0.567377
-70.1063 5.84651 67.9874 -0.823684 -0.00966031 0.566963
-70.3357 5.91293 67.6542 -0.825541 -0.00937429 0.564261
-70.6339 5.42365 67.2091 -0.826549 -0.00822711 0.562805
-70.8961 6.3404 66.8376 -0.826553 -0.00892785 0.562787
-70.6636 7.55375 67.2002 -0.827151 -0.0106747 0.561877
-69.6343 7.88555 68.7242 -0.82536 -0.0132639 0.564435
-69.2462 7.0787 69.264 -0.821038 -0.0134112 0.570716
-69.2597 5.99384 69.2158 -0.82312 -0.0123354 0.567724
-69.7673 5.19634 68.468 -0.822761 -0.00900892 0.568316
-70.4576 5.2046 67.4635 -0.824567 -0.010412 0.565668
-70.5619 5.27735 67.3128 -0.825563 -0.00928668 0.564229
-70.9114 4.87279 66.7936 -0.826676 -0.00828027 0.562617
-70.3124 4.27398 67.659 -0.824259 -0.00725877 0.566167
-69.7044 4.37897 68.546 -0.823645 -0.00977464 0.567018
-69.1071 5.02201 69.4204 -0.822233 -0.00979702 0.569067
-68.7935 5.90588 69.8893 -0.822684 -0.0109584 0.568393
-68.8822 7.4758 69.797 -0.821036 -0.0134092 0.570719
-69.3824 8.51537 69.1019 -0.822361 -0.0119439 0.568834
-70.0096 8.75056 68.1911 -0.827543 -0.0133007 0.561244
-70.7942 8.33798 67.0238 -0.827726 -0.0134777 0.56097
-71.2216 7.51262 66.3809 -0.824792 -0.0117279 0.565314
-71.3278 6.38718 66.2042 -0.826553 -0.00892785 0.562787
-71.1557 5.34128 66.4415 -0.826767 -0.00845022 0.562481
-71.5559 5.11754 65.85 -0.826802 -0.00857322 0.562427
-71.762 6.48208 65.5738 -0.823479 -0.0109973 0.56724
-71.6369 7.74231 65.7802 -0.824527 -0.0115089 0.565706
-71.0575 9.00372 66.6514 -0.82636 -0.0125312 0.562997
-70.449 9.43865 67.5596 -0.827733 -0.0133933 0.560963
-69.8744 9.49774 68.4058 -0.824284 -0.0111546 0.566063
-69.1228 9.16208 69.4907 -0.82234 -0.0117365 0.568868
-68.4326 7.73481 70.4498 -0.821037 -0.0135092 0.570715
-68.3342 6.10877 70.5582 -0.822697 -0.0115935 0.568361
-68.5595 4.9431 70.2109 -0.822812 -0.00990508 0.568228
-69.0648 4.09411 69.4656 -0.822437 -0.0101409 0.568765
-70.023 3.48762 68.07 -0.823214 -0.00886111 0.567657
-70.6193 3.58186 67.203 -0.825708 -0.00831915 0.564036
-71.35 4.50178 66.1436 -0.827083 -0.00709103 0.562035
-71.4126 4.61603 66.053 -0.826879 -0.00818211 0.56232
-71.8483 4.39376 65.4092 -0.828144 -0.00899097 0.560438
-72.1202 5.48941 65.0341 -0.823336 -0.0114071 0.567439
-72.2639 6.50038 64.8454 -0.823865 -0.0102123 0.566693
-72.1508 7.59887 65.0304 -0.823389 -0.0107765 0.567375
-71.8507 8.69941 65.4883 -0.825756 -0.0105128 0.563924
-71.2709 9.70539 66.355 -0.825613 -0.0130958 0.564081
-70.4412 10.3738 67.5928 -0.827855 -0.0124322 0.560804
-69.8887 10.3107 68.4011 -0.825485 -0.0131775 0.56427
-69.3383 10.0886 69.1977 -0.823958 -0.0136814 0.566485
-68.58 9.4049 70.2795 -0.822271 -0.0153196 0.568889
-68.1808 8.47644 70.8326 -0.822957 -0.0137809 0.567936
-67.8835 6.77945 71.2253 -0.82338 -0.0120031 0.567363
-67.9111 5.7244 71.1634 -0.823039 -0.00966045 0.567902
-68.0462 4.69917 70.9504 -0.823293 -0.00926338 0.567541
-68.439 3.86414 70.3668 -0.823211 -0.00977801 0.567652
-69.0534 3.23385 69.4661 -0.822149 -0.010599 0.569174
-69.7196 2.82015 68.4961 -0.822185 -0.0105467 0.569122
-70.3114 2.72425 67.6391 -0.822384 -0.011195 0.568823
-70.8901 2.9302 66.7969 -0.826233 -0.0114794 0.563212
-71.4745 3.65257 65.9491 -0.82738 -0.0083369 0.56158
-71.5706 3.81303 65.8097 -0.827131 -0.00751294 0.561958
