-71.7588 20.6502 70.2571 -0.832043 -0.00322322 0.554698
-71.2573 21.0673 71.0095 -0.831787 -0.00125487 0.555093
-71.4538 20.1839 70.7105 -0.832221 -0.00522071 0.554419
-71.6861 20.2698 70.3627 -0.832227 -0.00520837 0.55441
-71.9346 19.5775 69.983 -0.833248 -0.00575896 0.552867
-72.2367 20.5765 69.5373 -0.833575 -0.00734264 0.552355
-72.06 21.6304 69.8167 -0.827647 -0.00802951 0.561192
-71.4566 22.1545 70.7135 -0.829638 -0.00452409 0.558262
-70.9308 21.8305 71.5048 -0.834324 -0.00351014 0.551263
-70.8165 20.3236 71.6684 -0.833045 -0.00236799 0.553195
-71.2744 19.4889 70.9733 -0.832234 -0.00519017 0.5544
-71.459 19.41 70.6953 -0.832276 -0.00528288 0.554336
-71.5096 18.6463 70.6123 -0.832579 -0.00700126 0.553859
-72.2052 18.9667 69.5668 -0.834495 -0.00809275 0.550952
-72.6186 19.8506 68.9513 -0.833642 -0.00744175 0.552253
-72.6822 20.9138 68.8718 -0.833108 -0.0102934 0.553011
-72.4419 22.1155 69.2606 -0.830326 -0.0101517 0.557158
-71.8294 22.8122 70.172 -0.82733 -0.00603536 0.561683
-71.1553 22.9133 71.1695 -0.831667 -0.00422039 0.555231
-70.5977 22.2921 72.0119 -0.834315 -0.00226314 0.551282
-70.3369 21.3454 72.3981 -0.830894 -0.00720063 0.556383
-70.4831 19.793 72.1604 -0.830641 -0.00575286 0.556778
-71.0671 18.8672 71.2786 -0.832083 -0.00554057 0.554623
-71.3086 18.6581 70.9141 -0.832274 -0.00519753 0.55434
-71.2286 17.8766 71.023 -0.832645 -0.00859647 0.553741
-72.122 17.9822 69.6752 -0.834984 -0.00960897 0.55019
-72.6645 18.5347 68.8626 -0.83473 -0.0100254 0.550568
-73.102 20.1444 68.228 -0.832947 -0.00847131 0.553288
-73.0592 21.5887 68.3187 -0.834091 -0.0106718 0.551519
-72.8075 22.6336 68.7179 -0.835243 -0.00775877 0.549825
-72.2027 23.4077 69.6287 -0.828603 -0.00439713 0.559813
-71.4644 23.7405 70.7217 -0.829076 -0.00717846 0.55909
-70.5078 23.1937 72.1495 -0.834242 -0.0013844 0.551397
-70.0633 22.305 72.8151 -0.825837 -0.00153887 0.563907
-69.9098 21.2022 73.034 -0.830737 -0.0076833 0.556612
-69.951 20.0917 72.9572 -0.830353 -0.00704766 0.557192
-70.3779 18.7651 72.307 -0.828941 -0.00842599 0.559268
-70.8095 18.2188 71.6579 -0.832257 -0.00877018 0.55432
-70.684 17.4679 71.8339 -0.830105 -0.0081738 0.557534
-71.566 16.9402 70.5005 -0.832602 -0.00917072 0.553795
-72.1128 17.1244 69.6742 -0.834977 -0.00962909 0.550201
-72.6806 17.6103 68.8212 -0.833145 -0.00915805 0.55297
-73.2187 18.5873 68.0306 -0.832189 -0.00833176 0.554428
-73.4506 19.5353 67.6939 -0.832961 -0.00845348 0.553267
-73.6966 21.1479 67.3516 -0.831404 -0.00816537 0.555605
-73.4412 22.095 67.747 -0.834895 -0.00892339 0.550336
-73.1851 23.0475 68.1496 -0.834868 -0.00692617 0.550406
-72.8605 23.8824 68.6528 -0.832405 -0.00481997 0.554122
-72.0742 24.3244 69.8242 -0.829832 -0.00383762 0.557999
-71.3822 24.6899 70.8555 -0.829122 -0.00681358 0.559027
-70.7542 24.3457 71.7832 -0.829579 -0.00701242 0.558346
-70.0945 23.5723 72.7666 -0.831414 0.00271896 0.555647
-69.6125 22.513 73.4756 -0.824959 -0.00112701 0.565191
-69.4787 21.41 73.6675 -0.825078 -0.00162256 0.565016
-69.4327 20.2292 73.7302 -0.825016 -0.00559087 0.565044
-69.7231 18.8318 73.2777 -0.828113 -0.0102173 0.560467
-70.1273 17.9997 72.6633 -0.828334 -0.00910337 0.560157
-70.2103 17.8862 72.5393 -0.828188 -0.00698265 0.560406
-70.398 17.7733 72.2604 -0.828161 -0.00716857 0.560444
