-9.62966 -44.8606 46.5145 -0.202381 -0.00255743 0.979281
-8.9554 -45.5321 46.6556 -0.201841 0.00274038 0.979414
-8.77797 -44.1762 46.695 -0.199215 -0.00685962 0.979929
-8.83967 -42.7227 46.696 -0.194668 -0.0157049 0.980734
-9.4417 -42.7608 46.5739 -0.20421 -0.0102011 0.97887
-9.52122 -43.8749 46.5452 -0.200219 -0.00854027 0.979714
-9.62877 -44.5711 46.5174 -0.200835 -0.0086843 0.979586
-10.3202 -44.898 46.3721 -0.196843 0.0001746 0.980377
-10.3436 -43.8747 46.3765 -0.202393 -0.0086206 0.979266
-10.3249 -42.8333 46.387 -0.205908 -0.00601702 0.97855
-10.0647 -41.6542 46.4521 -0.206337 -0.00840069 0.978445
-9.23179 -41.1472 46.6309 -0.204919 -0.00641217 0.978758
-8.11832 -41.9407 46.8482 -0.163379 -0.020084 0.986263
-7.98365 -43.4502 46.8487 -0.165729 -0.00196726 0.986138
-8.0618 -44.7191 46.8172 -0.15069 -0.0183448 0.988399
-8.32034 -46.5352 46.7469 -0.156376 -0.016709 0.987556
-9.34064 -46.7856 46.5816 -0.183938 -0.00330344 0.982906
-10.1949 -45.6909 46.4048 -0.192265 0.0110274 0.981281
-10.311 -45.0515 46.3753 -0.191796 0.00974138 0.981386
-11.0076 -45.5303 46.244 -0.192875 0.00765308 0.981192
-11.0687 -44.4166 46.2218 -0.196606 -0.000286767 0.98043
-11.1063 -43.3655 46.2212 -0.205086 -0.0034628 0.978738
-10.9945 -41.831 46.2523 -0.21672 -0.00210319 0.976202
-10.5544 -40.5542 46.3492 -0.220942 0.000704854 0.975286
-9.52288 -40.3239 46.5736 -0.207047 -0.00132766 0.97833
-8.35071 -40.4023 46.8197 -0.186711 -0.00623021 0.98223
-7.50775 -41.0625 46.9594 -0.167937 -0.00762178 0.985768
-7.23778 -42.5406 46.9698 -0.159666 -0.0327043 0.986629
-7.21944 -43.991 46.9589 -0.138204 -0.0132255 0.990294
-7.26474 -45.6637 46.9243 -0.148323 -0.0133765 0.988847
-7.78493 -47.4386 46.8375 -0.155958 0.00772774 0.987733
-8.79996 -47.6296 46.6739 -0.177475 -0.00587515 0.984108
-10.2346 -47.54 46.4078 -0.190413 -0.0011298 0.981703
-10.8952 -46.7089 46.2796 -0.191824 0.00565948 0.981395
-11.0015 -45.685 46.2461 -0.195108 0.00942926 0.98073
-11.795 -45.5003 46.0881 -0.209474 0.00799656 0.977651
-11.8239 -44.1504 46.0659 -0.222057 0.00151899 0.97496
-11.8763 -42.9143 46.0591 -0.210757 -0.00108546 0.977535
-11.7301 -41.3135 46.0853 -0.218404 0.00769829 0.975818
-11.4338 -40.1094 46.149 -0.222235 0.000353201 0.974993
-10.389 -39.5314 46.3856 -0.219621 0.0013117 0.975584
-9.22077 -39.5272 46.6385 -0.207425 0.000325047 0.978251
-7.5826 -39.6476 46.9524 -0.16624 -0.00297328 0.986081
-6.72527 -40.3529 47.0949 -0.165781 -0.00390156 0.986154
-6.55491 -41.4001 47.1126 -0.123708 -0.0213274 0.992046
-6.48682 -42.4007 47.092 -0.129665 -0.0306735 0.991082
-6.4467 -43.4106 47.0691 -0.138251 -0.00815923 0.990362
-6.43928 -44.6481 47.0603 -0.140643 -0.0131929 0.989956
-6.44467 -45.7299 47.0457 -0.143578 -0.0120874 0.989561
-6.52776 -47.1996 47.0254 -0.141989 0.0118701 0.989797
-7.18915 -48.2124 46.9344 -0.152021 0.00639262 0.988357
-8.20733 -48.4334 46.7769 -0.165689 0.00764415 0.986074
-9.79065 -48.455 46.4912 -0.183679 -0.00372061 0.982951
-10.8361 -48.3963 46.2757 -0.204988 -0.013291 0.978674
-11.6221 -47.7507 46.1182 -0.212278 -0.00953989 0.977162
-11.7683 -46.0914 46.0979 -0.204771 0.00499959 0.978728
-11.7767 -45.9662 46.0946 -0.195108 0.00942926 0.98073
-12.577 -45.7217 45.9111 -0.227444 0.0173084 0.973613
-12.584 -44.6658 45.8934 -0.225291 0.0027312 0.974169
-12.6586 -43.3872 45.8882 -0.213432 -0.00584264 0.976934
-12.6654 -42.1226 45.8833 -0.216979 0.0108156 0.976108
-12.6014 -41.0745 45.8858 -0.213773 -0.00130218 0.97688
-12.2902 -39.3406 45.9636 -0.213128 -0.00736891 0.976995
-11.4948 -38.7582 46.1401 -0.214619 -0.00755745 0.976661
-10.1066 -38.6867 46.4493 -0.212664 -0.000466252 0.977106
-9.07003 -38.7457 46.67 -0.207568 0.00204993 0.978217
-7.54669 -38.7349 46.9612 -0.151966 0.00978317 0.98815
-6.45574 -38.8183 47.1202 -0.136832 0.0286823 0.990178
-5.82702 -39.8707 47.2129 -0.125681 -0.000283797 0.992048
-5.73843 -40.9126 47.2168 -0.118246 -0.0135506 0.992892
-5.68203 -41.9737 47.209 -0.123347 -0.0214014 0.992088
-5.67634 -43.0082 47.1816 -0.139902 -0.00961867 0.990119
-5.61187 -44.1852 47.1793 -0.139213 -0.00894919 0.990222
-5.55718 -45.2717 47.1775 -0.138505 -0.00921861 0.990319
-5.47469 -46.7983 47.1716 -0.143267 -0.00143171 0.989593
-5.68391 -47.8596 47.1515 -0.132121 0.00398982 0.991226
-5.95378 -48.9444 47.1199 -0.132533 0.0040995 0.99117
-7.76474 -49.2828 46.8581 -0.164324 0.0106981 0.986283
-8.82595 -49.3378 46.669 -0.183511 -0.000422818 0.982971
-10.0918 -49.2694 46.4258 -0.189671 -0.00846264 0.98181
-11.182 -49.2142 46.198 -0.199419 0.0037836 0.979848
-12.1553 -48.9215 46.0033 -0.191015 0.0111731 0.981522
-12.5716 -47.9485 45.9128 -0.191704 0.00984985 0.981403
-12.6 -46.371 45.9157 -0.213015 -0.00273162 0.977045
-12.6007 -46.3062 45.9157 -0.216975 0.00691294 0.976096
