-76.1267 33.7603 67.2079 -0.833038 -0.0060099 0.553183
-75.626 33.7675 67.9643 -0.834422 -0.00767981 0.551073
-76.0408 34.1526 67.3415 -0.833728 -0.00687098 0.55213
-76.3733 34.7489 66.8468 -0.833845 -0.00792269 0.551937
-76.5687 33.7487 66.5416 -0.834269 -0.00538154 0.551332
-76.2307 32.5355 67.0375 -0.832994 -0.00717889 0.553236
-75.6553 32.5533 67.904 -0.833888 -0.00639307 0.551894
-75.1814 33.4172 68.6336 -0.835072 -0.00710824 0.550095
-75.2278 34.6386 68.5788 -0.834248 -0.0064088 0.551351
-75.8344 35.2818 67.6675 -0.834254 -0.00557802 0.551353
-76.2877 34.9316 66.9796 -0.832824 -0.00954803 0.553451
-76.5896 35.4538 66.5331 -0.833631 -0.0106179 0.552219
-76.947 34.1737 65.9737 -0.834252 -0.00589484 0.551353
-76.9303 32.7716 65.9852 -0.834617 -0.00677159 0.550787
-76.5064 31.9184 66.6135 -0.834055 -0.0086074 0.551614
-75.9107 31.5782 67.5069 -0.833887 -0.00639852 0.551896
-75.2417 32.0286 68.5258 -0.8348 -0.00561562 0.550525
-74.8013 32.9848 69.2049 -0.835075 -0.00657044 0.550097
-74.7032 34.0339 69.364 -0.83145 -0.00226267 0.555595
-74.856 35.1235 69.1378 -0.830825 -0.000536346 0.556532
-75.4779 36.0255 68.2137 -0.832123 -0.00305233 0.554568
-76.0561 36.0739 67.3444 -0.831605 -0.00852812 0.555302
-76.466 35.7178 66.7249 -0.832824 -0.00954803 0.553451
-76.8622 36.1032 66.1343 -0.833621 -0.0100676 0.552244
-77.313 34.8698 65.4278 -0.835854 -0.0103609 0.548852
-77.4633 33.5648 65.1852 -0.834637 -0.00523159 0.550775
-77.3531 32.5399 65.3411 -0.834925 -0.00843018 0.5503
-77.0268 31.6295 65.822 -0.83447 -0.00837593 0.550989
-76.5392 31.0342 66.5501 -0.834192 -0.00573901 0.551437
-75.861 30.7445 67.5717 -0.833414 -0.00647604 0.552603
-75.0883 31.2592 68.7506 -0.834749 -0.00665453 0.550589
-74.6097 32.0263 69.4849 -0.834511 -0.00657963 0.550952
-74.3176 33.0992 69.9371 -0.831179 -0.00214796 0.556
-74.2928 34.7429 69.98 -0.830808 -0.000237114 0.556559
-74.5858 35.8394 69.5416 -0.830453 -0.00038527 0.557088
-75.0398 36.5669 68.8665 -0.830007 0.000205617 0.557752
-75.7162 36.9791 67.863 -0.829796 -0.00303483 0.558054
-76.4135 36.6987 66.8189 -0.831393 -0.00622127 0.555645
-76.6644 36.4891 66.4398 -0.832513 -0.00942841 0.553922
-77.1554 36.6313 65.7009 -0.834127 -0.00767235 0.551514
-76.4027 37.6151 66.8412 -0.831908 -0.00326137 0.554903
-75.5186 37.8173 68.1589 -0.828577 -0.00248341 0.559869
-74.7876 37.2546 69.2415 -0.829909 -0.00166253 0.557893
-74.3008 36.6801 69.9667 -0.830191 0.000259345 0.557479
-73.8813 35.5539 70.5921 -0.829962 0.000815591 0.557819
-73.8437 34.5357 70.65 -0.83041 3.35403e-06 0.557152
-73.7998 33.3182 70.7121 -0.831261 -0.00162971 0.555879
-73.966 32.333 70.4606 -0.831277 -0.00187047 0.555856
-74.3082 31.4152 69.9344 -0.834527 -0.00584642 0.550936
-74.9576 30.4375 68.9379 -0.835998 -0.00632899 0.548696
-75.4753 29.9768 68.1446 -0.833729 -0.00683675 0.552123
-76.0378 29.9311 67.2994 -0.83206 -0.0048034 0.554664
-76.5982 30.1988 66.4564 -0.834398 -0.00275116 0.551155
-77.1011 30.7551 65.6983 -0.835813 -0.00541322 0.548975
-77.6365 31.5999 64.8942 -0.837173 -0.011004 0.546827
-77.843 32.5944 64.5982 -0.836026 -0.00903777 0.548608
-77.8946 33.855 64.5329 -0.835765 -0.00467305 0.549067
-77.7794 35.0098 64.719 -0.835622 -0.00543676 0.549279
-77.5535 35.982 65.0808 -0.837349 -0.00949323 0.546587
-77.2426 36.4357 65.565 -0.836257 -0.0103168 0.548237
-77.191 36.5579 65.6458 -0.834492 -0.0105355 0.550918
