57.9257 -44.5857 96.6675 0.854 -0.00233614 0.520267
58.1142 -45.5012 96.3549 0.851376 0.00333056 0.524545
58.3674 -44.5625 95.9418 0.854762 -0.000484615 0.519016
58.5504 -43.5541 95.6342 0.858703 0.00421995 0.512422
58.1493 -42.8859 96.2917 0.855051 0.00495276 0.518516
57.9272 -44.2516 96.6666 0.854499 2.20279e-05 0.519447
57.6328 -44.0101 97.1508 0.854499 2.20279e-05 0.519447
57.6284 -45.0122 97.1537 0.854 -0.00233614 0.520267
58.1132 -46.3919 96.3622 0.851376 0.00333056 0.524545
58.6875 -46.0311 95.4157 0.864876 -0.000620518 0.501979
58.8256 -45.0589 95.1738 0.86436 -0.00116586 0.502859
58.8968 -43.8295 95.0477 0.861527 0.00400008 0.507694
58.7848 -42.2739 95.2395 0.864423 -0.00588525 0.50273
58.3373 -41.6766 95.9761 0.853218 0.00211012 0.521548
57.7273 -42.7214 96.9829 0.854042 0.00550089 0.520175
57.6624 -43.7617 97.101 0.85461 0.00407742 0.519251
57.3074 -43.8861 97.6706 0.842597 0.00209725 0.538541
57.2829 -44.9024 97.7063 0.846721 -0.00464056 0.532016
57.3211 -45.9206 97.6367 0.84615 -0.00754133 0.532882
57.6616 -47.0062 97.0791 0.846665 -0.00842173 0.532047
58.5634 -47.0952 95.6225 0.851706 -0.0128697 0.523845
59.0847 -46.383 94.7296 0.866285 -0.00281652 0.499526
59.1964 -44.8822 94.5414 0.863298 -0.00407578 0.504678
59.2255 -43.7479 94.4855 0.86332 0.00597582 0.504622
59.2001 -42.4078 94.5243 0.865128 -0.00668657 0.501503
59.0216 -41.2246 94.8388 0.871508 0.0100929 0.490272
58.4825 -40.9111 95.7352 0.852735 0.00262856 0.522338
57.9552 -40.9466 96.5957 0.852524 0.00263147 0.522682
57.4056 -41.9375 97.4859 0.848493 0.00292338 0.529158
57.3211 -42.9147 97.6377 0.847489 0.00918454 0.530733
57.3051 -43.4669 97.673 0.845029 0.00552037 0.534658
56.9547 -43.571 98.2216 0.84283 0.00148875 0.538178
56.928 -44.7354 98.2682 0.842563 0.00250966 0.538592
56.9233 -46.2306 98.2609 0.845716 -0.0106083 0.533528
57.0117 -47.2281 98.1044 0.846399 -0.00742303 0.532498
57.6766 -47.7974 97.0417 0.846912 -0.00920313 0.531643
58.3704 -47.8241 95.914 0.853116 -0.0174555 0.521426
58.9503 -47.7284 94.9432 0.863972 -0.00442278 0.503495
59.5115 -46.3889 93.9901 0.867123 0.00275307 0.497982
59.5329 -45.2917 93.962 0.863492 -0.00420749 0.504345
59.5598 -43.7286 93.9113 0.870465 0.00517777 0.492151
59.558 -42.5518 93.9023 0.869189 -0.000127187 0.494388
59.5041 -41.2371 93.9792 0.872361 0.00747539 0.488806
59.0864 -40.3133 94.7004 0.871225 0.0123016 0.49073
58.3699 -40.1735 95.9151 0.857047 0.0103526 0.515004
57.7139 -40.1926 96.9852 0.852455 0.00285531 0.522793
57.1774 -40.5688 97.8618 0.850905 -0.000113581 0.525303
57.0059 -41.5765 98.1318 0.849413 -0.00349902 0.527717
56.9497 -42.7149 98.2276 0.845395 0.00482983 0.534086
56.9464 -43.038 98.2332 0.843083 0.000996009 0.537783
56.5796 -42.9881 98.8023 0.832437 0.00548924 0.554088
56.5683 -44.5373 98.83 0.841073 0.00477059 0.540889
56.557 -45.7873 98.8506 0.841291 -0.00361287 0.540462
56.5363 -46.9404 98.8603 0.844876 -0.00891973 0.534883
56.7327 -48.1154 98.5412 0.846459 9.62856e-05 0.532451
57.6165 -48.5272 97.1324 0.84947 0.00119131 0.52761
58.1861 -48.5378 96.2032 0.852978 0.000289116 0.521946
58.7235 -48.5293 95.3233 0.858212 -0.00271042 0.513196
59.2414 -48.4805 94.4432 0.860283 -0.00609128 0.509772
59.7964 -48.0571 93.5033 0.867089 0.00276255 0.498029
59.8708 -46.5683 93.3522 0.871691 0.00401855 0.490036
59.8927 -45.5411 93.3172 0.873975 -0.0086494 0.485894
59.9122 -44.4322 93.2919 0.874168 0.00206271 0.485601
59.9157 -43.2351 93.2687 0.873972 0.00550748 0.485939
59.9069 -42.0286 93.2684 0.874886 0.00581952 0.484294
59.8794 -40.7364 93.3012 0.876354 0.00968104 0.481549
59.6516 -39.7982 93.6809 0.874133 0.0115584 0.48553
59.1459 -39.5481 94.576 0.866351 0.0146236 0.499118
58.2741 -39.458 96.0604 0.859197 0.00788054 0.511537
57.6929 -39.4821 97.0137 0.852276 0.00495663 0.523069
57.0262 -39.7552 98.1026 0.851803 0.00534081 0.523834
56.6261 -41.0273 98.7223 0.831936 0.00290271 0.554864
56.5862 -42.0479 98.7869 0.832083 0.00234265 0.554646
56.5834 -42.3562 98.7924 0.831906 0.0029722 0.554907
56.1515 -42.4289 99.4403 0.831554 0.00230063 0.555439
56.1484 -41.333 99.4404 0.831777 0.00269832 0.555103
56.2256 -40.1905 99.3268 0.832414 -0.0060637 0.554113
56.4426 -39.0753 99.0203 0.832982 -0.0121711 0.553167
57.0765 -38.6251 98.0089 0.851466 0.00536494 0.524382
57.6835 -38.631 97.0209 0.854182 0.00804308 0.51989
58.3447 -38.6777 95.9268 0.856053 0.0112832 0.516764
58.9232 -38.7376 94.949 0.864521 0.00576158 0.502535
59.6289 -38.8489 93.7082 0.874795 0.00375756 0.484468
60.1372 -39.2584 92.7968 0.876569 0.00525865 0.481226
60.2246 -40.3546 92.6578 0.877998 0.0128552 0.478491
60.2652 -41.3537 92.6102 0.87812 0.0128526 0.478267
60.3131 -42.4141 92.5391 0.874798 0.00637297 0.484445
60.3584 -43.4684 92.4727 0.874935 0.00580913 0.484203
60.3594 -44.6069 92.4831 0.875663 0.004746 0.482899
60.349 -45.9251 92.4998 0.871369 0.00222382 0.490624
60.2636 -47.6448 92.6652 0.872578 0.00408314 0.488453
59.9983 -49.1217 93.1721 0.863596 0.010599 0.503819
59.2662 -49.3954 94.3977 0.85698 -0.00264138 0.515279
58.7205 -49.3244 95.318 0.863175 -0.00696211 0.504856
58.1344 -49.3373 96.2887 0.852559 0.00077248 0.522629
57.5224 -49.2868 97.2847 0.85202 -0.000111647 0.523509
56.9232 -49.2238 98.2412 0.845244 0.000736234 0.534366
56.2484 -48.3811 99.3079 0.84424 -0.00223693 0.53596
56.0706 -47.3792 99.5901 0.845435 -0.0053971 0.534027
56.1389 -46.3581 99.4932 0.836333 0.00344287 0.548211
56.1905 -45.3593 99.4082 0.836332 0.00344286 0.548213
56.1934 -44.2158 99.4001 0.834061 0.00643954 0.551614
56.1458 -43.3882 99.4586 0.830987 0.00790129 0.556234
56.1521 -42.6495 99.4403 0.831037 0.0045042 0.556193
