76.5589 9.86325 76.3566 0.846266 -0.00169594 0.532736
76.9367 9.1276 75.7509 0.850803 -0.0011979 0.525482
77.0989 10.0105 75.5021 0.845319 -0.00664669 0.534215
76.6529 10.18 76.2108 0.846799 -0.0062489 0.531877
76.6377 10.7933 76.2421 0.846922 -0.00637936 0.531679
77.177 10.8751 75.3857 0.845146 -0.00413706 0.53452
77.5807 10.1614 74.7419 0.845041 -0.00663709 0.534654
77.3469 8.54918 75.0839 0.848311 -0.00594233 0.529425
76.4699 8.60681 76.5056 0.848327 0.00123709 0.529438
76.1848 9.44498 76.9519 0.844874 0.00281705 0.534956
76.4137 10.6793 76.5975 0.846799 -0.0062489 0.531877
76.2507 11.3151 76.8614 0.844024 -0.00540617 0.536273
76.7497 11.722 76.0757 0.847694 -0.0100029 0.530391
77.2994 11.5816 75.1972 0.844932 -0.00410128 0.534857
77.9059 10.5293 74.2315 0.845844 -0.00506919 0.533401
78.0398 9.50949 74.0081 0.843694 -0.0080504 0.536764
77.8431 8.52074 74.3023 0.843631 -0.00767368 0.536869
77.2173 7.69144 75.2818 0.848805 -0.00651057 0.528637
76.6751 7.64612 76.1612 0.851247 -0.00913106 0.524686
76.1153 8.28851 77.0667 0.84371 0.000286053 0.536797
75.8148 9.15936 77.5361 0.844025 0.00245567 0.536297
75.789 10.2398 77.5728 0.84347 -0.00121739 0.537163
76.0515 11.0077 77.1696 0.842797 -0.00614257 0.538196
75.7003 11.3724 77.7219 0.841478 -0.00371515 0.540278
76.128 12.0119 77.0617 0.840526 -0.00555625 0.541742
76.9358 12.4647 75.7924 0.847694 -0.0100029 0.530391
77.6287 12.0979 74.6827 0.844944 -0.00640562 0.534816
78.065 11.4064 73.9875 0.845897 -0.00479196 0.53332
78.3285 10.5116 73.5579 0.846773 -0.00425576 0.531934
78.4122 9.24198 73.4184 0.845182 -0.00558355 0.534437
78.2018 8.20071 73.7337 0.843901 -0.0076311 0.536444
77.798 7.44055 74.3586 0.84404 -0.00769451 0.536225
77.2304 6.95113 75.2559 0.846299 -0.00368434 0.532695
76.6859 6.9209 76.1304 0.850779 -0.0102406 0.525423
76.0558 7.41862 77.1571 0.849859 -0.0101929 0.526912
75.5985 8.32412 77.8785 0.84338 -6.23767e-05 0.537315
75.4032 9.56723 78.1835 0.844703 0.00170299 0.535233
75.4645 10.6053 78.0832 0.843345 -0.00181115 0.537351
75.6083 11.0627 77.8634 0.841905 -0.00443339 0.539605
75.3171 11.7588 78.3218 0.842073 -0.00401721 0.539348
75.784 12.4915 77.5999 0.84081 -0.00472106 0.541308
76.5717 13.1697 76.3853 0.840387 -0.00499836 0.541963
77.214 13.0944 75.3574 0.848342 -0.00908366 0.529371
77.8491 12.7231 74.3418 0.845908 -0.00551777 0.533298
78.5095 11.5221 73.2801 0.847498 -0.00452663 0.530779
78.7679 10.1509 72.8577 0.846689 -0.00268534 0.532081
78.8999 9.05989 72.6415 0.846991 -0.0043556 0.531587
78.6137 7.8944 73.0791 0.845659 -0.00904127 0.533647
78.0984 6.9504 73.8784 0.844853 -0.00594809 0.53496
77.5696 6.42007 74.7134 0.846285 -0.00426282 0.532714
76.8564 5.98705 75.8433 0.846834 -0.00387064 0.531842
76.2804 6.25898 76.7731 0.850315 -0.00817098 0.52621
75.8146 6.84357 77.5349 0.846668 -0.00579231 0.532037
75.3882 7.48849 78.2047 0.841443 -0.00354798 0.540334
75.0679 8.30076 78.7068 0.839831 -0.00355756 0.542833
74.927 9.73848 78.9355 0.845462 0.00174773 0.534033
75.0157 10.7124 78.7918 0.845258 0.00224013 0.534354
75.0752 11.1483 78.6955 0.843602 -0.000361463 0.536952
