51.283 2.73958 17.8372 0.508764 -0.00326693 0.860894
51.7523 3.7183 17.5626 0.506714 -0.00118505 0.862113
52.9123 3.3183 16.8901 0.482877 -0.00357237 0.875681
51.9439 2.86146 17.4454 0.51001 -0.00567447 0.860149
52.2325 1.98033 17.2743 0.494989 0.00317411 0.86889
51.2829 1.65837 17.8374 0.502974 -0.000316376 0.864224
50.5336 2.83754 18.2756 0.502734 -0.00708605 0.864394
50.9095 3.83312 18.0586 0.506288 -0.00289813 0.862358
51.7199 4.38217 17.5825 0.506781 -1.28521e-05 0.862074
52.6572 4.60173 17.0361 0.492256 -0.00525812 0.870425
53.7699 3.59053 16.4144 0.486791 0.00158152 0.873517
52.9944 2.44077 16.8421 0.481929 -0.00250783 0.876206
52.8877 2.35791 16.9021 0.49301 0.00319239 0.870016
53.2844 1.81507 16.6872 0.479879 0.00610991 0.877313
52.1763 1.1536 17.311 0.495792 0.00901552 0.868383
50.6788 0.834234 18.178 0.49305 -0.00183417 0.869999
50.0636 2.04292 18.5374 0.503196 -0.0110599 0.864101
49.8303 3.09896 18.6884 0.504933 -0.00749925 0.863108
50.3691 4.21141 18.376 0.510934 -0.0109341 0.859487
51.3275 4.98079 17.8124 0.507726 0.00173799 0.861516
52.9066 5.36027 16.8996 0.492256 -0.00525812 0.870425
54.2049 4.74879 16.1706 0.487134 -0.00169805 0.873321
54.5048 3.68115 16.0133 0.471759 0.0085556 0.881686
54.0857 2.61927 16.2475 0.471767 0.00512735 0.881703
53.6555 2.17168 16.482 0.479125 0.00609441 0.877726
54.0537 1.58792 16.269 0.478647 0.0062108 0.877985
52.9633 0.799821 16.8698 0.486332 0.00990306 0.87368
51.8086 0.217808 17.535 0.495606 0.00530823 0.868493
50.7662 -0.292758 18.134 0.497318 0.00375582 0.867558
50.1283 0.366777 18.4951 0.497941 0.00416182 0.867199
49.3804 2.01579 18.9505 0.54054 -0.00317796 0.841312
49.1507 2.99666 19.1018 0.540042 -0.00242289 0.841634
49.3919 4.15689 18.9659 0.517615 -0.0181554 0.855421
50.5233 5.26677 18.2996 0.519165 -0.0102045 0.854613
51.3094 5.74274 17.8261 0.513677 -0.00676371 0.857922
52.2599 6.06527 17.2736 0.499717 -0.00779507 0.866138
53.5915 6.01281 16.5201 0.492937 0.000423402 0.870031
54.6344 5.46242 15.9256 0.488974 0.00762653 0.872209
55.1902 4.02196 15.6449 0.468077 0.00707606 0.883659
54.9591 2.68223 15.7802 0.470977 0.00544842 0.882122
54.3339 1.87692 16.1162 0.471722 0.00211856 0.881745
54.2055 1.7186 16.1854 0.475358 0.00412139 0.879772
54.5502 1.08665 16.003 0.474168 0.00470364 0.880414
55.5941 2.36367 15.4452 0.462038 0.00501953 0.886845
55.8672 3.43793 15.2922 0.461387 0.0112347 0.887128
55.8007 4.76851 15.309 0.47253 0.0217305 0.881047
55.393 5.69881 15.5077 0.480453 0.00921984 0.876972
54.7669 6.41576 15.8432 0.488817 0.00716034 0.872302
53.9171 6.75431 16.3283 0.496958 0.00826049 0.867731
52.811 6.85453 16.9615 0.496222 0.00559121 0.868157
51.7543 6.7013 17.5653 0.499674 0.00238595 0.866204
50.9401 6.359 18.0502 0.516335 0.00175241 0.856384
49.8157 5.62149 18.7337 0.519148 -0.0112321 0.85461
49.1019 4.97782 19.158 0.526525 -0.0151357 0.849948
48.4919 3.72928 19.5266 0.536104 -0.0125826 0.844058
48.4602 2.70926 19.5437 0.539523 -0.00174998 0.841969
48.8661 1.58199 19.2793 0.540426 -0.00342613 0.841385
49.4647 0.28453 18.8962 0.534435 0.00577037 0.84519
49.9514 -0.846243 18.6045 0.498261 0.00385423 0.867016
50.5392 -1.53628 18.2672 0.498472 0.0023437 0.866903
51.3502 -0.8697 17.7997 0.499703 0.00175963 0.866193
52.2538 -0.339376 17.2788 0.496053 -0.00286212 0.868287
53.1193 0.102618 16.787 0.49159 -0.00289747 0.870814
53.9429 0.600397 16.3364 0.478637 0.0061394 0.877991
54.0002 0.648406 16.3048 0.477828 0.00643395 0.878429
54.3135 -0.00531642 16.1293 0.479226 -0.00823129 0.877653
53.253 -0.612441 16.7106 0.48834 -0.00178993 0.872652
52.308 -1.07517 17.2454 0.498525 -0.000703244 0.866867
51.2147 -1.86472 17.8799 0.499665 0.00174604 0.866215
50.4862 -2.6716 18.2995 0.500276 -0.00587768 0.865846
49.6561 -2.37718 18.7807 0.516845 -0.00201309 0.855869
49.3794 -1.25509 18.9555 0.530422 -0.000458828 0.847731
48.7703 0.303409 19.3352 0.537405 0.00116017 0.843302
48.0853 1.73369 19.7814 0.540162 -0.00373583 0.841552
47.7281 2.85557 20.0127 0.537365 -0.00253024 0.843346
47.797 3.95129 19.9712 0.537813 -0.00717913 0.843013
48.3522 5.14471 19.6269 0.528623 0.00224179 0.848854
49.0093 5.8536 19.2276 0.521293 -0.0119277 0.853293
49.7469 6.40372 18.7865 0.524173 -0.0058853 0.851549
50.7004 7.06402 18.1902 0.520661 0.0066561 0.8537
51.7008 7.46099 17.595 0.50201 0.000215971 0.864844
53.1781 7.6178 16.7409 0.49996 0.0108541 0.86598
54.1473 7.52228 16.1867 0.49618 0.0114141 0.868144
54.9759 7.19525 15.7209 0.478772 0.00727678 0.877837
56.0277 6.07805 15.1561 0.477348 0.00153309 0.878673
56.4811 4.80015 14.9468 0.465094 0.0215185 0.885
56.5762 3.62979 14.9208 0.464203 0.0139169 0.885611
56.4038 2.45709 15.024 0.461204 0.00450948 0.887283
55.8368 1.41846 15.3245 0.46269 0.00582196 0.886501
55.1745 0.703561 15.6751 0.463102 0.00425075 0.886294
54.6999 0.301144 15.9216 0.467956 -0.00547937 0.883645
55.1081 -0.293764 15.7102 0.457206 -0.00270165 0.889356
54.0647 -1.00701 16.2558 0.483976 -0.00517243 0.875046
52.7951 -1.60346 16.9653 0.492324 -0.00215125 0.870398
51.9529 -2.11589 17.4543 0.498764 0.0116967 0.866659
50.9416 -3.14952 18.033 0.493428 -0.00293193 0.869737
50.4371 -4.10579 18.3175 0.508679 -0.00359685 0.860947
50.2389 -5.36255 18.435 0.497734 0.00409199 0.86732
50.3794 -6.66467 18.353 0.497062 -0.00333408 0.867709
50.7299 -7.58434 18.1452 0.501322 -0.00182826 0.865243
51.2318 -8.42719 17.8569 0.502351 0.00302079 0.864658
52.2015 -9.74824 17.3128 0.491777 0.00143809 0.870666
52.7008 -10.8559 17.0239 0.48504 -0.00206736 0.874466
52.8493 -11.999 16.9463 0.479521 0.00448758 0.877519
52.601 -13.0459 17.0841 0.481004 0.00163659 0.876715
51.9178 -13.9471 17.4524 0.502213 -0.0156467 0.864555
51.1829 -14.6933 17.8759 0.510579 -0.0144572 0.859709
50.4312 -15.4708 18.3154 0.514126 -0.0111183 0.857643
49.9041 -16.3604 18.624 0.518801 -0.0074506 0.854862
49.4666 -17.7557 18.8767 0.515944 -0.00473927 0.856593
49.3723 -18.8354 18.9334 0.54852 -0.00053285 0.836137
49.5979 -19.8955 18.7866 0.545961 -0.00343906 0.83779
50.0463 -20.9125 18.4998 0.533821 0.00260983 0.845593
50.6621 -21.779 18.1165 0.532762 -0.00473268 0.846203
51.368 -22.5188 17.7026 0.499898 -0.00733404 0.866053
52.0996 -23.2207 17.2762 0.495248 -0.0127447 0.868621
52.7894 -23.888 16.8652 0.497083 -0.0202171 0.867467
53.9131 -25.2317 16.2091 0.483364 -0.0146583 0.875297
54.4781 -26.5872 15.8677 0.482472 -0.0237905 0.87554
54.6337 -27.7744 15.7531 0.47915 -0.0273869 0.877287
54.359 -28.868 15.865 0.483237 -0.0319686 0.874904
53.7369 -29.818 16.185 0.499524 -0.0238643 0.86597
52.7694 -30.5565 16.7566 0.515386 -0.0158595 0.85672
51.4093 -30.9239 17.5587 0.515995 -0.0285182 0.856116
50.025 -30.6441 18.4384 0.546442 -0.0228937 0.837183
49.2462 -30.2486 18.9501 0.541029 -0.00697043 0.840965
47.9126 -29.1277 19.8101 0.538326 -0.00340512 0.842724
47.2702 -28.3913 20.2666 0.57506 -0.00684769 0.818083
46.4278 -27.2257 20.8693 0.579304 -0.00817168 0.815057
45.9223 -26.2333 21.242 0.580142 9.27029e-05 0.814465
45.498 -24.7029 21.5314 0.571179 0.0059377 0.820781
45.5058 -23.0899 21.5045 0.565098 0.00547931 0.824975
45.9058 -21.8449 21.2181 0.55893 0.0134843 0.829105
46.4021 -20.8778 20.8787 0.549201 0.000352196 0.835685
46.8726 -19.7689 20.5722 0.548806 -0.00150877 0.835948
47.1955 -18.3633 20.3648 0.54829 -0.00272542 0.836283
47.2777 -17.128 20.3015 0.531652 0.00995925 0.846902
47.085 -16.1509 20.412 0.529858 0.00649391 0.848055
46.6062 -14.8991 20.7097 0.543115 0.00330814 0.839635
46.0379 -13.7994 21.0664 0.543598 0.0086095 0.839301
45.5342 -12.8955 21.4094 0.5606 -0.00608108 0.828064
44.9159 -11.6531 21.8187 0.559537 0.0108631 0.828734
44.6367 -10.6038 21.9938 0.559322 0.00699882 0.828913
44.6986 -9.56339 21.9495 0.564359 -0.000963934 0.825529
45.0863 -8.52817 21.6876 0.56266 0.000768826 0.826684
45.7571 -7.67112 21.2335 0.555135 0.00101307 0.83176
46.6671 -6.93564 20.6253 0.55492 -0.00140548 0.8319
47.3867 -6.35901 20.1742 0.5279 0.000880039 0.849306
48.2804 -5.45601 19.6183 0.528666 0.00209385 0.848826
48.9433 -3.95814 19.2006 0.518085 -0.00149024 0.855245
49.0875 -2.9619 19.128 0.523858 -0.0145856 0.851681
48.8472 -1.68426 19.2882 0.530295 -0.000672418 0.84781
48.2824 -0.145939 19.6468 0.53302 0.00180256 0.846089
47.6682 1.07965 20.0461 0.540013 -0.00364878 0.841649
47.204 2.08324 20.3445 0.537879 -0.000728295 0.843022
47.0084 3.15335 20.4722 0.537375 -0.00262393 0.843339
47.2034 4.43872 20.3525 0.543419 0.0029942 0.839452
47.6313 5.31469 20.0756 0.534828 0.00269434 0.844922
48.2691 6.13204 19.6847 0.522085 -0.0110484 0.852822
49.2312 6.87918 19.1061 0.524743 -0.00301263 0.851196
50.6246 7.85691 18.2287 0.520675 0.0112133 0.85365
51.4449 8.1637 17.7392 0.50435 0.0118959 0.863417
52.3143 8.30497 17.2313 0.50105 0.0114736 0.865341
53.2543 8.37264 16.6868 0.500572 0.0109991 0.865625
54.4807 8.26512 15.9942 0.487798 0.00305818 0.872951
55.3055 7.88703 15.5357 0.476725 0.00625837 0.87897
56.0508 7.32418 15.1471 0.470447 0.0108968 0.88236
56.6435 6.51194 14.834 0.462479 -0.00101328 0.886578
57.0714 5.38983 14.6224 0.460545 0.0133629 0.887484
57.2565 3.99799 14.555 0.4668 0.0162974 0.884213
57.204 2.83129 14.6039 0.456801 0.0200914 0.889263
56.9186 1.7561 14.7623 0.445103 0.0124252 0.895393
56.4095 0.936675 15.0291 0.46174 0.00541335 0.886998
55.4498 -0.0116905 15.5334 0.463133 0.00279611 0.886284
55.3149 -0.134978 15.6043 0.460193 0.000213846 0.887809
55.7214 -0.746371 15.3935 0.460056 -0.000428848 0.88788
56.8141 0.280069 14.8178 0.455861 -0.00717875 0.889904
57.6595 1.70856 14.3947 0.445114 0.0126402 0.895385
57.9154 2.78364 14.2497 0.447363 0.0191651 0.894133
57.9578 3.78318 14.202 0.446317 0.0231302 0.894576
57.8572 4.89673 14.2259 0.433793 0.0125044 0.900925
57.6437 5.95354 14.3272 0.446052 0.00274418 0.895003
57.0897 7.19764 14.5993 0.455733 0.00762497 0.890043
56.4363 7.97556 14.9364 0.462371 0.00566319 0.886669
55.6288 8.55872 15.3565 0.484399 0.00598581 0.874808
54.5566 9.08042 15.9464 0.488574 0.00825606 0.872483
53.6503 9.17407 16.4561 0.493016 0.00514598 0.870005
52.6417 9.11024 17.0331 0.497603 0.00476 0.867392
51.3742 8.89718 17.7702 0.510147 0.00852433 0.860008
50.3417 8.52022 18.3946 0.516427 0.00465153 0.856319
49.4938 7.99714 18.9269 0.527998 0.0149526 0.849114
48.5149 7.23885 19.541 0.514172 0.004477 0.857669
47.7064 6.57026 20.0257 0.513365 0.00066275 0.85817
47.1026 5.75614 20.4151 0.541394 0.00165464 0.840767
46.384 4.12913 20.8872 0.54503 0.00486156 0.838402
46.3895 2.51585 20.8651 0.541423 -0.00589786 0.840711
46.7376 1.37733 20.6416 0.538124 -0.000188743 0.842866
47.3727 0.220239 20.2322 0.540322 -0.00356479 0.841451
47.9455 -0.963451 19.8607 0.538853 -0.00157461 0.842399
48.2898 -1.99447 19.6388 0.537132 -0.00727869 0.843444
48.3877 -3.29518 19.5583 0.534177 -0.0114469 0.845295
48.054 -4.5149 19.7605 0.536587 -0.00375533 0.843837
47.1993 -5.62161 20.2979 0.53716 -0.00860313 0.843436
45.9765 -6.58117 21.0869 0.554339 -0.00334813 0.832284
45.2094 -7.19883 21.599 0.56041 0.000661159 0.828197
44.5561 -8.05937 22.0477 0.565908 0.00155674 0.824466
44.046 -9.391 22.3959 0.567229 -0.000466055 0.823556
43.9534 -10.4906 22.4604 0.568716 0.00353382 0.822521
44.1534 -11.5023 22.3345 0.563924 0.0118808 0.825741
44.6196 -12.5642 22.0321 0.563256 0.00975331 0.82622
45.1359 -13.5147 21.6746 0.5606 -0.00608108 0.828064
45.8203 -14.7529 21.218 0.544073 0.00567741 0.839011
46.2533 -15.661 20.9378 0.546317 -0.00144475 0.837576
46.5875 -17.039 20.7346 0.533562 0.0113813 0.845683
46.5729 -18.1249 20.7575 0.53132 0.0105215 0.847105
46.1448 -19.9043 21.0516 0.553913 -0.00429749 0.832563
45.6253 -20.969 21.3997 0.576602 0.00957701 0.81696
45.0998 -22.0388 21.7785 0.576744 0.00677367 0.816897
44.8308 -23.1186 21.9791 0.576907 0.00861893 0.816764
44.8416 -24.528 21.9893 0.580272 0.0125348 0.814321
45.0575 -25.6296 21.8491 0.581379 0.00868645 0.813579
45.6565 -27.2024 21.4233 0.583437 -0.00788885 0.81212
46.3935 -28.3077 20.8853 0.58132 -0.00428945 0.813643
47.0992 -29.1856 20.3826 0.576687 -0.00450003 0.816953
47.7614 -29.9233 19.9053 0.560166 -0.0066305 0.82806
48.7991 -30.795 19.2322 0.53879 -0.00418016 0.84243
49.751 -31.3507 18.599 0.546825 -0.0219021 0.83696
50.6842 -31.6142 17.9887 0.52883 -0.0166137 0.84856
51.7244 -31.7042 17.3425 0.520904 -0.0236723 0.853249
52.9588 -31.3178 16.622 0.508361 -0.0263098 0.860742
53.7837 -30.7619 16.1356 0.503867 -0.00937608 0.863509
54.6104 -29.9337 15.6862 0.483443 -0.0220138 0.875038
55.0992 -28.9208 15.455 0.480482 -0.0325335 0.876401
55.3262 -27.887 15.369 0.48064 -0.0326051 0.876311
55.2347 -26.6653 15.4575 0.477233 -0.0251257 0.878415
54.7516 -25.2869 15.7452 0.476794 -0.0124216 0.878893
54.1694 -24.3479 16.0823 0.48343 -0.0150734 0.875253
53.5354 -23.6553 16.4448 0.483598 -0.0159785 0.875144
52.8583 -22.986 16.847 0.495468 -0.0129432 0.868494
52.1565 -22.3283 17.249 0.496692 -0.00618684 0.867896
51.4918 -21.6794 17.6382 0.499881 -0.00732817 0.866063
50.517 -20.4432 18.2206 0.510515 -0.010349 0.859806
50.0891 -19.1053 18.4916 0.509314 -0.0115298 0.860504
50.1539 -17.8271 18.466 0.513109 -0.000778654 0.858323
50.4981 -16.6826 18.2613 0.515678 -0.00430234 0.856761
51.031 -15.815 17.9514 0.514126 -0.0111183 0.857643
51.8981 -14.979 17.4467 0.501945 -0.0134527 0.864741
52.6008 -14.2757 17.0588 0.493582 -0.0135688 0.869593
53.1967 -13.4676 16.7383 0.491233 -0.0194011 0.870812
53.5898 -12.0963 16.5416 0.481012 0.00213282 0.876708
53.4824 -11.0758 16.5965 0.479581 0.000470151 0.877497
53.125 -9.9924 16.7914 0.484773 -0.00320645 0.874608
52.6056 -9.15047 17.0805 0.488238 0.00835582 0.87267
51.9608 -8.3448 17.4329 0.495208 0.00604173 0.868709
51.3068 -7.36149 17.814 0.499614 -0.00800598 0.866211
50.9978 -6.40803 17.9997 0.498382 -0.00431568 0.866945
50.9642 -5.02439 18.0173 0.497757 0.00394885 0.867308
51.3154 -3.87478 17.8251 0.485997 -4.00718e-06 0.87396
51.8485 -3.08166 17.5274 0.498728 0.0119834 0.866676
52.6846 -2.43999 17.0375 0.498981 0.0115863 0.866535
53.4834 -2.03761 16.5796 0.488433 -0.000631836 0.872601
54.4682 -1.62102 16.0377 0.459704 0.00656214 0.888041
55.1621 -1.18425 15.6793 0.457133 -0.00302619 0.889393
55.5351 -1.84752 15.4915 0.456069 0.0052066 0.889929
54.1817 -2.52818 16.1953 0.472318 0.0108617 0.881279
52.8688 -3.08173 16.9402 0.499058 0.0121728 0.866483
51.9365 -4.08063 17.4797 0.486029 -0.00163535 0.87394
51.6681 -5.04291 17.6254 0.486034 -0.00310396 0.873934
51.6684 -6.51396 17.6124 0.494808 -0.00840295 0.86894
52.2686 -7.67696 17.2597 0.481015 -0.00350701 0.876611
52.947 -8.45272 16.8928 0.472339 -0.00714575 0.881388
53.5198 -9.26326 16.5799 0.472895 -0.00711315 0.881089
53.9724 -10.2136 16.3307 0.473733 -0.00389268 0.88066
54.2437 -11.3306 16.1808 0.473962 -0.00310885 0.88054
54.2419 -12.5656 16.1823 0.483149 0.000162571 0.875538
53.8726 -13.7644 16.3656 0.474 -0.019696 0.880304
53.322 -14.5636 16.6487 0.477653 0.00476545 0.87851
52.5967 -15.3492 17.0528 0.483606 0.0033846 0.875279
51.6115 -16.1834 17.6036 0.508034 -0.00524864 0.861321
50.8827 -17.5055 18.0306 0.510392 -0.00126421 0.859941
50.7467 -18.8806 18.1055 0.50892 -0.011268 0.86074
50.947 -19.897 17.9734 0.506914 -0.0104675 0.86193
51.5866 -20.8131 17.59 0.499935 -0.00644364 0.866039
52.3349 -21.5443 17.1527 0.496682 -0.0063395 0.867901
53.023 -22.1677 16.7585 0.493616 -0.00523817 0.869664
54.3189 -23.4534 16.0156 0.483598 -0.0159785 0.875144
54.9297 -24.1659 15.6655 0.48343 -0.0150734 0.875253
55.5665 -25.3858 15.3094 0.470725 -0.00973378 0.882226
55.927 -26.454 15.0904 0.474547 -0.0273814 0.879799
56.0378 -27.5791 14.9906 0.481206 -0.0301015 0.876085
55.7499 -29.1181 15.0909 0.479693 -0.0327107 0.876826
55.3478 -30.1045 15.2796 0.467485 -0.0226768 0.883707
54.7226 -30.8977 15.6089 0.490982 -0.0166538 0.87101
53.9095 -31.5929 16.055 0.491 -0.017923 0.870973
53.0801 -32.119 16.5291 0.506684 -0.018813 0.861926
51.8115 -32.53 17.2643 0.516402 -0.0253823 0.855859
50.5388 -32.3552 18.0668 0.531895 -0.0204123 0.846544
49.5628 -32.0572 18.714 0.55911 -0.0100424 0.829032
48.2202 -31.2465 19.6008 0.547528 -0.00679555 0.836696
47.2315 -30.309 20.2776 0.579861 -0.00878686 0.814668
46.6019 -29.5891 20.7352 0.581163 -0.00470036 0.813756
45.648 -28.3922 21.4243 0.587132 -0.00373458 0.809482
45.1042 -27.6135 21.8211 0.586206 -0.00305741 0.810157
44.6881 -26.5879 22.1246 0.587986 0.00769612 0.808833
44.3659 -25.5438 22.347 0.58622 0.0102065 0.810087
44.1812 -24.3774 22.4609 0.584177 0.0151866 0.811484
44.2309 -22.6821 22.4007 0.579913 0.00842337 0.814634
44.8 -21.1058 21.9838 0.576792 0.00939397 0.816828
45.3588 -20.0896 21.5733 0.565007 0.00415687 0.824912
45.7773 -19.0614 21.3004 0.553913 -0.00429749 0.832563
45.9521 -18.0724 21.1596 0.554983 0.020981 0.831597
45.9086 -16.584 21.1777 0.566082 0.00211665 0.823971
45.1902 -14.9223 21.6423 0.579956 0.0184436 0.814414
44.3625 -13.48 22.2136 0.573539 0.000320308 0.819176
43.8993 -12.6092 22.5231 0.564745 0.00600861 0.825241
43.5402 -11.6771 22.7574 0.570197 0.00980113 0.821435
43.276 -10.4274 22.9309 0.573122 0.00479981 0.81945
43.454 -9.06155 22.8054 0.572638 -0.00130201 0.819794
43.8544 -7.9092 22.5293 0.567176 -0.00129149 0.823592
44.3749 -7.05077 22.1716 0.569845 -0.00358099 0.821745
45.0505 -6.36017 21.7065 0.564785 -0.00584188 0.825193
45.9192 -5.75431 21.1283 0.554163 -0.0036457 0.8324
46.8333 -5.04598 20.538 0.5405 -0.00627957 0.841309
47.4218 -4.31728 20.1638 0.538094 -0.00323511 0.842879
47.776 -2.85475 19.9513 0.535479 -0.0123465 0.844458
47.6225 -1.85577 20.0643 0.536184 -0.0130388 0.844
47.0908 -0.635011 20.4095 0.540247 -0.00338235 0.8415
46.5984 0.232481 20.7293 0.539923 -0.00376989 0.841706
46.0976 1.09862 21.0525 0.541527 -0.000198161 0.840683
45.7229 2.43139 21.2986 0.546352 -0.00660598 0.837527
45.6586 3.74485 21.3545 0.545749 -0.00953392 0.837894
45.8444 4.87739 21.2337 0.548125 0.00264115 0.83638
46.2537 5.74784 20.9624 0.543479 0.00337444 0.839412
46.9361 6.72004 20.5073 0.544358 0.0158638 0.838703
47.5866 7.43561 20.0979 0.516579 0.00387269 0.856213
48.3237 7.99247 19.6489 0.514727 0.00786163 0.857318
49.1087 8.62332 19.1546 0.526956 0.0157848 0.849746
49.9127 9.1158 18.6503 0.51575 0.0115857 0.856632
51.4039 9.63616 17.7445 0.51092 0.0134437 0.859502
52.5249 9.85755 17.0963 0.498139 0.00437422 0.867086
53.6711 9.9547 16.4405 0.49257 0.00384114 0.870265
54.7039 9.88701 15.8568 0.489783 0.0054173 0.871823
55.7765 9.35307 15.2776 0.464418 -0.00163674 0.885614
56.6355 8.7583 14.8286 0.462354 0.000557969 0.886695
57.4463 7.98477 14.4097 0.455505 0.0090133 0.890149
57.9731 7.0602 14.1572 0.447564 0.0122679 0.894166
58.36 5.96871 13.9701 0.439486 0.00656131 0.898186
58.5493 4.89973 13.8926 0.433793 0.0125044 0.900925
58.6417 3.85671 13.8641 0.43255 0.0139993 0.901501
58.4687 2.02813 13.9852 0.447177 0.0145502 0.894327
58.1535 1.01898 14.1588 0.446163 0.0133866 0.894851
57.4816 -0.0666595 14.48 0.44486 -0.0155701 0.895465
56.6816 -0.926055 14.8893 0.466376 0.00114109 0.884586
55.8477 -1.59538 15.3297 0.460803 0.0034678 0.887479
56.3385 -2.21557 15.0728 0.465322 0.00130112 0.88514
55.3854 -2.86764 15.5741 0.465036 0.00156772 0.88529
54.2975 -3.3599 16.1437 0.474582 0.0111967 0.880077
53.3515 -3.52297 16.6683 0.490573 0.0130456 0.871248
52.6491 -4.40292 17.0801 0.486341 -0.00809065 0.873719
52.2402 -5.76106 17.3004 0.489925 -0.00626463 0.871742
52.6163 -7.02295 17.0731 0.48962 -0.0120692 0.871852
53.3772 -7.69631 16.666 0.471142 0.00420883 0.882047
53.9751 -8.45435 16.3426 0.472118 -0.00807133 0.881498
54.474 -9.3942 16.0659 0.472727 -0.00831223 0.88117
54.856 -10.46 15.8545 0.473044 -0.00393228 0.88103
54.9816 -11.5692 15.7825 0.474214 -0.00308177 0.880404
54.8872 -13.0806 15.8289 0.472381 -0.00161635 0.881391
54.6441 -14.2532 15.9499 0.467393 -0.0067218 0.884024
53.9173 -14.9605 16.3323 0.471961 0.00463135 0.881607
53.2934 -15.7172 16.6708 0.477283 0.00573662 0.878716
52.6025 -16.4565 17.0445 0.478445 -0.0116901 0.87804
51.7961 -17.1955 17.4893 0.509112 -0.00274983 0.860694
51.3992 -18.1068 17.7235 0.509309 -0.000243912 0.860583
51.4673 -19.3499 17.6759 0.502928 -0.0131767 0.864228
52.2567 -20.5336 17.2055 0.499742 -0.00637805 0.866151
53.0198 -21.0364 16.777 0.484559 -0.00930622 0.874691
53.7251 -21.8971 16.3703 0.48611 -0.0141027 0.873784
54.4208 -22.5438 15.9862 0.472937 -0.0107713 0.88103
55.0789 -23.2523 15.6106 0.470851 -0.0270382 0.881791
55.7027 -24.0706 15.2611 0.463411 -0.0208691 0.885898
56.281 -25.345 14.9287 0.466834 -0.0154474 0.884181
56.6354 -26.4183 14.7036 0.482048 -0.0323733 0.875544
56.8125 -28.1407 14.5538 0.460745 -0.0190383 0.88732
56.3938 -29.3804 14.7431 0.466814 -0.0206984 0.884113
56.0084 -30.4484 14.9208 0.466578 -0.0251457 0.884122
55.4451 -31.316 15.1938 0.479036 -0.0204385 0.877438
54.6105 -31.9778 15.6513 0.49062 -0.0200161 0.871144
53.8604 -32.5038 16.0668 0.500081 -0.0155275 0.865839
52.8231 -33.0785 16.659 0.505672 -0.0193223 0.862509
51.5725 -33.4703 17.3841 0.518978 -0.0206347 0.854413
50.7398 -33.1257 17.9163 0.540559 -0.0179616 0.841029
49.5577 -32.942 18.7045 0.560135 -0.0146151 0.828272
48.7053 -32.5249 19.2845 0.548591 -0.00722793 0.835986
47.9812 -31.945 19.7515 0.547528 -0.00679555 0.836696
47.0835 -31.273 20.3754 0.585452 -0.00553053 0.810683
46.3982 -30.553 20.8747 0.589091 -0.00296969 0.80806
45.5154 -29.4931 21.5196 0.590078 0.00310624 0.80734
44.5573 -28.2493 22.2223 0.597004 -0.000342193 0.802236
44.2575 -27.0965 22.444 0.591372 0.00943033 0.806337
43.829 -25.9258 22.7409 0.588721 0.0129721 0.808223
43.4576 -24.7182 22.9936 0.594129 0.0129908 0.804265
43.4998 -23.0619 22.9293 0.587134 0.0137671 0.809345
43.8467 -21.6351 22.6659 0.587526 0.00394858 0.809176
44.2932 -20.6895 22.3343 0.579116 0.0117335 0.815151
44.9483 -19.3144 21.8502 0.564954 0.00442356 0.82495
45.3062 -18.1517 21.5928 0.567034 0.00869872 0.823436
45.3899 -16.9871 21.5348 0.578513 -0.00976214 0.81556
44.8791 -15.6793 21.8811 0.582314 0.0189416 0.812732
44.2318 -14.581 22.3093 0.576847 0.0133034 0.816676
43.5637 -13.4336 22.7591 0.564869 0.00947058 0.825123
43.1122 -12.306 23.0623 0.566819 0.00899527 0.823783
42.6335 -11.3497 23.3984 0.589589 0.0103502 0.807636
42.6478 -9.99231 23.3716 0.583077 0.00377833 0.812352
42.7789 -8.93187 23.282 0.57651 -0.00276847 0.817085
43.174 -7.7376 23.0007 0.571813 0.000626957 0.820372
43.6984 -6.80129 22.6418 0.569554 -0.00370257 0.821946
44.5426 -5.87407 22.0606 0.569666 -0.00352388 0.821869
45.4773 -5.2094 21.4271 0.558445 -0.00515067 0.829522
46.791 -4.09809 20.5678 0.545455 -0.00859755 0.838095
47.161 -2.56494 20.3465 0.539997 -0.0117994 0.841571
46.8009 -1.48646 20.5922 0.539091 -0.00493607 0.842231
46.1216 -0.247402 21.0326 0.539575 -0.0037881 0.841929
45.389 0.725647 21.511 0.546056 -0.00436838 0.837729
45.1291 1.8146 21.6823 0.546296 -0.00334154 0.837584
44.9856 3.34553 21.7894 0.546665 -0.00889986 0.837304
45.1523 4.79075 21.6911 0.549106 -0.0010243 0.835747
45.4821 5.7227 21.4715 0.551324 0.00161629 0.83429
46.1059 6.95041 21.0482 0.553865 0.0073299 0.832574
46.8294 7.88913 20.5615 0.543546 -0.00443129 0.839283
48.1476 8.79285 19.7474 0.520836 0.0117342 0.853536
49.0835 9.49763 19.1559 0.527089 0.0119501 0.849726
49.9759 9.93564 18.5952 0.521846 0.0124949 0.852919
50.8814 10.3137 18.0445 0.511004 0.0133972 0.859455
51.741 10.4565 17.5375 0.501491 0.00955836 0.865078
53.2249 10.7428 16.6895 0.49436 0.00816161 0.869218
54.4321 10.6901 16.001 0.495185 0.0173926 0.868607
55.3543 10.7016 15.5039 0.463091 -0.0052518 0.886295
56.5246 9.75848 14.886 0.463559 -0.000818526 0.886064
57.4537 9.01854 14.4018 0.455867 -0.00570737 0.889978
58.3603 7.96938 13.9566 0.424941 -0.00346705 0.905212
58.8481 7.0013 13.727 0.422879 -0.00120692 0.906185
59.0954 5.91721 13.6177 0.432763 0.010725 0.901444
59.302 4.06519 13.544 0.425003 0.0159582 0.905011
59.4977 2.90689 13.4799 0.417541 0.0154182 0.908512
58.9505 1.28303 13.7652 0.437171 0.0185353 0.899188
58.5623 0.287809 13.9655 0.423501 -0.0038828 0.905887
57.7133 -0.8932 14.3503 0.43198 -0.0128675 0.901673
57.0929 -1.81326 14.6736 0.466319 0.00115382 0.884615
56.3782 -2.1857 15.0518 0.46583 0.00180982 0.884872
49.7895 -3.93001 18.7006 0.508524 -0.00181995 0.861046
49.7664 -4.02282 18.7141 0.508679 -0.00359685 0.860947
49.3632 -5.24423 18.9445 0.517608 -0.000790362 0.855534
48.8104 -5.91465 19.2889 0.527272 0.000679004 0.849696
47.8176 -6.85468 19.907 0.527774 0.000852615 0.849384
46.8792 -7.64389 20.4965 0.53701 0.0101654 0.843462
46.1878 -8.27638 20.9552 0.544776 0.0127693 0.838484
45.5632 -9.24702 21.3664 0.549344 0.000704863 0.835544
45.3494 -10.3096 21.5134 0.556384 0.00335997 0.830918
45.5544 -11.4281 21.3861 0.558586 0.00799448 0.829403
46.2496 -12.8688 20.9276 0.559332 0.000435376 0.828915
46.8285 -13.9329 20.5557 0.543598 0.0086095 0.839301
47.2678 -14.8729 20.2838 0.533092 -0.000616302 0.846041
47.623 -15.856 20.0681 0.539941 0.0128095 0.841606
47.9124 -16.9526 19.8975 0.545108 0.00510152 0.838305
47.8695 -17.9851 19.9237 0.549425 -0.00245156 0.835539
47.7243 -19.3101 20.0148 0.548816 -0.00266572 0.835939
47.132 -20.8162 20.4008 0.548324 -0.000775477 0.836265
46.564 -21.9695 20.7768 0.553601 0.00883552 0.832701
46.1015 -23.6006 21.1012 0.560809 0.000608459 0.827945
46.163 -24.8098 21.067 0.572579 0.000665794 0.819849
46.4533 -25.8479 20.864 0.571614 -0.000444903 0.820521
47.2397 -27.2864 20.2974 0.574949 -0.00807041 0.818149
47.9129 -28.1626 19.8167 0.57506 -0.00684769 0.818083
48.6728 -28.9211 19.3253 0.538326 -0.00340512 0.842724
49.4031 -29.4946 18.8554 0.540847 -0.00715103 0.841081
50.4395 -29.9866 18.1784 0.53977 -0.012574 0.841692
51.4295 -30.1368 17.5691 0.51415 -0.0109643 0.85763
52.4014 -29.8748 16.9913 0.517912 -0.0185354 0.855176
53.1557 -29.3489 16.5379 0.515115 -0.0269619 0.856618
53.7102 -28.55 16.2444 0.503694 -0.039868 0.862962
53.9133 -27.5543 16.1584 0.49534 -0.0193659 0.868453
53.703 -26.442 16.3085 0.491691 -0.0247894 0.870416
53.2422 -25.4927 16.5805 0.487496 -0.00965559 0.873071
52.3997 -24.4802 17.0782 0.500879 -0.015581 0.865377
51.7346 -23.8192 17.4754 0.504536 -0.0164771 0.863224
51.0732 -23.1807 17.8729 0.50541 -0.00174182 0.862877
50.4196 -22.5004 18.2575 0.519382 -0.00746947 0.854337
49.8203 -21.723 18.6459 0.533212 0.00386998 0.845972
49.3135 -20.8638 18.9624 0.540574 -0.00177109 0.841243
48.9351 -19.902 19.2178 0.546884 -0.00719473 0.837178
48.6715 -18.8036 19.3932 0.54933 -0.00135982 0.835604
48.8703 -17.6387 19.2653 0.55024 -0.00153516 0.835005
49.1364 -16.3585 19.0909 0.535133 -0.00388121 0.844552
49.799 -15.2603 18.6994 0.517825 -0.00971125 0.855431
50.4316 -14.4836 18.3258 0.515212 -0.00922895 0.85701
51.1224 -13.7957 17.9246 0.50448 -0.000954779 0.863423
52.0511 -12.4577 17.3872 0.500607 -0.00145501 0.865674
51.9084 -10.6899 17.4702 0.493507 -0.00152471 0.869725
51.3913 -9.75387 17.7691 0.49652 0.00711199 0.867961
50.4373 -8.36022 18.3181 0.502242 0.00318811 0.864721
50.0048 -7.48596 18.5698 0.518982 0.00220828 0.854769
49.6464 -6.57069 18.78 0.519039 0.007268 0.854719
49.6346 -5.52317 18.7826 0.502998 -0.000614088 0.864253
49.2724 -7.33116 19.0135 0.519628 0.0075092 0.85436
49.6734 -8.21437 18.7686 0.513825 0.00188915 0.857863
50.2484 -9.17519 18.4349 0.506651 0.00464406 0.862137
50.7711 -9.97603 18.1321 0.50446 0.00303304 0.863428
51.24 -10.8711 17.8599 0.503723 0.000427552 0.863864
51.1787 -12.6147 17.8924 0.504321 -0.00127461 0.863515
50.5512 -13.3993 18.2587 0.511743 -0.0025778 0.859089
49.7646 -14.2088 18.7308 0.517575 -0.00680097 0.85561
48.933 -15.2679 19.2249 0.52714 -0.00690702 0.84969
48.1976 -15.7108 19.6971 0.54011 0.0126683 0.841499
47.6932 -14.3083 20.0162 0.533092 -0.000616302 0.846041
47.2452 -13.4014 20.2936 0.52973 0.00203427 0.848164
46.7989 -12.5418 20.5718 0.531148 -0.0026448 0.84727
46.0733 -10.8972 21.0375 0.533514 0.00106062 0.845772
46.0717 -9.88833 21.0377 0.541501 -0.00107605 0.840699
46.5107 -8.96603 20.7561 0.543111 0.00613435 0.839607
47.347 -8.1275 20.2095 0.528805 0.00833777 0.848702
48.2972 -7.30464 19.6094 0.528227 0.0046157 0.849082
48.666 -6.99666 19.3799 0.524064 0.00434857 0.851649
48.6759 -8.08078 19.3758 0.526386 0.00131744 0.850202
47.2689 -9.13751 20.2677 0.533141 0.00536093 0.846009
46.7827 -10.0398 20.5825 0.534282 0.00684824 0.845278
46.8381 -11.0722 20.555 0.532858 -0.00457352 0.846192
47.2314 -11.9913 20.3024 0.530932 -0.00299277 0.847405
47.6517 -12.8689 20.0393 0.529371 -0.000390472 0.84839
48.1026 -13.7505 19.7591 0.532673 -0.000977466 0.846308
49.1121 -13.8243 19.1313 0.524742 -0.00551439 0.851223
49.8164 -13.1797 18.7062 0.518642 -0.003696 0.854983
50.5239 -12.2983 18.2802 0.517456 0.000578792 0.855696
50.5979 -11.2676 18.2366 0.509752 -0.000614889 0.860317
50.2021 -10.298 18.4666 0.509136 0.00320033 0.860679
49.5529 -9.21873 18.8463 0.51109 0.00481382 0.859514
48.942 -8.31129 19.2135 0.520042 -0.00198148 0.854139
48.8549 -8.1271 19.2669 0.519785 -0.00175888 0.854295
48.3012 -9.23177 19.6177 0.533402 0.00531116 0.845844
49.3786 -10.0463 18.9542 0.518581 0.00847382 0.854932
49.8568 -10.9989 18.6735 0.509136 0.00320033 0.860679
49.6697 -12.3668 18.7949 0.51661 0.00501357 0.856206
48.9981 -13.0515 19.2021 0.522098 -0.00237929 0.852861
48.1099 -12.4028 19.7538 0.52731 -0.00099104 0.849672
47.711 -11.4729 20.0037 0.530932 -0.00299277 0.847405
47.5064 -10.179 20.1261 0.53414 0.00676773 0.845369
48.1039 -9.22452 19.742 0.533141 0.00536093 0.846009
48.1915 -9.16567 19.6865 0.533318 0.0041158 0.845905
48.4246 -10.0139 19.5459 0.533369 0.00655113 0.845857
48.414 -11.1791 19.5678 0.525811 0.00508891 0.850551
48.8628 -11.9231 19.2875 0.526472 -0.00204735 0.85019
49.2763 -11.0685 19.0335 0.526672 0.00578923 0.850014
48.6624 -10.1882 19.3993 0.526032 0.0130541 0.850365
48.5718 -10.0571 19.4534 0.529733 0.00959536 0.848094
48.4893 -20.4986 19.5039 0.549412 -0.00632293 0.835522
48.937 -21.4838 19.203 0.540574 -0.00177109 0.841243
49.5482 -22.4341 18.8087 0.534 -0.012764 0.845388
50.1803 -23.2129 18.3973 0.520456 -0.00714004 0.853686
50.8375 -23.8986 18.0025 0.508113 -0.0184072 0.861093
51.514 -24.5532 17.5902 0.504413 -0.0170828 0.863285
52.223 -25.3065 17.1672 0.499985 -0.0114642 0.865958
52.9005 -26.321 16.7625 0.494134 -0.0104289 0.869296
53.2052 -27.3567 16.5705 0.500247 -0.0140039 0.865769
52.9112 -28.4606 16.7113 0.503311 -0.0236027 0.8637
51.7585 -29.3 17.3834 0.50925 -0.0162566 0.860465
50.8151 -29.3035 17.9538 0.534191 -0.0176694 0.845177
49.5833 -28.7605 18.746 0.535252 -0.00764467 0.84461
48.8647 -28.1875 19.2038 0.537129 -0.000834508 0.8435
48.1227 -27.3996 19.6766 0.55583 -0.00392641 0.830975
47.3898 -26.3909 20.2023 0.571843 -0.0119458 0.820274
46.9517 -25.3862 20.5179 0.567728 -0.00659497 0.823159
46.7301 -24.3033 20.6779 0.556986 0.00139752 0.83052
47.0119 -22.5335 20.4851 0.551452 0.00697916 0.834171
47.4447 -21.6039 20.1934 0.554987 0.00159833 0.831857
48.4861 -20.5587 19.5057 0.551929 -0.00549131 0.833873
48.653 -22.2402 19.392 0.554384 0.00875354 0.832213
47.825 -22.1957 19.9408 0.554987 0.00159833 0.831857
47.4923 -23.1383 20.1725 0.551452 0.00697916 0.834171
47.3598 -24.344 20.2581 0.550565 -0.0136069 0.834577
47.8598 -25.9481 19.8809 0.568805 -0.016392 0.822284
48.406 -26.7291 19.4991 0.543609 -0.0145724 0.839157
49.0798 -27.4919 19.0666 0.537656 0.000503601 0.843164
50.0425 -28.1948 18.4546 0.533932 0.000614617 0.845527
51.2042 -28.567 17.725 0.521333 -0.00819018 0.853188
52.0411 -28.2928 17.2351 0.508802 -0.0154842 0.860744
52.4426 -27.3083 17.0154 0.508399 -0.0152608 0.860986
52.0799 -26.2935 17.2403 0.504656 -0.00373658 0.863312
51.4874 -25.5092 17.5892 0.502091 -0.00716454 0.864771
50.5811 -24.5965 18.1434 0.528093 0.00176251 0.849184
49.934 -23.913 18.5452 0.543177 -0.00733453 0.839357
49.3077 -23.1541 18.9633 0.555921 0.00869265 0.831189
49.0607 -22.8521 19.1254 0.555952 0.00846393 0.831171
48.4044 -23.2869 19.5676 0.553812 0.0065966 0.832616
47.9567 -24.1056 19.8682 0.550565 -0.0136069 0.834577
48.2333 -25.2422 19.6506 0.550788 -0.0234415 0.834315
48.7775 -26.1637 19.2687 0.550116 -0.0198967 0.834851
49.6059 -27.0455 18.7315 0.536714 -0.00402462 0.843747
50.5731 -27.6313 18.1198 0.52303 -0.00727287 0.852153
51.5596 -27.5165 17.5342 0.510988 -0.0155227 0.859447
51.3734 -26.4443 17.6539 0.51101 0.000327816 0.859569
50.4119 -25.3813 18.2503 0.528115 -0.00665234 0.849105
49.7644 -24.6959 18.6515 0.528282 0.00187171 0.849067
49.0829 -23.8818 19.1183 0.557729 -0.0159297 0.82987
48.8974 -23.8331 19.2439 0.555876 -0.00471229 0.831172
48.7377 -24.6375 19.3358 0.554094 -0.0204439 0.832179
49.5133 -25.4122 18.8095 0.528642 -0.00653026 0.848777
50.2179 -26.2221 18.3562 0.528556 -0.0144986 0.848775
49.183 -25.5814 19.015 0.543997 -0.0140451 0.838914
48.7709 -24.7605 19.3102 0.550431 -0.0244933 0.834521
48.7547 -24.7152 19.3223 0.550332 -0.0246714 0.834581
