-89.3219 -44.0933 53.8441 -0.864855 -0.017354 0.501716
-89.1302 -45.2437 54.139 -0.864386 -0.0153021 0.502596
-88.9393 -44.3344 54.4953 -0.864871 -0.0173561 0.50169
-89.2527 -43.2374 53.9972 -0.865128 -0.0196159 0.501168
-89.5606 -42.7953 53.4754 -0.867097 -0.0152965 0.497904
-88.96 -41.8778 54.5461 -0.866484 -0.00758076 0.499142
-88.5166 -43.1102 55.2767 -0.86714 -0.0200734 0.497659
-88.5168 -44.2664 55.2299 -0.867446 -0.0190261 0.497167
-88.5391 -45.5381 55.1423 -0.867937 -0.0192067 0.496303
-88.9468 -46.29 54.418 -0.863425 -0.0171656 0.504185
-89.5198 -45.4649 53.4621 -0.862399 -0.0145884 0.506003
-89.624 -43.8844 53.3305 -0.864855 -0.017354 0.501716
-89.6122 -43.7374 53.3568 -0.866158 -0.0174619 0.499457
-89.947 -43.5588 52.7881 -0.862421 -0.0136611 0.506004
-89.8931 -42.3972 52.9115 -0.863978 -0.0113848 0.503401
-89.7675 -41.399 53.1477 -0.86396 -0.0100379 0.503461
-89.2798 -41.0131 54.0039 -0.866609 -0.00734745 0.498928
-88.7446 -41.0282 54.9292 -0.865589 -0.00603575 0.500719
-88.2623 -41.8018 55.7661 -0.867539 -0.0106018 0.497209
-88.1807 -42.9322 55.8692 -0.866786 -0.018707 0.498326
-88.148 -44.8298 55.8538 -0.867761 -0.018113 0.496651
-88.2601 -46.2757 55.6021 -0.869422 -0.0157936 0.493798
-88.8574 -47.0471 54.5608 -0.862088 -0.00522507 0.506731
-89.7665 -46.6526 53.0199 -0.860534 -0.00758925 0.509327
-89.9099 -45.6823 52.7973 -0.859954 -0.011834 0.51023
-89.9502 -44.5998 52.7564 -0.861113 -0.0133965 0.508236
-89.9547 -44.2782 52.7577 -0.861649 -0.0131135 0.507334
-90.2967 -44.2335 52.175 -0.862872 -0.0109192 0.505302
-90.2865 -45.2918 52.1699 -0.860795 -0.0123457 0.508803
-90.1758 -46.9115 52.3252 -0.860215 -0.00746448 0.509877
-89.7826 -47.6851 52.9819 -0.861628 -0.00525177 0.507513
-89.2524 -47.8264 53.8809 -0.861935 -0.00492421 0.506994
-88.3711 -47.7075 55.3761 -0.861034 -0.00703774 0.508499
-87.9172 -47.2269 56.1864 -0.87091 -0.0113433 0.491312
-87.8026 -46.0225 56.4196 -0.870941 -0.0124377 0.49123
-87.796 -44.2613 56.4894 -0.867761 -0.018113 0.496651
-87.8236 -43.06 56.4847 -0.870185 -0.0156963 0.492415
-87.8847 -41.5536 56.4304 -0.86763 -0.0100977 0.497054
-88.0436 -40.5628 56.159 -0.869518 -0.00539287 0.493871
-88.921 -40.2614 54.6331 -0.865627 -0.00581982 0.500655
-89.589 -40.2871 53.4777 -0.866609 -0.00734745 0.498928
-90.1538 -40.7701 52.4983 -0.862682 -0.0133245 0.505571
-90.2516 -41.9465 52.306 -0.864057 -0.0105606 0.503284
-90.2812 -43.0987 52.2283 -0.863682 -0.0117784 0.503899
-90.2881 -43.5731 52.2058 -0.863376 -0.0118173 0.504422
-90.6445 -43.7943 51.5916 -0.860462 -0.0115305 0.509384
-90.6406 -45.008 51.5784 -0.859838 -0.00951394 0.510476
-90.6123 -46.0505 51.6034 -0.859638 -0.00984534 0.510807
-90.599 -47.2668 51.6096 -0.85778 -0.00526598 0.51399
-90.4169 -48.2141 51.8978 -0.86107 -0.00818839 0.508361
-89.6732 -48.5645 53.1624 -0.861482 -0.00158976 0.507785
-89.1573 -48.5521 54.0358 -0.860509 -0.00380499 0.509421
-88.3502 -48.505 55.4008 -0.860995 -0.00552474 0.508581
-87.7655 -48.4068 56.4269 -0.87044 -0.0122492 0.492123
-87.4811 -47.2984 56.9579 -0.872978 -0.013787 0.487535
-87.4384 -46.2807 57.0642 -0.8758 -0.013506 0.482485
-87.4445 -44.8057 57.0972 -0.875534 -0.0181198 0.48281
-87.4658 -43.5759 57.1087 -0.874174 -0.020438 0.48518
-87.494 -42.2475 57.1034 -0.874722 -0.014936 0.484394
-87.5202 -41.2359 57.0835 -0.875282 -0.0070292 0.483532
-87.797 -39.8106 56.6036 -0.872473 -0.00550454 0.488612
-88.3084 -39.5617 55.7028 -0.869463 -0.00427477 0.493979
-88.8644 -39.5312 54.7338 -0.86591 -6.57371e-05 0.500199
-89.4557 -39.5371 53.7101 -0.864865 -0.00140047 0.501997
-90.1577 -39.6239 52.5162 -0.860746 -0.000319423 0.509035
-90.5429 -40.3474 51.8454 -0.862607 -0.0134237 0.505696
-90.6281 -41.4818 51.6737 -0.855977 -0.0160675 0.516743
-90.6297 -42.5473 51.6458 -0.860648 -0.0111804 0.509077
-90.6315 -42.7536 51.638 -0.860739 -0.0117674 0.508911
-91.0301 -43.0116 50.958 -0.860761 -0.0132357 0.508833
-91.0324 -41.172 51.0128 -0.857179 -0.0204768 0.514611
-90.9968 -40.1225 51.0943 -0.855504 -0.00925284 0.517713
-90.8554 -39.1932 51.3438 -0.856086 -0.00865223 0.51676
-89.9257 -38.6473 52.9086 -0.862234 -0.000876422 0.506499
-89.4123 -38.6146 53.7888 -0.86374 -0.00191045 0.503935
-88.8424 -38.6559 54.7719 -0.867592 -0.00214706 0.497255
-88.1966 -38.7277 55.9069 -0.869296 -0.00447314 0.494271
-87.6372 -38.8959 56.8921 -0.870006 -0.00389369 0.493025
-87.1474 -39.6349 57.7744 -0.878412 -0.00865715 0.477825
-87.1099 -40.7988 57.8326 -0.875363 -0.00723797 0.48338
-87.0703 -41.9001 57.8769 -0.873944 -0.0120505 0.485878
-87.0226 -42.986 57.9311 -0.874773 -0.0161413 0.484264
-87.0342 -44.0731 57.8686 -0.875643 -0.0178858 0.482624
-87.0371 -45.268 57.823 -0.876327 -0.016259 0.481441
-87.0306 -46.3868 57.8014 -0.875564 -0.0140166 0.482899
-87.0856 -47.7203 57.6616 -0.875411 -0.0147961 0.483152
-87.1827 -48.8945 57.449 -0.87349 -0.0130847 0.486638
-87.5899 -49.4583 56.7144 -0.870655 -0.00966466 0.491798
-88.1017 -49.2442 55.8148 -0.865397 -0.00697841 0.500945
-89.0346 -49.3562 54.237 -0.860447 -0.00392505 0.509525
-89.5683 -49.441 53.3355 -0.860331 -0.00375253 0.509722
-90.0998 -49.5121 52.4358 -0.862766 -0.00173734 0.505594
-90.7619 -49.0497 51.3012 -0.861107 -0.00674208 0.508327
-91.0689 -47.7635 50.8204 -0.857734 -0.00964558 0.513985
-91.0628 -46.3077 50.8477 -0.856759 -0.00662358 0.515674
-91.0456 -45.0684 50.8974 -0.858235 -0.00807827 0.513186
-91.0017 -43.8757 50.9871 -0.860208 -0.00923388 0.509856
-91.0055 -43.4106 50.9908 -0.861109 -0.0108641 0.508302
-91.0294 -43.1002 50.9567 -0.861652 -0.0127278 0.507336
