-41.0215 43.3394 24.4745 -0.686952 -0.013834 0.726516
-40.9949 41.9658 24.4677 -0.676629 -0.0241928 0.735926
-40.6354 41.8556 24.8043 -0.69858 -0.016649 0.715338
-40.3799 43.0354 25.0884 -0.706838 -0.0383151 0.706258
-40.6978 44.2219 24.8096 -0.707897 -0.0237449 0.705459
-40.1162 44.5281 25.4337 -0.726064 -0.024322 0.687196
-40.8163 45.1335 24.7221 -0.70562 -0.0237776 0.707766
-41.4805 44.5155 24.0734 -0.693173 -0.0150199 0.720557
-41.7146 43.3222 23.8262 -0.68213 -0.00640263 0.731203
-41.5402 41.7646 23.9604 -0.676515 -0.0234625 0.736055
-40.9892 40.6301 24.431 -0.687608 -0.019529 0.725648
-40.3066 40.2727 25.0897 -0.69942 -0.016415 0.714522
-39.9358 41.2252 25.4762 -0.701436 -0.016359 0.712544
-39.9326 42.8983 25.5311 -0.70755 -0.0277552 0.706118
-39.9994 43.9716 25.5336 -0.706277 -0.0487091 0.706258
-40.0062 44.0812 25.5343 -0.71647 -0.0364824 0.696414
-39.4695 43.7609 26.0489 -0.706277 -0.0487091 0.706258
-39.4276 42.5319 26.0228 -0.710253 -0.0324913 0.703169
-39.4083 41.3142 26.0204 -0.754076 -0.0122971 0.65665
-39.4208 40.1815 25.992 -0.752179 -0.0122808 0.658835
-39.8426 39.2625 25.5367 -0.726454 0.0096602 0.687132
-40.6756 39.4805 24.7203 -0.695833 -0.008884 0.718148
-41.7608 40.4244 23.744 -0.662237 -0.00868192 0.749239
-42.2018 41.939 23.3635 -0.661002 -0.00528061 0.750359
-42.3168 42.9851 23.2739 -0.663853 -0.00981378 0.747799
-42.2193 44.4193 23.3826 -0.663539 -0.0185319 0.747904
-41.6428 45.5755 23.9296 -0.684497 -0.0160972 0.728632
-40.9395 45.9611 24.6265 -0.705299 -0.0230335 0.70851
-39.7872 45.8322 25.8123 -0.724519 -0.011992 0.68915
-39.5403 44.8937 26.0566 -0.738944 -0.0340385 0.672424
-39.5371 44.8421 26.0556 -0.723694 -0.0538257 0.68752
-39.014 44.7636 26.6284 -0.738944 -0.0340385 0.672424
-38.9563 43.2093 26.5889 -0.750988 -0.0279882 0.659719
-38.9435 42.0024 26.5741 -0.758267 -0.0104243 0.651861
-38.9159 40.9867 26.5811 -0.756021 -0.0168001 0.654332
-38.9106 39.8169 26.5639 -0.749152 -0.018593 0.662137
-38.9055 38.7092 26.5401 -0.738036 -0.00148088 0.674372
-39.6108 38.1351 25.7827 -0.721695 -0.0396545 0.691074
-40.3136 38.4536 25.0557 -0.710997 0.00184411 0.70274
-41.0484 38.8187 24.3753 -0.675682 0.00116376 0.737192
-41.9487 39.5071 23.5636 -0.662198 -0.0127226 0.74922
-42.4883 40.3316 23.1014 -0.661181 -0.00834047 0.750166
-42.7853 41.7698 22.8512 -0.658358 -0.00567233 0.752683
-42.9155 42.9708 22.7431 -0.660498 -0.00750107 0.750783
-42.9041 44.1087 22.771 -0.661569 -0.0151277 0.749731
-42.4878 45.6293 23.1676 -0.661165 -0.00878025 0.750176
-41.9502 46.3804 23.659 -0.683141 -0.0144984 0.729976
-41.2261 46.7271 24.3692 -0.703302 -0.0266944 0.710373
-40.0235 46.8461 25.5817 -0.716875 -0.0189922 0.696831
-39.0647 45.8081 26.5872 -0.732678 -0.0136232 0.680439
-39.0578 45.7831 26.5941 -0.734722 -0.0113718 0.678262
-38.5039 45.5588 27.194 -0.736261 -0.00887239 0.67664
-38.4938 44.3111 27.1682 -0.751966 -0.0394394 0.657675
-38.4657 42.7357 27.142 -0.760429 -0.017408 0.649144
-38.4335 41.4031 27.1491 -0.75614 -0.0168226 0.654194
-38.3977 40.1887 27.1487 -0.742092 -0.0304857 0.669528
-38.376 39.1068 27.1359 -0.737707 -0.0224732 0.674747
-38.3028 37.9084 27.1531 -0.732369 -0.0382127 0.679825
-38.2922 36.6343 27.0886 -0.729656 -0.0545826 0.681632
-39.1 37.0563 26.2535 -0.726116 -0.0382915 0.686471
-39.9341 37.4244 25.4124 -0.71276 -0.0239078 0.701001
-40.8248 37.8193 24.5543 -0.682371 -0.0295 0.7304
-41.9402 38.4672 23.5502 -0.66534 -0.0257253 0.745855
-42.8474 39.474 22.7733 -0.658571 -0.010772 0.752441
-43.2543 40.6687 22.4418 -0.647674 0.0030094 0.761911
-43.4219 41.819 22.3023 -0.652807 -0.00133817 0.757495
-43.5346 43.3342 22.2077 -0.639252 -0.00761185 0.768931
-43.5123 44.4312 22.2431 -0.65829 -0.0161695 0.75259
-43.2253 45.6722 22.5166 -0.661128 -0.00338839 0.750264
-42.4426 46.9958 23.2176 -0.675053 -0.0164212 0.737328
-41.5161 47.4962 24.097 -0.688294 0.00179093 0.725304
-40.7855 47.6026 24.8203 -0.707787 0.00839414 0.706375
-39.6751 47.6556 25.9459 -0.724011 0.00535204 0.689719
-38.9679 47.5824 26.7022 -0.73053 0.00856193 0.682827
-38.5507 46.5882 27.1566 -0.73459 -0.0112296 0.67841
-38.0167 46.8918 27.7556 -0.746081 -0.00603149 0.66582
-37.9811 45.1865 27.7769 -0.74976 -0.0112648 0.661614
-37.9901 44.005 27.7481 -0.760212 -0.0240146 0.649231
-37.9778 42.7897 27.7177 -0.76412 -0.0181771 0.644766
-37.927 41.5518 27.7331 -0.752384 -0.0197118 0.658429
-37.8753 39.8654 27.7166 -0.745981 -0.0383297 0.664863
-37.8003 38.4235 27.7279 -0.733597 -0.0407987 0.678358
-37.6029 37.0518 27.8584 -0.757006 -0.0364785 0.651404
-37.1491 35.9637 28.1785 -0.716319 -0.103145 0.690106
-36.5741 35.3056 28.6748 -0.712799 -0.106486 0.693232
-37.2341 35.4219 28.0111 -0.702943 -0.0962258 0.70452
-38.3033 35.7369 27.0101 -0.713411 -0.0689965 0.696657
-39.2109 36.2404 26.0888 -0.714034 -0.0440913 0.698652
-40.4313 36.8014 24.8854 -0.698031 -0.0268089 0.715259
-41.4548 37.2924 23.9488 -0.679844 -0.0271219 0.732855
-42.177 37.682 23.327 -0.652516 -0.0200578 0.757508
-42.9319 38.3065 22.682 -0.658438 -0.0133586 0.752516
-43.6006 39.4651 22.1269 -0.647467 -0.0209165 0.761807
-43.8963 40.6831 21.8969 -0.64459 0.000721987 0.764519
-44.0587 41.9048 21.7626 -0.641994 -0.00216894 0.766706
-44.17 43.3849 21.6851 -0.636106 -0.0125867 0.771499
-44.1287 44.5872 21.7171 -0.639354 -0.00606151 0.768751
-43.7278 46.2337 22.0771 -0.657087 -0.00060679 0.75381
-43.1695 47.2427 22.5752 -0.662387 0.00243331 0.749126
-42.3771 48.085 23.2805 -0.679755 0.00667714 0.733293
-41.5791 48.3079 24.0362 -0.697341 0.00454877 0.716725
-40.8238 48.3959 24.7709 -0.702341 0.00762239 0.711763
-40.099 48.4293 25.5054 -0.718799 0.00166759 0.695216
-39.3758 48.4695 26.2541 -0.724918 0.0055953 0.688756
-38.6774 48.4676 27.027 -0.749817 -0.00621859 0.661616
-38.1034 47.8964 27.6722 -0.745575 -0.00891902 0.666362
-38.0957 47.7886 27.6793 -0.745557 -0.00903751 0.666381
-37.5332 48.0186 28.3118 -0.745575 -0.00891902 0.666362
-37.4661 46.7004 28.3729 -0.746686 -0.00252016 0.665172
-37.4563 45.4503 28.3842 -0.751421 -0.00371912 0.659764
-37.4835 44.3062 28.3524 -0.758943 -0.0105825 0.650931
-37.4839 42.9136 28.3127 -0.76796 -0.0124912 0.640376
-37.4336 41.7026 28.3194 -0.767437 -0.0361395 0.640105
-37.3846 40.3923 28.3059 -0.759146 -0.0416408 0.64948
-37.3529 39.3466 28.2845 -0.770536 -0.0277562 0.636687
-37.2889 38.3262 28.3172 -0.781086 -0.0340058 0.623497
-37.1318 37.305 28.4598 -0.756406 -0.0951756 0.643319
-36.6653 36.4344 28.7674 -0.732834 -0.157298 0.661974
-36.1089 35.7306 29.2181 -0.723646 -0.130054 0.677061
-35.4575 35.2898 29.8305 -0.732632 -0.182417 0.655707
-34.8205 34.6816 30.3782 -0.704669 -0.173646 0.686671
-33.973 34.8868 31.2242 -0.67873 -0.157006 0.717249
-34.1593 34.4224 30.952 -0.688146 -0.143929 0.711141
-34.7768 33.9671 30.2695 -0.6888 -0.114356 0.715707
-35.4977 34.0352 29.5642 -0.699836 -0.109097 0.705922
-36.3648 34.1505 28.7093 -0.70543 -0.0954298 0.702159
-37.3526 34.4699 27.7828 -0.687274 -0.0775712 0.722245
-38.0801 34.7812 27.1245 -0.691201 -0.0705225 0.719157
-38.8511 35.2013 26.3972 -0.715566 -0.0589019 0.695887
-39.7743 35.6285 25.4846 -0.706705 -0.0466198 0.70597
-40.4916 35.9583 24.7937 -0.688085 -0.032715 0.724757
-41.556 36.4777 23.825 -0.679886 -0.0264446 0.73284
-42.5789 36.9344 22.9613 -0.650265 -0.026773 0.759208
-43.2957 37.5766 22.3602 -0.632683 0.00407997 0.774399
-43.9825 38.6331 21.7971 -0.629339 -0.00412333 0.777098
-44.4012 39.8464 21.4747 -0.628068 -0.0111601 0.778077
-44.5619 40.8353 21.35 -0.62601 0.00542346 0.779796
-44.6841 41.873 21.2452 -0.619989 -0.00234567 0.784536
-44.7948 43.0009 21.1636 -0.611623 -0.00258833 0.791143
-44.7738 44.5012 21.1914 -0.626819 0.00411919 0.779129
-44.5403 45.9713 21.3786 -0.623318 -0.00127965 0.781967
-44.1658 46.9476 21.6931 -0.65989 -0.00120866 0.751349
-43.4404 48.0805 22.3248 -0.663047 0.0093319 0.748519
-42.8535 48.7578 22.8473 -0.670932 0.00193894 0.741517
-42.09 49.0738 23.5391 -0.672098 -0.00418015 0.74045
-41.2559 49.1538 24.3434 -0.69749 0.011799 0.716497
-40.5338 49.1967 25.0567 -0.71711 -0.00460692 0.696942
-39.8311 49.2323 25.7839 -0.719696 -0.00492714 0.694272
-39.1231 49.2869 26.5299 -0.740875 -0.0113305 0.671403
-38.4344 49.3304 27.3107 -0.750024 -0.00633531 0.661381
-37.6867 48.9735 28.1533 -0.747092 -0.00316569 0.664679
-37.6183 48.4568 28.2224 -0.746064 -0.0093213 0.665809
-37.0091 48.817 28.9113 -0.746354 -0.00996405 0.665474
-36.9441 47.3014 28.9615 -0.748782 -0.00833635 0.662752
-36.9245 46.0514 28.9841 -0.750987 0.0019672 0.660313
-36.9541 45.039 28.9573 -0.751772 0.00579135 0.659398
-36.9915 43.6593 28.9177 -0.761374 -0.00932141 0.648157
-36.987 42.4754 28.8985 -0.767324 -0.0248424 0.640681
-36.9168 41.1262 28.9061 -0.767274 -0.0364599 0.640282
-36.8836 39.8646 28.8753 -0.771525 -0.0271499 0.635529
-36.841 38.723 28.8946 -0.775883 -0.0179491 0.630621
-36.6931 37.6622 29.0281 -0.756355 -0.0945304 0.643614
-36.2361 36.8204 29.3343 -0.731693 -0.15687 0.663334
-35.5925 36.1084 29.9072 -0.741918 -0.169525 0.648538
-34.5977 35.6848 30.829 -0.673347 -0.170482 0.719402
-33.858 35.5659 31.4925 -0.67209 -0.169482 0.720811
-32.8677 35.5135 32.368 -0.65363 -0.162679 0.739028
-32.0146 35.6398 33.1547 -0.655126 -0.149174 0.740634
-31.2461 35.602 33.8173 -0.645352 -0.157024 0.747572
-30.4546 35.541 34.4869 -0.643447 -0.158028 0.749002
-29.6715 35.5182 35.1493 -0.622581 -0.175342 0.762658
-28.8717 35.5614 35.8109 -0.601331 -0.162505 0.781775
-27.9703 35.5674 36.4902 -0.613587 -0.127804 0.779213
-27.1103 35.6113 37.1745 -0.602449 -0.112092 0.789956
-26.2158 35.6739 37.7942 -0.542815 -0.121009 0.831085
-25.2685 35.7668 38.4284 -0.574599 -0.0623245 0.815782
-24.295 35.9592 39.1651 -0.597673 -0.0580292 0.799637
-23.173 35.8232 39.9994 -0.597644 -0.0519786 0.800041
-22.4271 35.3566 40.5208 -0.592408 -0.0485962 0.804171
-21.7216 34.394 40.9818 -0.592606 -0.0506154 0.803899
-21.2644 33.5063 41.2306 -0.576348 -0.0709648 0.814117
-20.7491 31.8951 41.4585 -0.579281 -0.0685781 0.812238
-20.6656 30.8954 41.4317 -0.577883 -0.0700455 0.813108
-20.782 29.1448 41.1878 -0.567147 -0.082407 0.819483
-20.9454 28.1815 40.9772 -0.572548 -0.0862208 0.81532
-21.3745 26.7963 40.5351 -0.582234 -0.0842921 0.808556
-21.8777 25.7815 40.066 -0.589646 -0.0761572 0.804063
-22.5389 25.0854 39.5146 -0.590259 -0.0769303 0.803539
-23.403 24.478 38.7824 -0.618451 -0.0765958 0.782081
-24.2212 24.3039 38.1184 -0.622187 -0.0802394 0.778721
-25.2772 24.5997 37.2997 -0.624406 -0.0851261 0.776447
-26.0733 25.2141 36.7229 -0.633923 -0.072456 0.769896
-26.6081 25.9972 36.3411 -0.64271 -0.0665623 0.763212
-27.0619 27.0839 36.0639 -0.637569 -0.0899426 0.7651
-27.5805 28.6947 35.832 -0.63347 -0.0945605 0.767966
-27.7374 29.8522 35.8432 -0.637942 -0.0934977 0.764387
-27.8957 31.0094 35.8662 -0.634816 -0.106565 0.765279
-28.2891 32.5105 35.7611 -0.627441 -0.117358 0.769769
-29.0027 33.5947 35.3468 -0.628314 -0.119597 0.768708
-29.7228 34.0534 34.8271 -0.637116 -0.127052 0.760092
-30.6746 34.3093 34.0558 -0.64329 -0.135508 0.753535
-31.5201 34.3713 33.3448 -0.654464 -0.139848 0.7429
-32.2043 33.9784 32.65 -0.660994 -0.129152 0.739154
-32.9841 33.5648 31.8756 -0.657876 -0.144982 0.739039
-33.8724 33.333 31.0109 -0.682406 -0.128022 0.719538
-34.7373 33.1312 30.1726 -0.677269 -0.116813 0.726403
-35.7251 33.1915 29.2078 -0.690976 -0.101143 0.715606
-36.7266 33.4054 28.2649 -0.695069 -0.0809719 0.714347
-37.5665 33.6845 27.4949 -0.686076 -0.0774972 0.723389
-38.67 34.2516 26.4809 -0.701194 -0.0620645 0.710082
-39.6642 34.7013 25.5458 -0.694611 -0.0409861 0.718146
-40.4835 35.0625 24.7628 -0.697567 -0.031477 0.715827
-41.468 35.5793 23.8744 -0.679162 -0.0304138 0.733346
-42.4174 35.9226 23.0599 -0.63805 -0.0208332 0.769713
-43.5446 36.716 22.1557 -0.63182 -0.0243446 0.774732
-44.138 37.5162 21.6735 -0.63037 0.00191842 0.776287
-44.7689 38.7019 21.162 -0.628011 -0.00465585 0.778168
-45.0957 40.0007 20.9174 -0.626864 -0.0121953 0.779033
-45.2234 41.0635 20.8179 -0.617533 -0.000759941 0.786464
-45.3551 42.151 20.7273 -0.610525 -0.00804819 0.791956
-45.4589 43.3205 20.6532 -0.610728 -0.00309425 0.791834
-45.3948 44.8084 20.6968 -0.616473 0.00451463 0.78731
-45.2688 45.8167 20.7978 -0.623114 -0.00107324 0.78213
-44.7441 47.4091 21.218 -0.6248 0.00502462 0.78076
-44.0627 48.4228 21.7804 -0.649756 -0.000138039 0.760143
-43.3467 49.4339 22.4033 -0.663771 -0.00771796 0.74783
-42.5174 49.8485 23.1556 -0.671438 -0.00490881 0.741044
-41.7001 49.9144 23.899 -0.685013 0.00236123 0.728293
-40.9855 49.9647 24.6002 -0.714504 -0.00698238 0.699595
-39.7693 50.0219 25.8534 -0.725581 -0.0106521 0.687975
-39.0794 50.0838 26.5963 -0.732775 -0.0167925 0.680263
-38.3952 50.1576 27.3628 -0.746476 -0.00248612 0.665378
-37.6821 50.1766 28.1545 -0.743044 0.000967146 0.669242
-37.0196 49.5496 28.9016 -0.747704 0.00318795 0.664025
-37.0207 49.097 28.9025 -0.746954 -0.00343262 0.664834
-36.4669 49.111 29.5237 -0.748796 -0.00861025 0.662733
-36.4977 50.7747 29.4757 -0.743497 0.00924363 0.668668
-37.2348 51.037 28.6458 -0.739903 0.0197025 0.672344
-38.0231 51.0083 27.7734 -0.742839 0.00678071 0.669436
-38.7159 50.9362 27.007 -0.735338 0.00120852 0.677697
-39.4287 50.8332 26.2365 -0.73314 0.00269648 0.680071
-40.1658 50.7859 25.4465 -0.719384 0.00140138 0.694588
-40.8791 50.7679 24.7142 -0.71513 0.00708543 0.69895
-42.1791 50.6785 23.4674 -0.672533 0.00689367 0.740035
-42.9324 50.6215 22.7839 -0.665918 0.00336289 0.745962
-43.6613 50.376 22.1411 -0.658465 -0.0101177 0.752541
-44.5002 49.0676 21.4138 -0.636706 -0.00296477 0.771081
-45.0471 48.3399 20.9687 -0.622389 0.00564986 0.782688
-45.5164 47.3915 20.5997 -0.624022 0.00173569 0.781405
-45.8633 46.0872 20.3245 -0.615935 0.00106213 0.787724
-46.0275 45.0683 20.2065 -0.6103 0.0078142 0.792132
-46.1211 43.6096 20.144 -0.607044 -0.00439726 0.794645
-46.0195 42.3726 20.2171 -0.610055 -0.00371024 0.79235
-45.8962 41.2778 20.307 -0.589153 0.0015908 0.80802
-45.7806 40.2173 20.387 -0.595504 -0.00739554 0.803276
-45.6289 39.2179 20.4967 -0.602192 -0.00334447 0.798341
-45.1805 37.9162 20.8464 -0.605793 0.0129879 0.795515
-44.5095 36.8166 21.3741 -0.606804 -0.000902849 0.794726
-43.897 35.9899 21.846 -0.631242 -0.0242712 0.775206
-42.6812 35.1263 22.8197 -0.638254 -0.017789 0.769614
-41.8809 34.9132 23.481 -0.650763 -0.011659 0.759037
-40.8749 34.3396 24.3638 -0.670388 -0.0220323 0.741509
-40.001 33.9842 25.1742 -0.690843 -0.0485061 0.721376
-39.0413 33.5463 26.0699 -0.698741 -0.0489156 0.713701
-38.143 33.1107 26.8931 -0.68375 -0.0719215 0.72616
-37.1574 32.7004 27.7768 -0.683806 -0.0748665 0.725789
-36.2497 32.4489 28.6199 -0.685245 -0.0872608 0.723021
-35.0611 32.2065 29.7095 -0.691434 -0.102112 0.715043
-34.1336 32.3135 30.6053 -0.682758 -0.105394 0.723003
-33.2006 32.6149 31.5148 -0.666547 -0.112411 0.73688
-32.3161 32.9851 32.3766 -0.666251 -0.11779 0.736357
-31.5183 33.3223 33.14 -0.659043 -0.135202 0.739781
-30.7705 33.4587 33.8219 -0.64457 -0.133275 0.752834
-29.9619 33.2736 34.4848 -0.645597 -0.132005 0.752182
-28.9426 32.3909 35.2063 -0.633233 -0.122411 0.764218
-28.4883 31.0083 35.3745 -0.634466 -0.107288 0.765469
-28.2692 29.3788 35.341 -0.639944 -0.0974786 0.7622
-28.1224 28.3093 35.3246 -0.643555 -0.0977313 0.759132
-27.7241 27.0188 35.5001 -0.644119 -0.0947098 0.759038
-27.1657 25.5659 35.8206 -0.653672 -0.0764516 0.752906
-26.6216 24.7299 36.208 -0.652987 -0.0793864 0.753191
-25.7527 23.9376 36.8445 -0.62895 -0.0893011 0.772265
-24.6157 23.4867 37.7121 -0.626593 -0.0833758 0.774874
-23.7173 23.4805 38.4353 -0.621543 -0.0808185 0.779182
-22.5006 24.1236 39.4482 -0.610007 -0.0830817 0.788027
-21.8015 24.6693 40.0163 -0.590227 -0.0775366 0.803505
-21.1709 25.4987 40.5575 -0.589646 -0.0761572 0.804063
-20.5717 26.9291 41.1128 -0.571 -0.0806072 0.816978
-20.2379 28.123 41.4563 -0.561713 -0.0835777 0.823093
-20.0525 29.5678 41.727 -0.556862 -0.0782428 0.826912
-19.9953 30.611 41.8749 -0.558189 -0.0875113 0.825084
-20.1192 32.1767 41.9278 -0.573525 -0.0685932 0.816307
-20.4012 33.2503 41.8183 -0.575046 -0.06982 0.815136
-20.9125 34.3777 41.5505 -0.572624 -0.0600818 0.817614
-21.4695 35.337 41.2196 -0.581789 -0.0479947 0.811923
-22.1117 36.1565 40.8014 -0.592412 -0.0483961 0.804181
-23.4015 36.8416 39.892 -0.592765 -0.0482512 0.803928
-24.3748 36.8863 39.168 -0.599496 -0.052541 0.798652
-25.1467 36.5971 38.5707 -0.554435 -0.060196 0.828385
-26.5632 36.4622 37.6758 -0.570723 -0.091075 0.815467
-27.5727 36.3745 36.9263 -0.597179 -0.098392 0.795598
-28.4453 36.3379 36.2531 -0.588551 -0.126203 0.798549
-29.415 36.3789 35.5531 -0.589997 -0.111849 0.799361
-30.8536 36.3991 34.3251 -0.64414 -0.158378 0.74833
-31.7774 36.4155 33.5186 -0.650147 -0.153113 0.74421
-32.7583 36.3755 32.6517 -0.648516 -0.161209 0.743918
-33.6534 36.4109 31.8885 -0.659778 -0.181366 0.729136
-34.9846 36.5386 30.6692 -0.67498 -0.17529 0.716689
-35.677 36.9866 30.0292 -0.738327 -0.161673 0.654542
-36.1631 37.8233 29.6584 -0.762134 -0.167251 0.625046
-36.394 39.2221 29.4591 -0.783521 -0.0191027 0.621072
-36.399 40.3102 29.4876 -0.782588 -0.0187245 0.622257
-36.4295 41.3743 29.5064 -0.770977 -0.0370141 0.635786
-36.4916 42.7923 29.484 -0.759857 0.00058163 0.649995
-36.4781 43.8858 29.5105 -0.753528 -0.0043426 0.657397
-36.4526 44.9671 29.5301 -0.753207 0.00822476 0.657729
-36.4049 46.4911 29.5753 -0.751713 0.000657575 0.65949
-36.4085 47.6316 29.5744 -0.751242 -0.00674322 0.659993
-36.4358 48.2383 29.5496 -0.751255 -0.00701654 0.659975
-35.8413 48.3452 30.2241 -0.745151 0.000916121 0.666895
-35.9038 49.5246 30.1519 -0.745629 0.00534982 0.666339
-35.2019 50.9545 30.8453 -0.691589 0.0442594 0.720352
-34.5067 51.5362 31.4743 -0.683547 0.0292816 0.729181
-33.8852 50.8568 32.0737 -0.675084 0.0373379 0.736788
-33.1062 51.1604 32.7682 -0.656716 0.0309748 0.753157
-32.2625 51.2027 33.4734 -0.642956 0.0190066 0.765658
-31.4595 51.0521 34.1467 -0.626193 0.010509 0.779346
-30.6435 51.0305 34.7779 -0.613117 0.00230592 0.789986
-29.8259 50.4863 35.4085 -0.607917 0.000311953 0.793997
-28.7567 51.189 36.228 -0.610571 -0.00239815 0.791957
-29.549 52.0094 35.6199 -0.60936 0.000911218 0.792893
-30.7232 52.4534 34.7055 -0.616553 0.00960292 0.787236
-31.8411 52.4972 33.791 -0.639745 0.0232498 0.768235
-32.7342 52.4769 33.0428 -0.656917 0.025351 0.753338
-33.6625 52.1996 32.2191 -0.670004 0.0294467 0.741766
-34.409 52.2193 31.539 -0.684613 0.0279015 0.728195
-35.3936 52.1217 30.585 -0.7088 0.0373414 0.704299
-36.1754 51.877 29.7941 -0.71726 0.0432166 0.695464
-36.8617 51.9176 29.0307 -0.738399 0.0179071 0.674066
-37.6032 51.8908 28.23 -0.737971 0.00932588 0.674727
-38.3002 51.8388 27.4592 -0.736543 -0.000198288 0.676391
-38.9911 51.7292 26.7071 -0.736228 -0.00035321 0.676733
-39.7691 51.5653 25.8666 -0.73314 0.00269648 0.680071
-40.6 51.6422 24.9957 -0.721984 -0.00116145 0.691909
-41.3651 51.5832 24.2165 -0.682861 -0.00288395 0.730542
-42.6663 51.4753 23.0175 -0.665965 0.00385394 0.745916
-43.4729 51.3853 22.3096 -0.659662 0.00010798 0.751563
-44.1785 51.0576 21.6937 -0.653431 0.00215942 0.756953
-45.0619 49.7388 20.9568 -0.626403 -0.00767886 0.779444
-45.7467 48.6041 20.4133 -0.618446 -0.000742558 0.785821
-46.3465 47.5939 19.9559 -0.60517 -0.000826415 0.796093
-46.5103 46.0075 19.8368 -0.602183 0.00504022 0.798331
-46.7798 45.0354 19.6474 -0.588637 0.00594387 0.808373
-46.7923 43.8194 19.6476 -0.577721 0.00634111 0.816196
-46.705 42.6322 19.7218 -0.581481 0.00829974 0.813518
-46.6236 41.5096 19.7773 -0.581923 -0.00457876 0.813231
-46.5393 40.4728 19.8412 -0.584474 0.000298231 0.811351
-46.3462 39.368 19.9655 -0.586267 -0.00629689 0.810046
-46.0673 38.2708 20.1715 -0.600878 0.00755553 0.799305
-45.5582 37.1213 20.5735 -0.607022 0.000407025 0.794557
-45.0212 36.3544 20.972 -0.610648 -0.0125591 0.791799
-44.0705 35.0773 21.6941 -0.618155 -0.0117785 0.785965
-42.8413 34.3103 22.6712 -0.634079 -0.00948423 0.773171
-42.0308 34.0698 23.3404 -0.639216 -0.0143485 0.768893
-41.3187 33.7037 23.9625 -0.662072 -0.010365 0.749369
-40.3289 33.2178 24.8217 -0.677601 -0.0284401 0.734879
-39.3994 32.8565 25.6729 -0.687095 -0.0405689 0.725369
-38.6224 32.4411 26.3744 -0.685822 -0.0650222 0.724832
-37.6621 31.8756 27.228 -0.678433 -0.0632393 0.731933
-36.4681 31.624 28.3122 -0.683557 -0.0773914 0.725664
-35.7144 31.3024 28.9826 -0.677356 -0.0834137 0.730892
-34.9431 31.2378 29.6948 -0.681688 -0.0956479 0.725358
-34.1875 31.3786 30.4195 -0.679621 -0.0961192 0.727239
-33.4234 31.5263 31.1622 -0.675429 -0.104092 0.72996
-32.5898 31.9187 31.961 -0.664 -0.108672 0.739741
-31.6677 32.3112 32.8407 -0.662889 -0.109511 0.74066
-30.6367 32.5656 33.7928 -0.649148 -0.113561 0.752136
-29.8835 32.2872 34.399 -0.647731 -0.112912 0.753456
-29.2208 31.6132 34.8536 -0.632022 -0.116469 0.766144
-29.0126 30.2011 34.8261 -0.640162 -0.110554 0.760209
-28.8209 28.9294 34.8143 -0.650391 -0.0992699 0.753084
-28.6514 27.8976 34.8232 -0.643509 -0.097673 0.759178
-28.1122 26.3728 35.0915 -0.643726 -0.093646 0.759505
-27.8477 25.2094 35.1946 -0.650163 -0.0778631 0.755794
-27.1076 24.2288 35.7322 -0.65288 -0.0820726 0.753002
-26.1803 23.3197 36.4172 -0.63387 -0.09298 0.76783
-25.4131 22.6209 36.9834 -0.633284 -0.0628413 0.771355
-24.6415 22.6503 37.6146 -0.629619 -0.0637947 0.77428
-23.2989 22.6932 38.6953 -0.615318 -0.0657925 0.785514
-22.463 23.2031 39.3831 -0.610378 -0.0711756 0.788848
-21.6457 23.6717 40.0345 -0.589247 -0.0770364 0.804272
-21.0434 24.3406 40.5411 -0.581592 -0.0774992 0.809713
-20.4884 25.1981 41.008 -0.570881 -0.0746844 0.817629
-19.8957 26.7485 41.5647 -0.569333 -0.0793438 0.818268
-19.44 27.8248 41.9529 -0.534266 -0.0846065 0.840982
-19.473 28.9714 42.0593 -0.547457 -0.087443 0.832181
-19.3701 29.9805 42.2318 -0.553651 -0.0855498 0.828293
-19.1831 31.1891 42.4748 -0.54422 -0.0819861 0.834927
-19.5342 32.5691 42.363 -0.558176 -0.0646772 0.827196
-19.774 33.9268 42.3116 -0.56597 -0.0671101 0.821653
-20.3394 34.7323 41.9776 -0.572442 -0.0604861 0.817711
-21.1145 36.0499 41.516 -0.581704 -0.0478801 0.81199
-21.5584 36.9452 41.2435 -0.579668 -0.0401342 0.813862
-22.6975 37.4525 40.4476 -0.592491 -0.0482295 0.804132
-23.5814 37.8434 39.8193 -0.595996 -0.0436033 0.801781
-24.7425 37.6649 38.9432 -0.598308 -0.0506518 0.79966
-25.7087 37.2673 38.2837 -0.514197 -0.0620538 0.855423
-26.9486 37.319 37.4546 -0.579924 -0.0421033 0.813346
-28.0062 37.2858 36.7093 -0.579575 -0.077842 0.810956
-28.9118 37.2917 36.0351 -0.597771 -0.0823883 0.797422
-30.0071 37.1982 35.169 -0.643191 -0.110464 0.757696
-31.2977 37.2098 34.1098 -0.637154 -0.147311 0.756101
-32.2021 37.2641 33.333 -0.637135 -0.176488 0.750267
-33.2786 37.3165 32.4303 -0.635275 -0.179225 0.751202
-34.3636 37.2752 31.4434 -0.669482 -0.188828 0.718326
-35.1655 37.3287 30.7175 -0.703154 -0.201011 0.679813
-35.7668 38.0185 30.2167 -0.777909 -0.0995823 0.614869
-35.88 39.2097 30.107 -0.783628 -0.018952 0.620941
-35.8878 41.0542 30.1511 -0.783296 -0.017644 0.621398
-35.9161 42.1692 30.175 -0.766935 -0.0130974 0.641117
-35.8853 43.222 30.196 -0.761992 0.00983992 0.647511
-35.8907 44.2949 30.1853 -0.754941 0.00474617 0.655739
-35.8984 45.4335 30.1601 -0.755096 0.00477907 0.655597
-35.8265 46.6653 30.2343 -0.753024 0.00282829 0.657978
-35.8418 48.0771 30.2241 -0.748257 -0.00265755 0.663375
-28.3981 34.8041 36.0289 -0.622466 -0.1168 0.77385
-27.4439 34.7791 36.7843 -0.618557 -0.111696 0.77776
-26.5382 34.8588 37.496 -0.577428 -0.0965828 0.809813
-25.574 34.9448 38.1535 -0.558103 -0.0694684 0.826859
-24.6813 35.0672 38.8119 -0.592013 -0.0518151 0.804261
-23.6289 35.0256 39.5989 -0.603263 -0.0552062 0.795629
-22.6457 34.4583 40.3036 -0.597701 -0.0496289 0.800164
-22.0147 33.4327 40.6925 -0.576977 -0.071194 0.813651
-21.5063 32.1809 40.9437 -0.577121 -0.0709699 0.813569
-21.3501 31.1333 40.965 -0.578977 -0.069133 0.812407
-21.3819 29.9491 40.8404 -0.579224 -0.0726004 0.811929
-21.5602 28.5848 40.5908 -0.574531 -0.0777423 0.814746
-21.8367 27.6517 40.2876 -0.591844 -0.0873507 0.801306
-22.3748 26.459 39.765 -0.595946 -0.0721584 0.799741
-23.1022 25.66 39.1408 -0.612169 -0.0771315 0.786899
-23.8185 25.2413 38.5307 -0.617477 -0.0833804 0.782157
-24.7771 25.2972 37.7746 -0.624779 -0.078318 0.776864
-25.5116 25.7756 37.2316 -0.625343 -0.0783034 0.776411
-26.1958 26.7105 36.7503 -0.641583 -0.0764017 0.763171
-26.6365 27.6937 36.4908 -0.641413 -0.0862146 0.762336
-26.94 28.6474 36.3545 -0.633356 -0.0942083 0.768104
-27.1921 30.2093 36.3414 -0.635331 -0.0945416 0.766424
-27.42 31.6589 36.3345 -0.624548 -0.0942531 0.775278
-27.6957 32.6498 36.2638 -0.617733 -0.124045 0.776543
-28.1714 33.7358 36.0456 -0.626633 -0.120679 0.769914
-28.4706 34.1036 35.8598 -0.626615 -0.120848 0.769902
-27.3086 33.5589 36.7101 -0.601145 -0.1153 0.790726
-26.5246 34.0621 37.3824 -0.598625 -0.123265 0.791488
-25.7127 34.1515 37.9907 -0.575821 -0.0633137 0.814775
-24.9067 34.2412 38.5928 -0.592013 -0.0518151 0.804261
-24.0462 34.2252 39.2271 -0.603058 -0.048515 0.796215
-23.0845 33.7631 39.9304 -0.605514 -0.0503026 0.794243
-22.3299 32.4689 40.3844 -0.577511 -0.0710627 0.813284
-22.0468 31.3388 40.4868 -0.577268 -0.0708302 0.813477
-22.0574 29.8738 40.3514 -0.585386 -0.0755363 0.80719
-22.2474 28.5848 40.0861 -0.591989 -0.0783437 0.802129
-22.5625 27.6351 39.7497 -0.596333 -0.089933 0.797657
-23.5458 26.3479 38.8638 -0.611382 -0.0779694 0.787426
-24.307 26.1 38.2333 -0.624685 -0.0780186 0.77697
-25.3696 26.7325 37.4425 -0.62448 -0.0807714 0.776848
-25.9308 27.6322 37.0777 -0.641169 -0.0863923 0.762522
-26.2945 28.6172 36.8831 -0.637411 -0.0896168 0.765272
-26.5539 29.8677 36.8223 -0.629982 -0.0932955 0.770985
-26.7257 31.0855 36.8264 -0.630352 -0.0901571 0.771057
-27.0496 32.6 36.7698 -0.618473 -0.123484 0.776042
-27.3351 33.3215 36.658 -0.610473 -0.115239 0.783494
-26.3172 32.9797 37.3893 -0.603707 -0.105792 0.790155
-25.4097 33.404 38.1666 -0.611728 -0.0701586 0.787395
-24.477 33.4413 38.8584 -0.59275 -0.0514384 0.803741
-23.6901 33.207 39.436 -0.601471 -0.0463588 0.797548
-23.0805 32.4242 39.8403 -0.596894 -0.0804423 0.798275
-22.7475 31.4875 39.9967 -0.598271 -0.0798277 0.797307
-22.6661 30.4573 39.9543 -0.598183 -0.0767265 0.797671
-22.8345 29.0595 39.6986 -0.59602 -0.0764843 0.799306
-23.3309 27.7085 39.1747 -0.602284 -0.0927102 0.79288
-23.9552 27.1153 38.6205 -0.622142 -0.0820558 0.778586
-24.9594 27.4388 37.8482 -0.624295 -0.0835762 0.776705
-25.567 28.4274 37.4569 -0.629857 -0.0793588 0.772647
-25.8977 29.5391 37.3187 -0.629554 -0.093448 0.771316
-26.1224 30.9322 37.3016 -0.630273 -0.0901071 0.771127
-26.2867 32.1492 37.309 -0.629206 -0.0883875 0.772196
-26.2747 32.5492 37.3643 -0.616526 -0.0966729 0.781172
-25.6314 32.3228 37.8627 -0.629218 -0.0878141 0.772252
-24.6394 32.6545 38.6864 -0.597922 -0.0507255 0.799921
-23.4324 31.5309 39.4871 -0.595976 -0.0820049 0.798804
-23.322 30.5077 39.4668 -0.598886 -0.0773102 0.797088
-23.3959 29.4751 39.3152 -0.609459 -0.0804176 0.788592
-23.7396 28.4294 38.9275 -0.619949 -0.0806295 0.780489
-24.7708 28.3531 38.0983 -0.627028 -0.0814956 0.774712
-25.2037 29.2524 37.8497 -0.62909 -0.0938311 0.771649
-25.4974 30.462 37.7574 -0.624216 -0.0904465 0.775962
-25.6251 32.1523 37.8484 -0.629093 -0.088927 0.772227
-25.6338 32.2439 37.8518 -0.629206 -0.0883875 0.772196
-25.0222 31.2231 38.2289 -0.618488 -0.0969657 0.779789
-24.2066 31.635 38.9201 -0.597152 -0.0809598 0.79803
-24.0527 30.5133 38.9093 -0.618613 -0.0921838 0.780254
-24.1265 29.3043 38.7159 -0.619617 -0.0866843 0.780103
-24.8684 30.0247 38.2078 -0.619099 -0.0870963 0.780468
-24.991 30.4891 38.1623 -0.618889 -0.0919688 0.78006
