64.9375 44.5463 96.4268 0.855796 0.0102192 0.517147
65.312 44.7811 95.8074 0.855189 0.00311311 0.518306
65.4092 43.3223 95.6817 0.859871 0.0141557 0.510315
64.9772 42.8688 96.426 0.853336 0.0342383 0.520085
64.9419 44.1551 96.4333 0.856278 0.0187162 0.516175
64.5783 43.8267 97.0373 0.847287 0.011474 0.531011
64.6757 42.4628 96.94 0.847046 0.0398779 0.530021
65.2077 41.7416 96.0995 0.859082 0.0276404 0.51109
65.6638 42.2247 95.3057 0.859488 0.0283507 0.510369
65.7582 43.8297 95.08 0.859285 0.0127199 0.511336
65.7284 44.8822 95.113 0.860125 0.00528194 0.510053
65.4451 46.1474 95.582 0.857628 0.00255245 0.514245
64.8065 46.1969 96.6415 0.856493 -0.000515601 0.516158
64.5784 44.6992 97.0184 0.85578 0.000746244 0.517335
64.5768 44.6358 97.0225 0.851891 0.0147866 0.523423
64.2074 44.7955 97.6088 0.846537 0.00139604 0.532237
64.2745 46.1591 97.5244 0.851106 -0.00483251 0.524853
64.6106 46.9666 96.9712 0.85622 -0.00411168 0.516594
65.165 47.0174 96.0528 0.859091 -0.000422259 0.511779
65.9349 46.3793 94.7382 0.863988 0.00732715 0.503415
66.0795 45.3606 94.5187 0.861506 0.00888738 0.507628
66.1252 44.3012 94.4551 0.858638 0.0105358 0.512475
66.149 43.1223 94.4395 0.861563 0.0106976 0.507534
66.0619 41.6096 94.6482 0.866844 0.0199226 0.498181
65.5103 40.9867 95.6273 0.863213 0.01727 0.50446
64.7269 41.1072 96.9374 0.856586 0.0188567 0.515631
64.337 41.9229 97.5189 0.843283 0.0309355 0.536505
64.2142 42.9899 97.637 0.847043 0.0255226 0.530736
64.2022 43.9283 97.6352 0.847347 0.0111707 0.530923
63.8331 43.9995 98.2233 0.847599 0.0114822 0.530512
63.858 45.602 98.1753 0.845548 -0.00856833 0.53383
63.9001 46.7738 98.1201 0.842835 -0.00112203 0.538166
64.4054 47.7147 97.3063 0.850178 0.00456607 0.526475
64.935 47.7644 96.4389 0.859118 0.000100537 0.511738
65.4943 47.7517 95.488 0.862533 0.00409023 0.505982
66.2192 47.3931 94.2467 0.869905 0.0118057 0.492884
66.401 45.9566 93.9517 0.86367 0.0142873 0.503854
66.4775 44.8999 93.8474 0.869748 0.0157917 0.493216
66.5171 43.4203 93.809 0.862165 0.00954291 0.506536
66.5092 42.334 93.8473 0.861994 0.0124389 0.506766
66.3326 40.6424 94.2022 0.867487 0.0118292 0.49732
65.6573 40.2298 95.3912 0.867654 0.0130601 0.496996
64.8933 40.2372 96.6912 0.857048 0.0160909 0.514954
64.3295 40.4141 97.5986 0.836384 0.0237974 0.547618
63.9628 41.2137 98.1282 0.835227 0.0205752 0.549517
63.8417 42.8652 98.2401 0.842855 0.0323809 0.537074
63.8339 43.0734 98.2426 0.847589 0.0118609 0.530521
63.4622 43.1535 98.8164 0.838065 0.00736685 0.54552
63.4563 45.0725 98.8025 0.842667 0.0086874 0.538282
63.4995 46.6485 98.7426 0.840397 -0.00503835 0.541948
63.6237 48.0262 98.5561 0.841029 0.000290436 0.540985
64.201 48.4702 97.6309 0.848873 0.00133048 0.528595
64.7385 48.4887 96.7644 0.855138 0.00381852 0.51828
65.2497 48.5017 95.8972 0.862296 0.00626458 0.506365
65.8074 48.4887 94.945 0.867166 0.0114749 0.497788
66.4519 48.2366 93.791 0.876 0.0124088 0.482149
66.7347 46.7824 93.3393 0.875831 0.0243022 0.481993
66.8126 45.4056 93.2428 0.870817 0.0113381 0.491476
66.8575 44.2971 93.2051 0.869115 0.0204485 0.494188
66.8909 42.5643 93.1922 0.869924 0.00757074 0.492889
66.823 41.5069 93.3102 0.877615 0.00127233 0.479341
66.6115 39.9142 93.7071 0.874169 0.00355435 0.485609
66.0965 39.4984 94.6402 0.870798 0.0124386 0.491447
65.5149 39.4802 95.6574 0.867988 0.0104221 0.496476
64.8729 39.5034 96.7497 0.857625 0.020917 0.513836
64.324 39.5714 97.6444 0.834644 0.00624191 0.550716
63.7491 39.8844 98.501 0.830927 0.012595 0.556225
63.5367 41.168 98.7776 0.835227 0.0205752 0.549517
63.4545 42.2879 98.8545 0.82986 0.023287 0.557445
63.4346 42.6386 98.8663 0.835152 0.018221 0.549597
63.0159 42.9961 99.5037 0.837576 0.00766528 0.546267
63.0206 41.6768 99.5172 0.831743 0.0175092 0.554734
63.0763 40.6831 99.4739 0.826655 0.0155024 0.562495
63.4028 39.2721 99.0296 0.830287 0.0162907 0.557088
64.0007 38.7018 98.1447 0.835601 0.00617423 0.549277
64.5578 38.7187 97.2898 0.837905 0.00287679 0.545809
65.1341 38.6401 96.3408 0.868091 0.0101646 0.496302
65.7198 38.6248 95.3166 0.868138 0.00992607 0.496223
66.2979 38.6801 94.3042 0.870669 0.0129719 0.49166
66.7881 38.836 93.4169 0.878179 0.0108099 0.478208
67.1102 39.5905 92.81 0.879952 0.00840134 0.474986
67.1727 41.2529 92.6717 0.879409 0.00398209 0.47605
67.2567 42.6426 92.5264 0.872009 -0.00610536 0.489435
67.3336 43.665 92.4021 0.865777 0.0104695 0.500143
67.1874 44.7541 92.6061 0.869139 0.0204279 0.494147
67.2069 46.0361 92.528 0.872834 0.0202513 0.487508
67.1356 47.0968 92.595 0.875659 0.0252888 0.482252
67.0621 48.1405 92.6799 0.879296 0.0214986 0.47576
66.8127 49.025 93.1117 0.8764 0.0136828 0.48139
66.2876 49.3512 94.0621 0.87395 0.0133512 0.485784
65.7006 49.3544 95.1046 0.871241 0.0174458 0.490545
65.1367 49.3403 96.0796 0.861549 0.00629614 0.50763
64.5621 49.3362 97.0493 0.854677 0.0034711 0.519019
63.9701 49.32 97.9903 0.840333 0.0148238 0.541868
63.4351 49.0575 98.8271 0.840788 0.0125175 0.541219
63.0542 48.1838 99.4397 0.841144 0.00812916 0.540711
63.0283 46.3096 99.4661 0.835449 -0.00830898 0.549498
63.0503 45.1557 99.4207 0.835935 0.00165898 0.548782
63.0504 44.2453 99.4347 0.836925 0.00776848 0.547262
63.0119 43.4329 99.5037 0.837487 0.0072281 0.546409
