78.0888 -20.8637 76.9096 0.846485 -0.0165737 0.532154
78.5549 -20.1561 76.19 0.84642 -0.0165031 0.53226
78.3807 -21.1156 76.4374 0.846178 -0.0164329 0.532647
78.4989 -21.73 76.2311 0.845892 -0.0170432 0.533082
79.0424 -20.7912 75.3932 0.848817 -0.0151926 0.528467
78.9747 -19.7998 75.5292 0.849022 -0.0141968 0.528166
78.3795 -19.112 76.5027 0.847293 -0.0160422 0.53088
77.8462 -19.3788 77.3431 0.84687 -0.0173913 0.531516
77.5941 -21.0158 77.6925 0.846945 -0.0181287 0.531369
78.1366 -21.8166 76.8024 0.844976 -0.0165939 0.534543
78.3161 -21.8831 76.5161 0.846617 -0.0169265 0.53193
78.5482 -22.543 76.1257 0.846617 -0.0169265 0.53193
79.1044 -21.9163 75.2624 0.847377 -0.0155316 0.530761
79.4202 -20.8485 74.784 0.848871 -0.0138582 0.528418
79.413 -19.6216 74.829 0.849238 -0.014015 0.527824
78.6809 -18.3442 76.0414 0.849344 -0.0143423 0.527645
78.0313 -18.4118 77.0795 0.847392 -0.015647 0.530734
77.3906 -19.2487 78.0729 0.846674 -0.0168496 0.531846
77.149 -20.2683 78.437 0.850894 -0.0154188 0.52509
77.3233 -21.6266 78.1001 0.849084 -0.0216862 0.52778
77.7133 -22.3407 77.4561 0.844851 -0.0153618 0.534781
78.1316 -22.6236 76.7882 0.846058 -0.0153481 0.532863
77.9871 -23.4006 76.9939 0.84558 -0.0161552 0.5336
78.7642 -23.142 75.7629 0.846679 -0.0168084 0.531836
79.3766 -22.3977 74.8126 0.847209 -0.017879 0.530959
79.7225 -21.4565 74.284 0.848526 -0.0134054 0.528984
79.8765 -20.0018 74.0707 0.849139 -0.0104416 0.528044
79.621 -18.7588 74.5171 0.850037 -0.0138128 0.526539
79.104 -17.8254 75.3744 0.849362 -0.0143832 0.527615
78.4721 -17.5399 76.3977 0.848102 -0.0149403 0.529621
77.9085 -17.7338 77.295 0.847979 -0.0152066 0.529812
77.3294 -18.3014 78.1998 0.846533 -0.0159644 0.532096
76.845 -19.4559 78.9455 0.850552 -0.0107315 0.525781
76.7557 -20.5228 79.0661 0.850305 -0.0155407 0.526042
76.842 -21.5367 78.8863 0.849145 -0.026359 0.527501
77.2157 -22.6142 78.2314 0.845678 -0.0211487 0.533242
77.7147 -23.1806 77.43 0.843399 -0.0170543 0.537011
77.4459 -23.8214 77.8281 0.842418 -0.0206187 0.538426
78.1519 -24.1404 76.7019 0.846582 -0.0244328 0.531697
78.8261 -23.9946 75.6317 0.846779 -0.0236033 0.531419
79.3665 -23.4214 74.7931 0.847657 -0.0205532 0.530146
79.8156 -22.6253 74.104 0.846529 -0.0197099 0.53197
80.0689 -21.7192 73.7263 0.84606 -0.0143293 0.532895
80.2786 -20.4433 73.4218 0.848282 -0.00650825 0.529504
80.3213 -19.3672 73.3668 0.849778 -0.0100455 0.527028
79.9506 -18.4152 73.9921 0.851058 -0.0127323 0.524917
79.4652 -17.3315 74.7973 0.850074 -0.00834 0.526596
78.9346 -16.9667 75.6628 0.852024 -0.0111565 0.523373
78.2615 -16.691 76.76 0.848221 -0.0156639 0.529411
77.6298 -17.1631 77.757 0.847079 -0.015716 0.531232
77.0959 -17.5797 78.5957 0.848944 -0.0204347 0.528088
76.6986 -18.2754 79.2088 0.850594 -0.0182519 0.525503
76.4014 -19.897 79.6497 0.848777 -0.0110936 0.528634
76.2917 -20.9649 79.7956 0.845507 -0.0211148 0.533528
76.4819 -21.8875 79.4483 0.849339 -0.0274086 0.527136
76.6997 -22.997 79.0439 0.848861 -0.0224999 0.528137
77.1932 -23.5513 78.2331 0.843281 -0.0186497 0.537148
77.3195 -23.7116 78.0296 0.842491 -0.0188737 0.538379
