-65.4291 -42.7142 95.5961 -0.895436 0.00709166 0.445134
-65.3938 -44.1129 95.6929 -0.896341 0.00870832 0.44328
-65.3506 -45.2518 95.7788 -0.900944 0.0023762 0.433814
-64.9794 -44.5921 96.5404 -0.895425 0.0108968 0.445053
-65.0371 -43.2113 96.3981 -0.896761 0.0079959 0.442443
-65.4207 -42.6784 95.6126 -0.896643 0.00377413 0.442739
-65.4282 -42.696 95.5975 -0.89601 0.00533867 0.443998
-65.7796 -42.9459 94.8947 -0.895436 0.00709166 0.445134
-65.7685 -44.1134 94.9369 -0.896991 0.00233399 0.441992
-65.702 -46.1009 95.0536 -0.900948 0.00229726 0.43381
-65.2395 -46.5904 96.0514 -0.90306 0.025694 0.428744
-64.7119 -45.5539 97.1119 -0.895166 0.0156432 0.445459
-64.6584 -44.4283 97.185 -0.89538 0.00643026 0.445256
-64.6704 -42.9655 97.1373 -0.896963 0.00677538 0.44205
-64.9873 -41.4695 96.4787 -0.89653 0.00466375 0.442958
-65.4868 -41.4134 95.4657 -0.897146 0.00735023 0.441674
-65.7412 -42.094 94.9588 -0.89601 0.00533867 0.443998
-66.11 -42.292 94.1797 -0.905359 0.00248456 0.424553
-66.0141 -41.1811 94.3867 -0.898391 0.00825337 0.439118
-65.6414 -40.5244 95.1367 -0.897832 0.00798606 0.440261
-64.9717 -40.5169 96.496 -0.896846 0.00663455 0.442293
-64.4085 -40.9381 97.6206 -0.89242 0.0021362 0.4512
-64.2996 -42.1544 97.8605 -0.892429 0.0116885 0.451037
-64.2993 -43.7505 97.8961 -0.890186 0.0101498 0.455331
-64.3048 -44.7704 97.8987 -0.894449 0.0112957 0.446997
-64.3604 -46.4789 97.8161 -0.888119 0.00364015 0.459598
-64.6608 -47.3714 97.2889 -0.893027 0.022685 0.449246
-65.1101 -47.4911 96.3735 -0.898442 0.0171749 0.438756
-65.5756 -47.4656 95.3955 -0.901272 0.0266887 0.432408
-66.0272 -47.0045 94.435 -0.899904 0.0276786 0.435208
-66.0982 -46.052 94.2376 -0.898479 0.0227852 0.438424
-66.1187 -44.6765 94.1956 -0.904388 -0.00676274 0.426657
-66.1226 -43.6015 94.1796 -0.907613 0.00682249 0.41975
-66.1181 -42.478 94.1668 -0.907113 0.00945425 0.420779
-66.4698 -42.7129 93.4095 -0.90651 0.00134366 0.422102
-66.4634 -41.6834 93.4376 -0.904754 -0.00556869 0.425897
-66.414 -40.5594 93.5559 -0.90153 0.00182712 0.432601
-65.9319 -39.6851 94.5166 -0.899777 0.0176856 0.435991
-65.4833 -39.5978 95.4454 -0.900319 0.00580962 0.435104
-65.006 -39.6404 96.4133 -0.89604 0.00541399 0.443934
-64.4967 -39.7234 97.4388 -0.887936 0.0104809 0.459687
-63.9824 -40.213 98.4285 -0.883777 0.0184869 0.467544
-63.907 -41.2154 98.6111 -0.880907 0.018997 0.472906
-63.8872 -42.9318 98.6575 -0.885289 0.00196867 0.465037
-63.9379 -44.4228 98.6016 -0.881963 0.00728411 0.471191
-63.9482 -45.5842 98.5943 -0.878978 0.0081387 0.476793
-63.9673 -46.6307 98.5838 -0.888586 0.0185659 0.458202
-64.1571 -48.0166 98.3079 -0.888555 0.0303427 0.457765
-64.8813 -48.3513 96.875 -0.898367 0.0127571 0.43906
-65.4323 -48.3566 95.7477 -0.898413 0.0147312 0.438898
-65.9511 -48.403 94.6612 -0.903404 0.00991762 0.428674
-66.3764 -47.9363 93.7507 -0.909446 0.00901245 0.415521
-66.4895 -46.3806 93.4468 -0.912099 0.0155614 0.409674
-66.465 -45.2147 93.4503 -0.901052 0.00625201 0.43336
-66.4607 -44.085 93.4496 -0.90913 0.00568674 0.416474
-66.4706 -42.8648 93.411 -0.908639 0.0072771 0.417514
-66.8081 -42.6223 92.6475 -0.915508 -0.00104129 0.402296
-66.808 -40.9106 92.656 -0.917331 0.00434853 0.398037
-66.7642 -39.8881 92.726 -0.917612 0.0117449 0.397303
-66.5303 -38.9802 93.2038 -0.91416 0.0237584 0.404656
-65.9783 -38.619 94.3772 -0.901855 0.0142909 0.431767
-65.3854 -38.6832 95.6309 -0.903736 0.0107229 0.427955
-64.7967 -38.8091 96.8296 -0.896022 0.00328804 0.443997
-64.2248 -38.7645 97.8991 -0.881617 0.0246446 0.471297
-63.7662 -38.9724 98.7783 -0.88005 0.0325131 0.47371
-63.4849 -39.8626 99.3463 -0.881341 0.0196035 0.472069
-63.473 -40.9096 99.4088 -0.883615 0.0237616 0.467575
-63.4256 -42.3226 99.5325 -0.88474 0.00269753 0.466076
-63.4722 -43.6675 99.4628 -0.881906 0.00523861 0.471351
-63.5008 -44.8445 99.4109 -0.879856 0.000386262 0.47524
-63.5473 -45.9754 99.3412 -0.881809 0.0219514 0.470837
-63.5317 -47.6645 99.4942 -0.887359 0.0311956 0.460021
-63.757 -48.6292 99.1228 -0.886262 0.0275036 0.46234
-64.1675 -49.1642 98.3531 -0.896331 0.0215913 0.442841
-65.0297 -49.2947 96.5977 -0.89731 0.0143576 0.441152
-65.5382 -49.2098 95.5636 -0.900752 0.0175865 0.433876
-65.9659 -49.4615 94.6604 -0.905756 0.0152552 0.423526
-66.6581 -49.073 93.139 -0.913776 0.00784366 0.406133
-66.8669 -47.9221 92.6399 -0.914575 0.00631383 0.404368
-66.8796 -46.7933 92.5935 -0.913543 0.0105594 0.406576
-66.8411 -45.6299 92.6375 -0.912312 0.0143559 0.409245
-66.7854 -44.5911 92.7234 -0.913858 0.0100094 0.405859
-66.8096 -43.1609 92.6432 -0.916408 0.00692176 0.400186
-66.8098 -43.137 92.6423 -0.915875 0.0026807 0.401433
