66.67 43.3682 96.4507 0.860104 0.015731 0.509876
66.7348 44.8495 96.3042 0.861955 0.00970792 0.506878
67.0936 44.327 95.7006 0.864422 0.0143363 0.50255
66.7503 43.3792 96.3141 0.861667 0.0142769 0.507274
66.6768 43.3154 96.4408 0.860917 0.0150284 0.50852
66.3361 43.2903 97.0163 0.860104 0.015731 0.509876
66.342 44.3143 96.9754 0.860608 0.00772424 0.509209
66.398 45.7483 96.8597 0.861909 0.00953284 0.50696
66.8271 46.3271 96.1149 0.863756 -0.00255229 0.503903
67.3276 45.948 95.2639 0.863903 0.0108029 0.50354
67.4508 44.3409 95.0859 0.86453 0.0107667 0.502466
67.4272 42.7299 95.1799 0.864851 0.0158902 0.50175
67.1526 41.7416 95.6785 0.862704 0.0162173 0.50545
66.6521 41.9715 96.5238 0.861984 0.0185558 0.506595
66.4379 42.507 96.8686 0.861269 0.0174314 0.507843
66.0325 42.476 97.561 0.861987 0.0194573 0.506556
65.9848 43.649 97.598 0.860947 0.0168727 0.508411
65.9986 45.0675 97.5444 0.855851 0.0122159 0.516976
66.032 46.0735 97.4638 0.854425 0.00694417 0.51949
66.4258 47.0263 96.8059 0.860356 0.000755996 0.509638
66.9526 47.1306 95.9038 0.863756 -0.00255229 0.503903
67.6234 46.6037 94.7037 0.880268 0.0249157 0.473741
67.7617 45.3997 94.5146 0.875685 0.0207348 0.482437
67.7938 44.3094 94.4961 0.864614 0.0104132 0.502329
67.7777 42.4342 94.5524 0.877742 0.00245514 0.479127
67.471 41.0333 95.1164 0.877303 0.00323664 0.479918
66.8931 40.8962 96.1534 0.866469 0.0117991 0.498992
66.3646 41.122 97.0465 0.862414 0.0189346 0.50585
66.0559 42.1871 97.5322 0.862417 0.019275 0.505831
65.6709 42.0482 98.1937 0.862279 0.0201212 0.506034
65.6289 43.0825 98.2228 0.861628 0.0188885 0.507189
65.6004 44.0892 98.2133 0.844765 0.0199244 0.534645
65.6252 45.8178 98.1364 0.850064 0.0109136 0.526556
65.6688 47.1374 98.0603 0.85371 -0.00207039 0.520741
66.0637 47.7051 97.406 0.857003 0.00119191 0.51531
66.5689 47.8511 96.5617 0.860946 0.00130446 0.508667
67.2779 47.8309 95.2975 0.875423 0.0181923 0.483013
67.8407 47.418 94.264 0.88297 0.0181454 0.469078
68.0719 46.1125 93.913 0.877746 0.0326797 0.47801
68.1038 44.9661 93.9134 0.875426 0.0214141 0.482878
68.1463 43.8636 93.883 0.872632 0.00331081 0.488336
68.1349 42.6962 93.9025 0.875695 -0.00206146 0.482845
68.0731 41.4127 94.0133 0.878474 0.000825221 0.477788
67.6818 40.2923 94.7417 0.877875 0.00842353 0.478813
67.1615 40.1725 95.6847 0.868929 0.00143307 0.494934
66.4114 40.1853 97.0018 0.86558 0.00988511 0.500551
65.8344 40.7727 97.9598 0.859104 0.0131088 0.511634
65.7513 41.3037 98.0853 0.860596 0.0165226 0.508999
65.3492 40.9071 98.7694 0.841459 0.0214731 0.539893
65.5704 39.9212 98.4218 0.856193 0.0142317 0.51644
66.1852 39.4613 97.4073 0.863079 0.0123682 0.504841
66.8193 39.4306 96.2954 0.870259 0.0125077 0.492436
67.3195 39.4412 95.4105 0.869666 0.00760365 0.493545
67.8254 39.5301 94.4897 0.878721 0.00724414 0.477276
68.309 39.8545 93.5881 0.882999 0.0085132 0.469295
68.4301 41.0034 93.3504 0.881571 -0.00295879 0.472042
68.4655 42.195 93.294 0.877891 -0.0069429 0.478802
68.4879 43.3578 93.2639 0.876717 -0.00253325 0.480996
68.4634 44.4708 93.278 0.879703 0.0287551 0.474654
68.4389 45.7254 93.2647 0.880859 0.0272589 0.472546
68.3345 47.3904 93.3414 0.878087 0.0286958 0.477609
68.118 48.4493 93.7179 0.880412 0.00838162 0.474136
67.4924 48.599 94.8773 0.8797 0.00971019 0.475425
66.967 48.5916 95.8376 0.875909 0.0100855 0.482369
66.2419 48.5797 97.0924 0.857793 0.0143209 0.513794
65.4304 48.2879 98.4572 0.857391 0.00346151 0.514594
65.2489 47.2047 98.7439 0.848334 -0.00356825 0.529448
65.2381 45.8797 98.7558 0.848828 0.00573848 0.528597
65.209 44.133 98.8333 0.8452 0.00925738 0.534368
65.2341 43.0442 98.85 0.843353 0.030652 0.536485
65.2861 41.9512 98.8273 0.840862 0.0234395 0.540735
64.8713 42.0048 99.4695 0.840586 0.0258571 0.541061
64.9098 40.9512 99.452 0.83808 0.0170753 0.545275
64.9555 39.7754 99.4207 0.836188 0.0145604 0.54825
65.3633 38.7409 98.7924 0.846552 0.00231748 0.532301
65.9547 38.5593 97.8237 0.862965 0.0128032 0.505019
66.5549 38.5629 96.7789 0.86706 0.00836237 0.498133
67.1043 38.5719 95.8147 0.872977 0.0113083 0.487591
67.7675 38.5824 94.6097 0.876906 0.00870206 0.480576
68.3802 38.7938 93.4766 0.881663 0.0126286 0.471697
68.7397 39.5329 92.7835 0.882999 0.0085132 0.469295
68.8504 40.7084 92.5651 0.880896 -0.00407938 0.473292
68.8707 42.4828 92.5506 0.88451 0.00134656 0.466356
68.8797 43.6268 92.5295 0.894759 0.0043428 0.446445
68.8727 44.7207 92.4847 0.887445 0.0235701 0.46023
68.8318 45.805 92.5202 0.884418 0.0177614 0.466349
68.7851 47.0324 92.5363 0.877212 0.0246843 0.479468
68.633 48.8024 92.7549 0.880551 0.00815451 0.473882
67.9084 49.3323 94.092 0.88049 0.0081577 0.473995
67.3608 49.3652 95.1014 0.878786 0.0124475 0.477054
66.8541 49.4299 96.026 0.87165 0.0120636 0.48986
66.1665 49.4511 97.2088 0.863172 0.00286149 0.504847
65.4145 49.3039 98.4922 0.864159 -0.00474431 0.503194
64.922 48.5502 99.2875 0.850572 -0.0118769 0.525724
64.7719 46.9467 99.5048 0.846768 -0.00363899 0.531949
64.7454 45.7219 99.5401 0.844646 0.00141131 0.535294
64.7073 43.8791 99.6303 0.844093 0.0204448 0.535708
64.776 43.2924 99.5559 0.842062 0.0281716 0.538633
64.7876 42.9139 99.5559 0.84073 0.0258643 0.540837
