79.2917 9.79085 79.2994 0.856958 -0.00269381 0.515378
79.9733 10.2348 78.1689 0.856855 -0.00279088 0.51555
79.4136 9.50343 79.0947 0.857063 -0.00352455 0.5152
79.1683 8.78369 79.4994 0.858448 -0.00126232 0.512899
79.6822 8.45977 78.6408 0.857696 -0.00410706 0.514139
80.3393 9.08091 77.5469 0.858384 -0.00463575 0.512987
80.5182 10.1885 77.254 0.859668 -0.0012643 0.510847
80.091 11.3169 77.9769 0.858807 -0.0017577 0.512282
79.3817 11.4007 79.1563 0.856861 -0.0019184 0.515544
78.9191 10.4827 79.9237 0.858859 -0.00284042 0.512204
78.9266 9.36075 79.9053 0.859392 -0.00199019 0.511309
78.4866 9.21839 80.6472 0.860323 -0.00269316 0.509742
78.7263 8.32879 80.238 0.859378 -0.0018725 0.511334
79.4822 7.59423 78.9669 0.85932 -0.00618285 0.5114
80.2921 7.7975 77.6111 0.858545 -0.00792828 0.512676
80.8373 8.90121 76.7091 0.859157 -0.0028167 0.511703
81.0036 9.97867 76.4364 0.859703 -0.00203093 0.510788
80.7708 11.1655 76.8284 0.859081 -0.00108939 0.511838
80.1035 12.2619 77.959 0.858904 -0.00170016 0.512118
79.5047 12.3563 78.9584 0.858305 -0.00679802 0.513096
78.9563 11.9949 79.8721 0.859166 -0.00600875 0.51166
78.5891 11.1511 80.479 0.857378 -0.00428537 0.514664
78.434 10.1296 80.7346 0.857788 0.00113474 0.514002
78.4757 9.26245 80.6658 0.860159 -0.00162864 0.510023
78.0697 9.07091 81.3482 0.859297 0.000794517 0.511467
78.267 8.10791 81.009 0.856139 -0.0101907 0.516645
78.7325 7.29897 80.2215 0.857426 -0.00713546 0.514548
79.246 6.61656 79.3519 0.859343 -0.00624677 0.511361
79.7643 6.69336 78.481 0.859609 -0.0064281 0.510913
80.5293 7.01403 77.2051 0.856461 -0.0061651 0.516175
81.1023 8.03027 76.2604 0.858621 -0.00303425 0.512603
81.3693 8.9249 75.8174 0.85877 -0.00230668 0.512356
81.4731 10.1303 75.6524 0.857074 -0.00258429 0.515184
81.2296 11.3814 76.0587 0.858263 -0.00103181 0.513206
80.9521 12.2654 76.5269 0.85891 -0.00445784 0.512103
80.1286 13.1299 77.9224 0.85957 -0.00409743 0.511001
79.6013 13.3005 78.8094 0.858832 -0.00585504 0.512221
78.9586 12.9663 79.8812 0.858924 -0.00687482 0.512057
78.3135 11.9344 80.9488 0.857167 -0.00513282 0.515003
78.0042 10.7753 81.4498 0.855363 -0.0049527 0.518004
77.9951 9.84016 81.4677 0.857788 0.00113474 0.514002
77.9958 9.82765 81.4667 0.858406 0.00219341 0.512963
