70.9892 44.9618 96.2494 0.889204 0.0120905 0.457349
71.2875 45.2795 95.66 0.890961 0.0105639 0.453954
71.3447 44.0141 95.5747 0.891482 0.00984084 0.452948
70.9984 44.4205 96.2474 0.890366 0.0116493 0.455087
70.6523 43.9901 96.9115 0.874486 0.0160079 0.484694
70.6361 45.0809 96.9242 0.872613 0.00669495 0.488365
70.7144 46.0821 96.7468 0.88585 0.0104291 0.463823
71.2143 46.496 95.7781 0.890145 0.00738606 0.455618
71.5478 45.8574 95.1341 0.892988 0.00812796 0.449999
71.6145 44.8357 95.0258 0.891705 0.00959421 0.452515
71.6559 43.0564 95.003 0.895109 0.0165183 0.445451
71.5447 41.8588 95.2686 0.898183 0.0163826 0.439307
71.0224 41.5686 96.2535 0.881456 0.00859553 0.472187
70.6505 42.615 96.9377 0.88136 0.00360402 0.472431
70.6583 43.7074 96.915 0.878765 0.0141008 0.4769
70.3134 43.3541 97.5611 0.878765 0.0141008 0.4769
70.2921 44.3622 97.5501 0.872747 0.00737727 0.488117
70.3001 45.4642 97.5195 0.872973 0.00536858 0.487738
70.3464 46.5225 97.4291 0.874273 0.00231928 0.485426
70.8646 47.2245 96.4456 0.887359 0.0111645 0.460945
71.441 47.1988 95.3221 0.89133 0.00796449 0.453285
71.7984 46.6085 94.6279 0.892954 0.00542657 0.450116
71.9114 44.8828 94.4354 0.893129 0.0106578 0.449674
71.9334 43.6566 94.4165 0.897693 0.0112037 0.440469
71.9458 42.3865 94.4294 0.898727 0.0136584 0.438296
71.6469 41.0286 95.0762 0.891244 0.00371557 0.453444
70.8273 40.8816 96.6292 0.881087 0.00835375 0.47288
70.3827 41.4907 97.4464 0.881686 0.00546216 0.471804
70.3114 43.1958 97.5659 0.881323 0.00341839 0.472501
69.9848 43.0058 98.1766 0.878712 0.0138201 0.477008
69.9531 44.6885 98.1517 0.874855 0.0150059 0.484075
69.9484 45.8016 98.1472 0.872068 0.00588092 0.48934
70.002 46.9974 98.0425 0.870028 0.00376743 0.492988
70.353 47.7835 97.4134 0.88073 0.00611166 0.473388
71.0512 47.9248 96.0694 0.887364 0.0114942 0.460926
71.6032 47.8867 94.9911 0.891326 0.00777002 0.453296
72.1563 46.7098 93.9167 0.892961 0.00542424 0.450102
72.2053 45.2678 93.8426 0.89476 0.00816195 0.446452
72.2168 43.8765 93.8377 0.896485 0.00781826 0.443001
72.2361 42.5551 93.8285 0.89824 0.0168419 0.439168
72.2172 41.5153 93.9136 0.897418 0.0182186 0.440804
72.0673 40.4651 94.2427 0.89424 0.0059835 0.447548
71.6011 40.2368 95.1676 0.88862 0.00113117 0.458639
71.0918 40.1301 96.1497 0.884315 0.00489186 0.466803
70.3307 40.3838 97.559 0.880488 0.0074298 0.474011
70.0487 41.2234 98.0738 0.881686 0.00546216 0.471804
69.9906 42.4946 98.1694 0.881574 0.00402491 0.472028
69.6608 42.6167 98.7784 0.874223 0.0110259 0.485355
69.6294 43.9811 98.7684 0.872775 0.0255259 0.487445
69.6045 44.9833 98.7672 0.871566 0.014072 0.490016
69.5934 46.436 98.7692 0.870512 0.00469802 0.492124
69.6674 47.8969 98.6248 0.869427 0.00585092 0.494025
70.1316 48.5041 97.7977 0.873648 0.0138187 0.486255
70.8996 48.5682 96.3449 0.887175 0.0120848 0.461274
71.4586 48.6405 95.2618 0.889767 0.0106917 0.456279
71.9102 48.499 94.3765 0.891817 0.00815966 0.452321
72.467 47.5455 93.2902 0.893003 0.00618681 0.450007
72.4986 46.1216 93.2444 0.892919 0.00538964 0.450185
72.5124 44.7926 93.2277 0.892767 0.0028075 0.45051
72.5199 43.5252 93.2357 0.894239 0.00857827 0.447506
72.5353 42.4246 93.235 0.891606 0.0201287 0.452362
72.5453 41.3558 93.2623 0.892263 0.0176645 0.451169
72.4094 39.8396 93.575 0.894002 0.00971673 0.447954
71.9634 39.5727 94.4667 0.891602 0.0122588 0.452634
71.4193 39.4627 95.5295 0.888287 0.0130058 0.459102
70.8976 39.4457 96.5227 0.880906 0.0072032 0.473232
70.0973 39.611 98.0055 0.880756 0.00729288 0.473514
69.7249 40.2675 98.6919 0.882057 0.00723932 0.471085
69.6845 41.6763 98.7493 0.879204 0.00744147 0.476356
69.6712 41.9718 98.767 0.876574 0.00813032 0.48119
69.2984 42.1066 99.4472 0.879257 0.0131695 0.476163
69.3087 40.8655 99.4616 0.881644 0.0112536 0.471764
69.3989 39.8318 99.3062 0.878502 -0.00472033 0.477715
69.8847 38.8601 98.4128 0.878992 0.00330964 0.47678
70.6148 38.6246 97.0617 0.880811 0.00746355 0.473404
71.1912 38.6104 95.9847 0.881674 0.00591683 0.471821
71.6644 38.7982 95.0714 0.889058 0.0153213 0.457528
72.3496 38.808 93.7169 0.893256 0.0105683 0.449424
72.801 39.5175 92.7963 0.89508 0.00826741 0.445828
72.9182 40.7486 92.5391 0.894633 0.00511473 0.446762
72.9083 41.8023 92.5277 0.89102 0.0187777 0.453574
72.8844 42.9308 92.5269 0.891162 0.0192032 0.45328
72.8381 44.051 92.588 0.893307 0.00645048 0.449386
72.8147 45.3047 92.6255 0.892741 0.00284697 0.450561
72.8782 46.5749 92.4861 0.892933 0.00550029 0.450155
72.8184 48.1241 92.5839 0.893265 0.00763375 0.449465
72.6089 48.9908 92.9845 0.892948 0.00846526 0.450081
72.1552 49.2226 93.8787 0.892304 0.00824157 0.45136
71.6045 49.4414 94.9592 0.889396 0.0101938 0.457011
71.1295 49.4444 95.8779 0.888212 0.0125844 0.459261
70.5814 49.4307 96.9345 0.882352 0.0156256 0.470206
70.0479 49.4041 97.9139 0.877727 0.0203176 0.47873
69.5425 49.2975 98.8236 0.867376 0.00807652 0.497561
69.2299 48.3155 99.3806 0.866203 0.01147 0.499552
69.2372 47.0205 99.3925 0.869 0.00621297 0.494766
69.1296 45.7903 99.5945 0.870048 0.00606222 0.492928
69.2155 44.4604 99.4878 0.87442 0.0215356 0.484691
69.2572 43.4464 99.4677 0.873938 0.0314653 0.485002
69.2939 42.3762 99.4472 0.879067 0.0155026 0.476445
70.9983 42.7872 96.2875 0.881372 0.0035295 0.472409
71.3199 42.9165 95.669 0.891022 0.018903 0.453566
71.3433 43.8356 95.5834 0.89101 0.0195203 0.453563
71.0027 43.3039 96.2756 0.886221 0.0114598 0.46293
