73.3551 43.6906 96.5225 0.891648 0.00842632 0.452651
73.8253 42.6747 95.6019 0.89452 0.00656064 0.446979
73.8831 44.1813 95.465 0.894864 0.00522936 0.446308
73.735 45.4657 95.7371 0.892389 0.00744738 0.451203
73.5698 44.5987 96.0811 0.892389 0.00889992 0.451179
73.4155 44.3023 96.3922 0.89202 0.00866822 0.451913
73.0462 44.0168 97.1249 0.890776 0.0105407 0.454311
73.0699 45.3252 97.0477 0.888838 0.00886276 0.458133
73.2935 46.5064 96.5886 0.89014 0.00978176 0.455582
73.7849 46.636 95.6208 0.891659 0.00980866 0.452602
74.1696 45.6216 94.8705 0.895542 0.00983054 0.444868
74.2074 44.4788 94.811 0.894948 0.00520689 0.44614
74.1838 43.1529 94.8755 0.894989 0.00669053 0.446037
74.1386 41.8995 94.9852 0.894679 0.00618576 0.446666
73.7198 41.3357 95.8327 0.894058 0.0102527 0.447835
73.193 41.6306 96.8792 0.893031 0.00687513 0.449932
73.0427 42.9638 97.1514 0.891542 0.00838712 0.452861
73.0396 43.9501 97.1391 0.891648 0.00842632 0.452651
72.6734 44.1343 97.8427 0.888153 0.0135573 0.459342
72.6658 45.7558 97.82 0.888224 0.00967047 0.459309
72.7068 46.7635 97.7209 0.888213 0.00883346 0.459347
73.086 47.3657 96.9759 0.889233 0.00921841 0.457356
73.8908 47.5415 95.3925 0.891324 0.0116616 0.453217
74.3679 47.2159 94.4375 0.896363 0.00734794 0.443251
74.5092 46.0492 94.1771 0.896125 0.0124703 0.443625
74.5393 44.3488 94.1472 0.894761 0.00485912 0.446519
74.5305 43.2133 94.1789 0.894976 0.00662172 0.446066
74.4973 41.5582 94.2677 0.895594 0.0049855 0.444845
73.9706 40.4524 95.3475 0.896957 0.00616055 0.442076
73.4347 40.5108 96.4206 0.894481 0.0100744 0.446991
72.9857 40.6491 97.3155 0.892575 0.0131957 0.450683
72.7257 41.5341 97.8007 0.891019 0.00806666 0.453893
72.6918 43.1372 97.8382 0.889647 0.00731331 0.456574
72.6885 43.3229 97.8411 0.88984 0.0119851 0.45609
72.3129 43.4192 98.5354 0.879802 0.0154143 0.475042
72.279 45.073 98.5661 0.875327 0.00720378 0.483475
72.2656 46.2252 98.5757 0.874664 0.00363746 0.484712
72.2889 47.3227 98.5207 0.888703 0.00779097 0.458417
72.5404 48.1528 98.0186 0.889616 0.0166463 0.456406
73.111 48.2954 96.9125 0.887493 0.00606204 0.460652
73.8409 48.3888 95.4689 0.891862 0.00704834 0.452229
74.3328 48.353 94.4853 0.895641 0.00830194 0.4447
74.7563 47.6231 93.6432 0.897645 0.00596067 0.440678
74.8859 45.9105 93.4158 0.902418 0.0138157 0.430635
74.8983 44.7908 93.4189 0.896793 0.00332509 0.442428
74.8686 43.6647 93.4876 0.898064 0.00642625 0.439817
74.876 42.2275 93.4927 0.897886 0.00532594 0.440196
74.8481 40.5719 93.5705 0.898796 0.00595861 0.438325
74.5198 39.7548 94.2435 0.897128 0.00624889 0.441726
73.7188 39.6263 95.8698 0.898717 0.00912318 0.438405
73.2147 39.7016 96.8811 0.894637 0.0108951 0.44666
72.7065 39.7433 97.8939 0.892363 0.0127258 0.45112
72.3695 40.5923 98.5262 0.889292 0.0138562 0.457115
72.3149 41.8988 98.5941 0.882619 0.0160489 0.469814
72.3095 42.9733 98.5626 0.881069 0.0235023 0.472398
71.8809 42.7799 99.3743 0.881353 0.0266096 0.471706
71.8449 44.4248 99.3681 0.877373 0.0180801 0.479452
71.8329 45.5677 99.3617 0.874257 0.00524298 0.48542
71.8528 46.7015 99.3206 0.875246 0.00208028 0.483674
71.8577 47.7274 99.3084 0.87792 -0.00274477 0.478758
71.969 48.7496 99.1198 0.887449 -0.00368056 0.460587
72.7452 49.2405 97.5797 0.885737 0.013589 0.463895
73.2473 49.2677 96.6376 0.887018 0.00543635 0.461554
73.7838 49.1985 95.5734 0.895045 0.00817106 0.445901
74.3922 49.4018 94.3475 0.896265 0.00712197 0.443458
74.8156 49.1122 93.4898 0.900714 0.0172861 0.434065
75.1398 48.3814 92.8482 0.898111 0.00938879 0.439665
75.2126 47.3699 92.7157 0.898399 -0.000527427 0.43918
75.2253 46.2931 92.6918 0.90307 0.0120398 0.429324
75.2586 45.1294 92.6544 0.904064 0.00994478 0.427272
75.2729 43.8804 92.646 0.904991 0.00720289 0.425369
75.2727 42.8157 92.6645 0.904944 0.00649454 0.42548
75.2773 41.809 92.6679 0.905084 0.00526719 0.4252
75.3121 40.3291 92.6108 0.904943 0.00386071 0.425515
74.9798 38.9269 93.3209 0.8987 0.00811465 0.438474
74.4673 38.7445 94.3637 0.896147 0.00585194 0.443717
73.9328 38.72 95.4521 0.900458 0.0124649 0.434764
73.487 38.8303 96.3725 0.897366 0.0157819 0.440936
72.9883 38.8215 97.37 0.893659 0.020077 0.448294
72.3178 38.8352 98.6801 0.889223 0.013935 0.457262
71.9305 39.6933 99.4006 0.887173 0.00877248 0.461342
71.9467 40.8139 99.3364 0.888384 0.0144828 0.458865
71.9461 41.7551 99.2917 0.88258 0.0160796 0.469887
71.8869 42.5889 99.3743 0.882124 0.0219669 0.470468
