-85.2534 37.8316 75.284 -0.851172 -0.0159796 0.524643
-84.8428 38.7025 75.9731 -0.848952 -0.0119741 0.528327
-84.7367 37.649 76.1136 -0.850645 -0.0174955 0.525448
-85.2525 37.7814 75.2839 -0.851043 -0.0173506 0.524808
-85.5921 38.0821 74.7421 -0.851172 -0.0159796 0.524643
-85.0345 39.3565 75.6784 -0.850497 -0.0121599 0.525839
-84.3505 38.9307 76.7642 -0.847472 -0.0115297 0.530714
-84.2583 37.8608 76.8955 -0.848641 -0.00766749 0.528914
-84.6572 36.7458 76.2121 -0.850886 -0.0175718 0.525056
-85.2372 36.7223 75.2702 -0.851832 -0.0220799 0.52335
-85.5792 37.3865 74.741 -0.851043 -0.0173506 0.524808
-85.8954 37.0324 74.2114 -0.853183 -0.0200036 0.52122
-85.9324 38.3257 74.1948 -0.853815 -0.0174038 0.520285
-85.4645 39.6849 74.9905 -0.850493 -0.012168 0.525846
-84.9596 40.2132 75.8194 -0.848992 -0.0118459 0.528265
-84.4129 40.0364 76.6872 -0.846921 -0.00905187 0.531641
-83.9931 39.1912 77.3405 -0.848053 -0.00966138 0.529818
-83.9207 37.5329 77.4324 -0.849772 -0.0124429 0.526977
-84.1903 36.5843 76.967 -0.852721 -0.0125661 0.522215
-84.6172 35.9724 76.2532 -0.853666 -0.0150333 0.520604
-85.5062 36.1769 74.8096 -0.851998 -0.022054 0.523081
-85.5981 36.246 74.6628 -0.852063 -0.0224421 0.522958
-85.6962 35.4905 74.4671 -0.853101 -0.0241796 0.521184
-86.126 36.3895 73.8066 -0.853317 -0.023605 0.520857
-86.3414 37.544 73.4958 -0.854316 -0.0183625 0.519429
-86.2747 38.5608 73.641 -0.853815 -0.0174038 0.520285
-85.9855 39.5859 74.1412 -0.852362 -0.00799687 0.522891
-85.5076 40.5362 74.9332 -0.851874 -0.00776757 0.523689
-84.9639 40.9358 75.8219 -0.849535 -0.00685544 0.527474
-84.4272 40.8333 76.6776 -0.847484 -0.0069832 0.530775
-83.9267 40.2644 77.4657 -0.849988 -0.0090954 0.526692
-83.618 39.1897 77.9491 -0.852932 -0.00981935 0.521929
-83.4978 38.1376 78.1271 -0.852285 -0.00874572 0.523005
-83.7471 36.609 77.6911 -0.852632 -0.0123057 0.522366
-84.0692 35.7489 77.1448 -0.8531 -0.0137364 0.521564
-84.5266 35.2681 76.3814 -0.853618 -0.0153254 0.520673
-85.0454 35.1265 75.5239 -0.854395 -0.01648 0.519362
-85.5132 35.3272 74.7599 -0.853886 -0.0225359 0.51997
-85.4588 34.4616 74.8141 -0.854129 -0.0211874 0.519629
-85.9865 34.9981 73.9684 -0.853628 -0.0234694 0.520349
-86.4813 36.2474 73.2167 -0.854196 -0.0245079 0.519372
-86.716 37.3371 72.8712 -0.856315 -0.0187427 0.516113
-86.7379 38.9038 72.8937 -0.853338 -0.0174247 0.521065
-86.2929 40.1801 73.6486 -0.852762 -0.00887082 0.522224
-85.9046 41.0037 74.294 -0.851831 -0.00708671 0.523768
-84.949 41.6129 75.8545 -0.849599 -0.00671453 0.527372
-84.405 41.5359 76.7222 -0.847484 -0.0069832 0.530775
-83.8714 41.1928 77.5706 -0.850073 -0.00593966 0.526619
-83.5224 40.368 78.1288 -0.853576 -0.00906215 0.520889
-83.1954 39.4167 78.6459 -0.853515 -0.0117224 0.520936
-83.1059 38.2242 78.7669 -0.851978 -0.00915917 0.523498
-83.1898 37.1638 78.6123 -0.852006 -0.00908351 0.523453
-83.4762 36.0794 78.1213 -0.852853 -0.0122252 0.522008
-84.1189 34.7832 77.0367 -0.855388 -0.00921859 0.517905
-84.6262 34.4707 76.1939 -0.854152 -0.015591 0.519789
-85.3859 34.4269 74.933 -0.856258 -0.0209117 0.516125
-85.4203 34.4267 74.8759 -0.855215 -0.021081 0.517839
