-83.0815 7.78331 79.5251 -0.874379 -0.0112168 0.485113
-82.5025 7.0177 80.5669 -0.8779 -0.0154943 0.478576
-82.4417 8.10752 80.7077 -0.879169 -0.0124669 0.476347
-82.9375 8.13183 79.7928 -0.876827 -0.0118578 0.480633
-83.0886 8.94633 79.5413 -0.872045 -0.012673 0.489253
-83.4337 8.0561 78.8969 -0.872199 -0.0156592 0.488901
-83.3733 6.91486 78.979 -0.874567 -0.0118935 0.484759
-82.9462 6.24372 79.7327 -0.874781 -0.0124271 0.484359
-82.2937 6.28808 80.9193 -0.876361 -0.014162 0.481428
-81.9115 7.05942 81.6463 -0.876751 -0.0184458 0.480592
-81.8912 8.10167 81.7203 -0.875987 -0.0103801 0.482217
-82.4865 9.18356 80.6524 -0.87918 -0.0120358 0.476337
-83.0294 9.04372 79.6486 -0.873846 -0.0120148 0.486031
-83.2346 9.76198 79.2973 -0.873846 -0.0120148 0.486031
-82.7369 10.0298 80.2091 -0.877515 -0.0126786 0.479366
-82.2012 9.81167 81.193 -0.878376 -0.00959026 0.477871
-81.5925 8.64731 82.2748 -0.875878 -0.0106927 0.48241
-81.5315 6.91119 82.3353 -0.877314 -0.0192459 0.479531
-82.0705 5.61025 81.3113 -0.876181 -0.00984986 0.481882
-82.6692 5.39636 80.2167 -0.877045 -0.0109828 0.480283
-83.3014 5.72802 79.0779 -0.874928 -0.0124344 0.484094
-83.6769 6.3905 78.4176 -0.874654 -0.0126101 0.484584
-83.8403 7.3648 78.1489 -0.874412 -0.0169976 0.484863
-83.6416 9.02844 78.5573 -0.872136 -0.0156676 0.489012
-83.5851 9.18512 78.6619 -0.87188 -0.00961731 0.489625
-83.8031 9.84329 78.2866 -0.871938 -0.00960412 0.489521
-83.4938 10.6367 78.8518 -0.874056 -0.0112551 0.485668
-82.9992 10.7116 79.7531 -0.875846 -0.0144115 0.482376
-82.5186 10.9213 80.6298 -0.875136 -0.0105104 0.483727
-81.8177 10.2458 81.9031 -0.877709 -0.00804315 0.479125
-81.3976 9.6593 82.6509 -0.875301 -0.0108491 0.483457
-81.1478 8.59572 83.0839 -0.875997 -0.00825296 0.482246
-81.1246 7.33881 83.0969 -0.878867 -0.0165926 0.476757
-81.3013 6.22698 82.7378 -0.880322 -0.0126276 0.474209
-81.636 5.30446 82.1012 -0.879429 -0.00741756 0.475972
-82.07 4.65432 81.297 -0.877641 -0.00748499 0.479259
-82.5623 4.46592 80.3919 -0.877721 -0.00791096 0.479108
-83.142 4.63749 79.3376 -0.876006 -0.0111694 0.482163
-83.6602 5.24705 78.4179 -0.874649 -0.0125549 0.484593
-84.1628 6.49907 77.5374 -0.876645 -0.0117337 0.480993
-84.2064 7.64903 77.492 -0.876443 -0.0182782 0.481159
-84.1007 9.15857 77.7426 -0.874184 -0.0171388 0.485271
-84.0957 9.18341 77.7523 -0.87204 -0.0126682 0.489261
