-89.01 -42.4531 75.03 -0.854716 0.00591597 0.51906
-88.8478 -40.8332 75.2779 -0.855893 0.00717614 0.5171
-88.3914 -39.5895 76.0036 -0.853253 0.00900063 0.52142
-88.3717 -40.8034 76.052 -0.851853 0.00536516 0.523753
-88.4745 -41.315 75.8911 -0.851484 0.00729443 0.52433
-88.6853 -42.2731 75.5617 -0.852876 0.00600006 0.522072
-88.4513 -42.877 75.9494 -0.851186 0.0065459 0.524824
-88.1085 -41.7041 76.4909 -0.851325 0.00692146 0.524593
-87.9139 -40.6293 76.7949 -0.853094 0.00547923 0.521723
-87.7862 -39.5818 76.9938 -0.854882 0.00268532 0.518807
-87.6305 -38.1755 77.2488 -0.856123 0.00117805 0.516771
-88.12 -38.4129 76.4409 -0.854408 0.00135919 0.519601
-88.6539 -39.0162 75.564 -0.854015 0.00519607 0.520206
-89.0718 -40.1054 74.8945 -0.856526 0.00847404 0.516034
-89.299 -41.1118 74.5336 -0.856552 0.00827838 0.515994
-89.4087 -42.5544 74.3728 -0.855381 0.00736115 0.517946
-89.1845 -43.5809 74.759 -0.8552 0.00803367 0.518235
-88.5873 -43.2651 75.7328 -0.851967 0.00510175 0.523571
-88.5119 -43.0581 75.8535 -0.851504 0.00580434 0.524315
-88.1936 -43.5621 76.3759 -0.851504 0.00580434 0.524315
-88.5135 -44.4636 75.8618 -0.850939 0.00134285 0.525263
-89.0483 -44.8717 74.9961 -0.850568 0.00293871 0.525854
-89.6313 -44.0808 74.0327 -0.85375 0.0091364 0.520603
-89.7697 -42.9593 73.7861 -0.855306 0.0113058 0.517986
-89.7494 -41.4855 73.7917 -0.856999 0.00800896 0.515255
-89.614 -40.3971 73.9992 -0.856587 0.00841913 0.515933
-89.3004 -39.3591 74.5024 -0.856702 0.00920598 0.51573
-88.9106 -38.5221 75.1327 -0.857281 0.0128463 0.514683
-88.4135 -37.7715 75.9457 -0.85842 0.0130292 0.512782
-87.9399 -37.1898 76.7266 -0.859521 0.00951442 0.511011
-87.506 -36.6009 77.4473 -0.860131 0.00915092 0.509991
-86.8124 -35.4784 78.6036 -0.861874 0.00683656 0.507075
-86.5844 -35.5858 78.9874 -0.856881 -0.00224405 0.515509
-86.9385 -36.3377 78.3949 -0.857391 -0.000825527 0.514663
-87.1017 -37.3918 78.1244 -0.856281 0.000273263 0.51651
-87.3009 -38.7411 77.7959 -0.855912 0.000460978 0.517122
-87.4265 -39.8324 77.5882 -0.855583 -4.19117e-05 0.517666
-87.5624 -41.005 77.3766 -0.854424 0.00598124 0.519542
-87.8016 -42.273 76.9999 -0.854271 0.00717634 0.519779
-88.0332 -43.082 76.6301 -0.85272 0.00675878 0.522317
-87.8058 -43.8438 77.0089 -0.85191 0.00119379 0.523687
-87.3131 -42.1251 77.7999 -0.854061 0.00629302 0.520134
-87.1011 -40.4701 78.1293 -0.854437 0.00588094 0.519522
-86.988 -39.3694 78.3132 -0.8557 2.38106e-05 0.517473
-86.8453 -38.3928 78.5491 -0.855651 -0.00122141 0.51755
-86.5922 -37.1302 78.9713 -0.857113 -7.37345e-05 0.515128
-86.11 -35.7463 79.7754 -0.856471 -0.000833825 0.516192
-85.7724 -34.7333 80.3616 -0.860823 -0.0149328 0.508686
-85.3368 -33.3888 81.1447 -0.866598 -0.0166049 0.49873
-85.0798 -32.4994 81.6251 -0.868151 -0.0221276 0.49579
-84.6767 -30.7695 82.399 -0.871875 -0.0124526 0.489569
-84.9995 -29.7572 81.8565 -0.876811 -0.0201987 0.480403
-85.506 -30.0357 80.9408 -0.871645 -0.00874756 0.490059
-86.0122 -31.0641 80.0222 -0.8711 -0.0108506 0.49098
-86.2613 -32.0618 79.5654 -0.869716 -0.00821863 0.493485
-86.6209 -33.4893 78.9268 -0.865012 5.45579e-05 0.501729
-86.9195 -34.4779 78.4086 -0.862885 0.00186948 0.505371
-87.562 -35.7262 77.3379 -0.860639 0.00758086 0.50916
-88.1421 -36.5403 76.3746 -0.859313 0.0103096 0.511346
-88.6414 -37.1708 75.548 -0.859156 0.012343 0.511561
-89.0637 -37.7794 74.859 -0.856851 0.0151735 0.515341
-89.476 -38.6003 74.1964 -0.856929 0.0096552 0.515343
-89.922 -39.8787 73.4787 -0.858164 0.0101536 0.51327
-90.1325 -41.3164 73.151 -0.857376 0.00777147 0.514632
-90.1591 -42.3163 73.1214 -0.857812 0.010854 0.513837
-90.1116 -43.8145 73.2398 -0.855532 0.0110747 0.51762
-89.922 -44.8147 73.5681 -0.854 0.00850354 0.520203
-89.3451 -45.6299 74.5219 -0.852252 0.00501442 0.523107
-88.8228 -45.7663 75.3669 -0.849868 0.0038595 0.526982
-88.2779 -45.1811 76.2457 -0.851131 0.00193203 0.52495
-87.9108 -44.2106 76.8388 -0.851739 0.0012819 0.523965
-87.584 -44.7031 77.3715 -0.851905 0.0010287 0.523695
-87.2972 -43.7255 77.8359 -0.851852 0.00125251 0.523781
-86.9374 -42.4947 78.4175 -0.851307 0.00162863 0.524665
-86.7621 -41.0618 78.6903 -0.85227 0.00564805 0.523072
-86.6664 -40.0112 78.8442 -0.85496 -0.000934992 0.518693
-86.5015 -38.7704 79.1169 -0.855361 -0.00022293 0.518033
-86.3067 -37.818 79.443 -0.85587 -0.00242599 0.517186
-85.8252 -36.2698 80.2451 -0.856174 0.00010605 0.516685
-85.4999 -35.3638 80.806 -0.861085 -0.0112514 0.508326
-85.0982 -34.0837 81.5355 -0.866093 -0.0185001 0.499537
-84.815 -33.1558 82.0616 -0.867282 -0.0187952 0.497462
-84.5218 -32.1315 82.6267 -0.869647 -0.026488 0.492962
-84.2603 -30.3733 83.1838 -0.878598 -0.0245688 0.47693
-84.5103 -29.3047 82.7763 -0.879118 -0.0221185 0.47609
-85.0758 -28.8865 81.7562 -0.875301 -0.0223353 0.483061
-85.6694 -29.2409 80.6647 -0.873526 -0.0154299 0.486473
-86.0595 -29.9372 79.9575 -0.872499 -0.00861213 0.488541
-86.3732 -30.7297 79.3837 -0.871686 -0.0059121 0.49002
-86.5861 -31.6334 79.0002 -0.870943 -0.00341197 0.491373
-86.8871 -32.7997 78.4596 -0.866039 0.00364241 0.499962
-87.2404 -33.9219 77.857 -0.866073 0.00437708 0.499899
-87.6263 -34.8317 77.214 -0.864251 0.0143131 0.502856
-88.1136 -35.607 76.401 -0.861766 0.0158456 0.507059
-88.6135 -36.2536 75.5725 -0.86159 0.0164454 0.507339
-89.0951 -36.8866 74.7768 -0.86 0.0192666 0.509924
-89.6627 -37.8903 73.8604 -0.858993 0.0189689 0.511631
-90.0039 -38.661 73.3153 -0.858885 0.0115795 0.512037
-90.4614 -40.2882 72.583 -0.858672 0.0104479 0.512418
-90.5226 -41.2947 72.4983 -0.858852 0.00869998 0.51215
-90.5365 -42.602 72.4997 -0.860161 0.0123053 0.509846
-90.4923 -44.0717 72.6043 -0.86221 0.0131515 0.506369
-90.3036 -45.1598 72.9433 -0.856973 0.00641513 0.515321
-89.7988 -46.1809 73.789 -0.852541 0.00622867 0.52262
-89.0453 -46.5857 75.014 -0.85007 0.00478329 0.526647
-88.4566 -46.4559 75.9638 -0.849539 0.00526064 0.527498
-87.9741 -45.8041 76.741 -0.851223 0.00142285 0.524802
-87.6397 -44.9312 77.2813 -0.851732 0.00130835 0.523975
-87.3215 -45.516 77.7996 -0.850448 -0.000531311 0.526058
-87.8009 -46.6631 77.0235 -0.851315 0.000788609 0.524655
-88.4805 -47.3297 75.9334 -0.848722 0.00464525 0.528819
-89.021 -47.4177 75.0624 -0.850283 0.00576341 0.526295
-89.582 -47.1778 74.1521 -0.850494 0.00386721 0.525961
-90.1102 -46.7663 73.2828 -0.856857 0.0048443 0.515531
-90.5067 -46.1272 72.6163 -0.857091 0.00561457 0.515134
-90.7705 -45.166 72.1669 -0.859589 0.0116186 0.510792
-90.8872 -44.1359 71.9343 -0.862838 0.0166963 0.505205
-90.9242 -42.9225 71.8412 -0.86676 0.0151502 0.498495
-90.9105 -41.5019 71.846 -0.866126 0.00162061 0.499821
-90.9001 -40.3545 71.849 -0.858797 0.0103281 0.512211
-90.5289 -38.7078 72.4337 -0.859127 0.0113564 0.511636
-89.9667 -37.4347 73.3319 -0.860093 0.0228501 0.509625
-89.5315 -36.6179 74.0301 -0.860686 0.0203736 0.508721
-89.0646 -35.9498 74.7969 -0.860937 0.0173485 0.508416
-88.5577 -35.3169 75.6371 -0.861909 0.0160767 0.506808
-88.0798 -34.638 76.429 -0.86181 0.0155891 0.506991
-87.6998 -33.8978 77.0609 -0.865528 0.0111403 0.500719
-87.4186 -33.0415 77.5389 -0.867048 0.00741781 0.498168
-87.1205 -32.0386 78.0506 -0.869267 0.00151227 0.494328
-86.8564 -30.9739 78.5256 -0.871066 -0.00298777 0.491156
-86.3983 -29.5422 79.3594 -0.872743 -0.00834746 0.488108
-86.0371 -28.7646 80.0186 -0.873647 -0.0123347 0.486386
-85.545 -28.197 80.9329 -0.876914 -0.0150458 0.480411
-84.921 -28.0402 82.0768 -0.876218 -0.0187322 0.481532
-84.4555 -28.3324 82.9247 -0.880265 -0.0254521 0.473799
-84.0604 -29.1293 83.6164 -0.879568 -0.0255018 0.475087
-83.8499 -30.7975 83.9171 -0.878387 -0.0247731 0.477308
-84.0954 -32.1443 83.3876 -0.874659 -0.0257282 0.484054
-84.4107 -33.3092 82.7613 -0.868402 -0.0221991 0.495349
-84.7267 -34.2988 82.1713 -0.866419 -0.0194846 0.498937
-84.9786 -35.1918 81.6984 -0.864344 -0.0164378 0.502604
-85.32 -36.2174 81.0958 -0.861119 -0.0044887 0.508382
-85.6376 -37.0836 80.5595 -0.85747 0.000337006 0.514532
-85.9288 -38.0796 80.069 -0.857645 -0.00321616 0.514232
-86.1422 -39.0153 79.7099 -0.855596 -0.00132562 0.517641
-86.285 -40.007 79.4722 -0.85487 -0.00193595 0.518839
-86.3638 -41.0108 79.3387 -0.853597 0.00179138 0.520913
-86.5354 -42.7237 79.0705 -0.851276 0.00186541 0.524715
-86.8912 -43.9695 78.4948 -0.851033 1.34995e-05 0.525111
-87.1338 -44.7439 78.1029 -0.850561 0.000130654 0.525876
-86.7959 -45.2413 78.6496 -0.850565 4.08881e-05 0.52587
-86.9847 -46.242 78.3423 -0.850346 -0.00132348 0.526222
-87.6238 -47.5004 77.3111 -0.849797 -0.0002727 0.527109
-88.1648 -48.0802 76.4462 -0.84862 0.00354244 0.528992
-88.7823 -48.2081 75.4535 -0.851105 0.000620635 0.524993
-89.3665 -48.3239 74.501 -0.851199 -0.000134604 0.524831
-89.9939 -47.8047 73.4908 -0.85167 0.00800705 0.52394
-90.5058 -47.4376 72.6269 -0.864402 0.010845 0.502668
-91.0588 -45.8451 71.6955 -0.85768 -0.000861724 0.514135
-91.2695 -44.7105 71.298 -0.866186 0.016351 0.499453
-91.3722 -43.7288 71.0878 -0.866166 0.0162138 0.499494
-91.3302 -42.423 71.12 -0.867126 0.00882806 0.497955
-91.2829 -41.3361 71.1986 -0.866549 0.00125887 0.49909
-91.4334 -40.3622 70.942 -0.864353 0.000448347 0.50288
-91.0218 -38.838 71.617 -0.856164 0.00930342 0.516621
-90.6022 -37.6624 72.2704 -0.860008 0.0245766 0.509678
-90.185 -36.8077 72.9349 -0.860626 0.0238213 0.508678
-89.6996 -35.9459 73.7216 -0.861933 0.0205168 0.506596
-89.0101 -35.0126 74.8573 -0.862758 0.023967 0.505048
-88.5507 -34.4183 75.6216 -0.863869 0.0203217 0.503268
-88.0907 -33.6701 76.3804 -0.863316 0.0154766 0.504418
-87.834 -32.7537 76.8102 -0.868455 0.0100433 0.495666
-87.5283 -31.8169 77.3348 -0.869037 -0.00207821 0.494743
-87.2059 -30.6696 77.9095 -0.870149 -0.00310737 0.492779
-86.8059 -29.3232 78.63 -0.874455 -0.00557095 0.485073
-86.4778 -28.5548 79.2329 -0.874685 -0.00779367 0.48463
-85.9541 -27.5986 80.2075 -0.874235 -0.016666 0.485216
-85.4573 -27.1667 81.1243 -0.877681 -0.0166668 0.478947
-84.8697 -27.2601 82.202 -0.880106 -0.0188284 0.474391
-84.2894 -27.4768 83.2797 -0.881297 -0.0221353 0.472025
-83.8778 -28.0635 84.0113 -0.878642 -0.0266781 0.476734
-83.6352 -29.1213 84.4012 -0.878777 -0.0258433 0.476532
-83.4301 -30.388 84.7107 -0.878528 -0.0253165 0.477018
-83.5468 -31.5337 84.4209 -0.876278 -0.032234 0.480726
-83.8454 -32.7796 83.8065 -0.87284 -0.0296976 0.487067
-84.2234 -34.1756 83.0508 -0.867625 -0.0237947 0.496647
-84.4952 -35.0882 82.5416 -0.864894 -0.0209982 0.501515
-84.7191 -35.9766 82.1188 -0.861372 -0.0140468 0.50771
-85.0337 -36.762 81.5783 -0.861857 -0.00369061 0.507138
-85.4207 -37.8485 80.9175 -0.856557 -0.00442751 0.516028
-85.6664 -39.2496 80.4953 -0.855383 -0.00521093 0.517968
-85.9024 -40.2818 80.101 -0.854041 -0.0022589 0.5202
-85.9513 -41.5518 80.0158 -0.853514 0.00016226 0.521066
-86.155 -43.2423 79.6894 -0.852082 0.00189958 0.523403
-86.4649 -44.3296 79.1857 -0.851006 -0.000842018 0.525155
-86.5709 -44.6985 79.0134 -0.850767 -0.000421788 0.525543
-86.2505 -34.5471 79.55 -0.863199 -0.00757976 0.504803
-85.8947 -33.5596 80.1688 -0.864706 -0.0113305 0.502088
-85.9263 -32.4897 80.1466 -0.868925 -0.00888989 0.494863
-85.7674 -31.5353 80.443 -0.869842 -0.010764 0.493206
-85.1993 -31.1181 81.4599 -0.870683 -0.0129367 0.491674
-85.4957 -31.9166 80.9134 -0.869699 -0.0114354 0.493442
-85.6284 -32.8665 80.6569 -0.866611 -0.0185888 0.498637
-85.8347 -33.7419 80.2698 -0.862804 -0.00366973 0.505526
-86.1942 -34.1805 79.6524 -0.863546 -0.00580066 0.504231
