12.2142 -15.1742 47.2085 0.382567 0.022593 0.923651
12.7118 -16.007 47.0229 0.392947 0.0264062 0.919102
13.2486 -15.1035 46.7567 0.412206 0.0314032 0.910495
13.0567 -14.1454 46.8093 0.406957 0.0327924 0.912857
12.3479 -14.6652 47.1407 0.393398 0.0255089 0.918934
11.7047 -14.7567 47.4093 0.3773 0.0293622 0.925584
12.0838 -13.5459 47.2235 0.387281 0.0227627 0.921364
13.237 -13.2345 46.6969 0.408015 0.0292763 0.912505
13.8824 -14.9297 46.4558 0.419057 0.0280468 0.907507
13.7379 -15.9383 46.5421 0.433409 0.0092609 0.901149
13.2701 -16.7988 46.7858 0.429082 0.0249446 0.902918
12.3104 -16.7231 47.2016 0.374633 0.0227368 0.92684
11.7338 -15.9079 47.4254 0.380492 0.0221151 0.924517
11.6559 -14.9428 47.4341 0.382567 0.022593 0.923651
11.0627 -14.677 47.6625 0.369833 0.0355812 0.928417
11.2885 -13.7118 47.5394 0.363611 0.0147147 0.931428
11.8355 -12.6293 47.3061 0.387726 0.0216119 0.921207
12.9833 -12.1456 46.7889 0.404079 0.000476076 0.914723
13.7746 -12.7222 46.4379 0.448471 0.0179999 0.893571
14.2664 -13.6117 46.2233 0.449875 0.0338069 0.892451
14.4729 -14.9955 46.1691 0.452351 0.0300853 0.891332
14.3684 -16.0303 46.2389 0.432918 0.0175807 0.901213
13.9651 -17.0996 46.4631 0.430528 0.0271322 0.902169
12.8339 -17.7717 47.0171 0.427502 0.0224928 0.903734
11.7597 -17.3034 47.4409 0.369179 0.032028 0.928806
11.1727 -16.2851 47.6612 0.37795 0.0159487 0.925686
11.0332 -15.2657 47.6968 0.37414 0.0286503 0.926892
10.3815 -15.2605 47.9257 0.298814 0.0254661 0.953969
10.5151 -16.2959 47.9025 0.307755 0.0125536 0.951383
10.9842 -17.4484 47.7531 0.37285 0.0216019 0.927567
11.6572 -18.2367 47.5128 0.362139 0.0203281 0.931902
12.5814 -18.5453 47.1553 0.398861 0.026628 0.916093
13.5314 -18.4566 46.7077 0.418452 0.0408804 0.907316
14.4288 -17.7752 46.2625 0.428928 0.0253104 0.902979
14.847 -16.8021 46.0301 0.450307 0.021109 0.892624
15.0474 -15.8216 45.9022 0.472516 0.0349396 0.880529
15.0811 -14.7961 45.8537 0.452246 0.0300412 0.891387
14.888 -13.5788 45.9083 0.448385 0.0297361 0.893333
14.4036 -12.4715 46.1172 0.448471 0.0179999 0.893571
13.8033 -11.7134 46.4052 0.429554 0.0179829 0.902862
12.4804 -11.3487 47.0101 0.416361 0.015333 0.909051
11.5436 -11.8729 47.4127 0.37484 0.00981779 0.926957
10.8992 -12.8374 47.678 0.364699 0.0119889 0.931044
10.5298 -14.0771 47.851 0.332981 0.0296461 0.941673
10.4327 -14.574 47.893 0.297842 0.0233294 0.95433
9.74754 -14.7243 48.1105 0.296026 0.023022 0.9549
10.0107 -13.3268 47.9959 0.29207 0.00676108 0.956248
10.6288 -11.8724 47.7702 0.364883 0.00882004 0.931002
11.5214 -10.9916 47.4069 0.384659 0.0160973 0.922918
12.5782 -10.531 46.9561 0.402478 0.0138943 0.915152
13.8019 -10.8025 46.388 0.429283 0.017819 0.902994
14.5457 -11.4537 46.0343 0.450887 0.0110383 0.892511
15.2359 -12.7036 45.7094 0.445486 0.0261158 0.894908
15.6116 -13.8388 45.5413 0.4869 0.0253933 0.873037
15.6917 -15.3448 45.5413 0.476368 0.0227382 0.878952
15.5771 -16.4186 45.6527 0.459697 0.0342666 0.887248
15.3489 -17.4127 45.7915 0.450485 0.0217011 0.89252
14.4587 -18.7768 46.2864 0.457873 0.0325314 0.888422
13.5028 -19.2105 46.7549 0.418452 0.0408804 0.907316
12.3578 -19.2787 47.2637 0.370108 0.0159633 0.928795
10.869 -18.4865 47.8248 0.362008 0.0212052 0.931933
10.0228 -17.0171 48.0716 0.308323 0.0148487 0.951165
9.76058 -16.0109 48.1422 0.30075 0.0195682 0.953472
9.71793 -14.9944 48.1265 0.297603 0.0283164 0.954269
9.7201 -14.9263 48.1237 0.295686 0.025971 0.954925
9.0608 -14.5946 48.3188 0.295686 0.025971 0.954925
9.12625 -16.3296 48.3488 0.30075 0.0195682 0.953472
9.60056 -17.7718 48.2217 0.308301 0.0149249 0.951171
10.169 -18.7564 48.0692 0.303025 0.0326537 0.952423
11.2396 -19.7079 47.7075 0.360508 0.0216206 0.932505
12.8093 -20.0716 47.0884 0.378433 0.011388 0.925559
14.0733 -19.781 46.5119 0.41105 0.0211152 0.911368
14.8857 -19.383 46.0887 0.458401 0.0332562 0.888122
15.6654 -18.4258 45.6576 0.449904 0.0227778 0.892787
16.0065 -17.357 45.458 0.450718 0.0222753 0.892387
16.2069 -16.3483 45.3137 0.469636 0.0469795 0.881609
16.3307 -14.7163 45.1781 0.480125 0.0291911 0.876684
16.1842 -13.5643 45.214 0.4869 0.0253933 0.873037
15.6725 -12.0438 45.4732 0.467508 0.0210376 0.88337
15.1873 -11.1667 45.7054 0.453999 0.0133846 0.890902
14.3051 -10.226 46.1395 0.439447 0.0119638 0.898065
13.2932 -9.82131 46.6092 0.423817 0.0148536 0.905623
11.9229 -9.92969 47.2181 0.386157 0.0195115 0.922227
11.0247 -10.4669 47.6046 0.384872 0.0178112 0.922797
10.1062 -11.3817 47.9602 0.296237 0.0386702 0.95433
9.64483 -12.2945 48.1135 0.290169 0.000246383 0.956932
9.18521 -13.7872 48.2628 0.295946 0.0200646 0.954994
9.10308 -14.2833 48.2984 0.29497 0.0211453 0.955271
8.39074 -14.2705 48.4934 0.233154 0.0100964 0.972387
8.36232 -15.6949 48.5253 0.229649 0.0197476 0.973073
8.61953 -17.1168 48.5083 0.263172 0.0189129 0.964563
9.05557 -18.2719 48.405 0.304038 0.0231717 0.952324
9.65698 -19.237 48.2471 0.298279 0.028818 0.954043
10.3575 -19.9631 48.0499 0.326049 0.0236266 0.944584
11.4919 -20.6105 47.6277 0.36653 0.0126232 0.930302
13.0608 -20.8088 46.994 0.39593 0.016635 0.917944
14.5277 -20.3549 46.321 0.410598 0.0228358 0.91153
16.0341 -19.4094 45.4969 0.471013 0.0374808 0.881138
16.405 -18.471 45.2724 0.489551 0.0152828 0.871841
16.6211 -17.4533 45.1362 0.50442 0.0263583 0.86277
16.815 -16.3743 44.9757 0.521318 0.031474 0.852781
16.9481 -15.2303 44.8519 0.521848 0.0304521 0.852494
16.9314 -14.1542 44.8232 0.483956 0.0345156 0.874411
16.5516 -12.5506 44.9885 0.49124 0.0164625 0.870868
16.1919 -11.5947 45.1724 0.492777 0.0113289 0.870058
15.6088 -10.6225 45.4824 0.454013 0.0133305 0.890895
14.5508 -9.5156 46.0059 0.454394 0.0116101 0.890725
13.539 -9.07818 46.4839 0.424537 0.0128785 0.905317
12.1622 -9.08155 47.1062 0.389585 0.00621177 0.920965
11.1136 -9.48953 47.5541 0.389584 0.00936586 0.920943
10.3441 -10.094 47.8378 0.296147 0.0216229 0.954882
9.31341 -11.3395 48.2036 0.293133 0.0250417 0.955655
8.87776 -12.3989 48.3415 0.280874 0.00119533 0.959686
8.54303 -13.4739 48.4496 0.232757 0.00915408 0.972492
8.5218 -13.5686 48.4556 0.232652 0.00894163 0.972519
7.89086 -13.16 48.6028 0.232757 0.00915408 0.972492
7.65181 -14.8023 48.6771 0.234079 0.0130686 0.972128
7.70507 -16.0513 48.7009 0.246499 0.0547832 0.967593
8.06802 -17.7262 48.6697 0.24471 0.0187454 0.969415
8.77456 -19.1774 48.5201 0.270122 0.0333345 0.961818
9.50376 -20.1336 48.3231 0.298791 0.0327909 0.953754
10.878 -21.1473 47.8743 0.353216 0.0270012 0.935121
12.0201 -21.5539 47.4545 0.374248 0.0562137 0.925605
13.3044 -21.5227 46.9177 0.402526 0.0509593 0.913912
14.3143 -21.1919 46.4389 0.412574 0.0395623 0.909921
15.2921 -20.7623 45.9516 0.471665 0.0379073 0.880772
16.3245 -20.2406 45.3623 0.485761 0.0281884 0.873637
16.8727 -19.2974 45.0287 0.485498 0.0226578 0.873944
17.1029 -18.0836 44.874 0.503757 0.0280386 0.863065
17.3164 -16.9895 44.6919 0.519413 0.0360155 0.853746
17.4708 -15.939 44.5575 0.522223 0.0317948 0.852216
17.5783 -14.8213 44.4524 0.522115 0.0274561 0.85243
17.3838 -13.1824 44.5229 0.521512 0.0217843 0.852955
17.0655 -12.06 44.6888 0.491658 0.0169444 0.870623
16.5948 -10.9596 44.9382 0.496206 0.00619877 0.868183
15.9505 -9.94424 45.2982 0.474741 0.0100874 0.879747
15.2675 -9.16513 45.6354 0.457929 0.0112161 0.888906
14.4188 -8.57831 46.0618 0.440591 0.011908 0.897491
13.5479 -8.30473 46.4761 0.427567 0.0022995 0.903975
12.6335 -8.22129 46.9037 0.403663 0.010255 0.914691
11.2529 -8.57915 47.4862 0.388304 0.00744243 0.921499
10.4233 -9.05934 47.7959 0.294579 0.016252 0.955487
9.15727 -10.2589 48.214 0.298112 0.0266892 0.954158
8.49006 -11.4867 48.443 0.26689 0.0108133 0.963617
7.99035 -12.8401 48.5759 0.238358 -0.00287596 0.971079
7.25908 -12.8525 48.7587 0.24267 -0.0129538 0.970019
7.60203 -11.8697 48.683 0.25657 0.00997262 0.966474
8.18984 -10.5215 48.5102 0.262653 0.0240021 0.964524
8.75474 -9.65098 48.326 0.281259 0.0169547 0.959259
9.73434 -8.68445 48.0029 0.301612 -0.00213253 0.953295
10.8139 -7.95464 47.6526 0.350665 0.0311518 0.93566
12.1612 -7.54616 47.097 0.384741 0.0126655 0.922917
13.4724 -7.53509 46.5101 0.420492 -0.00269755 0.907233
14.504 -7.81473 46.0201 0.442678 -0.000782163 0.896556
15.9106 -8.83657 45.3 0.457929 0.0112161 0.888906
16.7045 -9.87574 44.8631 0.500992 0.0150322 0.865321
17.2718 -10.7827 44.5496 0.499144 0.0104297 0.866441
17.7929 -12.2825 44.2571 0.52254 0.0130253 0.852515
18.1103 -13.5155 44.0882 0.51941 0.0189184 0.854316
18.1877 -14.5216 44.0692 0.522557 0.0276729 0.852153
18.1022 -15.637 44.1602 0.522837 0.0271156 0.851997
17.9414 -16.9509 44.3082 0.521264 0.0361242 0.852623
17.7107 -17.9621 44.4963 0.521777 0.0394712 0.852168
17.5618 -19.1492 44.6402 0.510496 0.02926 0.858982
17.2146 -20.5424 44.8756 0.48889 0.0287418 0.871869
16.0403 -21.2233 45.5508 0.483971 0.0279447 0.874637
15.0903 -21.5866 46.0959 0.464644 0.0371894 0.884314
14.1059 -22.0414 46.5854 0.412637 0.0549533 0.909236
12.7669 -22.3203 47.1878 0.392368 0.0460975 0.918653
11.6501 -22.2409 47.6347 0.343185 0.0395762 0.938432
10.1623 -21.5678 48.1569 0.332307 0.025275 0.942699
9.29823 -20.9081 48.4148 0.301335 0.0376768 0.952774
8.21342 -19.5465 48.6775 0.246127 0.0391552 0.968443
7.57238 -18.3949 48.8019 0.252387 0.0112269 0.967544
7.21656 -17.2381 48.8752 0.24471 0.0187454 0.969415
6.96948 -15.5185 48.8517 0.203245 0.041615 0.978217
6.96668 -14.5087 48.8381 0.234079 0.0130686 0.972128
7.09242 -13.3261 48.7954 0.238223 -0.000900434 0.971144
6.56431 -12.6504 48.9281 0.185952 -0.0126121 0.982478
6.30409 -13.9975 48.9748 0.198166 0.00926183 0.980099
6.24058 -15.0742 48.9922 0.199801 0.00297602 0.979827
6.29626 -16.1173 49.0163 0.199468 0.0383419 0.979145
6.41165 -17.5147 49.0395 0.190893 0.0223796 0.98135
6.87522 -18.4624 48.9752 0.209984 0.0246665 0.977256
7.47343 -19.789 48.8764 0.249698 0.046866 0.967189
8.05402 -20.6486 48.7678 0.255235 0.0425312 0.965926
9.25237 -21.9276 48.4696 0.307063 0.0303504 0.951158
10.2525 -22.4011 48.1474 0.332307 0.025275 0.942699
11.2157 -22.9696 47.8242 0.339254 0.0417297 0.939767
12.288 -23.1754 47.4403 0.36703 0.0549667 0.928149
13.7292 -22.9708 46.8119 0.411627 0.0504647 0.909545
15.2532 -22.2227 46.0352 0.442754 0.028688 0.896184
16.2663 -21.9458 45.4576 0.488535 0.0455849 0.871352
17.3969 -21.5841 44.8068 0.491386 0.0281895 0.870484
17.9586 -20.5838 44.4582 0.513047 0.0357623 0.857178
18.1283 -19.0212 44.2786 0.53348 0.0375 0.844977
18.2973 -17.887 44.1236 0.534905 0.0342491 0.844216
18.7126 -16.989 43.8259 0.534495 0.0317697 0.844574
18.8358 -15.7123 43.7051 0.536087 0.024406 0.84381
18.8665 -14.4787 43.6474 0.537668 0.0311243 0.842567
18.7011 -13.3117 43.7245 0.532633 0.0186849 0.84599
18.4495 -12.2438 43.8547 0.520505 0.0158199 0.853708
18.1142 -11.3192 44.045 0.522093 0.0134429 0.852782
17.6067 -10.0507 44.3345 0.524196 0.0126676 0.851503
17.0878 -9.03275 44.6261 0.503055 0.0124527 0.864159
16.0417 -8.05483 45.2286 0.481734 0.0059194 0.875867
15.2646 -7.4189 45.6342 0.457507 -0.00555927 0.889178
13.9316 -6.87403 46.2908 0.42931 0.00149911 0.903156
13.0076 -6.77178 46.7262 0.403091 0.00385691 0.915036
11.5725 -6.89795 47.3275 0.379536 0.0124608 0.925077
10.5363 -7.19752 47.7275 0.328766 0.0248981 0.944082
9.67917 -7.8147 48.0342 0.310369 0.00470288 0.950435
8.72679 -8.50863 48.3144 0.259025 -0.00228444 0.965835
8.06093 -9.37236 48.5083 0.258876 0.0238199 0.965605
7.43582 -10.351 48.7072 0.253806 0.0177353 0.967087
6.99603 -11.5103 48.8402 0.255499 0.0118831 0.966734
6.70615 -12.3622 48.9045 0.214603 -0.0139093 0.976176
6.61303 -12.5071 48.9206 0.186076 -0.0113648 0.982469
