87.2071 -23.0743 86.0123 0.894253 -0.0229898 0.446972
87.5711 -22.7755 85.3013 0.893337 -0.0225449 0.448821
87.3085 -23.4162 85.7917 0.893873 -0.0228798 0.447735
87.1255 -24.0841 86.1206 0.89273 -0.0318201 0.449445
87.6559 -24.1116 85.0588 0.894475 -0.0284375 0.446212
87.9638 -22.8061 84.5178 0.894449 -0.0200015 0.446708
87.7114 -21.711 85.0662 0.895331 -0.0161678 0.445108
87.2728 -21.6079 85.9516 0.894553 -0.0176691 0.446609
86.9326 -22.3082 86.6009 0.894172 -0.0210346 0.447226
86.9413 -23.3854 86.5281 0.893321 -0.0252259 0.4487
86.5848 -23.408 87.233 0.892414 -0.0274414 0.450383
86.8757 -24.5526 86.5803 0.89286 -0.0367051 0.448835
87.5342 -25.13 85.2305 0.891394 -0.0356349 0.451827
88.0483 -24.3271 84.2579 0.893813 -0.0281896 0.447551
88.28 -23.3577 83.8571 0.894684 -0.0244 0.446008
88.2489 -22.0676 83.9721 0.895325 -0.0170127 0.445089
87.9424 -21.0733 84.6246 0.895359 -0.0160337 0.445056
87.4354 -20.7482 85.6558 0.895194 -0.0158244 0.445395
86.984 -21.0809 86.551 0.894545 -0.0176239 0.446626
86.5481 -22.5101 87.3601 0.894172 -0.0210346 0.447226
86.5471 -22.5552 87.3598 0.893378 -0.0252182 0.448588
86.2064 -22.6444 88.0352 0.89408 -0.0272881 0.447074
86.3324 -24.0198 87.6948 0.893113 -0.0287706 0.448905
86.6297 -25.1898 87.0164 0.892668 -0.0371779 0.449179
86.9813 -25.7907 86.2682 0.891875 -0.0366039 0.450796
87.4583 -25.9903 85.3165 0.890005 -0.0228306 0.455379
87.9475 -25.5176 84.3844 0.892991 -0.0319691 0.448912
88.3277 -24.7251 83.6774 0.893135 -0.0278715 0.448924
88.5923 -23.5594 83.2168 0.895664 -0.0193686 0.444307
88.642 -22.5228 83.1644 0.895835 -0.018248 0.444007
88.4082 -21.1119 83.6861 0.894641 -0.0178705 0.446422
88.1072 -20.3616 84.3161 0.89642 -0.0126072 0.443026
87.6091 -19.9935 85.3332 0.895267 -0.0156722 0.445254
87.0661 -20.089 86.4193 0.894756 -0.0118384 0.446398
86.6831 -20.7 87.168 0.895183 -0.0196485 0.445256
86.3259 -21.6948 87.8463 0.896448 -0.0199891 0.442698
86.2615 -22.0012 87.963 0.895236 -0.0231081 0.444975
85.9357 -21.8716 88.6218 0.894042 -0.0262121 0.447216
85.9367 -23.6389 88.5116 0.894299 -0.0280142 0.446592
86.0718 -24.6148 88.1775 0.894579 -0.0331501 0.445659
86.2804 -25.4712 87.6888 0.89305 -0.0363787 0.448485
86.6353 -26.2034 86.9229 0.893026 -0.0368072 0.448496
87.124 -26.7147 85.9324 0.887533 -0.0281436 0.45983
87.6806 -26.6623 84.8484 0.890005 -0.0228306 0.455379
88.1136 -26.1487 84.033 0.887764 -0.0195018 0.459885
88.4774 -25.483 83.3548 0.88837 -0.0139769 0.458915
88.8202 -24.3443 82.7273 0.886832 -0.0148233 0.461845
88.9599 -23.2834 82.4951 0.887363 -0.0162493 0.460785
88.9616 -22.1576 82.5346 0.895835 -0.018248 0.444007
88.7534 -20.9628 83.0032 0.893825 -0.0197047 0.447983
88.4892 -20.0745 83.5561 0.891805 -0.0114572 0.452274
88.0686 -19.442 84.4207 0.896766 -0.0139999 0.442282
87.6319 -19.2408 85.313 0.895137 -0.0150965 0.44552
87.1807 -19.1811 86.2137 0.894354 -0.0136149 0.44715
86.7517 -19.5919 87.0648 0.900219 -0.0147592 0.435187
86.2426 -20.652 88.0637 0.896827 -0.0237786 0.441742
85.9945 -21.4988 88.5261 0.895204 -0.0230746 0.445042
85.6675 -21.1321 89.2077 0.898866 -0.0219691 0.437624
85.9943 -20.1987 88.5923 0.896716 -0.0233371 0.441991
86.3814 -19.346 87.8397 0.900432 -0.0154695 0.434722
86.7546 -18.7131 87.0883 0.900441 -0.0137841 0.434758
87.2352 -18.4265 86.1302 0.893703 -0.0149879 0.448409
87.6913 -18.3331 85.2243 0.895304 -0.0151552 0.445185
88.3496 -18.8757 83.8696 0.897314 -0.0144974 0.441154
88.7228 -19.4808 83.1105 0.891904 -0.0117211 0.452072
89.0538 -20.1937 82.4393 0.892611 -0.0156895 0.450527
89.2032 -21.3138 82.0928 0.89212 -0.0196039 0.451373
89.3149 -22.5198 81.8353 0.89019 -0.00938631 0.455493
89.3052 -23.6141 81.8184 0.886965 -0.0149048 0.461594
89.1233 -24.6253 82.1405 0.885848 -0.0134967 0.463776
88.8706 -25.7367 82.5861 0.88625 -0.0149349 0.462943
88.4174 -26.6694 83.4253 0.887256 -0.0198167 0.46085
87.8318 -27.2925 84.5286 0.887698 -0.0201856 0.459983
87.0974 -27.6852 85.9155 0.884785 -0.0323323 0.464876
86.6054 -27.0513 86.9117 0.892843 -0.0380764 0.448756
86.1436 -26.3144 87.893 0.893106 -0.0369602 0.448326
85.8303 -25.5574 88.5845 0.894834 -0.0373265 0.444835
85.6785 -24.2822 88.9874 0.894897 -0.0287394 0.445346
85.568 -23.2577 89.2744 0.897159 -0.0282912 0.440758
85.517 -22.0382 89.4586 0.89913 -0.0282395 0.43677
85.5549 -21.697 89.4026 0.899097 -0.0283797 0.436829
