82.8644 -44.6789 96.3342 0.944175 -0.0210691 0.328769
82.9574 -45.8078 96.0025 0.94342 -0.012743 0.331356
83.126 -44.7758 95.5752 0.944095 -0.0228494 0.328874
83.1572 -43.3721 95.589 0.94336 -0.0225658 0.330996
83.0486 -42.3501 95.9613 0.943055 -0.0204313 0.332009
82.8787 -43.128 96.3955 0.942987 -0.0209549 0.332169
82.88 -44.1292 96.3242 0.94365 -0.0224755 0.330175
82.5949 -44.0787 97.1259 0.939365 -0.0221421 0.342198
82.6337 -42.8286 97.1091 0.941267 -0.0228998 0.336845
82.7091 -41.7853 96.9676 0.945271 -0.0253428 0.325302
83.039 -41.2579 96.055 0.944579 -0.0177788 0.327764
83.377 -41.9413 95.0344 0.946045 -0.0154647 0.323666
83.3969 -43.177 94.9218 0.943928 -0.0160603 0.329605
83.3876 -44.2832 94.8685 0.941799 -0.0242392 0.335302
83.3628 -45.3064 94.8726 0.941146 -0.0144237 0.337685
83.2298 -46.4765 95.2011 0.942537 -0.0126296 0.333854
82.7606 -46.68 96.54 0.94488 -0.00697194 0.327341
82.5908 -45.597 97.0516 0.941814 -0.0137196 0.335764
82.5831 -44.495 97.1334 0.939387 -0.0191358 0.342319
82.3085 -44.6638 97.88 0.941651 -0.0129022 0.336256
82.3281 -46.0079 97.7913 0.943709 -0.00800723 0.33068
82.3928 -47.1484 97.5826 0.943593 -0.0068558 0.331036
82.8216 -47.6059 96.3445 0.945073 -0.00795872 0.32676
83.2167 -47.599 95.2002 0.945174 -0.00964287 0.326426
83.5096 -47.0387 94.3889 0.942676 -0.0199829 0.333111
83.6068 -45.8317 94.1696 0.941368 -0.0148566 0.337045
83.6291 -44.8031 94.1576 0.940706 -0.0163454 0.338829
83.6518 -43.7794 94.1625 0.943898 -0.0159215 0.329699
83.6426 -42.7588 94.2143 0.946326 -0.0121191 0.322958
83.6437 -41.0775 94.2967 0.946261 -0.0160296 0.323004
83.1889 -40.3372 95.6697 0.9459 -0.0195469 0.323869
82.7655 -40.5209 96.9002 0.945904 -0.0241166 0.323549
82.4431 -41.2856 97.7797 0.943619 -0.0275761 0.32984
82.3733 -42.6273 97.8574 0.942012 -0.0298439 0.334249
82.3326 -43.8276 97.866 0.940789 -0.0260767 0.337963
82.3112 -44.3143 97.8906 0.939588 -0.0208177 0.34166
82.037 -44.4135 98.6515 0.942092 -0.0169428 0.33476
82.1008 -42.6135 98.626 0.941927 -0.0298447 0.334489
82.1506 -41.5246 98.579 0.939272 -0.0250358 0.34226
82.2547 -40.024 98.3855 0.939762 -0.0156527 0.34147
82.5848 -39.7035 97.4907 0.943312 -0.0146145 0.331435
82.9744 -39.5997 96.3548 0.946566 -0.0204668 0.32185
83.3037 -39.5299 95.3832 0.946621 -0.0206995 0.321673
83.6298 -39.6015 94.4301 0.945459 -0.0207149 0.325081
83.8877 -40.1469 93.6448 0.945859 -0.0204281 0.323933
83.9218 -41.3494 93.4699 0.945804 -0.0180629 0.324235
83.8858 -42.6735 93.5065 0.946067 -0.0117349 0.323732
83.8967 -44.1591 93.4393 0.947391 -0.0121202 0.319801
83.8729 -45.3075 93.4476 0.948292 -0.0178364 0.316897
83.8531 -46.3547 93.4527 0.945854 -0.0145836 0.324218
83.8158 -47.3568 93.5017 0.944753 -0.0195217 0.327201
83.4993 -48.3199 94.3603 0.945227 -0.00992828 0.326264
82.9626 -48.4684 95.9118 0.945715 -0.00651643 0.324921
82.395 -48.349 97.5543 0.943867 -0.00521566 0.330284
82.0918 -47.5791 98.434 0.943769 -0.00605869 0.330551
82.0753 -46.472 98.5015 0.943673 -0.0064641 0.330816
82.0443 -45.4005 98.6117 0.941636 -0.00701943 0.33656
82.0391 -44.9951 98.6345 0.941676 -0.00662369 0.336456
81.761 -45.3583 99.4048 0.941998 -0.0054027 0.33557
81.8133 -43.8142 99.334 0.942211 -0.0280547 0.333841
81.7847 -42.6482 99.5076 0.940761 -0.0248892 0.338152
81.8938 -41.5953 99.2786 0.939271 -0.0250359 0.342262
81.8478 -40.5163 99.4839 0.939688 -0.0200982 0.341406
82.0292 -39.111 99.0266 0.938565 -0.00670814 0.345012
82.6982 -38.8881 97.2038 0.943312 -0.0146145 0.331435
83.1042 -38.757 96.026 0.945726 -0.0219741 0.324209
83.4901 -38.7448 94.8825 0.946476 -0.0190831 0.322184
83.8292 -38.8048 93.8925 0.94577 -0.0169343 0.324396
84.2037 -39.4034 92.7555 0.948449 -0.0134496 0.316643
84.2567 -40.8122 92.5229 0.945842 -0.0197898 0.324019
84.1894 -42.381 92.6365 0.945148 -0.0163128 0.326234
84.1672 -43.5947 92.6596 0.947395 -0.0129278 0.319759
84.1437 -44.6374 92.6745 0.948491 -0.0171257 0.316339
84.1243 -45.6561 92.6752 0.947709 -0.0139598 0.318796
84.1142 -46.7333 92.6714 0.946896 -0.0100527 0.321383
84.0683 -47.9092 92.7398 0.944551 -0.0182655 0.327853
83.7855 -49.1005 93.513 0.946163 -0.00729699 0.323589
83.3621 -49.2339 94.7362 0.94558 -0.00465209 0.325348
82.9554 -49.2736 95.9224 0.946094 -0.00351312 0.323872
82.6059 -49.3325 96.9381 0.944321 -0.00398826 0.328997
82.2736 -49.206 97.8887 0.943403 -0.0046818 0.331616
81.92 -48.9894 98.8917 0.942407 -0.0063632 0.334401
81.8223 -46.9639 99.2101 0.94316 -0.00598439 0.332286
81.7984 -46.105 99.2898 0.942684 -0.00421061 0.33366
81.7599 -45.6092 99.4048 0.942524 -0.00415739 0.334113
