97.7475 43.6485 70.1106 0.910562 0.000214497 0.413371
98.1063 43.799 69.3296 0.905389 -0.00160621 0.42458
97.9041 44.933 69.7641 0.905314 -0.00134252 0.42474
97.7713 44.2383 70.0587 0.91116 0.00155992 0.412043
97.4295 44.2736 70.8127 0.91061 0.000303333 0.413265
97.4294 43.0988 70.8118 0.910633 0.000286706 0.413215
97.5744 42.1163 70.4945 0.910361 0.000705645 0.413815
98.0056 41.9378 69.5463 0.910351 0.000828189 0.413836
98.3909 43.1904 68.7205 0.905162 -0.00143978 0.425064
98.4159 44.3281 68.6719 0.90498 -0.00172636 0.425451
98.3318 45.3515 68.8548 0.904995 -0.00158245 0.425419
98.0694 46.0144 69.4152 0.905038 -0.00120089 0.425329
97.6299 46.0674 70.353 0.909172 0.00611453 0.41636
97.4626 45.1494 70.7354 0.911598 0.00384632 0.411065
97.441 44.826 70.7861 0.911002 0.00227024 0.41239
97.1408 44.9598 71.4513 0.911856 0.00391443 0.410474
97.1231 43.7879 71.4926 0.912721 0.000582524 0.408584
97.1276 42.559 71.48 0.911713 -0.00055836 0.410824
97.2277 41.496 71.2606 0.91121 0.00090803 0.411941
97.6501 41.1157 70.3298 0.91021 0.00142077 0.414144
98.1318 41.08 69.2727 0.908371 0.00229296 0.41814
98.6495 41.9874 68.1656 0.905186 -0.0016839 0.425011
98.7172 43.4973 68.0275 0.903377 -0.00265548 0.428821
98.7296 44.9603 68.0138 0.901649 -0.00414581 0.432448
98.6533 45.9895 68.1825 0.901185 -0.00381335 0.433417
98.3764 46.7199 68.7644 0.903026 -0.00246236 0.429554
97.9588 46.9377 69.6519 0.90464 9.39795e-06 0.426177
97.2567 46.5135 71.1619 0.908564 0.00307155 0.417734
97.1442 45.3973 71.4363 0.911266 0.00855063 0.411728
96.8286 45.6345 72.1307 0.912759 0.00716636 0.408436
96.8215 44.4685 72.1653 0.912342 0.00212199 0.40942
96.8119 43.2363 72.1863 0.91228 -0.00182647 0.409564
96.814 41.8965 72.1752 0.911787 -0.000576632 0.41066
96.9159 40.8176 71.9576 0.911894 0.00453084 0.4104
97.3362 40.365 71.0292 0.911634 0.00499485 0.410973
97.8533 40.3245 69.8878 0.909934 0.00198405 0.414749
98.3113 40.2699 68.8918 0.906669 0.00295237 0.421833
98.8659 40.6165 67.6991 0.905785 0.000532421 0.42373
98.9829 41.5905 67.458 0.902083 -0.00289109 0.431553
99.0259 42.6303 67.3759 0.901939 -0.00351406 0.431849
99.043 43.6367 67.349 0.901747 -0.00355356 0.43225
99.0573 44.6706 67.3278 0.901651 -0.0041451 0.432444
99.046 45.7064 67.3625 0.90156 -0.0047 0.432629
98.9619 46.7294 67.5476 0.901177 -0.00388473 0.433433
98.5616 47.6062 68.3874 0.900503 -0.00244191 0.434838
97.9694 47.7203 69.6289 0.904767 0.00112964 0.425906
97.4644 47.6729 70.7016 0.906576 0.00151843 0.422015
97.0545 47.4377 71.5948 0.908955 0.00475293 0.416866
96.8415 46.179 72.0855 0.91234 0.0130095 0.409206
96.8284 45.7817 72.1285 0.913391 0.0104629 0.406933
96.5042 46.1726 72.8461 0.913391 0.0104629 0.406933
96.5057 45.1154 72.8614 0.912759 0.00716636 0.408436
96.5078 44.0789 72.867 0.913412 0.00232574 0.407025
96.4982 42.9722 72.8853 0.913523 -0.00146748 0.406785
96.4937 41.8565 72.8915 0.913182 -0.0014984 0.40755
96.63 40.0255 72.5945 0.910218 0.00302388 0.414117
97.2194 39.5984 71.2973 0.911231 0.00485842 0.411866
97.6724 39.58 70.2963 0.911423 0.00639265 0.41142
98.4965 39.4941 68.501 0.906362 0.00535655 0.422467
98.9244 39.5932 67.581 0.906374 0.00443596 0.422451
99.2528 40.2518 66.8887 0.901838 2.70872e-05 0.432073
99.3289 41.268 66.7335 0.899832 -0.000858046 0.436235
99.3626 42.4296 66.6714 0.901742 -0.00351125 0.43226
99.3738 44.1821 66.6633 0.901648 -0.0039484 0.432451
99.3789 45.4794 66.667 0.901005 -0.0049094 0.433781
99.3533 46.5213 66.7319 0.900954 -0.00547066 0.433879
99.2716 47.9028 66.9165 0.900263 -0.00449567 0.435322
98.6264 48.4053 68.2554 0.899936 -0.000888016 0.436022
97.9075 48.4944 69.7584 0.904627 0.000357933 0.426202
97.4042 48.4535 70.8251 0.905767 0.00692565 0.423698
96.9832 48.3621 71.7414 0.908402 0.00604636 0.418045
96.6098 47.8354 72.5618 0.91396 0.00940543 0.405696
96.5107 46.3679 72.825 0.914205 0.0132155 0.405037
96.1612 46.4389 73.6139 0.914555 0.0110088 0.404306
96.1603 47.4919 73.5814 0.91413 0.0116338 0.405245
96.2333 48.4808 73.3952 0.914233 0.00560482 0.40515
96.5276 49.1867 72.7224 0.91399 0.00463446 0.40571
96.9837 49.2496 71.722 0.908195 0.0078121 0.41847
97.4379 49.2704 70.7398 0.905763 0.00695711 0.423707
98.0618 49.223 69.4267 0.901822 0.00222668 0.432071
98.5997 49.4049 68.3134 0.899959 -0.00163914 0.43597
99.31 49.2215 66.8509 0.899714 -0.00343507 0.436463
99.7323 48.2396 65.9671 0.900257 -0.00459424 0.435335
99.7337 46.6161 65.9437 0.900885 -0.00611593 0.434015
99.7217 45.4519 65.9546 0.901098 -0.00509622 0.433586
99.6908 44.4242 66.0063 0.901197 -0.00527715 0.433377
99.7099 43.1394 65.9535 0.90152 -0.00392978 0.43272
99.6884 41.7173 65.993 0.899895 -0.000801342 0.436105
99.6913 40.5747 65.9846 0.899688 0.000105448 0.436532
99.6289 39.5733 66.1155 0.899519 0.00106295 0.43688
99.2343 38.9264 66.9292 0.900377 -0.00138618 0.435106
98.7718 38.55 67.9227 0.906934 0.00539034 0.421235
98.1647 38.7476 69.2312 0.908782 0.0117655 0.417106
97.6464 38.644 70.3704 0.908836 0.00762316 0.417066
97.2011 38.7387 71.3469 0.909351 0.000344061 0.416007
96.7039 38.7387 72.4249 0.907978 -0.0025155 0.419011
96.2487 39.4641 73.4273 0.909547 -0.00369652 0.415585
96.1993 40.5008 73.5436 0.912525 -0.00260213 0.409012
96.1917 42.402 73.5715 0.913434 -0.00196598 0.406981
96.164 43.5581 73.637 0.913016 0.000633818 0.407922
96.1844 44.8268 73.5874 0.913761 0.00389932 0.406234
96.169 45.6157 73.6145 0.914351 0.00579999 0.404876
96.169 45.6898 73.613 0.914585 0.00837457 0.404307
