-91.8507 40.8708 80.5804 -0.861625 -0.00854305 0.507474
-91.7295 42.0519 80.8047 -0.861041 -0.00611895 0.508499
-91.4425 41.0719 81.2769 -0.861936 -0.00788002 0.506955
-91.0649 40.2811 81.9095 -0.86338 -0.0078731 0.504493
-90.9456 39.254 82.0945 -0.862102 -0.0140565 0.506534
-91.3394 39.5351 81.4298 -0.862778 -0.0113944 0.505439
-91.7942 40.5015 80.6702 -0.861874 -0.00795684 0.50706
-92.0632 40.0765 80.2063 -0.862116 -0.00867395 0.506636
-92.2351 41.1707 79.9321 -0.862597 -0.00876528 0.505815
-92.2705 42.25 79.8912 -0.861274 -0.00910677 0.508055
-91.9792 43.0679 80.3953 -0.86063 -0.0072642 0.509179
-91.3488 42.401 81.4535 -0.861027 -0.00610899 0.508522
-90.925 41.0833 82.1609 -0.863182 -0.00654758 0.50485
-90.6822 40.0817 82.5613 -0.862401 -0.00971004 0.506124
-90.4714 38.924 82.8923 -0.862071 -0.0135212 0.506601
-90.4566 37.8753 82.8877 -0.868699 -0.00457106 0.49532
-91.1308 38.0909 81.7408 -0.863008 -0.016047 0.504935
-91.803 39.348 80.6305 -0.863446 -0.0150289 0.504218
-92.0608 40.0608 80.2101 -0.861874 -0.00795684 0.50706
-92.3598 39.5673 79.69 -0.861852 -0.0121388 0.507006
-91.9634 38.5245 80.3312 -0.862104 -0.0148889 0.506506
-91.4344 37.6313 81.2074 -0.864483 -0.0248408 0.501964
-90.9038 37.092 82.0944 -0.868613 -0.0262525 0.49473
-90.3875 36.7333 82.9906 -0.868592 -0.0146886 0.495311
-90.0357 37.4383 83.6223 -0.868011 -0.00790317 0.496469
-90.0501 38.6552 83.6037 -0.865027 0.000785968 0.501723
-90.2216 39.7045 83.334 -0.858907 -0.0102199 0.512029
-90.4523 40.7691 82.965 -0.863167 -0.00645691 0.504875
-90.7125 41.7928 82.5316 -0.862868 -0.00546465 0.505401
-91.0045 42.7318 82.044 -0.86266 -0.00595767 0.505748
-91.7099 43.9661 80.8633 -0.860504 -0.00687553 0.509397
-92.5079 43.5365 79.5079 -0.860851 -0.00728041 0.508804
-92.652 42.1769 79.2416 -0.861659 -0.0109535 0.50737
-92.5309 40.4523 79.4151 -0.862607 -0.00880856 0.505799
-92.5176 40.3734 79.4364 -0.862702 -0.00936822 0.505625
-92.9327 40.5926 78.7323 -0.862713 -0.00937591 0.505607
-93.0441 41.854 78.5688 -0.861655 -0.0110534 0.507374
-93.0579 42.9603 78.5691 -0.861258 -0.00906468 0.508083
-92.7826 44.3125 79.0563 -0.860213 -0.00865067 0.509861
-92.2829 44.8495 79.9079 -0.860183 -0.00762117 0.509928
-91.6459 44.76 80.9822 -0.860511 -0.00686945 0.509386
-90.9446 43.784 82.1557 -0.861712 -0.0054248 0.507366
-90.5326 42.6211 82.8466 -0.860877 -0.0046508 0.508786
-90.2441 41.5446 83.3236 -0.859707 -0.00380199 0.510773
-90.0024 40.5233 83.7187 -0.858546 -0.00850041 0.51266
-89.7706 39.4543 84.0856 -0.858907 -0.0102199 0.512029
-89.6319 38.4492 84.325 -0.865027 0.000785968 0.501723
-89.5842 36.9116 84.4096 -0.868461 -0.00411231 0.495671
-90.058 35.8067 83.5409 -0.870231 -0.013866 0.492437
-90.7273 36.1252 82.3694 -0.870819 -0.0192674 0.491227
-91.2908 36.642 81.391 -0.868613 -0.0262525 0.49473
-91.7507 37.1811 80.6281 -0.866068 -0.0332859 0.498816
-92.4065 38.3013 79.5717 -0.863124 -0.0261069 0.504317
-92.8019 39.6303 78.9365 -0.862878 -0.0105251 0.505303
-92.8446 39.8369 78.8678 -0.862783 -0.00992824 0.505477
-93.2321 39.6348 78.1991 -0.864037 -0.0109035 0.50331
-93.0165 38.6245 78.5425 -0.863527 -0.0249438 0.503686
-92.4621 37.356 79.427 -0.862306 -0.0305365 0.505453
-91.8493 36.451 80.4098 -0.863864 -0.0317079 0.502712
-91.3766 35.9179 81.209 -0.870564 -0.0205955 0.491622
-90.8942 35.438 82.0487 -0.871115 -0.0175485 0.490762
-90.3667 35.0091 82.9749 -0.872312 -0.0101918 0.48884
-89.7851 34.9202 84.036 -0.876545 0.00205748 0.481269
-89.2511 36.0668 84.9836 -0.873307 -0.00217988 0.487076
-89.1796 37.2558 85.1067 -0.864712 0.00199317 0.502264
-89.2423 38.3909 84.995 -0.86429 0.0019876 0.50299
-89.4526 39.9221 84.6282 -0.861607 -0.00483784 0.507493
-89.8045 41.3752 84.0602 -0.858237 -0.00626291 0.513216
-90.0563 42.3867 83.6463 -0.859735 -0.00459008 0.510719
-90.3897 43.5276 83.0967 -0.860766 -0.0047584 0.508974
-90.7353 44.4542 82.519 -0.861339 -0.00617987 0.507993
-91.1348 45.1501 81.8509 -0.860825 -0.00672852 0.508855
-91.8643 45.6378 80.6259 -0.860368 -0.00742513 0.509619
-92.4126 45.6403 79.701 -0.860176 -0.00757172 0.50994
-92.9515 45.1924 78.7852 -0.860167 -0.0076591 0.509955
-93.2671 44.3458 78.2394 -0.861258 -0.0091832 0.508081
-93.4669 43.0094 77.8757 -0.862279 -0.00867363 0.50636
-93.432 41.5242 77.9047 -0.860629 -0.0116209 0.509099
-93.2781 40.0593 78.1294 -0.864009 -0.0109966 0.503357
-93.6887 40.3923 77.4319 -0.86407 -0.0111483 0.503248
-93.8776 41.4443 77.1462 -0.862771 -0.0160775 0.50533
-93.8432 42.8704 77.2336 -0.863721 -0.00762857 0.503901
-93.7836 44.149 77.3546 -0.863842 -0.00797314 0.5037
-93.3748 45.4921 78.0766 -0.861645 -0.00854583 0.507428
-92.9415 46.156 78.8169 -0.859903 -0.00799273 0.510396
-92.4088 46.5919 79.7204 -0.860486 -0.00527823 0.509447
-91.7419 46.3527 80.8429 -0.860305 -0.00716997 0.509729
-91.0302 46.1503 82.041 -0.859718 -0.00702913 0.51072
-90.5804 45.4988 82.7917 -0.860055 -0.00374284 0.510187
-90.239 44.5881 83.3607 -0.859272 -0.00411883 0.511499
-89.9161 43.5396 83.8934 -0.85854 -0.00369356 0.512733
-89.6457 42.3655 84.3373 -0.859735 -0.00459008 0.510719
-89.354 41.4367 84.8147 -0.858717 -0.00653865 0.512408
-89.0563 39.9325 85.3037 -0.86146 0.00156332 0.507816
-88.8014 38.6628 85.7453 -0.861423 0.00501773 0.507862
-88.7456 37.651 85.8506 -0.862671 0.00358504 0.505747
-88.6872 36.5074 85.9703 -0.867224 0.0139278 0.497688
-88.8662 35.5924 85.6829 -0.871363 0.0124709 0.490419
-89.2673 34.3904 84.9778 -0.874308 0.00675907 0.485323
-89.9377 34.0077 83.7505 -0.878224 -0.00291649 0.478238
-90.4261 34.2226 82.8547 -0.875435 -0.00389762 0.483278
-90.9653 34.5419 81.8887 -0.875928 -0.0139415 0.482239
-91.5804 35.1249 80.8169 -0.868967 -0.0216336 0.49439
-92.3075 36.055 79.6036 -0.861689 -0.0331535 0.506352
-92.7757 36.9285 78.8662 -0.862306 -0.0305365 0.505453
-93.2592 37.7275 78.0792 -0.870247 -0.0386835 0.49109
-93.4613 38.676 77.7826 -0.864047 -0.0184504 0.503031
-93.5094 38.9062 77.7052 -0.864264 -0.0121772 0.50289
-93.6643 39.4146 77.452 -0.864053 -0.0118433 0.503261
