-52.2713 -18.6591 18.3648 -0.516957 -0.00904494 0.855964
-51.6267 -18.9844 18.7484 -0.512754 -0.0108116 0.858467
-51.5214 -17.9092 18.8255 -0.509312 -0.0139311 0.860404
-52.2121 -18.3885 18.4033 -0.514578 -0.0193808 0.857156
-52.8164 -18.0154 18.0561 -0.511792 -0.0302957 0.858575
-52.1165 -17.3671 18.4923 -0.500783 -0.0180254 0.865385
-51.218 -17.2643 19.016 -0.51101 -0.0148086 0.859391
-50.6504 -18.3103 19.3503 -0.523121 -0.00731116 0.85222
-51.032 -19.2794 19.1006 -0.518654 -0.0132842 0.854854
-51.7388 -19.9931 18.6676 -0.513046 -0.0203413 0.85812
-52.6652 -19.7016 18.1127 -0.520262 -0.0156455 0.853861
-52.946 -18.6325 17.957 -0.514811 -0.0197343 0.857004
-53.5486 -18.8541 17.5956 -0.501371 -0.0242974 0.864878
-53.2744 -19.8199 17.7376 -0.522347 -0.015679 0.852589
-52.7327 -20.6756 18.0502 -0.519854 -0.0233564 0.853936
-51.8411 -20.7579 18.5882 -0.513109 -0.0210354 0.858066
-50.9348 -20.0921 19.1458 -0.525721 -0.0112255 0.850403
-50.1484 -18.8248 19.658 -0.550751 0.00282442 0.834664
-49.9908 -17.696 19.7669 -0.541098 -0.00571532 0.840938
-50.7924 -16.6879 19.2819 -0.53218 -0.0124647 0.846503
-51.833 -16.5758 18.6715 -0.502738 -0.00268089 0.864435
-52.6687 -16.8993 18.183 -0.506056 -0.024056 0.862119
-53.4554 -17.9076 17.684 -0.50379 -0.0327272 0.863206
-53.5544 -18.395 17.6076 -0.501856 -0.0310411 0.864389
-54.165 -18.125 17.2644 -0.498975 -0.028078 0.866161
-54.0945 -19.1869 17.2705 -0.501867 -0.0193961 0.864727
-53.5822 -20.6035 17.5368 -0.498636 -0.0132447 0.866679
-52.7931 -21.552 17.9957 -0.513653 -0.00969617 0.857943
-51.8624 -21.6464 18.5531 -0.516369 -0.022686 0.856056
-51.0418 -21.1013 19.0749 -0.537873 -0.00155521 0.843024
-50.3928 -20.4344 19.4913 -0.543721 -0.00628297 0.839209
-49.8551 -19.6435 19.8543 -0.549568 -0.00360523 0.835414
-49.4924 -18.7154 20.0911 -0.551305 0.00337115 0.834296
-49.3761 -17.6276 20.1656 -0.550789 -0.00791905 0.834607
-49.9792 -16.3907 19.7974 -0.531944 -0.011141 0.846661
-50.7602 -15.9736 19.3066 -0.523081 -0.00768317 0.852139
-52.3242 -16.011 18.3882 -0.502251 -0.00299982 0.864716
-53.5733 -16.8136 17.6527 -0.507531 -0.0159567 0.861485
-54.1052 -17.7514 17.3104 -0.501688 -0.0295382 0.864536
-54.6498 -17.2787 17.014 -0.487215 -0.0146769 0.872991
-54.7991 -18.3145 16.894 -0.484628 -0.0326095 0.874112
-54.5856 -19.7001 16.9743 -0.497615 -0.014552 0.867251
-54.125 -20.9208 17.225 -0.493839 -0.0104754 0.869484
-53.0791 -22.2148 17.8172 -0.511712 -0.013591 0.859038
-52.0959 -22.4757 18.3975 -0.519435 -0.0134142 0.854351
-50.8162 -21.7698 19.2147 -0.53662 -0.0184587 0.843622
-50.0789 -21.0223 19.6892 -0.540968 -0.00653278 0.840996
-49.1897 -19.6414 20.2821 -0.540153 -0.00894298 0.841519
-48.7749 -17.9968 20.5611 -0.544081 -0.00154312 0.83897
-48.9354 -16.7832 20.4706 -0.564878 -0.0192672 0.824948
-49.8828 -15.6269 19.8604 -0.536548 -0.00562659 0.843836
-51.0243 -15.2312 19.1587 -0.511844 -0.0113994 0.859003
-51.9231 -15.2207 18.6238 -0.506806 -0.00705191 0.862004
-53.246 -15.6931 17.8615 -0.496488 -0.00577452 0.868024
-54.1061 -16.3526 17.3474 -0.50754 -0.0159632 0.86148
-54.6014 -17.1398 17.0409 -0.499177 -0.00686137 0.866366
-55.0496 -16.5508 16.7873 -0.499177 -0.00686137 0.866366
-54.1034 -15.4643 17.3647 -0.507572 -0.0149716 0.861479
-53.3505 -14.9681 17.8066 -0.496372 -0.00608214 0.868089
-52.3155 -14.5994 18.4013 -0.500013 -0.00887923 0.865959
-51.0633 -14.5194 19.1426 -0.511835 -0.00673495 0.859057
-50.0075 -14.8068 19.7891 -0.539982 -0.0102992 0.841612
-49.1034 -15.378 20.3631 -0.554143 -0.00243659 0.832228
-48.512 -16.1758 20.7751 -0.567155 -0.00721228 0.823496
-48.2232 -17.1138 20.9517 -0.563943 -0.0192882 0.825588
-48.2416 -18.5209 20.9056 -0.564022 -0.0200086 0.825516
-48.548 -19.6799 20.6911 -0.536264 -0.00891473 0.844002
-49.0397 -20.6401 20.3656 -0.538956 -0.00770189 0.842292
-49.6868 -21.5229 19.9385 -0.546927 -0.00905881 0.837129
-50.3774 -22.251 19.4836 -0.537066 -0.0183221 0.843341
-51.0959 -22.8403 19.0136 -0.531941 -0.0138831 0.846637
-51.9299 -23.2164 18.4919 -0.527043 -0.0096787 0.849783
-53.0659 -23.0694 17.8074 -0.512026 -0.017385 0.858794
-53.7985 -22.5165 17.3839 -0.498679 -0.021194 0.86642
-54.4785 -21.5325 17.0153 -0.492683 -0.0134167 0.870106
-54.994 -20.5022 16.7339 -0.49455 -0.00734512 0.869118
-55.2816 -19.4599 16.5941 -0.467987 -0.0149386 0.883609
-55.4086 -18.4609 16.5507 -0.484628 -0.0326095 0.874112
-55.361 -17.4456 16.6143 -0.487215 -0.0146769 0.872991
-56.0174 -17.574 16.246 -0.486995 -0.0147942 0.8731
-56.011 -18.5892 16.2218 -0.468126 -0.0150648 0.883533
-55.8694 -19.6579 16.2794 -0.467987 -0.0149386 0.883609
-55.6108 -20.6345 16.399 -0.468464 -0.0147953 0.883358
-54.8596 -22.1025 16.7912 -0.492024 -0.0124584 0.870493
-53.978 -23.2788 17.2619 -0.498679 -0.021194 0.86642
-53.0139 -23.8486 17.8236 -0.510686 -0.0162731 0.859614
-51.796 -23.9578 18.5609 -0.525585 -0.0258464 0.850348
-50.7563 -23.4427 19.217 -0.531941 -0.0138831 0.846637
-50.0631 -22.8444 19.6745 -0.544808 -0.0127068 0.838464
-49.4123 -22.1864 20.1075 -0.546092 -0.0134799 0.837615
-48.635 -21.1025 20.6263 -0.546493 0.000481415 0.837464
-48.0235 -19.9587 21.025 -0.557754 -0.00353865 0.829882
-47.6814 -18.7921 21.2828 -0.56481 -0.0193562 0.824994
-47.6129 -17.1872 21.3675 -0.564624 -0.0197273 0.825112
-47.8649 -16.0888 21.2191 -0.548112 -0.00364849 0.83639
-48.3433 -15.2467 20.8858 -0.564173 0.00834287 0.825614
-49.4296 -14.3163 20.167 -0.540395 -0.0122241 0.841322
-50.7866 -13.86 19.319 -0.525902 -0.0185186 0.850343
-51.7806 -13.8518 18.7214 -0.507738 -0.00621494 0.861473
-52.6987 -13.9914 18.1864 -0.496543 -0.0073933 0.86798
-53.9848 -14.5357 17.4473 -0.501791 -0.00705939 0.864933
-54.885 -15.2183 16.9086 -0.508218 -0.0119915 0.861139
-55.4768 -15.9656 16.5461 -0.498973 -0.00725123 0.866485
-55.8675 -16.8778 16.328 -0.489951 0.00236085 0.871747
-56.463 -16.6344 15.9948 -0.486045 0.00120606 0.873933
-55.9603 -15.4936 16.2742 -0.484841 -0.0138134 0.874378
-55.3431 -14.7009 16.6425 -0.509538 -0.00857191 0.860405
-54.0102 -13.7724 17.4388 -0.501791 -0.00705939 0.864933
-53.1767 -13.4351 17.9177 -0.496543 -0.0073933 0.86798
-51.8566 -13.1813 18.6815 -0.507738 -0.00621494 0.861473
-50.6564 -13.1888 19.4083 -0.530278 0.0137179 0.847711
-49.7907 -13.3758 19.9477 -0.534136 -0.0149492 0.845223
-48.8486 -13.886 20.5507 -0.545979 -0.0160732 0.837644
-48.1427 -14.4823 21.0151 -0.562544 -0.000366827 0.82672
-47.5411 -15.3195 21.4318 -0.548842 -0.000557189 0.835926
-47.0355 -16.8697 21.755 -0.546958 -0.00765554 0.837125
-46.9938 -18.036 21.7724 -0.568089 -0.0157605 0.822815
-47.2799 -19.6314 21.5431 -0.56952 -0.0154471 0.821832
-47.7433 -20.7337 21.2116 -0.568159 -0.00765148 0.822883
-48.3078 -21.698 20.8406 -0.548773 -0.0068881 0.835902
-48.9187 -22.5836 20.424 -0.548465 -0.014489 0.836048
-49.61 -23.3088 19.962 -0.545031 -0.0128075 0.838318
-50.4448 -24.0649 19.4018 -0.540435 -0.0208375 0.841111
-51.3637 -24.5763 18.8097 -0.525888 -0.0255573 0.850169
-52.1964 -24.7792 18.2924 -0.511433 -0.0164042 0.859166
-53.6744 -24.3776 17.421 -0.510712 -0.0164096 0.859595
-54.5744 -23.6538 16.918 -0.48757 -0.025193 0.87272
-55.4206 -22.3765 16.4701 -0.49198 -0.0125862 0.870516
-56.0483 -21.1774 16.1511 -0.478092 -0.0233892 0.877998
-56.4894 -19.6508 15.9504 -0.46897 -0.0193765 0.882991
-56.6656 -17.6996 15.8887 -0.474883 -0.00250354 0.879964
-56.5967 -17.2635 15.9215 -0.481392 0.00537689 0.876464
-57.1467 -16.7547 15.6185 -0.474561 0.00859057 0.880181
-57.3132 -17.8234 15.5392 -0.471466 -0.00383872 0.881771
-57.194 -18.9062 15.5837 -0.474934 -0.0144703 0.879901
-57.0502 -19.9092 15.64 -0.481236 -0.0260186 0.876204
-56.5555 -21.5576 15.8646 -0.478103 -0.0223679 0.878019
-55.9914 -22.6387 16.1529 -0.480085 -0.0144162 0.877103
-55.3441 -23.715 16.4864 -0.487334 -0.024518 0.872871
-54.7016 -24.4911 16.8229 -0.486789 -0.0242122 0.873184
-53.6046 -25.198 17.4467 -0.505304 -0.0138291 0.862804
-52.6026 -25.5138 18.0366 -0.511294 -0.0163169 0.859251
-51.6989 -25.4871 18.575 -0.518662 -0.0209367 0.854668
-50.8826 -25.1698 19.0995 -0.536551 -0.0181229 0.843673
-50.1412 -24.6946 19.5814 -0.540904 -0.0204114 0.84082
-48.9653 -23.5898 20.3768 -0.545247 -0.0181267 0.838062
-48.2288 -22.742 20.8738 -0.553278 -0.00991014 0.832905
-47.6999 -21.8398 21.2385 -0.548773 -0.0068881 0.835902
-47.0878 -20.6933 21.6646 -0.568159 -0.00765148 0.822883
-46.5359 -19.0559 22.0691 -0.567697 -0.0150986 0.823099
-46.3702 -17.7337 22.2076 -0.5681 -0.00556998 0.822883
-46.537 -16.3501 22.0857 -0.558583 -0.00213046 0.829319
-46.8625 -15.2375 21.8778 -0.548841 -0.00107357 0.835926
-47.435 -14.2978 21.497 -0.562821 0.000225198 0.826537
-48.178 -13.5626 21.0004 -0.557699 -0.0130005 0.829922
-48.9217 -13.034 20.5186 -0.546888 -0.00858578 0.837133
-50.0942 -12.5971 19.7522 -0.539158 0.00511372 0.842102
-51.0232 -12.4682 19.168 -0.519432 0.00348614 0.854387
-52.1579 -12.5167 18.5061 -0.503901 0.00152175 0.863758
-53.217 -12.7373 17.8976 -0.49501 -0.00292759 0.868878
-54.4194 -13.2094 17.2021 -0.507399 -0.0062038 0.861689
-55.5548 -13.9871 16.5243 -0.491405 -0.0133354 0.870562
-56.3352 -14.8062 16.0892 -0.477673 -0.022798 0.878208
-56.7967 -15.6531 15.8083 -0.482365 -0.0114225 0.875809
-57.081 -16.4891 15.6513 -0.479735 0.00463191 0.877372
-57.5529 -15.8351 15.3934 -0.448284 -0.0060922 0.893852
-57.1296 -14.8406 15.6497 -0.481143 -0.0320387 0.876043
-56.3709 -13.8061 16.09 -0.471979 -0.0176736 0.881432
-55.5268 -13.0829 16.5547 -0.483848 -0.0099763 0.87501
-54.5748 -12.5391 17.1186 -0.504927 -0.0138616 0.86305
-53.3472 -12.0721 17.8256 -0.49341 -0.00125837 0.869796
-52.3137 -11.8357 18.414 -0.499036 -0.000540142 0.866571
-51.3978 -11.7808 18.9482 -0.508815 0.000867672 0.860872
-50.4887 -11.8633 19.4969 -0.538298 0.00296967 0.842686
-49.4896 -12.0324 20.1488 -0.547369 -0.00149717 0.83689
-48.3844 -12.5558 20.8742 -0.551332 -0.00307668 0.83428
-47.4506 -13.327 21.4946 -0.560027 -0.00594143 0.828453
-46.7539 -14.1291 21.9677 -0.568832 -0.00865308 0.822374
-46.1717 -15.4328 22.345 -0.576056 -0.0131911 0.817252
-45.8957 -16.5692 22.5333 -0.583063 -0.00622188 0.812403
-45.7565 -17.5789 22.6327 -0.568601 -0.00532633 0.822541
-45.8748 -18.6034 22.5331 -0.567485 -0.0150096 0.823247
-46.074 -19.714 22.3767 -0.583153 -0.0076078 0.812324
-46.5178 -20.8466 22.0566 -0.56801 -0.00733938 0.822989
-46.9585 -21.6933 21.7448 -0.567865 -0.00788501 0.823084
-47.4363 -22.6325 21.4074 -0.562108 -0.00579689 0.827028
-48.0047 -23.5106 21.0197 -0.558022 -0.00524961 0.82981
-49.0331 -24.5368 20.3119 -0.55727 -0.0141027 0.830212
-49.8389 -25.3304 19.7604 -0.540904 -0.0204114 0.84082
-50.8865 -25.9773 19.0775 -0.535711 -0.0229478 0.844089
-52.0805 -26.2764 18.3271 -0.516746 -0.0189011 0.855899
-52.9745 -26.2121 17.7964 -0.511407 -0.0232335 0.859024
-54.2998 -25.6168 17.0367 -0.501122 -0.0267937 0.864962
-55.1268 -25.001 16.5721 -0.49255 -0.0170983 0.870066
-56.043 -23.7383 16.0956 -0.487334 -0.024518 0.872871
-56.8151 -22.4794 15.7034 -0.484579 -0.0210965 0.874467
-57.2906 -21.4085 15.4699 -0.468329 -0.0194923 0.883338
-57.6001 -20.2077 15.3337 -0.464667 -0.0230279 0.885185
-57.7893 -19.0102 15.2638 -0.465538 -0.0176089 0.884846
-57.963 -17.9128 15.1914 -0.471466 -0.00383872 0.881771
-57.8008 -16.869 15.2686 -0.448358 -0.00100173 0.893853
-57.7851 -16.7824 15.2765 -0.448384 -0.000369126 0.893841
-58.428 -16.9434 14.9539 -0.448358 -0.00100173 0.893853
-58.2946 -15.8759 15.0214 -0.446724 -0.00618926 0.894632
-57.6779 -14.4843 15.3687 -0.46604 -0.0321304 0.88418
-57.1388 -13.6407 15.6829 -0.474179 -0.0202834 0.880185
-56.5855 -12.77 15.9842 -0.473665 -0.00263083 0.880701
-55.6473 -12.3477 16.5014 -0.492067 -0.0178136 0.870375
-54.6156 -11.6895 17.1084 -0.499082 -0.00795024 0.866462
-53.6273 -11.3441 17.6678 -0.492638 -0.00142889 0.870233
-52.2094 -11.0777 18.4753 -0.495709 -0.00286329 0.868484
-50.7916 -10.9605 19.3141 -0.520219 -0.0170507 0.853858
-49.802 -11.1112 19.9454 -0.547547 0.000523072 0.836775
-48.6727 -11.3841 20.6857 -0.552819 4.66617e-05 0.833287
-47.8438 -11.8694 21.2365 -0.555772 -0.00373902 0.831318
-46.8114 -12.9356 21.9298 -0.565027 -0.00415023 0.825046
-46.1842 -13.6064 22.3632 -0.56929 -0.000402723 0.822137
-45.7845 -14.5196 22.6303 -0.573577 -0.00728759 0.819063
-45.4825 -15.4807 22.8382 -0.582064 -0.00693584 0.813112
-45.3224 -16.5323 22.9451 -0.583064 -0.00619319 0.812403
-45.2223 -18.1224 23.0043 -0.579858 -0.00477152 0.814691
-45.422 -19.1115 22.8506 -0.582279 -0.00914384 0.812938
-45.6424 -20.3 22.6818 -0.585499 -0.00838031 0.81063
-45.9773 -21.3461 22.425 -0.577082 -0.0125435 0.816497
-46.6257 -22.567 21.9656 -0.568058 -0.00850456 0.822944
-47.2823 -23.5734 21.5052 -0.561887 -0.00617267 0.827178
-48.0991 -24.6437 20.9383 -0.55942 -0.0151 0.828747
-48.9499 -25.3299 20.3542 -0.557348 -0.0142685 0.830156
-49.4387 -26.136 20.0109 -0.555186 -0.0142987 0.831598
-50.2755 -26.3526 19.4542 -0.535858 -0.0239353 0.843968
-51.0159 -26.9477 18.968 -0.528825 -0.0189075 0.848468
-51.9711 -26.9402 18.3827 -0.521392 -0.0143813 0.853196
-53.28 -26.8786 17.5982 -0.508559 -0.0219969 0.860746
-54.1273 -26.6477 17.1041 -0.504773 -0.0249938 0.862876
-55.0205 -25.9186 16.6101 -0.491656 -0.0221515 0.870434
-55.8378 -25.3695 16.1719 -0.478712 -0.0191235 0.877764
-56.4143 -24.3351 15.8709 -0.487718 -0.0186001 0.87278
-56.9089 -23.467 15.6204 -0.476859 -0.0225027 0.878605
-57.6164 -22.7771 15.2808 -0.453588 -0.0120769 0.891064
-58.0188 -21.1975 15.0876 -0.465122 -0.0191609 0.885036
-58.2703 -20.1855 14.9824 -0.461487 -0.0247202 0.886799
-58.4002 -18.9516 14.9436 -0.465538 -0.0176089 0.884846
-58.8006 -17.9524 14.7521 -0.462205 -0.0122785 0.886681
-58.462 -17.1549 14.9365 -0.455293 -0.00521349 0.890284
