89.4011 -23.1482 87.5967 0.905621 -0.0259597 0.423292
89.4891 -22.1162 87.4714 0.906533 -0.0225356 0.421517
89.8347 -22.7185 86.6958 0.906492 -0.022924 0.421584
89.7708 -23.7751 86.7709 0.905143 -0.0239259 0.424433
89.4133 -23.5142 87.5482 0.905405 -0.0249728 0.423812
89.1568 -23.4192 88.1028 0.90709 -0.0262738 0.420101
89.2966 -24.6153 87.7396 0.90638 -0.0198976 0.421994
89.7171 -25.0754 86.8159 0.906329 -0.0210954 0.422043
90.0739 -24.2847 86.1225 0.895754 -0.0219592 0.444008
90.1908 -22.6985 85.9397 0.902469 -0.0125493 0.430525
90.0318 -21.6445 86.3203 0.905474 -0.0187967 0.423961
89.6847 -20.8363 87.1064 0.90716 -0.0180575 0.420399
89.2608 -21.5364 87.9913 0.908399 -0.0180524 0.417704
89.1327 -22.6973 88.2012 0.908587 -0.0263392 0.416864
89.1306 -22.8685 88.1949 0.908564 -0.0264921 0.416906
88.8512 -23.1756 88.7843 0.908564 -0.0264921 0.416906
88.8686 -22.1529 88.8111 0.90834 -0.0246506 0.417501
89.0568 -20.9015 88.4663 0.909602 -0.0181629 0.415083
89.6135 -19.9987 87.296 0.907599 -0.0162434 0.419518
90.0971 -20.5378 86.2271 0.905153 -0.0145544 0.424777
90.3948 -21.5937 85.5563 0.903542 -0.0181689 0.428113
90.5378 -23.0891 85.2088 0.902335 -0.00633787 0.430989
90.4854 -24.1178 85.301 0.896103 -0.02415 0.443178
90.1965 -25.157 85.8254 0.896695 -0.026199 0.441873
89.8829 -26.0026 86.4182 0.897443 -0.0228124 0.440541
89.437 -26.2728 87.3562 0.906823 -0.0217652 0.420948
89.0825 -25.3305 88.1663 0.907515 -0.01951 0.419558
88.9044 -24.0913 88.6131 0.908841 -0.0223786 0.416535
88.8603 -23.3681 88.7521 0.90889 -0.0255405 0.416252
88.5687 -23.4605 89.3848 0.909246 -0.024422 0.415543
88.7207 -25.1762 88.9611 0.908608 -0.0197937 0.417181
89.0485 -26.6972 88.156 0.902616 -0.0292218 0.429423
89.4262 -27.1953 87.3174 0.904807 -0.029257 0.424816
89.9054 -26.9957 86.3225 0.89603 -0.0232173 0.443371
90.4249 -25.6886 85.3304 0.897105 -0.0243781 0.441142
90.7915 -24.3801 84.6494 0.900793 -0.0231624 0.433627
90.8778 -23.3009 84.4936 0.902397 -0.00622507 0.430861
90.7871 -21.9672 84.7152 0.899502 -0.0185734 0.436462
90.5211 -20.5347 85.3396 0.902609 -0.0197382 0.430009
90.1916 -19.6699 86.0577 0.902352 -0.013993 0.430772
89.7368 -19.149 87.058 0.908069 -0.0145466 0.418567
89.2141 -19.3446 88.1873 0.90942 -0.0143982 0.415628
88.7192 -20.7467 89.2129 0.908821 -0.02059 0.416667
88.5645 -22.4521 89.4547 0.908233 -0.0247414 0.417728
88.5613 -22.7986 89.4398 0.908858 -0.025366 0.416331
88.2671 -22.7343 90.0835 0.907606 -0.0234134 0.419169
88.3123 -21.6491 90.0449 0.907368 -0.0229622 0.41971
88.4315 -20.5231 89.8487 0.90711 -0.0213189 0.42035
88.6756 -19.4674 89.3592 0.909202 -0.0154626 0.416068
89.0009 -18.7264 88.6752 0.909745 -0.0141321 0.414927
89.4855 -18.3532 87.6268 0.908042 -0.0127166 0.418686
90.1136 -18.6087 86.2593 0.907871 -0.0135109 0.41903
90.5425 -19.3583 85.3331 0.901271 -0.0160459 0.432957
90.8501 -20.2807 84.6603 0.902355 -0.0166427 0.430661
91.0656 -21.2839 84.1786 0.896308 -0.017645 0.44308
91.1617 -22.2645 83.9452 0.896435 -0.0167634 0.442857
91.2027 -23.8448 83.8055 0.899095 -0.011196 0.437529
91.0182 -25.0411 84.1468 0.901127 -0.0209905 0.43304
90.7127 -26.0282 84.7296 0.896572 -0.017353 0.442547
90.3667 -27.145 85.3797 0.896767 -0.0201421 0.442044
89.8507 -27.9269 86.3773 0.894489 -0.0286388 0.446164
89.1008 -27.852 87.9641 0.904829 -0.030367 0.424691
88.7441 -27.1261 88.7588 0.900529 -0.0296922 0.43378
88.4689 -25.8582 89.4285 0.90187 -0.0399327 0.430158
88.364 -24.854 89.7418 0.903319 -0.0402555 0.427063
88.2815 -23.7443 89.9942 0.907743 -0.0242308 0.418827
88.2755 -23.3677 90.0288 0.907724 -0.0241651 0.418871
87.9441 -23.8521 90.7191 0.90608 -0.0299457 0.421989
88.0515 -24.9342 90.401 0.904394 -0.0378845 0.425005
88.163 -26.3959 90.0242 0.904258 -0.0413974 0.424972
88.4171 -27.4449 89.3995 0.896431 -0.0407941 0.441301
88.9133 -28.6278 88.2541 0.895501 -0.0583743 0.441163
89.4069 -29.1355 87.1895 0.89842 -0.0490179 0.436388
90.0073 -28.6131 86.0168 0.892399 -0.0254359 0.450483
90.5592 -27.865 84.956 0.892673 -0.0201419 0.450251
90.9767 -26.4463 84.1778 0.895882 -0.0200493 0.443839
91.3113 -25.7517 83.5238 0.896481 -0.0146776 0.442839
91.625 -24.149 82.9564 0.891902 -0.0160435 0.451933
91.5721 -23.1278 83.09 0.89179 -0.013894 0.452235
91.4873 -22.0973 83.2941 0.896006 -0.0168151 0.443723
91.2843 -20.4567 83.7488 0.901798 -0.00739443 0.432093
90.8755 -19.1409 84.6494 0.901108 -0.0168197 0.433269
90.4602 -18.2182 85.5415 0.901132 -0.0101089 0.433423
89.9923 -17.6579 86.5455 0.906588 -0.0115413 0.421834
89.4101 -17.5377 87.8144 0.910697 -0.0121435 0.412861
89.0007 -17.7483 88.7109 0.910222 -0.0182636 0.413718
88.4385 -18.9501 89.8945 0.90855 -0.0151495 0.417502
88.1854 -19.7872 90.4133 0.906805 -0.0196593 0.421091
88.0121 -20.9244 90.7332 0.907057 -0.0212904 0.420465
87.9413 -22.0248 90.8267 0.907482 -0.0225283 0.419486
87.9223 -22.7252 90.8301 0.907506 -0.0226449 0.419428
87.9109 -23.0961 90.8346 0.907645 -0.0233952 0.419085
