-11.532 44.9765 49.784 -0.225184 -0.00584333 0.974278
-10.9343 45.0985 49.9225 -0.22448 -0.00518935 0.974446
-10.5046 44.0384 50.014 -0.200017 -0.00951384 0.979746
-10.656 42.9114 49.9778 -0.210088 -0.00629205 0.97761
-11.3523 42.4389 49.8155 -0.229808 -0.0101501 0.973183
-11.3988 43.7611 49.815 -0.228391 -0.002595 0.973561
-11.4767 44.5897 49.797 -0.226421 0.000297083 0.97403
-12.1982 44.6859 49.6291 -0.229336 -0.00205141 0.973338
-12.157 43.285 49.6325 -0.232069 -0.00435252 0.97269
-12.0839 42.1392 49.6391 -0.230284 -0.0105254 0.973066
-11.5439 41.2622 49.7567 -0.224825 -0.0168006 0.974235
-10.3686 41.3403 50.0193 -0.214472 -0.0155599 0.976605
-9.88476 42.8261 50.1371 -0.201457 -0.00127139 0.979495
-9.84149 44.4111 50.153 -0.199386 -0.00976413 0.979872
-9.99012 45.8307 50.1228 -0.198345 0.0109919 0.980067
-10.4847 46.7159 50.015 -0.19556 0.00943671 0.980646
-11.4905 46.7825 49.8145 -0.208964 -0.00100833 0.977766
-12.179 45.9854 49.6485 -0.221381 -0.012223 0.975111
-12.2154 44.8061 49.625 -0.225184 -0.00584333 0.974278
-12.9369 44.5987 49.4519 -0.230662 -0.011936 0.972928
-12.8912 43.0343 49.4562 -0.233027 -0.00399888 0.972462
-12.8392 41.8852 49.4567 -0.231178 -0.0119111 0.972839
-12.4853 40.7695 49.5259 -0.230968 -0.0146824 0.97285
-10.9592 40.3506 49.871 -0.218619 -0.0179813 0.975644
-9.71328 40.5548 50.141 -0.187662 -0.0209663 0.982006
-9.17839 42.1338 50.2633 -0.173546 -0.00979347 0.984777
-9.10576 43.7887 50.2935 -0.168274 -0.00689282 0.9857
-9.14068 45.0105 50.3002 -0.19564 -0.00451063 0.980654
-9.29824 46.772 50.252 -0.19899 0.011822 0.979924
-10.6005 47.592 50.0014 -0.196881 -0.0158727 0.980298
-11.6122 47.604 49.7957 -0.209336 -0.0104904 0.977766
-12.6599 47.1817 49.5572 -0.219708 -0.016645 0.975424
-12.939 45.7048 49.472 -0.221916 -0.0126455 0.974984
-12.9487 45.4601 49.4666 -0.225148 -0.0161712 0.974178
-13.6948 45.2856 49.2852 -0.23169 -0.0207727 0.972565
-13.661 43.542 49.2728 -0.233607 -0.00190431 0.972324
-13.5881 41.9845 49.28 -0.234371 -0.0168211 0.971983
-13.5174 40.9552 49.2801 -0.243244 -0.0156414 0.969835
-12.6722 39.733 49.4669 -0.228446 -0.0132602 0.973466
-11.2769 39.5539 49.7873 -0.224702 -0.00110086 0.974421
-10.0266 39.5976 50.0601 -0.187678 -0.014841 0.982111
-9.05399 39.7623 50.2501 -0.185166 -0.0185119 0.982533
-8.42584 41.3685 50.389 -0.173775 -0.00915229 0.984743
-8.4217 42.3758 50.3988 -0.173187 -0.00921858 0.984846
-8.36022 43.7345 50.4174 -0.164187 -0.00302725 0.986425
-8.39214 44.9898 50.4349 -0.162935 -0.0143491 0.986469
-8.44256 46.445 50.4229 -0.185353 0.0223103 0.982418
-8.52221 47.5055 50.4085 -0.182763 -0.0138844 0.983052
-9.91021 48.403 50.155 -0.194197 -0.0162052 0.980819
-11.4544 48.4058 49.8371 -0.204663 -0.00963403 0.978783
-12.6056 48.3553 49.5853 -0.216104 -0.0115984 0.976301
-13.4968 47.771 49.3781 -0.226042 -0.0156401 0.973974
-13.6808 46.3263 49.3118 -0.226439 -0.0160631 0.973873
-13.6896 46.1414 49.3067 -0.226543 -0.0178028 0.973814
-14.4528 45.8303 49.1087 -0.24265 -0.0225582 0.969843
-14.4726 44.4402 49.0784 -0.241754 -0.0058922 0.970263
-14.4031 43.3612 49.0965 -0.230782 -0.00227202 0.973
-14.461 42.1111 49.0687 -0.236898 -0.0241931 0.971228
-14.4365 41.0068 49.0485 -0.244325 -0.0228223 0.969409
-14.3059 40.04 49.0694 -0.24932 -0.00453208 0.96841
-13.9246 38.9787 49.1643 -0.238379 -0.00722601 0.971064
-12.9889 38.6945 49.3781 -0.225494 -0.0156854 0.974117
-11.8052 38.7131 49.6606 -0.246995 -0.0165403 0.968786
-10.7647 38.7195 49.9093 -0.206136 -0.00335028 0.978171
-9.70953 38.7219 50.1073 -0.184408 -0.0169822 0.982703
-8.60961 38.8131 50.3162 -0.181268 -0.0192262 0.983236
-7.97431 39.5081 50.4459 -0.17852 -0.0204336 0.983722
-7.66218 40.6767 50.5267 -0.183656 -0.0139787 0.982865
-7.65666 42.1036 50.5365 -0.180499 0.000504344 0.983533
-7.57666 43.4996 50.5475 -0.167747 0.000141264 0.98583
-7.51755 44.9686 50.5749 -0.155118 -0.0206056 0.987666
-7.69134 46.176 50.5678 -0.162713 -0.0143541 0.986509
-7.66335 47.578 50.5707 -0.183342 -0.0171613 0.982899
-8.023 48.6928 50.5141 -0.175351 0.00230343 0.984462
-9.1594 49.1889 50.2983 -0.187668 0.00290813 0.982228
-10.6567 49.2112 50.0104 -0.198679 -0.0107951 0.979999
-11.8193 49.2706 49.7673 -0.207321 -0.006224 0.978253
-13.3785 49.1799 49.4164 -0.229603 -0.00693198 0.973238
-14.4089 48.6351 49.1654 -0.237542 -0.00507392 0.971364
-14.3977 46.8739 49.149 -0.232426 -0.0155016 0.972491
-14.4036 46.742 49.1455 -0.232315 -0.0153386 0.97252
-14.4039 46.7364 49.1454 -0.236754 -0.0207207 0.971322
