93.4969 43.1365 96.4051 0.937143 -0.00318691 0.348902
93.782 42.3796 95.6438 0.936932 0.00141045 0.349508
93.8156 43.7492 95.561 0.937696 -0.00676177 0.347389
93.846 44.9227 95.4985 0.938078 -0.00564832 0.346379
93.6333 44.998 96.0754 0.938144 -0.0071377 0.346168
93.5412 44.0274 96.3055 0.937352 -0.00768711 0.3483
93.4991 43.4234 96.4057 0.937357 -0.00765952 0.348286
93.2509 43.2267 97.0693 0.937173 -0.0074171 0.348785
93.2932 42.2036 96.9627 0.939656 0.00679261 0.342052
93.5385 41.2254 96.3116 0.939167 0.0129407 0.343216
93.9906 41.539 95.0603 0.93936 0.0143628 0.342633
94.0657 42.9236 94.8673 0.939844 -0.00341404 0.341587
94.0845 44.2216 94.8382 0.94006 -0.00704674 0.340937
94.079 45.3516 94.8739 0.938237 -0.00679308 0.345925
93.8942 46.6308 95.392 0.941169 2.95908e-05 0.337937
93.3468 46.2918 96.8829 0.937945 -0.00831356 0.346684
93.2733 45.2967 97.058 0.937612 -0.00943315 0.347553
93.2478 44.2049 97.0978 0.936979 -0.00737514 0.349306
93.2458 43.8385 97.0955 0.936988 -0.00726137 0.349285
92.9769 43.8167 97.8198 0.938836 -0.00501444 0.344313
93.0044 42.3309 97.7531 0.939366 0.00730228 0.342839
93.0442 41.3074 97.6647 0.939559 0.00937054 0.342251
93.2554 40.5453 97.1125 0.939349 0.0123735 0.342739
93.7055 40.3487 95.8905 0.938889 0.0136902 0.343947
94.1458 40.5457 94.6764 0.939852 0.0133212 0.341318
94.2883 41.6215 94.2405 0.939694 0.00530903 0.341854
94.3267 42.6883 94.1469 0.93994 -0.00400178 0.341316
94.3323 44.067 94.1511 0.940168 -0.00670954 0.340644
94.3217 45.5647 94.1939 0.942574 -0.000276003 0.333997
94.2905 46.5689 94.2842 0.942747 -0.000411793 0.33351
93.9354 47.5915 95.2834 0.941829 -0.00571668 0.336044
93.4036 47.5885 96.7702 0.941162 -0.00668783 0.337889
93.0905 47.0026 97.6038 0.938449 -0.0145482 0.345112
93.015 45.9239 97.7722 0.937682 -0.00942125 0.347363
92.9806 44.8684 97.8328 0.937836 -0.00887325 0.346959
92.9806 44.3653 97.8223 0.938364 -0.00754422 0.345566
92.7052 44.2784 98.5682 0.939201 -0.00520328 0.343316
92.7021 42.9901 98.5683 0.939576 0.00260169 0.342302
92.7345 41.8133 98.5037 0.939454 0.00748794 0.342594
92.7608 40.5022 98.4674 0.938964 0.0114035 0.343825
93.0231 39.7351 97.7777 0.938918 0.0115254 0.343947
93.4917 39.556 96.5049 0.938902 0.0123782 0.343961
93.8984 39.5695 95.3942 0.938628 0.0130291 0.344683
94.2978 39.6881 94.2868 0.940341 0.0145804 0.339914
94.5448 40.4572 93.5754 0.941179 0.0125273 0.337677
94.5633 41.4644 93.4862 0.940119 0.00658914 0.340717
94.5827 42.7479 93.4418 0.940391 -0.00397409 0.340072
94.5942 43.875 93.4244 0.941076 -0.00173115 0.338178
94.569 45.3121 93.4962 0.942762 0.000952737 0.333464
94.566 46.6063 93.5045 0.943622 0.000377512 0.331021
94.4653 47.9122 93.7866 0.943906 0.00298171 0.330198
94.0275 48.4452 95.0336 0.943127 -0.000240038 0.332433
93.6595 48.4791 96.0734 0.941861 -0.0058979 0.335949
93.0082 48.2648 97.8804 0.940208 -0.00631397 0.340542
92.7764 47.2579 98.4739 0.93926 -0.0155771 0.342852
92.7451 46.0953 98.5078 0.937519 -0.00427843 0.347828
92.701 45.0153 98.5949 0.938662 -0.00879208 0.344723
92.372 44.963 99.4914 0.939375 -0.00663394 0.342807
92.4449 46.5677 99.2997 0.931932 -0.0137159 0.362071
92.4498 48.044 99.3899 0.934263 -0.00755755 0.35594
92.7477 49.0869 98.6126 0.928925 0.00538573 0.370228
93.0882 49.2475 97.6779 0.940773 -0.00513969 0.338985
93.4696 49.2268 96.6119 0.941508 -0.0030693 0.336976
94.1122 49.4212 94.7924 0.9444 0.00161615 0.328765
94.4202 49.0455 93.9002 0.944353 0.00524505 0.32889
94.7911 48.4736 92.8415 0.944393 0.00661234 0.328749
94.8525 47.0031 92.6827 0.943719 0.00168597 0.330744
94.8637 45.8427 92.6582 0.94331 0.00192353 0.331906
94.8793 44.6624 92.6201 0.943171 0.00198939 0.332303
94.8786 43.5244 92.6321 0.941182 0.001133 0.337851
94.8746 42.2397 92.6337 0.939145 0.000448529 0.34352
94.8563 41.0517 92.6854 0.940295 0.00643169 0.34023
94.8216 40.0539 92.819 0.941179 0.0125273 0.337677
94.5025 38.9201 93.7591 0.940201 0.0178843 0.340149
94.1344 38.7803 94.7844 0.939308 0.0157436 0.342696
93.7388 38.7207 95.8615 0.93835 0.0137254 0.345415
93.33 38.7012 96.977 0.938749 0.0121481 0.344386
92.9221 38.7782 98.085 0.93861 0.0118656 0.344777
92.5592 39.0217 99.0673 0.938914 0.011202 0.343968
92.398 40.2972 99.4653 0.939095 0.010614 0.343492
92.4558 42.0533 99.2632 0.939511 0.0072572 0.342442
92.4487 43.6909 99.2699 0.940347 -0.00195079 0.340209
92.4566 43.9862 99.2503 0.939971 -0.00283073 0.341243
92.4465 44.2286 99.2804 0.939885 -0.00305374 0.341478
