94.6614 -45.2182 96.4839 0.953487 -0.0183499 0.300808
94.8486 -45.2249 95.8861 0.954192 -0.0241404 0.2982
95.0091 -44.3547 95.4533 0.954114 -0.0276781 0.298161
95.001 -42.5341 95.5777 0.953639 -0.006104 0.30089
94.7159 -43.3574 96.4648 0.953373 -0.0153931 0.301257
94.7677 -44.3232 96.2222 0.953047 -0.0248819 0.301798
94.6827 -44.8333 96.448 0.953197 -0.0249532 0.301317
94.4486 -45.1475 97.1641 0.953359 -0.0247383 0.300822
94.4898 -43.5131 97.1668 0.953255 -0.0241181 0.301201
94.5264 -42.3305 97.0902 0.954268 -0.00731526 0.298863
94.7415 -41.3188 96.4291 0.954112 -0.00902097 0.299311
95.1147 -41.5149 95.2467 0.952431 -0.00695897 0.304673
95.2396 -42.6018 94.8289 0.952429 -0.00762967 0.304666
95.2126 -44.3756 94.8003 0.954659 -0.0269473 0.296472
95.1214 -46.0589 94.9555 0.954342 -0.0205482 0.298008
94.81 -46.8445 95.908 0.956034 -0.0138028 0.292917
94.4706 -46.3993 97.042 0.954887 -0.0143987 0.296581
94.4476 -45.3121 97.158 0.953655 -0.0119074 0.300667
94.445 -45.2117 97.17 0.953487 -0.0183499 0.300808
94.2112 -45.2022 97.912 0.953505 -0.0182393 0.300756
94.2184 -46.6559 97.8415 0.95533 -0.00843952 0.295422
94.4293 -47.676 97.1202 0.956228 -0.00993967 0.292453
94.7621 -47.756 96.0307 0.956101 -0.0109256 0.292833
95.1373 -47.3938 94.8236 0.955353 -0.0119477 0.295226
95.3295 -46.6871 94.2396 0.954563 -0.0194558 0.297367
95.4046 -45.2838 94.0993 0.954903 -0.0234247 0.295985
95.4426 -43.9656 94.0918 0.955199 -0.0260602 0.294815
95.4616 -42.7969 94.1072 0.955787 -0.0161948 0.293612
95.4507 -41.2576 94.1991 0.95303 -0.00789129 0.302766
95.2416 -40.408 94.8829 0.953818 -0.0166079 0.299926
94.762 -40.2894 96.4027 0.952576 -0.0141086 0.303974
94.4653 -40.5816 97.337 0.954236 -0.0107945 0.298858
94.2989 -41.836 97.8291 0.9539 -0.00821672 0.300008
94.2648 -43.0764 97.9006 0.95347 -0.00867531 0.301362
94.2403 -44.2727 97.895 0.953091 -0.0240516 0.301726
94.2221 -44.8582 97.9056 0.953228 -0.0244459 0.301262
93.9913 -44.5481 98.6623 0.953931 -0.023004 0.299144
94.0187 -43.3032 98.672 0.953233 -0.0164129 0.301697
94.0428 -42.2382 98.6319 0.955755 -0.011706 0.293931
94.0805 -41.0346 98.5522 0.955564 -0.00721908 0.294694
94.4081 -39.6482 97.5454 0.953201 -0.00793438 0.302233
94.8538 -39.4493 96.1521 0.952494 -0.0104802 0.304377
95.1689 -39.4684 95.1612 0.95234 -0.0129085 0.304755
95.502 -39.691 94.0953 0.954006 -0.0176944 0.299264
95.6991 -40.7785 93.4164 0.955447 -0.00862018 0.295035
95.6833 -42.1988 93.413 0.956626 -0.0163015 0.290861
95.6691 -43.6809 93.3793 0.956826 -0.017948 0.290101
95.6354 -45.2728 93.356 0.954663 -0.0248413 0.296648
95.6043 -46.4537 93.3696 0.955118 -0.0193207 0.295585
95.5285 -47.5273 93.5527 0.955316 -0.0158983 0.295152
95.3513 -48.3088 94.094 0.955478 -0.0116736 0.294831
94.8647 -48.4867 95.6684 0.956066 -0.0111795 0.292937
94.5435 -48.5256 96.7185 0.956821 -0.00746204 0.290577
94.2391 -48.4628 97.7176 0.956433 -0.00653848 0.291879
93.9736 -47.1805 98.6196 0.955526 -0.00797689 0.294799
93.9767 -46.1497 98.6369 0.954687 -0.0066582 0.297538
93.9666 -45.1917 98.6916 0.95406 -0.015071 0.299131
93.6794 -45.1479 99.6109 0.95422 -0.0145578 0.298631
93.7527 -46.2091 99.3544 0.954687 -0.0066582 0.297538
93.6736 -47.2938 99.5891 0.955511 -0.00688846 0.294871
93.7579 -48.2386 99.289 0.955354 -0.00898246 0.295326
93.9584 -49.0898 98.6168 0.955056 -0.00810318 0.296315
94.3339 -49.4244 97.3854 0.956815 -0.0072566 0.290601
94.6546 -49.5084 96.3225 0.957176 -0.0083706 0.289384
94.9996 -49.5275 95.188 0.955839 -0.0111642 0.293678
95.4228 -49.4076 93.8054 0.957438 -0.0181989 0.288062
95.8014 -48.5424 92.6092 0.957212 -0.0202639 0.288675
95.8575 -47.2534 92.5023 0.955153 -0.0169926 0.295606
95.8902 -45.9481 92.4861 0.954672 -0.0202963 0.296968
95.9072 -44.861 92.5146 0.956038 -0.0213616 0.292435
95.9182 -43.6487 92.5578 0.957101 -0.0189754 0.289132
95.9567 -42.2208 92.5139 0.956443 -0.0174393 0.291398
95.981 -41.0512 92.5 0.955914 -0.0115647 0.293378
95.9685 -39.7365 92.5825 0.955534 -0.0137361 0.294531
95.7938 -38.8614 93.204 0.956204 -0.0109338 0.292412
95.4446 -38.5619 94.3463 0.952984 -0.0164333 0.302519
95.0803 -38.5654 95.477 0.951737 -0.0124502 0.306661
94.7393 -38.5417 96.5416 0.95225 -0.00995362 0.305155
94.341 -38.5319 97.7844 0.952811 -0.00741848 0.303464
94.0504 -38.9124 98.7007 0.956307 -0.0118453 0.292123
93.8622 -39.693 99.2886 0.956337 -0.00821195 0.292135
93.7982 -40.7975 99.4732 0.955581 -0.00778823 0.294625
93.7829 -42.41 99.4677 0.953891 -0.0151562 0.299733
93.7808 -44.1158 99.3669 0.953281 -0.0213007 0.30132
93.7801 -44.2039 99.3623 0.953954 -0.0228073 0.299085
93.7752 -44.3002 99.3704 0.953944 -0.0230346 0.299099
