-97.2304 11.782 91.7615 -0.951618 -0.0145723 0.306937
-97.1903 10.7715 91.8352 -0.950274 -0.00591456 0.311175
-97.1198 9.72604 92.0494 -0.947917 -0.000464804 0.318517
-96.9613 8.60272 92.5162 -0.950813 -0.00301774 0.309583
-96.9085 9.83576 92.7023 -0.953952 -0.0042719 0.29993
-96.959 10.8774 92.5494 -0.951588 -0.00686122 0.307142
-97.16 12.8083 92.0247 -0.948003 -0.00604704 0.318067
-97.1967 12.8079 91.912 -0.949836 -0.0195395 0.312045
-96.9437 13.0134 92.6565 -0.946135 0.000130596 0.323771
-96.7541 11.4945 93.1898 -0.949306 -0.00451236 0.314084
-96.685 10.4977 93.4133 -0.952597 0.0026905 0.304221
-96.605 9.45677 93.6593 -0.95248 -0.0067146 0.304503
-96.5706 8.22349 93.7209 -0.951991 -0.0115412 0.305907
-96.5356 7.20369 93.7619 -0.952208 -0.0210629 0.304723
-96.5923 6.1714 93.5443 -0.952532 0.0124157 0.304167
-96.9547 7.31479 92.4693 -0.950986 -0.0186977 0.308668
-97.1373 8.22007 91.9616 -0.95097 -0.0186014 0.308724
-97.3642 9.92571 91.3232 -0.947923 0.0025106 0.318474
-97.4339 11.1378 91.0977 -0.950347 -0.00519566 0.310949
-97.4795 12.1362 91.0118 -0.948589 -0.0258307 0.315454
-97.5233 13.3271 90.9693 -0.947546 -0.0137754 0.319323
-97.5873 14.9558 90.8482 -0.947766 -0.0133156 0.318689
-97.5871 16.5169 90.9066 -0.947862 -0.0115205 0.318474
-97.6025 17.6615 90.9028 -0.948439 -0.00942667 0.316807
-97.5277 16.6593 91.084 -0.942812 -0.010863 0.333147
-97.4622 15.5168 91.2314 -0.942623 -0.0116219 0.333657
-97.241 14.6691 91.8309 -0.942032 -0.0067807 0.335454
-97.0535 13.7094 92.3383 -0.944044 -0.00384367 0.32973
-96.8439 14.0277 92.9517 -0.946126 -0.00129174 0.323797
-96.5775 12.2077 93.7314 -0.947292 0.00188177 0.320354
-96.4798 11.1999 94.0414 -0.948182 0.00748334 0.317636
-96.4221 10.0637 94.2442 -0.953059 -0.000167603 0.302762
-96.3314 8.98412 94.4919 -0.950517 -0.00952273 0.310527
-96.2933 7.95998 94.5753 -0.952356 -0.0164237 0.304499
-96.3406 6.03554 94.3486 -0.956855 -0.0102323 0.290383
-96.519 5.11394 93.808 -0.950829 0.011001 0.309436
-96.7803 4.46956 93.0346 -0.95445 -0.0133798 0.29791
-96.8789 5.50565 92.6954 -0.950102 0.016401 0.311508
-97.041 6.37364 92.1496 -0.950825 -0.000313193 0.309242
-97.2129 7.23682 91.6696 -0.950959 -0.0178542 0.308799
-97.4296 8.5423 91.0822 -0.950764 -0.0189811 0.309332
-97.5604 9.50906 90.7395 -0.953722 -0.0199365 0.300025
-97.6413 10.5466 90.4858 -0.947417 -0.00141807 0.319888
-97.7204 12.0905 90.2834 -0.945668 -0.0235311 0.324141
-97.7713 13.3198 90.2319 -0.948056 -0.0198179 0.31742
-97.8138 14.9427 90.1733 -0.947857 -0.0131456 0.318424
-97.8277 16.0078 90.1721 -0.947812 -0.01233 0.318591
-97.8236 17.0835 90.2234 -0.947861 -0.011679 0.31847
-97.8032 18.3033 90.3123 -0.948706 -0.00688089 0.316083
-97.7493 19.6181 90.4971 -0.947396 -0.00697716 0.31997
-97.7084 20.664 90.6229 -0.94328 -0.00154763 0.331986
-97.6615 22.2627 90.7781 -0.944181 -0.00732623 0.329325
-97.6822 23.6119 90.7409 -0.944558 -0.00331467 0.328326
-97.6647 24.8357 90.7999 -0.942507 -0.000813098 0.334158
-97.646 26.3485 90.863 -0.940609 -0.00466221 0.339461
-97.6136 28.2009 90.9547 -0.938902 0.00379671 0.344163
-97.6232 29.2072 90.9572 -0.934354 -0.00597533 0.35623
-97.6184 30.2545 90.9627 -0.935913 0.0158025 0.351878
-97.6085 32.0028 90.9244 -0.936936 0.0092364 0.349377
-97.7001 32.9965 90.6915 -0.927764 0.0589382 0.368462
-97.8715 34.2626 90.1194 -0.912445 0.0290463 0.408083
-98.0482 35.148 89.645 -0.911652 0.0373796 0.409257
-98.3902 35.8541 88.9305 -0.884751 -0.009243 0.465963
-98.8044 36.7931 88.134 -0.880423 0.00269742 0.473948
-99.303 38.4634 87.272 -0.873401 -0.00976672 0.486889
-99.4135 39.4929 87.1208 -0.869535 -0.0212026 0.493415
-99.4697 40.6317 87.0635 -0.871142 -0.00469563 0.49097
-99.4868 41.6753 87.0384 -0.87402 -0.00273048 0.485882
-99.5449 43.0579 86.9511 -0.873482 -0.0079962 0.486791
-99.5585 44.3043 86.9538 -0.875928 -0.00729314 0.482386
-99.6246 45.5547 86.853 -0.875153 -0.00533735 0.48381
-99.6773 46.6153 86.7577 -0.874102 0.000689547 0.485742
-99.5265 47.6836 87.0273 -0.873962 8.71824e-05 0.485993
-99.1964 46.924 87.6253 -0.874904 0.00108903 0.484295
-98.8912 46.1647 88.1783 -0.874611 -0.00103637 0.48482
-98.6844 45.0178 88.5374 -0.87006 -0.00528119 0.492917
-98.5463 43.8417 88.7617 -0.869325 -0.0102814 0.494134
-98.5322 42.6932 88.7553 -0.871332 -0.0138392 0.490499
-98.4716 40.7196 88.81 -0.869627 -0.0102046 0.493582
-98.4403 39.5345 88.8338 -0.870654 -0.0140517 0.491695
-98.3806 38.365 88.9086 -0.870589 -0.00992768 0.491901
-98.2956 37.1805 89.0839 -0.881737 0.0135456 0.471545
-98.0419 36.4351 89.5803 -0.876453 0.0173426 0.481064
-97.7414 35.4295 90.2611 -0.890995 0.0635895 0.449513
-97.2978 34.3461 91.4945 -0.9263 0.0870149 0.365311
-97.1275 33.4639 92.075 -0.930184 0.0497476 0.363704
-97.0112 32.5558 92.483 -0.931988 0.012033 0.362289
-96.7518 30.7718 93.2688 -0.938332 0.0200953 0.345054
-96.6265 29.7921 93.6502 -0.939243 0.013329 0.342994
-96.5155 28.7038 94.0044 -0.940069 0.0159381 0.340611
-96.4683 27.6767 94.1761 -0.939709 0.0117419 0.341769
-96.4437 26.6612 94.2736 -0.940004 0.00987442 0.341021
-96.4198 25.4285 94.3952 -0.943694 0.00801101 0.33055
-96.4108 24.2178 94.4181 -0.946187 -0.00236591 0.323613
-96.5539 22.9213 93.9947 -0.944898 -0.00510784 0.327273
-96.7849 21.7993 93.2928 -0.944547 -0.0108513 0.328198
-96.9588 20.8635 92.7634 -0.944276 -0.0102178 0.328997
-97.0837 19.9309 92.3982 -0.944231 -0.00196824 0.329278
-97.2204 18.6391 92.0007 -0.942619 -0.00541569 0.333821
-97.2844 17.3172 91.793 -0.942215 -0.00700939 0.334936
-97.2094 16.2912 91.9723 -0.942535 -0.011467 0.333909
-97.0003 14.9574 92.5152 -0.942668 -0.00935794 0.333597
-96.9174 14.4948 92.7388 -0.944365 -0.00442812 0.328813
-96.7123 14.9047 93.3521 -0.949184 -0.000712025 0.314654
-96.4541 13.4178 94.0922 -0.948103 -0.00949316 0.317809
-96.3307 12.476 94.4656 -0.948192 0.00295664 0.317685
-96.2176 11.1174 94.8295 -0.948666 0.00848691 0.316165
-96.1161 9.5445 95.1683 -0.949316 -0.00188612 0.314205
-96.0415 8.40487 95.3668 -0.952038 -0.00342735 0.305958
-96.04 6.89812 95.3448 -0.951437 -0.00595591 0.307783
-96.2226 5.09063 94.7383 -0.954496 0.00405137 0.298129
-96.5459 3.82013 93.7249 -0.949392 -0.00743143 0.313979
-96.821 2.73181 92.8108 -0.952247 -0.00462247 0.304995
-96.9734 1.82864 92.2947 -0.95642 -0.0103822 0.291685
-96.9646 2.88919 92.3599 -0.956171 -0.00787351 0.292625
-97.021 4.43014 92.2358 -0.957495 -0.0110667 0.288236
-97.139 5.41357 91.8457 -0.958199 -0.00038474 0.286104
-97.303 6.28604 91.3571 -0.948139 -0.010536 0.317682
-97.5653 7.80796 90.6248 -0.947693 -0.0113944 0.318978
-97.7138 8.90589 90.2119 -0.947388 -0.00701573 0.320011
-97.833 9.94344 89.8968 -0.952623 -0.00757782 0.303807
-97.9149 11.0314 89.6744 -0.944353 -0.00542625 0.328625
-98.0014 12.61 89.5189 -0.94291 -0.0202048 0.332434
-98.0396 14.2495 89.4744 -0.946323 -0.0115853 0.323014
-98.0536 15.3804 89.4759 -0.948002 -0.0122281 0.318029
-98.0602 16.4757 89.4995 -0.947675 -0.0111135 0.319042
-98.0495 17.7388 89.5687 -0.947536 -0.00590257 0.319593
-98.0358 18.9149 89.6318 -0.945594 -0.012274 0.325
-98.0101 20.4149 89.7636 -0.942728 -0.0107641 0.333387
-97.9669 21.4592 89.9053 -0.94099 -0.00580218 0.338383
-97.9378 22.4864 90.0064 -0.941148 -0.00684213 0.337927
-97.9308 23.5884 90.0427 -0.939693 -0.00354017 0.342
-97.9351 24.6563 90.0471 -0.941404 -0.00383703 0.337231
-97.9309 25.7225 90.0858 -0.93661 -0.00642825 0.350277
-97.8885 27.6897 90.2105 -0.934593 -0.00630209 0.355625
-97.8924 28.7374 90.2279 -0.935717 -0.0111551 0.352573
-97.892 30.2662 90.2343 -0.932687 0.014998 0.360263
-97.875 31.4201 90.235 -0.926816 0.00198453 0.375332
-97.95 32.7378 90.1001 -0.928977 0.023188 0.367413
-98.1691 34.0742 89.4633 -0.912984 0.019721 0.407518
-98.6066 35.2849 88.5042 -0.885925 -0.00840985 0.463749
-99.0173 36.1339 87.7082 -0.890129 -0.0399159 0.452661
-99.5441 37.4652 86.8119 -0.873844 -0.0150625 0.485969
-99.735 38.4564 86.5093 -0.869772 -0.0203583 0.493032
-99.8356 39.7705 86.3877 -0.870282 -0.0208042 0.492114
-99.8692 41.1385 86.3481 -0.871981 0.00121821 0.489538
-99.8996 42.5538 86.3063 -0.873492 -0.00799899 0.486773
-99.9238 43.6631 86.2814 -0.872439 -0.00884762 0.488639
-99.9474 44.977 86.2621 -0.873188 -0.00858306 0.487308
-99.9878 46.1504 86.1995 -0.874294 0.000161523 0.485396
-99.9928 47.3127 86.1889 -0.874092 0.000738825 0.485761
-99.9796 48.4004 86.2139 -0.87382 -0.000642884 0.486249
-99.6372 49.1652 86.8579 -0.878441 -0.0111022 0.477722
-99.0148 47.9865 87.9508 -0.872725 -0.0142743 0.488003
-98.6506 46.8834 88.6112 -0.871022 -0.000397051 0.491179
-98.356 45.6007 89.1226 -0.868671 -0.00263518 0.49537
-98.1691 43.9641 89.4272 -0.869049 -0.0103566 0.494618
-98.1389 42.9492 89.457 -0.867195 -0.00805785 0.497888
-98.122 41.4468 89.4519 -0.871827 -0.0130223 0.489641
-98.1054 40.2008 89.4509 -0.872742 -0.0127217 0.488013
-98.0694 39.1071 89.4836 -0.872976 -0.013441 0.487578
-97.9955 38.0226 89.5988 -0.873494 0.00741067 0.486617
-97.8242 36.9495 89.9466 -0.871694 0.020153 0.489635
-97.5149 36.112 90.6176 -0.89368 0.053526 0.445457
-97.0868 35.2144 91.7733 -0.928837 0.109768 0.353854
-96.9028 34.4136 92.5002 -0.92945 0.0843454 0.358307
-96.7841 33.243 92.9715 -0.928337 0.0514701 0.368158
-96.6666 32.3137 93.3722 -0.934671 0.0207778 0.354651
-96.4564 30.7739 94.0739 -0.93856 0.0215943 0.344367
-96.2946 29.4084 94.5808 -0.940072 0.0153479 0.340631
-96.2311 28.3457 94.8004 -0.939451 0.0135048 0.342417
-96.2082 27.2851 94.9064 -0.939965 0.0120083 0.341051
-96.1772 25.96 95.0468 -0.941118 0.0154579 0.337724
-96.1439 24.5788 95.1862 -0.941712 -0.00142604 0.33639
-96.1868 23.5817 95.0515 -0.942718 -0.00459462 0.33356
-96.4481 21.9527 94.2675 -0.945674 -0.0101657 0.324958
-96.6404 21.1105 93.6861 -0.944466 -0.0106442 0.328438
-96.8314 19.8491 93.1212 -0.944234 -0.00199947 0.329269
-96.926 18.8603 92.8315 -0.941853 -0.00775624 0.335933
-96.9751 17.0067 92.6564 -0.941837 -0.00645302 0.336009
-96.8581 15.8321 92.9459 -0.942418 -0.0115619 0.334238
-96.7598 15.2215 93.2032 -0.9458 -0.0025868 0.324464
-96.5529 15.6435 93.8194 -0.949129 0.00608416 0.314829
-96.3794 14.5207 94.346 -0.948259 -0.00371106 0.317447
-96.1717 13.4833 94.9301 -0.947678 -0.00367582 0.319132
-96.0236 11.8032 95.3946 -0.948277 0.00505489 0.317397
-95.9535 10.6952 95.6331 -0.948254 0.00698274 0.317433
-95.8211 9.0702 96.0536 -0.943849 0.00339007 0.330126
-95.7578 7.63343 96.2185 -0.947926 -0.00263575 0.318466
-95.8019 6.44834 96.0422 -0.943786 -0.0201507 0.329941
-95.93 5.10113 95.6258 -0.946002 -0.00915717 0.323912
-96.1271 4.12084 94.9965 -0.948642 -0.0119901 0.316126
-96.3871 3.18125 94.1808 -0.950268 -0.0147487 0.311041
-96.5722 1.96416 93.6148 -0.952802 0.00857594 0.30347
-96.5092 0.947518 93.8342 -0.952985 -0.00803198 0.302291
-96.3056 -0.39496 94.3825 -0.947242 -0.0129978 0.320257
-96.2134 -1.58177 94.6379 -0.948083 -0.00270815 0.31801
-96.1641 -2.58675 94.7734 -0.946337 -0.00534346 0.323136
-95.9398 -4.13067 95.3977 -0.946313 -0.0070767 0.323173
-95.8522 -5.175 95.6311 -0.946329 -0.00701007 0.323127
-95.7929 -6.58995 95.7891 -0.947508 0.000879885 0.319731
-95.7806 -8.03965 95.8128 -0.949278 -0.00818084 0.31433
-95.8075 -9.19754 95.7124 -0.949402 -0.00444044 0.314033
-95.8078 -10.4203 95.6608 -0.952947 -0.00703808 0.302942
-95.7975 -11.836 95.7045 -0.954329 0.00439881 0.298726
-95.8015 -13.6131 95.7046 -0.950785 -0.00592153 0.309554
-95.8327 -15.3625 95.5654 -0.946748 -0.00431823 0.321946
-95.8308 -16.8065 95.5244 -0.950097 -0.0121207 0.311712
-95.8248 -17.9026 95.4988 -0.950761 -0.0163054 0.309472
-95.8415 -19.4602 95.3592 -0.951626 -0.0150823 0.306889
-95.8491 -20.4655 95.2805 -0.953159 -0.0110058 0.302198
-95.8422 -21.9431 95.278 -0.955073 -0.00946396 0.29616
-95.8299 -23.3929 95.2491 -0.954698 -0.0140569 0.297233
-95.8736 -24.5723 95.0441 -0.955279 -0.014222 0.295351
-95.9553 -26.2477 94.6744 -0.951716 -0.0241726 0.30589
-95.932 -27.4282 94.6506 -0.949018 -0.0278983 0.313977
-95.8464 -28.5728 94.7924 -0.94829 -0.0317877 0.315807
-95.7672 -29.6601 94.8915 -0.946647 -0.0412237 0.319624
-95.7183 -30.6608 94.8896 -0.947739 -0.0480425 0.31541
-95.6894 -31.6831 94.8184 -0.947657 -0.0498308 0.315378
-95.6491 -32.7823 94.7025 -0.950331 -0.0706612 0.303107
-95.6273 -33.9241 94.505 -0.951206 -0.0833241 0.296725
-95.7203 -34.7447 93.9308 -0.953694 -0.0921238 0.286324
-95.9306 -35.4481 93.1315 -0.935427 -0.106951 0.33658
-96.1983 -35.8661 92.2209 -0.936027 -0.122814 0.329786
-96.5462 -36.3387 91.3131 -0.892238 -0.123574 0.433976
-96.8796 -37.3949 90.3708 -0.88625 -0.105176 0.450783
-97.0161 -38.5122 90.1102 -0.875459 0.00918891 0.483205
-97.2262 -39.9717 89.7502 -0.875347 0.00221046 0.483484
-97.5724 -40.9776 89.1275 -0.875187 0.00136213 0.483783
-97.8972 -42.3237 88.5423 -0.874769 0.000785811 0.484539
-98.0622 -43.7298 88.2447 -0.874812 -5.05377e-05 0.484462
-98.0838 -44.8694 88.1877 -0.871256 -0.00887708 0.490735
-98.116 -46.0082 88.1063 -0.869779 -0.0123212 0.493283
-98.1547 -47.8501 88.004 -0.868772 -0.00814041 0.495145
-98.2995 -48.869 87.7159 -0.870573 -0.0157839 0.491786
-98.8223 -50.1573 86.765 -0.869384 -0.00228752 0.494132
-99.4797 -50.7336 85.5836 -0.877878 -0.00550195 0.478852
-99.9878 -50.6443 84.6513 -0.883148 -0.0207219 0.468599
-99.9369 -49.6555 84.759 -0.877517 -0.00548892 0.479513
-99.9161 -48.6379 84.8004 -0.87805 0.00148987 0.478564
-99.9098 -47.4486 84.806 -0.876195 -0.00378077 0.481907
-99.8839 -45.629 84.8898 -0.875888 -0.00992973 0.482413
-99.8894 -44.0075 84.9037 -0.87731 -0.00849665 0.479837
-99.8805 -42.7408 84.9238 -0.877644 -2.76712e-05 0.479312
-99.8792 -41.3271 84.9199 -0.880107 -8.24573e-05 0.474749
-99.9114 -40.1539 84.862 -0.882265 0.0111694 0.470479
-99.9803 -38.4324 84.6828 -0.866745 0.0398461 0.496135
-100.052 -37.1566 84.372 -0.874798 0.0599803 0.479285
-99.7659 -36.3124 84.8513 -0.89122 0.0515337 0.45063
-99.02 -35.3389 86.2939 -0.905653 0.0346193 0.422604
-98.5031 -34.3669 87.364 -0.916725 0.0205669 0.398989
-98.1747 -33.0096 88.0854 -0.920071 -0.00488583 0.391688
-98.024 -31.9105 88.4643 -0.921825 -0.00720166 0.38754
-97.8475 -30.9972 88.8975 -0.921795 -0.00577115 0.387635
-97.6339 -30.0653 89.503 -0.934309 -0.0167119 0.356041
-97.4288 -29.1635 90.0719 -0.941001 -0.017408 0.33744
-97.287 -28.2048 90.5628 -0.946551 -0.0227479 0.321746
-97.1968 -26.8359 90.9171 -0.946733 -0.0202844 0.32138
-97.1828 -25.7075 91.0045 -0.945296 -0.00776445 0.326122
-97.2783 -24.1836 90.7912 -0.947321 -0.011034 0.320073
-97.414 -23.1637 90.4534 -0.946769 -0.0213277 0.321206
-97.5144 -22.1569 90.1955 -0.95147 -0.011058 0.307531
-97.5494 -21.1071 90.1253 -0.951979 -0.0104661 0.305984
-97.5583 -19.8847 90.129 -0.95144 -0.0078768 0.307733
-97.5788 -18.5782 90.0971 -0.952062 -0.00918093 0.305756
-97.5833 -17.3071 90.1052 -0.948313 -0.00547101 0.317289
-97.5415 -16.0925 90.2626 -0.948478 -0.0121585 0.316607
-97.5031 -15.0753 90.4201 -0.948919 -0.01301 0.315251
-97.5314 -13.2754 90.3736 -0.949095 -0.00214316 0.314978
-97.5854 -12.2069 90.1981 -0.948814 0.00485435 0.315798
-97.6634 -11.1305 89.9583 -0.946918 -0.00565543 0.321423
-97.7558 -9.97001 89.7088 -0.946069 -0.0010474 0.323906
-97.8423 -8.80952 89.4384 -0.944556 0.00563956 0.32829
-97.8648 -7.79835 89.3588 -0.945901 -0.000678646 0.324402
-97.8561 -6.56661 89.443 -0.944638 -0.0178983 0.327607
-97.8787 -5.46641 89.4198 -0.946805 -1.80544e-05 0.321807
-97.9498 -4.36913 89.2099 -0.946368 0.00113718 0.323088
-97.9824 -3.11018 89.1384 -0.946641 -0.00881418 0.322167
-97.908 -1.84153 89.3812 -0.946425 -0.00083531 0.322908
-97.7669 -0.901164 89.8057 -0.947259 -0.0022652 0.320462
-97.5106 0.177485 90.5851 -0.950833 0.00118623 0.309674
-97.2817 1.39914 91.2963 -0.950462 -0.00292182 0.310828
-97.195 2.4568 91.6156 -0.953999 -0.0126466 0.299544
-97.18 3.47252 91.6768 -0.954631 -0.00354644 0.29777
-97.2813 4.68979 91.3672 -0.953145 -0.00568385 0.301938
-97.4816 5.77931 90.8071 -0.947949 -0.010849 0.318236
-97.6777 6.83943 90.2572 -0.947441 -0.0107789 0.319743
-97.8351 7.8976 89.8296 -0.946507 -0.0112845 0.322483
-97.9801 9.04908 89.4268 -0.947485 -0.00901164 0.319667
-98.1068 10.032 89.0949 -0.946223 -0.00993779 0.323347
-98.2402 11.8742 88.7996 -0.942441 -0.0171476 0.333932
-98.2722 13.4484 88.7647 -0.946306 -0.0112021 0.323079
-98.291 14.5845 88.7503 -0.946314 -0.0117196 0.323036
-98.2932 15.7011 88.7899 -0.94557 -0.0124457 0.325181
-98.289 17.3499 88.8576 -0.945478 -0.00953874 0.325547
-98.3002 18.3659 88.8497 -0.944026 -0.0121703 0.329593
-98.2977 20.1696 88.9436 -0.941917 -0.0123948 0.33561
-98.2635 21.235 89.0732 -0.942131 -0.0104235 0.335083
-98.2173 22.2753 89.2248 -0.940739 -0.00705745 0.339058
-98.1892 23.3094 89.325 -0.940441 -0.00781566 0.339868
-98.2008 24.3626 89.3128 -0.938497 -0.0084065 0.345156
-98.2223 25.5259 89.2944 -0.936774 -0.0136388 0.349654
-98.1769 26.9198 89.4417 -0.932203 -0.00481526 0.361867
-98.1691 28.0559 89.4914 -0.933183 -0.00947104 0.359275
-98.1862 29.2643 89.4866 -0.933073 -0.00807129 0.359564
-98.1821 30.2992 89.5016 -0.929131 0.011924 0.369551
-98.1587 31.3199 89.5377 -0.923652 -0.0120775 0.382991
-98.2128 32.6349 89.4437 -0.922749 0.00163647 0.385341
-98.4149 33.5234 88.9394 -0.915991 0.0153959 0.400809
-98.9003 34.8018 87.8888 -0.903654 -0.0215364 0.42772
-99.2428 35.5541 87.2241 -0.876713 -0.0587257 0.477414
-99.6449 36.4565 86.5917 -0.880161 -0.0541174 0.470143
-100.06 37.5895 85.882 -0.876202 -0.023186 0.481381
-100.211 39.3102 85.7046 -0.870318 -0.020843 0.492049
-100.255 40.734 85.6624 -0.871927 0.0012857 0.489635
-100.254 41.7449 85.6607 -0.871289 0.000502699 0.490768
-100.277 42.7798 85.6374 -0.871427 -0.00962899 0.490431
-100.299 44.4422 85.6228 -0.872525 -0.00703469 0.488514
-100.32 45.6051 85.5996 -0.875 -0.00156628 0.484118
-100.343 46.6665 85.5587 -0.874304 0.00016727 0.485378
-100.334 47.8512 85.5759 -0.873824 -0.000590765 0.486242
-100.337 49.2299 85.5734 -0.876117 -0.00591196 0.482009
-100.07 50.3121 86.0771 -0.879078 -0.00484646 0.476654
-99.4022 49.9348 87.3045 -0.875333 0.000506543 0.48343
-98.9192 49.1163 88.1499 -0.867486 -0.00234188 0.497456
-98.6187 48.2264 88.6656 -0.873719 -0.00662253 0.486319
-98.1708 46.8907 89.4465 -0.867027 -0.00164921 0.498259
-97.9611 45.7789 89.8105 -0.867237 -0.00014055 0.497896
-97.8227 44.4378 90.0407 -0.866807 -0.012579 0.498484
-97.7691 43.4055 90.1096 -0.866429 -0.0114989 0.499169
-97.761 42.321 90.1118 -0.868053 -0.00425831 0.496453
-97.7596 41.3024 90.093 -0.871826 -0.0120266 0.489666
-97.744 40.1881 90.0954 -0.872158 -0.0112768 0.489095
-97.7078 39.0716 90.1306 -0.874496 -0.00965101 0.484907
-97.595 37.7838 90.3237 -0.87493 0.00770742 0.484053
-97.3111 36.7924 90.9438 -0.889035 0.0593197 0.453973
-96.9636 36.0899 91.8497 -0.934978 0.106787 0.338096
-96.5994 35.3598 93.0612 -0.935653 0.0960648 0.339593
-96.5527 34.0059 93.4701 -0.934712 0.0472236 0.352238
-96.4619 32.9588 93.8526 -0.936335 0.0442927 0.348299
-96.2756 31.6061 94.4937 -0.937708 0.0300216 0.346123
-96.1163 30.3598 95.0337 -0.941422 0.0157584 0.33686
-95.9938 29.0015 95.4417 -0.943026 0.0142552 0.332402
-95.9619 28.0023 95.5682 -0.943442 0.0121489 0.331314
-95.9426 26.5195 95.6771 -0.942321 0.0141313 0.3344
-95.9082 25.524 95.8201 -0.941582 0.0157695 0.336414
-95.8731 24.2474 95.9395 -0.940939 0.00134401 0.338574
-95.9741 23.0151 95.6477 -0.942976 -0.000839479 0.33286
-96.1238 22.0552 95.2144 -0.945677 -0.0101718 0.324948
-96.3706 20.9372 94.4616 -0.946417 -0.00403116 0.322858
-96.595 19.5728 93.7792 -0.941951 -0.00855266 0.335641
-96.7155 17.7204 93.3979 -0.941864 -0.00636557 0.335934
-96.6794 16.7043 93.4807 -0.942242 -0.00543206 0.334888
-96.5817 15.8674 93.7282 -0.946128 -0.00308589 0.323513
-96.3833 16.3762 94.3148 -0.947716 0.00406353 0.31907
-96.4534 17.3689 94.1274 -0.942021 -0.00600626 0.335499
-96.436 18.4605 94.2036 -0.948763 -0.0135954 0.315659
-96.2794 19.9317 94.7249 -0.949619 -0.010194 0.313242
-96.0578 20.9536 95.3859 -0.947319 0.00183988 0.320287
-95.81 22.1914 96.1112 -0.942828 -0.000350754 0.333277
-95.6724 23.3168 96.5024 -0.943416 -0.00307453 0.331583
-95.6054 24.4447 96.6894 -0.944346 0.00423852 0.328927
-95.691 26.1959 96.4036 -0.943121 0.0123256 0.33222
-95.7052 27.6451 96.3115 -0.943325 0.0112659 0.331679
-95.7233 28.6499 96.2242 -0.942878 0.0153719 0.332762
-95.7651 29.7421 96.0495 -0.941561 0.0190723 0.336294
-95.8768 30.7942 95.6811 -0.94088 0.02766 0.337468
-96.0205 31.8832 95.1619 -0.939339 0.0332013 0.34134
-96.2243 33.3878 94.4375 -0.936645 0.0450662 0.347368
-96.3064 34.4356 94.0733 -0.935876 0.0592008 0.347099
-96.2748 35.4244 93.9061 -0.935306 0.0914433 0.34166
-96.3828 36.3488 93.3793 -0.935531 0.106855 0.336517
-96.8985 36.9254 91.7403 -0.934426 0.116871 0.336437
-97.1972 37.6874 91.0453 -0.8791 0.0335554 0.473899
-97.3506 39.1229 90.7788 -0.875313 -0.00512388 0.48353
-97.3872 40.2875 90.7351 -0.873427 -0.0112842 0.486824
-97.3977 41.4279 90.7422 -0.871181 -0.00418941 0.490874
-97.3888 42.5305 90.7637 -0.866892 -0.00470111 0.498473
-97.3952 43.5873 90.7638 -0.868657 -0.0136782 0.495224
-97.4703 44.938 90.669 -0.867682 -0.0117587 0.496978
-97.5737 46.0209 90.4896 -0.869356 0.00109327 0.494185
-97.9205 47.7532 89.8852 -0.86718 -0.00204792 0.49799
-98.4388 49.2148 88.9886 -0.867249 -0.00209732 0.49787
-98.7866 50.087 88.3848 -0.868983 0.00117879 0.494841
-99.5486 50.9445 87.0329 -0.871672 0.00420119 0.490072
-100.283 51.1302 85.6925 -0.878993 -0.00515825 0.476807
-100.833 50.5585 84.6811 -0.874929 0.000238311 0.484246
-100.699 49.5127 84.9248 -0.87295 0.00145109 0.487805
-100.68 48.2967 84.961 -0.871213 -0.00117832 0.490903
-100.686 47.0962 84.947 -0.87274 -0.00639315 0.488105
-100.679 46.0469 84.9468 -0.878487 0.000843358 0.477766
-100.647 44.934 85.0017 -0.874239 -0.0049665 0.485461
-100.653 43.8713 84.9829 -0.872726 -0.0037949 0.488194
-100.648 42.667 84.9763 -0.870367 -0.00744926 0.492347
-100.634 41.5878 84.9881 -0.870531 0.000131149 0.492114
-100.64 40.3283 84.9783 -0.870816 -0.000403405 0.491608
-100.586 38.8771 85.0241 -0.867716 -0.0194398 0.496661
-100.561 37.7066 85.0044 -0.866396 -0.05698 0.495437
-100.269 36.7476 85.4382 -0.890109 -0.0579691 0.451184
-99.8369 35.8895 86.1133 -0.890496 -0.0687951 0.449082
-99.4001 34.8114 86.8445 -0.888784 -0.038289 0.455686
-99.0616 34.0817 87.5161 -0.907238 -0.00944554 0.420497
-98.7374 33.4007 88.1902 -0.911367 0.00200188 0.411051
-98.4802 32.3957 88.8011 -0.921485 0.00526826 0.388312
-98.4404 30.9908 88.8487 -0.924438 -0.00449825 0.381049
-98.4839 29.9585 88.7283 -0.931411 -0.00594533 0.363918
-98.4767 28.6542 88.725 -0.930946 -0.0105593 0.365002
-98.4526 27.4472 88.7514 -0.930785 -0.0096865 0.365438
-98.5005 26.1222 88.588 -0.931518 -0.0209519 0.363019
-98.5286 24.9395 88.4689 -0.932823 -0.0128005 0.360108
-98.4568 23.2184 88.5896 -0.936372 -0.0105439 0.35085
-98.4991 22.2164 88.4484 -0.938408 -0.0163081 0.345033
-98.5449 21.2226 88.2822 -0.941756 -0.0105015 0.336133
-98.5635 20.1558 88.1968 -0.942093 -0.0116214 0.335148
-98.561 19.1317 88.1491 -0.941954 -0.0182451 0.335244
-98.5491 18.0682 88.1395 -0.939531 -0.00942675 0.342301
-98.5305 16.6337 88.133 -0.941907 -0.0125374 0.335431
-98.5334 15.1268 88.0659 -0.945822 -0.0137572 0.324394
-98.5359 14.0555 88.0136 -0.946076 -0.0126645 0.323694
-98.5017 12.8788 88.081 -0.94279 -0.00614627 0.333332
-98.4662 11.3861 88.1358 -0.942132 -0.0160062 0.334853
-98.3806 9.97734 88.3129 -0.94243 -0.011259 0.334196
-98.1796 8.53883 88.8477 -0.942563 -0.00736458 0.333944
-97.9929 7.19332 89.3455 -0.943895 -0.0082664 0.330143
-97.8285 6.11663 89.7903 -0.944002 -0.00811303 0.32984
-97.6235 5.0783 90.3621 -0.94759 -0.00983451 0.319339
-97.4003 3.33765 90.9688 -0.951108 -0.00700357 0.308548
-97.4522 2.26591 90.7887 -0.954316 -0.00825525 0.298649
-97.5946 1.24268 90.3412 -0.947611 -0.00507615 0.319387
-97.9333 -0.20562 89.3189 -0.947173 -0.00302339 0.320709
-98.1282 -1.30242 88.7396 -0.94548 0.000240462 0.325679
-98.1987 -2.3245 88.5342 -0.945355 -0.0105892 0.325871
-98.2303 -3.83335 88.392 -0.944151 -0.00983633 0.32934
-98.184 -4.8938 88.5256 -0.946376 0.000528987 0.323066
-98.1414 -6.71989 88.6189 -0.946038 -0.0120694 0.32383
-98.1526 -7.71824 88.5381 -0.943349 -0.0062139 0.331567
-98.0395 -9.61444 88.8774 -0.947591 -0.00411077 0.319449
-97.9604 -10.7589 89.0884 -0.94765 -0.00670803 0.31924
-97.8761 -11.8132 89.3205 -0.947868 -0.00299926 0.31864
-97.8123 -12.8159 89.5252 -0.948792 0.00442292 0.31587
-97.7593 -13.8864 89.683 -0.949095 -0.00214316 0.314978
-97.7405 -15.0774 89.7026 -0.949418 -0.0115115 0.313804
-97.8183 -16.4637 89.4234 -0.948401 -0.0111351 0.316876
-97.8474 -17.834 89.3079 -0.948019 -0.00485128 0.318176
-97.8132 -19.1394 89.3842 -0.94715 -0.0118219 0.320573
-97.7935 -20.4057 89.3952 -0.946737 -0.0104048 0.321832
-97.7979 -21.4173 89.3414 -0.951979 -0.0104661 0.305984
-97.7419 -22.6941 89.4722 -0.950625 -0.00170572 0.310203
-97.5355 -24.2362 90.0485 -0.94349 -0.0149157 0.331062
-97.417 -25.967 90.3203 -0.945881 -0.0138563 0.32415
-97.4385 -26.9589 90.1965 -0.946919 -0.0195331 0.320879
-97.5356 -28.0172 89.845 -0.946551 -0.0227479 0.321746
-97.721 -29.1237 89.3057 -0.934448 -0.0116923 0.355908
-97.9458 -29.9873 88.6866 -0.932738 -0.0145749 0.36022
-98.1481 -30.8707 88.1846 -0.92249 -0.00475978 0.385987
-98.332 -31.8224 87.7333 -0.921809 -0.0064339 0.38759
-98.5256 -33.2145 87.2699 -0.918331 -0.00240022 0.395806
-98.7701 -34.0401 86.734 -0.911472 0.0241532 0.410441
-99.3059 -34.879 85.6439 -0.905757 0.032704 0.422528
-99.8078 -35.4807 84.6749 -0.900614 0.0618248 0.429499
-100.305 -36.094 83.6884 -0.89851 0.0918757 0.42852
-100.671 -36.8746 83.145 -0.892118 0.109784 0.438159
-100.411 -37.6162 83.8363 -0.873606 0.0926911 0.47639
-100.31 -38.9303 84.1142 -0.867892 0.00764943 0.496693
-100.258 -40.094 84.2136 -0.880389 -0.00116165 0.474233
-100.227 -41.556 84.2842 -0.878558 0.00515621 0.4776
-100.254 -42.5708 84.2398 -0.877788 0.00129824 0.479046
-100.265 -43.8809 84.2195 -0.877485 -0.00272547 0.479589
-100.239 -45.0986 84.2533 -0.876829 -0.00678597 0.48075
-100.245 -46.2749 84.2208 -0.875753 -0.009457 0.482666
-100.264 -47.5564 84.1611 -0.876195 -0.00378077 0.481907
-100.276 -49.1032 84.1416 -0.876604 -0.000748031 0.481212
-100.37 -50.0918 83.9633 -0.876706 -0.00546931 0.480995
-100.713 -51.0698 83.2537 -0.88489 -0.0443657 0.463622
-100.339 -51.5588 83.9399 -0.891562 -0.0189953 0.452294
-99.8177 -51.5868 84.9276 -0.880758 -0.0183908 0.473209
-99.3323 -51.5088 85.8326 -0.881809 -0.0135206 0.471366
-98.7327 -51.093 86.9268 -0.872883 0.0029964 0.487919
-98.3296 -50.2329 87.6425 -0.874909 0.00393648 0.484255
-97.9315 -49.2051 88.3694 -0.877414 -0.000689926 0.479733
-97.7388 -47.8791 88.7332 -0.87214 -0.00884902 0.489127
-97.7201 -46.8151 88.7878 -0.873308 -0.0104481 0.487025
-97.6998 -45.0761 88.8641 -0.870191 -0.0112641 0.492586
-97.6552 -43.6044 88.9769 -0.872203 -0.00436734 0.489099
-97.4732 -42.2027 89.3094 -0.874737 -0.000833887 0.484594
-97.0127 -40.8102 90.1365 -0.874518 0.00232487 0.484988
-96.7107 -39.7968 90.6642 -0.865502 0.000578356 0.500905
-96.6596 -38.7796 90.7436 -0.868462 0.00910906 0.495672
-96.48 -37.5032 91.1419 -0.876737 -0.0897486 0.471777
-96.2167 -36.7525 91.9017 -0.899595 -0.119496 0.420051
-95.8856 -36.5012 92.8711 -0.936408 -0.124887 0.327937
-95.6359 -35.9261 93.8318 -0.954025 -0.0869757 0.286789
-95.4676 -35.1587 94.6396 -0.953902 -0.0917829 0.285739
-95.3763 -33.8247 95.3236 -0.952138 -0.0687967 0.297819
-95.429 -32.3693 95.4914 -0.951288 -0.0610047 0.302057
-95.443 -31.3684 95.6119 -0.950512 -0.048479 0.306877
-95.4735 -30.3513 95.6744 -0.949926 -0.0451178 0.309189
-95.5255 -29.3012 95.6538 -0.946647 -0.0412237 0.319624
-95.632 -27.9269 95.5021 -0.949018 -0.0385149 0.312784
-95.7276 -26.6429 95.3731 -0.954794 -0.028851 0.295839
-95.6506 -24.8197 95.7451 -0.953796 -0.0165332 0.299998
-95.5638 -23.8439 96.0743 -0.954117 -0.0156392 0.299026
-95.5946 -22.398 96.0332 -0.950953 -0.0107494 0.30915
-95.6135 -21.1712 96.0073 -0.950831 -0.00691073 0.309634
-95.6024 -19.2491 96.1122 -0.953438 -0.0128138 0.301316
-95.579 -18.0059 96.2413 -0.948827 -0.00767145 0.315671
-95.5948 -16.8 96.2397 -0.948097 -0.0107867 0.317753
-95.5936 -15.5164 96.2662 -0.946729 -0.00427926 0.322003
-95.5561 -14.2369 96.4061 -0.947467 -0.0138277 0.319555
-95.5428 -13.2174 96.4869 -0.948832 -0.0147569 0.315398
-95.5782 -11.7408 96.4025 -0.95415 0.00386262 0.299302
-95.595 -10.4104 96.342 -0.954158 0.00175807 0.299285
-95.594 -9.40503 96.3553 -0.949766 -0.00818772 0.312825
-95.5538 -8.14822 96.497 -0.949582 -0.00706521 0.31344
-95.543 -7.01983 96.5472 -0.951701 -0.000215816 0.307025
-95.575 -5.99378 96.4462 -0.95192 -0.000794005 0.306341
-95.6215 -4.89713 96.32 -0.951398 -0.00608507 0.307903
-95.6743 -3.88347 96.1807 -0.946303 -0.00713483 0.323202
-95.8812 -2.57488 95.6013 -0.946198 -0.00621148 0.323527
-95.9547 -1.37105 95.404 -0.946417 -0.00423199 0.322919
-96.1464 0.3816 94.876 -0.94505 -0.00628181 0.326866
-96.2899 1.72562 94.4723 -0.945911 0.00277442 0.324415
-96.077 3.03237 95.1101 -0.949102 -0.00841995 0.314858
-95.8319 3.96034 95.8771 -0.94873 -0.0117401 0.31587
-95.6123 5.26669 96.5329 -0.943407 -0.00571211 0.331589
-95.5103 6.71541 96.8916 -0.943333 -0.019909 0.331249
-95.4991 8.14258 96.9768 -0.94267 0.00346676 0.333586
-95.563 9.30002 96.7621 -0.940423 0.00667299 0.339903
-95.7145 10.9873 96.3336 -0.941145 -0.0029506 0.337917
-95.7757 11.9882 96.1211 -0.947072 0.00861618 0.320881
-95.8342 13.1306 95.9364 -0.947401 0.000862093 0.320044
-96.0206 14.2532 95.4013 -0.947155 -0.0102134 0.320614
-96.2391 15.3578 94.7634 -0.947475 0.00312465 0.319796
-96.2958 15.6706 94.5897 -0.947204 0.00683162 0.320559
-96.0585 16.0063 95.2841 -0.947772 0.00348219 0.318916
-96.1877 16.9367 94.8965 -0.948092 0.000817178 0.317994
-96.2178 18.0128 94.8288 -0.946321 -0.0067814 0.323157
-96.1062 19.2037 95.2282 -0.949062 -0.0140608 0.314737
-95.9018 20.2621 95.8525 -0.945781 0.00269942 0.324754
-95.6694 21.2567 96.5132 -0.943452 0.00172885 0.331498
-95.433 22.738 97.1775 -0.943587 -0.00527162 0.331043
-95.343 23.9004 97.4459 -0.94237 0.0050147 0.334532
-95.3533 25.2947 97.3679 -0.938444 0.0205001 0.344816
-95.4095 26.4739 97.1911 -0.94084 0.00442259 0.338708
-95.4142 28.1929 97.1185 -0.940854 0.020334 0.338058
-95.4406 29.415 96.9687 -0.93721 0.0202757 0.348176
-95.5195 30.8666 96.6656 -0.938751 0.0224671 0.343863
-95.6767 31.7981 96.1394 -0.944257 0.0314034 0.327707
-95.8719 33.3003 95.4139 -0.943619 0.0387179 0.328761
-96.0158 34.2424 94.8943 -0.941933 0.0463294 0.332481
-96.0279 35.2523 94.6527 -0.94609 0.0651238 0.317284
-95.944 36.3696 94.6787 -0.946356 0.0657673 0.316362
-96.2735 37.2177 93.479 -0.94973 0.0786781 0.30302
-96.5872 37.4645 92.4178 -0.942819 0.100187 0.31673
-96.9059 38.3946 91.577 -0.875481 -0.00416918 0.483234
-96.9642 39.6705 91.4845 -0.875762 -0.00501884 0.482717
-96.9745 40.8379 91.4883 -0.871333 -0.00415097 0.490604
-96.9718 41.9179 91.4872 -0.869015 0.00276661 0.494779
-96.9715 43.0154 91.4944 -0.868411 -0.00941462 0.495722
-96.9769 44.5083 91.5263 -0.871117 -0.0113473 0.490937
-97.1183 45.5022 91.2915 -0.868668 0.00195134 0.495388
-97.2731 46.8867 91.013 -0.868221 0.00275583 0.49617
-97.4559 48.1538 90.6959 -0.867279 -0.00188399 0.497818
-97.8305 49.0428 90.0473 -0.867158 -0.00227746 0.498027
-98.2116 50.2166 89.395 -0.868591 -0.0091098 0.495446
-98.5727 50.9108 88.7626 -0.872517 -0.00374747 0.48857
-99.1892 51.5116 87.6672 -0.871792 0.00106913 0.489864
-99.8044 52.0632 86.5734 -0.871986 -0.000996722 0.489529
-100.287 52.1464 85.6981 -0.886803 0.0010079 0.461785
-100.746 52.103 84.8073 -0.889538 0.0281948 0.455685
-101.206 51.4539 83.8513 -0.908743 0.0388124 0.414605
-101.669 50.7659 82.8645 -0.933914 0.0308229 0.356167
-101.255 50.3099 83.9234 -0.89135 0.0363853 0.448534
-101.13 49.3511 84.1551 -0.872691 0.00317692 0.488262
-101.122 48.2371 84.1769 -0.871904 0.00100236 0.489668
-101.11 47.0454 84.183 -0.874038 -0.0117351 0.485716
-101.096 45.845 84.1795 -0.876721 -0.00534112 0.480896
-101.105 44.4304 84.1696 -0.876382 -0.000844851 0.481615
-101.145 43.3974 84.0958 -0.875273 -0.00222352 0.483624
-101.128 41.8662 84.1157 -0.870457 -0.00365988 0.492214
-101.079 40.8231 84.2011 -0.871183 -0.00112446 0.490958
-101.118 39.3908 84.119 -0.86643 -0.0145055 0.499084
-101.104 37.8952 84.0968 -0.857662 -0.0795706 0.504546
-100.825 36.6045 84.2677 -0.892939 -0.12513 0.431451
-100.411 36.0612 85.0162 -0.898274 -0.100276 0.42784
-99.9248 34.9649 85.7961 -0.900525 -0.0626339 0.430252
-99.4694 33.8871 86.638 -0.90378 -0.0334182 0.426669
-99.1452 33.2163 87.3162 -0.907238 -0.00944554 0.420497
-98.785 32.1078 88.1035 -0.916483 -0.00609946 0.399822
-98.7836 30.5491 88.0185 -0.919594 -0.0191062 0.392314
-98.7972 29.4103 87.9351 -0.926862 -0.00759819 0.375326
-98.8434 28.3383 87.8031 -0.926418 -0.00581922 0.376451
-98.7424 26.8821 88.0304 -0.926195 -0.00560616 0.377003
-98.8379 25.4047 87.683 -0.931289 -0.0197729 0.363647
-98.7539 23.8012 87.8171 -0.935284 -0.0210255 0.353273
-98.7813 22.7426 87.7018 -0.940316 -0.0234577 0.339493
-98.8518 21.7543 87.4391 -0.941227 -0.0171644 0.337271
-98.8531 20.6976 87.4009 -0.942245 -0.012423 0.334693
-98.8588 19.6873 87.3458 -0.942132 -0.0163981 0.334827
-98.8329 18.6045 87.3684 -0.93638 -0.004012 0.350961
-98.8121 17.518 87.4044 -0.936816 -0.0117088 0.349621
-98.7918 15.5568 87.3763 -0.936999 -0.01613 0.348961
-98.8807 13.8279 87.0547 -0.938618 -0.0140396 0.344666
-98.7829 11.9607 87.2736 -0.941855 -0.00973435 0.335841
-98.6902 10.8277 87.4839 -0.94159 -0.0153453 0.336413
-98.7001 9.70982 87.4187 -0.939558 -0.00965421 0.342253
-98.4569 8.53746 88.068 -0.942172 -0.00670717 0.335062
-98.327 7.46707 88.4009 -0.94257 -0.0114228 0.333814
-98.1745 6.31559 88.8054 -0.943748 -0.00777519 0.330574
-97.937 5.20102 89.4526 -0.943791 -0.0121989 0.330314
-97.7234 4.02305 90.0331 -0.947554 -0.0101617 0.319433
-97.6675 2.86513 90.1611 -0.947338 -0.00966962 0.320088
-97.7806 1.89656 89.7996 -0.947277 -0.00702968 0.320332
-98.0307 0.719873 89.0428 -0.946962 -0.00403348 0.321321
-98.2969 -0.137185 88.2594 -0.942857 -0.00517601 0.333152
-98.4109 -1.16173 87.9263 -0.942328 -0.00384888 0.334669
-98.4518 -2.26067 87.8022 -0.945422 -0.00494386 0.325762
-98.4832 -3.7505 87.678 -0.942922 -0.00842352 0.332907
-98.4786 -4.87481 87.6702 -0.942662 -0.00619411 0.333692
-98.4223 -6.00501 87.8244 -0.946372 -0.0103845 0.322907
-98.4011 -7.06376 87.8471 -0.943089 -0.00782984 0.332297
-98.3923 -8.40537 87.8407 -0.943718 -0.00689265 0.330472
-98.3049 -9.40964 88.0923 -0.947372 -0.00189345 0.32013
-98.2861 -10.5776 88.1253 -0.947704 -0.00672678 0.319081
-98.1603 -11.5599 88.478 -0.947662 -0.00576597 0.319222
-98.1277 -12.5767 88.5695 -0.94918 -0.000991668 0.314731
-98.0508 -13.6637 88.8028 -0.950481 -0.00885662 0.310657
-98.0303 -14.7648 88.8317 -0.950047 -0.00925323 0.311967
-98.0743 -16.4164 88.6574 -0.949249 -0.00923337 0.314376
-98.1681 -17.4303 88.3636 -0.946189 -0.00485666 0.323577
-98.0971 -19.2293 88.5438 -0.947424 -0.00852641 0.319841
-98.0654 -20.7926 88.5884 -0.946294 -0.00949818 0.323166
-98.0698 -21.8193 88.5294 -0.943643 -0.0082233 0.330735
-97.9726 -23.245 88.8037 -0.943281 -0.000516942 0.33198
-97.8697 -24.3775 89.0882 -0.943865 -0.00960522 0.330128
-97.6808 -25.4588 89.5753 -0.943705 -0.0156971 0.330415
-97.6891 -26.4774 89.4959 -0.942534 -0.0193239 0.333552
-97.79 -27.4431 89.1535 -0.938381 -0.00677393 0.345072
-97.911 -28.5565 88.8416 -0.931009 -0.0162975 0.364631
-98.1373 -29.3344 88.2308 -0.923425 -0.00630273 0.383725
-98.3704 -30.3 87.656 -0.923144 -0.00393937 0.384432
-98.733 -31.6806 86.7903 -0.919849 -0.000510712 0.392271
-98.8782 -33.2046 86.4505 -0.917898 0.00222824 0.396777
-99.2527 -33.9507 85.6855 -0.909114 0.0408892 0.414535
-99.7407 -34.3389 84.6367 -0.91261 0.0490253 0.405721
-100.119 -35.0308 83.9038 -0.90872 0.0750812 0.410598
-100.772 -35.692 82.634 -0.905313 0.104468 0.410828
-101.192 -36.4194 81.8724 -0.928075 0.102497 0.355579
-101.207 -37.5251 82.0964 -0.943689 0.0782369 0.321434
-100.865 -37.6749 83.0367 -0.878378 0.153335 0.451258
-100.727 -38.769 83.3612 -0.875505 -0.00793648 0.483084
-100.647 -39.8411 83.4946 -0.879492 -0.0105912 0.475778
-100.639 -41.164 83.5143 -0.881579 0.00814686 0.471965
-100.673 -42.3354 83.47 -0.879402 0.00591893 0.476021
-100.627 -43.6017 83.5569 -0.877594 6.77568e-05 0.479404
-100.617 -44.7688 83.566 -0.877892 -0.00444722 0.478835
-100.673 -46.1961 83.4439 -0.877299 -0.00784337 0.479879
-100.722 -47.7384 83.3278 -0.876035 -0.00396056 0.482193
-100.676 -49.2934 83.412 -0.877747 -0.000778774 0.479124
-100.886 -50.3344 82.9947 -0.905575 -0.0529986 0.416576
-101.218 -50.5562 82.0717 -0.940012 -0.032084 0.339583
-101.623 -50.9993 80.946 -0.934435 -0.0250526 0.35525
-101.523 -52.0897 81.1356 -0.932377 -0.0241678 0.360664
-101.162 -52.1653 82.0567 -0.931346 -0.0265876 0.363162
-100.628 -52.5191 83.2523 -0.904896 -0.0650547 0.420482
-100.199 -52.4161 84.1766 -0.895284 -0.0337783 0.443062
-99.4619 -52.5586 85.5664 -0.883502 -0.0100476 0.468317
-98.9929 -52.3619 86.4591 -0.87949 -0.00348295 0.475741
-98.3526 -51.531 87.6096 -0.873154 0.000357286 0.487445
-97.9984 -50.7544 88.2492 -0.877057 0.00300761 0.480377
-97.6272 -49.8097 88.9257 -0.879701 -0.00012543 0.475513
-97.3856 -48.7686 89.3781 -0.880497 0.000249831 0.474048
-97.3052 -47.7117 89.5226 -0.878025 -0.00369783 0.478535
-97.2257 -46.1166 89.6934 -0.87453 -0.00735384 0.484914
-97.1372 -45.0122 89.8546 -0.86858 -0.00763957 0.49539
-97.1817 -43.3744 89.8269 -0.873888 -0.00658684 0.486071
-97.0529 -42.2017 90.0656 -0.870839 -0.00315108 0.491513
-96.4846 -41.0625 91.056 -0.865378 -7.49782e-05 0.501119
-96.2437 -39.867 91.4712 -0.865487 0.000284611 0.500931
-96.2005 -38.5951 91.5452 -0.867089 0.0045959 0.498103
-95.9993 -37.5592 92.0526 -0.919068 -0.172859 0.34207
-95.6246 -37.3404 93.3833 -0.959521 -0.0952031 0.265059
-95.4312 -36.5234 94.3398 -0.953447 -0.0835667 0.289738
-95.2194 -35.7307 95.2844 -0.955694 -0.0918707 0.279584
-95.0934 -34.8258 96.0135 -0.954817 -0.0785641 0.286226
-95.1313 -33.7862 96.1216 -0.954093 -0.0640161 0.292543
-95.1864 -32.1807 96.2727 -0.949803 -0.0535509 0.308232
-95.1845 -30.8819 96.4852 -0.950328 -0.04525 0.307937
-95.2486 -29.8159 96.4357 -0.949881 -0.0414624 0.309847
-95.3003 -28.781 96.4099 -0.950125 -0.0382862 0.309508
-95.4578 -27.3645 96.1186 -0.949567 -0.0444165 0.310396
-95.502 -26.3686 96.1222 -0.952889 -0.0342453 0.3012
-95.3872 -25.118 96.5567 -0.950983 -0.0156323 0.308848
-95.3045 -23.6692 96.8859 -0.951346 -0.0126948 0.307847
-95.329 -22.6533 96.8406 -0.951034 -0.00931342 0.308943
-95.3554 -21.43 96.7934 -0.952081 -0.010249 0.305621
-95.3831 -20.2285 96.7624 -0.953452 -0.0147369 0.301184
-95.3413 -18.9041 96.951 -0.952507 -0.00738882 0.304361
-95.3058 -17.6268 97.0684 -0.948752 -0.00394307 0.315903
-95.3225 -16.5917 97.0461 -0.946632 -0.00655523 0.322248
-95.3496 -14.9392 96.9909 -0.946608 -0.00439379 0.322357
-95.2719 -13.8697 97.2774 -0.950129 -0.0169278 0.311396
-95.3244 -12.7112 97.1815 -0.950248 -0.0105438 0.311242
-95.299 -11.6818 97.2715 -0.950192 0.00514174 0.311496
-95.3594 -10.4549 97.0795 -0.948801 0.00143251 0.315837
-95.293 -9.28139 97.2599 -0.94879 0.000918606 0.315861
-95.2657 -8.17063 97.37 -0.949286 -0.00924176 0.314268
-95.2722 -7.0687 97.386 -0.950697 -0.00539141 0.310004
-95.3712 -5.27593 97.0868 -0.952093 -0.00222205 0.3058
-95.3893 -4.26547 97.0483 -0.950966 -0.00206506 0.309289
-95.5301 -2.97442 96.6305 -0.950184 -0.0037633 0.311667
-95.6794 -1.93429 96.2033 -0.946267 -0.0051779 0.323344
-95.7467 -0.480516 96.0489 -0.949013 -0.0128971 0.314973
-95.8663 0.567878 95.701 -0.949826 -0.00266414 0.312767
-96.0144 1.51611 95.2768 -0.945739 0.00269399 0.324915
-95.8415 2.60818 95.8087 -0.950509 -0.00752226 0.310575
-95.6301 3.48389 96.4788 -0.947722 0.00183453 0.31881
-95.3209 4.53181 97.3523 -0.943835 -0.0045359 0.330387
-95.2338 5.84747 97.631 -0.943587 -0.0133803 0.330852
-95.2083 6.95208 97.7642 -0.943208 -0.0193434 0.331638
-95.254 8.49984 97.6455 -0.940504 0.00990225 0.339638
-95.2766 9.62785 97.5457 -0.940054 0.0068014 0.340923
-95.3751 10.6059 97.2799 -0.941865 -0.00820118 0.335892
-95.5059 11.6254 96.9264 -0.946618 0.00956695 0.322206
-95.5518 12.9956 96.7692 -0.946929 0.00310084 0.321428
-95.5667 14.0374 96.7347 -0.948168 -0.00349536 0.317748
-95.842 14.7724 95.9236 -0.945327 -0.00241314 0.326116
-95.9401 15.4921 95.6446 -0.946389 0.00184583 0.322978
-97.3821 19.1957 91.5489 -0.943079 -0.00394725 0.332546
-97.4749 20.2692 91.2884 -0.943407 0.000760378 0.331636
-97.3065 21.7247 91.7892 -0.945026 -0.0093175 0.326861
-97.4151 22.7066 91.5025 -0.945237 -0.00332719 0.326367
-97.427 23.7675 91.4762 -0.944931 -0.00162155 0.327265
-97.4031 25.0089 91.5484 -0.944153 -0.000960308 0.329502
-97.4054 26.036 91.5342 -0.943612 0.00263684 0.331042
-97.3507 27.702 91.6773 -0.939191 0.00497349 0.343356
-97.34 28.7412 91.6951 -0.93457 -0.00465942 0.355689
-97.3656 29.8175 91.6263 -0.933232 0.000182173 0.359275
-97.3052 30.8985 91.7669 -0.936474 0.0121114 0.350506
-97.3677 32.7438 91.5572 -0.932749 -0.00528439 0.360058
-97.2099 31.9579 91.9917 -0.931988 0.012033 0.362289
-97.0724 31.0393 92.3748 -0.935013 0.0200405 0.353823
-96.9541 29.9777 92.7467 -0.939622 0.00906438 0.342064
-96.8125 29.0378 93.167 -0.94255 0.0109544 0.333869
-96.737 28.0286 93.425 -0.939742 0.0147917 0.34156
-96.6958 27.0375 93.5676 -0.940004 0.00987442 0.341021
-96.6828 25.6018 93.6262 -0.946069 0.000298782 0.323965
-96.684 23.8621 93.6162 -0.945616 -0.000866086 0.325276
-96.8725 22.7661 93.0727 -0.944833 -0.00525559 0.327462
-97.0779 21.7607 92.4496 -0.944385 -0.0104506 0.328676
-97.2241 20.8428 92.002 -0.944143 -0.0061196 0.329457
-97.366 19.342 91.5956 -0.942798 -0.000924261 0.333363
-97.3717 19.2688 91.5792 -0.942919 -0.00247366 0.333011
-97.0217 23.3502 92.6405 -0.944582 -1.70608e-06 0.32827
-97.1154 24.437 92.3717 -0.943834 0.00055987 0.33042
-97.1863 25.6331 92.162 -0.943553 0.00294241 0.331207
-97.03 26.5282 92.6151 -0.94554 0.00367253 0.325459
-97.0813 28.2696 92.4381 -0.944173 0.00394475 0.329425
-97.018 28.4155 92.6143 -0.942464 0.0146266 0.333987
-96.9519 27.3238 92.8222 -0.945064 0.00791517 0.326789
-96.9122 26.1963 92.9581 -0.945819 -0.000465059 0.324695
-96.9032 25.0618 92.9824 -0.946054 -0.000280625 0.324009
-96.9616 23.6402 92.8138 -0.945077 0.000731195 0.326847
-96.9773 23.5392 92.7686 -0.945093 0.000449064 0.326801
-98.8377 38.236 88.1012 -0.871273 -0.00679814 0.490742
-98.7602 39.3412 88.2609 -0.869129 -0.0154725 0.494331
-98.7291 38.8265 88.3011 -0.870589 -0.00992768 0.491901
-98.8384 40.1387 88.1514 -0.867309 -0.0176211 0.497457
-99.0948 40.7984 87.722 -0.86826 -0.00683106 0.496062
-99.2 42.2526 87.5576 -0.871155 -0.00469033 0.490947
-99.176 43.264 87.6241 -0.875364 -0.0119235 0.483318
-98.9924 44.2718 87.9816 -0.875679 -0.00971134 0.48279
-98.9186 44.41 88.1167 -0.872264 -0.00459267 0.488995
-98.9195 43.3994 88.0879 -0.871528 -0.0143096 0.490137
-99.1354 42.3673 87.6741 -0.871525 -0.0136248 0.490162
-98.7955 41.5758 88.2577 -0.871429 -0.0131513 0.490346
-98.8819 40.5794 88.0913 -0.867622 -0.0124484 0.497039
-96.9588 1.55087 92.336 -0.958844 -0.00812064 0.283819
-96.7159 0.905503 93.1368 -0.958513 -0.00596695 0.284974
-96.592 -0.266849 93.5395 -0.953339 -0.00903004 0.301124
-96.4796 -1.50405 93.844 -0.952629 -0.0143611 0.303214
-96.3974 -2.58352 94.0279 -0.957374 -0.0176954 0.288258
-96.2571 -3.82335 94.4646 -0.958831 -0.00511999 0.283932
-96.1149 -5.12488 94.8632 -0.946211 -0.00667244 0.323482
-96.0445 -6.20041 95.0489 -0.946157 -0.00584302 0.323655
-96.0026 -7.41949 95.1624 -0.949076 -0.00976255 0.314896
-96.0141 -8.53324 95.0935 -0.949697 -0.00751571 0.313069
-96.032 -9.74982 94.9974 -0.951162 -0.0130151 0.308418
-96.0312 -10.9182 94.947 -0.952875 -0.0094361 0.303161
-96.0143 -11.9246 95.012 -0.95452 0.00463725 0.298112
-96.0241 -13.1703 94.9956 -0.954058 0.000820923 0.299622
-96.0545 -14.4282 94.9028 -0.954669 -0.000496473 0.297667
-96.0821 -15.8058 94.7859 -0.950629 -0.00794923 0.310224
-96.0732 -16.8358 94.7804 -0.950685 -0.0113884 0.309948
-96.0706 -17.9635 94.7373 -0.949996 -0.0210673 0.311534
-96.08 -18.9861 94.6473 -0.951418 -0.016929 0.307434
-96.0917 -20.1724 94.5415 -0.951773 -0.0176188 0.306296
-96.0778 -21.3327 94.5406 -0.954517 -0.0102716 0.297917
-96.0671 -22.3757 94.524 -0.955884 -0.0147381 0.293372
-96.0697 -23.3751 94.4672 -0.956437 -0.0132895 0.291635
-96.1051 -24.3764 94.3052 -0.950075 -0.00772525 0.31148
-96.1974 -26.0348 93.9592 -0.947917 -0.0257453 0.317444
-96.1777 -27.1975 93.9288 -0.948555 -0.0267984 0.315467
-96.1059 -28.5939 94.0134 -0.948322 -0.0303709 0.31585
-96.009 -30.0286 94.1122 -0.947811 -0.0478758 0.315219
-95.9631 -31.0777 94.0884 -0.947958 -0.0490058 0.314602
-95.9107 -32.238 94.0155 -0.949746 -0.0725816 0.30449
-95.8907 -33.4399 93.7949 -0.940276 -0.0694666 0.331993
-96.0077 -34.303 93.2433 -0.932183 -0.0979559 0.348482
-96.2404 -34.9216 92.4499 -0.933075 -0.11063 0.34191
-96.5568 -35.3644 91.5939 -0.892289 -0.13151 0.431866
-96.912 -35.9518 90.6987 -0.898499 -0.112333 0.423241
-97.1932 -36.9105 89.8207 -0.895466 -0.0775086 0.436249
-97.3509 -38.0238 89.4943 -0.876444 0.0119092 0.481346
-97.4779 -39.1861 89.2861 -0.875706 0.00666625 0.482791
-97.8233 -40.374 88.67 -0.873968 0.00410038 0.48595
-98.1524 -41.371 88.083 -0.873704 3.2406e-05 0.486457
-98.3832 -43.1665 87.6651 -0.874806 -0.000642684 0.484472
-98.463 -44.2414 87.5211 -0.874951 -3.04979e-05 0.484212
-98.4918 -45.3088 87.4591 -0.875582 -0.00854131 0.48297
-98.5199 -46.4994 87.3892 -0.867901 -0.0111304 0.496611
-98.5776 -47.5476 87.2659 -0.869952 -0.0119812 0.492973
-98.6879 -48.5764 87.0369 -0.87146 -0.0160074 0.490206
-99.0339 -49.3827 86.3956 -0.870717 -0.00865546 0.491651
-99.5645 -49.7403 85.4397 -0.877871 -0.0052658 0.478867
-99.5524 -48.3165 85.4642 -0.877394 0.00235154 0.479765
-99.561 -46.5843 85.4594 -0.881257 -0.00442554 0.472616
-99.5233 -45.5652 85.546 -0.875973 -0.00867465 0.48228
-99.4981 -43.9324 85.6257 -0.878523 -0.0105481 0.477583
-99.4835 -42.8386 85.6543 -0.87904 0.00111227 0.476746
-99.5319 -41.6559 85.5671 -0.880112 -0.00486529 0.474725
-99.5522 -40.6553 85.5343 -0.882191 -0.0017141 0.470888
-99.5861 -39.3185 85.4306 -0.881753 0.022914 0.471154
-99.6229 -38.1528 85.3046 -0.885977 0.0286687 0.46258
-99.5723 -37.1681 85.321 -0.89234 0.0398729 0.449597
-98.9379 -36.0646 86.5293 -0.894383 0.0158963 0.445891
-98.5507 -35.4763 87.2729 -0.892296 -0.0139169 0.450884
-98.1468 -34.4869 88.1444 -0.899536 -0.0157215 0.436564
-97.8683 -32.9971 88.8144 -0.91986 -0.0106827 0.392056
-97.711 -31.9091 89.2123 -0.922465 -0.0063635 0.386025
-97.5377 -30.9966 89.6995 -0.93425 -0.0214686 0.355972
-97.3273 -30.0869 90.3125 -0.935213 -0.0166204 0.353643
-97.1563 -29.2383 90.87 -0.946752 -0.0242739 0.321047
-96.9812 -27.6045 91.5012 -0.94719 -0.021353 0.319956
-96.9258 -26.5777 91.7363 -0.94817 -0.0254378 0.316718
-96.9614 -25.1227 91.7108 -0.954349 -0.0107837 0.298495
-97.0387 -23.8885 91.5041 -0.953901 -0.00800373 0.300012
-97.178 -22.848 91.166 -0.94561 -0.019616 0.324709
-97.27 -21.8106 90.9605 -0.946002 -0.020501 0.323509
-97.3066 -20.5602 90.8876 -0.950997 -0.00800491 0.309095
-97.3363 -19.3283 90.8287 -0.951714 -0.0116978 0.306733
-97.3381 -18.0908 90.8579 -0.953496 0.000847694 0.301404
-97.3159 -16.8213 90.925 -0.953804 -0.000688831 0.300423
-97.2734 -15.7095 91.0853 -0.953867 -0.00834917 0.300114
-97.2463 -14.6998 91.208 -0.948577 -0.00636933 0.316461
-97.2816 -12.9143 91.1212 -0.948424 0.000520918 0.316979
-97.3583 -11.5998 90.8705 -0.948784 0.00503774 0.315886
-97.4494 -10.4741 90.6024 -0.946092 -0.000998544 0.323839
-97.5327 -9.3241 90.3461 -0.945176 0.00436502 0.326532
-97.5878 -8.31435 90.1668 -0.945216 0.0055195 0.326396
-97.594 -7.26481 90.167 -0.945481 -0.0173042 0.325213
-97.6028 -6.08214 90.2052 -0.945013 -0.0141116 0.326727
-97.6754 -4.69103 90.018 -0.946969 0.00112899 0.321324
-97.7269 -3.20151 89.8895 -0.950391 -0.00867316 0.310916
-97.6445 -1.97041 90.1853 -0.951636 -0.00404199 0.307139
-97.4335 -0.795603 90.8381 -0.952387 0.0016484 0.304888
-97.1496 0.522086 91.694 -0.951126 0.00108181 0.308776
-96.9953 1.50198 92.2115 -0.956442 -0.0101661 0.291625
-96.8659 -0.0695073 92.614 -0.957213 0.00154552 0.289241
-97.1678 -0.942006 91.6617 -0.953294 0.00686591 0.301888
-97.3876 -2.04074 90.973 -0.950979 -0.00990179 0.309096
-97.4726 -3.51611 90.6605 -0.950916 -0.0121842 0.309209
-97.4208 -4.76035 90.7704 -0.948811 -0.00590604 0.315672
-97.3526 -5.85242 90.939 -0.945024 -0.0141711 0.326695
-97.3342 -6.89793 90.9498 -0.947359 -0.012894 0.319848
-97.3334 -7.90837 90.9301 -0.948118 -0.00656994 0.31785
-97.2559 -9.46087 91.1491 -0.948432 0.00405811 0.316788
-97.1615 -10.6897 91.4556 -0.951208 -0.000392286 0.308521
-97.0486 -12.1364 91.811 -0.949086 0.00488485 0.314979
-97.0008 -13.2201 91.9625 -0.948855 -0.00128019 0.315702
-96.9777 -14.2878 92.0215 -0.949236 -0.00304248 0.314551
-97.0204 -15.2927 91.9032 -0.951965 -0.00200708 0.306038
-97.0666 -16.3373 91.7253 -0.953867 -0.00834917 0.300114
-97.097 -17.366 91.6202 -0.954518 -0.00269977 0.298136
-97.1169 -18.9272 91.5347 -0.952778 -0.0102135 0.303493
-97.0864 -19.9321 91.5751 -0.948854 -0.014137 0.315372
-97.0191 -21.4064 91.7206 -0.947553 -0.0116117 0.319384
-96.8959 -23.0305 91.9786 -0.947262 -0.0212214 0.319751
-96.7778 -24.009 92.33 -0.947873 0.00332022 0.318631
-96.7459 -25.2683 92.3969 -0.951583 -0.0197109 0.306496
-96.6617 -26.3498 92.5516 -0.948488 -0.0295729 0.31543
-96.7192 -27.2104 92.3091 -0.947893 -0.021936 0.317833
-96.7698 -28.5842 92.0567 -0.946019 -0.0235918 0.323237
-97.0283 -30.0264 91.1961 -0.94776 -0.0217516 0.318242
-97.233 -30.9556 90.5102 -0.936011 -0.0201973 0.351389
-97.4218 -31.8969 89.9564 -0.935477 -0.0317358 0.351724
-97.5375 -32.8199 89.5865 -0.917951 -0.0147068 0.396421
-97.7094 -34.1229 89.1176 -0.917735 -0.0377663 0.395393
-98.0215 -35.3879 88.3679 -0.899268 -0.0207967 0.43689
-98.3925 -36.1548 87.5656 -0.898493 -0.0235107 0.438357
-98.8953 -36.8834 86.6043 -0.882593 0.00764253 0.46995
-99.2358 -37.6727 86.0015 -0.880165 0.0204362 0.474228
-99.2239 -39.3686 86.1062 -0.879671 0.0257263 0.474886
-99.2049 -41.0613 86.1762 -0.878592 -0.00629846 0.477532
-99.1599 -42.1291 86.2484 -0.87878 0.00156291 0.477224
-99.0438 -43.333 86.4656 -0.878816 0.00110197 0.477159
-99.1999 -44.5563 86.1599 -0.878426 -0.0107653 0.477756
-99.2091 -46.102 86.1206 -0.882024 -0.00561914 0.471167
-99.2655 -47.2198 86.0045 -0.881371 -0.00459312 0.472402
-98.9403 -46.386 86.6212 -0.882455 -0.00660573 0.47035
-98.8448 -45.1247 86.818 -0.879983 -0.00874079 0.474885
-98.8246 -44.1411 86.8676 -0.878791 -0.00265902 0.477125
-98.7352 -42.6867 87.03 -0.874848 -0.000541943 0.484398
-98.5507 -41.4314 87.365 -0.874951 -0.00141275 0.484208
-98.3137 -40.4098 87.7925 -0.873309 0.000451215 0.487167
-97.8818 -39.076 88.5516 -0.874073 0.00542369 0.485747
-97.6424 -37.2729 88.938 -0.877442 0.0145432 0.479463
-97.4333 -36.1727 89.4566 -0.896821 -0.0749349 0.433774
-97.1659 -35.3968 90.2309 -0.91401 -0.0468762 0.402971
-96.6897 -34.6114 91.4261 -0.918689 -0.0485328 0.391988
-96.3226 -33.8885 92.5181 -0.931908 -0.096006 0.349757
-96.1709 -32.2952 93.2745 -0.932853 -0.0613944 0.354986
-96.2341 -31.1239 93.2916 -0.938833 -0.0529813 0.340274
-96.2616 -30.0418 93.3823 -0.939003 -0.050401 0.340194
-96.3521 -28.8938 93.2564 -0.946066 -0.0244741 0.323039
-96.4757 -27.8799 92.9776 -0.946197 -0.0267806 0.322482
-96.4165 -26.8274 93.2408 -0.947625 -0.0265346 0.318264
-96.4467 -25.549 93.2664 -0.947167 -0.0280194 0.319513
-96.3914 -24.6823 93.4715 -0.945899 -0.00287414 0.324447
-96.3171 -23.5246 93.6945 -0.946619 0.000809076 0.322324
-96.3175 -22.1217 93.7475 -0.946512 -0.0175599 0.32219
-96.3011 -21.0529 93.8544 -0.9464 -0.0175434 0.322522
-96.3513 -19.5758 93.7946 -0.947004 -0.0194676 0.320632
-96.3006 -17.838 94.0515 -0.948592 -0.0219245 0.315737
-96.326 -16.8318 94.0112 -0.949523 -0.00930576 0.313559
-96.3328 -15.7496 94.0233 -0.951852 -0.000221912 0.306423
-96.2872 -14.4859 94.1562 -0.954513 -0.00142687 0.298165
-96.2528 -12.7421 94.2649 -0.954446 0.000430787 0.298382
-96.2446 -11.6073 94.2789 -0.953281 0.00339438 0.302067
-96.248 -10.5571 94.2766 -0.952875 -0.0094361 0.303161
-96.2365 -9.02988 94.3873 -0.954562 -0.00992514 0.297795
-96.2208 -7.87354 94.4821 -0.956545 -0.0137183 0.291261
-96.2466 -6.87315 94.4415 -0.957283 -0.00794612 0.288989
-96.304 -5.80514 94.2725 -0.958814 -0.00521847 0.283988
-96.4078 -4.63263 93.9424 -0.958763 -0.00484453 0.284166
-96.536 -3.52376 93.5288 -0.957973 -0.00790719 0.286726
-96.6706 -1.94518 93.1732 -0.956665 -0.0226007 0.290309
-96.8125 -0.265757 92.792 -0.957239 0.00198089 0.289152
-96.8352 -0.0364694 92.7185 -0.959098 -0.00462979 0.283036
-96.9442 -1.61444 92.3488 -0.951578 -0.0283305 0.306099
-96.8379 -3.01141 92.5803 -0.947209 -0.0122104 0.320383
-96.7358 -3.97248 92.8488 -0.957973 -0.00790719 0.286726
-96.5552 -5.37347 93.432 -0.958957 -0.00487711 0.283508
-96.4808 -6.36323 93.6646 -0.958745 -0.00621205 0.284199
-96.4385 -7.43243 93.7879 -0.95648 -0.013258 0.291496
-96.4287 -8.43633 93.7754 -0.955507 -0.00529671 0.29492
-96.4501 -9.49372 93.6874 -0.954567 -0.00978246 0.297783
-96.47 -10.6539 93.584 -0.952121 -0.00421123 0.305693
-96.4701 -11.7346 93.5687 -0.952691 -0.000519482 0.303909
-96.4765 -12.8614 93.5529 -0.953868 -0.000607554 0.300227
-96.4845 -13.8994 93.5245 -0.954074 0.000300053 0.299566
-96.5391 -15.0895 93.3692 -0.950658 0.00702994 0.310161
-96.5895 -16.5729 93.2193 -0.949662 -0.00811813 0.313168
-96.525 -17.7165 93.3843 -0.949115 -0.0137818 0.314586
-96.6749 -19.3053 92.8498 -0.947838 -0.0172376 0.318282
-96.8487 -20.0562 92.2892 -0.948631 -0.0178694 0.315866
-96.871 -18.7623 92.2931 -0.948792 -0.0165187 0.315453
-96.7585 -17.9489 92.6715 -0.948718 -0.0138068 0.315784
-96.8775 -16.9527 92.3257 -0.954621 -0.00139579 0.297822
-96.8156 -15.8806 92.5378 -0.95215 -0.00173644 0.305485
-96.745 -14.9011 92.7361 -0.950217 0.00616691 0.311527
-96.6746 -13.8922 92.9403 -0.948871 -0.00123105 0.315654
-96.744 -12.7101 92.7304 -0.948519 0.000489607 0.316719
-96.7995 -11.5953 92.5534 -0.949969 0.000394133 0.312301
-96.9155 -10.4041 92.2136 -0.950722 -0.00398349 0.31002
-97.0152 -9.44357 91.895 -0.95169 0.00369976 0.307038
-97.0784 -8.19502 91.7116 -0.952352 -0.00789165 0.304899
-97.0841 -6.48684 91.7206 -0.950263 -0.00676717 0.311308
-97.1213 -5.33176 91.6548 -0.948845 -0.0107561 0.315549
-97.2325 -4.15462 91.3659 -0.947369 -0.0137695 0.319846
-97.1846 -2.64667 91.5687 -0.947377 -0.012405 0.31988
-97.0323 -1.91142 92.047 -0.949436 -0.0203119 0.313109
-96.7614 -5.47866 92.7326 -0.953956 -0.00567581 0.299426
-96.6774 -6.74811 92.9983 -0.958492 -0.00310584 0.285101
-96.6362 -8.01674 93.1107 -0.956032 -0.0095893 0.29307
-96.6553 -9.69735 93.0196 -0.954258 -0.00448026 0.298925
-96.7785 -8.71272 92.6446 -0.953099 -0.00421431 0.302628
-96.8406 -7.67864 92.4689 -0.951963 -0.00447602 0.306153
-96.8264 -6.0576 92.521 -0.950798 -0.00749854 0.309668
-96.8316 -5.84178 92.5139 -0.949454 -0.00952418 0.313741
-96.7603 -20.7935 92.5123 -0.947381 -0.0151946 0.319742
-96.7216 -22.0091 92.5609 -0.947111 -0.0198244 0.32029
-96.5127 -21.2953 93.2203 -0.9464 -0.0175434 0.322522
-96.5493 -20.7989 93.1398 -0.947098 -0.0168901 0.320491
-96.6635 -22.8887 92.6795 -0.947664 -0.020095 0.318636
-96.6234 -23.1782 92.7807 -0.947854 -0.0084715 0.31837
-96.5705 -30.0082 92.5335 -0.942541 -0.0411049 0.331261
-96.8919 -30.7204 91.5122 -0.946965 -0.0436373 0.318361
-97.1432 -31.8434 90.7021 -0.935436 -0.0320429 0.351774
-97.2633 -32.8003 90.2615 -0.934347 -0.0453706 0.353464
-97.4229 -34.5405 89.7412 -0.917535 -0.0383346 0.395803
-97.38 -34.7511 89.8178 -0.914091 -0.0456353 0.402931
-96.9188 -34.0222 90.9604 -0.92221 -0.0724971 0.37874
-96.5327 -33.0381 92.1536 -0.930633 -0.0760135 0.357406
-96.4765 -31.6544 92.541 -0.939142 -0.0490566 0.340009
-96.6073 -30.6332 92.3373 -0.939056 -0.0521475 0.339784
-96.8624 -31.7289 91.4608 -0.943021 -0.0485225 0.328957
-97.0117 -32.6516 90.9457 -0.934402 -0.0454939 0.353304
-96.8595 -31.7616 91.4638 -0.938447 -0.0451395 0.342426
-96.8598 -31.745 91.4653 -0.939397 -0.0506221 0.339064
-97.8177 -36.0324 88.7518 -0.890244 -0.0395939 0.453107
-98.243 -36.8541 87.8342 -0.89089 -0.0157602 0.453556
-98.8301 -37.7701 86.7607 -0.881788 0.0184483 0.471284
-98.8919 -38.9851 86.7004 -0.877801 0.0233003 0.478436
-98.7928 -40.1121 86.9296 -0.875781 0.0212005 0.482243
-98.5357 -39.5219 87.3712 -0.876588 0.0189355 0.480862
-98.1642 -38.3785 88.0148 -0.878421 0.0137125 0.477691
-98.0513 -37.1294 88.1854 -0.879233 -0.020235 0.474661
-97.8978 -36.3206 88.568 -0.881074 -0.0550716 0.469762
-97.8939 -36.2976 88.5779 -0.881123 -0.0550177 0.469676
