-97.854 44.8299 95.7092 -0.95312 -0.00647368 0.302524
-97.8449 43.8102 95.7159 -0.952815 -0.00766254 0.303449
-97.8166 42.8005 95.7668 -0.953708 -0.0158347 0.300318
-97.6458 43.1752 96.3208 -0.952532 -0.00895124 0.304307
-97.644 44.322 96.3598 -0.952844 -0.00772285 0.303358
-97.7022 45.3933 96.1987 -0.953117 -0.00564897 0.302548
-97.8506 45.1304 95.7262 -0.953107 -0.00599331 0.302573
-98.0604 45.1568 95.0673 -0.952463 -0.00593464 0.304596
-98.0625 43.5978 95.0277 -0.953472 -0.0124456 0.301146
-98.0295 42.5465 95.0753 -0.954955 -0.0159537 0.296322
-97.884 41.6137 95.4896 -0.954706 -0.0107282 0.297293
-97.4693 42.3027 96.8487 -0.955095 -0.00537975 0.296241
-97.4397 43.5368 96.9791 -0.955497 -0.00852975 0.294878
-97.4682 44.8151 96.9246 -0.952844 -0.00772285 0.303358
-97.5197 45.9536 96.7868 -0.954151 -0.00712743 0.29924
-97.7939 46.5142 95.9305 -0.952957 -0.00586981 0.303049
-98.0299 45.8998 95.1775 -0.952761 -0.00615243 0.303657
-98.0572 45.4256 95.0822 -0.952642 -0.0058437 0.304037
-98.2557 45.7695 94.4669 -0.952569 -0.00550122 0.304272
-98.2639 43.9512 94.4045 -0.953498 -0.011647 0.301124
-98.2455 42.9053 94.3994 -0.953844 -0.0169549 0.299822
-98.1398 41.2255 94.6561 -0.954356 -0.0107971 0.298472
-97.7734 40.7569 95.832 -0.956381 -0.00833045 0.292002
-97.4808 40.8769 96.7858 -0.9551 -0.00540808 0.296227
-97.301 41.6777 97.3757 -0.954423 -0.00543586 0.298407
-97.2527 42.9096 97.5667 -0.955372 -0.00918332 0.295261
-97.2529 44.0125 97.5981 -0.955513 -0.00842181 0.29483
-97.2721 45.0538 97.5423 -0.952464 -0.00469269 0.304549
-97.3278 46.2111 97.405 -0.954133 -0.00706229 0.2993
-97.4941 47.0989 96.8898 -0.954192 0.00234383 0.299185
-97.8524 47.2747 95.7684 -0.951352 -0.00687164 0.307982
-98.1944 46.6873 94.677 -0.952687 -0.00795147 0.303843
-98.2539 46.1703 94.4799 -0.952668 -0.00582481 0.303958
-98.4602 45.9379 93.83 -0.95263 -0.00544628 0.304083
-98.4565 44.4569 93.811 -0.95282 -0.00672881 0.30346
-98.4525 43.3656 93.7697 -0.953945 -0.0174908 0.299469
-98.4311 42.246 93.7721 -0.953936 -0.0153441 0.299615
-98.3663 40.9509 93.9224 -0.954265 -0.0107994 0.298763
-98.0405 40.1019 94.9385 -0.955477 -0.00880927 0.294915
-97.5043 40.0619 96.6948 -0.956095 -0.00667752 0.292976
-97.1774 40.3315 97.7236 -0.950986 -0.0195807 0.308612
-97.0634 41.5538 98.1316 -0.954582 -0.00799064 0.297827
-97.0588 42.6241 98.1834 -0.955202 -0.00980209 0.295793
-97.0616 43.7608 98.21 -0.954235 -0.00376799 0.29897
-97.0711 45.0843 98.175 -0.953068 0.001389 0.302752
-97.1016 46.1807 98.111 -0.951831 -0.0104892 0.306444
-97.143 47.2201 98.0084 -0.951591 0.00720426 0.307268
-97.3978 47.883 97.1896 -0.954031 0.00189234 0.2997
-97.9027 47.9741 95.6229 -0.950165 -0.00304972 0.311731
-98.2162 47.8025 94.6448 -0.952949 -0.0095702 0.302977
-98.4536 46.9633 93.8718 -0.952811 -0.00847782 0.303444
-98.46 46.5732 93.8418 -0.952633 -0.00659196 0.304049
-98.6684 46.6751 93.1917 -0.952751 -0.00756756 0.303657
-98.666 45.5642 93.185 -0.951341 -0.00327704 0.308123
-98.6546 44.5172 93.2018 -0.951047 -0.0116131 0.308783
-98.644 43.3501 93.1695 -0.951121 -0.0174603 0.308323
-98.6459 42.1606 93.1004 -0.951288 -0.014381 0.307968
-98.5914 41.0719 93.2186 -0.952519 -0.0173845 0.303935
-98.5128 40.034 93.4113 -0.955064 -0.0145028 0.296036
-98.2576 39.4945 94.2246 -0.95537 -0.0094146 0.295247
-97.87 39.3552 95.4773 -0.956492 -0.00742062 0.291665
-97.4155 39.3556 96.9518 -0.952129 -0.00952921 0.305472
-97.1034 39.4338 97.9043 -0.950175 -0.0086487 0.311596
-96.8856 40.1773 98.6118 -0.95035 -0.0199343 0.310542
-96.8619 41.5162 98.772 -0.951704 -0.0164189 0.306503
-96.866 42.5976 98.7962 -0.952748 -0.0101645 0.303592
-96.868 43.6495 98.8176 -0.951852 -0.00201214 0.306538
-96.8617 45.0199 98.8343 -0.952717 0.0010988 0.303855
-96.8971 46.3321 98.7439 -0.949692 -0.00574127 0.313133
-96.9279 47.5881 98.6609 -0.950602 0.0064775 0.310343
-97.1069 48.3891 98.0917 -0.951997 0.00736574 0.306015
-97.4735 48.566 96.9462 -0.952958 0.00356443 0.303053
-97.849 48.6788 95.7906 -0.950213 0.00314432 0.311584
-98.2077 48.6142 94.6933 -0.952275 -0.00104598 0.305202
-98.4969 48.3482 93.7763 -0.953235 -0.00679883 0.302148
-98.6602 47.3413 93.2337 -0.952904 -0.00758867 0.303177
-98.9047 47.2644 92.4625 -0.95278 -0.00431371 0.303609
-98.8995 45.7919 92.4662 -0.951098 -0.0018325 0.308883
-98.8991 44.3016 92.4324 -0.951575 -0.0165794 0.306968
-98.8866 43.1117 92.4068 -0.951483 -0.0168568 0.307239
-98.8554 41.9661 92.4434 -0.952489 -0.0181031 0.303989
-98.8025 40.6911 92.5215 -0.95373 -0.021183 0.299917
-98.7341 39.4793 92.6706 -0.955204 -0.0129874 0.295645
-98.5169 38.7668 93.3527 -0.958919 -0.00594141 0.283453
-98.1326 38.4912 94.6095 -0.95497 -0.00108744 0.296695
-97.7097 38.4838 95.9809 -0.95533 -0.00918487 0.295368
-97.333 38.4745 97.1821 -0.952001 -0.00916521 0.305871
-96.9936 38.5631 98.2126 -0.949113 -0.0100477 0.314776
-96.7183 39.1824 99.0679 -0.950074 -0.0140549 0.311694
-96.5924 40.5406 99.528 -0.950152 -0.0210175 0.311073
-96.61 41.5785 99.5492 -0.950513 -0.0224457 0.309873
-96.6274 42.6122 99.5455 -0.952091 -0.00740904 0.305703
-96.6375 43.7158 99.5308 -0.95142 -0.00464246 0.307862
-96.6418 44.7223 99.522 -0.953188 -0.00347961 0.302322
-96.6894 46.4081 99.3753 -0.952348 -0.00133171 0.304867
-96.6165 47.4404 99.617 -0.950066 0.000259207 0.311976
-96.6598 48.4496 99.4586 -0.949743 0.00957316 0.312884
-96.9906 49.4522 98.4239 -0.950662 0.00874047 0.310089
-97.4563 49.5106 96.9904 -0.951403 0.000227196 0.307943
-97.8255 49.4209 95.8561 -0.950882 -0.000260521 0.309552
-98.1689 49.4412 94.8064 -0.951173 0.00303447 0.308644
-98.6568 49.2172 93.2853 -0.954015 -0.00337762 0.299726
-98.8966 48.4457 92.5091 -0.954627 -0.00223726 0.297794
-98.8952 47.9491 92.5099 -0.953941 -0.00494013 0.299934
