-50.8116 15.9634 20.0108 -0.53713 0.0101994 0.843438
-50.4843 14.8074 20.2275 -0.534798 -0.00315387 0.844973
-49.7876 14.9719 20.6814 -0.557286 0.00672679 0.830293
-49.8598 15.9772 20.6262 -0.551203 0.00264309 0.834339
-50.0064 17.1721 20.53 -0.547292 0.00608484 0.836898
-49.8716 18.1822 20.6055 -0.555333 0.00594612 0.831607
-50.4622 17.3147 20.2289 -0.54861 0.0117347 0.835996
-50.7568 16.2963 20.0416 -0.54149 0.00544052 0.84066
-51.2957 16.696 19.6924 -0.541251 0.0103183 0.840796
-50.9679 17.7848 19.892 -0.540946 0.00882087 0.841011
-50.6552 18.8815 20.0814 -0.542302 0.0141717 0.840047
-50.6364 20.5647 20.0855 -0.559122 0.00156404 0.829084
-50.5428 21.8018 20.1439 -0.559239 0.00366688 0.828998
-50.534 23.3298 20.1249 -0.554739 0.0174958 0.83184
-49.7969 22.9709 20.6239 -0.553898 0.0144617 0.832455
-49.2723 21.5839 20.9921 -0.553828 0.011296 0.832554
-49.2951 20.3798 20.9822 -0.551929 0.00176759 0.833889
-49.2123 18.5526 21.0431 -0.55534 0.00596568 0.831602
-49.2672 17.375 21.0164 -0.559595 0.00536605 0.828744
-49.1956 15.7724 21.0724 -0.556886 0.00469077 0.830576
-49.2137 14.6377 21.0691 -0.557035 0.00717058 0.830458
-49.6668 13.2377 20.7745 -0.55697 0.00441935 0.83052
-50.5773 13.5013 20.1691 -0.538694 0.00500131 0.842368
-51.0838 14.2999 19.8458 -0.529118 0.0019846 0.848507
-51.4164 15.5673 19.6303 -0.539442 0.0100293 0.84196
-51.4303 15.798 19.6183 -0.541723 0.0118353 0.840474
-52.0768 15.953 19.1994 -0.541606 0.0117811 0.84055
-51.9892 14.5624 19.2786 -0.535661 0.0136645 0.844315
-51.5777 13.6873 19.5474 -0.525461 0.00929726 0.850767
-50.8394 12.634 20.018 -0.528366 0.0125208 0.848924
-50.215 11.9543 20.4156 -0.540979 0.000277359 0.840966
-49.2778 12.4484 21.038 -0.555702 0.00278067 0.831377
-48.7994 13.2678 21.3554 -0.55657 0.00220299 0.830798
-48.5772 14.3657 21.4987 -0.557595 0.00728319 0.830081
-48.5533 15.4423 21.5055 -0.557516 0.0070021 0.830137
-48.5935 16.5338 21.4741 -0.559988 0.00262659 0.828497
-48.6042 17.745 21.4608 -0.560876 0.00896998 0.82785
-48.5962 19.2959 21.4506 -0.564132 0.00618628 0.825641
-48.5751 20.5954 21.4607 -0.567352 0.00248957 0.823472
-48.6536 22.0643 21.3998 -0.566494 0.00640033 0.823965
-48.9457 23.1298 21.1993 -0.571845 0.0048692 0.820306
-49.6285 24.0919 20.719 -0.5641 0.00762139 0.825671
-51.0819 24.3413 19.7507 -0.545383 0.0151675 0.838049
-51.2697 23.3762 19.6425 -0.544592 0.011537 0.838622
-51.2273 22.1845 19.6801 -0.54711 -0.000743049 0.836919
-51.2455 20.6715 19.6753 -0.558304 0.00241824 0.829632
-51.3113 19.6493 19.6389 -0.542776 0.018918 0.839665
-51.4608 18.6096 19.5658 -0.542281 0.0196238 0.839968
-51.7428 17.4881 19.3967 -0.539487 0.00745721 0.841961
-52.0169 16.45 19.2313 -0.5407 0.00891294 0.841168
-52.0342 16.3749 19.221 -0.541042 0.0103889 0.84093
-52.5613 17.0313 18.8752 -0.5407 0.00891294 0.841168
-52.2755 18.0413 19.0504 -0.539487 0.00745721 0.841961
-52.023 19.3418 19.1857 -0.542281 0.0196238 0.839968
-51.9034 20.4676 19.2423 -0.523404 0.00945723 0.85203
-51.896 22.1253 19.2559 -0.535166 -0.00659298 0.844721
-51.9599 23.2341 19.2001 -0.538555 0.016724 0.842425
-51.9393 24.2676 19.1947 -0.538762 0.009727 0.842357
-51.3512 25.3756 19.5574 -0.538412 0.0107472 0.842567
-50.4926 25.4661 20.1236 -0.559372 0.00384964 0.828907
-49.6052 25.044 20.7271 -0.563745 0.00592642 0.825927
-48.7359 24.2389 21.3278 -0.568451 0.0108171 0.822624
-48.2087 23.1193 21.7136 -0.572637 0.00501877 0.819762
-47.9484 21.6893 21.8939 -0.575378 -0.000530429 0.817888
-47.9033 20.4639 21.9257 -0.574939 -5.61796e-05 0.818196
-47.9647 19.3726 21.8867 -0.568603 0.00397059 0.822603
-47.9772 17.5681 21.889 -0.566224 0.00728 0.824201
-47.9328 16.0808 21.9339 -0.575101 0.00802685 0.818043
-47.904 15.046 21.9516 -0.573047 -0.00757616 0.819487
-47.9402 13.9062 21.9308 -0.557768 0.00463514 0.82998
-48.3285 12.5038 21.673 -0.55684 0.00200788 0.830617
-49.4645 11.1518 20.9153 -0.555638 0.000120748 0.831424
-50.3799 10.7616 20.3231 -0.545993 0.010979 0.837718
-50.9052 11.5771 19.9717 -0.540979 0.000277359 0.840966
-51.7876 12.7007 19.4229 -0.531661 -0.0105588 0.846869
-52.3032 13.4949 19.0923 -0.534949 0.00963813 0.844829
-52.7782 14.7262 18.7725 -0.5378 0.0173963 0.842893
-52.7937 16.0177 18.7367 -0.539544 0.0142234 0.841831
-52.7931 16.0237 18.737 -0.541042 0.0103889 0.84093
-53.3722 16.6249 18.3948 -0.505977 0.00329318 0.86253
-53.5672 15.6265 18.2883 -0.502799 0.00536082 0.864386
-53.351 13.9618 18.4229 -0.519923 0.0106219 0.853863
-52.8878 13.0692 18.7272 -0.534882 0.0100146 0.844868
-52.0845 11.9519 19.2302 -0.52429 -0.00946413 0.851486
-51.2915 10.7932 19.7304 -0.542937 0.00971293 0.839714
-50.8735 9.91474 20.0127 -0.542317 0.0136879 0.840051
-50.2247 9.21806 20.4331 -0.53519 0.00866521 0.844687
-49.6296 9.88649 20.8184 -0.543279 -0.00106118 0.839552
-48.7274 10.849 21.4077 -0.55899 0.00183807 0.829159
-47.8623 11.8162 21.9905 -0.565242 0.00126364 0.824908
-47.3518 13.0969 22.335 -0.569 0.00810132 0.822297
-47.2532 14.5969 22.4022 -0.578272 -0.0059748 0.815793
-47.2858 15.8578 22.3912 -0.57408 0.000240888 0.818761
-47.3439 17.2858 22.3415 -0.580672 0.00256843 0.814133
-47.3471 18.4869 22.3268 -0.581012 0.00812571 0.813849
-47.2855 20.0978 22.3599 -0.578804 0.00176054 0.815461
-47.2629 21.1608 22.3789 -0.584285 -0.00458193 0.811529
-47.3368 22.2292 22.3286 -0.586664 -0.00364017 0.809822
-47.5345 23.2319 22.1885 -0.586962 0.00209769 0.809608
-47.872 24.1545 21.9387 -0.588041 0.00319043 0.808825
-48.3437 24.9679 21.591 -0.578725 0.00787683 0.815378
-49.5026 25.9326 20.7906 -0.562011 0.00498115 0.827111
-50.421 26.3396 20.156 -0.562484 0.028948 0.826301
-51.3793 26.4066 19.5261 -0.535402 0.0129509 0.844489
-52.3375 25.7884 18.9342 -0.532586 0.0107556 0.846293
-52.649 24.859 18.7459 -0.526889 0.0103242 0.849871
-52.6418 23.3667 18.766 -0.526405 0.00739568 0.850202
-52.5604 22.2941 18.8353 -0.537263 0.00565789 0.843317
-52.5584 20.88 18.8365 -0.523387 0.00781078 0.852059
-52.7218 19.2699 18.7549 -0.523707 0.0115776 0.85182
-53.0678 17.7326 18.5731 -0.51197 0.00889165 0.858918
-53.3599 16.6781 18.402 -0.508524 0.000513812 0.861048
-53.9645 17.1458 18.0454 -0.491168 0.0131862 0.870931
-53.6483 18.1623 18.2155 -0.516238 0.016183 0.856292
-53.3484 19.5779 18.3665 -0.519121 0.0148174 0.854554
-53.2134 20.8097 18.4345 -0.522967 0.00878871 0.852306
-53.2106 22.0113 18.4248 -0.516059 0.00562323 0.856484
-53.2842 23.1985 18.3695 -0.511264 0.0119692 0.859336
-53.3518 24.7208 18.3118 -0.52517 0.0115857 0.850915
-53.241 25.7672 18.3659 -0.533705 0.0156062 0.845524
-52.6303 26.7482 18.7312 -0.533411 0.0195805 0.845628
-51.5295 27.2699 19.4086 -0.538598 0.0304501 0.841919
-50.39 27.2132 20.1461 -0.551309 0.0220176 0.83385
-49.1765 26.6733 21.003 -0.572953 0.0204224 0.819332
-47.9866 25.7253 21.8373 -0.569548 0.00196334 0.821955
-47.4452 24.8576 22.2463 -0.587861 0.00868751 0.808894
-47.0187 23.8865 22.5607 -0.586841 0.00219854 0.809697
-46.7643 22.876 22.7452 -0.586679 0.00143729 0.809817
-46.6447 21.7435 22.8285 -0.588302 -0.00664046 0.808609
-46.6402 20.6607 22.8216 -0.585699 -0.0078302 0.810491
-46.6985 19.4132 22.7812 -0.583718 0.00934095 0.811902
-46.7235 18.2339 22.7769 -0.583192 0.0104014 0.812267
-46.7001 16.9933 22.8016 -0.583739 0.00370407 0.811923
-46.6318 15.5374 22.8537 -0.584346 -0.00397255 0.811495
-46.594 14.2004 22.8741 -0.58379 -0.00412077 0.811894
-46.6546 12.9902 22.8186 -0.576034 0.000382788 0.817339
-46.9262 11.9571 22.6378 -0.568351 -0.00141158 0.822785
-47.9417 10.586 21.9433 -0.561698 0.00428276 0.827331
-48.5883 9.95323 21.4905 -0.550551 -0.0128577 0.834561
-49.5872 8.74817 20.8443 -0.542054 -0.00182525 0.84034
-50.1189 7.88955 20.5023 -0.530582 -0.00839999 0.847592
-51.1031 6.64648 19.8606 -0.539779 -0.0184136 0.841605
-51.1015 7.89341 19.8878 -0.534985 -0.0122362 0.844742
-51.3027 9.05833 19.7504 -0.537567 0.0101123 0.843161
-51.7772 10.2491 19.4265 -0.5387 0.0151031 0.84236
-52.7918 11.7412 18.7923 -0.518922 -0.00312564 0.85476
-53.4231 12.5583 18.4092 -0.499163 0.0177393 0.866325
-54.1943 13.9738 17.9521 -0.486594 0.0115543 0.873534
-54.3487 15.2582 17.845 -0.488704 0.00657662 0.872403
-54.1797 16.2362 17.9361 -0.493801 0.00409374 0.869564
-54.1127 16.5444 17.9732 -0.495412 0.0105945 0.86856
-54.8285 16.6391 17.5715 -0.481998 0.0103337 0.876111
-54.371 18.1617 17.7996 -0.483426 0.0166001 0.875226
-53.9725 19.8748 17.9957 -0.487751 0.0190557 0.872727
-53.8672 20.923 18.0416 -0.50789 0.0044869 0.86141
-53.862 21.9485 18.0404 -0.509371 0.00639281 0.860516
-53.949 23.0438 17.9759 -0.513072 0.0148739 0.858215
-54.0591 24.3028 17.8765 -0.524548 0.0267234 0.85086
-54.0888 25.3813 17.8378 -0.533839 0.0150449 0.84545
-53.8379 26.4112 17.975 -0.534239 0.0178445 0.845145
-53.1 27.4156 18.4173 -0.534307 0.0248395 0.844926
-52.2269 27.9388 18.9505 -0.52909 0.032476 0.847944
-51.0399 28.1566 19.6915 -0.543238 0.038785 0.838682
-50.0817 27.993 20.3379 -0.571309 0.0122613 0.820643
-49.2378 27.6189 20.9355 -0.574499 0.0208589 0.81824
-48.2752 27.0642 21.6215 -0.57218 0.0199467 0.819885
-47.1449 25.875 22.4474 -0.588554 0.0140269 0.808336
-46.5022 24.5055 22.9331 -0.587674 0.00437408 0.809086
-46.2102 23.5035 23.149 -0.606208 -0.00334404 0.795299
-46.04 22.3194 23.2739 -0.605861 -0.00373009 0.795561
-45.9968 21.156 23.2962 -0.607119 -0.00770326 0.794574
-46.0363 20.0846 23.2566 -0.605934 -0.00791311 0.795475
-46.0861 19.0743 23.2284 -0.59187 0.0107404 0.805962
-46.0866 17.4659 23.2435 -0.587623 0.00376789 0.809125
-46.0216 16.2734 23.2972 -0.585463 4.85636e-05 0.810686
-45.9573 14.6921 23.3348 -0.584168 -0.00439857 0.811621
-45.9425 13.6829 23.3364 -0.582642 -0.00830828 0.812686
-46.0402 12.4713 23.2543 -0.581789 -0.0102685 0.813271
-46.3385 11.4721 23.0437 -0.57002 -0.00351766 0.821614
-46.9092 10.5677 22.6446 -0.566559 -0.0110999 0.823923
-47.5428 9.90525 22.1967 -0.560456 -0.0226996 0.827873
-48.608 8.85725 21.475 -0.543206 0.000602662 0.839597
-49.1759 8.05767 21.1091 -0.543158 -0.00150468 0.839624
-49.7002 6.8633 20.7631 -0.546847 -0.000269906 0.837221
-49.7155 5.46782 20.7651 -0.548042 0.00884046 0.836404
-49.4298 4.45217 20.9622 -0.558667 0.00185318 0.829388
-48.9934 3.56035 21.2297 -0.536008 -0.0111239 0.844139
-48.428 2.61463 21.5826 -0.552444 -0.00187532 0.833539
-47.9346 1.73619 21.9035 -0.552506 -0.00579793 0.833489
-47.5347 0.0439804 22.168 -0.566317 -0.00549244 0.824169
-47.5898 -0.983472 22.1327 -0.552677 0.00209174 0.833393
-48.2963 -2.56388 21.6663 -0.549981 0.00352886 0.83516
-49.0175 -3.29896 21.1979 -0.546262 -0.000103679 0.837615
-49.8406 -3.86921 20.659 -0.545909 -0.00353787 0.837832
-51.2274 -4.40486 19.7592 -0.541961 -0.000666077 0.840398
-52.1258 -4.53584 19.2173 -0.510066 -0.00296788 0.860129
-53.2901 -4.56473 18.5355 -0.500744 -0.0035271 0.865588
-54.5043 -4.4369 17.8347 -0.499075 -0.00164518 0.866543
-55.6485 -4.02009 17.1755 -0.494182 -0.00562179 0.869306
-56.4128 -3.45036 16.7663 -0.478607 -0.0173914 0.877857
-57.2294 -2.43082 16.3325 -0.46875 -0.000582836 0.883328
-57.7516 -1.2688 16.0527 -0.475168 0.00784422 0.879827
-57.8141 -0.0725019 16.0039 -0.482358 0.00779508 0.87594
-57.4432 1.33891 16.1933 -0.472751 0.00230635 0.881163
-56.9531 2.24239 16.4628 -0.479027 -0.00289482 0.877794
-56.3082 2.99728 16.8151 -0.480645 -0.00303177 0.876904
-55.3438 3.67219 17.347 -0.483389 0.00474821 0.875392
-54.2842 4.16257 17.9556 -0.504159 -0.00342752 0.863604
-53.4282 4.53814 18.4577 -0.51113 0.00328396 0.859493
-52.5188 5.23749 18.9842 -0.507876 0.0136922 0.86132
-51.928 6.08652 19.3228 -0.524617 -0.00035503 0.851085
-51.747 7.20934 19.4597 -0.543583 -0.0165145 0.839182
-51.8537 8.3422 19.4073 -0.546188 -0.0124865 0.837569
-52.3676 9.8814 19.0555 -0.526906 0.0106917 0.849704
-52.9123 10.7412 18.7254 -0.513701 0.00420996 0.857959
-53.6682 11.6905 18.2753 -0.503128 -0.0056584 0.86418
-54.405 12.6926 17.8436 -0.491578 0.0115835 0.870721
-55.0426 14.1364 17.4782 -0.485826 0.011369 0.873966
-55.1445 15.2035 17.4103 -0.476821 0.00845448 0.878959
-54.9711 16.2126 17.4984 -0.480116 0.00671912 0.877167
-55.5358 16.8547 17.1785 -0.500325 0.0101162 0.865778
-55.1312 18.1388 17.3816 -0.481162 0.0176083 0.876454
-54.755 19.3602 17.5684 -0.482799 0.0132725 0.87563
-54.5464 20.6866 17.6474 -0.487879 0.0278288 0.872467
-54.524 22.1481 17.6466 -0.508678 0.00870506 0.860913
-54.678 23.5823 17.5302 -0.506346 0.0171808 0.862142
-54.7908 24.8772 17.4145 -0.499403 0.0229491 0.865956
-54.6642 26.0862 17.4595 -0.509873 0.0161814 0.859628
-54.2829 27.21 17.6749 -0.52804 0.0132631 0.849062
-53.1922 28.3391 18.3351 -0.520338 0.0124039 0.853843
-52.1572 28.8408 18.9646 -0.523338 0.0094214 0.852073
-51.2447 29.0369 19.5232 -0.527351 0.00587909 0.849608
-50.1199 28.8636 20.2986 -0.571062 0.0118057 0.820822
-49.1914 28.5299 20.9504 -0.572393 0.0126688 0.819881
-48.0194 27.886 21.7897 -0.58417 0.00679673 0.811602
-47.0695 27.0125 22.4914 -0.596432 0.00976853 0.802603
-46.3846 25.9859 23.0146 -0.599897 0.00659668 0.800035
-45.9899 24.9915 23.3214 -0.60836 0.00260148 0.793657
-45.6699 24.0036 23.5629 -0.606208 -0.00334404 0.795299
-45.425 22.8074 23.7442 -0.605626 -0.00446223 0.795737
-45.3668 21.7291 23.782 -0.604437 -0.00551016 0.796633
-45.4045 20.5096 23.7423 -0.60671 -0.00838945 0.794879
-45.4512 19.4399 23.6947 -0.606483 -0.00890201 0.795046
-45.472 18.4397 23.6887 -0.592851 0.00590926 0.805271
-45.385 16.5962 23.7566 -0.587856 0.00296598 0.808958
-45.3324 15.208 23.7912 -0.590216 -0.00259209 0.807241
-45.2785 13.8899 23.8142 -0.584459 -0.0111759 0.811337
-45.317 12.8109 23.7762 -0.585045 -0.0050027 0.81098
-45.5161 11.6125 23.6158 -0.589243 -0.0149834 0.8078
-45.9467 10.5767 23.3066 -0.566401 -0.0127938 0.824025
-46.5382 9.81985 22.884 -0.566597 -0.017436 0.823811
-47.4634 8.94188 22.2307 -0.565614 -0.000550871 0.824532
-48.2055 8.20656 21.7375 -0.553433 0.00930136 0.832726
-48.7317 7.36623 21.3974 -0.545865 -0.000755528 0.837868
-49.0987 6.3109 21.1604 -0.548777 0.00647527 0.835941
-48.9426 5.16625 21.2748 -0.541927 0.00356931 0.840369
-48.1705 3.49865 21.7513 -0.535945 -0.0111909 0.844179
-47.6285 2.62542 22.1125 -0.552342 -0.00145441 0.833606
-47.1722 1.7489 22.4152 -0.566667 0.006464 0.823921
-46.848 0.355842 22.6417 -0.566336 -0.00585053 0.824154
-46.832 -0.940637 22.6523 -0.579309 0.00360018 0.815099
-47.3657 -2.58864 22.2977 -0.565499 0.00942421 0.824695
-48.3291 -3.68759 21.6482 -0.55242 0.00231395 0.833562
-49.16 -4.33481 21.1029 -0.549045 -0.00426435 0.835781
-50.4758 -4.98267 20.2431 -0.541717 -0.00169617 0.840555
-51.4327 -5.25978 19.6292 -0.526435 0.00038486 0.85005
-52.8917 -5.35476 18.7656 -0.504098 0.0013103 0.863637
-54.0614 -5.34329 18.0929 -0.502543 0.00395487 0.864524
-55.0136 -5.17217 17.5347 -0.500913 -0.00615568 0.865476
-56.3745 -4.47569 16.7674 -0.487089 -0.00477592 0.873339
-57.1438 -3.85658 16.3601 -0.476963 -0.0177659 0.878743
-57.9813 -2.65032 15.9304 -0.477012 -0.0170579 0.878731
-58.5129 -1.32064 15.6379 -0.479181 0.013575 0.877611
-58.6127 -0.195648 15.5654 -0.480605 0.0110736 0.87686
-58.3948 0.848961 15.6773 -0.476096 -0.00304987 0.879388
-57.844 2.27569 15.954 -0.480029 0.0244087 0.876693
-57.2642 3.16266 16.2712 -0.499061 0.0138823 0.866456
-56.0968 4.164 16.9275 -0.485038 0.00564861 0.874474
-55.2821 4.63412 17.375 -0.493816 0.000625803 0.869474
-54.3361 4.95666 17.9265 -0.503018 0.00921985 0.864227
-53.0833 5.68256 18.6477 -0.502644 0.00966939 0.864439
-52.4681 6.59896 18.9987 -0.507911 0.00477921 0.86139
-52.4092 7.65165 19.0348 -0.546188 -0.0124865 0.837569
-52.6218 8.77249 18.9129 -0.541813 -0.00120966 0.840406
-53.1024 9.81007 18.6157 -0.513836 0.00467789 0.857875
-53.7068 10.6128 18.2502 -0.513734 0.00357412 0.857942
-54.366 11.3657 17.8715 -0.502702 -0.00734678 0.864428
-55.0837 12.3438 17.4537 -0.5143 0.000749412 0.85759
-55.601 13.4403 17.1476 -0.516538 -0.0034618 0.856257
-55.8933 14.4332 16.9803 -0.511815 -0.00352296 0.859075
-55.8661 15.6097 16.9929 -0.506813 0.000317622 0.862035
-55.7959 16.1068 17.0365 -0.501822 0.00235592 0.864937
-56.5416 15.9172 16.5987 -0.506952 -0.00549347 0.861956
-56.7664 14.7907 16.4651 -0.48136 -0.000627444 0.876513
-56.1999 13.0087 16.7838 -0.515989 -0.00527748 0.856573
-55.5149 11.5763 17.2011 -0.51495 0.00420774 0.857208
-54.8217 10.762 17.6013 -0.502819 -0.00715125 0.864362
-54.1164 10.0123 18.0115 -0.505927 0.00462443 0.862547
-53.602 9.17425 18.3236 -0.510478 0.00774124 0.859856
-53.1193 7.95275 18.6163 -0.508148 0.000222436 0.861262
-53.1807 6.70452 18.5794 -0.502921 0.00461288 0.864305
-53.908 6.07174 18.1638 -0.502706 0.0094066 0.864406
-54.7488 5.59349 17.6796 -0.502726 0.00935602 0.864395
-55.6681 5.50262 17.1578 -0.487502 0.000257998 0.873107
-56.545 4.78884 16.6756 -0.486106 0.00527685 0.873883
-57.403 4.21718 16.1884 -0.501633 -0.00312268 0.865071
-58.0654 3.36808 15.8068 -0.482946 0.0189271 0.875249
-58.6156 2.43821 15.5443 -0.462953 0.0299197 0.885876
-58.9417 1.55541 15.3837 -0.476096 -0.00304977 0.879388
-59.4704 0.241848 15.1055 -0.457717 0.00360137 0.88909
-59.3001 -0.789106 15.2047 -0.469153 0.0157683 0.882976
-59.1126 -2.1153 15.3269 -0.473474 -0.00315701 0.880604
-58.5592 -3.16753 15.6061 -0.477317 -0.0175659 0.878555
-57.8083 -4.33857 15.991 -0.47493 -0.0173033 0.879853
-57.0099 -4.96356 16.4108 -0.482619 -0.0112253 0.875722
-56.2587 -5.48393 16.8266 -0.487895 -0.00415443 0.872892
-55.4581 -5.92237 17.273 -0.490971 0.00334333 0.87115
-54.5018 -6.11853 17.8371 -0.507183 0.00389124 0.86183
-53.376 -6.13969 18.4887 -0.496174 0.0040715 0.868213
-52.4788 -6.30882 19.004 -0.506316 -0.00641499 0.86228
-51.4793 -6.06163 19.6025 -0.52528 0.00231769 0.850789
-49.9535 -5.68312 20.5777 -0.541494 -0.00432926 0.840687
-48.9827 -5.26513 21.213 -0.546889 -0.00791807 0.837166
-48.248 -4.65957 21.7025 -0.551443 -0.00564951 0.834185
-47.4982 -4.07221 22.2037 -0.567375 -0.00204566 0.823452
-46.6012 -2.70778 22.8237 -0.565449 0.00230693 0.824745
-46.198 -1.36329 23.1039 -0.579742 0.00180092 0.814798
-46.0987 -0.461674 23.1703 -0.579621 0.00575192 0.814865
-46.1597 0.746774 23.12 -0.580062 0.00382328 0.814563
-46.3559 1.72637 22.9809 -0.580436 -0.00176994 0.814304
-46.7515 2.66087 22.702 -0.580365 -0.00130232 0.814355
-47.374 3.46163 22.2785 -0.552204 0.00254792 0.833705
-47.9072 4.39928 21.9302 -0.535796 -0.00721498 0.844308
-48.3834 6.09585 21.6321 -0.542939 0.00369802 0.839721
-47.9719 7.29765 21.9101 -0.562044 0.00455708 0.827061
-47.367 8.05149 22.3125 -0.565874 0.0148177 0.824357
-46.3358 8.92437 23.0045 -0.565953 -0.00161127 0.824293
-45.6488 9.70487 23.4945 -0.567431 -0.0173414 0.823238
-45.0962 10.4594 23.8936 -0.595661 -0.00618468 0.80313
-44.7894 11.8368 24.1483 -0.588129 -0.0194741 0.808532
-44.6291 13.1322 24.2749 -0.593437 -0.00668804 0.804823
-44.6418 14.1998 24.2802 -0.586554 -0.0128513 0.809807
-44.7751 15.85 24.2007 -0.591208 -0.00417692 0.806503
-44.765 16.8769 24.2136 -0.593479 2.84859e-05 0.804835
-44.7348 17.9512 24.2344 -0.598135 -0.00426861 0.801343
-44.7771 19.7104 24.2118 -0.605961 -0.0089429 0.795444
-44.764 20.7666 24.2337 -0.602645 -0.00405034 0.797973
-44.5894 22.4287 24.3704 -0.598899 -0.00485643 0.800805
-44.7783 23.4111 24.2402 -0.604177 -0.00841345 0.79679
-45.1315 24.3737 23.9754 -0.606599 -0.00361903 0.795
-45.4213 25.5007 23.7561 -0.610391 0.00419147 0.792055
-46.0245 26.667 23.2743 -0.605429 0.0113401 0.795788
-46.5538 27.7458 22.869 -0.59859 0.00610776 0.80103
-47.2634 28.2863 22.3304 -0.592416 0.00897098 0.805512
-48.1993 28.9376 21.6395 -0.587225 0.0221406 0.809121
-48.8801 29.483 21.1479 -0.569378 0.0188063 0.821855
-49.6959 29.5994 20.5833 -0.57162 0.0141016 0.820397
-50.7277 29.8435 19.8599 -0.568671 0.00392248 0.82249
-51.5845 29.868 19.3067 -0.529654 0.00684373 0.848183
-52.5064 29.6364 18.7414 -0.526603 0.0109226 0.850031
-53.4002 29.1148 18.1911 -0.524618 0.0162173 0.851157
-54.4228 28.3781 17.5852 -0.518716 0.00808991 0.854853
-55.0505 27.4646 17.2152 -0.50641 0.00523099 0.862275
-55.3492 26.4558 17.0729 -0.485912 0.0139691 0.873896
-55.5893 24.6817 16.9648 -0.486321 0.0167844 0.873606
-55.3879 23.6659 17.1167 -0.502549 0.0258435 0.864102
-55.3082 22.2453 17.185 -0.502732 0.00705599 0.864413
-55.2161 20.7888 17.2692 -0.492043 0.0299317 0.870045
-55.417 19.5792 17.1985 -0.483979 0.0230782 0.87475
-56.0269 18.0756 16.8811 -0.49751 0.0122494 0.867359
-56.2672 16.8928 16.7549 -0.50172 0.01087 0.864961
-56.6036 16.3908 16.5655 -0.504625 0.00248407 0.863292
-51.0969 6.32132 19.8591 -0.540219 -0.0100357 0.841465
-51.5423 5.26599 19.5606 -0.524162 0.00127323 0.851333
-52.1896 4.58509 19.1887 -0.508138 0.0108966 0.861205
-53.4727 3.69893 18.4344 -0.51113 0.00328396 0.859493
-54.2761 3.33478 17.9605 -0.508884 0.00282242 0.86083
-55.2789 2.78082 17.3815 -0.482577 -0.00501551 0.875839
-56.3219 1.71921 16.8052 -0.478467 -0.00175346 0.878104
-56.8244 0.820971 16.5204 -0.466741 -0.00605429 0.884261
-57.0579 -0.701365 16.414 -0.460623 0.0120123 0.887511
-56.4945 -2.13385 16.7202 -0.466214 0.00178129 0.88467
-55.8664 -2.87402 17.0562 -0.469337 0.00376428 0.883011
-54.9425 -3.47156 17.5806 -0.497114 0.00260147 0.867682
-53.939 -3.70686 18.1591 -0.504361 0.00209581 0.86349
-52.7501 -3.80213 18.8512 -0.504792 -0.00318251 0.863224
-51.2853 -3.62663 19.7162 -0.52864 0.00505602 0.848508
-50.0481 -3.12761 20.5227 -0.548859 0.007113 0.835884
-49.3285 -2.59526 20.9912 -0.547712 0.00586322 0.836646
-48.3635 -1.04985 21.6197 -0.552656 0.00209576 0.833406
-48.2849 0.342191 21.6667 -0.550738 0.00118241 0.834672
-48.5536 1.35543 21.493 -0.548694 -0.00377848 0.836015
-49.2268 2.63233 21.0648 -0.540607 -0.012218 0.841185
-49.7398 3.55114 20.7495 -0.54112 -0.0135786 0.840836
-50.1613 4.49789 20.4693 -0.558667 0.00185318 0.829388
-50.3638 5.48321 20.3297 -0.557894 0.00339376 0.829905
-50.4318 5.95509 20.2818 -0.549031 -0.00303385 0.8357
-51.1673 4.56311 19.7929 -0.548993 -0.00355389 0.835729
-52.2326 3.61216 19.1736 -0.50829 0.00877431 0.861141
-53.2307 3.01184 18.582 -0.513275 0.00383102 0.858216
-54.068 2.60462 18.086 -0.50759 0.00486935 0.861581
-55.2818 1.72872 17.3808 -0.506197 0.00736388 0.862386
-55.9177 0.929081 17.0135 -0.476626 -0.015264 0.878973
-56.2441 -0.0930238 16.8281 -0.46081 0.0125637 0.887403
-55.8616 -1.66441 17.0529 -0.464388 0.00765769 0.885577
-54.9798 -2.52368 17.5566 -0.497257 0.00225695 0.8676
-53.5581 -2.96565 18.3798 -0.504392 0.00207877 0.863472
-52.2342 -2.98546 19.1571 -0.506434 -0.00292017 0.86227
-51.1847 -2.80076 19.7753 -0.527474 0.00270809 0.849229
-50.3686 -2.4241 20.3064 -0.548627 0.00671955 0.836039
-49.3178 -1.34616 20.9891 -0.548689 0.00652618 0.836
-48.9578 -0.0764083 21.2247 -0.54865 -0.000672178 0.836052
-49.3678 1.45798 20.9592 -0.544649 -0.00727396 0.838613
-50.0071 2.6646 20.5641 -0.540317 -0.0120581 0.841375
-50.4818 3.59073 20.2534 -0.558991 0.000815998 0.829173
-51.1665 4.54683 19.7936 -0.557805 0.00111537 0.829969
-51.356 3.12138 19.7102 -0.526648 0.0192739 0.849865
-50.5597 2.29054 20.2083 -0.531273 -0.00921606 0.847145
-49.8921 0.963651 20.6179 -0.532873 -0.00498899 0.846178
-49.7703 -0.31508 20.6981 -0.536876 0.00284841 0.843656
-50.2337 -1.30565 20.3963 -0.540702 -0.0127266 0.841118
-51.0879 -1.94945 19.8389 -0.525192 -0.0135392 0.850701
-52.6286 -2.23593 18.9304 -0.50549 -0.0051197 0.862817
-53.8378 -2.10934 18.2192 -0.506127 -0.00734636 0.862423
-54.7021 -1.74561 17.7199 -0.501896 -0.0095588 0.864875
-55.3742 -0.876977 17.3333 -0.512867 0.00413253 0.858458
-55.4002 0.145113 17.3142 -0.511991 0.000864844 0.85899
-54.8742 1.02949 17.6263 -0.506283 0.00779052 0.862332
-53.7954 1.88271 18.252 -0.504883 0.00730785 0.863155
-52.8714 2.38773 18.7985 -0.511128 -0.00303208 0.859499
-52.0495 2.85387 19.2891 -0.510731 0.00606318 0.859711
-51.8913 2.97411 19.3813 -0.517741 0.0136596 0.85534
-51.5917 2.13999 19.5651 -0.522846 -0.00565475 0.852382
-50.8879 1.48309 19.9952 -0.526239 -0.00530508 0.850301
-50.4356 0.301332 20.274 -0.531944 -0.00257852 0.846776
-51.0249 -1.00841 19.8924 -0.525616 -0.0123804 0.850445
-51.8587 -1.41655 19.3903 -0.510681 -0.0142968 0.859651
-53.0002 -1.46 18.7163 -0.506193 -0.00728823 0.862385
-54.0894 -1.16498 18.0826 -0.504628 -0.00965734 0.863283
-54.6219 -0.0207446 17.7799 -0.513426 0.00212217 0.858131
-53.8164 1.00146 18.2466 -0.503487 0.0063718 0.86398
-53.0205 1.49722 18.7066 -0.506916 0.00130359 0.861967
-52.2054 1.92939 19.1928 -0.515052 -0.00289901 0.857145
-51.809 1.14906 19.4313 -0.518116 -0.00222944 0.855308
-51.1829 0.536331 19.8094 -0.518897 -0.0026843 0.854832
-51.8008 -0.603414 19.4351 -0.515815 0.00140102 0.856699
-53.3663 -0.605137 18.5107 -0.500555 -0.0017788 0.865703
-53.2864 0.463787 18.5593 -0.500413 -0.00181158 0.865785
-52.4954 0.966771 19.0162 -0.506916 0.00130359 0.861967
-52.3799 1.02752 19.0851 -0.51449 -0.00286451 0.85748
