13.0214 -15.3914 48.6214 0.394104 0.0242668 0.918722
13.6661 -15.1114 48.3248 0.429027 0.0332329 0.902642
13.3943 -14.0604 48.4169 0.439693 0.0313184 0.897602
13.0311 -14.9257 48.6025 0.38905 0.0253915 0.920859
12.3495 -14.8766 48.8897 0.389313 0.0296342 0.920628
12.3866 -16.0324 48.9106 0.393977 0.0244178 0.918772
12.9031 -17.1176 48.7133 0.402096 0.0319549 0.915039
14.0458 -16.2116 48.1759 0.427232 0.0250167 0.903796
14.247 -15.1965 48.0511 0.430823 0.041314 0.90149
14.2214 -14.1095 48.0135 0.435205 0.0363399 0.899571
13.9368 -13.1438 48.1212 0.435869 0.0140397 0.899901
13.0108 -12.7336 48.5575 0.401677 0.0309409 0.914985
12.5004 -13.7862 48.7986 0.387523 0.021906 0.9216
12.3569 -14.7207 48.8815 0.387686 0.0261686 0.92141
11.7419 -14.5148 49.1344 0.387686 0.0261686 0.92141
11.6976 -15.5127 49.1832 0.346448 0.0220426 0.93781
11.8356 -16.5702 49.1584 0.360942 0.0322903 0.931958
12.2677 -17.5627 49.0074 0.401193 0.0312591 0.91546
13.1441 -18.1917 48.6382 0.414385 0.0172857 0.909936
14.1881 -17.2499 48.1199 0.453901 0.013573 0.890824
14.6331 -16.3827 47.8959 0.451455 -0.000182196 0.892294
14.8749 -14.5852 47.723 0.430946 0.0412001 0.901437
14.765 -13.523 47.7268 0.435205 0.0363399 0.899571
14.2902 -12.3926 47.9382 0.435925 0.0136825 0.899879
13.2531 -11.6944 48.4073 0.422192 0.0301591 0.906004
12.2785 -12.5782 48.8549 0.381383 0.0287398 0.92397
11.9117 -13.592 49.038 0.381266 0.028453 0.924027
11.7928 -14.2097 49.1058 0.383863 0.0250898 0.92304
11.1188 -14.2958 49.3614 0.333478 0.0230258 0.942421
11.4053 -13.1239 49.2324 0.381498 0.0287505 0.923923
11.895 -11.8599 48.991 0.381498 0.0283309 0.923935
12.8034 -10.8819 48.5876 0.39575 0.0197439 0.918093
13.7111 -10.784 48.173 0.417213 0.0127204 0.90872
14.5752 -11.523 47.7857 0.41999 0.021383 0.907219
15.1453 -12.622 47.5143 0.459043 0.0156641 0.888276
15.432 -13.632 47.4024 0.443035 0.0402777 0.895593
15.4794 -15.2127 47.4497 0.46663 0.0316901 0.883677
15.3087 -16.2793 47.554 0.463073 0.00290169 0.886215
14.8347 -17.4519 47.793 0.455969 0.0129905 0.889771
14.301 -18.2792 48.0938 0.458194 0.0283208 0.888401
13.4708 -18.9427 48.5034 0.41803 0.0266061 0.908
12.4541 -18.8919 48.9708 0.392727 0.0297902 0.918722
11.6514 -17.982 49.266 0.367569 0.0219724 0.929736
11.1001 -16.1675 49.4192 0.350456 0.0311198 0.936002
11.0664 -14.9127 49.4016 0.340965 0.0272535 0.939653
10.4083 -14.9142 49.637 0.336848 0.0333412 0.940968
10.5453 -13.8124 49.5563 0.330305 0.0104589 0.943813
10.9357 -12.312 49.4012 0.357047 0.0197299 0.933462
11.4636 -11.1882 49.1592 0.389138 0.0123792 0.921096
12.0915 -10.4259 48.8847 0.395083 0.0185112 0.918398
13.0365 -9.9653 48.4575 0.400979 0.0274581 0.915675
14.3425 -10.2804 47.874 0.421044 0.0249382 0.906682
15.1119 -11.0669 47.5106 0.452522 0.0116568 0.89165
15.8004 -12.5315 47.1745 0.451012 0.0264425 0.892018
16.0776 -13.7084 47.0733 0.463198 0.0273447 0.88577
16.1162 -14.8505 47.0977 0.474978 0.0222289 0.879683
16.026 -15.895 47.1646 0.475446 0.00473669 0.879732
15.5792 -17.4004 47.4153 0.463999 0.00211486 0.88573
15.1012 -18.2891 47.6812 0.453449 0.0348034 0.89055
14.3812 -19.2704 48.0884 0.44746 0.0414709 0.893341
13.4989 -19.791 48.5232 0.41999 0.0349567 0.906855
12.4007 -19.7639 49.0139 0.367174 0.0232634 0.929861
11.13 -18.4706 49.4829 0.36612 0.0212947 0.930324
10.5588 -16.8857 49.6544 0.352076 0.0407336 0.935085
10.4186 -15.8553 49.6625 0.348633 0.0316086 0.936676
10.4039 -15.4697 49.6586 0.341079 0.028353 0.939581
9.74448 -15.5105 49.8758 0.284182 0.0261153 0.958414
9.81568 -16.53 49.8836 0.2804 0.0277244 0.959482
10.0543 -17.6421 49.8453 0.277149 0.0211796 0.960571
10.5544 -18.8411 49.7068 0.28443 0.00172123 0.958695
11.135 -19.7173 49.5104 0.365101 0.0224327 0.930697
11.8955 -20.3809 49.2296 0.369272 0.0298423 0.928842
12.8337 -20.6589 48.8652 0.39702 0.0348602 0.916672
14.3954 -20.2159 48.1221 0.421624 0.0337454 0.906143
15.11 -19.5303 47.7353 0.44746 0.0414709 0.893341
15.7692 -18.4797 47.3556 0.451126 0.0424885 0.891439
16.2924 -17.4232 47.0406 0.456897 0.025986 0.889036
16.5688 -16.427 46.8814 0.462108 0.0133006 0.886724
16.7359 -15.2405 46.7708 0.491362 0.0213894 0.870572
16.7212 -14.0637 46.7423 0.482902 0.0295838 0.875164
16.5825 -12.8885 46.7815 0.483953 0.0258179 0.874712
15.9786 -11.2769 47.0667 0.45701 0.00686429 0.889435
15.1673 -10.0358 47.4696 0.449815 0.0100815 0.893056
14.1607 -9.30048 47.932 0.419183 0.0246356 0.90754
12.634 -9.31101 48.6141 0.405008 0.0154679 0.914089
11.5088 -9.96645 49.1261 0.395083 0.0185112 0.918398
10.884 -10.7585 49.3697 0.284971 0.0357213 0.95787
10.4208 -11.7189 49.5407 0.287243 0.0327034 0.957298
10.0736 -12.857 49.6896 0.285902 0.0389695 0.957463
9.86231 -13.8418 49.7908 0.282954 0.036251 0.958447
9.75453 -14.8585 49.8542 0.284322 0.0282953 0.958311
9.07392 -15.133 50.0636 0.278885 0.0271777 0.959937
9.09582 -16.1572 50.0831 0.278505 0.0239973 0.960135
9.2318 -17.2424 50.0729 0.274451 0.0216915 0.961342
9.62759 -18.4963 49.9806 0.273606 0.0150198 0.961725
10.0713 -19.438 49.8507 0.284223 0.00113187 0.958758
11.071 -20.6573 49.5652 0.341346 0.0260761 0.939148
11.9839 -21.2507 49.2224 0.369074 0.0298863 0.92892
13.0027 -21.4253 48.8211 0.39702 0.0348602 0.916672
14.2449 -21.1064 48.2252 0.422885 0.0377708 0.905385
15.2246 -20.5084 47.7223 0.447446 0.0406166 0.893388
15.9792 -19.458 47.2963 0.451352 0.043171 0.891291
16.5197 -18.5164 46.9737 0.455503 0.0434343 0.889174
17.0911 -17.1454 46.6089 0.474492 0.0269053 0.879544
17.3117 -15.6606 46.4507 0.504472 0.0320187 0.862809
17.359 -14.477 46.3913 0.509276 0.0193339 0.860385
17.2614 -13.3138 46.4166 0.498891 0.0339686 0.865836
16.9314 -11.942 46.5418 0.510672 0.0212552 0.859166
16.5553 -11.0079 46.7517 0.493461 0.0147882 0.869641
16.081 -10.082 47.0025 0.490452 0.0165658 0.871311
15.1933 -9.08035 47.4488 0.436944 0.00864208 0.899144
14.0749 -8.4857 47.9599 0.420291 -0.00536197 0.907374
12.7193 -8.43785 48.5729 0.407757 0.00180819 0.913087
11.7435 -8.88002 49.0099 0.407655 0.00423444 0.913126
10.9419 -9.49979 49.322 0.307876 0.0150923 0.951105
10.3337 -10.2809 49.5156 0.284971 0.0357213 0.95787
9.88818 -11.2006 49.6824 0.284705 0.0354234 0.95796
9.55227 -12.1919 49.8185 0.284487 0.0351878 0.958034
9.30427 -13.2072 49.9316 0.282729 0.0361869 0.958515
9.13852 -14.1923 50.0162 0.279376 0.030706 0.959689
8.42678 -14.4721 50.2324 0.279376 0.030706 0.959689
8.55519 -13.4369 50.1597 0.281291 0.0349669 0.958985
8.77762 -12.4559 50.0583 0.284314 0.0364152 0.958039
9.08415 -11.4541 49.9304 0.28446 0.0351534 0.958043
9.5127 -10.3802 49.7635 0.289564 0.0178374 0.956814
10.249 -9.21255 49.5366 0.294717 -0.000490976 0.955584
11.1392 -8.40003 49.2202 0.318895 0.0295035 0.94733
12.132 -7.85927 48.8302 0.404298 0.00453117 0.914611
13.212 -7.545 48.3533 0.406757 2.15163e-05 0.913537
14.5591 -7.86183 47.7396 0.42017 -0.0058733 0.907426
15.3839 -8.33364 47.3456 0.464138 0.00677933 0.885367
16.3274 -9.27547 46.8458 0.483446 0.0240294 0.875044
16.8529 -10.1456 46.5692 0.490452 0.0165658 0.871311
17.5211 -11.755 46.1882 0.517244 0.00269022 0.855825
17.7906 -12.8378 46.0778 0.514954 0.0403318 0.856252
17.9671 -14.3014 46.0255 0.520779 0.0256716 0.853304
17.9043 -16.0311 46.1121 0.509687 0.0288136 0.859877
17.7464 -17.2831 46.2418 0.53222 0.0332857 0.845949
17.3881 -18.3092 46.5052 0.531056 0.0372847 0.846509
16.8654 -19.2514 46.8259 0.4804 0.0205246 0.8768
16.2238 -20.394 47.2047 0.471988 0.0263374 0.881116
15.5531 -21.1976 47.5745 0.46116 0.023547 0.887004
14.0631 -21.9522 48.3496 0.425875 0.0398023 0.903901
13.1603 -22.183 48.7811 0.396456 0.0336517 0.91698
11.4201 -21.8179 49.4647 0.369853 0.028918 0.928639
10.2299 -20.8374 49.8489 0.312406 0.0209913 0.94971
9.58074 -19.9755 50.0163 0.294528 0.0406113 0.954779
9.08943 -18.98 50.1413 0.278913 0.00807168 0.960241
8.69604 -18.0143 50.2381 0.264885 0.014479 0.964129
8.47054 -16.9443 50.2811 0.247107 0.0299548 0.968365
8.40051 -15.837 50.2768 0.250545 0.0193082 0.967472
8.41016 -14.7141 50.2446 0.278885 0.0271777 0.959937
7.73081 -14.4355 50.4027 0.213289 0.0194973 0.97678
7.73565 -16.2803 50.4354 0.22264 0.0147323 0.974789
7.81932 -17.3869 50.461 0.247107 0.0299548 0.968365
8.24429 -18.7544 50.3685 0.252183 0.00934366 0.967615
9.01127 -20.3575 50.2018 0.269408 0.0288662 0.962593
9.66316 -21.2676 50.0424 0.300847 0.0281345 0.953187
10.3673 -21.9893 49.8313 0.318539 0.0271161 0.947522
11.4197 -22.6349 49.4921 0.346632 0.0269964 0.937213
12.3804 -22.9353 49.1172 0.371871 0.0315062 0.92775
13.5874 -22.8367 48.6082 0.428044 0.0414524 0.902779
14.7963 -22.4472 48.0223 0.427421 0.0351647 0.903369
15.7218 -21.9666 47.5185 0.469511 0.0521916 0.881374
16.5297 -21.2326 47.0649 0.474464 0.0250762 0.879825
17.0395 -20.3001 46.7514 0.482515 0.0290396 0.875406
17.5295 -19.4641 46.467 0.4804 0.0205246 0.8768
17.9764 -18.6134 46.1495 0.531056 0.0372847 0.846509
18.4284 -16.8521 45.7934 0.532875 0.0340377 0.845508
18.5552 -15.5787 45.6961 0.538826 0.0139261 0.842285
18.5837 -14.4394 45.652 0.522051 0.026381 0.852505
18.4943 -13.2562 45.6669 0.522135 0.039829 0.851932
18.2425 -11.8923 45.7611 0.516751 0.0395449 0.855188
17.8857 -10.9734 45.9665 0.519625 -0.000454142 0.854394
17.2913 -9.63068 46.3085 0.49998 0.0139692 0.865894
16.493 -8.43485 46.73 0.484746 0.010302 0.874465
15.6814 -7.67315 47.1835 0.484272 -0.00289231 0.874912
14.4967 -7.02976 47.7593 0.443115 0.0169601 0.896304
13.3232 -6.7406 48.3107 0.40805 -0.0109558 0.912893
12.2135 -6.9775 48.8007 0.380608 0.00592664 0.924172
10.7308 -7.78411 49.3469 0.328977 0.00310665 0.944333
9.83928 -8.56214 49.6639 0.307224 0.014534 0.951306
9.16476 -9.55301 49.871 0.295626 -0.00162767 0.955302
8.68639 -10.5948 50.0163 0.287627 0.0159057 0.957397
8.33261 -11.6134 50.1586 0.283031 0.0355778 0.958451
8.00834 -12.6204 50.2676 0.249948 0.0240757 0.967759
7.76527 -14.0159 50.3891 0.228212 0.0272877 0.972997
7.01217 -14.1528 50.5547 0.215034 0.0142798 0.976501
7.2215 -12.8726 50.4775 0.250534 0.0250049 0.967617
7.44425 -11.7589 50.4112 0.253472 0.00516817 0.967329
7.75977 -10.8005 50.2976 0.286413 0.0152401 0.957763
8.16602 -9.83956 50.178 0.291763 -0.00504728 0.956476
8.82738 -8.78801 49.9778 0.295855 -0.00182659 0.95523
9.78889 -7.62543 49.6706 0.305789 0.0078779 0.952065
10.4885 -6.90351 49.4283 0.331187 0.00708487 0.943525
11.4378 -6.55441 49.0859 0.345427 0.019685 0.938147
12.859 -5.93024 48.5262 0.384205 0.0060238 0.922769
14.3102 -6.13455 47.8341 0.438592 0.0185079 0.898495
15.2139 -6.54302 47.3952 0.443815 0.0172162 0.895953
16.2688 -7.2398 46.8593 0.488414 0.00294349 0.872581
17.2351 -8.05041 46.3119 0.501253 0.00636663 0.865274
17.7911 -8.90632 46.0036 0.509492 0.0164782 0.860265
18.4146 -10.1727 45.6297 0.539039 0.00176369 0.842246
18.8769 -11.1621 45.3482 0.532257 0.0134447 0.846452
19.0756 -12.3847 45.2664 0.530985 0.0421504 0.846326
19.1083 -13.5595 45.3048 0.522215 0.0324308 0.852165
19.3473 -14.5232 45.1665 0.543456 0.0125497 0.839344
19.2336 -16.1909 45.2711 0.541008 0.0163641 0.840857
18.946 -17.4451 45.4911 0.532875 0.0340377 0.845508
18.7235 -18.9111 45.6923 0.534004 0.0410697 0.844464
17.8279 -20.3974 46.3216 0.502975 0.0243681 0.863495
17.3416 -21.2355 46.6159 0.482515 0.0290396 0.875406
16.5215 -22.2151 47.1036 0.470544 0.0582953 0.880429
15.2309 -23.0548 47.8396 0.452693 0.0397581 0.89056
14.2558 -23.5597 48.3205 0.435387 0.0325957 0.89965
13.3482 -23.7174 48.769 0.40476 0.0479147 0.912154
11.8266 -23.6033 49.3621 0.368342 0.0387654 0.928847
10.912 -23.1474 49.6781 0.324576 0.0207685 0.945616
9.97278 -22.7954 49.9851 0.316814 0.0225074 0.94822
9.06168 -21.8795 50.2344 0.272019 0.0270556 0.961903
8.2176 -20.5279 50.4291 0.257177 0.0346271 0.965646
7.77109 -19.4082 50.4934 0.243596 0.0431954 0.968913
7.25659 -17.9347 50.6169 0.25029 0.00880186 0.968108
7.06338 -16.9196 50.6229 0.234769 0.043412 0.971081
6.99022 -15.715 50.5971 0.217423 0.020097 0.975841
6.83345 -14.9672 50.6117 0.211688 0.0245062 0.977029
6.99584 -14.3212 50.561 0.213687 0.0195075 0.976696
