104.799 -44.4041 93.545 0.940254 0.0150431 0.340142
105.36 -44.3297 91.9877 0.938929 0.00568437 0.343891
105.088 -43.5619 92.7255 0.937085 -0.00325815 0.349085
104.83 -43.5139 93.4185 0.938685 0.00579044 0.344576
104.741 -42.7838 93.65 0.944153 0.000723548 0.328379
104.345 -43.1609 94.9193 0.955927 -0.000393117 0.293605
104.296 -44.531 95.0046 0.950752 0.000893604 0.309061
104.805 -45.0709 93.5565 0.942657 0.015802 0.3333
105.191 -45.0104 92.4619 0.946926 -0.0217635 0.320707
105.724 -45.0281 90.9463 0.93991 -0.024364 0.340551
106.26 -45.0078 89.5058 0.932802 -0.0240448 0.359586
106.726 -45.0162 88.3282 0.930961 0.000367876 0.364955
107.164 -45.0002 87.1864 0.932891 0.0088514 0.360043
107.497 -44.4399 86.2912 0.935184 0.00464989 0.354116
107.242 -43.0942 86.9657 0.937307 -0.00348595 0.348456
106.888 -42.9992 87.9305 0.937331 -0.0067799 0.348346
106.475 -43.0152 89.0325 0.934803 -0.00322273 0.355064
106.106 -43.0446 89.9936 0.935842 0.00363246 0.35234
105.449 -43.0642 91.765 0.936835 -0.00447664 0.349744
105.103 -42.8861 92.6938 0.935917 0.00221256 0.35214
105.101 -42.8855 92.6983 0.935585 0.0085867 0.352997
105.144 -42.1677 92.5658 0.935293 0.00874454 0.353765
104.786 -42.0607 93.5268 0.952713 -0.00788968 0.30377
104.426 -42.0228 94.6573 0.954522 -0.00426305 0.298041
104.126 -42.7747 95.6358 0.958419 -0.00387033 0.285208
104.062 -43.8521 95.8198 0.962474 -0.0104368 0.271173
104.078 -45.1833 95.7043 0.960413 -0.0066553 0.278305
104.53 -45.7388 94.3479 0.943159 -0.00661399 0.332275
105.021 -45.7103 92.9211 0.948276 -0.0139112 0.317071
105.411 -45.7221 91.7712 0.944042 -0.0156103 0.329372
105.999 -45.7602 90.1361 0.939707 -0.0239756 0.341133
106.417 -45.773 89.1058 0.927121 0.00879888 0.374642
106.811 -45.747 88.1134 0.930612 0.00343945 0.365988
107.176 -45.7206 87.1754 0.933858 0.0105607 0.35747
107.6 -45.5051 86.0391 0.938224 -0.00398665 0.345997
107.782 -44.1557 85.5423 0.934287 0.00355019 0.356501
107.702 -42.7429 85.7372 0.937106 0.000705291 0.349034
107.258 -42.2836 86.9311 0.937489 -0.00363127 0.347974
106.913 -42.2389 87.8717 0.938691 -0.00509454 0.344718
106.425 -42.297 89.1553 0.933413 0.00351202 0.358787
105.94 -42.3221 90.437 0.938207 0.00348487 0.346056
105.473 -42.2904 91.7125 0.935366 -0.011773 0.353122
105.348 -42.2479 92.0314 0.932384 -0.000535641 0.361273
105.393 -41.5045 91.9367 0.92951 -0.00869696 0.368692
105 -41.3903 92.9292 0.932637 0.000389968 0.360633
104.604 -41.2573 94.1174 0.952906 -0.0182274 0.302542
104.3 -41.2691 95.0794 0.956642 -0.0336959 0.289012
104.012 -41.5765 96.0613 0.960868 -0.00742259 0.276906
103.898 -42.5713 96.4302 0.96185 -0.00424823 0.273546
103.871 -43.5774 96.5076 0.962286 -0.00737598 0.271917
103.848 -44.7495 96.5408 0.962219 -0.0145023 0.271889
103.874 -45.8218 96.3921 0.960387 -0.00725952 0.278395
104.258 -46.4349 95.1061 0.950643 -0.00300951 0.309311
104.831 -46.4377 93.4716 0.943819 -0.00993565 0.330314
105.406 -46.4437 91.7514 0.947989 -0.00199938 0.318277
105.75 -46.487 90.8031 0.939794 -0.00783043 0.341651
106.118 -46.5041 89.8536 0.928 0.0100995 0.372389
106.791 -46.4712 88.1727 0.930988 0.00422565 0.365013
107.473 -46.4022 86.3663 0.938858 -0.00356245 0.344271
107.821 -46.1817 85.4285 0.936922 -0.00658177 0.34946
108.036 -44.9551 84.8764 0.935734 -0.00468995 0.352674
108.028 -43.3649 84.8735 0.936696 0.00591363 0.350093
107.869 -41.8748 85.2855 0.937372 0.00200876 0.348318
107.467 -41.5909 86.3716 0.937905 -0.000846985 0.346886
107.018 -41.5093 87.598 0.939224 -0.00580359 0.343257
106.422 -41.5651 89.1687 0.931417 -0.00630617 0.363896
105.81 -41.5958 90.7998 0.94147 -0.0099731 0.336945
105.512 -41.5445 91.6367 0.935366 -0.011773 0.353122
105.464 -40.7943 91.7624 0.936643 0.0069254 0.349747
105.918 -40.8892 90.4891 0.943891 0.0157457 0.32987
106.41 -40.8311 89.2116 0.929827 0.000104963 0.367901
106.945 -40.7783 87.8098 0.939781 -0.00606599 0.341721
107.344 -40.8249 86.7106 0.938908 -0.00345784 0.34414
107.77 -40.9762 85.5587 0.937098 -0.0051817 0.349013
108.224 -41.5992 84.3565 0.933238 -0.00392564 0.359237
108.283 -42.9259 84.1884 0.934987 -0.000534104 0.354629
108.296 -44.0774 84.1706 0.935644 0.00720323 0.352872
108.295 -45.5122 84.1821 0.935809 -0.00479707 0.352476
108.223 -46.502 84.3575 0.935597 -0.00522677 0.353032
107.851 -47.1182 85.3338 0.936623 -0.00181772 0.350307
107.447 -47.1374 86.4357 0.939426 -0.000938226 0.342751
106.917 -47.1831 87.8539 0.931804 0.00158606 0.362958
106.49 -47.2253 88.9477 0.929647 0.00589536 0.36834
106.065 -47.2278 90.0113 0.929897 0.0119803 0.367623
105.614 -47.1996 91.1635 0.935984 0.00315028 0.351721
105.255 -47.1359 92.2009 0.945666 -0.0114905 0.324671
104.886 -47.1156 93.2935 0.945827 -0.00913657 0.324485
104.518 -47.1676 94.3426 0.943888 -0.0108107 0.330087
104.131 -47.1702 95.5026 0.95541 -0.00911188 0.295038
103.844 -47.0271 96.459 0.957123 -0.0154094 0.28927
103.665 -46.2278 97.1124 0.963265 -0.0103016 0.268328
103.64 -45.2385 97.2541 0.96296 -0.0138496 0.269287
103.665 -44.185 97.2207 0.962471 -0.0123803 0.271094
103.689 -42.9564 97.1604 0.961845 -0.00436806 0.27356
103.711 -41.862 97.102 0.965246 -0.0181593 0.260391
103.856 -40.8759 96.698 0.962098 -0.0333136 0.27066
104.136 -40.5666 95.7442 0.960889 -0.0361025 0.274546
104.453 -40.4857 94.6699 0.953297 -0.0289063 0.300648
104.801 -40.5625 93.5592 0.952953 -0.0288811 0.301737
105.162 -40.7111 92.5289 0.929839 0.000569789 0.367959
105.269 -40.7434 92.2578 0.93056 0.00156853 0.366136
105.359 -40.0317 92.0241 0.936565 0.0137304 0.349623
105.693 -40.1148 91.0833 0.941161 0.0222047 0.337188
106.151 -40.1608 89.8468 0.927747 0.00494485 0.373176
106.533 -40.036 88.896 0.928874 0.00346931 0.370357
107.048 -40.0709 87.5382 0.939624 -0.00133775 0.342184
107.436 -40.1221 86.4705 0.93877 -0.00460275 0.344503
107.786 -40.2114 85.5299 0.936223 -0.0072326 0.351333
108.136 -40.3113 84.597 0.934486 -0.00598492 0.355924
108.473 -40.7641 83.717 0.933728 -0.00214402 0.357975
108.548 -42.2963 83.505 0.932217 -0.00354329 0.361873
108.544 -43.956 83.5118 0.933616 0.00387899 0.358187
108.557 -45.0825 83.4904 0.936521 -0.000640483 0.350581
108.549 -46.2988 83.4988 0.93362 -0.00366279 0.358242
108.448 -47.5096 83.7486 0.934606 -0.00396775 0.355661
107.981 -47.8506 84.9883 0.937591 0.00126681 0.347739
107.461 -47.8692 86.4005 0.939032 0.00128464 0.343827
107.1 -47.8847 87.3845 0.935617 -1.63814e-05 0.352856
106.691 -47.9094 88.4351 0.931748 0.0013616 0.363103
106.293 -47.9714 89.4519 0.928998 -0.00392713 0.370059
105.9 -47.9382 90.4413 0.929102 -0.0089262 0.369704
105.393 -47.8793 91.7499 0.940378 -0.013755 0.339527
105.013 -47.8181 92.8536 0.947079 -0.0253519 0.319926
104.67 -47.8355 93.8865 0.946186 -0.0200617 0.322778
104.24 -47.9013 95.1498 0.953798 -0.00289006 0.300434
103.911 -47.8627 96.195 0.95551 -0.00871417 0.294735
103.556 -47.3899 97.4675 0.96457 -0.0136532 0.263472
103.443 -46.2134 97.9133 0.963727 -0.00613018 0.266818
103.444 -45.1496 97.9607 0.962959 -0.0139662 0.269286
103.467 -44.1448 97.9127 0.961039 -0.0123594 0.276113
103.492 -43.1056 97.8718 0.964361 -0.00582592 0.264526
103.522 -41.7464 97.8275 0.966249 -0.0304054 0.25581
103.608 -40.6528 97.6451 0.965212 -0.0366604 0.258885
103.895 -40.0081 96.67 0.963506 -0.0351562 0.265291
104.23 -39.7912 95.528 0.960067 -0.0391287 0.277019
104.533 -39.7376 94.4875 0.956586 -0.034154 0.289152
104.993 -39.8849 93.0203 0.95278 -0.0299218 0.302183
105.092 -39.9487 92.7028 0.941633 -0.0132366 0.334247
105.184 -39.2003 92.4829 0.957008 -0.0145059 0.289219
104.855 -39.035 93.5349 0.952876 -0.0238085 0.302426
104.535 -39.0096 94.5638 0.958453 -0.0285519 0.283756
104.219 -39.0744 95.6477 0.960174 -0.0258234 0.278206
103.91 -39.2101 96.7276 0.964845 -0.0374825 0.260133
103.456 -39.7724 98.3363 0.965224 -0.0362925 0.258892
103.35 -40.8285 98.5874 0.965295 -0.0320737 0.259182
103.313 -42.2631 98.5517 0.965591 -0.0193951 0.259023
103.295 -43.2659 98.5709 0.962338 -0.0173548 0.271303
103.255 -44.809 98.6314 0.961696 -0.00945443 0.273945
103.245 -45.8684 98.6356 0.964383 -0.00392461 0.264473
103.253 -46.9257 98.5876 0.965178 -0.00666275 0.261497
103.293 -47.9854 98.4051 0.966307 -0.0115968 0.257074
103.531 -48.5113 97.49 0.962768 -0.0156347 0.269774
103.811 -48.5725 96.5054 0.958269 -0.00581097 0.285398
104.12 -48.6152 95.5156 0.954058 -0.0101608 0.299433
104.425 -48.6143 94.5543 0.951394 -0.0119943 0.307704
104.871 -48.5302 93.2228 0.948239 -0.0242717 0.316617
105.201 -48.5507 92.2522 0.940637 -0.0166598 0.338622
105.714 -48.6551 90.8932 0.931795 -0.00572576 0.362891
106.103 -48.7045 89.9207 0.927587 -0.00233569 0.373555
106.587 -48.6864 88.7028 0.932218 -0.00127315 0.361895
107.154 -48.6246 87.2301 0.936181 -0.00589191 0.351424
107.526 -48.5968 86.2231 0.938104 -0.00286877 0.346336
107.93 -48.5955 85.1228 0.938769 -0.00492169 0.344498
108.353 -48.574 83.9838 0.936183 -0.00799265 0.351409
108.741 -48.032 82.9736 0.934645 -0.00700126 0.355506
108.807 -46.6412 82.8201 0.933721 -0.00516998 0.357964
108.808 -45.2042 82.8314 0.933437 -0.000413591 0.358736
108.796 -44.137 82.8648 0.931411 -0.00226309 0.363955
108.816 -42.8143 82.8179 0.931234 -0.00205743 0.364416
108.802 -41.5869 82.8573 0.932948 -0.000508703 0.360009
108.789 -40.5747 82.8971 0.932724 -0.00481923 0.360556
108.551 -39.6942 83.5244 0.934139 -0.0117983 0.356715
108.154 -39.5436 84.5655 0.93434 -0.00799757 0.356263
107.786 -39.4896 85.5457 0.936251 -0.00653429 0.351271
107.356 -39.4139 86.6923 0.93759 -0.00209921 0.347682
106.855 -39.2943 88.0595 0.938062 0.00907963 0.346265
106.442 -39.3496 89.1066 0.928395 0.00703882 0.371519
105.964 -39.43 90.3015 0.928478 0.00273288 0.371368
105.602 -39.3323 91.287 0.941161 0.0222047 0.337188
105.214 -39.2342 92.3798 0.952042 0.00718895 0.304191
105.272 -38.4752 92.1928 0.961135 -0.0029891 0.276054
105.011 -38.0976 93.1147 0.95824 -0.0152281 0.284848
104.533 -38.141 94.6653 0.956875 -0.0312126 0.28882
104.219 -38.2263 95.7264 0.962413 -0.0315504 0.269529
103.905 -38.4083 96.8609 0.964641 -0.0378827 0.26083
103.503 -38.5849 98.3292 0.96432 -0.0338625 0.262529
103.25 -39.3025 99.1705 0.964975 -0.0360096 0.259859
103.153 -40.4645 99.3698 0.965537 -0.0330639 0.258159
103.109 -41.5698 99.3942 0.965226 -0.031712 0.259478
103.071 -43.0756 99.392 0.965838 -0.0187633 0.258463
103.061 -44.3411 99.3429 0.965882 -0.0179001 0.258364
103.05 -45.4497 99.3505 0.963894 -0.00444104 0.266242
103.045 -46.4652 99.3556 0.964207 -0.00257005 0.265138
103.032 -47.6449 99.383 0.964721 -0.00615948 0.263201
103.068 -48.9878 99.1918 0.966958 -0.0174964 0.25433
103.379 -49.422 97.9857 0.963384 -0.0140995 0.26747
103.707 -49.4629 96.8444 0.960871 -0.00626379 0.276921
104.107 -49.4091 95.5299 0.953765 -0.0120617 0.300275
104.469 -49.2964 94.3936 0.952825 -0.00939036 0.303374
104.852 -49.4188 93.2303 0.946619 -0.0124531 0.322078
105.35 -49.448 91.8214 0.9315 -0.0150286 0.363144
106.014 -49.4081 90.145 0.92777 0.00530061 0.373107
106.415 -49.4307 89.1456 0.929509 0.00719071 0.368714
106.906 -49.3698 87.864 0.93606 -0.00530376 0.351732
107.266 -49.5004 86.9165 0.936116 -0.00693334 0.351569
107.674 -49.3257 85.8153 0.937469 0.000206875 0.34804
108.109 -49.3923 84.6262 0.939886 -0.00262165 0.341477
108.481 -49.4208 83.6192 0.936873 -0.0118942 0.349467
108.927 -49.154 82.4461 0.936388 -0.013869 0.350688
109.141 -47.9136 81.9306 0.932923 -0.0108543 0.359867
109.055 -46.9338 82.1694 0.93374 -0.00564546 0.357907
109.151 -45.9105 81.9326 0.93358 -0.00364676 0.358347
109.107 -44.3422 82.066 0.932397 -0.0049093 0.361402
109.106 -43.3226 82.0732 0.931608 0.000583587 0.363462
109.112 -41.8535 82.0554 0.932553 0.00150991 0.361029
109.062 -40.6435 82.1864 0.932291 -0.00425192 0.361669
109.025 -39.4508 82.3071 0.931547 -0.0099509 0.363484
108.729 -38.8003 83.0877 0.934264 -0.0113949 0.356399
108.315 -38.6507 84.1778 0.933505 -0.0130661 0.358316
107.787 -38.6006 85.5599 0.936005 -0.0059893 0.351935
107.332 -38.5546 86.7694 0.935845 -0.00494758 0.352376
106.808 -38.5234 88.1578 0.933569 0.0011828 0.358301
106.262 -38.6668 89.5502 0.930694 0.00481207 0.36574
105.872 -38.6412 90.5441 0.937628 0.00375489 0.347616
105.323 -38.5152 92.0268 0.940772 0.0119267 0.338677
105.302 -38.5099 92.0877 0.952042 0.00718895 0.304191
105.637 -43.8242 91.2509 0.936914 -0.004274 0.349533
105.872 -44.2675 90.596 0.939363 -0.0251121 0.342003
105.531 -44.3287 91.5295 0.93831 -0.0147131 0.34529
106.226 -43.8494 89.6716 0.934537 -0.0170243 0.355358
106.487 -44.3349 88.9617 0.934603 -0.0170358 0.355187
106.873 -44.4056 87.9316 0.935356 -0.00217263 0.353606
106.934 -44.2005 87.7739 0.936563 -0.00999782 0.350355
106.668 -43.6192 88.5005 0.936273 -0.00995743 0.351132
106.403 -43.925 89.1984 0.936282 -0.00995752 0.351107
