-108.55 43.4645 92.4432 -0.951566 -0.0206578 0.30675
-108.194 42.7558 93.5389 -0.955067 -0.0154847 0.295985
-108.03 43.209 94.075 -0.952275 -0.00940164 0.305097
-108.448 43.2295 92.745 -0.953233 -0.0179153 0.30164
-108.558 42.4003 92.3453 -0.953321 -0.0184732 0.301331
-109.034 43.0698 90.9299 -0.949836 -0.0184462 0.312204
-109.346 43.6628 90.0169 -0.94975 -0.0186246 0.312455
-109.23 44.4484 90.4183 -0.949595 -0.0207322 0.312794
-108.874 44.6667 91.4644 -0.94682 -0.000466147 0.321325
-108.563 44.697 92.4286 -0.952053 0.00648674 0.305865
-108.063 44.4954 94.0116 -0.952473 -0.00607623 0.304563
-107.803 43.5815 94.7969 -0.956706 -0.00362511 0.290579
-107.804 42.4709 94.7944 -0.960902 -0.000850279 0.276888
-107.853 41.1456 94.5992 -0.961962 -0.00854211 0.273045
-108.267 42.008 93.262 -0.95499 -0.020061 0.295921
-108.292 42.034 93.1834 -0.954988 -0.0156644 0.296231
-108.372 41.3825 92.8724 -0.954759 -0.0245584 0.296366
-108.089 40.8205 93.7506 -0.962484 -0.0102599 0.271144
-107.821 39.9735 94.6707 -0.962655 -0.0063532 0.270638
-107.63 40.384 95.3589 -0.963135 -0.00371899 0.268908
-107.582 41.512 95.5593 -0.961469 -0.00510924 0.274852
-107.586 42.7897 95.5549 -0.961401 -0.000424289 0.275144
-107.588 43.9637 95.5417 -0.96164 0.00122363 0.274299
-107.856 45.2208 94.6736 -0.953145 -0.00713816 0.302422
-108.178 45.3936 93.6684 -0.954301 -0.00336291 0.298755
-108.561 45.4356 92.4199 -0.953854 0.00245331 0.30017
-108.89 45.4172 91.4373 -0.941924 -0.00743011 0.335744
-109.443 45.2209 89.8222 -0.950618 -0.0200087 0.309694
-109.658 44.5636 89.1157 -0.951275 -0.0175056 0.30784
-109.631 43.2537 89.1208 -0.9506 -0.0198129 0.309785
-109.326 42.5196 90.0085 -0.95015 -0.0192515 0.311193
-108.969 42.1889 91.0732 -0.949822 -0.0184197 0.312248
-108.643 41.7999 92.0389 -0.951445 -0.0241015 0.306823
-108.559 41.6719 92.2948 -0.95391 -0.0229009 0.299199
-108.611 40.9677 92.0794 -0.953023 -0.0214733 0.302136
-108.207 40.2254 93.3084 -0.958643 -0.0175843 0.283661
-107.873 39.1601 94.4745 -0.962683 -0.00281274 0.270615
-107.683 38.0962 95.167 -0.964762 -0.00201702 0.263116
-107.574 37.1654 95.5582 -0.965452 -0.00512556 0.260497
-107.427 37.8441 96.1148 -0.971187 0.00622673 0.238239
-107.429 38.9664 96.1033 -0.964592 0.00246631 0.263726
-107.399 39.9683 96.1974 -0.963529 0.00280118 0.267582
-107.374 41.1294 96.2782 -0.963106 -0.00468335 0.26896
-107.368 42.6144 96.3136 -0.962763 -0.000312797 0.270285
-107.368 43.8146 96.3185 -0.96213 -0.000531638 0.272592
-107.385 44.88 96.257 -0.962481 0.00521162 0.271298
-107.518 45.9014 95.7638 -0.958048 -0.00171199 0.286115
-108.045 46.1458 94.1005 -0.953079 -0.00730393 0.302626
-108.366 46.1949 93.0572 -0.955967 -0.00314542 0.293456
-108.694 46.1861 92.0026 -0.944539 -0.00975093 0.32812
-109.037 46.1442 91.0387 -0.941974 -0.0047561 0.335653
-109.655 46.0227 89.2131 -0.951737 -0.0129809 0.306641
-109.895 45.0884 88.4146 -0.950811 -0.0166022 0.309326
-109.921 43.9641 88.2719 -0.950809 -0.0193576 0.309172
-109.886 42.6591 88.2991 -0.950714 -0.0196534 0.309446
-109.52 41.8148 89.3572 -0.950659 -0.0262297 0.309128
-109.18 41.5721 90.3793 -0.950172 -0.0271804 0.310539
-108.811 41.2473 91.4769 -0.949901 -0.0269541 0.311387
-108.739 41.1622 91.6906 -0.951445 -0.0241015 0.306823
-108.839 40.5104 91.3285 -0.951449 -0.0242607 0.306799
-108.55 40.0666 92.2087 -0.953049 -0.0215956 0.302046
-108.138 39.0592 93.5227 -0.965526 -0.0116319 0.260046
-107.953 38.2821 94.1736 -0.96583 -0.0102812 0.258963
-107.781 36.9473 94.7783 -0.966153 -0.00819261 0.257841
-107.741 35.9409 94.9531 -0.967232 0.00812336 0.253761
-107.711 34.7771 95.066 -0.976568 -0.00494917 0.215049
-107.701 33.3659 95.0909 -0.978083 -0.000265314 0.208202
-107.69 32.1778 95.1263 -0.981061 -0.0123747 0.193303
-107.69 30.6843 95.0798 -0.981846 -0.00448575 0.189612
-107.673 28.78 95.123 -0.983171 -0.00345842 0.182652
-107.662 27.7039 95.1181 -0.983739 -0.0110153 0.179266
-107.662 26.5537 95.0803 -0.984388 -0.00562515 0.175922
-107.652 25.5007 95.0634 -0.985897 -0.0084087 0.167084
-107.619 23.7213 95.2123 -0.986798 -0.00895167 0.161619
-107.616 22.6518 95.1674 -0.987765 -0.00892488 0.155692
-107.613 21.6392 95.1288 -0.987876 -0.0102256 0.154905
-107.609 20.5786 95.0977 -0.988343 -0.00819095 0.152022
-107.593 18.6941 95.0972 -0.988978 -0.00835751 0.147829
-107.579 17.6931 95.1308 -0.989588 -0.0113762 0.143432
-107.554 15.7658 95.1939 -0.989966 -0.00919295 0.141005
-107.537 14.7365 95.262 -0.990389 -0.00661642 0.138151
-107.558 13.7445 95.0634 -0.990512 -0.00846413 0.13715
-107.536 12.5503 95.1554 -0.990884 -0.00691867 0.134542
-107.534 11.1667 95.0863 -0.991064 -0.00895135 0.133087
-107.525 10.0068 95.0796 -0.991323 -0.00707494 0.131229
-107.516 8.99544 95.0958 -0.99175 -0.00671016 0.128014
-107.51 7.96256 95.0902 -0.991991 -0.00464819 0.126217
-107.504 6.88519 95.083 -0.992089 -0.00575639 0.125407
-107.486 5.77763 95.1733 -0.99236 -0.00654514 0.123204
-107.485 4.70192 95.1269 -0.992383 -0.00515088 0.123085
-107.472 3.28966 95.1769 -0.99246 -0.0057334 0.122433
-107.472 2.29181 95.121 -0.992614 -0.00625183 0.121156
-107.468 1.19483 95.0973 -0.992718 -0.00720174 0.120242
-107.462 -0.15843 95.076 -0.992823 -0.00652377 0.119411
-107.449 -1.50438 95.1126 -0.99292 -0.00587251 0.118643
-107.441 -2.865 95.1201 -0.992927 -0.00507331 0.118615
-107.427 -4.61006 95.1703 -0.993045 -0.00436252 0.117655
-107.424 -5.64913 95.1619 -0.992994 -0.00450177 0.11808
-107.423 -7.50243 95.0929 -0.993059 -0.00423745 0.117543
-107.412 -8.52022 95.1491 -0.992972 -0.00353952 0.118298
-107.416 -10.0392 95.0739 -0.992964 -0.00347843 0.118362
-107.376 -11.7264 95.3589 -0.992947 -0.00328679 0.118511
-107.373 -12.7568 95.3489 -0.992862 -0.00406211 0.119203
-107.371 -13.7584 95.3317 -0.992801 -0.00329357 0.119728
-107.377 -14.9066 95.2453 -0.992614 -0.00387908 0.121256
-107.399 -16.2249 95.038 -0.992386 -0.00237353 0.123133
-107.383 -17.3364 95.1408 -0.992269 -0.00325382 0.124061
-107.367 -18.4256 95.2442 -0.992107 -0.00341892 0.125336
-107.348 -19.5519 95.3501 -0.991997 -0.00444858 0.126179
-107.351 -20.5788 95.31 -0.991898 -0.0023892 0.127013
-107.386 -22.2869 95.0043 -0.991516 -0.00184901 0.129968
-107.382 -23.3842 95.0213 -0.991294 -0.00364349 0.131588
-107.379 -24.4766 95.022 -0.990839 -0.00245634 0.135025
-107.377 -25.5067 95.0176 -0.990759 -0.00329936 0.135587
-107.375 -26.6038 95.0197 -0.990485 -0.00160194 0.137614
-107.372 -27.6157 95.0215 -0.989486 -0.00596377 0.144449
-107.367 -28.6388 95.0394 -0.989198 -0.00289677 0.146556
-107.358 -29.6413 95.0785 -0.988756 -0.00691627 0.149302
-107.34 -30.6563 95.1234 -0.986721 -0.01015 0.162105
-107.321 -31.7613 95.1757 -0.98749 -0.0135084 0.156996
-107.314 -32.8828 95.1562 -0.98653 -0.00687574 0.163429
-107.316 -34.6944 95.1034 -0.985717 -0.00747355 0.16817
-107.273 -35.69 95.2673 -0.981964 -0.0215908 0.187829
-107.267 -36.8061 95.1902 -0.981651 -0.0178772 0.189848
-107.307 -38.0858 94.9284 -0.976187 -0.00873556 0.216577
-107.395 -39.0206 94.4774 -0.974982 -0.0155819 0.221735
-107.572 -39.9483 93.7218 -0.971867 0.0072393 0.235419
-107.835 -40.5609 92.7477 -0.963861 0.0155086 0.265785
-108.129 -40.8973 91.7329 -0.962402 0.02316 0.270641
-108.509 -40.9992 90.4754 -0.957336 0.0238662 0.28799
-108.835 -41.027 89.4174 -0.954656 0.0278514 0.296371
-109.139 -41.0957 88.4346 -0.952264 0.0256111 0.303969
-109.512 -41.368 87.2719 -0.95386 -0.011784 0.300019
-109.632 -42.6168 86.8406 -0.956174 -0.00239557 0.292516
-109.669 -43.7385 86.7402 -0.950479 0.00733682 0.310703
-109.694 -45.0075 86.6837 -0.953113 0.0067371 0.302402
-109.633 -46.4162 86.9498 -0.956873 0.0158139 0.290002
-109.391 -46.8628 87.7835 -0.957846 0.0118657 0.287036
-109.087 -46.9525 88.7928 -0.957008 0.00535272 0.290012
-108.782 -46.953 89.7903 -0.954013 0.00420896 0.299716
-108.479 -46.9376 90.7452 -0.953238 0.00575171 0.302167
-108.168 -46.9427 91.7445 -0.958587 0.00516831 0.284641
-107.853 -46.9855 92.8307 -0.960343 6.36672e-05 0.27882
-107.565 -47.0121 93.8578 -0.965314 0.00300535 0.261026
-107.26 -46.9764 95.0054 -0.966671 0.000612248 0.25602
-106.935 -46.6765 96.2878 -0.97152 -0.00729766 0.236846
-106.802 -45.837 96.8481 -0.971451 -0.00174758 0.237232
-106.77 -44.4834 97.0283 -0.976051 -0.00816478 0.217363
-106.772 -43.2168 97.0396 -0.976114 -0.00306083 0.217236
-106.788 -42.0697 96.9965 -0.97292 -0.00379317 0.231072
-106.851 -40.3711 96.8286 -0.977129 -0.0171034 0.211957
-106.89 -38.9278 96.7431 -0.977051 -0.0160885 0.212394
-106.924 -37.6812 96.7598 -0.977607 -0.0374843 0.207072
-106.97 -36.4514 96.7674 -0.979703 -0.0278348 0.19801
-106.979 -35.3421 96.8507 -0.982181 -0.022722 0.186557
-107.016 -34.3269 96.7753 -0.982491 -0.0165188 0.185575
-107.033 -33.0938 96.7874 -0.984271 -0.0233483 0.174572
-107.062 -31.8172 96.795 -0.986687 -0.0190414 0.16151
-107.088 -30.7896 96.7516 -0.988149 -0.015135 0.152709
-107.103 -29.5178 96.7456 -0.988322 -0.0107401 0.152003
-107.117 -28.4841 96.7343 -0.989662 -0.0110949 0.142987
-107.133 -27.4588 96.691 -0.989704 -0.00982978 0.142788
-107.153 -25.5646 96.6451 -0.990597 -0.0042049 0.13675
-107.155 -24.5557 96.6605 -0.990725 -0.00570933 0.135749
-107.161 -23.4851 96.664 -0.990984 -0.00589641 0.133853
-107.168 -22.3813 96.6621 -0.991155 -0.00723616 0.132495
-107.148 -21.3862 96.8509 -0.99175 -0.0043659 0.12811
-107.137 -20.3488 96.9745 -0.991835 -0.00568193 0.127395
-107.146 -19.2679 96.9608 -0.992152 -0.00469953 0.124949
-107.159 -18.2205 96.892 -0.992193 -0.00543443 0.124589
-107.175 -17.2165 96.8135 -0.992463 -0.00373367 0.122486
-107.19 -16.2058 96.727 -0.992516 -0.00472151 0.122016
-107.178 -14.6561 96.8938 -0.992632 -0.00468219 0.121075
-107.176 -12.8528 96.9738 -0.992721 -0.00417921 0.120365
-107.176 -11.7724 97.0202 -0.992797 -0.00505633 0.119701
-107.194 -10.7601 96.9113 -0.992912 -0.00398793 0.118781
-107.216 -9.50159 96.7729 -0.992957 -0.00421225 0.118396
-107.21 -8.36591 96.8617 -0.992961 -0.00431326 0.118359
-107.23 -7.31084 96.7328 -0.99309 -0.00467274 0.117262
-107.242 -5.83795 96.691 -0.993083 -0.00470325 0.11732
-107.236 -4.76979 96.7764 -0.993084 -0.00421565 0.117329
-107.25 -3.5909 96.7063 -0.993013 -0.00405443 0.117938
-107.253 -2.18504 96.7235 -0.992983 -0.00419988 0.118186
-107.25 -1.15379 96.7943 -0.992972 -0.00469205 0.118256
-107.254 0.318276 96.8205 -0.992732 -0.0055644 0.120218
-107.258 1.50005 96.8417 -0.992648 -0.00465433 0.120944
-107.254 3.265 96.9422 -0.992478 -0.00474251 0.122332
-107.268 4.32201 96.8687 -0.992387 -0.00417722 0.123088
-107.264 5.32986 96.9335 -0.992382 -0.00436076 0.123123
-107.28 6.65723 96.8501 -0.992242 -0.00334712 0.124267
-107.288 7.85821 96.8204 -0.991892 -0.0034759 0.127039
-107.295 8.95963 96.794 -0.991784 -0.00502336 0.127811
-107.308 10.3108 96.7527 -0.991602 -0.00505297 0.129226
-107.319 11.3858 96.708 -0.991199 -0.00381219 0.132325
-107.328 13.2712 96.7131 -0.990705 -0.00549935 0.135917
-107.301 14.3066 96.9355 -0.990676 -0.00299694 0.136209
-107.3 15.4284 96.971 -0.989845 -0.00455809 0.142063
-107.315 16.6145 96.8981 -0.989793 -0.00397786 0.142451
-107.318 17.8792 96.9211 -0.989495 -0.00451199 0.144498
-107.321 19.5966 96.9323 -0.988663 -0.00221693 0.150138
-107.323 20.6068 96.9315 -0.988407 -6.61915e-05 0.151809
-107.327 21.6391 96.9332 -0.987609 -0.00445025 0.156871
-107.325 23.4633 96.9881 -0.986904 -0.00230876 0.161291
-107.329 24.5633 96.9815 -0.986016 -0.00148787 0.166597
-107.356 26.0486 96.8105 -0.985526 0.000850467 0.16952
-107.356 27.3134 96.8409 -0.985262 -0.00461632 0.17099
-107.346 28.4013 96.8935 -0.984025 0.00261243 0.178009
-107.359 29.4033 96.8023 -0.983109 0.00183856 0.182943
-107.373 30.8933 96.7328 -0.981632 0.00177907 0.190728
-107.347 32.0255 96.8368 -0.981126 0.00555407 0.193289
-107.331 33.3509 96.8716 -0.979726 0.012501 0.199768
-107.301 34.7133 96.8374 -0.975574 0.0256153 0.217619
-107.287 36.0434 96.7909 -0.972018 0.0157679 0.234372
-107.259 37.2454 96.8203 -0.971839 0.01643 0.235074
-107.237 38.3504 96.8771 -0.9693 0.0132284 0.245282
-107.206 39.3943 96.9247 -0.966136 0.00480028 0.257988
-107.172 41.129 97.0234 -0.965702 -0.00129035 0.259592
-107.166 43.0669 97.0503 -0.964827 0.00189481 0.262873
-107.163 44.5511 97.0423 -0.963644 0.00123085 0.267128
-107.183 45.7272 96.9651 -0.963721 0.00190567 0.266906
-107.405 46.7781 96.1504 -0.95967 -0.00202066 0.280669
-107.866 46.8958 94.6826 -0.953819 -0.00453136 0.300349
-108.198 46.9457 93.6151 -0.955782 -0.00244641 0.294064
-108.519 46.9613 92.568 -0.95582 -0.00312632 0.293935
-108.851 46.923 91.5723 -0.944539 -0.00975093 0.32812
-109.195 46.8807 90.6066 -0.941974 -0.0047561 0.335653
-109.533 46.8709 89.6284 -0.948753 -0.00648268 0.315735
-109.845 46.8413 88.6595 -0.951733 -0.0132932 0.30664
-110.115 45.9715 87.7745 -0.953309 -0.0114946 0.301771
-110.162 44.3495 87.5521 -0.952116 -0.0136089 0.305431
-110.154 42.9982 87.5013 -0.950048 -0.0185662 0.311551
-110.119 41.8711 87.5598 -0.948122 -0.015733 0.317448
-109.724 41.0846 88.6684 -0.948515 -0.0232491 0.3158
-109.392 40.911 89.6703 -0.950185 -0.0274721 0.310472
-109.046 40.6984 90.7129 -0.950168 -0.0273075 0.31054
-108.964 39.8596 90.8894 -0.949406 -0.0372964 0.311749
-109.286 40.0612 89.9182 -0.949753 -0.0304213 0.311501
-109.64 40.2124 88.8541 -0.947234 -0.0246619 0.31948
-110.101 40.3603 87.5177 -0.946492 -0.0180132 0.322223
-110.353 41.1 86.8204 -0.948068 -0.0161058 0.317596
-110.39 42.262 86.7518 -0.949526 -0.0108885 0.313498
-110.399 43.4273 86.7776 -0.95076 -0.0163609 0.30948
-110.394 44.7276 86.8491 -0.950978 -0.0128903 0.308988
-110.381 45.9181 86.934 -0.952609 -0.0102412 0.30402
-110.315 47.3629 87.1831 -0.953542 -0.00944498 0.301108
-109.772 47.6592 88.922 -0.952765 -0.0121166 0.30344
-109.354 47.6403 90.1489 -0.945697 -0.000247933 0.32505
-109.013 47.6602 91.1281 -0.944541 -0.00989646 0.328108
-108.685 47.7115 92.1001 -0.947097 -0.0150122 0.320596
-108.35 47.7252 93.1276 -0.955633 -0.00252717 0.294549
-108.024 47.6934 94.183 -0.955515 -0.00171407 0.294939
-107.701 47.6633 95.2165 -0.954706 -0.00634394 0.297463
-107.383 47.6258 96.2484 -0.9556 -0.00823358 0.294553
-107.069 47.3817 97.3537 -0.963788 0.0051051 0.26662
-106.969 46.2081 97.7323 -0.963907 0.00202164 0.266232
-106.954 45.0169 97.7956 -0.964029 0.00422375 0.265757
-106.96 43.2467 97.807 -0.965012 0.00236733 0.262193
-106.965 41.6819 97.7981 -0.965513 4.03266e-05 0.260348
-106.985 40.4307 97.7371 -0.966319 0.00408239 0.257314
-107.002 39.4275 97.6891 -0.967029 0.0138916 0.254096
-107.047 37.6971 97.6704 -0.969592 0.0141272 0.244114
-107.083 36.4918 97.6134 -0.974989 0.022128 0.221145
-107.123 35.1542 97.6287 -0.977115 0.0356695 0.20955
-107.147 34.0133 97.6842 -0.978467 0.0247643 0.204807
-107.178 32.4011 97.6802 -0.979715 0.012235 0.19984
-107.196 31.2973 97.6214 -0.98289 0.0084602 0.183998
-107.21 29.8638 97.6148 -0.983479 0.00608519 0.180886
-107.21 28.4873 97.6426 -0.983995 0.00321038 0.178163
-107.211 27.4426 97.6475 -0.984086 0.00120554 0.177687
-107.209 25.5604 97.6825 -0.986549 0.00289148 0.163441
-107.2 23.8919 97.7557 -0.986684 -0.000663121 0.162638
-107.202 22.5563 97.7309 -0.987114 0.000208249 0.160019
-107.201 21.1126 97.7154 -0.987886 -0.00110744 0.15514
-107.202 20.033 97.7227 -0.988387 -2.72994e-05 0.151938
-107.2 18.9299 97.7256 -0.988766 -0.000176444 0.149473
-107.2 17.6484 97.7222 -0.989138 -0.0024582 0.14693
-107.189 16.3078 97.7529 -0.989915 -0.00220553 0.141608
-107.188 15.1058 97.7586 -0.990357 -0.00132835 0.138527
-107.202 13.486 97.6318 -0.990543 -0.00261857 0.137174
-107.202 12.2698 97.6037 -0.991188 -0.00310968 0.132427
-107.201 11.2664 97.5906 -0.991221 -0.00365783 0.132161
-107.195 10.2424 97.5987 -0.991234 -0.00433429 0.132043
-107.193 9.19347 97.5946 -0.991743 -0.00158457 0.128234
-107.186 8.13778 97.6276 -0.992047 -0.00328462 0.125825
-107.179 7.11158 97.6575 -0.992112 -0.0021471 0.125337
-107.17 5.79002 97.7075 -0.992249 -0.0032922 0.124211
-107.163 4.46649 97.7208 -0.992392 -0.00416163 0.123051
-107.16 3.38462 97.7073 -0.992552 -0.00361151 0.121771
-107.161 2.02721 97.6569 -0.992651 -0.0038684 0.120948
-107.153 0.676677 97.6701 -0.992748 -0.00474186 0.120115
-107.154 -0.750075 97.6121 -0.992889 -0.00432616 0.118967
-107.152 -1.89344 97.5903 -0.992944 -0.0044698 0.118497
-107.147 -3.01999 97.5891 -0.993039 -0.00388344 0.117723
-107.143 -4.05396 97.5918 -0.993044 -0.00401395 0.117675
-107.14 -5.66823 97.5628 -0.993064 -0.00412641 0.117506
-107.129 -7.37094 97.5869 -0.993098 -0.00464886 0.117194
-107.114 -8.86041 97.645 -0.993021 -0.00468857 0.117844
-107.103 -10.1537 97.6904 -0.992914 -0.00457446 0.118745
-107.09 -11.4234 97.7521 -0.992904 -0.00496564 0.118811
-107.087 -12.4975 97.7332 -0.992897 -0.00558319 0.118843
-107.087 -14.202 97.6629 -0.992713 -0.00423892 0.120432
-107.086 -15.3159 97.6158 -0.992559 -0.00603443 0.121613
-107.075 -16.5647 97.6456 -0.992516 -0.00472151 0.122016
-107.066 -17.6382 97.6684 -0.992239 -0.00617868 0.124194
-107.053 -19.0616 97.7048 -0.992056 -0.00592753 0.12565
-107.047 -20.2712 97.6832 -0.991943 -0.00706289 0.126486
-107.051 -21.5233 97.5991 -0.991512 -0.00662294 0.12982
-107.049 -22.7351 97.5317 -0.991279 -0.00893068 0.131477
-107.044 -23.8846 97.5155 -0.990943 -0.00672102 0.134115
-107.038 -25.0015 97.4983 -0.990844 -0.00718053 0.134824
-107.035 -26.0366 97.4844 -0.990264 -0.00822839 0.138884
-107.017 -27.1609 97.5184 -0.989791 -0.0109486 0.142098
-106.993 -28.6432 97.5783 -0.989635 -0.0104335 0.143226
-106.983 -29.7291 97.5529 -0.989619 -0.0122749 0.143192
-106.934 -31.4989 97.619 -0.987683 -0.0254456 0.154111
-106.91 -32.5467 97.6355 -0.986512 -0.0262 0.161415
-106.859 -34.1454 97.6214 -0.98413 -0.0253086 0.17509
-106.839 -35.1646 97.6196 -0.983154 -0.0222221 0.181403
-106.808 -36.7521 97.5607 -0.982136 -0.0351523 0.184769
-106.769 -37.7593 97.5463 -0.982418 -0.0406047 0.182226
-106.711 -39.312 97.5712 -0.981024 -0.020707 0.192778
-106.659 -40.9443 97.6749 -0.977908 -0.0162051 0.208409
-106.608 -42.5212 97.7868 -0.976964 -0.0105681 0.212992
-106.597 -43.5874 97.8185 -0.97596 -0.00400321 0.217909
-106.597 -44.6774 97.7966 -0.975634 -0.00729673 0.219268
-106.597 -46.2689 97.7098 -0.976835 -0.0102832 0.21372
-106.727 -47.4015 97.1333 -0.974658 0.002364 0.223686
-107.001 -47.6712 95.9903 -0.969293 -0.00307039 0.245687
-107.456 -47.7886 94.2764 -0.966054 0.00297178 0.25832
-107.822 -47.7418 92.9379 -0.962156 0.00292737 0.272391
-108.312 -47.6842 91.2988 -0.956753 0.0109456 0.290696
-108.615 -47.7062 90.3323 -0.953955 0.00409261 0.299901
-108.995 -47.7374 89.1111 -0.955928 0.00359085 0.293554
-109.41 -47.6889 87.7479 -0.956719 0.00959226 0.290852
-109.872 -47.2617 86.2341 -0.953847 0.0158997 0.299848
-109.933 -46.2816 85.9765 -0.953976 0.015463 0.299476
-109.94 -45.2295 85.9218 -0.951542 -0.000915444 0.307517
-109.908 -43.4265 86.0022 -0.949926 0.00577162 0.312412
-109.882 -42.1249 86.0816 -0.951217 -0.00971161 0.308368
-109.846 -40.861 86.2292 -0.952538 -0.00988962 0.304227
-109.351 -40.3782 87.7455 -0.951692 0.0159657 0.30664
-109.014 -40.2647 88.7626 -0.949311 0.0190625 0.31376
-108.709 -40.2555 89.7421 -0.956288 0.0314642 0.290703
-108.404 -40.2207 90.7558 -0.957677 0.0294911 0.28633
-108.039 -40.0511 91.9819 -0.963787 0.0151342 0.266079
-107.775 -39.6222 92.9449 -0.965397 0.00707948 0.260688
-107.587 -38.928 93.6391 -0.975982 -0.0081643 0.217528
-107.456 -37.497 94.2455 -0.977148 -0.00104368 0.212555
-107.441 -36.4502 94.3709 -0.9793 -0.0152148 0.201808
-107.433 -35.3521 94.3719 -0.985514 -0.0115408 0.169199
-107.443 -34.3219 94.3606 -0.985929 -0.00245993 0.167145
-107.448 -32.9542 94.3506 -0.986368 -0.00405541 0.164482
-107.464 -31.4397 94.3204 -0.986613 -0.00813271 0.162873
-107.481 -30.2976 94.2877 -0.98667 -0.00958862 0.162453
-107.478 -29.2443 94.2686 -0.989072 0.00106925 0.147357
-107.484 -28.2118 94.249 -0.989483 -0.00237319 0.144632
-107.479 -26.9537 94.2647 -0.990396 -0.00143193 0.138251
-107.481 -25.9446 94.2665 -0.990499 -0.000729812 0.137516
-107.481 -24.9442 94.2677 -0.990792 -0.0022367 0.135372
-107.483 -23.9018 94.2647 -0.991023 -0.000419126 0.133672
-107.481 -22.6763 94.2786 -0.991397 -0.00147924 0.130884
-107.48 -21.2316 94.2957 -0.991699 -0.000799047 0.128576
-107.468 -19.8091 94.4106 -0.991814 -0.00232464 0.127672
-107.478 -18.0931 94.3644 -0.992197 -0.00218719 0.124664
-107.487 -16.8179 94.3175 -0.992371 -0.00226063 0.123262
-107.488 -15.6231 94.3248 -0.992473 -0.00125884 0.122455
-107.48 -14.4158 94.4159 -0.992681 -0.00315731 0.120723
-107.476 -13.3146 94.4701 -0.992749 -0.00239607 0.12018
-107.478 -12.2695 94.4903 -0.992934 -0.00305565 0.118625
-107.484 -11.2611 94.465 -0.992948 -0.00328932 0.118505
-107.508 -9.59639 94.3179 -0.99297 -0.00342301 0.118315
-107.512 -8.42658 94.3187 -0.992972 -0.0035352 0.118296
-107.511 -6.93962 94.3747 -0.992978 -0.00476923 0.118203
-107.515 -5.67485 94.3948 -0.992996 -0.00453846 0.118063
-107.527 -4.23028 94.3398 -0.992965 -0.00428831 0.118327
-107.535 -2.94207 94.3327 -0.992926 -0.00505179 0.118631
-107.549 -1.25899 94.2879 -0.992895 -0.00604391 0.118843
-107.556 -0.124808 94.2916 -0.99288 -0.00652134 0.118941
-107.564 1.68038 94.3367 -0.992731 -0.00808199 0.120084
-107.57 2.82425 94.3476 -0.992536 -0.00647358 0.121777
-107.578 3.85723 94.3384 -0.992539 -0.00634571 0.121766
-107.582 4.88446 94.3575 -0.992373 -0.00597892 0.123122
-107.595 6.00733 94.3184 -0.991962 -0.00886259 0.126221
-107.609 7.42185 94.2875 -0.991882 -0.00623572 0.127012
-107.617 8.46651 94.2856 -0.991772 -0.00671754 0.127837
-107.624 9.4864 94.2804 -0.991576 -0.00874801 0.129208
-107.634 10.5409 94.2934 -0.99132 -0.00970906 0.13111
-107.638 11.8051 94.3517 -0.991225 -0.00998794 0.131805
-107.645 12.9279 94.3661 -0.990794 -0.00864825 0.135089
-107.659 13.9332 94.3457 -0.990635 -0.0104141 0.136142
-107.664 15.0507 94.3684 -0.990202 -0.00828935 0.139382
-107.676 16.1387 94.3614 -0.98998 -0.0102476 0.140835
-107.685 17.1441 94.3552 -0.989588 -0.0113762 0.143432
-107.714 19.0227 94.3062 -0.988978 -0.00835751 0.147829
-107.727 20.0394 94.3003 -0.98844 -0.0100139 0.15127
-107.733 21.0503 94.3151 -0.988149 -0.00975191 0.153175
-107.741 22.0831 94.3396 -0.987992 -0.0112233 0.154097
-107.747 23.0965 94.3593 -0.987578 -0.0113788 0.156698
-107.765 24.444 94.3588 -0.986767 -0.00887611 0.161807
-107.785 25.8154 94.3182 -0.98537 -0.0123548 0.169979
-107.8 26.9176 94.3101 -0.985433 -0.0123301 0.169618
-107.817 28.0777 94.2879 -0.984712 -0.0113822 0.173818
-107.828 29.098 94.2913 -0.983492 -0.00714119 0.180768
-107.831 30.4742 94.3304 -0.982461 -0.00776029 0.186306
-107.855 32.2132 94.2926 -0.980989 -0.0125173 0.19366
-107.876 33.5065 94.2986 -0.976709 -0.0126087 0.214007
-107.898 34.8207 94.2404 -0.975248 -0.00722272 0.220995
-107.953 36.08 94.1388 -0.970411 -0.00612054 0.240539
-108.016 37.074 93.8989 -0.966143 -0.00846721 0.257867
-108.167 38.0968 93.3676 -0.966051 -0.00876357 0.258204
-108.43 38.9792 92.4841 -0.952836 -0.0288703 0.30211
-108.881 39.7642 91.1379 -0.954862 -0.0361964 0.294646
-108.925 39.8336 91.0012 -0.952536 -0.0432354 0.30098
-108.893 39.0067 90.9844 -0.952536 -0.0432354 0.30098
-108.416 38.0515 92.4402 -0.958368 -0.0359626 0.283168
-108.248 37.166 93.0276 -0.969174 -0.0225012 0.245339
-108.123 35.6414 93.379 -0.97016 -0.0280326 0.240795
-108.075 34.566 93.4489 -0.974539 -0.0174017 0.223283
-108.037 33.045 93.4949 -0.978224 -0.0200604 0.206575
-108.024 31.9429 93.4624 -0.978539 -0.0166342 0.205389
-107.98 30.3653 93.5444 -0.982247 -0.0098557 0.187323
-107.974 29.2842 93.5145 -0.983172 -0.0137888 0.182094
-107.948 27.5173 93.5122 -0.984882 -0.0139579 0.172644
-107.933 26.4464 93.5036 -0.985327 -0.0142071 0.170077
-107.915 25.3316 93.5213 -0.985986 -0.0136644 0.166248
-107.896 23.9595 93.5152 -0.986433 -0.0143073 0.163542
-107.873 22.7124 93.5412 -0.986725 -0.0162115 0.161567
-107.861 21.5739 93.5309 -0.987717 -0.0114364 0.155832
-107.851 20.4659 93.5161 -0.988149 -0.00975191 0.153175
-107.838 19.3319 93.5158 -0.988555 -0.011731 0.150407
-107.824 18.3206 93.5296 -0.988794 -0.0100517 0.148932
-107.8 16.9017 93.5497 -0.989352 -0.0142748 0.144836
-107.786 15.5956 93.5477 -0.989997 -0.0105506 0.140692
-107.777 14.563 93.539 -0.990193 -0.0118956 0.139183
-107.761 13.5196 93.5676 -0.990736 -0.0107441 0.135379
-107.748 12.4333 93.5806 -0.99094 -0.0109028 0.133863
-107.739 11.2111 93.5499 -0.991196 -0.0108853 0.13195
-107.736 9.99641 93.475 -0.991355 -0.0107907 0.130764
-107.725 8.92871 93.4724 -0.991765 -0.00684967 0.127885
-107.708 7.13245 93.5056 -0.991854 -0.00691423 0.127194
-107.695 6.05878 93.527 -0.992063 -0.00926457 0.125404
-107.683 4.96801 93.5498 -0.992288 -0.00895569 0.123628
-107.674 3.70712 93.5507 -0.992495 -0.00638529 0.122115
-107.668 2.50303 93.5363 -0.992604 -0.00747184 0.121155
-107.661 1.34474 93.5156 -0.992731 -0.00808199 0.120084
-107.652 0.269283 93.5132 -0.992845 -0.00761694 0.119163
-107.645 -0.842601 93.5084 -0.992907 -0.00626139 0.118724
-107.64 -1.92103 93.4987 -0.992895 -0.00590342 0.118844
-107.628 -2.926 93.5543 -0.99294 -0.00516242 0.118509
-107.617 -4.45785 93.578 -0.992991 -0.00472647 0.118092
-107.61 -5.73568 93.5882 -0.993061 -0.00426672 0.117519
-107.606 -7.3732 93.5635 -0.992995 -0.00439574 0.118074
-107.607 -8.44999 93.5185 -0.992978 -0.00351068 0.118248
-107.596 -10.2081 93.5576 -0.992898 -0.00319774 0.118927
-107.582 -11.7581 93.6315 -0.992859 -0.0029761 0.119255
-107.579 -12.821 93.6344 -0.992768 -0.00240937 0.120022
-107.58 -13.861 93.603 -0.992653 -0.00231546 0.120972
-107.583 -14.889 93.5633 -0.99257 -0.00119933 0.121661
-107.586 -15.8974 93.5244 -0.992386 -0.00108594 0.123161
-107.584 -17.2717 93.5274 -0.992391 -0.00193679 0.123114
-107.583 -18.2988 93.5209 -0.992341 -0.00213465 0.123512
-107.582 -20.1028 93.5256 -0.991953 -0.000932905 0.126603
-107.59 -21.5318 93.4496 -0.991642 0.000601596 0.129016
-107.58 -22.8887 93.5253 -0.991275 0.00157608 0.131795
-107.584 -24.2907 93.5185 -0.991055 -5.33977e-05 0.13344
-107.583 -25.303 93.5312 -0.990544 0.00129439 0.137185
-107.584 -26.4207 93.5246 -0.990336 -0.000328855 0.138683
-107.594 -27.6498 93.467 -0.990055 0.0030376 0.140648
-107.596 -28.7032 93.4675 -0.989177 0.00118718 0.146665
-107.599 -29.7686 93.4806 -0.98885 0.00490322 0.148837
-107.602 -31.0076 93.5047 -0.988976 0.0079612 0.147789
-107.591 -32.095 93.5289 -0.986302 -0.00699009 0.164802
-107.582 -33.095 93.5443 -0.986126 0.000704157 0.165994
-107.577 -34.7861 93.5597 -0.98484 0.00311941 0.173233
-107.589 -35.8679 93.5687 -0.982762 0.012036 0.184332
-107.611 -36.932 93.5313 -0.981265 0.0304139 0.18923
-107.694 -38.1657 93.1826 -0.973277 -0.00059464 0.229632
-107.935 -39.1539 92.3042 -0.967119 0.0330928 0.252159
-108.222 -39.446 91.2912 -0.958057 0.024512 0.285528
-108.523 -39.4861 90.283 -0.95774 0.0248766 0.286557
-108.83 -39.467 89.2734 -0.950224 0.0141723 0.311232
-109.166 -39.5104 88.257 -0.948929 0.0181671 0.314963
-109.525 -39.5745 87.1694 -0.95104 0.0122169 0.308812
-109.924 -39.6893 85.9543 -0.949081 0.00740147 0.314906
-110.1 -40.4699 85.4519 -0.948695 0.012297 0.315953
-110.14 -41.6443 85.2996 -0.950477 -0.0105377 0.310609
-110.158 -43.0328 85.2403 -0.949464 0.00421359 0.313847
-110.181 -44.6597 85.1813 -0.950141 0.000646236 0.311819
-110.178 -45.7703 85.1876 -0.948896 0.00143078 0.315567
-110.178 -46.9039 85.2396 -0.95054 0.0169991 0.310137
-110.139 -47.8901 85.4202 -0.953505 0.0167391 0.300898
-109.772 -48.4664 86.6038 -0.953377 0.00966299 0.30159
-109.475 -48.4874 87.5598 -0.955474 0.00627345 0.295007
-109.135 -48.5011 88.6651 -0.956051 0.00725808 0.293106
-108.827 -48.4975 89.6621 -0.954523 0.00982802 0.29797
-108.505 -48.4594 90.6923 -0.95564 0.00953979 0.294363
-108.191 -48.4292 91.7247 -0.956998 0.0112411 0.289875
-107.893 -48.4891 92.7118 -0.957839 0.0133327 0.286979
-107.584 -48.5348 93.8013 -0.964212 -0.00288257 0.265112
-107.264 -48.5664 94.9867 -0.966601 -0.00454824 0.256232
-106.989 -48.5021 96.0345 -0.967525 -0.00136693 0.252762
-106.695 -48.3688 97.2813 -0.974597 -0.00987641 0.223744
-106.475 -47.9709 98.2385 -0.976054 -0.000841124 0.217412
-106.423 -46.7867 98.499 -0.97744 -0.00390882 0.211177
-106.426 -45.6695 98.5256 -0.977438 -0.00554848 0.211129
-106.429 -44.4569 98.553 -0.976234 -0.00635986 0.216615
-106.43 -43.4181 98.5706 -0.975866 -0.00491137 0.218315
-106.444 -42.3282 98.5707 -0.977781 -0.0160721 0.209006
-106.499 -40.823 98.4334 -0.978296 -0.019087 0.206304
-106.543 -39.6909 98.3745 -0.978998 -0.0258647 0.202106
-106.576 -38.6908 98.3495 -0.98081 -0.0423327 0.190315
-106.621 -37.6897 98.3385 -0.980869 -0.0414142 0.190205
-106.671 -36.1621 98.3709 -0.982047 -0.0323853 0.185817
-106.693 -35.0492 98.4215 -0.984415 -0.0362433 0.17141
-106.741 -33.6779 98.4505 -0.987104 -0.031159 0.157017
-106.774 -32.4763 98.4796 -0.987301 -0.0332318 0.155325
-106.824 -31.192 98.4277 -0.98874 -0.0297341 0.146656
-106.86 -29.9068 98.3648 -0.988908 -0.0167073 0.147589
-106.885 -27.8943 98.3852 -0.990262 -0.0118354 0.138709
-106.907 -26.6814 98.3294 -0.990348 -0.0122716 0.138055
-106.92 -25.6606 98.3297 -0.99046 -0.0124656 0.137234
-106.925 -24.6338 98.3464 -0.990953 -0.00733466 0.134011
-106.932 -23.5421 98.3559 -0.991115 -0.00943197 0.132651
-106.941 -22.3906 98.3758 -0.991487 -0.00897988 0.129896
-106.946 -21.2425 98.4138 -0.991563 -0.00983114 0.129251
-106.951 -20.1158 98.4449 -0.99196 -0.0070946 0.126352
-106.958 -19.0048 98.4533 -0.992031 -0.00821147 0.12572
-106.965 -17.9777 98.4632 -0.992381 -0.00641429 0.123037
-106.966 -16.8609 98.5091 -0.992391 -0.0065909 0.122952
-106.99 -14.9057 98.4176 -0.992559 -0.00603443 0.121613
-106.994 -13.6797 98.4465 -0.992788 -0.00519269 0.119768
-106.998 -12.6718 98.4631 -0.992852 -0.00626473 0.11919
-107.001 -11.4581 98.4966 -0.99297 -0.00482073 0.118271
-107.006 -10.0482 98.5065 -0.993038 -0.00497973 0.117692
-107.019 -8.53829 98.4691 -0.993087 -0.00515412 0.117269
-107.03 -7.53084 98.4213 -0.993094 -0.00522916 0.117209
-107.036 -6.20877 98.4154 -0.993061 -0.00434918 0.11752
-107.039 -4.84158 98.4402 -0.99305 -0.00398734 0.117627
-107.047 -3.10183 98.4336 -0.993005 -0.00369969 0.118017
-107.053 -1.36291 98.4355 -0.992952 -0.0036023 0.118461
-107.057 -0.235567 98.4387 -0.992844 -0.00400194 0.119356
-107.055 0.961387 98.4965 -0.992778 -0.00390876 0.119903
-107.067 2.61134 98.4432 -0.992564 -0.00350657 0.121674
-107.061 3.7917 98.5232 -0.992558 -0.00369051 0.121716
-107.064 4.89186 98.5383 -0.992389 -0.00256492 0.123099
-107.073 6.25243 98.4831 -0.992197 -0.00205143 0.124664
-107.077 7.39732 98.47 -0.992087 -0.00264848 0.125522
-107.086 9.08553 98.4215 -0.99178 -0.000849634 0.127953
-107.087 10.2361 98.4277 -0.991731 -0.00184976 0.128319
-107.087 11.2366 98.4388 -0.991127 -0.000820131 0.132896
-107.088 12.686 98.4592 -0.990878 -0.00218887 0.134747
-107.086 13.7828 98.4815 -0.990853 8.55492e-05 0.134942
-107.076 14.9571 98.5591 -0.990332 -0.0011419 0.138709
-107.085 16.8717 98.4964 -0.989962 0.00226122 0.141288
-107.083 18.1628 98.5014 -0.989413 0.000161623 0.145128
-107.082 19.3588 98.5061 -0.989014 0.00292285 0.147746
-107.08 20.4554 98.5001 -0.988325 0.00205621 0.152345
-107.079 21.4698 98.4943 -0.988078 0.00381817 0.153891
-107.072 23.2583 98.5288 -0.987003 -0.000863248 0.160693
-107.082 24.8584 98.4616 -0.98642 0.00209504 0.164229
-107.076 26.5529 98.4418 -0.985801 0.00623621 0.167803
-107.069 27.6688 98.441 -0.9854 0.00597519 0.170132
-107.069 29.3359 98.3994 -0.983404 0.00741309 0.181265
-107.045 30.606 98.4609 -0.982999 0.0094469 0.183366
-107.015 32.2742 98.5065 -0.981031 0.0191373 0.192874
-106.975 34.13 98.4939 -0.979254 0.028784 0.200321
-106.947 35.1448 98.4296 -0.975807 0.0410817 0.214741
-106.881 36.9028 98.4595 -0.974702 0.0225547 0.222368
-106.829 38.1777 98.4946 -0.970081 0.0245505 0.241536
-106.81 39.282 98.4581 -0.97019 0.0232924 0.241218
-106.788 40.3642 98.4919 -0.968709 0.00489036 0.248149
-106.751 41.7098 98.5787 -0.965204 0.0118668 0.261015
-106.754 43.2485 98.5622 -0.963726 0.00323785 0.266853
-106.746 44.307 98.5698 -0.964087 0.00622802 0.265515
-106.741 45.9739 98.5606 -0.964252 0.000981376 0.264981
-106.784 47.5939 98.3839 -0.964331 0.00583998 0.264631
-107.19 48.4602 96.8953 -0.961619 0.00260572 0.274235
-107.556 48.4488 95.6954 -0.955783 0.00819068 0.293959
-107.861 48.4521 94.7156 -0.95392 -0.000171936 0.299996
-108.178 48.4698 93.6901 -0.955218 -0.00451201 0.295867
-108.521 48.4848 92.6204 -0.947522 -0.0147682 0.319345
-108.86 48.4598 91.6162 -0.94715 -0.01375 0.320497
-109.354 48.4117 90.1516 -0.945843 -0.00205785 0.324617
-109.679 48.4237 89.2045 -0.947604 0.00108066 0.319381
-110.139 48.4865 87.7829 -0.9534 -0.0113539 0.301494
-110.563 48.2062 86.4421 -0.950813 -0.010431 0.309535
-110.619 46.7304 86.2281 -0.949078 -0.0122704 0.314801
-110.638 45.2784 86.1184 -0.949298 -0.00970465 0.314202
-110.647 44.1386 86.051 -0.945976 -0.0101631 0.324077
-110.639 43.1251 86.0408 -0.945231 -0.0109308 0.326219
-110.643 41.6133 85.9868 -0.945429 -0.00877921 0.325711
-110.501 39.8676 86.3143 -0.946551 -0.0185728 0.322018
-110.203 39.5306 87.1736 -0.946577 -0.0179156 0.32198
-109.733 39.3994 88.5325 -0.944069 -0.0195564 0.329167
-109.266 39.2274 89.8968 -0.947522 -0.0374743 0.317426
-109.098 39.1457 90.3878 -0.948083 -0.0432858 0.315063
-109.134 38.4398 90.1815 -0.947126 -0.0428407 0.317976
-108.68 37.8463 91.5184 -0.958684 -0.0388734 0.2817
-108.462 37.1135 92.1868 -0.963794 -0.0264051 0.264901
-108.295 35.2619 92.6275 -0.972502 -0.0369888 0.229787
-108.236 34.1931 92.6799 -0.975207 -0.031973 0.218652
-108.188 32.5173 92.7249 -0.979038 -0.0204295 0.20263
-108.165 31.3057 92.6786 -0.980567 -0.0253352 0.19454
-108.126 29.8268 92.7433 -0.982514 -0.0168981 0.185328
-108.119 28.7507 92.6728 -0.983835 -0.0198244 0.177959
-108.103 27.5778 92.6305 -0.984732 -0.0176268 0.173174
-108.099 26.1468 92.5144 -0.985441 -0.0170474 0.169157
-108.041 24.9586 92.7325 -0.986339 -0.0154666 0.164001
-108.032 23.4827 92.6506 -0.986689 -0.0164151 0.161771
-107.999 22.2336 92.7134 -0.98694 -0.0182221 0.160053
-107.981 21.0244 92.7294 -0.988036 -0.0141617 0.153531
-107.963 19.8108 92.7115 -0.988347 -0.0167137 0.151297
-107.951 18.6156 92.6913 -0.989192 -0.013954 0.145947
-107.936 17.4864 92.6754 -0.989356 -0.0154567 0.14469
-107.915 16.2266 92.6921 -0.989485 -0.0153178 0.143824
-107.9 15.1106 92.7104 -0.990196 -0.0121544 0.139138
-107.882 13.9338 92.7203 -0.990373 -0.0138159 0.137732
-107.874 12.9067 92.6891 -0.99082 -0.0122358 0.134625
-107.861 11.8163 92.6936 -0.991068 -0.012112 0.132809
-107.86 10.5553 92.5836 -0.991188 -0.0115975 0.131948
-107.834 9.26773 92.6722 -0.991301 -0.0111004 0.131147
-107.815 7.49237 92.6887 -0.991859 -0.00737811 0.127129
-107.801 6.40574 92.7165 -0.992068 -0.0095485 0.125338
-107.792 5.38912 92.7068 -0.992237 -0.0102935 0.123936
-107.785 4.24827 92.6722 -0.992417 -0.00748829 0.122686
-107.773 3.14694 92.7099 -0.992714 -0.00854332 0.120189
-107.765 2.04893 92.7034 -0.992714 -0.00854332 0.120191
-107.752 0.817485 92.7208 -0.992709 -0.00828753 0.12025
-107.743 -0.376172 92.7124 -0.992694 -0.00814301 0.120383
-107.743 -1.5064 92.6521 -0.992899 -0.00598484 0.118813
-107.742 -2.67535 92.6099 -0.992896 -0.00565627 0.118852
-107.733 -3.90408 92.6328 -0.992958 -0.00536701 0.118341
-107.719 -4.96141 92.7041 -0.993033 -0.00525763 0.11772
-107.715 -6.62172 92.6663 -0.993033 -0.00431184 0.117756
-107.705 -7.95883 92.7053 -0.993024 -0.00420017 0.117834
-107.697 -9.05927 92.7437 -0.993056 -0.00359332 0.117588
-107.698 -10.0939 92.7116 -0.993013 -0.00243813 0.117981
-107.704 -11.1593 92.6369 -0.992907 -0.00231106 0.118867
-107.684 -12.2717 92.7714 -0.992762 -0.00226072 0.120078
-107.685 -13.3871 92.7535 -0.992715 -0.00169067 0.120471
-107.687 -14.4866 92.7183 -0.992585 -0.00113046 0.121542
-107.698 -15.5621 92.6227 -0.99251 -1.86792e-06 0.12216
-107.716 -16.5652 92.4775 -0.992386 -0.00140386 0.123158
-107.688 -17.807 92.6906 -0.992072 0.000410765 0.125667
-107.686 -18.9724 92.7073 -0.992022 0.000806488 0.126059
-107.688 -20.1853 92.6909 -0.991946 -0.000928411 0.12666
-107.7 -21.2152 92.6083 -0.991517 0.00167214 0.129965
-107.689 -22.6209 92.7067 -0.99136 0.00130464 0.131158
-107.72 -23.6857 92.4897 -0.991157 0.00230747 0.132675
-107.714 -24.7111 92.563 -0.990843 0.00351842 0.134971
-107.714 -25.7916 92.5906 -0.990478 0.00260172 0.137631
-107.715 -27.0204 92.603 -0.989939 0.00453762 0.141422
-107.721 -29.0561 92.6258 -0.98969 0.00492746 0.143139
-107.722 -30.1859 92.6548 -0.989061 0.00823883 0.147214
-107.726 -31.3653 92.7206 -0.988013 0.00333962 0.154096
-107.717 -32.8953 92.7403 -0.986749 -0.00505634 0.162138
-107.736 -34.0203 92.6381 -0.985307 0.00323781 0.170758
-107.739 -35.3319 92.6883 -0.985561 0.0173569 0.168262
-107.752 -36.4514 92.7214 -0.9816 0.0323849 0.1872
-107.831 -37.5815 92.6022 -0.976065 0.0246474 0.214004
-108.029 -38.5204 91.8585 -0.962749 0.0296642 0.268104
-108.322 -38.6275 90.8856 -0.958029 0.0245801 0.285617
-108.629 -38.6389 89.8567 -0.954471 0.0180235 0.297435
-108.948 -38.5639 88.8739 -0.950966 0.0113418 0.309087
-109.344 -38.5503 87.6691 -0.945641 0.014466 0.324755
-109.776 -38.6363 86.3852 -0.947808 0.000319002 0.318841
-110.123 -38.7547 85.3506 -0.947342 -0.000450243 0.320222
-110.418 -39.6435 84.4823 -0.946704 -0.0004062 0.322103
-110.388 -40.8058 84.568 -0.949453 0.00126893 0.313806
-110.476 -41.9139 84.2793 -0.947537 -0.00735797 0.319554
-110.409 -42.9065 84.4679 -0.950947 0.00347773 0.309333
-110.461 -44.1818 84.3301 -0.949633 0.00572864 0.313273
-110.451 -45.3887 84.3674 -0.948087 0.00409328 0.317984
-110.445 -46.5654 84.3996 -0.949546 0.0106353 0.313341
-110.449 -47.6239 84.4412 -0.953884 0.00357519 0.300156
-110.378 -48.655 84.6805 -0.954218 0.00564291 0.299057
-109.992 -49.3427 85.9218 -0.954132 0.00626015 0.299317
-109.659 -49.3258 86.9843 -0.954407 0.00761725 0.298413
-109.35 -49.3668 87.9845 -0.955999 0.00716519 0.293278
-109.023 -49.3647 89.0564 -0.956377 0.00846954 0.292013
-108.68 -49.3409 90.1553 -0.95156 0.00464526 0.307222
-108.309 -49.1726 91.3628 -0.956608 0.0110821 0.291166
-107.978 -49.3584 92.4675 -0.9578 0.0143294 0.287073
-107.675 -49.4275 93.4932 -0.958465 0.0133629 0.284895
-107.371 -49.4484 94.5687 -0.966321 -0.00446745 0.257215
-107.102 -49.5475 95.5989 -0.967631 0.000444643 0.252366
-106.846 -49.2135 96.5874 -0.971187 -0.00514104 0.237813
-106.596 -49.2626 97.6779 -0.974847 -0.00906298 0.222691
-106.363 -48.9784 98.7066 -0.975233 -0.00908937 0.220985
-106.251 -48.1334 99.2438 -0.975755 -0.0107508 0.218602
-106.217 -47.1207 99.4485 -0.976684 -0.00769375 0.214482
-106.236 -45.953 99.3966 -0.976832 -0.00544866 0.213898
-106.245 -44.7378 99.3682 -0.975995 -0.00347616 0.217764
-106.265 -43.0769 99.3351 -0.976522 -0.0104698 0.215148
-106.293 -41.4547 99.346 -0.977476 -0.0193961 0.210153
-106.327 -40.3767 99.297 -0.977735 -0.0267021 0.208059
-106.374 -39.1514 99.2763 -0.978716 -0.0406384 0.201157
-106.411 -38.1292 99.301 -0.978585 -0.041251 0.201667
-106.467 -36.6413 99.3386 -0.979907 -0.0428552 0.194734
-106.528 -35.3432 99.3136 -0.982663 -0.0525141 0.177802
-106.57 -33.8198 99.4923 -0.986843 -0.0350486 0.157786
-106.655 -32.3151 99.2836 -0.987458 -0.0349786 0.15396
-106.705 -31.1035 99.2392 -0.988091 -0.0322719 0.15039
-106.709 -30.0033 99.3729 -0.989206 -0.0171588 0.145525
-106.753 -28.7873 99.2191 -0.989226 -0.0178427 0.145306
-106.765 -27.2154 99.299 -0.990156 -0.0141192 0.139238
-106.791 -26.1312 99.2166 -0.990479 -0.0129 0.137055
-106.799 -25.0788 99.2528 -0.990716 -0.010227 0.135528
-106.807 -23.9313 99.2648 -0.99127 -0.0113742 0.131353
-106.819 -22.7316 99.2833 -0.991383 -0.0101579 0.130595
-106.827 -21.5576 99.3024 -0.991634 -0.0108112 0.128626
-106.837 -20.3872 99.3267 -0.991798 -0.00894184 0.127484
-106.844 -19.1821 99.3491 -0.992132 -0.00937546 0.124849
-106.848 -17.9342 99.4039 -0.992257 -0.00793642 0.123935
-106.865 -16.485 99.3507 -0.992515 -0.00752343 0.121886
-106.884 -15.4528 99.2653 -0.992597 -0.00708449 0.121244
-106.893 -14.2826 99.2473 -0.992757 -0.00646436 0.119967
-106.881 -13.2546 99.4027 -0.992812 -0.00637524 0.119511
-106.889 -12.0266 99.406 -0.992849 -0.00653209 0.1192
-106.902 -10.7594 99.356 -0.993054 -0.0051171 0.117546
-106.91 -9.73905 99.3342 -0.993075 -0.00546218 0.117358
-106.915 -8.28604 99.3587 -0.993087 -0.0051368 0.117267
-106.94 -7.25611 99.1909 -0.993072 -0.0048895 0.117405
-106.91 -6.01143 99.4867 -0.993054 -0.00409798 0.117588
-106.943 -5.02463 99.2485 -0.993037 -0.00390179 0.117737
-106.942 -3.98528 99.2855 -0.993005 -0.00363979 0.118012
-106.933 -2.92033 99.3901 -0.992985 -0.00348974 0.118192
-106.953 -1.51822 99.2618 -0.99294 -0.00326186 0.118576
-106.946 -0.314582 99.3621 -0.992818 -0.00324265 0.11959
-106.956 0.831059 99.307 -0.992704 -0.00350861 0.120525
-106.954 1.84165 99.3479 -0.992687 -0.002544 0.120692
-106.95 3.02509 99.4136 -0.992604 -0.0029493 0.121361
-106.939 4.62594 99.5293 -0.99225 -0.00186654 0.124245
-106.959 5.71147 99.385 -0.992217 -0.00159193 0.124506
-106.973 6.71367 99.2898 -0.992013 -0.000505717 0.126138
-106.977 7.86717 99.2577 -0.991988 -0.000686258 0.126331
-106.955 9.36258 99.4384 -0.991874 0.000260617 0.127218
-106.978 11.1509 99.2666 -0.991394 -0.000929566 0.130909
-106.961 12.4353 99.3878 -0.991101 -0.000580023 0.133093
-106.977 13.863 99.2785 -0.99086 0.000105851 0.134891
-106.941 14.865 99.5247 -0.990468 0.00159959 0.137734
-106.962 16.3556 99.3652 -0.989969 0.00246798 0.141236
-106.955 17.3894 99.3836 -0.989705 0.00475479 0.143046
-106.958 18.5624 99.3525 -0.989006 0.00304217 0.147794
-106.954 19.7464 99.3307 -0.98858 0.00577051 0.150586
-106.953 20.8436 99.3225 -0.988053 0.0039335 0.154052
-106.951 21.8736 99.294 -0.987835 0.00560874 0.155404
-106.94 23.9133 99.3433 -0.986884 0.00436191 0.161321
-106.929 25.1844 99.363 -0.986026 0.00705367 0.16644
-106.926 26.8502 99.3178 -0.985421 0.00908531 0.169854
-106.918 27.9882 99.3023 -0.984405 0.00987982 0.175623
-106.898 29.2455 99.3347 -0.984031 0.0101482 0.177706
-106.857 30.624 99.4639 -0.982156 0.0146423 0.187448
-106.876 31.6369 99.2668 -0.981111 0.0157671 0.192802
-106.821 33.0244 99.4082 -0.979301 0.0292302 0.200032
-106.803 34.3114 99.2755 -0.97753 0.0353413 0.207812
-106.762 35.3889 99.2469 -0.977827 0.0451047 0.204492
-106.706 36.4712 99.2619 -0.975637 0.0469473 0.214283
-106.636 37.4824 99.374 -0.970613 0.0362533 0.237898
-106.583 38.6898 99.4273 -0.970096 0.0233001 0.241597
-106.567 39.8276 99.388 -0.970375 0.0219588 0.240606
-106.548 40.8339 99.4172 -0.966686 0.0176326 0.254973
-106.522 42.3668 99.4095 -0.963682 0.00349249 0.267008
-106.546 43.5861 99.2989 -0.963041 0.00577192 0.269293
-106.539 44.9398 99.3005 -0.963157 0.00304077 0.268923
-106.528 46.4005 99.3378 -0.963545 4.57118e-05 0.267546
-106.536 47.6837 99.2911 -0.964802 0.00635967 0.262899
-106.598 48.897 99.0384 -0.965079 0.0026013 0.261945
-106.842 49.2999 98.1384 -0.964468 0.0040348 0.264158
-107.155 49.3739 97.0184 -0.959416 -0.000883019 0.281994
-107.44 49.353 96.0492 -0.957614 0.00364355 0.287929
-107.947 49.3656 94.4397 -0.952275 0.00300089 0.305227
-108.251 49.3764 93.4661 -0.951509 -0.00933012 0.307193
-108.622 49.3876 92.3642 -0.947912 -0.0158236 0.318138
-108.974 49.3799 91.3178 -0.948982 -0.0125346 0.315025
-109.333 49.3681 90.2187 -0.94841 -0.00596719 0.31688
-109.676 49.3962 89.2155 -0.949056 -0.00399146 0.314985
-110.042 49.3191 88.101 -0.948081 -0.00857589 0.317702
-110.484 49.3403 86.7391 -0.952454 -0.0116383 0.304461
-110.835 49.1091 85.6492 -0.949983 -0.0128597 0.312018
-110.963 48.0566 85.2309 -0.94849 -0.00924903 0.316652
-110.906 46.8246 85.366 -0.948674 -0.0102009 0.31608
-110.901 45.6427 85.347 -0.947504 -0.00700821 0.319655
-110.917 44.5576 85.2788 -0.945577 -0.00702612 0.325306
-110.922 43.2198 85.2236 -0.945024 -0.0100936 0.326844
-110.931 41.9524 85.1593 -0.945271 -0.00927826 0.326154
-110.919 40.9681 85.154 -0.94576 -0.019642 0.324266
-110.889 39.8974 85.1769 -0.946728 -0.0209742 0.321341
-110.589 38.8901 85.9891 -0.946726 -0.022558 0.321248
-110.158 38.6 87.2535 -0.947221 -0.0188278 0.320012
-109.723 38.6177 88.5169 -0.943962 -0.0184384 0.329538
-109.168 38.4409 90.0807 -0.944567 -0.0316906 0.326555
-107.455 35.4532 96.128 -0.97216 0.0142499 0.233883
-107.525 34.4725 95.9227 -0.972499 0.0206865 0.231986
-107.452 35.4117 96.1434 -0.972462 0.0173031 0.232386
-107.477 32.8336 96.156 -0.978247 0.00195316 0.207434
-107.538 31.8278 95.8735 -0.97969 -0.00526024 0.200192
-107.462 32.7552 96.2284 -0.981117 0.006561 0.193301
-107.462 32.8321 96.2238 -0.979659 0.00435854 0.200481
-107.55 29.6653 95.8009 -0.982611 -0.00142296 0.185659
-107.549 29.4639 95.8006 -0.983122 -0.00309996 0.182925
-107.55 29.5103 95.7982 -0.983034 -0.00258749 0.183402
-107.487 27.9009 96.1035 -0.984786 -0.00516716 0.173671
-107.53 26.4675 95.8153 -0.984815 -0.00477846 0.173524
-107.519 27.0594 95.8937 -0.984333 -0.00583035 0.176225
-107.448 24.4029 96.2567 -0.986452 -0.0043912 0.163994
-107.486 23.1393 96.0043 -0.986972 -0.00577124 0.160742
-107.486 22.0335 95.9418 -0.987498 -0.00704849 0.157453
-107.484 20.2499 95.8825 -0.987993 -0.00801224 0.15429
-107.482 19.132 95.8665 -0.989025 -0.00835863 0.147514
-107.462 17.3435 95.9188 -0.989539 -0.00654779 0.144105
-107.448 16.3102 95.9543 -0.98988 -0.00679601 0.141729
-107.405 15.0537 96.2088 -0.990134 -0.00626462 0.139986
-107.425 16.3337 96.1173 -0.990046 -0.0044481 0.140674
-107.443 17.3676 96.0515 -0.98939 -0.0044952 0.145217
-107.444 19.1242 96.1183 -0.988785 -0.00547913 0.149204
-107.444 20.2564 96.135 -0.988271 -0.00497669 0.152589
-107.453 22.0338 96.152 -0.987717 -0.00470498 0.156184
-107.454 23.1147 96.2011 -0.986629 -0.00259025 0.16296
-107.444 24.104 96.2747 -0.986534 -0.00339566 0.163517
-107.433 10.6433 95.8074 -0.991061 -0.0088671 0.133115
-107.406 9.58695 95.9727 -0.991606 -0.00587028 0.129158
-107.398 8.52915 95.979 -0.991672 -0.00650006 0.128628
-107.411 7.47044 95.845 -0.991991 -0.00464819 0.126217
-107.402 6.49608 95.8724 -0.992126 -0.005049 0.12514
-107.388 8.4804 96.0576 -0.991896 -0.0035169 0.127004
-107.399 9.56652 96.0222 -0.991635 -0.00576816 0.128939
-107.431 10.6203 95.8211 -0.991607 -0.00520294 0.129185
-107.431 10.6318 95.8208 -0.991331 -0.00709791 0.131172
-107.364 5.04321 96.1178 -0.992252 -0.00472885 0.124146
-107.372 4.99283 96.0524 -0.992246 -0.0059402 0.124142
-107.358 2.53687 96.0675 -0.992479 -0.00468503 0.122325
-107.379 2.38492 95.8919 -0.992585 -0.0053785 0.121426
-107.377 0.652829 95.817 -0.992763 -0.00623421 0.119928
-107.348 -0.320367 96.0161 -0.992824 -0.0056622 0.119453
-107.378 0.611979 95.8118 -0.992817 -0.00588815 0.119495
-107.263 -11.2904 96.3157 -0.992885 -0.00364912 0.11902
-107.271 -12.3015 96.2092 -0.99272 -0.00417766 0.120371
-107.264 -14.0883 96.2039 -0.992722 -0.00414163 0.12036
-107.264 -12.3014 96.2657 -0.992755 -0.0046813 0.120065
-107.263 -11.2983 96.318 -0.992836 -0.00436061 0.119406
-107.301 -16.7214 95.8078 -0.992381 -0.00356312 0.12315
-107.267 -17.8286 96.0503 -0.992343 -0.00487723 0.12341
-107.242 -18.9054 96.2122 -0.992159 -0.00477351 0.124894
-107.272 -17.8572 96.0113 -0.992107 -0.00341892 0.125336
-107.3 -16.8086 95.8162 -0.992269 -0.00325382 0.124061
-107.3 -16.7983 95.8153 -0.992281 -0.00329183 0.123968
-107.292 -22.3697 95.7188 -0.991517 -0.00187594 0.129964
-107.278 -23.9553 95.7672 -0.990971 -0.00408599 0.134
-107.274 -25.0109 95.7775 -0.990834 -0.00248229 0.135064
-107.27 -26.0285 95.7798 -0.990589 -0.00287559 0.136834
-107.268 -27.0579 95.7781 -0.990108 -0.00554756 0.140115
-107.258 -28.066 95.7864 -0.989214 -0.00259803 0.146454
-107.247 -29.0885 95.8396 -0.988756 -0.00691627 0.149302
-107.219 -30.1034 95.9477 -0.98833 -0.0112155 0.151912
-107.201 -31.1333 95.9848 -0.988209 -0.0103632 0.152752
-107.197 -31.1528 96.013 -0.987845 -0.0181166 0.154383
-107.214 -30.122 95.9832 -0.98838 -0.0112683 0.15158
-107.237 -29.0817 95.9064 -0.988304 -0.0107784 0.152117
-107.246 -28.0615 95.8648 -0.989477 -0.00635661 0.144499
-107.26 -27.058 95.8335 -0.98975 -0.00964419 0.142483
-107.265 -26.051 95.8175 -0.990594 -0.00289919 0.136794
-107.27 -25.0323 95.8112 -0.990699 -0.00420086 0.136004
-107.273 -23.9822 95.8091 -0.991005 -0.00417234 0.133747
-107.282 -22.9032 95.7843 -0.99115 -0.00571373 0.132627
-107.283 -22.863 95.7842 -0.991332 -0.003767 0.131302
-107.121 -38.6481 95.7172 -0.97616 -0.0164923 0.216426
-107.046 -39.8146 95.9673 -0.976692 -0.0145305 0.214132
-107.002 -40.8578 96.0951 -0.974976 -0.0087839 0.221743
-106.97 -42.0065 96.2265 -0.973001 3.97725e-05 0.230799
-106.949 -43.3048 96.2831 -0.972416 -0.00663099 0.233159
-106.955 -44.3984 96.245 -0.970572 -0.00272622 0.240773
-106.979 -45.4347 96.1268 -0.971451 -0.00256461 0.237226
-107.186 -46.1035 95.2802 -0.968287 -0.000725241 0.24969
-107.655 -46.247 93.5176 -0.964882 0.00073582 0.262596
-108.024 -46.2156 92.2346 -0.960437 0.0052416 0.278448
-108.337 -46.1882 91.1807 -0.954805 0.00183667 0.297166
-108.654 -46.1775 90.1791 -0.953184 0.00509989 0.302347
-108.986 -46.1607 89.1015 -0.957354 0.0105575 0.288725
-109.345 -45.935 87.8974 -0.958408 0.0145251 0.285025
-109.443 -44.992 87.5179 -0.959233 0.0103541 0.282398
-109.422 -43.1508 87.5603 -0.959212 0.00218536 0.282678
-109.187 -41.9993 88.3252 -0.958267 0.00727696 0.28578
-108.773 -41.8116 89.671 -0.95488 0.0198423 0.296328
-108.429 -41.7638 90.7973 -0.957037 0.0206211 0.289232
-107.94 -41.4597 92.4541 -0.961956 0.0173428 0.272588
-107.657 -41.0439 93.4215 -0.963861 0.0155086 0.265785
-107.446 -40.5352 94.2613 -0.97168 0.00815385 0.236155
-107.229 -39.9514 95.1425 -0.973521 -0.00415874 0.228181
-107.212 -38.9098 95.2896 -0.974996 -0.0157072 0.221667
-107.197 -38.77 95.3628 -0.975578 -0.0161887 0.219039
-107.169 -41.4235 95.3914 -0.971973 -0.00119012 0.235065
-107.146 -42.5171 95.493 -0.97218 -0.00320037 0.234173
-107.152 -44.432 95.4508 -0.97043 3.67235e-05 0.241379
-107.304 -45.3202 94.8254 -0.968225 -0.000744175 0.249938
-107.561 -45.4902 93.8595 -0.963308 -0.00245795 0.268388
-107.863 -45.5016 92.7773 -0.961878 0.00153381 0.273396
-108.184 -45.4599 91.6856 -0.956262 -0.00239666 0.292501
-108.505 -45.4166 90.6336 -0.95477 0.00181031 0.297266
-108.866 -45.3548 89.4717 -0.957406 0.0104957 0.288554
-109.208 -44.7686 88.3155 -0.959065 0.00417168 0.28313
-109.203 -43.6712 88.3094 -0.959633 0.00387758 0.281221
-109.067 -42.7773 88.7436 -0.957946 0.00727556 0.286857
-108.732 -42.5537 89.8545 -0.956249 0.0137559 0.292132
-108.419 -42.5583 90.8641 -0.955191 0.0031926 0.295966
-108.01 -42.2831 92.2432 -0.961881 0.00979216 0.273284
-107.745 -41.9637 93.1586 -0.961478 0.0117847 0.27463
-107.407 -41.2941 94.4252 -0.970839 -0.00140947 0.239726
-107.183 -41.4573 95.3367 -0.971133 -0.00155441 0.238533
-107.461 -42.2956 94.2407 -0.967148 0.0158693 0.253717
-107.747 -42.733 93.1823 -0.964176 0.0141262 0.26467
-108.042 -43.1131 92.1528 -0.962308 0.00806981 0.271843
-108.349 -43.3524 91.104 -0.957998 0.00139239 0.286623
-108.683 -43.2808 90.0298 -0.955786 0.00537825 0.29397
-108.923 -43.8283 89.2465 -0.957442 0.00467448 0.288588
-108.78 -44.4304 89.7283 -0.957193 0.00537915 0.289399
-108.338 -44.7044 91.1796 -0.956 0.0109854 0.293162
-108.015 -44.7646 92.24 -0.959011 0.004274 0.283088
-107.722 -44.7802 93.2913 -0.963312 -0.00244699 0.268372
-107.436 -44.5657 94.3191 -0.964699 -0.00362867 0.263253
-107.327 -43.6492 94.7517 -0.966013 -0.00736887 0.25839
-107.371 -42.7346 94.6126 -0.966551 0.00451817 0.256171
-107.575 -43.6027 93.8273 -0.96584 -0.00740703 0.259031
-107.853 -44.0841 92.8174 -0.963396 0.000365576 0.268082
-107.906 -43.8529 92.6301 -0.961817 -0.00192152 0.273686
-107.856 -43.7798 92.8072 -0.962642 -0.000987427 0.270758
-107.629 -43.678 93.6243 -0.964525 -0.00374723 0.263899
