52.5216 26.2609 21.6062 0.567279 0.0149038 0.82339
53.7772 26.8745 20.7494 0.547613 0.0144245 0.836543
52.8751 27.0053 21.3511 0.560806 0.0123886 0.827835
52.628 26.6176 21.5263 0.56632 0.0136895 0.82407
52.1364 26.9399 21.8613 0.581017 0.0162731 0.813717
51.8647 25.9877 22.0701 0.582825 0.0130417 0.812493
52.8367 25.1483 21.4142 0.560449 0.023498 0.827853
53.5703 25.6043 20.9072 0.559098 0.0196948 0.828862
54.2206 26.408 20.4746 0.540527 0.0182173 0.841125
54.2921 27.788 20.3957 0.542622 0.0203658 0.839729
53.5778 28.2657 20.847 0.552891 0.020719 0.832938
52.5042 27.5731 21.5955 0.564934 0.0178507 0.824938
52.1995 27.0778 21.8128 0.57229 0.0179237 0.819789
51.9127 27.7853 21.9994 0.580444 0.0204141 0.814044
52.5735 28.6279 21.5198 0.562853 0.0211839 0.826279
53.3426 29.0401 20.989 0.560821 0.0185009 0.82773
54.4531 28.8658 20.2637 0.54353 0.0218331 0.839106
54.9833 27.9484 19.9444 0.543176 0.0213116 0.839349
54.9696 26.7924 19.9774 0.554727 0.0162786 0.831872
54.456 25.634 20.338 0.53749 0.015035 0.843132
53.7726 24.9276 20.7873 0.549971 0.0169394 0.834901
52.8428 24.4261 21.4308 0.561612 0.0230917 0.827078
51.7034 24.3163 22.2178 0.582319 0.0205097 0.812562
51.2487 25.6252 22.5214 0.591952 0.0238091 0.805622
51.4881 26.831 22.3265 0.581588 0.0172734 0.813291
51.5143 26.9025 22.3059 0.580724 0.02093 0.813831
50.8359 26.6985 22.7956 0.581588 0.0172734 0.813291
50.6589 25.3758 22.9621 0.592414 0.0242078 0.805269
50.7274 24.2687 22.9368 0.593028 0.0120994 0.805091
51.3196 23.571 22.5118 0.582404 0.0207473 0.812495
52.2822 23.5479 21.841 0.571728 0.0290859 0.819927
53.2966 23.8638 21.1387 0.561221 0.0231857 0.827341
54.2627 24.467 20.483 0.535353 0.0144167 0.844502
55.0291 25.2778 19.9814 0.535242 0.0160097 0.844547
55.4463 26.1388 19.6736 0.554336 0.0326647 0.831652
55.6531 27.1082 19.5144 0.546306 0.00713506 0.837555
55.3742 28.7931 19.659 0.545361 0.0296734 0.837675
54.7412 29.5823 20.0493 0.550733 0.0286388 0.83419
53.8427 29.8806 20.6323 0.547151 0.0253534 0.836632
52.9483 29.7535 21.2501 0.57038 -0.00560438 0.821362
52.2041 29.2112 21.765 0.580417 -0.0041163 0.814233
51.5803 28.4236 22.2206 0.580369 0.0199685 0.814109
51.1984 27.6881 22.5111 0.580724 0.02093 0.813831
50.7387 28.104 22.8605 0.613369 0.0137367 0.789671
50.2297 26.6504 23.251 0.603121 0.00411953 0.797523
50.0325 24.8333 23.441 0.606036 0.0204204 0.795162
50.2946 23.4138 23.2706 0.595113 0.0141838 0.803517
51.0518 22.8293 22.7241 0.571373 0.0221494 0.820391
52.0037 22.7498 22.0623 0.571411 0.0232549 0.820335
52.9006 22.9677 21.4326 0.56037 0.024238 0.827886
54.1798 23.5753 20.5517 0.558523 0.0250856 0.82911
54.9128 24.1065 20.0763 0.535294 0.0124469 0.844574
55.8379 25.3866 19.4421 0.553987 0.0323521 0.831896
56.1474 26.3949 19.1978 0.551219 0.0119151 0.834239
56.2849 27.3953 19.0997 0.544886 0.00595314 0.838486
56.1273 28.6249 19.1757 0.543854 0.0291632 0.838673
55.6858 29.5937 19.4304 0.545573 0.0265679 0.83764
54.6164 30.4712 20.0945 0.550846 0.0371476 0.83378
53.6682 30.6467 20.732 0.576023 0.0238296 0.817025
52.1982 30.1265 21.774 0.580401 -0.00499575 0.814229
51.5353 29.4311 22.2542 0.590079 -0.00474709 0.807332
50.9892 28.6409 22.6541 0.604607 0.0128782 0.796311
50.5205 29.0243 23.0217 0.620842 0.00430907 0.783924
50.0558 28.0126 23.3975 0.612245 -0.000707039 0.790538
49.7492 27.0652 23.619 0.603028 -0.00838639 0.797676
49.5146 25.8807 23.8092 0.606586 0.0193094 0.794774
49.4346 24.7787 23.902 0.609207 0.0121868 0.792846
49.4889 23.6998 23.8625 0.602254 0.00825829 0.798192
49.9208 22.6462 23.557 0.596137 0.00156797 0.802881
51.0546 22.0548 22.7426 0.570629 0.0221111 0.82091
52.0978 22.0325 22.017 0.57142 0.023153 0.820331
53.0574 22.2721 21.3376 0.566807 0.0148079 0.823637
54.0432 22.6934 20.6708 0.556094 0.0166595 0.830899
55.0854 23.3721 19.9778 0.533787 0.0137743 0.845505
55.8456 24.1194 19.4867 0.531916 0.0140372 0.84668
56.5674 25.4889 18.982 0.523902 0.0458511 0.850543
56.8343 26.6504 18.779 0.507377 0.0206379 0.861474
56.9453 27.6439 18.6914 0.50829 0.0222113 0.860892
56.7704 28.7688 18.7756 0.51981 0.00959657 0.854228
56.0781 30.2148 19.1628 0.524863 0.0334925 0.850505
55.3176 30.9879 19.6108 0.539493 0.0302475 0.84136
54.2898 31.373 20.2839 0.569417 0.0220803 0.82175
53.1918 31.3567 21.0517 0.583372 0.0257122 0.811798
52.186 30.9869 21.7885 0.577766 0.0104566 0.815927
51.4858 30.3623 22.2958 0.590079 -0.00474709 0.807332
50.863 29.5869 22.7477 0.606123 0.00112695 0.795153
50.4299 30.0498 23.0855 0.618093 0.00599274 0.786081
49.749 28.8008 23.6338 0.615461 0.00527863 0.788132
49.3913 27.8812 23.9017 0.61036 -0.0125774 0.792024
49.0859 26.8178 24.1206 0.620919 -0.00532357 0.783714
48.9063 25.732 24.2806 0.609201 0.0219719 0.792711
48.8355 24.2498 24.3632 0.609367 0.00128974 0.792887
49.0307 22.872 24.2167 0.602254 0.00825829 0.798192
49.5619 21.9281 23.828 0.611555 0.0209706 0.790924
50.3005 21.4384 23.2793 0.580938 0.0111329 0.813636
51.2005 21.2295 22.6638 0.569387 0.0154579 0.821892
52.6233 21.3764 21.6646 0.57548 0.0196824 0.817579
53.8733 21.8439 20.7924 0.559729 0.0124512 0.828575
54.6848 22.2227 20.2537 0.538319 0.02411 0.84238
55.6093 22.909 19.6563 0.532442 0.0147449 0.846338
56.4774 23.828 19.0951 0.530658 0.0160789 0.84743
56.976 24.6641 18.7781 0.519447 0.0264933 0.853831
57.3428 25.9122 18.5038 0.50622 0.0329703 0.861774
57.5375 26.8912 18.3612 0.508063 0.0216871 0.86104
57.5964 28.1095 18.2925 0.509756 0.0191741 0.8601
57.3134 29.1389 18.4413 0.515518 0.0125714 0.856766
56.9382 30.0488 18.646 0.519793 0.0364103 0.853515
56.4154 30.9156 18.9274 0.520069 0.0339962 0.853344
55.4477 31.7923 19.5011 0.532904 0.0289892 0.845668
54.1529 32.1623 20.352 0.570113 0.0353032 0.820805
52.7803 32.0937 21.3244 0.585017 0.0251564 0.810627
51.5848 31.3801 22.222 0.591172 0.0132996 0.806338
50.7794 30.5253 22.8079 0.602208 0.00312112 0.798094
50.4215 31.0912 23.0863 0.618253 0.00351817 0.785971
49.8693 30.32 23.5247 0.618987 0.00564867 0.785379
49.3763 29.4462 23.9189 0.611086 0.00382368 0.791555
48.9982 28.5201 24.2147 0.609985 -0.00464492 0.792363
48.6117 27.2634 24.5056 0.631284 0.00166814 0.77555
48.3284 25.7673 24.7425 0.63122 0.00424299 0.775592
48.2559 24.7295 24.8082 0.614297 0.00398131 0.789037
48.2639 23.3612 24.8141 0.61892 0.00736515 0.78542
48.5343 22.3683 24.6138 0.617319 0.0164625 0.786527
49.3984 21.1147 23.976 0.613377 0.0201183 0.78953
50.1516 20.6662 23.3948 0.59129 0.00818594 0.805929
51.0025 20.4404 22.8086 0.570838 0.00329734 0.821035
52.4305 20.5837 21.8197 0.570115 0.00973218 0.821416
53.2918 20.8159 21.2075 0.562313 0.0218287 0.826477
54.0793 21.1385 20.6785 0.546925 0.0278674 0.836707
55.3757 21.8414 19.8282 0.532208 0.0238961 0.846272
56.5714 22.9105 19.056 0.528705 0.0175428 0.848624
57.2793 23.7246 18.6194 0.497648 0.0269043 0.86696
57.7765 24.9085 18.2919 0.50019 0.0363023 0.865154
58.053 26.2091 18.0761 0.491215 0.0351171 0.870252
58.3052 27.2041 17.9018 0.495472 0.0258731 0.868239
58.2624 28.2724 17.899 0.499912 0.0243951 0.865722
57.8327 29.5579 18.1257 0.508439 0.0196773 0.860856
57.4424 30.4599 18.3293 0.50735 0.025808 0.861354
56.7811 31.5893 18.682 0.507794 0.0345886 0.860779
56.013 32.3073 19.1274 0.532385 0.0279591 0.846027
55.1927 32.6785 19.636 0.53657 0.0197222 0.843613
54.3002 32.8824 20.2215 0.549474 0.0237449 0.835161
53.4366 32.9825 20.8245 0.579868 0.0265532 0.814265
52.5423 32.8083 21.4753 0.588109 0.0248525 0.808399
51.674 32.3223 22.1268 0.595373 0.0246399 0.803072
50.7483 31.4667 22.8278 0.602384 0.00304888 0.797957
50.5027 32.1384 23.0087 0.607163 0.0215423 0.794285
49.8828 31.4327 23.5031 0.608305 0.0215254 0.793411
49.3529 30.6554 23.9295 0.613288 0.0124007 0.789689
48.7525 29.5532 24.402 0.624874 -0.00559228 0.780705
48.388 28.5316 24.6851 0.629401 -0.00350284 0.777046
48.105 27.5891 24.9173 0.631282 0.00166496 0.775551
47.7857 26.1122 25.1824 0.629612 0.00313065 0.776899
47.6832 24.8303 25.2683 0.627328 0.00047091 0.778753
47.6282 23.8002 25.3112 0.622667 0.00372013 0.782457
47.7562 22.6745 25.2228 0.619388 0.0124672 0.784986
48.1473 21.6984 24.9325 0.612902 0.0191496 0.789923
48.779 20.7403 24.4647 0.612754 0.0207147 0.790001
49.4548 20.1579 23.9401 0.607509 -0.0104002 0.794244
50.9245 19.6677 22.8615 0.5733 -0.00172634 0.819344
52.0469 19.783 22.0817 0.564739 -0.000532698 0.82527
53.1011 19.9946 21.3577 0.563993 0.00643988 0.825713
54.0662 20.349 20.7098 0.550425 0.0183942 0.834681
55.1071 20.8283 20.0254 0.533906 0.0182947 0.845253
56.1405 21.5587 19.3574 0.523318 0.0272656 0.851654
56.8999 22.2968 18.876 0.510033 0.026395 0.859728
57.6264 23.0928 18.4335 0.502495 0.0162691 0.864427
58.2629 24.1189 18.0431 0.499707 0.0225945 0.865876
58.5441 25.077 17.8484 0.481568 0.0340325 0.875747
58.9266 26.643 17.5662 0.487138 0.0463427 0.872095
59.036 27.8388 17.464 0.499515 0.0294364 0.865802
58.5321 29.4521 17.7154 0.507753 0.0218543 0.861211
58.0695 30.5948 17.9554 0.509788 0.0251699 0.859932
57.6479 31.5478 18.1779 0.502564 0.0275986 0.864081
57.078 32.3436 18.4791 0.50217 0.020802 0.864423
56.1542 33.0611 19.0172 0.522947 0.0101734 0.852097
54.9761 33.5242 19.7585 0.545283 0.0180588 0.838017
54.1123 33.6832 20.3183 0.56301 0.0304995 0.825653
52.7607 33.7023 21.2886 0.584734 0.0261666 0.810802
51.7526 33.2393 22.0417 0.595742 0.0205883 0.80291
50.7713 32.395 22.7968 0.602453 0.02131 0.797851
50.5917 33.2554 22.9113 0.606675 0.020865 0.794676
49.9137 32.5727 23.4471 0.607372 0.0221461 0.794108
49.3385 31.8354 23.9093 0.6078 0.0236246 0.793739
48.4542 30.3508 24.6421 0.622855 0.0258286 0.781859
48.0212 29.283 24.9857 0.630244 -0.00322353 0.776369
47.7315 28.3059 25.2228 0.633941 -0.000210312 0.773381
47.13 26.9222 25.7129 0.631174 -0.00126704 0.77564
47.1607 25.5368 25.6878 0.627922 0.0017079 0.778274
47.0575 24.1094 25.7701 0.626666 -0.00205593 0.779285
47.0099 23.0845 25.8075 0.624576 -0.00640858 0.780913
47.2285 21.966 25.645 0.608401 0.00536293 0.79361
47.6938 20.75 25.2849 0.601213 -0.0102415 0.799023
48.5582 19.9494 24.6225 0.602614 -0.0111809 0.797954
49.4061 19.3126 23.9662 0.605069 -0.00574975 0.79612
50.1853 19.077 23.382 0.587889 0.00365007 0.808782
51.5389 18.908 22.431 0.571282 0.00815005 0.820687
52.386 19.0965 21.8556 0.559409 0.0111606 0.828816
53.2841 19.2758 21.2486 0.551064 0.0148576 0.83433
54.6843 19.7739 20.3155 0.537709 0.0179768 0.842781
55.5835 20.3471 19.7454 0.526953 0.0270116 0.849454
56.3934 20.6306 19.2364 0.518806 0.0322718 0.854268
57.1529 21.3897 18.7537 0.510523 0.0264646 0.859435
58.0559 22.3285 18.1982 0.50387 0.0202229 0.863532
58.6374 23.3613 17.846 0.487927 0.0156882 0.872743
59.1671 24.7608 17.5181 0.485811 0.0282135 0.87357
59.4822 26.0023 17.29 0.486973 0.0463656 0.872185
59.8219 27.1291 17.0413 0.481594 0.0369514 0.875562
59.688 28.3372 17.0748 0.484105 0.0248578 0.874624
59.2513 29.4327 17.2908 0.501015 0.0317777 0.864794
58.7915 30.532 17.5293 0.509723 0.0247491 0.859983
58.3234 31.6592 17.7768 0.50503 0.0134831 0.862925
57.7325 32.6955 18.1077 0.489929 0.0042188 0.871751
57.0976 33.3824 18.4599 0.488295 0.00501483 0.872664
56.3664 33.9657 18.8781 0.51747 0.012218 0.855586
55.4492 34.1586 19.4399 0.538299 0.0218519 0.842468
54.5882 34.3801 19.9838 0.548743 0.0254135 0.835599
53.5849 34.5641 20.6646 0.586343 0.0248356 0.809666
52.5647 34.4346 21.4116 0.5918 0.0215192 0.805791
51.7167 34.0691 22.0488 0.594652 0.020534 0.80372
51.187 33.8634 22.4454 0.596403 0.0210374 0.802404
50.8677 33.4888 22.6946 0.602467 0.0216887 0.797831
