-15.4536 -17.9049 56.2021 -0.463306 0.0316954 0.885513
-14.6031 -17.8905 56.6466 -0.463458 0.0316845 0.885438
-15.31 -18.2316 56.2942 -0.463133 0.0461674 0.885086
-15.6853 -18.7933 56.1219 -0.497458 0.0213161 0.867226
-14.9353 -19.3203 56.5472 -0.447329 0.0370748 0.893373
-13.8701 -18.7593 57.0402 -0.431913 0.0272771 0.901503
-13.9889 -17.3599 56.9338 -0.427209 0.0374305 0.903361
-14.9535 -16.6312 56.4378 -0.448998 0.0304502 0.892804
-15.869 -17.0279 55.9545 -0.504977 0.0419851 0.86211
-16.0454 -17.9278 55.8936 -0.480275 0.0339903 0.876161
-16.668 -17.884 55.5169 -0.516299 0.032795 0.85578
-16.3251 -16.5495 55.6636 -0.505574 0.0430245 0.86171
-15.4258 -15.8692 56.1662 -0.491357 0.0234114 0.87044
-14.3571 -16.0028 56.6991 -0.431204 0.0120711 0.902169
-13.6405 -16.6076 57.0674 -0.427216 0.0372556 0.903363
-13.1944 -17.6297 57.315 -0.422362 0.0349623 0.905753
-13.1469 -18.7444 57.3783 -0.422397 0.033028 0.905809
-13.9705 -20.0159 57.0299 -0.431187 0.0268992 0.901861
-15.2395 -19.9871 56.4171 -0.470617 0.0331908 0.881012
-16.4387 -18.7792 55.6894 -0.497458 0.0213161 0.867226
-16.4425 -18.7701 55.687 -0.506871 0.0273453 0.8615
-16.7911 -19.4334 55.5007 -0.508866 0.0256761 0.860372
-16.2058 -20.1888 55.8701 -0.499996 0.0459257 0.864808
-15.3951 -20.6859 56.3546 -0.442994 0.0199281 0.896302
-14.3711 -20.916 56.8656 -0.436397 0.0242946 0.899401
-13.3417 -20.4436 57.3473 -0.438786 0.0320425 0.89802
-12.6785 -19.5839 57.6265 -0.421424 0.038226 0.906039
-12.4841 -18.039 57.6615 -0.421633 0.0328202 0.906172
-12.683 -16.9437 57.5274 -0.424617 0.0336118 0.904749
-13.223 -16.0465 57.2407 -0.423502 0.0342207 0.905248
-14.0628 -15.3278 56.8285 -0.428503 0.0136503 0.903437
-14.9673 -15.0852 56.3852 -0.470621 0.0393153 0.881402
-15.8845 -15.2482 55.8893 -0.504675 0.0122654 0.863222
-17.0262 -16.265 55.2373 -0.50503 0.0281446 0.862507
-17.2724 -17.2755 55.1278 -0.517224 0.0337508 0.855184
-17.1637 -18.6229 55.2445 -0.517383 0.0313163 0.85518
-17.1548 -18.6627 55.2514 -0.518041 0.031859 0.854762
-17.7063 -18.994 54.9339 -0.513609 0.0339912 0.857351
-17.9321 -17.7621 54.748 -0.516251 0.0365769 0.855652
-17.832 -16.6318 54.7708 -0.513824 0.0259854 0.857489
-17.4881 -15.6988 54.9493 -0.512041 0.019674 0.85873
-16.6032 -14.8096 55.4628 -0.509931 0.0141661 0.860075
-15.4557 -14.345 56.0906 -0.479242 0.0287927 0.877194
-14.3936 -14.4155 56.6514 -0.446079 0.0326311 0.894107
-13.4952 -14.8055 57.0788 -0.420102 0.0241823 0.907155
-12.3282 -16.0495 57.6605 -0.425854 0.0255425 0.904393
-11.9743 -17.0044 57.8623 -0.424617 0.0336118 0.904749
-11.8074 -18.4896 57.9855 -0.401419 0.0455706 0.91476
-11.933 -19.5549 57.9715 -0.420585 0.0383149 0.906424
-12.617 -20.773 57.713 -0.429859 0.0381643 0.90202
-13.9924 -21.6254 57.0837 -0.448914 0.0554314 0.891741
-15.1706 -21.5449 56.4904 -0.439818 0.0316196 0.897524
-16.0154 -21.1797 56.0239 -0.501651 0.0281598 0.864597
-16.9736 -20.3127 55.4226 -0.514735 0.0312123 0.85678
-17.6132 -19.1836 54.9971 -0.514405 0.0319822 0.856948
-18.247 -19.3249 54.6193 -0.516994 0.0293723 0.855485
-17.8146 -20.199 54.9116 -0.518438 0.029958 0.85459
-17.2831 -21.0337 55.2624 -0.515988 0.0309958 0.856035
-16.5651 -21.6557 55.7161 -0.50896 0.0226536 0.860433
-15.7515 -22.1068 56.1977 -0.503297 0.0148873 0.863985
-14.8514 -22.3637 56.678 -0.451349 0.0398655 0.891361
-13.885 -22.3501 57.179 -0.460193 0.0480535 0.886517
-12.8984 -21.9688 57.6421 -0.438055 0.0629485 0.896742
-12.1287 -21.2745 57.9487 -0.358132 0.0297766 0.932922
-11.5147 -20.3893 58.1764 -0.356216 0.00803366 0.934369
-11.1809 -19.0065 58.2863 -0.379276 0.0321023 0.924312
-11.1467 -17.8742 58.2451 -0.402134 0.0324935 0.914918
-11.4635 -16.3931 58.0726 -0.408774 0.0302407 0.912057
-12.1063 -15.1635 57.7474 -0.425369 0.0178926 0.904843
-12.9592 -14.3167 57.3209 -0.432067 0.0235357 0.901534
-14.2323 -13.6867 56.6966 -0.429907 0.0423337 0.90188
-15.6731 -13.6249 55.9525 -0.478418 0.0241126 0.8778
-16.5177 -13.9227 55.5008 -0.499129 0.0119355 0.865965
-17.3952 -14.4805 54.9801 -0.517233 0.0205246 0.855597
-18.194 -15.5956 54.5187 -0.520445 0.0239685 0.853552
-18.5232 -16.9784 54.3573 -0.536385 0.0242055 0.843548
-18.5412 -18.2548 54.4043 -0.530529 0.0417266 0.846424
-18.5279 -18.4248 54.4196 -0.514865 0.0314381 0.856688
-19.1268 -18.6842 54.0341 -0.552705 0.0311136 0.832793
-19.1846 -17.0047 53.9281 -0.542963 0.025572 0.839333
-18.9431 -15.8222 54.0556 -0.544628 0.0254347 0.838223
-18.5723 -14.9169 54.2641 -0.53767 0.0241081 0.842811
-17.8829 -13.997 54.6728 -0.519638 0.0190757 0.854171
-16.8634 -13.2786 55.2844 -0.523499 0.00537156 0.852009
-15.8848 -12.9262 55.8211 -0.474517 0.0190415 0.88004
-14.5919 -12.8374 56.5 -0.438415 0.0258862 0.898276
-13.583 -13.1074 56.9978 -0.432045 0.0116165 0.901682
-12.7181 -13.6423 57.4176 -0.430711 0.0267124 0.902094
-11.886 -14.3462 57.8343 -0.429935 0.024749 0.90252
-11.1572 -15.2974 58.1653 -0.371659 0.0317619 0.927826
-10.6772 -16.7427 58.4 -0.347887 0.0447957 0.936457
-10.4843 -17.7188 58.518 -0.336057 0.0376248 0.941
-10.4764 -19.3707 58.5611 -0.345905 0.0322747 0.937697
-10.7154 -20.3375 58.4814 -0.358715 0.00760894 0.933415
-11.2012 -21.231 58.3032 -0.35752 0.0297187 0.933179
-11.8713 -22.0487 58.0912 -0.373839 0.0417338 0.926351
-13.3295 -22.9692 57.5002 -0.416137 0.0448057 0.907707
-14.2147 -23.1454 57.0502 -0.462101 0.0430559 0.885778
-15.2347 -23.0483 56.5151 -0.470071 0.0329313 0.881927
-16.1509 -22.7238 55.9801 -0.496972 0.0325325 0.867156
-16.9666 -22.2172 55.495 -0.508933 0.0285418 0.860205
-17.7583 -21.4985 54.9917 -0.519766 0.0240793 0.853969
-18.3565 -20.5231 54.5942 -0.518438 0.029958 0.85459
-18.7958 -19.62 54.2855 -0.552872 0.027701 0.832806
-18.9616 -19.1752 54.1607 -0.552419 0.0283331 0.833085
-19.4266 -19.6805 53.8687 -0.553069 0.0276958 0.832675
-19.1172 -20.933 54.1189 -0.550191 0.0297697 0.834506
-18.5266 -21.7523 54.5263 -0.541725 0.0296848 0.839995
-17.6492 -22.4717 55.0855 -0.519766 0.0240793 0.853969
-16.9672 -23.1656 55.524 -0.521172 0.0284442 0.852977
-16.0685 -23.6274 56.0611 -0.496056 0.0317234 0.867711
-14.9776 -23.8405 56.6794 -0.479392 0.0293626 0.877104
-13.951 -23.8995 57.2242 -0.449222 0.0293024 0.892715
-13.083 -23.5988 57.6281 -0.410056 0.0241403 0.911533
-12.1298 -23.3718 58.0251 -0.387756 0.0278462 0.921341
-11.4888 -22.6248 58.2707 -0.372633 0.0412428 0.926864
-10.7567 -21.8257 58.5073 -0.371377 0.0582454 0.926531
-9.94337 -20.4078 58.7839 -0.386488 0.0193387 0.922092
-9.79703 -19.4035 58.8166 -0.349839 0.0254421 0.936411
-9.73371 -18.3781 58.7951 -0.308157 0.0337016 0.950703
-9.76125 -17.2483 58.7514 -0.311838 0.0274706 0.949735
-10.1155 -16.2699 58.5854 -0.337118 0.0438436 0.940403
-10.2657 -15.1868 58.508 -0.342174 0.0143237 0.939527
-11.0824 -14.1861 58.1602 -0.372493 0.0249186 0.927696
-11.793 -13.4942 57.8431 -0.38442 0.0342523 0.92252
-12.5571 -12.728 57.4671 -0.424927 0.0206126 0.904949
-13.3806 -12.2607 57.0787 -0.423811 0.0161197 0.905597
-14.689 -12.0204 56.4302 -0.453589 0.0166566 0.891053
-15.8848 -12.0961 55.803 -0.4743 0.0198437 0.88014
-16.8126 -12.406 55.3095 -0.498939 0.0124781 0.866067
-17.6397 -12.805 54.8028 -0.530265 0.017023 0.847659
-18.5335 -13.4548 54.2511 -0.541804 0.0187514 0.840289
-19.0368 -14.41 53.953 -0.54331 0.0242666 0.839156
-19.5436 -15.7639 53.6547 -0.552123 0.021734 0.833476
-19.7923 -16.8362 53.5208 -0.555014 0.0260092 0.831433
-19.7749 -18.0233 53.5753 -0.555178 0.0336208 0.831052
-19.7498 -18.2734 53.6021 -0.55505 0.033564 0.83114
-19.8438 -19.012 53.5693 -0.554117 0.0306897 0.831867
