-17.0673 8.77922 55.1899 -0.490758 -0.0232599 0.870985
-16.3784 7.59574 55.5454 -0.484602 -0.023798 0.874394
-16.1718 8.68462 55.6875 -0.479885 -0.0233955 0.877019
-16.7302 9.81166 55.406 -0.491013 -0.0199938 0.870921
-16.9635 9.06145 55.2562 -0.491675 -0.0223629 0.87049
-17.8924 8.98419 54.7271 -0.494174 -0.0208078 0.869113
-17.6978 7.9887 54.812 -0.493764 -0.0229806 0.869292
-17.1571 6.84261 55.0815 -0.490307 -0.02981 0.87104
-16.6902 5.69681 55.2963 -0.485124 -0.027168 0.873983
-16.508 4.6419 55.377 -0.485556 -0.0145975 0.874084
-16.375 3.4768 55.4326 -0.489165 -0.00658896 0.872143
-16.3014 2.06587 55.4777 -0.492323 0.00366758 0.870405
-16.7055 0.645519 55.2384 -0.523602 0.0028356 0.851958
-16.7916 -0.519044 55.1891 -0.525448 0.00147202 0.850822
-16.246 -1.87618 55.4772 -0.485794 -0.0118945 0.873992
-15.354 -2.14444 55.9675 -0.469249 0.00155382 0.88301
-14.5076 -0.695453 56.4327 -0.454073 -0.023452 0.890656
-14.752 0.284633 56.3233 -0.441442 -0.00592566 0.89727
-15.091 1.25518 56.1579 -0.487994 -0.00156025 0.872846
-15.6416 2.83897 55.8472 -0.495326 -0.00391765 0.868648
-16.0148 3.77778 55.6417 -0.50107 -0.0119822 0.86532
-15.9704 5.32554 55.6932 -0.497783 -0.0105147 0.867225
-15.8357 6.88366 55.8147 -0.478315 -0.0346905 0.877503
-15.6273 8.1239 55.9704 -0.47807 -0.025885 0.877934
-15.6198 9.2663 56.0058 -0.480574 -0.0272059 0.876532
-15.8688 10.2438 55.8996 -0.485327 -0.022677 0.874013
-16.4179 11.1168 55.6087 -0.491389 -0.0153249 0.870805
-17.705 9.95918 54.8553 -0.494486 -0.0190859 0.868976
-17.7178 9.92242 54.8472 -0.494251 -0.0194834 0.869101
-18.5146 9.99072 54.3832 -0.504355 -0.0105468 0.863432
-18.0582 10.8798 54.6603 -0.504982 -0.020594 0.862826
-17.2556 11.7602 55.1502 -0.48714 -0.0203029 0.873086
-16.469 12.5027 55.6143 -0.491778 -0.0268536 0.870305
-15.499 11.2692 56.1289 -0.497486 -0.0239573 0.867058
-15.1369 10.3082 56.3026 -0.462367 -0.0207894 0.886191
-14.9225 8.90097 56.3768 -0.480256 -0.025274 0.876762
-15.0478 7.57104 56.2665 -0.476035 -0.0283826 0.878968
-15.1924 6.36462 56.145 -0.487105 -0.020293 0.872935
-15.264 5.25039 56.0961 -0.496069 -0.00625922 0.868261
-15.2298 4.24544 56.1029 -0.500881 -0.0128743 0.865419
-14.9268 2.90263 56.2606 -0.468118 -0.0148609 0.882807
-14.4431 1.55783 56.4831 -0.441769 -0.0052787 0.897113
-13.9406 0.228083 56.7217 -0.440902 -0.00624355 0.897534
-13.743 -1.22622 56.8085 -0.447561 -0.0150344 0.894055
-14.0904 -2.32976 56.6286 -0.461383 0.00871993 0.887158
-14.9039 -2.95546 56.2061 -0.468013 -0.00619099 0.883653
-15.8183 -3.03095 55.7097 -0.487067 -0.000912347 0.873364
-16.8989 -2.3758 55.1041 -0.490566 -0.00698085 0.871341
-17.4271 -0.967792 54.7954 -0.526775 6.24993e-06 0.850005
-17.4473 0.157403 54.7827 -0.526699 -0.000474571 0.850051
-17.2127 1.60503 54.9373 -0.512265 -0.0193977 0.85857
-17.0271 2.64116 55.0564 -0.497592 -0.00715566 0.867286
-17.095 3.66423 55.0342 -0.487959 -0.0130906 0.872767
-17.2455 4.66403 54.9671 -0.484875 -0.0176524 0.874398
-17.7167 6.15537 54.741 -0.485004 -0.0273645 0.874042
-18.1979 7.29662 54.4823 -0.53793 -0.0262863 0.842549
-18.5636 8.54879 54.3067 -0.536716 -0.0373258 0.842922
-18.5566 9.7203 54.3552 -0.522244 -0.0201242 0.852249
-19.2866 10.0405 53.8965 -0.541101 -0.0290453 0.840456
-19.3411 8.78294 53.8157 -0.542423 -0.0355687 0.839352
-19.0594 7.59713 53.9475 -0.539446 -0.0376944 0.841166
-18.6883 6.61727 54.1539 -0.543642 -0.0229156 0.838981
-18.2443 5.44388 54.3992 -0.539004 -0.0291264 0.841794
-17.9428 4.34077 54.553 -0.539639 -0.0222982 0.841565
-17.7956 3.24348 54.6186 -0.531045 -0.0233286 0.847022
-17.8338 2.02031 54.5645 -0.529636 -0.0165359 0.848063
-18.0239 0.935488 54.4272 -0.522739 -0.00556576 0.852469
-18.1776 -0.883327 54.3302 -0.526837 -5.9924e-06 0.849966
-17.95 -2.03801 54.4686 -0.530325 -0.00465361 0.847782
-17.4373 -2.99846 54.7848 -0.518906 -0.00950171 0.85465
-16.7639 -3.63054 55.1709 -0.505553 -0.0143658 0.862671
-15.6628 -3.92278 55.7907 -0.475933 -0.00553584 0.879464
-14.0865 -3.51194 56.627 -0.449206 0.00112869 0.89322
-13.2845 -2.60403 57.0171 -0.430883 -0.0082118 0.902369
-12.9719 -1.64079 57.1594 -0.404907 -0.00409838 0.914332
-12.9751 -0.466917 57.1682 -0.408307 -0.00606787 0.912825
-13.4038 0.978017 56.9863 -0.412381 -0.014035 0.910856
-13.8254 1.95202 56.79 -0.441856 -0.00628469 0.897064
-14.4096 3.7444 56.5285 -0.436349 -0.018515 0.899587
-14.5395 5.50407 56.488 -0.418497 -0.0110939 0.90815
-14.4671 6.59423 56.5326 -0.423758 -0.0166467 0.905576
-14.3458 7.62186 56.6194 -0.425899 -0.0259775 0.904397
-14.2278 8.62397 56.7021 -0.428615 -0.0287676 0.90301
-14.2085 9.65795 56.7483 -0.441981 -0.0186806 0.896829
-14.4029 10.6435 56.6723 -0.443052 -0.0165156 0.896342
-14.829 11.5991 56.4877 -0.44804 -0.0296652 0.893521
-15.2413 12.4955 56.3101 -0.446758 -0.0255563 0.894289
-15.6696 13.3854 56.1135 -0.499492 -0.0432169 0.865189
-16.835 13.2879 55.4443 -0.492303 -0.0487614 0.869053
-17.9014 12.2228 54.799 -0.498033 -0.0245319 0.866757
-18.9626 10.9282 54.1319 -0.505188 -0.0201545 0.862711
-19.0047 10.8417 54.1063 -0.522985 -0.0196535 0.851789
-19.786 10.9839 53.6038 -0.544606 -0.0288239 0.838194
-20.1087 9.36851 53.3422 -0.554736 -0.0328313 0.831267
-20.0012 8.18826 53.3671 -0.536481 -0.0301347 0.84337
-19.6579 7.14221 53.5471 -0.531922 -0.0297139 0.846271
-19.2194 6.02545 53.7873 -0.546239 -0.0284308 0.837147
-18.7632 4.68902 54.0361 -0.540229 -0.0236047 0.841135
-18.5615 3.59961 54.1454 -0.537552 -0.0152824 0.843092
-18.5654 1.93845 54.1059 -0.52633 -0.0127791 0.85016
-18.7269 0.805152 53.9953 -0.522699 -0.00944681 0.852465
-18.877 -0.321827 53.9005 -0.534922 -0.0133236 0.844593
-18.7939 -1.71609 53.9387 -0.550451 0.00360269 0.834859
-18.3703 -3.06005 54.201 -0.530794 -0.00258044 0.847496
-17.5884 -4.02367 54.6937 -0.515251 0.00859251 0.856658
-16.7825 -4.60039 55.1661 -0.500191 0.0187544 0.865712
-15.3978 -4.80686 55.9338 -0.467346 0.00986052 0.884019
-14.3845 -4.62732 56.4751 -0.453723 -0.00566529 0.890825
-13.0175 -3.68559 57.1352 -0.429872 -0.00696608 0.902862
-12.518 -2.84618 57.3604 -0.403143 -0.000622619 0.915136
-12.1946 -1.9106 57.5023 -0.404243 -0.00419155 0.914629
-12.1427 -0.874859 57.5355 -0.404251 -0.00542516 0.914624
-12.3587 0.292624 57.4455 -0.404884 -0.0149004 0.914182
-12.6989 1.2443 57.3161 -0.413943 -0.0217631 0.910036
-13.2022 2.35626 57.0945 -0.425555 -0.0075158 0.904901
-13.6274 3.58009 56.9037 -0.428906 -0.00971034 0.90323
-13.8028 4.97098 56.8236 -0.422839 -0.00128225 0.906204
-13.7913 6.16383 56.8403 -0.421184 -0.0175799 0.906769
-13.6876 7.25805 56.9188 -0.424846 -0.0247952 0.904926
-13.5484 8.2837 57.0124 -0.42648 -0.0290147 0.904021
-13.4369 9.27303 57.1017 -0.427114 -0.032694 0.903606
-13.5671 10.4564 57.0754 -0.439033 -0.0245027 0.898101
-14.0251 11.6831 56.8913 -0.44441 -0.028535 0.895369
-14.6763 13.0152 56.6071 -0.445334 -0.023433 0.895053
-15.0646 13.9576 56.4376 -0.447414 -0.0217478 0.894061
-15.355 14.9847 56.317 -0.450327 -0.0212338 0.892609
-15.3464 16.22 56.3706 -0.455968 -0.0421572 0.888997
-16.0904 16.8641 56.0014 -0.471728 -0.0321049 0.88116
-16.2158 15.7916 55.8951 -0.474446 -0.0347582 0.879588
-16.9856 14.3227 55.4185 -0.488721 -0.0387969 0.87148
-17.643 13.5764 55.0044 -0.490451 -0.0479691 0.870147
-18.5279 12.7079 54.4376 -0.522869 -0.0301757 0.85179
-19.3028 11.8563 53.9448 -0.522408 -0.0177759 0.85251
-19.3897 11.7358 53.8891 -0.53354 -0.0242974 0.845296
-19.7533 12.5685 53.6834 -0.53367 -0.0243198 0.845215
-20.5737 11.0024 53.0928 -0.544472 -0.0286989 0.838285
-20.8452 9.22143 52.8305 -0.565367 -0.0380694 0.823961
-20.6758 7.96656 52.9227 -0.564212 -0.0286424 0.82504
-20.3679 6.98818 53.0909 -0.550555 -0.026553 0.834341
-19.7705 5.44199 53.411 -0.538665 -0.0332473 0.841835
-19.3084 3.87786 53.6734 -0.5408 -0.0150077 0.841018
-19.2036 2.75834 53.7197 -0.538459 -0.0112973 0.842561
-19.2901 1.58828 53.6585 -0.538425 -0.00445536 0.842662
-19.4722 0.562097 53.5354 -0.536976 -0.0127575 0.843298
-19.5924 -0.62175 53.4222 -0.549182 -0.0240203 0.835357
-19.5185 -1.77189 53.4604 -0.551311 0.0030556 0.834294
-19.3346 -2.78254 53.5831 -0.556518 0.000920911 0.830831
-18.6214 -4.06622 54.0395 -0.534133 0.00178624 0.845383
-17.9538 -4.80172 54.471 -0.534201 0.0113861 0.84528
-16.6352 -5.59047 55.2618 -0.492154 0.00814168 0.87047
-15.1745 -5.66975 56.0612 -0.468555 0.0118147 0.883352
-13.7999 -5.33326 56.7488 -0.425474 0.00223205 0.904887
-12.8479 -4.77181 57.2049 -0.427413 -0.0088586 0.904013
-12.2516 -4.00368 57.485 -0.413451 -0.000166828 0.910487
-11.7721 -3.12421 57.688 -0.399731 0.00380747 0.916609
-11.4078 -2.19731 57.8487 -0.404243 -0.00419155 0.914629
-11.3505 -1.17569 57.8638 -0.333481 0.012025 0.942673
-11.496 -0.0689096 57.7959 -0.334786 -0.00381173 0.942111
-11.7534 1.00376 57.7254 -0.340201 -0.0193379 0.940154
-12.1514 1.94226 57.5762 -0.410821 -0.0130425 0.911609
-12.6091 2.87293 57.3762 -0.415096 -0.00119467 0.909757
-13.0198 4.35977 57.1872 -0.418907 -0.000238278 0.908028
-13.1017 5.65492 57.1512 -0.411638 0.00579184 0.911283
-13.0332 6.79678 57.2074 -0.384194 -0.0276289 0.922837
-12.8847 7.87958 57.3003 -0.391046 -0.0310703 0.919821
-12.6324 9.55675 57.4681 -0.398108 -0.0302941 0.916838
-12.8581 11.0114 57.4072 -0.389881 -0.0203285 0.920618
-13.6095 12.5236 57.1139 -0.398043 -0.0226205 0.917078
-14.1038 13.576 56.9042 -0.443734 -0.0215397 0.895899
-14.4445 14.5442 56.7595 -0.443081 -0.0216028 0.896221
-14.658 15.5513 56.6838 -0.443706 -0.0398155 0.895248
-14.6001 16.8915 56.7683 -0.432102 -0.0370093 0.90105
-13.4612 18.1855 57.3777 -0.430128 -0.0488285 0.901411
-12.6288 18.8342 57.7889 -0.416095 -0.0389693 0.908486
-11.7993 19.581 58.2055 -0.396316 -0.0506848 0.916231
-11.0497 20.6595 58.561 -0.368048 -0.0490727 0.928511
-10.549 21.5981 58.7933 -0.36202 -0.0345058 0.931531
-10.2065 23.1524 58.973 -0.329564 -0.0489386 0.942864
-10.1855 24.1612 59.0312 -0.336633 -0.055955 0.939972
-10.3585 25.1555 59.0292 -0.333923 -0.0621851 0.940526
-11.0801 26.8293 58.8931 -0.35994 -0.0610374 0.930528
-11.8053 27.6622 58.6398 -0.383106 -0.0524537 0.922214
-12.6596 28.2134 58.3129 -0.396677 -0.0547453 0.916279
-13.5598 28.5333 57.9291 -0.406868 -0.0471714 0.912268
-14.5295 28.5354 57.4962 -0.411287 -0.0469039 0.910289
-15.6891 28.1249 56.9059 -0.459326 -0.0902505 0.883671
-16.67 27.51 56.3427 -0.4765 -0.0737492 0.875766
-17.559 26.3045 55.7172 -0.504915 -0.0789537 0.859431
-18.0278 25.2579 55.3715 -0.506403 -0.0498237 0.860856
-18.3065 24.2789 55.1509 -0.524539 -0.0642916 0.84855
-18.5277 23.1862 54.9456 -0.517344 -0.0527044 0.85415
-18.3945 21.3719 54.9208 -0.514434 -0.0428442 0.856444
-17.848 20.1669 55.1951 -0.512412 -0.0442056 0.857585
-17.3748 18.939 55.4081 -0.506576 -0.0476522 0.860876
-17.0309 17.7709 55.5492 -0.505891 -0.0440084 0.861474
-16.8882 16.5531 55.5626 -0.474606 -0.0351113 0.879488
-17.2834 15.3004 55.2933 -0.494857 -0.0360197 0.868006
-17.8295 14.5534 54.9372 -0.513313 -0.0349127 0.857491
-18.5961 13.7534 54.4458 -0.513523 -0.0347463 0.857372
-19.5877 12.7579 53.7889 -0.522748 -0.0296004 0.85189
-20.0575 13.4054 53.5063 -0.558216 -0.0237311 0.829338
-19.2479 14.2511 54.0717 -0.539866 -0.0346521 0.840784
-18.6481 15.1297 54.4708 -0.513468 -0.0351864 0.857387
-17.6768 16.2468 55.0975 -0.509752 -0.0339631 0.859647
-17.6821 17.4519 55.1504 -0.504804 -0.0431349 0.862154
-18.001 18.4739 55.013 -0.508227 -0.0446622 0.860062
-18.5865 20.0739 54.7443 -0.520108 -0.0452302 0.852887
-19.0472 21.0537 54.5136 -0.513157 -0.0437049 0.857173
-19.3018 22.7507 54.4526 -0.514533 -0.0476333 0.85614
-19.0948 24.0553 54.6296 -0.537884 -0.0287904 0.842527
-18.9506 25.0931 54.8095 -0.543024 -0.0788468 0.836007
-18.6125 26.0174 55.0726 -0.507112 -0.0596339 0.859815
-17.8012 27.3772 55.662 -0.51952 -0.0769561 0.850966
-17.1245 28.4228 56.1771 -0.489134 -0.0883629 0.867507
-16.2944 28.7481 56.6556 -0.460644 -0.0867296 0.883333
-15.3258 29.2537 57.1679 -0.415207 -0.0444554 0.90864
-14.3993 29.3851 57.5977 -0.411277 -0.0451213 0.910383
-13.4955 29.5194 58.0109 -0.410134 -0.0514043 0.910576
-12.5879 29.0433 58.3924 -0.397353 -0.0532243 0.91602
-11.7256 28.6234 58.7276 -0.381877 -0.0547538 0.922585
-10.9711 28.011 59.0062 -0.363603 -0.0554799 0.929669
-10.3392 27.217 59.1874 -0.339305 -0.0636622 0.938497
-9.63819 25.6902 59.3215 -0.331483 -0.0692624 0.940915
-9.4158 24.6205 59.3337 -0.326629 -0.0571879 0.943421
-9.45081 23.4483 59.2527 -0.333847 -0.0506082 0.94125
-9.31881 22.3157 59.2397 -0.328162 -0.0366549 0.943823
-9.82468 21.3864 59.0413 -0.326088 -0.0238 0.94504
-10.1847 20.4488 58.8918 -0.342545 -0.0444921 0.938133
-10.6932 19.5502 58.6418 -0.36137 -0.0507531 0.931032
-11.8221 18.4862 58.1277 -0.393511 -0.0588258 0.917317
-12.5611 17.8653 57.7587 -0.400359 -0.0513465 0.914856
-13.3629 17.2292 57.3805 -0.434078 -0.0418965 0.899901
-13.8247 16.0187 57.1076 -0.429384 -0.0312429 0.902582
-13.6056 14.6234 57.1498 -0.409665 -0.0310075 0.911535
-13.1732 13.2929 57.3238 -0.407252 -0.0128211 0.913224
-12.5375 12.3881 57.5767 -0.39066 -0.0322614 0.919916
-12.116 11.3928 57.7262 -0.384857 -0.0220342 0.922712
-11.8825 9.62257 57.7867 -0.380396 -0.0123269 0.9247
-12.0104 8.44972 57.6975 -0.390616 -0.0335122 0.919937
-12.2 7.3244 57.5718 -0.385631 -0.0315934 0.922105
-12.3497 6.2893 57.4768 -0.394121 -0.00868263 0.918704
-12.3813 5.11539 57.4798 -0.402885 0.0111354 0.915179
-12.1659 4.08081 57.5773 -0.395956 -0.0183896 0.91779
-11.9363 3.11801 57.6791 -0.409623 -0.002738 0.912251
-11.148 1.55986 57.9559 -0.336926 -0.0128145 0.941418
-10.8237 0.49446 58.0506 -0.331707 -0.0198117 0.943146
-10.6154 -0.962654 58.1194 -0.32478 0.015907 0.945622
-10.637 -2.49172 58.1293 -0.333399 0.0128801 0.942688
-10.9934 -3.50027 58.0201 -0.326765 0.00509396 0.94509
-11.5116 -4.355 57.82 -0.409893 0.00527138 0.911995
-12.6553 -5.62178 57.2849 -0.420007 -0.00336114 0.907488
-13.7038 -6.21243 56.8077 -0.419988 0.0148198 0.907406
-15.0988 -6.57976 56.1159 -0.469782 0.0140358 0.882671
-16.3725 -6.53987 55.4022 -0.508742 0.00119354 0.860733
-17.9116 -5.8544 54.5147 -0.520766 -0.00182204 0.853416
-19.0642 -4.8386 53.7679 -0.541036 0.010594 0.840895
-19.7678 -3.72045 53.2964 -0.556775 0.00399775 0.830653
-20.1485 -2.41685 53.0391 -0.556435 -0.0019085 0.830889
-20.3704 -1.21406 52.8927 -0.555747 -0.00871337 0.831271
-20.4451 -0.203639 52.8651 -0.557431 -0.0195657 0.829992
-20.1408 0.744676 53.0937 -0.556414 -0.0253771 0.830517
-19.9564 2.11613 53.2354 -0.539006 -0.00549872 0.842284
-20.1223 3.95515 53.1515 -0.540937 -0.0148769 0.840931
-20.5465 5.52354 52.9118 -0.543664 -0.030487 0.838694
-21.2044 7.01684 52.5236 -0.582043 -0.0301645 0.812587
-21.4862 8.07951 52.3562 -0.586308 -0.0262343 0.809662
-21.5243 9.17792 52.3603 -0.56748 -0.0289894 0.822821
-21.6429 10.1805 52.3045 -0.593006 -0.0196236 0.804959
-21.0658 11.8247 52.7803 -0.576008 -0.024538 0.816871
-20.611 12.7113 53.1082 -0.56264 -0.0172923 0.826521
-20.6013 12.7255 53.1151 -0.562583 -0.0215487 0.826449
-16.1653 17.1441 55.9754 -0.46918 -0.0595855 0.88109
-16.5529 18.7193 55.8746 -0.46522 -0.0544511 0.883492
-16.9942 19.9643 55.6777 -0.48943 -0.0330726 0.871415
-17.3957 20.8661 55.4876 -0.489785 -0.0367259 0.871069
-17.7568 21.8269 55.3265 -0.502959 -0.0582186 0.862316
-17.8168 22.8372 55.3524 -0.506781 -0.0521969 0.860493
-17.5476 24.3484 55.5985 -0.503797 -0.0489525 0.862431
-17.2146 25.3361 55.8511 -0.503142 -0.0511794 0.862687
-16.7607 26.1715 56.1592 -0.494912 -0.084531 0.864821
-16.0687 26.9115 56.6127 -0.460719 -0.0612297 0.885431
-14.841 27.5411 57.2936 -0.455254 -0.0650515 0.887957
-13.646 27.6544 57.8424 -0.405466 -0.0534864 0.912544
-12.7493 27.3276 58.2211 -0.396427 -0.0551276 0.916362
-11.9456 26.6462 58.5181 -0.387444 -0.0568769 0.920137
-11.4164 25.7628 58.6856 -0.386646 -0.0574164 0.920439
-11.0939 24.7492 58.7412 -0.333923 -0.0621851 0.940526
-10.9719 23.5176 58.7205 -0.332693 -0.046321 0.941897
-11.2638 21.8891 58.5255 -0.369769 -0.0283738 0.92869
-11.8941 20.8042 58.2302 -0.398097 -0.0470963 0.915698
-12.6351 19.8973 57.8319 -0.423613 -0.0510222 0.904405
-13.3587 19.2619 57.473 -0.416095 -0.0389693 0.908486
-14.1623 18.6259 57.0739 -0.422903 -0.0474178 0.904888
-15.0837 17.6728 56.5798 -0.443821 -0.0533491 0.894318
-15.4683 17.4614 56.3676 -0.464831 -0.0550542 0.883662
-15.745 18.6896 56.293 -0.460902 -0.0498265 0.886051
-14.8856 19.0458 56.7555 -0.426327 -0.033952 0.903904
-13.5212 20.1562 57.4368 -0.41822 -0.0390962 0.907501
-12.6854 20.9949 57.8704 -0.423124 -0.0518777 0.904585
-12.1649 21.892 58.1654 -0.398549 -0.0393792 0.915812
-11.7978 23.13 58.3665 -0.373934 -0.0591489 0.925567
-11.8662 24.5572 58.4145 -0.396946 -0.0536317 0.916179
-12.1843 25.5099 58.3466 -0.396042 -0.0663301 0.915834
-12.8034 26.327 58.1368 -0.387861 -0.0567115 0.919971
-13.7004 26.7627 57.7641 -0.410599 -0.0597901 0.909852
-14.7492 26.638 57.2694 -0.450707 -0.0692805 0.889979
-15.7938 26.0747 56.696 -0.451396 -0.0521982 0.890632
-16.5002 25.1622 56.2511 -0.496485 -0.0463236 0.866808
-16.845 24.2011 56.0011 -0.50319 -0.0453656 0.862983
-17.0577 22.614 55.7859 -0.506759 -0.0522299 0.860504
-16.8389 21.3763 55.8232 -0.499618 -0.0645208 0.863839
-16.2095 19.8768 56.1151 -0.474672 -0.0408713 0.879016
-15.794 18.8772 56.2781 -0.460906 -0.0485193 0.88612
-15.2388 19.9413 56.6156 -0.431146 -0.0290594 0.901814
-14.1019 20.6531 57.1811 -0.432262 -0.0516592 0.899967
-13.1243 21.6874 57.7065 -0.407613 -0.062494 0.911012
-12.6575 22.6461 57.9818 -0.406915 -0.0550522 0.911766
-12.6156 24.1963 58.0724 -0.399276 -0.0412366 0.915903
-13.0035 25.2338 57.9723 -0.396165 -0.0667579 0.915749
-13.7363 25.8347 57.6866 -0.408932 -0.0620316 0.910453
-14.8218 25.7106 57.1696 -0.452427 -0.0472053 0.890475
-15.6419 25.0316 56.7193 -0.483209 -0.0558881 0.873719
-16.1865 23.8967 56.3597 -0.481809 -0.0388288 0.875415
-16.297 22.1168 56.1919 -0.499564 -0.0638471 0.863921
-15.9052 20.9917 56.3343 -0.475809 -0.0602508 0.877052
-15.8146 20.844 56.3693 -0.432408 -0.0521057 0.899872
-15.3369 21.4957 56.6545 -0.442856 -0.0655147 0.894087
-14.1627 21.6986 57.2388 -0.433779 -0.0747764 0.897911
-13.5867 22.4523 57.5534 -0.408122 -0.0635904 0.91071
-13.3082 23.5536 57.7378 -0.407029 -0.0464194 0.912235
-13.9582 24.8793 57.5221 -0.408809 -0.0609832 0.910579
-15.1007 24.5121 56.9831 -0.428051 -0.0473026 0.902208
-15.5489 23.3638 56.6716 -0.456164 -0.0666579 0.887389
-15.4812 21.8827 56.6055 -0.452231 -0.0566266 0.890101
-14.666 22.3585 57.0502 -0.442857 -0.0657847 0.894081
-14.1399 23.1274 57.3439 -0.408854 -0.0473043 0.911373
-14.8171 23.6896 57.0689 -0.431404 -0.0552942 0.900075
-14.7201 22.713 57.0456 -0.452329 -0.0618068 0.889695
-15.7755 1.08471 55.7751 -0.488524 -0.00128541 0.872549
-15.5443 -0.100948 55.8998 -0.489964 -0.0113551 0.871647
-16.0248 -0.794486 55.6178 -0.488752 -0.0163189 0.872269
-15.9332 0.700234 55.6851 -0.492225 -0.00554826 0.87045
-15.8999 0.875351 55.705 -0.490722 -0.00340625 0.871305
