15.3604 -20.0898 57.902 0.438852 0.0218717 0.898292
15.6941 -21.1196 57.7676 0.444126 0.0381017 0.895144
15.3859 -20.088 57.889 0.465723 0.0320062 0.884321
15.3612 -20.0781 57.9014 0.439949 0.0223057 0.897745
14.8327 -19.9027 58.156 0.439949 0.0223057 0.897745
14.8404 -21.653 58.2135 0.442661 0.0390985 0.895832
15.7037 -22.3298 57.8098 0.467829 0.0302943 0.882973
16.3861 -21.5415 57.4023 0.483885 0.0265591 0.87471
16.5103 -20.4475 57.3046 0.489506 0.0224664 0.87171
16.6644 -19.0955 57.186 0.477032 0.026487 0.878361
16.6802 -18.0739 57.1393 0.466893 0.033673 0.883671
16.7015 -17.0653 57.0903 0.468058 0.0318701 0.883122
16.8635 -15.5161 56.9579 0.468933 0.0234511 0.882922
16.7723 -14.3808 56.9804 0.483705 0.0179896 0.875043
17.1593 -13.125 56.7459 0.497335 0.0112516 0.867485
17.4092 -12.1668 56.5897 0.50013 0.0198432 0.865679
17.1586 -10.502 56.6941 0.49 0.0278633 0.870973
16.1089 -10.4179 57.2481 0.453347 0.0322952 0.890749
15.5323 -11.4509 57.579 0.444018 0.031779 0.89519
15.4106 -12.8463 57.6863 0.428792 0.0376046 0.902598
15.5042 -14.0439 57.6722 0.480887 0.0182486 0.876588
15.6787 -15.635 57.6083 0.481387 0.0169113 0.876339
15.5458 -16.639 57.6919 0.475163 0.0176466 0.879686
15.4404 -17.6743 57.7789 0.473563 0.0304178 0.880221
15.1872 -18.7237 57.9399 0.457059 0.0291045 0.888831
15.0412 -19.4499 58.0418 0.439956 0.0246413 0.897681
14.4969 -18.839 58.2788 0.407504 0.0485043 0.911913
14.7719 -17.687 58.1212 0.402925 0.0206194 0.914891
14.9346 -16.5821 58.0143 0.426166 0.00158 0.904626
14.9852 -15.4336 57.9752 0.444314 0.0212619 0.895125
14.9081 -14.0317 57.9704 0.43558 0.0288032 0.899689
14.8118 -12.8259 57.9726 0.432438 0.0425974 0.900657
14.8203 -11.6806 57.9212 0.424699 0.0329602 0.904734
15.2449 -10.3187 57.6727 0.428771 0.0347079 0.902746
16.1942 -9.47925 57.1703 0.450084 0.0292074 0.892492
17.2514 -9.59815 56.6245 0.488449 0.0117471 0.872127
17.9672 -10.3804 56.2126 0.509922 0.0162873 0.860065
18.1117 -11.4362 56.1554 0.504611 0.0259904 0.862953
17.9858 -12.43 56.2627 0.500481 0.0208853 0.865439
17.7531 -13.418 56.4093 0.495843 0.0137247 0.868298
17.4991 -14.4358 56.5725 0.493774 0.0253918 0.869174
17.4534 -15.4835 56.6397 0.49544 0.0325968 0.86803
17.3551 -16.5046 56.72 0.474032 0.0275091 0.880052
17.314 -17.517 56.7814 0.468415 0.0330053 0.882891
17.3104 -18.5199 56.8024 0.502513 0.0220915 0.86426
17.3023 -19.5598 56.839 0.488556 0.0195665 0.872313
17.1245 -21.1194 56.9775 0.489829 0.0237161 0.871496
16.4413 -22.7642 57.4092 0.490442 0.0294485 0.870965
15.6017 -23.19 57.8924 0.486068 0.0285488 0.873452
14.5085 -22.7068 58.4182 0.440139 0.0315038 0.897376
14.1265 -21.7563 58.5708 0.442661 0.0390985 0.895832
14.1348 -20.6595 58.5143 0.439687 0.0315477 0.897525
14.3085 -19.7117 58.4081 0.42368 0.0363706 0.90485
13.658 -19.6008 58.6929 0.407398 0.0470133 0.91204
13.4587 -20.8833 58.8488 0.407038 0.0490655 0.911844
13.5115 -22.179 58.8741 0.421628 0.0350758 0.90609
13.9238 -23.1713 58.7213 0.431385 0.0334624 0.90148
14.6487 -23.8253 58.3886 0.440249 0.0356346 0.897168
16.1119 -23.8275 57.6289 0.485096 0.026833 0.874049
16.9273 -23.2618 57.1554 0.488249 0.0320387 0.872113
17.451 -22.3598 56.8281 0.492965 0.0238434 0.869718
17.831 -21.0591 56.5735 0.497839 0.0258534 0.866882
17.9224 -20.0583 56.495 0.497195 0.0188855 0.867431
17.9474 -18.7654 56.4399 0.506651 0.0296764 0.861634
17.9385 -17.436 56.4125 0.508204 0.0170239 0.861068
17.9876 -16.4226 56.3626 0.513225 0.0204317 0.858011
18.0886 -15.2685 56.2687 0.497959 0.0347206 0.8665
18.2657 -14.0588 56.1303 0.495662 0.0153785 0.868377
18.5021 -12.9988 55.976 0.515243 0.018388 0.856483
18.7527 -11.6589 55.7805 0.516001 0.0301959 0.856053
18.7584 -10.5751 55.7419 0.516235 0.0191174 0.8562
18.3359 -9.52852 55.979 0.510481 0.0135979 0.85978
17.6026 -8.90181 56.4056 0.510454 0.0119097 0.859823
16.4812 -8.61688 57.002 0.455351 0.0208363 0.890056
15.5907 -8.82966 57.4617 0.446321 0.00446618 0.894756
14.8113 -9.60189 57.8527 0.438434 0.0164961 0.898612
14.2373 -10.9234 58.1698 0.425258 0.0293377 0.904596
14.1585 -12.4889 58.2707 0.426461 0.0412072 0.903523
14.2762 -13.8562 58.2708 0.429642 0.0221729 0.902672
14.3451 -14.9326 58.2567 0.423214 0.0151077 0.905904
14.3372 -15.9889 58.2935 0.423798 0.0188012 0.905461
14.1986 -17.0202 58.3569 0.417389 0.0141091 0.908427
14.003 -18.0093 58.454 0.395257 0.029705 0.917782
13.7547 -19.1019 58.6241 0.406846 0.0476851 0.912251
13.0391 -19.3591 58.9547 0.394943 0.0424416 0.91769
13.4301 -17.5839 58.687 0.395257 0.029705 0.917782
13.6546 -16.287 58.593 0.391155 -0.00262199 0.920319
13.6999 -14.4456 58.55 0.423216 0.0151076 0.905903
13.6026 -13.4473 58.5633 0.380299 0.0215074 0.924588
13.5238 -11.9732 58.5384 0.419568 0.0461933 0.906548
13.5439 -10.852 58.4882 0.418069 0.0283896 0.907971
14.0299 -9.55885 58.2327 0.425636 0.0164342 0.904641
14.6319 -8.65373 57.9225 0.434518 0.0104517 0.90057
15.3888 -8.07434 57.5558 0.434169 0.00325136 0.900825
16.3566 -7.83008 57.0611 0.459371 0.0047351 0.888231
17.269 -7.95006 56.5887 0.456799 0.01081 0.889476
18.1207 -8.31253 56.085 0.517015 0.0203927 0.855733
18.8038 -8.9241 55.6865 0.525902 0.0170759 0.850308
19.3345 -9.90629 55.3809 0.525431 0.0219664 0.850499
19.4167 -11.5134 55.3742 0.526804 0.0201302 0.849654
19.2378 -12.5222 55.5007 0.534309 0.0112429 0.845214
18.9602 -13.8217 55.7047 0.537 0.0205902 0.843331
18.7519 -14.9398 55.8658 0.526652 0.0212507 0.849753
18.6015 -16.3047 55.9925 0.525354 0.0212012 0.85057
18.5566 -17.5503 56.041 0.53046 0.0172886 0.847526
18.5602 -19.1259 56.0756 0.543487 0.0212594 0.839149
18.5367 -20.3715 56.1224 0.543337 0.0214564 0.83924
18.3762 -21.75 56.2724 0.547574 0.0323723 0.83613
18.0094 -22.7999 56.52 0.497899 0.0256448 0.866846
17.02 -24.1765 57.1354 0.492107 0.0301472 0.869992
16.2029 -24.6432 57.6034 0.485119 0.026773 0.874038
14.6096 -24.6272 58.4396 0.441948 0.0334506 0.896414
13.7551 -24.1642 58.8403 0.431617 0.0406201 0.901073
13.1243 -23.2163 59.0951 0.421659 0.0357639 0.906049
12.7625 -21.7685 59.2071 0.407135 0.0484913 0.91184
12.8159 -20.4917 59.0966 0.391299 0.0508842 0.918774
12.9878 -19.5674 58.9846 0.390305 0.0375493 0.919919
12.3921 -19.2284 59.2243 0.391059 0.0361034 0.919657
12.1409 -20.3723 59.3774 0.391288 0.0508205 0.918781
12.0465 -21.53 59.4972 0.37687 0.0580579 0.924277
12.2212 -22.7043 59.4958 0.390973 0.0436815 0.918685
12.8673 -24.2834 59.2594 0.423125 0.037625 0.90529
13.6325 -25.0351 58.9383 0.431617 0.0406201 0.901073
14.5147 -25.3964 58.5177 0.444028 0.0364854 0.895268
15.4236 -25.5578 58.0628 0.471566 0.019499 0.881484
16.8679 -25.1451 57.2488 0.485568 0.0257975 0.873818
17.6571 -24.5951 56.7812 0.49898 0.0260651 0.866221
18.4307 -23.4755 56.2983 0.524076 0.028652 0.850762
18.9153 -22.2551 55.9396 0.546365 0.030858 0.836975
19.1271 -21.02 55.7565 0.543154 0.0211603 0.839366
19.1716 -19.8212 55.6975 0.542993 0.0211879 0.83947
19.1668 -18.7958 55.6778 0.536012 0.0112614 0.844135
19.1615 -17.5081 55.6631 0.532374 0.0133579 0.846395
19.2046 -16.1011 55.6087 0.53254 0.0181884 0.84621
19.3661 -14.9278 55.4762 0.53516 0.0233676 0.844428
19.6202 -13.725 55.2819 0.536129 0.021887 0.84385
19.983 -12.1312 55.0242 0.534724 0.0109223 0.844956
20.1169 -11.0039 54.9227 0.544022 0.0156664 0.83891
20.0217 -9.84101 54.9467 0.532455 0.0296889 0.845938
19.6114 -8.85815 55.1741 0.535335 0.0152952 0.844502
18.9796 -8.03317 55.5612 0.525472 0.0144548 0.850589
18.0928 -7.47869 56.0948 0.520385 -0.0127172 0.853837
17.096 -7.11241 56.6777 0.474727 0.00510844 0.879917
15.5655 -7.21205 57.4652 0.457288 0.00322814 0.88931
14.7161 -7.57532 57.879 0.435711 -0.000117621 0.900086
13.9803 -8.32579 58.2332 0.433339 0.000830487 0.901226
13.2138 -9.59318 58.6035 0.413028 0.0161552 0.910575
12.8937 -10.6044 58.7796 0.417903 0.0287169 0.908037
12.8415 -11.6098 58.8354 0.418799 0.0373763 0.907265
12.8887 -12.6297 58.8445 0.380197 0.0156916 0.924772
13.0642 -14.5227 58.8158 0.377741 0.0273447 0.925508
13.068 -15.5256 58.8379 0.369121 0.00756077 0.929304
12.952 -16.6054 58.8837 0.373884 -0.00129738 0.927472
12.7413 -17.7104 58.9958 0.400433 0.0460402 0.91516
12.4929 -18.8126 59.1639 0.399103 0.0491982 0.915585
12.4754 -18.89 59.1756 0.394943 0.0424416 0.91769
11.8898 -18.5026 59.4097 0.39519 0.042862 0.917564
12.2433 -16.9677 59.1804 0.402568 0.042449 0.914405
12.4024 -15.7992 59.104 0.372341 -0.000299581 0.928095
12.4297 -14.6525 59.0739 0.366377 0.0168948 0.930313
12.266 -13.0523 59.1074 0.374964 0.0164417 0.926876
12.179 -11.7565 59.1162 0.369382 0.0238894 0.928956
12.2168 -10.5986 59.0707 0.363461 0.021897 0.931352
12.4608 -9.4621 58.9428 0.41549 0.0224057 0.909296
13.1093 -8.32652 58.6237 0.40582 0.0236951 0.913641
13.7971 -7.39003 58.3189 0.398241 -0.00346642 0.917273
14.5674 -6.8047 57.9511 0.433073 -0.00694701 0.901304
15.8159 -6.38464 57.3407 0.463926 -0.00737721 0.885843
16.9371 -6.31426 56.7579 0.474998 0.00670173 0.879749
18.0086 -6.64796 56.1536 0.511191 0.00709092 0.859345
19.0958 -7.19788 55.4816 0.534537 -0.00210983 0.845128
19.7753 -7.82862 55.0538 0.534647 0.00953855 0.845022
20.2603 -8.65061 54.7588 0.53448 0.0137756 0.845067
20.6436 -9.70354 54.5437 0.543533 0.0250679 0.839012
20.7581 -11.32 54.5123 0.545622 0.0200547 0.837792
20.5952 -12.3525 54.6325 0.54205 0.0114021 0.840269
20.2438 -13.8197 54.8896 0.53444 0.0232708 0.844886
19.9759 -14.9954 55.0919 0.534959 0.0190324 0.844651
19.7702 -16.3154 55.2518 0.541661 0.0156827 0.840451
19.7582 -17.4195 55.2832 0.538144 0.0162291 0.842684
19.781 -18.4497 55.2822 0.545948 0.00882047 0.837773
19.7845 -19.6 55.2973 0.536539 0.0239806 0.843529
19.7892 -20.7066 55.3227 0.533723 0.021941 0.845373
19.7264 -21.7139 55.3861 0.542642 0.0183029 0.83972
19.1906 -23.4173 55.7992 0.551815 0.0284381 0.833481
18.5009 -24.7167 56.2933 0.527043 0.0241979 0.849044
17.7562 -25.4309 56.7474 0.501535 0.0239491 0.864802
16.7628 -26.0061 57.3301 0.487881 0.0237719 0.872585
15.7027 -26.3039 57.9281 0.484444 0.0230844 0.874518
14.7214 -26.2197 58.4425 0.456243 0.0295262 0.889304
13.5154 -25.8333 59.0305 0.432817 0.0405334 0.900487
12.7368 -25.2781 59.3671 0.421394 0.0429202 0.905861
12.0083 -24.1752 59.6559 0.390462 0.0431172 0.918927
11.4905 -22.8363 59.7842 0.359118 0.0493821 0.931984
11.3139 -21.0303 59.7526 0.361489 0.0544908 0.930782
11.679 -19.4129 59.5352 0.37606 0.0348649 0.925786
11.6981 -19.3334 59.5239 0.391549 0.0360468 0.919451
11.1163 -19.0394 59.7376 0.359044 0.0357531 0.932636
10.7295 -20.0815 59.9292 0.363055 0.0482837 0.930515
10.5759 -21.42 60.0606 0.361393 0.0517765 0.930972
10.7467 -22.6171 60.0591 0.357987 0.0478262 0.9325
11.1637 -23.9666 59.9695 0.35719 0.0490728 0.932741
11.9386 -25.3679 59.7386 0.384126 0.0395139 0.921728
12.606 -26.1713 59.4661 0.417482 0.0389202 0.907851
13.4905 -26.849 59.0763 0.440415 0.0189985 0.89756
14.6611 -26.9768 58.4925 0.448976 0.0227155 0.893255
15.7232 -27.0735 57.9357 0.480711 0.0214625 0.876616
16.6736 -27.0363 57.4083 0.490949 0.0223498 0.870879
17.665 -26.3477 56.825 0.499529 0.0222573 0.86601
18.4231 -25.8496 56.3739 0.500512 0.0261357 0.865331
19.2943 -24.85 55.7763 0.547522 0.0302344 0.836245
19.724 -23.7629 55.4575 0.551496 0.0265133 0.833755
20.2005 -22.7292 55.1085 0.54889 0.0259617 0.835487
20.5209 -21.0893 54.8687 0.538888 0.0105504 0.842311
20.3877 -20.0689 54.9268 0.534775 0.0222491 0.844701
20.4676 -19.0288 54.8408 0.547246 0.0182198 0.836719
20.4515 -17.4 54.8165 0.562468 0.0177889 0.826595
20.4854 -15.985 54.7765 0.560421 0.0064681 0.82817
20.6655 -14.8804 54.651 0.545826 0.0117942 0.837673
20.9935 -13.5885 54.4083 0.534079 0.0161662 0.845262
21.1905 -12.5547 54.2579 0.534935 0.0216402 0.844616
21.3962 -11.4872 54.1004 0.540103 0.0164938 0.8414
21.551 -10.4924 53.9631 0.558039 0.0243691 0.829439
21.1413 -9.2504 54.2088 0.5431 0.0225704 0.839359
20.6644 -8.01325 54.4918 0.543659 0.0118474 0.839222
20.2047 -7.03094 54.7722 0.537952 0.00421166 0.842929
19.2826 -6.44228 55.3644 0.538176 -0.00321618 0.842826
18.4369 -5.94114 55.8888 0.525838 0.0135207 0.850457
17.6244 -5.54031 56.3592 0.49229 0.0134449 0.870328
16.7419 -5.3745 56.8559 0.480223 0.0091725 0.876979
15.2877 -5.66836 57.6229 0.448251 -0.00953145 0.893671
14.2733 -6.18591 58.1008 0.423144 -0.00121468 0.905938
13.3518 -6.87117 58.5137 0.397194 2.12013e-05 0.917731
12.5715 -7.71421 58.8485 0.401764 0.00632995 0.915643
11.7517 -9.20751 59.217 0.361814 0.0217774 0.93199
11.3878 -10.7271 59.3965 0.363666 0.0255316 0.93117
11.4185 -11.78 59.4172 0.366415 0.0297371 0.929976
11.6312 -12.9092 59.3573 0.36992 0.0178698 0.928892
11.7856 -14.6905 59.3283 0.370776 0.015574 0.928578
11.5657 -15.7803 59.4359 0.367982 0.0187723 0.929643
11.5228 -17.1473 59.5011 0.372227 0.0418035 0.927196
11.2069 -18.095 59.6696 0.365511 0.0372603 0.930037
11.1736 -18.7787 59.7056 0.360871 0.0336146 0.932005
15.8392 -18.6911 57.6049 0.460162 0.0388272 0.886951
15.9685 -18.7207 57.538 0.465482 0.033609 0.884419
16.0937 -14.1508 57.3496 0.482916 0.020242 0.875432
15.963 -12.6445 57.394 0.47009 0.0207707 0.882302
16.1788 -11.5373 57.2436 0.464013 0.0301843 0.885313
16.7682 -12.0556 56.9503 0.471427 0.0203241 0.881604
16.365 -13.437 57.1864 0.476421 0.0109577 0.879149
16.2974 -13.663 57.2259 0.479696 0.0157019 0.877274
