40.5298 2.34529 40.6678 0.692608 -0.00811818 0.721263
40.98 2.51637 40.2379 0.690004 -0.00233183 0.723794
40.6424 2.55412 40.5609 0.692428 -0.00561494 0.721463
40.1805 2.98331 41.0094 0.693737 -0.00586716 0.720205
40.732 3.87467 40.4856 0.692459 -0.00610465 0.721429
41.7723 3.0961 39.4846 0.689884 -0.0025524 0.723908
41.7034 1.41784 39.5515 0.688096 -0.00116512 0.725616
41.2674 0.447979 39.9586 0.689017 -0.00765289 0.724704
40.5626 0.760107 40.6282 0.688152 -0.00325815 0.725558
40.0715 1.89599 41.1 0.690238 -0.00678643 0.723539
40.0635 2.76657 41.1202 0.692608 -0.00811818 0.721263
39.5902 3.268 41.5804 0.692592 -0.00808901 0.721279
39.4834 2.14067 41.6665 0.691432 -0.0104306 0.722366
39.8342 0.879562 41.3212 0.688971 -0.00312474 0.724782
40.3087 -0.0830207 40.8632 0.686427 -0.00638669 0.727168
40.8161 -0.775339 40.3781 0.690412 -0.00417106 0.723404
41.4765 -0.576327 39.749 0.689737 -0.00586872 0.724033
41.981 0.576364 39.2815 0.689296 -0.00766853 0.72444
42.4263 1.96513 38.868 0.684951 0.00095039 0.728588
42.3849 3.10736 38.9057 0.682592 -0.0051714 0.730751
41.9252 4.2966 39.354 0.688705 -0.011002 0.724958
41.3702 4.91669 39.8906 0.690041 -0.0132583 0.723644
40.4976 4.67854 40.7199 0.692845 -0.0122049 0.720971
39.8534 3.793 41.3312 0.694276 -0.00742043 0.719669
39.4652 4.41059 41.7137 0.691606 -0.00834676 0.722213
40.0039 5.17826 41.2029 0.692967 -0.0123204 0.720852
40.796 5.9505 40.4618 0.691087 -0.0154542 0.722606
41.9293 5.43453 39.3666 0.69011 -0.0129981 0.723581
42.8092 3.9367 38.5244 0.680038 -0.0109076 0.733095
43.0804 2.5828 38.2525 0.682411 -0.00508257 0.73092
42.9623 1.56477 38.36 0.688931 -0.00922411 0.724768
42.6217 0.571888 38.6713 0.689571 -0.00768748 0.724177
41.9991 -0.922155 39.2485 0.689176 -0.00642767 0.724564
41.413 -2.52764 39.7906 0.692645 -0.00904698 0.721222
41.1877 -2.70998 40.0041 0.691387 -0.0107317 0.722405
40.5825 -2.09017 40.59 0.682573 -0.0105486 0.73074
39.9243 -0.692597 41.2212 0.685402 -0.00508213 0.728147
39.425 0.256785 41.7028 0.687142 -0.00816774 0.726477
39.0742 1.15612 42.0449 0.688072 -0.00567365 0.725615
38.8574 2.28382 42.2652 0.688657 -0.00956847 0.725024
38.9574 3.31077 42.1838 0.688542 -0.00875954 0.725143
39.1314 3.81947 42.0243 0.688417 -0.0078891 0.725272
38.5605 4.1159 42.5693 0.688361 -0.00794187 0.725325
38.2722 3.06685 42.8312 0.688225 -0.00888295 0.725443
38.3228 1.7769 42.7641 0.686178 -0.0121223 0.727333
38.6016 0.570862 42.4841 0.686246 -0.00836625 0.727321
39.259 -0.752893 41.8484 0.686701 -0.0083965 0.726891
39.7388 -1.73473 41.3849 0.683055 -0.0117281 0.730273
40.1285 -2.65791 41.0063 0.682236 -0.00911285 0.731076
40.4824 -3.99472 40.6595 0.687008 -0.010129 0.726551
40.2333 -5.27806 40.889 0.689812 -0.0017874 0.723986
39.6719 -6.63679 41.4193 0.689158 -0.0039774 0.724599
39.1208 -7.75625 41.936 0.688468 0.00265573 0.72523
38.6368 -8.94218 42.401 0.683164 0.0030039 0.730258
38.3149 -10.4449 42.7092 0.68369 0.00377208 0.729762
38.3467 -11.5139 42.6834 0.684537 0.00251562 0.728973
38.5885 -12.5122 42.4604 0.686812 0.0012752 0.726825
38.8682 -13.4793 42.1923 0.688048 -0.000266134 0.725662
39.2069 -14.4876 41.875 0.685203 0.00361354 0.728343
39.7465 -16.0674 41.3818 0.679805 0.00748328 0.733355
39.9689 -17.0239 41.1824 0.690196 0.00487305 0.723593
40.1528 -18.0002 41.0201 0.695037 0.0133826 0.71885
40.3249 -19.0547 40.8741 0.693062 0.0165739 0.720678
40.5064 -20.104 40.7219 0.695014 0.0160095 0.718818
40.7774 -21.1392 40.4832 0.693585 0.00948655 0.720282
41.3809 -22.4567 39.9114 0.698285 0.00911394 0.715762
42.1586 -23.3307 39.1721 0.695028 0.0134704 0.718856
42.9493 -23.6873 38.4159 0.69446 0.0112354 0.71944
43.7557 -23.7157 37.6362 0.69554 0.00845544 0.718437
44.8737 -23.0324 36.5566 0.692749 -0.00016726 0.721179
45.4794 -21.866 35.9773 0.689944 0.00195992 0.723859
45.7343 -20.9275 35.7306 0.689564 0.00305447 0.724219
45.8596 -19.6498 35.6054 0.689416 0.00392292 0.724355
45.4841 -17.9355 35.9396 0.688689 0.0109267 0.724972
45.0608 -16.5735 36.329 0.685805 0.00462151 0.727771
44.749 -15.5488 36.6161 0.685014 -0.001699 0.728499
44.5057 -14.5683 36.8494 0.689262 -0.0014465 0.724511
44.2967 -13.5096 37.0515 0.684005 -0.00291086 0.729462
44.0974 -12.3149 37.2387 0.681985 -0.00111677 0.731365
43.8907 -10.9666 37.4295 0.682895 0.00161912 0.730514
43.6378 -9.72917 37.6673 0.683464 -0.0039469 0.729973
43.3313 -8.69275 37.9598 0.683619 -0.00378581 0.729829
42.966 -7.80351 38.3037 0.685108 0.00581481 0.728418
42.4687 -6.76264 38.7677 0.690123 -0.00298702 0.723686
42.0166 -5.51419 39.2036 0.687781 -0.00259098 0.725907
41.7945 -4.42562 39.4133 0.687163 0.000624856 0.726503
41.8636 -3.25773 39.3483 0.68925 -0.00585184 0.724472
42.1335 -2.21272 39.1055 0.686715 -0.00911753 0.726869
42.6207 -1.00809 38.6574 0.688886 -0.00527442 0.72485
43.1694 0.278202 38.1466 0.689313 -0.00854392 0.724412
43.4936 1.17838 37.8495 0.694443 -0.00913221 0.719489
43.6975 2.49412 37.667 0.697872 -0.00782694 0.716165
43.494 3.78876 37.887 0.689144 -0.011042 0.724431
43.0991 4.84992 38.2691 0.682703 -0.00461169 0.730645
42.4223 5.90911 38.9024 0.687711 -0.00218199 0.725956
41.8488 6.51971 39.4588 0.694247 -0.00697347 0.719703
40.7623 6.89875 40.5095 0.692771 -0.00420825 0.721145
40.0363 6.24054 41.1933 0.689375 -0.010909 0.724323
39.0872 5.07309 42.08 0.688474 -0.00814338 0.725215
38.6877 4.40187 42.4517 0.688323 -0.00795238 0.725361
38.2002 4.8979 42.9199 0.688688 -0.00765357 0.725018
39.0053 6.09581 42.1654 0.687254 -0.00461861 0.726403
39.9726 7.15585 41.2669 0.686839 -0.007313 0.726772
40.6643 7.77738 40.6092 0.69367 -0.00500941 0.720276
41.7301 7.69477 39.5828 0.693655 -0.00467449 0.720291
42.3522 6.99372 38.9793 0.691282 -0.00659575 0.722554
42.9343 6.33277 38.4194 0.685775 -0.00131644 0.727803
43.4648 5.58312 37.9231 0.687656 0.00182019 0.726028
44.0709 4.00799 37.3275 0.697471 -0.0127658 0.716496
44.2761 3.01175 37.1094 0.69682 -0.00868538 0.717175
44.2628 1.9322 37.116 0.695129 -0.0046091 0.71887
44.0396 0.838042 37.3181 0.694443 -0.00913221 0.719489
43.6334 -0.21048 37.6992 0.691591 -0.00632267 0.722262
42.9473 -1.79055 38.3406 0.688671 -0.00749464 0.725033
42.5967 -2.74194 38.6624 0.68428 -0.00427987 0.729207
42.393 -3.86349 38.849 0.685292 5.09694e-05 0.728268
42.4713 -4.89374 38.7762 0.686833 -0.00281322 0.726798
42.7669 -5.8789 38.487 0.689253 -0.00399938 0.724509
43.4103 -7.22456 37.8813 0.685139 0.00547863 0.728391
43.8175 -8.21271 37.5043 0.689444 -0.002392 0.724331
44.1343 -9.17736 37.2028 0.689352 0.000177115 0.724427
44.4053 -10.3829 36.948 0.685802 0.00499113 0.727747
44.6302 -11.9574 36.7424 0.682134 0.000377396 0.731226
44.8791 -13.451 36.5028 0.685945 -0.0051933 0.727635
45.1509 -14.7459 36.2401 0.686145 -0.00289866 0.727459
45.4302 -15.7389 35.9758 0.685194 0.00173956 0.728353
45.7824 -16.7365 35.65 0.685805 0.00462151 0.727771
46.1438 -17.925 35.311 0.68878 0.0128832 0.724854
46.442 -19.1166 35.0472 0.685707 0.0128696 0.72775
46.4521 -20.1385 35.0442 0.689416 0.00392292 0.724355
46.33 -21.2242 35.1647 0.689542 0.00292878 0.72424
45.9449 -22.5126 35.5338 0.690499 0.000674935 0.723333
45.4604 -23.485 35.9956 0.689979 -0.000480136 0.723829
44.4823 -24.2882 36.9388 0.69585 0.00839084 0.718138
43.697 -24.5885 37.7037 0.69607 0.00933387 0.717913
42.9689 -24.5617 38.408 0.69597 0.0101661 0.717997
42.0075 -24.1337 39.333 0.694406 0.0124292 0.719476
41.0719 -23.2976 40.2237 0.69453 0.00866833 0.719412
40.4264 -21.9741 40.8325 0.695119 0.00841187 0.718846
40.0638 -20.8408 41.1661 0.69434 0.0133683 0.719518
39.8854 -19.8416 41.3165 0.695014 0.0160095 0.718818
39.6919 -18.6064 41.4722 0.690983 0.0122044 0.722768
39.5049 -17.5732 41.6336 0.687768 0.0166934 0.72571
39.111 -16.0182 41.9704 0.679871 0.00749835 0.733293
38.7342 -14.9387 42.3206 0.685468 0.000207237 0.728103
38.2831 -13.6636 42.7474 0.688897 -0.000935537 0.724858
37.783 -11.9343 43.2155 0.685195 0.00525205 0.72834
37.6848 -10.346 43.2978 0.682911 0.00491751 0.730485
37.9813 -8.84778 43.0124 0.682316 0.0029124 0.731051
38.4085 -7.79182 42.6097 0.682542 0.000620718 0.730844
38.8978 -6.81414 42.152 0.683752 -0.000790163 0.729713
39.3262 -5.90744 41.7513 0.684119 -0.00344637 0.729359
39.6871 -4.73484 41.411 0.690036 -0.00195356 0.723772
39.7087 -3.56288 41.3909 0.689691 0.0011746 0.724103
39.2497 -2.24911 41.8367 0.689445 -0.0100039 0.724269
38.6233 -0.951659 42.4464 0.686613 -0.00729747 0.726987
38.167 -0.0692095 42.887 0.686334 -0.00810299 0.727241
37.8143 1.09881 43.2328 0.686302 -0.00999941 0.727246
37.6499 2.97535 43.4172 0.684071 -0.0121989 0.729312
37.9172 4.28449 43.182 0.688102 -0.00888581 0.725559
37.3207 4.50615 43.7507 0.688672 -0.00940599 0.725011
37.76 5.54074 43.3445 0.688748 -0.00748697 0.724962
38.5144 6.68386 42.6336 0.688495 -0.00482106 0.725223
39.2275 7.31898 41.9725 0.684206 -0.0114934 0.729197
39.9223 8.05097 41.3247 0.690946 -0.0120761 0.722799
40.5079 8.65529 40.7666 0.693763 -0.00917251 0.720143
41.6046 8.8226 39.7174 0.691318 -0.0101409 0.72248
42.3333 8.05744 39.0085 0.691132 -0.00762813 0.722684
42.956 7.36417 38.4062 0.685617 -0.00784267 0.727919
43.5333 6.6703 37.8559 0.684834 -0.00682203 0.728666
44.0645 5.86522 37.3569 0.686545 -0.000720842 0.727081
44.5059 4.72184 36.9211 0.695961 -0.012231 0.71797
44.8444 3.59946 36.5698 0.677563 -0.0146658 0.735288
44.9631 2.45104 36.4498 0.674402 -0.00650567 0.738336
44.7637 1.41744 36.6276 0.694662 -0.00719604 0.719296
44.4215 -0.00441616 36.9459 0.690672 -0.00253326 0.72316
44.051 -0.897036 37.2935 0.691114 -0.0055377 0.722724
43.5665 -2.09998 37.7477 0.69106 -0.00387334 0.722786
43.1072 -2.90725 38.1823 0.684713 -0.00318325 0.728805
43.0294 -4.32426 38.2504 0.687499 -0.00292534 0.726166
43.262 -5.52423 38.019 0.686786 -0.0053338 0.726835
43.7918 -6.54622 37.5231 0.680376 0.00458956 0.732849
44.35 -7.89804 36.9996 0.689427 -0.00480419 0.72434
44.8096 -9.11399 36.5602 0.689483 0.000323089 0.724302
44.9898 -10.1708 36.389 0.689442 0.00403892 0.724319
45.1993 -11.8043 36.2078 0.68471 0.00939546 0.728726
45.3624 -12.8846 36.0514 0.684022 -0.00631703 0.729429
45.5994 -14.1115 35.8198 0.685794 -0.00395207 0.727785
45.8499 -15.0795 35.5821 0.684923 -0.00122154 0.728614
46.1611 -16.0253 35.2875 0.685963 0.00178821 0.727627
46.5179 -16.984 34.9474 0.690854 0.00119024 0.722994
46.8936 -18.4191 34.6092 0.684591 0.0158048 0.728723
47.0791 -19.71 34.4561 0.68099 -0.000166806 0.732284
46.9987 -20.9293 34.5336 0.684287 0.00245021 0.729206
46.6336 -22.5349 34.8777 0.689032 0.000722572 0.724731
46.307 -23.4698 35.1885 0.691747 -0.00214308 0.722136
45.6441 -24.4681 35.8191 0.690362 0.00147072 0.723457
44.9631 -24.9441 36.4805 0.695871 0.00827825 0.718119
44.1628 -25.3292 37.2606 0.696763 0.0103617 0.717223
43.4213 -25.509 37.9856 0.699145 0.0215534 0.71464
42.6928 -25.3687 38.6892 0.696833 0.0114834 0.717142
41.5417 -24.7168 39.7918 0.692292 0.0108767 0.721529
40.6342 -23.8038 40.6525 0.694331 0.00724871 0.719618
40.1972 -22.9633 41.0655 0.694513 0.00771139 0.719439
39.6292 -21.5716 41.5959 0.693817 0.0106964 0.720072
39.4127 -20.6016 41.7898 0.694195 0.01333 0.719659
39.2668 -19.3382 41.8978 0.692301 0.0199517 0.721332
38.9824 -18.1816 42.1427 0.687165 0.0174416 0.726259
38.8458 -17.1256 42.2383 0.68381 0.0203087 0.729377
38.5068 -16.0836 42.5341 0.68845 0.000581687 0.725264
37.8984 -14.8652 43.1175 0.693072 0.0026892 0.720858
37.5119 -13.1648 43.4786 0.686172 0.00247857 0.727431
37.0946 -12.01 43.8626 0.68419 0.00665783 0.729273
37.0571 -10.7801 43.8839 0.680958 0.00814772 0.732268
37.0951 -9.64498 43.8415 0.682476 0.000512738 0.730887
37.3237 -8.72236 43.6262 0.68444 0.00257566 0.729061
37.7569 -7.65233 43.2182 0.682773 0.00214644 0.730627
38.1845 -6.76733 42.8201 0.682412 -0.000975306 0.730967
38.698 -5.80336 42.3412 0.684081 -0.00125719 0.729405
38.9478 -4.82153 42.1149 0.684489 -0.00727414 0.728986
39.0233 -3.81106 42.0443 0.690314 0.000551998 0.72351
38.6933 -2.64846 42.3604 0.689905 -0.00581893 0.723862
38.2432 -1.56673 42.7991 0.686555 -0.00751574 0.727039
37.7058 -0.793711 43.3167 0.688831 -0.00227207 0.724908
37.3094 0.117251 43.6977 0.685892 -0.00841335 0.727655
37.1969 1.20134 43.8161 0.680756 -0.0114388 0.73241
37.0596 2.80028 43.9681 0.683352 -0.0115092 0.729998
37.177 4.07553 43.881 0.685907 -0.0124708 0.727567
41.3019 10.3233 40.0286 0.692253 -0.00973651 0.72159
40.7931 11.0415 40.5262 0.692161 -0.00956305 0.72168
39.8794 11.9739 41.423 0.693723 -0.012634 0.720131
39.2105 12.9268 42.0845 0.69558 -0.0104285 0.718373
38.6304 14.0881 42.6606 0.69512 -0.00684522 0.718861
38.1082 15.0422 43.1751 0.696965 -0.0108504 0.717009
38.1499 16.0371 43.1566 0.693642 -0.0222157 0.719977
38.0842 17.5379 43.2676 0.693999 -0.0231607 0.719603
38.1044 18.7418 43.2866 0.697714 -0.0246232 0.715953
38.6171 19.8467 42.8243 0.699797 -0.0260411 0.713867
39.0537 20.6851 42.43 0.697659 -0.0292056 0.715834
39.6248 21.5996 41.9106 0.702068 -0.021576 0.711717
40.5167 22.3552 41.0461 0.70093 -0.0135443 0.713101
41.7588 22.6833 39.834 0.69883 -0.0116541 0.715192
42.6034 22.6732 39.0158 0.694696 -0.014816 0.719148
43.4948 22.5469 38.1588 0.697483 -0.0140605 0.716413
44.1722 22.0212 37.4792 0.703211 -0.0125368 0.710871
44.7628 21.2804 36.8807 0.699311 -0.0126063 0.714681
45.4022 19.9363 36.248 0.695702 -0.00631562 0.718303
45.7435 18.8135 35.9162 0.691842 -0.00143625 0.722047
45.9305 17.4106 35.709 0.691182 -0.0149181 0.722526
45.928 16.3943 35.6976 0.692759 -0.00723254 0.721132
45.5845 15.2692 36.0205 0.690121 -0.00826904 0.723627
45.3674 14.1519 36.2117 0.686862 -0.00985586 0.726721
44.8163 13.1748 36.7181 0.686033 -0.010486 0.727494
44.2829 12.4894 37.2104 0.685882 -0.00952982 0.72765
43.2871 11.6288 38.1459 0.691534 -0.00754082 0.722304
42.7217 11.0219 38.6807 0.690914 -0.00970113 0.722869
42.088 10.4105 39.2774 0.69092 -0.0103449 0.722857
41.5198 10.0398 39.8156 0.691728 -0.00997809 0.722089
41.8695 11.2983 39.4991 0.690954 -0.0101946 0.722827
42.5714 11.9752 38.8369 0.692562 -0.00922257 0.7213
43.1981 12.546 38.2423 0.691983 -0.0103191 0.721838
44.079 13.4259 37.4205 0.68783 -0.0150688 0.725715
44.6202 14.2898 36.9188 0.686175 -0.010198 0.727365
45.1419 15.8118 36.4487 0.690121 -0.00826904 0.723627
45.3114 16.7893 36.2929 0.692413 -0.00643272 0.721472
45.272 17.8374 36.3487 0.692934 -0.0132803 0.720878
45.0929 18.8413 36.5402 0.691728 -0.00835322 0.72208
44.7086 20.0243 36.9207 0.695271 -0.00636232 0.71872
44.1131 20.9235 37.5103 0.700514 -0.0196458 0.713368
43.4689 21.5301 38.1592 0.69746 -0.0191438 0.716358
42.3967 21.9059 39.1991 0.691912 -0.0124716 0.721874
41.4166 21.8974 40.1546 0.69905 -0.0131464 0.714952
40.6637 21.5467 40.8859 0.701077 -0.0140178 0.712948
39.7557 20.523 41.7409 0.692433 -0.0278001 0.720946
39.216 19.7231 42.2327 0.698767 -0.0275726 0.714815
38.6946 18.1366 42.696 0.697608 -0.0180392 0.716252
38.6636 16.5195 42.6767 0.693739 -0.0225305 0.719874
38.8065 15.4357 42.5055 0.693213 -0.016723 0.720516
39.2666 14.2083 42.0472 0.69472 -0.007266 0.719243
39.8083 13.225 41.5112 0.693851 -0.0103881 0.720044
40.4062 12.4463 40.9225 0.694421 -0.0116989 0.719474
41.0075 11.7894 40.3318 0.694261 -0.0116915 0.719628
41.2441 11.525 40.0999 0.69153 -0.0097822 0.722281
41.6106 12.378 39.7618 0.692539 -0.0123019 0.721275
40.9204 12.9125 40.4337 0.69355 -0.0119682 0.720308
40.1548 13.9102 41.1867 0.693443 -0.0106446 0.720433
39.6916 14.7755 41.6461 0.693222 -0.0098048 0.720656
39.3691 15.8235 41.9747 0.693861 -0.0225381 0.719757
39.2233 17.083 42.1548 0.694856 -0.0212696 0.718832
39.334 18.2607 42.0773 0.695161 -0.0171342 0.718649
40.004 19.7168 41.4716 0.691943 -0.0249975 0.721515
40.577 20.4644 40.9498 0.696786 -0.0208833 0.716919
41.5802 21.0817 39.9792 0.698904 -0.0136013 0.715086
42.7884 21.0081 38.8031 0.694872 -0.0187095 0.71889
43.7357 20.3145 37.8642 0.69785 -0.0128271 0.716089
44.2853 19.328 37.324 0.693935 -0.00983514 0.71996
44.6651 17.8152 36.9317 0.692734 -0.0132025 0.721073
44.714 16.7742 36.8654 0.692271 -0.00915871 0.721567
44.4459 15.467 37.101 0.687064 -0.0110949 0.726512
43.9145 14.3283 37.5899 0.690171 -0.00700654 0.723612
43.3569 13.619 38.1091 0.690024 -0.0154558 0.723617
42.4995 12.862 38.9171 0.692246 -0.0110583 0.721574
41.7084 12.334 39.6673 0.690905 -0.00994004 0.722877
41.6776 12.327 39.6967 0.691729 -0.0111059 0.72207
41.5555 13.4131 39.8314 0.693686 -0.00760049 0.720238
40.5307 14.5469 40.8349 0.694381 -0.0106528 0.719527
40.0785 15.5206 41.2854 0.69312 -0.0111315 0.720736
39.8216 16.7388 41.5655 0.695697 -0.0198396 0.718061
39.8551 17.7361 41.5608 0.695253 -0.0185534 0.718523
40.2932 18.9209 41.17 0.691237 -0.0225666 0.722276
41.0433 19.9137 40.4811 0.696902 -0.0192752 0.716886
41.8094 20.2778 39.739 0.699353 -0.0150044 0.714619
42.7216 20.1764 38.8484 0.696825 -0.0143995 0.717097
43.3503 19.6529 38.2275 0.694458 -0.013258 0.719406
43.8973 18.4686 37.6808 0.692553 -0.0132069 0.721246
44.1031 17.4569 37.4647 0.692543 -0.0131801 0.721257
43.9871 16.046 37.5476 0.691329 -0.0146913 0.722391
43.5471 14.96 37.949 0.692553 -0.0112537 0.721279
42.6207 13.862 38.8176 0.689299 -0.0101625 0.724406
42.0688 13.4611 39.3376 0.691582 -0.00851674 0.722242
41.8778 14.3285 39.5309 0.691407 -0.0090323 0.722402
42.9242 15.1779 38.5495 0.68891 -0.0121721 0.724745
43.4076 16.2344 38.1059 0.691393 -0.0149758 0.722324
43.452 17.6885 38.0941 0.692023 -0.0142016 0.721735
43.0867 18.8137 38.4675 0.69642 -0.0137493 0.717503
42.4841 19.3652 39.0629 0.696769 -0.0140272 0.717158
41.5698 19.3368 39.9537 0.697036 -0.0192006 0.71676
40.9602 18.7839 40.5245 0.694337 -0.0234208 0.719269
40.3934 17.0133 41.0194 0.69325 -0.0193926 0.720436
40.5474 16.0371 40.8451 0.693031 -0.0187363 0.720664
40.914 15.145 40.4727 0.695265 -0.0104473 0.718678
41.4389 14.4983 39.9555 0.694333 -0.00943795 0.71959
41.7446 15.2923 39.6758 0.692204 -0.018196 0.721472
42.7641 16.1583 38.7212 0.692048 -0.0168165 0.721654
42.8617 17.696 38.6604 0.693352 -0.0175439 0.720382
41.8923 18.5902 39.6197 0.693739 -0.0192303 0.71997
41.1218 17.6947 40.3369 0.693141 -0.0196772 0.720534
41.0547 16.4187 40.3672 0.693035 -0.0187494 0.720659
41.4051 15.6257 40.0103 0.692805 -0.0181548 0.720897
41.717 16.3837 39.7297 0.692233 -0.0181792 0.721444
42.2193 17.2617 39.2681 0.6934 -0.0176928 0.720332
41.5115 17.1006 39.9459 0.693167 -0.0194664 0.720514
41.5194 16.7595 39.9292 0.693035 -0.0187494 0.720659
41.3188 -5.29519 39.8618 0.685842 -0.0030365 0.727744
40.7118 -5.79305 40.4318 0.687902 -0.00252646 0.725793
40.23 -6.87725 40.8866 0.689671 -0.00335212 0.724115
39.8281 -7.71203 41.2645 0.688408 0.00255656 0.725285
39.2875 -9.04307 41.7921 0.685767 0.00497922 0.727797
38.9706 -10.2424 42.0942 0.682937 0.00289976 0.730472
38.9655 -11.2799 42.1022 0.683187 0.00195019 0.730241
39.219 -12.482 41.8627 0.688025 -0.00339158 0.725678
39.5015 -13.4338 41.5932 0.685816 0.0015334 0.727771
39.9977 -14.7918 41.1293 0.688941 0.00723706 0.724779
40.4254 -16.4918 40.7432 0.688273 0.0081648 0.725406
40.6195 -17.4934 40.5595 0.693413 0.00748177 0.720474
40.8095 -18.5886 40.3981 0.690985 0.0191825 0.722615
41.177 -20.3807 40.0874 0.690066 0.0139591 0.723612
41.5408 -21.439 39.743 0.69746 0.00513234 0.716605
42.0137 -22.1991 39.291 0.696673 0.0113089 0.717293
42.7762 -22.755 38.5655 0.693724 0.0133458 0.720118
43.7396 -22.8341 37.6397 0.690358 0.0118474 0.723363
44.4045 -22.3951 37.0027 0.68782 0.0112782 0.725794
45.0286 -21.1868 36.4031 0.684738 0.00311035 0.728783
45.221 -20.1854 36.2162 0.689622 0.00324021 0.724162
45.1471 -19.0179 36.2715 0.678148 0.0111632 0.73484
44.6961 -17.447 36.6722 0.681542 0.00299741 0.731773
44.3519 -16.3433 36.9887 0.681512 0.00262049 0.731802
44.0813 -15.3465 37.2516 0.688854 -0.00369211 0.724887
43.8511 -14.2891 37.4729 0.687918 -6.71015e-06 0.725784
43.6535 -13.198 37.6567 0.68654 0.00257807 0.727087
43.4513 -11.9644 37.8432 0.686379 0.00271198 0.727239
43.2887 -10.9746 37.9934 0.683615 0.000848577 0.729842
42.9026 -9.38884 38.3577 0.683581 -0.00385521 0.729864
42.5287 -8.4201 38.7132 0.68353 -0.00402014 0.729911
42.0687 -7.4949 39.146 0.687796 0.00134721 0.725883
41.7282 -6.57132 39.4715 0.685535 -0.00246769 0.728036
41.448 -5.77058 39.738 0.685623 -0.00278136 0.727952
41.2014 -7.05177 39.9667 0.686605 -0.000935355 0.72703
40.5812 -7.72095 40.5515 0.68666 0.000576574 0.726977
40.0976 -8.56549 41.0171 0.69205 0.00656546 0.72182
39.692 -9.88086 41.4163 0.687169 0.00613028 0.726459
39.6246 -11.3929 41.4841 0.687441 0.000207516 0.726236
39.8772 -12.593 41.2377 0.688836 -0.00140317 0.724905
40.4788 -14.3298 40.6677 0.690866 0.00140167 0.722981
40.7414 -15.3019 40.4292 0.688928 0.00891152 0.724775
41.0511 -16.7986 40.1443 0.691996 0.00162152 0.7219
41.2301 -17.8041 39.9753 0.692816 0.0162747 0.72092
41.4034 -18.8179 39.8364 0.690898 0.0190691 0.722701
41.6256 -19.8313 39.6493 0.693716 0.00937086 0.720155
41.9367 -20.7611 39.3528 0.69746 0.00513234 0.716605
42.4017 -21.5319 38.9042 0.697203 0.00974832 0.716781
43.0694 -21.9647 38.2694 0.69293 0.0120107 0.720905
44.1688 -21.4706 37.2115 0.685609 0.00731075 0.727917
44.5238 -20.5419 36.8745 0.682555 0.00902732 0.73075
44.5679 -19.4625 36.8127 0.678148 0.0111632 0.73484
44.2985 -18.2706 37.0463 0.681653 0.00355361 0.731667
43.9559 -17.1403 37.3604 0.681622 0.00289144 0.731699
43.6585 -16.1286 37.6463 0.688246 -0.00646155 0.725449
43.3963 -15.0486 37.9042 0.687953 0.000135427 0.725751
43.2048 -14.0052 38.0825 0.686484 0.00153917 0.727143
43.0264 -12.9883 38.248 0.686387 0.00269571 0.727231
42.8451 -11.9118 38.415 0.686219 0.00322334 0.727387
42.4811 -10.1507 38.7494 0.687259 0.00317315 0.726403
42.1007 -9.05679 39.113 0.689521 -0.00116814 0.724265
41.6711 -8.11283 39.5234 0.688004 0.000390329 0.725702
41.3701 -7.69609 39.8065 0.68655 0.000468027 0.727082
41.2946 -8.83176 39.8808 0.688147 0.0004413 0.725567
40.4016 -9.47402 40.7334 0.692766 0.00504071 0.721144
40.2067 -10.8275 40.9296 0.695242 0.00231305 0.718767
40.4615 -12.376 40.6813 0.692753 0.00136279 0.721164
40.7704 -13.3525 40.3872 0.69138 0.000936425 0.722491
41.2053 -14.6569 39.9803 0.688266 0.00925486 0.725398
41.4759 -15.9883 39.734 0.69286 0.00480321 0.721051
41.6664 -17.0704 39.5519 0.693986 0.00143744 0.719987
41.8387 -18.2004 39.403 0.691606 0.0195402 0.722011
42.0315 -19.1783 39.2448 0.696426 0.0131988 0.717449
42.4865 -20.3848 38.809 0.699587 0.00616158 0.714517
43.0896 -21.0173 38.2335 0.692811 0.0131838 0.720997
43.7928 -20.4593 37.55 0.685394 0.0137579 0.727994
43.8755 -19.2168 37.4485 0.685793 0.013837 0.727611
43.6574 -18.1983 37.6502 0.695935 0.00554926 0.718083
43.2222 -16.8651 38.0563 0.692354 0.00218994 0.721507
42.9737 -15.9221 38.3015 0.690864 -0.00581739 0.722961
42.7232 -14.8069 38.5433 0.689094 0.00440569 0.724657
42.5785 -13.6787 38.6742 0.687477 0.00309853 0.726199
42.2556 -12.0582 38.9717 0.686235 0.00324594 0.727373
42.0804 -10.9622 39.1327 0.68834 0.00264769 0.725384
41.7112 -9.76433 39.4826 0.689603 -0.000815 0.724187
41.5603 -9.39022 39.6269 0.689564 -0.00113206 0.724224
40.9639 -9.91925 40.1942 0.692569 0.000694501 0.721339
41.5939 -11.2006 39.5952 0.688939 0.00216212 0.724815
41.4634 -12.3009 39.7252 0.690369 0.0024079 0.72345
41.9521 -13.5633 39.2652 0.686181 0.00409858 0.727419
41.0735 -12.6347 40.0976 0.69056 6.11021e-05 0.723275
41.1461 -11.5217 40.0238 0.691064 0.00335626 0.722786
40.8625 -10.5756 40.2942 0.695361 0.000790952 0.718659
41.9801 -14.6133 39.2477 0.687293 0.00658061 0.726346
42.3178 -15.5284 38.928 0.688944 -0.00245866 0.72481
42.5043 -16.5805 38.7445 0.692372 0.00176852 0.721493
42.7494 -17.5396 38.5213 0.693615 0.0103418 0.720272
43.1145 -18.5439 38.1792 0.696348 0.00546188 0.717684
42.9789 -19.8319 38.3225 0.697963 0.00932611 0.716071
42.4271 -18.5996 38.8499 0.696667 0.0134045 0.717212
42.2503 -17.331 38.9971 0.689903 0.00867032 0.72385
42.1049 -15.7413 39.1309 0.692194 -0.000942152 0.721707
41.7817 -14.9464 39.4386 0.687823 0.00613504 0.725844
41.7569 -14.7711 39.4597 0.686579 0.00868328 0.727002
