-19.9086 44.4015 34.1485 -0.505479 0.00811398 0.862791
-19.3752 43.8673 34.4632 -0.494947 0.00180365 0.868855
-18.4431 44.2334 34.9766 -0.479721 0.00476848 0.877398
-17.6953 43.6204 35.3844 -0.472506 0.00393196 0.881309
-16.4212 43.8516 36.0592 -0.467875 0.00334993 0.883788
-17.062 44.3182 35.7178 -0.468513 0.00392061 0.883448
-18.2765 44.4701 35.0656 -0.476341 0.00651485 0.879234
-19.2637 44.5037 34.5225 -0.49172 0.00870399 0.870638
-19.4791 44.4879 34.3982 -0.502402 0.012897 0.864534
-19.6818 45.1347 34.2708 -0.502402 0.012897 0.864534
-18.2791 45.1381 35.0578 -0.477686 0.00863219 0.878488
-16.8757 44.9788 35.8132 -0.467657 0.00223938 0.883905
-15.7641 44.9647 36.3955 -0.455099 0.00671176 0.890361
-14.7266 44.9227 36.9133 -0.448514 -0.00791789 0.89368
-13.7429 44.8563 37.4278 -0.467544 -0.0131075 0.883872
-12.3499 45.0186 38.1383 -0.427072 -0.00557241 0.904173
-11.297 44.9192 38.625 -0.419594 -0.00971832 0.90766
-9.98303 44.9243 39.0959 -0.324378 -0.00371482 0.945865
-8.79895 44.9392 39.4252 -0.236866 -0.00568455 0.971526
-7.81292 44.9982 39.6644 -0.215388 -0.00437557 0.976306
-6.47754 44.9762 39.9299 -0.193982 -0.00305044 0.981
-5.02259 45.0262 40.1622 -0.123558 -0.000383871 0.992115
-3.91754 45.0735 40.2815 -0.100402 0.00961816 0.994865
-2.80045 45.0839 40.3857 -0.0926154 0.00573498 0.995685
-1.69628 45.0596 40.4804 -0.0629573 -0.00077285 0.997705
-0.600678 45.0242 40.5248 -0.0410228 -0.0124244 0.999081
0.4706 44.9803 40.5398 0.00953083 0.000732536 0.999707
1.47746 44.8925 40.5094 0.0300693 -0.0101591 0.999496
3.16179 44.6997 40.4458 0.040411 -0.0077209 0.999153
4.2443 44.7157 40.4021 0.0599453 0.0050456 0.997915
5.28935 44.7418 40.2885 0.114151 -0.00145925 0.993462
6.31539 44.793 40.17 0.120194 0.00212768 0.992727
7.33392 44.8354 39.9937 0.17817 -0.0189795 0.983817
8.38068 44.9163 39.8069 0.208633 0.0186926 0.976455
9.58941 44.8254 39.5014 0.253294 0.0520507 0.965987
11.2731 44.8812 38.9136 0.3539 0.00040803 0.935283
12.8544 44.8435 38.2319 0.443071 0.00955202 0.896432
13.7533 44.9899 37.7819 0.443271 0.0237967 0.895969
14.7227 45.1105 37.3057 0.439224 -0.00621793 0.898355
15.767 45.1043 36.7966 0.439536 -0.00781572 0.89819
16.9814 45.0422 36.2024 0.43907 -0.00816852 0.898415
18.014 44.9969 35.6799 0.454882 -0.00258373 0.890548
19.0379 44.9807 35.1534 0.465641 -0.0024863 0.884907
20.0839 45.0249 34.5927 0.472761 -0.00925281 0.881142
21.074 45.0585 34.0459 0.504252 0.0105579 0.863492
21.9305 44.766 33.5495 0.507576 0.00983063 0.861547
22.0576 43.6815 33.484 0.512555 0.00426745 0.858603
21.003 42.9178 34.092 0.485799 0.00533031 0.874021
19.5799 42.9665 34.8799 0.466722 0.00897968 0.884135
18.597 43.114 35.3791 0.453328 0.000265596 0.891344
17.6559 43.2843 35.8579 0.447701 -0.00164314 0.894157
16.6302 43.3864 36.3612 0.440104 -0.00177614 0.897945
15.7186 43.2066 36.8076 0.439959 -0.00138804 0.898017
14.2214 43.163 37.5784 0.472982 -0.0125051 0.880965
13.3309 43.077 38.0488 0.447941 0.0166783 0.893751
12.0617 43.0162 38.6147 0.375455 0.00770617 0.926793
10.8744 43.1282 39.0629 0.353755 0.0248814 0.934768
9.85637 43.0102 39.4045 0.317784 -0.0470039 0.946951
8.85787 43.1203 39.6857 0.198487 -0.00985244 0.979619
7.50693 43.136 39.9296 0.175466 -0.0178582 0.984319
6.36468 42.9647 40.1174 0.163691 -0.00874175 0.986473
5.33149 42.8762 40.2829 0.0876352 -0.0138541 0.995128
3.61106 42.8258 40.3675 0.0505512 -0.0171747 0.998344
2.39609 42.8799 40.4465 0.0679174 -0.0155572 0.99757
0.801423 43.3249 40.5305 0.0157645 -0.00424267 0.999721
-0.318133 43.4423 40.5316 -0.000793787 -0.0134028 0.99991
-1.46565 43.4003 40.487 -0.0512393 0.000609363 0.998611
-2.50949 43.3115 40.4227 -0.061337 -0.00727947 0.99809
-3.56772 43.2258 40.3279 -0.0998693 0.00293491 0.994959
-4.66233 43.1667 40.2104 -0.106673 -0.00244331 0.994291
-5.75433 43.1397 40.0585 -0.158235 0.0045162 0.987215
-6.74823 43.1951 39.8811 -0.182677 0.00251293 0.983131
-7.92734 43.2373 39.6373 -0.241766 0.00058582 0.970333
-9.38176 43.1692 39.2736 -0.252121 -0.0168665 0.967313
-10.6653 43.1228 38.8481 -0.317533 -0.00717205 0.94822
-11.6679 43.1936 38.4513 -0.401358 -0.00708033 0.915674
-12.6978 43.2396 37.9695 -0.462999 -0.00459511 0.886347
-14.0248 43.0425 37.2752 -0.464803 -0.00269219 0.885406
-15.0974 43.0876 36.7344 -0.447124 0.00190461 0.89447
-16.8563 43.0234 35.8319 -0.466051 -0.000985953 0.884757
-17.7598 42.9787 35.3527 -0.472506 0.00393196 0.881309
-18.6381 43.1055 34.8728 -0.484643 -0.00453184 0.8747
-19.8797 42.9784 34.1723 -0.5053 0.00468871 0.862926
-20.7317 43.3186 33.6688 -0.507889 0.00348096 0.861415
-21.0642 44.3 33.4643 -0.513666 0.00827167 0.85795
-20.5074 45.0073 33.7925 -0.507836 0.00606588 0.861394
-19.9848 45.0738 34.0946 -0.502804 0.0103574 0.864335
-19.8258 45.8019 34.181 -0.500038 0.00576391 0.865981
-20.7052 45.7167 33.671 -0.509091 0.00432327 0.860666
-21.7196 44.9857 33.0649 -0.514618 0.00636083 0.857394
-21.7717 43.871 33.0438 -0.517043 0.0068271 0.855932
-21.4951 42.5729 33.2149 -0.520266 -0.00515619 0.853984
-20.3671 42.2849 33.8878 -0.507957 0.00317729 0.861377
-18.8356 42.3634 34.7598 -0.484853 0.00299593 0.87459
-17.8704 42.3254 35.2951 -0.480624 0.00028831 0.876909
-16.9002 42.3268 35.8076 -0.466332 -0.0014325 0.884609
-15.9033 42.3451 36.3327 -0.455497 0.00035391 0.890186
-14.9795 42.341 36.795 -0.447124 0.00190461 0.89447
-13.4707 42.3789 37.5609 -0.463362 -0.0060099 0.886149
-12.418 42.4675 38.1117 -0.44032 0.000832999 0.897469
-11.2447 42.4224 38.6169 -0.373288 -0.0240098 0.927237
-10.2582 42.4108 38.9747 -0.308975 -0.0251874 0.950652
-9.03628 42.4337 39.3401 -0.261849 -0.0354703 0.964457
-8.06379 42.4694 39.6028 -0.248877 -0.018134 0.968173
-6.38834 42.4459 39.9418 -0.175892 -0.00472925 0.984398
-5.2262 42.4084 40.1465 -0.158235 0.0045162 0.987215
-4.13295 42.4367 40.2652 -0.106173 -0.00858381 0.994311
-3.02978 42.5036 40.3837 -0.0831321 -0.0202695 0.995996
-1.94491 42.5864 40.4521 -0.061337 -0.00727947 0.99809
-0.884477 42.6377 40.5172 -0.0512393 0.000609363 0.998611
0.207499 42.5929 40.5212 -0.000643639 -0.0140133 0.999901
1.50402 42.3685 40.5097 0.042001 -0.00282508 0.998646
2.73302 42.1904 40.4308 0.0660338 0.0154772 0.997697
3.85739 42.1382 40.3583 0.056895 0.0100214 0.998282
4.94157 42.1461 40.3054 0.0488194 0.00445478 0.998798
6.24782 42.2134 40.13 0.161564 -0.0166737 0.986689
7.46317 42.3557 39.9316 0.177766 -0.00468757 0.983909
8.45597 42.3597 39.7341 0.188988 -0.020158 0.981622
9.64361 42.3429 39.446 0.294409 -0.00293996 0.955045
10.8758 42.4066 39.0942 0.319635 0.0327261 0.945649
12.3731 42.3938 38.4899 0.379946 0.0131791 0.92487
13.5833 42.3992 37.9036 0.459857 -0.0210357 0.887667
14.6129 42.4432 37.3581 0.457803 0.000860516 0.888979
15.6415 42.4781 36.8441 0.443435 0.00147519 0.896292
16.9852 42.5328 36.1854 0.44083 -0.00247884 0.897587
18.012 42.4503 35.6769 0.453463 0.00025417 0.891275
18.9635 42.3332 35.1929 0.451505 0.00197212 0.892262
19.9196 42.2409 34.7039 0.484443 0.0134087 0.874719
20.9688 42.2177 34.1215 0.48626 0.0132967 0.873713
22.1934 42.3449 33.4131 0.514781 0.0141525 0.857202
22.7475 43.1839 33.0655 0.518167 -0.000567564 0.855279
22.7806 44.5397 33.0464 0.524975 0.00455895 0.851052
22.3588 45.5233 33.2864 0.513747 0.0156227 0.857762
21.3754 45.7608 33.8607 0.505159 0.0143782 0.862906
20.4365 45.748 34.4103 0.489096 0.00476647 0.871973
19.4992 45.7039 34.9116 0.460348 0.00522598 0.887721
18.5495 45.6868 35.4018 0.457136 0.00383472 0.889389
17.5453 45.7131 35.9172 0.457677 0.00114295 0.889112
16.6369 45.7343 36.3785 0.439406 -0.0107206 0.898224
15.2569 45.7965 37.0577 0.440901 -0.0154475 0.897417
14.2959 45.7678 37.5258 0.439783 -0.0157063 0.897964
13.2642 45.6888 38.0176 0.437431 0.000950986 0.899142
12.2748 45.6248 38.5105 0.404859 0.0137592 0.913155
10.5529 45.5863 39.1816 0.373833 -0.0050647 0.927095
9.27653 45.5943 39.5545 0.259533 0.00978965 0.965684
7.82358 45.6011 39.915 0.195186 0.00352366 0.980463
6.70239 45.5517 40.1166 0.150074 -0.00449876 0.988301
5.67163 45.5091 40.2454 0.114391 -0.000945969 0.993435
3.85023 45.4837 40.4197 0.0786188 0.0182305 0.996738
2.85146 45.5071 40.4646 0.038702 -0.00660641 0.999227
1.36555 45.6001 40.52 0.0330423 -0.00809972 0.999411
0.157294 45.6822 40.5281 -0.00995651 0.0123038 0.999875
-1.00074 45.7308 40.5163 -0.0252721 0.00069074 0.999491
-2.11826 45.7634 40.4365 -0.0832119 0.0123361 0.996454
-3.22497 45.774 40.342 -0.0890287 0.00868935 0.99598
-4.36824 45.754 40.2232 -0.107648 0.0138682 0.994092
-5.64858 45.719 40.0845 -0.123558 -0.000383871 0.992115
-6.91691 45.7142 39.8455 -0.194741 -0.00345272 0.980848
-8.21157 45.7042 39.5719 -0.235113 -0.00614871 0.971949
-9.59163 45.684 39.2287 -0.289608 0.00881595 0.956185
-11.3053 45.6436 38.6281 -0.375699 -0.00213369 0.925515
-12.2574 45.6808 38.1825 -0.430691 0.00140045 0.902498
-13.8621 45.6488 37.3767 -0.468515 -0.0135267 0.883352
-14.8023 45.6503 36.8897 -0.454666 -0.0192821 0.890442
-16.1434 45.6838 36.1974 -0.465441 -0.00911146 0.884994
-17.2872 45.7193 35.5958 -0.467241 -4.29744e-05 0.88413
-18.5695 45.815 34.8927 -0.479547 0.00756688 0.877481
-19.3128 45.82 34.4755 -0.499716 0.00829259 0.866145
-19.036 46.5155 34.6342 -0.492099 -0.00430631 0.870468
-19.9389 46.4806 34.1118 -0.503246 -0.00754204 0.864106
-20.8366 46.4203 33.5898 -0.509091 0.00432327 0.860666
-21.7054 46.3153 33.0657 -0.516871 0.00505134 0.856048
-22.3265 45.6044 32.696 -0.522469 0.00220191 0.852616
-22.3932 44.489 32.663 -0.522436 0.00928009 0.852604
-22.35 43.0615 32.6997 -0.520766 0.000418472 0.853684
-22.1048 42.0413 32.8414 -0.518198 -0.00689957 0.855233
-21.1291 41.558 33.4347 -0.522426 -0.0037196 0.852677
-20.181 41.5848 34.0001 -0.503483 -0.000746854 0.86398
-19.1862 41.6271 34.5679 -0.484853 0.00299593 0.87459
-18.1919 41.619 35.1191 -0.480624 0.00028831 0.876909
-16.9653 41.6147 35.774 -0.465349 0.00257142 0.885124
-15.7218 41.6075 36.4259 -0.455497 0.00035391 0.890186
-14.2573 41.6098 37.1523 -0.444525 -0.00166222 0.895765
-13.1003 41.6703 37.7496 -0.463305 -0.00621484 0.886177
-11.7583 41.7089 38.3968 -0.393828 0.00502028 0.919165
-10.6415 41.6991 38.8307 -0.326366 -0.00717793 0.944567
-9.54187 41.6765 39.1747 -0.280133 -0.0335441 0.959196
-8.37259 41.7124 39.4928 -0.266597 -0.0166876 0.963431
-7.11436 41.7291 39.8048 -0.177019 -0.0144969 0.984098
-5.81519 41.67 40.0353 -0.173945 -0.0118545 0.984683
-4.64089 41.6724 40.2044 -0.118727 -0.0186938 0.992619
-3.52218 41.716 40.3242 -0.106178 -0.00863366 0.99431
-2.44715 41.7841 40.3957 -0.0606401 -0.0323284 0.997636
-1.39289 41.8494 40.4622 -0.0605656 -0.0328851 0.997622
-0.304992 41.857 40.5105 -0.0210738 -0.0282431 0.999077
0.791633 41.7554 40.5091 0.00851539 -0.0184444 0.99975
2.12344 41.5705 40.4811 0.0425766 -0.00337566 0.998623
3.29568 41.4709 40.4057 0.064757 0.0164938 0.997765
4.42785 41.4391 40.3309 0.0582099 0.00772162 0.998204
5.67979 41.4502 40.2006 0.121998 -0.0243604 0.992227
6.68039 41.5134 40.0562 0.152497 -0.00356185 0.988253
7.90928 41.604 39.8394 0.195072 -0.00521939 0.980775
9.20672 41.6132 39.5765 0.231519 -0.0117348 0.972294
11.0018 41.6696 39.074 0.329263 0.028817 0.942079
12.0136 41.635 38.6567 0.391794 0.0137342 0.919561
13.3337 41.7013 38.0268 0.458563 -0.00284206 0.888628
14.2532 41.6961 37.544 0.457803 0.000860516 0.888979
15.2113 41.7178 37.063 0.4467 0.00473495 0.894671
16.2199 41.7517 36.5593 0.443409 0.00634174 0.896288
17.1772 41.7637 36.0882 0.441685 -0.00303905 0.897165
18.4476 41.6628 35.4556 0.451113 0.00250113 0.892457
19.3989 41.5757 34.9776 0.451098 0.00388475 0.892464
20.3487 41.5217 34.4762 0.485054 0.0127445 0.874391
21.3504 41.5343 33.9198 0.486791 0.0118633 0.873436
22.3532 41.612 33.3278 0.513619 0.0120362 0.857934
23.2727 42.3059 32.7636 0.516086 0.0157654 0.856391
23.4065 43.5557 32.6665 0.524235 0.00568066 0.851502
23.3947 44.7489 32.6583 0.531391 0.0114555 0.847048
23.0246 46.0088 32.8702 0.520234 0.0190693 0.853811
22.0232 46.4558 33.4692 0.519138 0.00911722 0.854579
21.1086 46.468 34.0055 0.505493 0.00491171 0.862817
20.1437 46.4321 34.5707 0.499695 0.0103329 0.8661
19.2361 46.3978 35.044 0.460348 0.00522598 0.887721
18.0537 46.3922 35.6535 0.458576 0.00240681 0.888649
17.0833 46.4152 36.1563 0.460062 0.000972845 0.887886
15.7578 46.4656 36.8202 0.443266 -0.0137005 0.896286
14.8019 46.4789 37.293 0.440652 -0.0157072 0.897534
13.7784 46.4442 37.7837 0.428884 -0.0127098 0.90327
12.6334 46.3879 38.3262 0.437163 -0.00291717 0.899275
11.3649 46.3489 38.8659 0.386449 -0.0285681 0.921868
10.4198 46.3123 39.2598 0.313486 -0.0199611 0.946307
9.39576 46.3347 39.515 0.248815 -0.00338804 0.968413
8.28081 46.3422 39.7999 0.210981 0.0199366 0.977281
6.81409 46.2841 40.0988 0.149613 0.00483639 0.988425
5.37696 46.2416 40.2798 0.11938 0.00261437 0.992827
4.32003 46.2375 40.3688 0.079897 0.0181471 0.996638
3.27079 46.2715 40.4528 0.0620735 -0.00952186 0.997804
2.26649 46.3091 40.4907 0.0369629 -0.0046484 0.999306
1.25468 46.3468 40.528 0.025789 0.00105248 0.999591
0.219047 46.3846 40.5301 -0.009258 -0.0112932 0.999893
-0.855335 46.4247 40.5203 -0.0205837 -0.00418896 0.999694
-1.95982 46.4595 40.4617 -0.084738 -0.0299341 0.995951
-3.08826 46.4721 40.3643 -0.0916477 -0.0246283 0.995464
-4.24401 46.4576 40.2454 -0.106395 -0.0268734 0.993961
-5.43759 46.4387 40.118 -0.129492 -0.00903786 0.991083
-6.78222 46.4291 39.8743 -0.194112 -0.00136739 0.980978
-7.90336 46.4299 39.6514 -0.21539 -0.0050322 0.976302
-9.46918 46.4022 39.2526 -0.251981 0.0076789 0.967701
-10.4292 46.4038 38.9306 -0.330397 0.00730874 0.943814
-11.4548 46.3772 38.5635 -0.412046 0.0112676 0.910807
-12.479 46.3797 38.0757 -0.429785 -0.000539183 0.902931
-13.4063 46.3842 37.6297 -0.450948 -0.00553637 0.892279
-14.5313 46.3767 37.0469 -0.458638 -0.0212168 0.88837
-15.4411 46.3672 36.5799 -0.462255 -0.0113721 0.886585
-16.7492 46.4057 35.8804 -0.469531 -0.00236838 0.882907
-17.8762 46.4704 35.268 -0.479615 0.000923673 0.877462
-18.7791 46.5151 34.7762 -0.481099 -0.00275047 0.876655
-18.4209 47.1973 34.9749 -0.481099 -0.00275047 0.876655
-17.2282 47.1289 35.6247 -0.477261 -0.0031887 0.878753
-16.2663 47.0805 36.142 -0.471716 -0.00414741 0.881741
-15.0684 47.0845 36.7812 -0.46305 -0.00501596 0.886291
-14.131 47.0997 37.2637 -0.457295 -0.0080926 0.889278
-13.1283 47.0961 37.7655 -0.437685 -0.000856796 0.899116
-12.0593 47.0971 38.2759 -0.429785 -0.000539183 0.902931
-10.9979 47.0856 38.7418 -0.358669 0.00473996 0.932503
-9.97184 47.1058 39.0911 -0.327439 -0.0064892 0.944812
-8.8022 47.1378 39.4225 -0.252506 -0.000402616 0.967585
-7.29088 47.1362 39.7739 -0.197158 0.00209088 0.980362
-6.13476 47.1405 40.0034 -0.175715 0.00405686 0.984233
-5.13536 47.1586 40.1591 -0.152565 0.00702595 0.988267
-4.06275 47.1728 40.2841 -0.101709 -0.0245473 0.994499
-2.99703 47.1772 40.3885 -0.0962214 -0.0218612 0.995119
-1.94023 47.1646 40.4835 -0.0590309 -0.0118983 0.997676
-0.871977 47.1321 40.5173 -0.0314878 0.00402999 0.999496
0.230925 47.0943 40.5381 0.00286141 -0.002078 0.999877
1.39195 47.0678 40.5208 0.0150161 0.00702237 0.999863
2.59158 47.0534 40.4821 0.0390902 -0.00177826 0.99923
3.65385 47.0137 40.436 0.0620735 -0.00952186 0.997804
4.66152 46.9621 40.3527 0.0818216 -0.0188539 0.996469
5.69428 46.9595 40.237 0.123051 0.00471687 0.992388
6.76092 47.0027 40.1021 0.125395 0.00447187 0.992097
7.79471 47.0881 39.8891 0.198957 0.0194349 0.979796
8.77502 47.0735 39.6788 0.234619 -0.00317292 0.972002
9.96207 47.0495 39.385 0.24393 -0.0147023 0.96968
11.2518 47.0684 38.9355 0.385266 -0.0279001 0.922383
12.3048 47.1017 38.4832 0.400351 -0.00362644 0.91635
13.2956 47.149 38.0286 0.429571 -0.0249148 0.902689
14.3358 47.1703 37.5339 0.438596 -0.0173479 0.898432
15.3411 47.1726 37.0347 0.44311 -0.00651676 0.896443
16.3012 47.1447 36.5597 0.450322 -0.00170913 0.892818
17.2169 47.1093 36.0864 0.460073 0.000650029 0.887881
18.1071 47.0883 35.6252 0.459801 0.000596875 0.888022
19.6465 47.1122 34.8292 0.460686 0.00153482 0.887561
20.6523 47.1498 34.2687 0.499695 0.0103329 0.8661
21.6061 47.1753 33.71 0.505493 0.00491171 0.862817
22.5234 47.1574 33.1666 0.514704 0.00290731 0.857339
23.6553 46.6231 32.4793 0.537493 0.00546296 0.842921
23.9516 45.331 32.3002 0.534041 0.00709784 0.845427
23.9804 44.1837 32.2973 0.544937 0.0105422 0.838411
24.0028 42.7904 32.2964 0.539884 0.00776523 0.841702
23.906 41.7107 32.3668 0.539125 0.0068801 0.842197
23.0309 40.9584 32.929 0.524808 0.00376874 0.851117
21.6824 40.8378 33.7385 0.509278 0.00385083 0.860568
20.7158 40.8256 34.2828 0.485718 0.0120504 0.874032
19.8293 40.8429 34.7605 0.452844 -0.00108664 0.891588
18.8982 40.8985 35.2308 0.448209 -0.00213134 0.893926
17.9462 40.976 35.7117 0.449973 0.00570088 0.892993
16.9248 41.0175 36.2183 0.444345 0.0102449 0.895797
15.8582 40.9893 36.7436 0.443409 0.00634174 0.896288
14.8711 40.9621 37.2369 0.448149 0.0040069 0.893949
13.9502 40.9487 37.7074 0.460098 0.0120465 0.887785
13.0402 40.9796 38.1777 0.436067 0.00601391 0.899672
11.9517 40.9554 38.6757 0.40405 -0.000247882 0.91467
10.6447 40.9303 39.1788 0.274681 -0.0219645 0.961146
9.50456 40.9065 39.489 0.259832 -0.00936479 0.965608
8.38052 40.878 39.7384 0.201322 -0.0111204 0.97946
7.36619 40.8309 39.9379 0.165439 -0.00852417 0.986182
6.05868 40.7365 40.1432 0.131039 -0.00970585 0.99123
5.04193 40.7297 40.2644 0.115276 -0.0184252 0.993155
3.9005 40.7543 40.3689 0.0677495 -0.00536343 0.997687
2.75678 40.8086 40.445 0.0540666 -0.0152725 0.998306
1.5459 40.9242 40.4785 0.0175277 -0.0145265 0.99974
0.455928 41.0603 40.4992 0.00851539 -0.0184444 0.99975
-0.872253 41.1058 40.4555 -0.04057 -0.0419548 0.998295
-1.9394 41.0585 40.4037 -0.0602907 -0.0311775 0.997694
-3.00429 40.9922 40.3377 -0.0607098 -0.0311078 0.99767
-4.1046 40.9486 40.255 -0.118645 -0.0184873 0.992641
-5.22492 40.9204 40.1058 -0.132111 -0.028236 0.990832
-6.391 40.9283 39.9231 -0.176171 -0.0138754 0.984261
-7.4903 40.9714 39.7241 -0.179033 -0.0153649 0.983723
-8.67428 40.9572 39.4054 -0.278526 -0.00120739 0.960428
-9.93176 40.9275 39.0269 -0.310438 -0.0131932 0.950196
-11.0213 40.9339 38.6809 -0.304101 -0.0323007 0.952088
-12.0436 40.9743 38.2778 -0.407615 -0.00990408 0.912968
-12.998 40.9443 37.7926 -0.4574 -0.0135771 0.889158
-13.9537 40.8767 37.3019 -0.442928 0.00460664 0.896523
-15.0278 40.8785 36.7744 -0.440082 0.0109723 0.897891
-16.2469 40.8852 36.1531 -0.463531 0.00300305 0.886076
-17.6693 40.9059 35.4002 -0.473883 -0.00343224 0.880577
-18.5685 40.9064 34.9129 -0.480652 0.000364385 0.876894
-19.6026 40.8952 34.3288 -0.497351 -0.0034334 0.867543
-20.5999 40.864 33.7554 -0.503483 -0.000746854 0.86398
-21.5452 40.8302 33.1803 -0.5205 0.0129955 0.853763
-22.5596 41.1664 32.5508 -0.533217 -0.00334547 0.845898
-22.899 42.1245 32.3515 -0.536202 -0.012532 0.843997
-22.9829 43.2036 32.312 -0.543326 0.000138405 0.839273
-23.0135 45.2192 32.2676 -0.527623 0.0119274 0.849395
-22.8357 46.5749 32.3852 -0.521109 -0.0041277 0.853472
-21.6183 47.0854 33.1217 -0.516807 -0.00961896 0.856048
-20.4478 47.1419 33.8199 -0.504593 -0.00904906 0.863309
-19.3823 47.1929 34.4399 -0.500855 -0.00730988 0.8655
-19.2394 47.1984 34.5226 -0.492099 -0.00430631 0.870468
-19.4474 47.8797 34.4082 -0.492566 -0.00417094 0.870201
-20.7064 47.8195 33.676 -0.505324 -0.00447055 0.862913
-21.8112 47.8182 33.0128 -0.517041 -0.00848638 0.855918
-22.811 47.7339 32.3958 -0.524977 0.00203081 0.851083
-23.5655 46.5703 31.9297 -0.547465 0.000980681 0.836778
-23.6201 45.281 31.8895 -0.528548 0.00159675 0.848842
-23.632 44.179 31.8861 -0.558089 -0.00916595 0.829731
-23.5907 43.1323 31.9019 -0.558394 -0.0030655 0.829547
-23.5319 42.0227 31.9457 -0.551426 -0.00568131 0.834083
-23.4461 40.8144 31.9944 -0.536878 0.00857876 0.843611
-22.7466 40.1787 32.4425 -0.532394 0.0089669 0.846449
-21.5914 40.1175 33.1628 -0.520214 0.0130576 0.853936
-20.3979 40.1619 33.8643 -0.497736 -0.00878074 0.867281
-19.0191 40.1826 34.6584 -0.497189 -0.012196 0.867553
-17.914 40.198 35.2653 -0.477005 -0.00604339 0.87888
-16.9641 40.1796 35.7788 -0.46992 0.00183699 0.882688
-15.6813 40.1693 36.4513 -0.464193 0.00217346 0.885732
-14.5099 40.1431 37.0372 -0.440112 0.0108327 0.897878
-13.3772 40.1806 37.5915 -0.453535 -0.00358793 0.891231
-12.2827 40.2522 38.1524 -0.439248 -0.0147019 0.897961
-10.6172 40.173 38.8021 -0.318665 0.00902449 0.947823
-9.32471 40.188 39.22 -0.275255 0.00565453 0.961354
-7.82063 40.2264 39.6519 -0.229368 -0.00857561 0.97197
-6.76785 40.1992 39.8442 -0.178184 -0.0147452 0.983886
-5.2319 40.1903 40.0921 -0.134925 -0.00662204 0.990833
-4.20281 40.2208 40.2313 -0.110321 -0.0199912 0.993332
-3.10706 40.2499 40.3142 -0.0648144 -0.0169918 0.997747
-1.99018 40.2982 40.3866 -0.049504 -0.0164996 0.998563
-0.909643 40.3507 40.4309 -0.0387818 -0.0245113 0.998944
0.169007 40.3412 40.472 -0.0254017 -0.0335909 0.998989
1.32684 40.2075 40.4712 0.0165845 -0.0143176 0.999759
3.10361 40.0854 40.4118 0.0430128 -0.0259938 0.998736
4.19647 40.0507 40.3453 0.0893806 -0.0127585 0.995623
5.26436 40.0241 40.2242 0.112504 -0.0211342 0.993427
6.80879 40.0524 40.022 0.146864 -0.0109621 0.989076
8.14594 40.1282 39.7861 0.203941 0.0155526 0.97884
9.36501 40.1934 39.5193 0.234213 -0.0141257 0.971721
11.0883 40.2011 39.03 0.281193 0.0154239 0.959371
12.097 40.2336 38.6174 0.41235 0.00720303 0.910985
13.2991 40.2149 38.0488 0.453718 0.00420955 0.891135
14.5543 40.2098 37.405 0.457869 0.0112029 0.888947
15.5077 40.2357 36.9224 0.443545 0.00636866 0.896219
16.4978 40.2751 36.4367 0.440573 0.00818039 0.89768
17.4801 40.2724 35.9511 0.450185 0.00562465 0.892884
18.4235 40.2096 35.4687 0.4551 0.00101374 0.89044
19.3549 40.1507 34.9998 0.450238 -0.00452648 0.892893
20.2676 40.1309 34.5356 0.455703 -0.0070115 0.890099
21.2836 40.1352 33.9714 0.504991 -0.000463306 0.863125
22.2111 40.138 33.4285 0.510036 0.00393756 0.860115
23.1706 40.175 32.8405 0.535119 -4.06408e-05 0.844776
24.015 40.3607 32.3055 0.537623 0.00261996 0.843172
24.542 41.6369 31.9599 0.539816 0.0055934 0.841764
24.6045 43.2375 31.9045 0.542078 0.0089476 0.84028
24.5699 44.3678 31.9118 0.544937 0.0105422 0.838411
24.5442 45.5006 31.9096 0.550222 0.015496 0.834874
24.4093 46.9731 31.9702 0.552412 0.0174427 0.833389
23.7255 47.7464 32.4175 0.555838 0.0101355 0.831229
22.4554 47.8658 33.2012 0.510529 0.0070317 0.859832
21.5034 47.8683 33.766 0.507731 0.00623812 0.861488
20.5549 47.8435 34.3116 0.494105 0.0155219 0.869264
19.6443 47.8166 34.8294 0.476596 0.00823928 0.878835
18.7463 47.8 35.2941 0.459609 0.000439847 0.888122
17.8408 47.7952 35.7626 0.459812 0.000587383 0.888016
16.8887 47.825 36.2553 0.457324 0.00298767 0.889295
15.9069 47.8622 36.7598 0.449785 -0.00121411 0.893093
14.8946 47.8767 37.2621 0.447543 -0.00962815 0.894211
13.8602 47.8698 37.7795 0.43853 -0.0171004 0.89847
12.9166 47.865 38.2167 0.402152 -0.00458984 0.915561
11.9872 47.8207 38.6242 0.396947 -0.00553031 0.917824
10.6581 47.7885 39.2014 0.396218 0.0019442 0.918129
9.66278 47.7825 39.4671 0.232937 -0.00354136 0.972445
8.55688 47.821 39.7238 0.219871 0.00721701 0.975435
7.56359 47.8212 39.9223 0.194379 0.0123161 0.98084
6.52998 47.7139 40.1283 0.158908 0.0185484 0.986435
5.04756 47.6718 40.3118 0.119777 0.0074923 0.99277
4.00116 47.7376 40.4207 0.0629584 -0.00887492 0.997767
2.98476 47.7952 40.4657 0.0424382 -0.000390009 0.999098
1.97379 47.8039 40.5075 0.0167255 -0.0178777 0.999697
0.784749 47.8052 40.5286 0.0153499 -0.0131029 0.999795
-0.286389 47.8306 40.5368 -0.0215822 -0.00288043 0.999687
-1.30493 47.8587 40.5041 -0.032748 -0.00852874 0.999427
-2.33334 47.8825 40.4677 -0.0689819 -0.0118567 0.997117
-3.36877 47.8878 40.3679 -0.0978288 -0.0212741 0.994976
-4.37081 47.8852 40.27 -0.112495 -0.00672703 0.993408
-5.37935 47.8544 40.1165 -0.152565 0.00702595 0.988267
-6.60355 47.8507 39.9108 -0.197408 0.00193944 0.980312
-7.67768 47.8412 39.6917 -0.201401 0.0064799 0.979484
-8.68466 47.8377 39.453 -0.256554 0.00699173 0.966433
-10.0108 47.8113 39.0908 -0.293079 -0.00121555 0.955439
-11.1465 47.7983 38.6596 -0.391707 0.025916 0.91972
-12.2294 47.8056 38.1958 -0.411227 0.0110966 0.91116
-13.2064 47.8107 37.7249 -0.439938 0.00445576 0.898016
-14.1277 47.8189 37.2717 -0.449444 -0.00183579 0.893244
-15.6361 47.7917 36.4817 -0.468823 -0.00178159 0.88329
-16.7319 47.7985 35.8948 -0.475555 -0.00239319 0.879683
-18.016 47.8768 35.199 -0.480937 -0.00254145 0.876745
-18.9344 47.8888 34.6918 -0.483773 -0.000778786 0.875193
-18.8051 48.5748 34.7671 -0.483981 -0.0102138 0.875019
-17.8746 48.5624 35.2809 -0.478269 -0.00832163 0.878153
-16.3993 48.5089 36.0766 -0.475273 -0.00340593 0.879832
-15.4624 48.5209 36.5758 -0.468494 -0.00552777 0.883449
-14.5693 48.5327 37.0488 -0.463748 -0.00102985 0.885945
-13.6141 48.5248 37.5243 -0.44241 -0.00900569 0.896768
-12.6234 48.5118 38.0102 -0.436606 -0.00900365 0.899599
-11.5561 48.509 38.4834 -0.391098 -0.0368188 0.91961
-10.4381 48.5191 38.9544 -0.344981 -0.00994411 0.937076
-9.28349 48.5205 39.283 -0.263432 -0.0155511 0.964552
-8.24041 48.5295 39.5691 -0.238835 -0.00574515 0.970634
-6.94269 48.5704 39.8419 -0.20198 -0.00464913 0.979379
-5.59828 48.5395 40.0819 -0.157401 -0.00175543 0.987533
-3.70899 48.6021 40.3498 -0.112495 -0.00672703 0.993408
-2.66031 48.5976 40.4532 -0.0706241 -0.00942198 0.997023
-1.64759 48.5783 40.4964 -0.0418744 0.000640606 0.999122
-0.404867 48.5794 40.5327 -0.0104462 0.00323951 0.99994
1.27159 48.5285 40.5313 0.00545302 -0.00801932 0.999908
2.52883 48.5608 40.5055 0.0470188 -0.0298983 0.998446
3.83597 48.4807 40.4409 0.0674712 -0.0131241 0.997302
5.07999 48.3993 40.3073 0.120839 -0.00905302 0.992627
6.20183 48.4097 40.1699 0.144099 0.00588182 0.989196
7.62846 48.6201 39.9028 0.194506 0.0083085 0.980866
8.96155 48.5711 39.6355 0.214213 -0.0028489 0.976623
10.0543 48.5254 39.3614 0.263878 0.026102 0.964203
11.3987 48.5465 38.8806 0.389663 0.00145911 0.920955
12.3448 48.573 38.473 0.402789 -0.00913441 0.915241
13.3601 48.5717 38.0278 0.41191 -0.00260653 0.911105
14.3976 48.5738 37.518 0.447192 -0.00757097 0.894406
15.4483 48.577 36.9922 0.451439 -0.00428898 0.892274
16.4742 48.5532 36.4662 0.456828 -0.000969868 0.889554
17.5028 48.5134 35.9372 0.458693 0.00184869 0.888591
18.5073 48.5147 35.4172 0.459755 0.00173207 0.888044
19.3984 48.5207 34.9559 0.469363 0.00598583 0.882908
20.2893 48.5365 34.4567 0.493804 -0.00157648 0.869571
21.236 48.5506 33.9184 0.500575 0.00283534 0.865649
22.2152 48.5602 33.3396 0.510647 0.00375073 0.859782
23.1767 48.5665 32.7683 0.529401 0.0121069 0.847958
24.3007 48.4718 32.0227 0.557436 0.011512 0.830139
24.9665 47.7008 31.5846 0.563915 0.0140531 0.82571
25.103 46.6429 31.515 0.564521 0.0176956 0.825228
25.1234 45.5844 31.523 0.563759 0.0158195 0.825787
25.15 44.3165 31.5284 0.562473 0.0194867 0.826581
25.1785 42.7026 31.5346 0.565813 0.00439979 0.824522
25.1594 41.3792 31.5522 0.564049 -0.00100233 0.825738
25.096 40.2182 31.5909 0.562695 -0.00398348 0.826655
24.3572 39.6112 32.0892 0.539935 2.3737e-05 0.841685
23.464 39.4737 32.6552 0.53489 0.00178819 0.84492
22.5712 39.4327 33.22 0.519026 0.00836928 0.854509
21.6681 39.4308 33.7477 0.504586 0.0170735 0.863193
20.7723 39.4303 34.269 0.466351 -0.00714206 0.884503
19.8472 39.4266 34.7452 0.45242 -0.00660473 0.891781
18.9551 39.4496 35.1978 0.455154 -0.00399912 0.890394
18.0529 39.5081 35.6588 0.455547 0.00129507 0.89021
17.0752 39.5453 36.1589 0.446067 0.00154206 0.894975
16.1514 39.5285 36.6124 0.440038 0.00381795 0.897971
15.1881 39.4993 37.0853 0.449503 0.00153357 0.893228
13.9226 39.4642 37.7355 0.455402 0.00106513 0.890276
12.8355 39.507 38.2828 0.431932 0.000663804 0.901756
11.3523 39.4967 38.9639 0.41548 0.00959833 0.909533
10.1989 39.4783 39.3 0.262994 0.0230354 0.964517
8.68225 39.4116 39.6912 0.230522 0.0198302 0.972825
7.26206 39.3307 39.9503 0.14751 -0.00299937 0.989052
6.09242 39.3113 40.1259 0.129612 0.0108402 0.991258
5.05461 39.3301 40.2397 0.112657 0.0217851 0.993395
3.91266 39.3657 40.3598 0.0567448 -0.0159158 0.998153
2.7688 39.3991 40.41 0.0426889 -0.00945685 0.999044
1.75986 39.4465 40.4531 0.02511 -0.0242937 0.999129
0.540292 39.5484 40.4454 -0.00892802 -0.033754 0.999379
-1.06046 39.5849 40.4051 -0.0373176 -0.0292174 0.998876
-2.10364 39.5354 40.3635 -0.0371284 -0.0288093 0.998894
-3.22471 39.5093 40.2966 -0.0725235 -0.011143 0.997289
-4.36669 39.5014 40.1992 -0.102137 -0.0131216 0.994557
-5.47708 39.4753 40.054 -0.141525 -0.00923118 0.98986
-6.60093 39.4672 39.8704 -0.174213 2.32408e-05 0.984661
-7.92993 39.4861 39.6175 -0.233485 -0.0147073 0.971594
-9.66327 39.4277 39.1291 -0.296438 0.00666569 0.954761
-10.6433 39.3974 38.8003 -0.326139 -0.00384237 0.945286
-11.6237 39.4137 38.4588 -0.377311 -0.00107451 0.924601
-13.1478 39.4905 37.7048 -0.454173 -0.00500809 0.890899
-14.0485 39.4114 37.2605 -0.43756 0.00577788 0.899147
-15.0231 39.4277 36.7924 -0.432389 0.00420226 0.901674
-15.9296 39.4608 36.325 -0.463201 0.00945919 0.886202
-17.2548 39.4955 35.6181 -0.479635 -0.00347302 0.877452
-18.4472 39.4295 34.9706 -0.477005 -0.00604339 0.87888
-19.3608 39.4458 34.4517 -0.494984 -0.014037 0.868788
-20.5576 39.4552 33.7679 -0.494302 -0.00649346 0.869265
-21.5802 39.3934 33.1809 -0.509593 0.00332536 0.860263
-22.4755 39.3808 32.6212 -0.533384 0.00506132 0.845858
-23.3346 39.4835 32.0793 -0.541041 -0.00113407 0.840928
-24.0873 40.0891 31.5719 -0.56183 -0.00182643 0.827251
-24.1381 41.3509 31.539 -0.563065 0.000757698 0.82641
-24.1535 42.377 31.524 -0.55982 0.00346725 0.828606
-24.2343 44.1329 31.4804 -0.55838 -0.00977305 0.829528
-24.2229 45.1982 31.5023 -0.554032 -0.00147759 0.832431
-24.1839 46.3142 31.5173 -0.557588 0.0105887 0.830047
-24.0169 47.8508 31.6323 -0.552368 -0.00109985 0.833419
-23.1904 48.4811 32.1634 -0.534585 -0.00861811 0.84506
-22.2302 48.5302 32.7639 -0.523855 -0.00594734 0.851755
-21.2876 48.508 33.3345 -0.516901 -0.00243213 0.856041
-20.3137 48.523 33.9094 -0.502811 -0.00469783 0.864383
-19.4255 48.5639 34.4236 -0.490001 -0.00538745 0.871666
-19.1112 49.333 34.6033 -0.495743 7.42887e-05 0.868469
-20.0107 49.2726 34.0899 -0.499186 -0.00291779 0.866475
-21.4927 49.3055 33.2135 -0.517387 -0.00470405 0.855736
-22.3616 49.3646 32.6869 -0.51864 -0.00307266 0.854987
-23.2862 49.2749 32.1109 -0.542191 -0.00453391 0.840115
-24.3522 49.0298 31.408 -0.562384 0.00176524 0.826826
-24.7479 48.1314 31.1292 -0.571574 -0.00632687 0.820526
-24.8162 46.895 31.0839 -0.556322 0.014644 0.830833
-24.8401 45.859 31.0845 -0.548509 0.0112744 0.836035
-24.8189 44.0501 31.0918 -0.552403 -0.0123746 0.833485
-24.9128 43.0563 31 -0.571728 -0.0129509 0.820269
-24.7173 42.0889 31.1413 -0.566878 0.00539067 0.82377
-24.8257 40.9649 31.0702 -0.564289 0.00246082 0.825573
-24.893 39.9383 31.0248 -0.56072 0.00282689 0.827992
-24.0586 38.8597 31.5973 -0.559877 0.00658318 0.828549
-23.0774 38.6765 32.2425 -0.548636 -0.00605449 0.836039
-22.1795 38.6366 32.8122 -0.53219 0.00481012 0.846611
-21.1317 38.5869 33.4434 -0.490334 0.00860275 0.87147
-20.1716 38.6556 33.9827 -0.48902 0.000140684 0.872261
-19.1446 38.7132 34.563 -0.494984 -0.014037 0.868788
-18.1081 38.7131 35.1463 -0.480736 -0.00735237 0.876819
-16.6959 38.6677 35.9246 -0.482742 -0.00226725 0.875759
-15.731 38.6993 36.4371 -0.464236 0.0111609 0.885641
-14.2554 38.4999 37.1653 -0.431212 0.00470595 0.902238
-13.3038 38.7758 37.622 -0.445301 -0.00603618 0.895322
-12.305 38.687 38.125 -0.441254 -0.0101598 0.897312
-11.0666 38.6685 38.6463 -0.328373 -0.0086725 0.944508
-10.0841 38.6816 38.9889 -0.325397 0.00742682 0.945498
-8.94441 38.6586 39.3419 -0.265387 0.0299535 0.963399
-7.95941 38.7158 39.5952 -0.199262 -0.0207667 0.979726
-6.51381 38.6798 39.8805 -0.193628 -0.0162439 0.980901
-5.28288 38.7384 40.076 -0.131786 -0.00829434 0.99093
-4.15333 38.7284 40.2073 -0.115211 -0.0273887 0.992963
-2.88981 38.7454 40.3129 -0.0560811 -0.0172036 0.997948
-1.67726 38.7914 40.3578 -0.0355502 -0.0327762 0.99883
-0.656602 38.7511 40.3951 -0.0339669 -0.0365111 0.998747
1.22988 38.7696 40.4299 -0.0100718 -0.0273878 0.999574
2.35112 38.6863 40.4184 0.00797966 -0.0393865 0.999192
3.54696 38.6624 40.3694 0.0565123 -0.0148784 0.998164
4.77167 38.6139 40.2825 0.0698231 -0.0235338 0.997282
5.92756 38.5248 40.1586 0.132375 0.0221566 0.990748
6.97307 38.4123 40.0018 0.15015 0.013132 0.988575
8.17706 38.6832 39.7979 0.203923 0.0196156 0.978656
9.25554 38.7395 39.5588 0.233283 0.00780867 0.972377
10.8043 38.7366 39.1565 0.317049 0.00176208 0.946067
11.7647 38.7575 38.7744 0.371488 -0.0324024 0.92787
12.9675 38.6557 38.2109 0.448775 -0.0105468 0.893583
14.1066 38.698 37.6373 0.450096 -0.00937303 0.892928
15.0619 38.7027 37.1521 0.44177 0.0051376 0.897114
15.9967 38.7239 36.6916 0.440916 0.0043119 0.897537
17.5621 38.754 35.9115 0.451541 -0.000627033 0.89225
18.4674 38.755 35.4478 0.455547 0.00129507 0.89021
19.4476 38.721 34.9427 0.455154 -0.00399912 0.890394
20.4128 38.7147 34.4527 0.455246 -0.00424829 0.890347
21.3453 38.7108 33.9495 0.473806 -0.0151244 0.880499
22.2809 38.6978 33.4037 0.519275 0.00990471 0.854328
23.2277 38.6811 32.8061 0.533748 0.000269724 0.845643
24.1257 38.6795 32.2379 0.539341 0.000745425 0.84207
25.0429 38.7799 31.6425 0.553021 0.00669171 0.833046
25.9106 39.9732 31.0345 0.562833 0.00424127 0.826518
25.813 41.7295 31.1036 0.566824 0.000475104 0.823839
25.7537 42.9022 31.1388 0.568588 0.00791875 0.822571
25.7483 43.9868 31.1277 0.571315 0.0112605 0.820654
25.7515 45.115 31.1026 0.567306 0.0171351 0.823329
25.7297 46.3016 31.0931 0.567262 0.0170732 0.823361
25.6253 47.9616 31.1301 0.565583 0.0154769 0.824546
25.2968 48.969 31.34 0.56498 0.0115931 0.825023
24.1684 49.3591 32.0989 0.552389 0.0162841 0.833394
23.2384 49.3807 32.7081 0.548139 0.0217293 0.836105
22.2137 49.3641 33.3371 0.509098 0.0048309 0.860689
21.1727 49.3458 33.9496 0.507043 0.00688957 0.861893
20.1879 49.3454 34.5157 0.486729 0.00376814 0.873481
19.2844 49.3129 35.009 0.478916 0.00932522 0.877811
18.3072 49.2457 35.5194 0.45973 0.00175211 0.888057
16.9295 49.2647 36.2325 0.458606 0.000563833 0.888638
15.9953 49.2866 36.7129 0.456393 -2.25049e-05 0.889777
14.9905 49.3158 37.2267 0.455363 0.000451392 0.890306
13.9736 49.3259 37.7365 0.434475 -0.000659316 0.900541
13.0118 49.3838 38.1835 0.42181 0.00704731 0.906657
11.632 49.3786 38.786 0.381451 -0.0122357 0.924305
10.0845 49.2474 39.3331 0.264194 0.0277697 0.964069
9.02947 49.495 39.6244 0.231763 -0.000997931 0.971875
7.65778 49.5282 39.8919 0.192248 0.00472812 0.981326
5.90029 49.104 40.2083 0.165727 0.0144026 0.986059
4.69129 49.2744 40.3628 0.105606 -0.0028161 0.994213
3.57321 49.3935 40.4605 0.0876564 0.00464166 0.99614
2.4763 49.498 40.5356 0.0295349 -0.0257423 0.999062
1.4777 49.23 40.5419 0.00670979 -0.0165884 0.999809
0.400225 49.3578 40.5385 -0.00765744 0.00434474 0.999957
-0.688811 49.4018 40.5278 -0.0076594 0.00075594 0.999967
-1.71708 49.3503 40.4938 -0.0429852 -0.00341427 0.999068
-2.88167 49.3206 40.4431 -0.0437483 -0.00119467 0.999042
-3.94897 49.3265 40.3117 -0.126115 0.0104523 0.991959
-5.12945 49.289 40.1514 -0.148413 0.00110152 0.988879
-6.49319 49.4801 39.9392 -0.184205 -0.00862595 0.982666
-8.40379 49.2682 39.5297 -0.213205 0.00785333 0.976976
-9.53966 49.2798 39.2257 -0.283657 0.000807233 0.958518
-10.6861 49.2928 38.8607 -0.303097 0.0200209 0.952749
-11.8008 49.3017 38.4115 -0.411572 -0.0224851 0.910601
-12.8722 49.298 37.896 -0.433647 -0.00422934 0.901073
-13.9598 49.2832 37.3616 -0.450994 -0.00327569 0.892441
-15.0457 49.2632 36.7998 -0.459509 0.00386279 0.888165
-15.9802 49.3264 36.3063 -0.471631 -0.00494883 0.881771
-17.1286 49.358 35.6871 -0.473037 -0.00589677 0.881023
-18.1502 49.3545 35.1385 -0.478293 -0.00911594 0.878127
-18.9062 49.333 34.7203 -0.489741 -0.00588954 0.871801
-15.6488 44.3192 36.4543 -0.44734 0.00302965 0.894357
-14.4042 44.076 37.0764 -0.455505 1.23733e-05 0.890172
-14.335 43.7204 37.1122 -0.456276 0.00141857 0.889762
-15.2301 43.9608 36.665 -0.446156 0.00357409 0.894948
-15.5906 43.9308 36.4854 -0.44652 0.00414402 0.894764
-12.5685 44.3679 38.0292 -0.420294 -0.00180947 0.907345
-11.0923 44.0365 38.71 -0.375716 -0.00288781 0.925501
-11.8956 44.0649 38.3412 -0.416321 0.00618464 0.909195
-12.0132 44.0682 38.2871 -0.418057 0.00621241 0.908399
-9.71387 44.0397 39.1756 -0.318006 -0.0105776 0.94803
-8.62026 43.9041 39.4631 -0.236119 -0.00523282 0.97171
-9.48437 44.1039 39.2533 -0.277597 -0.00796781 0.959735
-7.24031 44.2862 39.7764 -0.19401 0.00242655 0.980981
-6.16947 44.0469 39.9878 -0.166269 -0.00821795 0.985645
-4.48393 44.3746 40.2293 -0.123761 -3.33409e-05 0.992095
-3.36227 44.4092 40.3373 -0.0929182 0.00594499 0.995656
-2.22399 44.3861 40.443 -0.0885143 0.00836987 0.996029
-1.07983 44.3507 40.4967 -0.0410154 -0.0126206 0.999079
0.0544335 44.3363 40.5433 -0.0254973 -0.000307349 0.999479
-0.957484 44.1902 40.5015 -0.0415905 0.00828333 0.9991
-2.03139 44.1321 40.4575 -0.0510981 0.00069979 0.998617
-3.09766 44.066 40.3646 -0.0927656 0.00914179 0.995646
-4.17213 43.9887 40.2648 -0.0998021 0.00324259 0.994964
-5.21338 43.8774 40.1257 -0.143227 0.0148785 0.989578
-6.28118 43.7733 39.9664 -0.182677 0.00251293 0.983131
-7.07092 44.0247 39.8116 -0.191989 0.00761618 0.981367
1.98316 43.5625 40.4855 0.0680938 -0.015496 0.997559
3.73555 43.4916 40.3867 0.0471618 -0.0358792 0.998227
4.75141 43.5503 40.336 0.0524399 -0.0388124 0.997869
5.76035 43.6231 40.2352 0.138947 -0.0133312 0.989795
6.78608 43.7307 40.0684 0.163352 -0.0280629 0.986169
7.83195 43.9616 39.8867 0.175466 -0.0178582 0.984319
7.92296 44.2004 39.8748 0.17513 -0.0177648 0.984379
6.78567 44.0567 40.0773 0.169036 -0.0215377 0.985348
5.75464 44.0152 40.2354 0.114562 0.00113874 0.993415
4.72675 43.9747 40.3537 0.0828662 -0.0185202 0.995705
3.69041 43.9179 40.4028 0.0422284 -0.0331657 0.998557
2.65458 43.8306 40.4438 0.0552217 -0.0242832 0.998056
9.54157 43.7785 39.533 0.24626 -0.0154889 0.968644
9.68154 43.6975 39.4951 0.29941 0.00347362 0.953425
10.8721 44.1843 39.0659 0.352338 -0.00206573 0.935865
12.0738 43.7426 38.6011 0.36888 -0.00079297 0.929393
11.405 43.8114 38.864 0.346149 0.00182206 0.938137
12.8562 43.7425 38.2615 0.432427 0.024467 0.901331
14.2971 44.4125 37.5093 0.457108 0.00886185 0.889034
15.1928 44.5132 37.073 0.437773 -0.00574748 0.899067
15.4801 44.0878 36.9294 0.440305 -0.00707941 0.89782
14.5825 44.0106 37.367 0.455317 0.00897187 0.889943
13.6998 43.8654 37.8456 0.46811 0.017741 0.883449
13.5227 43.848 37.9383 0.447941 0.0166783 0.893751
16.9944 44.3668 36.1904 0.438729 -0.00756124 0.898588
18.1627 43.9157 35.6005 0.454311 -0.00156002 0.89084
19.0619 43.737 35.1424 0.45364 7.20832e-05 0.891185
19.9869 43.6065 34.6549 0.477717 0.00364581 0.878474
21.0671 43.6713 34.0584 0.484424 -0.00161024 0.874831
20.5357 44.311 34.3528 0.478314 0.00457364 0.878138
19.4881 44.2632 34.9156 0.47324 0.00961842 0.880881
18.4521 44.2608 35.4533 0.455149 -0.00131391 0.890413
17.474 44.3691 35.9539 0.454882 -0.00258373 0.890548
17.3692 44.3754 36.0074 0.446657 -0.00497049 0.894643
