17.5105 44.6716 61.4864 0.402995 0.0318909 0.914646
17.592 43.4379 61.4942 0.403278 0.034888 0.91441
17.8948 42.2755 61.4029 0.406996 0.0329711 0.912835
18.1557 43.1622 61.2556 0.400418 0.0226111 0.915987
18.2491 44.2153 61.1844 0.383706 0.0335892 0.922844
18.0824 45.5795 61.2041 0.385255 0.0359872 0.922103
17.9307 45.5297 61.2715 0.408237 0.0234912 0.912518
18.7174 45.9672 60.9213 0.392106 0.0266186 0.919442
18.8297 44.6462 60.9273 0.384617 0.033526 0.922467
18.7672 42.8734 60.9955 0.395996 0.012904 0.918161
18.4799 41.6982 61.1648 0.410844 0.0226466 0.911338
17.7492 41.1176 61.5093 0.412981 0.0222006 0.910399
16.8889 42.4611 61.8447 0.405719 0.0352007 0.913317
16.7527 43.8499 61.8493 0.404254 0.0340365 0.914011
16.739 45.02 61.8215 0.414777 0.0196156 0.909712
17.0639 46.5325 61.6536 0.412863 0.00106668 0.910792
18.1745 46.7538 61.1482 0.416498 0.000496472 0.909135
18.4148 46.5724 61.0426 0.396766 0.0138521 0.917814
18.9271 47.3045 60.8135 0.401009 0.00914096 0.916019
17.8201 47.6384 61.3091 0.417361 0.00193798 0.908739
16.8274 47.4423 61.7612 0.407087 0.000735966 0.913367
16.1598 46.3986 62.06 0.405384 0.00291916 0.914137
16.0541 45.2402 62.1227 0.387268 0.0148736 0.921846
16.0403 44.1923 62.1476 0.39131 0.028278 0.919743
16.0944 43.0877 62.1694 0.398622 0.037115 0.916363
16.2151 42.067 62.159 0.40172 0.0375202 0.914988
16.6544 40.7478 62.0096 0.406388 0.0314316 0.91316
17.8838 40.266 61.4595 0.41943 0.0137696 0.907683
18.9231 40.5151 60.9771 0.417991 0.0119695 0.908372
19.286 41.3849 60.799 0.417288 0.0120307 0.908694
19.3847 42.4345 60.7383 0.410726 0.0235323 0.911377
19.4491 43.459 60.6932 0.395998 0.012174 0.918171
19.4688 44.5308 60.6643 0.386655 0.0352569 0.921548
19.3991 45.7701 60.6431 0.386983 0.0379613 0.921305
19.186 47.0103 60.7037 0.39635 0.0127976 0.91801
19.1266 47.169 60.7271 0.398156 0.0089047 0.917263
19.7297 47.8777 60.4647 0.391168 0.00622452 0.920298
20.0059 46.6171 60.3558 0.388064 0.00889133 0.921581
20.1023 45.6012 60.3484 0.402532 0.0348742 0.914741
20.1065 44.554 60.3873 0.40647 0.0241895 0.913261
20.0852 43.516 60.4103 0.409693 0.0100846 0.912167
20.06 42.1887 60.4366 0.411176 0.0112392 0.911486
20.0054 40.9583 60.4759 0.415994 0.00612315 0.909323
19.5785 39.7278 60.684 0.420122 0.0104036 0.907408
18.3219 39.4711 61.2688 0.419354 0.0122828 0.907739
17.0837 39.536 61.8423 0.421158 0.0205763 0.906753
16.1586 39.6958 62.2652 0.410161 0.0183958 0.91178
15.6212 40.6569 62.4666 0.397487 0.0314218 0.91707
15.5355 41.6742 62.4687 0.397631 0.0337062 0.916925
15.4055 43.1028 62.4684 0.395007 0.0406309 0.91777
15.3694 44.2404 62.4337 0.390071 0.0399958 0.919915
15.3515 45.4862 62.4136 0.38888 0.00339573 0.921148
15.4265 46.8826 62.383 0.406694 0.00827795 0.913524
15.8104 48.0569 62.2048 0.400627 0.0105651 0.91617
16.8628 48.4234 61.737 0.39926 0.0138651 0.916727
17.8071 48.4285 61.3136 0.41682 0.000983372 0.908988
18.7674 48.3681 60.8735 0.407471 -0.00491904 0.913132
19.6706 48.0601 60.4885 0.389071 0.00281848 0.921191
19.6941 48.0479 60.4787 0.390447 0.00694035 0.920598
20.4753 48.5915 60.1435 0.400657 0.00710278 0.916195
20.8431 47.4232 59.9948 0.389277 0.00998424 0.921054
20.8843 46.0379 59.998 0.385708 0.0146339 0.922505
20.8679 44.8946 60.0395 0.406257 0.024378 0.913351
20.8609 43.7868 60.0582 0.410424 0.0129088 0.911803
20.9161 42.6882 60.0469 0.408495 0.00462248 0.912734
20.8442 41.3118 60.0877 0.419175 0.00113446 0.907905
20.7798 40.1984 60.1188 0.421623 0.00504139 0.906745
20.4456 39.2112 60.2875 0.422864 0.0182555 0.906005
19.5775 38.8122 60.697 0.418431 0.0148495 0.908125
18.2174 38.6916 61.3292 0.423625 0.0145249 0.905718
17.31 38.7086 61.756 0.42322 0.0183031 0.90583
16.3508 38.6788 62.1999 0.406686 0.0247426 0.913213
15.0568 39.2489 62.7367 0.382866 0.0227014 0.923524
14.7151 40.6513 62.8599 0.393156 0.0223183 0.919142
14.6766 42.2383 62.8171 0.381387 0.0427498 0.923316
14.6342 43.4662 62.774 0.363624 0.047457 0.93031
14.6485 44.7478 62.712 0.370223 0.0139781 0.928328
14.6493 45.8133 62.722 0.398986 -0.00801999 0.916922
14.5831 47.1102 62.7518 0.395959 0.00830091 0.918226
14.7597 48.4671 62.6582 0.398654 0.0116119 0.917025
15.8482 49.3296 62.1668 0.40284 0.015483 0.915139
17.3323 49.3356 61.522 0.396588 0.0121328 0.917916
18.318 49.3143 61.0791 0.4077 -0.00447451 0.913042
19.424 49.2059 60.5976 0.398615 -0.00866954 0.917077
19.6121 49.2059 60.5157 0.400847 -0.00929321 0.916095
19.7278 49.0901 60.4635 0.400123 -0.00147657 0.916414
