48.3413 44.1827 35.1516 0.734019 -0.0096674 0.678972
48.7877 45.0949 34.6781 0.73992 -0.00443552 0.672517
49.0005 43.6982 34.4147 0.740785 -0.0164777 0.67154
48.5208 43.7828 34.9443 0.741188 -0.0106523 0.671172
47.9011 43.2649 35.6173 0.734744 -0.00740084 0.678304
48.5066 42.3912 34.9523 0.738608 -0.00533108 0.674087
49.1634 42.5338 34.2246 0.747229 -0.00913308 0.664448
49.4565 43.6901 33.9118 0.748351 -0.00931161 0.663099
49.4256 44.9435 33.9534 0.755924 -0.00376111 0.654648
48.9524 45.8024 34.4993 0.754718 -0.00121183 0.656048
48.2603 45.7214 35.2421 0.729166 -0.000148217 0.684335
47.8705 44.8774 35.6543 0.727595 -0.00212931 0.686003
47.8269 43.5 35.7003 0.731869 -0.00290487 0.68141
47.3393 43.6538 36.2184 0.728115 0.00125958 0.685454
47.4004 45.3198 36.1539 0.727388 -0.00192474 0.686224
47.8351 46.3344 35.6966 0.726521 -0.00402036 0.687096
48.9907 46.5369 34.4569 0.743259 0.00131063 0.668776
49.7133 46.0217 33.6246 0.754471 -0.00201561 0.65633
49.897 44.6259 33.4074 0.768154 -0.00880419 0.639887
49.8631 43.3347 33.423 0.779188 -0.00900402 0.626712
49.7401 42.1741 33.56 0.763874 -0.0123317 0.644936
48.9436 41.6074 34.4511 0.750301 -0.0117619 0.660975
47.9961 41.7093 35.4912 0.731848 -0.0150958 0.681301
47.4137 42.6918 36.1367 0.732109 -0.010822 0.681094
47.3578 42.9324 36.1999 0.730547 -0.00342141 0.682829
46.8561 43.0329 36.7137 0.7101 -0.00591793 0.704075
46.963 41.3686 36.5718 0.71624 -0.0180616 0.697621
48.051 40.9105 35.4167 0.730761 -0.0118365 0.682531
49.3046 40.8694 34.0283 0.753671 -0.0106869 0.657164
50.1849 41.6669 33.0038 0.776791 -0.00946806 0.629687
50.298 43.2767 32.8836 0.778283 -0.00519462 0.627892
50.3225 44.5529 32.8742 0.780559 -0.0128423 0.62495
50.2587 46.0686 32.9941 0.773785 -0.0148215 0.633274
49.9523 46.9435 33.3526 0.754998 -0.0120391 0.655539
49.0971 47.236 34.3511 0.742417 -0.0171507 0.669375
48.4067 47.2257 35.0882 0.732248 -0.00353027 0.681028
47.6834 47.1189 35.8603 0.721684 -0.00483444 0.692206
47.0505 46.567 36.5164 0.722802 -0.000296133 0.691039
46.869 45.0176 36.7149 0.720338 0.00197196 0.693598
46.8419 43.9698 36.7352 0.710282 -0.00528081 0.703897
46.8457 43.5554 36.7281 0.710279 -0.00530047 0.7039
46.3499 43.3103 37.2264 0.709699 -0.00572924 0.704481
46.3354 41.6997 37.2254 0.713183 -0.0128382 0.700822
46.4521 40.6646 37.0948 0.720057 -0.00249842 0.69391
47.4031 40.2348 36.0971 0.727732 -0.0129129 0.685731
48.2799 40.1646 35.158 0.732617 -0.0101155 0.680556
49.1523 40.1275 34.1914 0.75507 -0.0121762 0.655521
49.999 40.2036 33.2152 0.76361 -0.0110707 0.645465
50.6654 41.3752 32.4131 0.773144 -0.00266205 0.634224
50.723 42.9598 32.3541 0.778292 -0.0050762 0.627882
50.7398 44.2846 32.348 0.778219 -0.0173216 0.627725
50.7538 45.8254 32.3843 0.774978 -0.0181111 0.631717
50.6763 47.0545 32.5029 0.782668 -0.0240165 0.621648
50.1417 47.7763 33.1634 0.753867 -0.0274522 0.656449
49.2445 47.9268 34.2052 0.743602 -0.0173313 0.668083
48.4986 47.9206 35.0009 0.727629 -0.0133891 0.685838
47.73 47.8664 35.8169 0.726471 -0.00418028 0.687148
46.9931 47.7677 36.5849 0.721854 -0.00551551 0.692023
46.501 46.906 37.0919 0.719608 -0.00585925 0.694348
46.3832 45.4409 37.2136 0.716729 0.000289443 0.697352
46.3399 44.2493 37.2442 0.71229 -0.0104895 0.701806
46.3418 44.1689 37.2411 0.711133 -0.00751009 0.703012
45.8262 44.477 37.769 0.71229 -0.0104895 0.701806
45.9005 45.9822 37.7092 0.716102 -0.00282238 0.697986
45.9864 47.188 37.6248 0.717753 -0.00754928 0.696257
46.5616 48.4293 37.0402 0.721596 -0.00786346 0.692266
47.5342 48.5817 36.029 0.722962 -0.00868211 0.690829
48.4314 48.6066 35.0833 0.726174 -0.00863499 0.687456
49.3068 48.6124 34.1489 0.73077 -0.0131093 0.682497
50.164 48.5655 33.1741 0.753449 -0.0373439 0.656445
50.8813 48.3873 32.337 0.770354 -0.0343199 0.636233
51.1815 47.162 31.8715 0.784122 -0.0434175 0.619086
51.1869 45.9861 31.8453 0.788608 -0.0180779 0.614627
51.1636 44.9284 31.8383 0.789904 -0.0245286 0.61274
51.153 43.8392 31.8197 0.785978 -0.0084183 0.618194
51.1461 42.6064 31.8172 0.78576 -0.00567409 0.618505
51.1365 41.1559 31.8292 0.784957 0.00224671 0.619546
50.5961 39.4843 32.4888 0.771209 -0.00408113 0.636563
49.5577 39.391 33.7066 0.755321 0.00697415 0.655215
48.7134 39.4173 34.6855 0.737706 -0.000610716 0.675029
47.6941 39.4786 35.7765 0.729251 -0.00285618 0.684224
46.6277 39.4878 36.9077 0.719752 -0.000505297 0.694163
45.8574 40.6655 37.697 0.709341 -0.00637462 0.704836
45.8023 42.1461 37.7601 0.700266 -0.00942168 0.713819
45.847 43.4866 37.733 0.702183 -0.0126989 0.711864
45.8445 43.7193 37.7401 0.709099 -0.0111466 0.705003
45.3789 43.7679 38.2048 0.705282 -0.0145202 0.708776
45.2197 44.7594 38.3862 0.709108 -0.0150552 0.704939
45.342 46.2416 38.2859 0.71936 -0.000507703 0.694627
45.3967 47.4773 38.2367 0.718215 -0.00819524 0.695773
45.5812 48.553 38.059 0.718345 -0.00816478 0.695639
46.3347 49.2397 37.2874 0.719109 -0.00729674 0.694859
47.1803 49.3782 36.4093 0.722928 -0.00873769 0.690863
47.9673 49.3883 35.5823 0.724456 -0.00731596 0.689283
48.821 49.3597 34.6812 0.728024 -0.00638149 0.685512
49.7086 49.3361 33.7323 0.730107 -0.00480636 0.683316
50.5176 49.2909 32.8098 0.763318 -0.027378 0.645187
51.5383 48.9105 31.5261 0.787778 -0.0295101 0.615229
51.6951 47.6479 31.253 0.790051 -0.0323913 0.612179
51.6808 45.8076 31.2046 0.791901 -0.0186089 0.610361
51.65 44.795 31.2051 0.78822 -0.0175251 0.61508
51.6563 43.7178 31.1794 0.785219 -0.0102092 0.619134
51.6757 42.5701 31.1415 0.786147 -0.00185293 0.618025
51.6326 41.2368 31.2004 0.786529 0.000240074 0.617546
51.5608 39.9014 31.289 0.788239 -0.000455369 0.615368
51.424 38.9074 31.4659 0.781668 -0.00347078 0.623571
50.6351 38.6681 32.4329 0.77293 -0.00706117 0.634423
49.9786 38.6279 33.2255 0.77148 0.00804393 0.636202
49.3127 38.6346 34.0115 0.752993 0.0060657 0.657802
48.5289 38.6394 34.8869 0.738299 0.000861432 0.67438
47.7033 38.7787 35.768 0.729903 0.00320725 0.683539
46.9095 38.6559 36.6154 0.720755 0.00257916 0.693052
46.1822 38.6911 37.3562 0.712893 -0.00514965 0.701252
45.3546 39.7802 38.1923 0.707742 -0.00566665 0.706447
45.3328 40.7813 38.215 0.700597 -0.000421103 0.713557
45.1632 41.8558 38.3819 0.699903 -0.00452999 0.714211
45.2771 42.788 38.2836 0.705458 -0.0165791 0.708557
45.3384 43.1035 38.2298 0.705172 -0.0162146 0.708851
