-43.5956 18.5155 39.4105 -0.699967 -0.0148123 0.714022
-42.929 17.9128 40.0521 -0.701616 -0.0110218 0.712461
-42.8746 16.9078 40.0956 -0.701921 -0.00703953 0.71222
-42.4674 16.0951 40.4898 -0.702993 -0.0108646 0.7111
-42.6308 14.865 40.2939 -0.704705 -0.020886 0.709193
-42.9313 15.7681 40.0246 -0.702832 -0.0165446 0.711146
-43.4864 16.4917 39.4857 -0.704817 -0.0121309 0.709286
-43.5419 17.6372 39.445 -0.700932 -0.0108679 0.713133
-44.2036 17.4689 38.7905 -0.703214 -0.00883612 0.710923
-44.2294 18.6174 38.7802 -0.707571 -0.011014 0.706557
-43.4346 19.6741 39.5925 -0.703784 -0.0128865 0.710274
-42.7763 18.9192 40.2264 -0.706765 -0.0220473 0.707105
-42.3653 17.9867 40.6097 -0.707156 -0.0133738 0.706889
-42.03 16.5148 40.9279 -0.704196 -0.00672446 0.709974
-41.9098 15.3883 41.0244 -0.701854 -0.0144589 0.712174
-42.0161 14.2723 40.8872 -0.704797 -0.0210494 0.709097
-42.5432 13.2383 40.3389 -0.699844 -0.0110368 0.714188
-43.1231 14.4474 39.7976 -0.700914 -0.0207614 0.712944
-43.8691 16.0461 39.0978 -0.704763 -0.0120813 0.70934
-44.156 17.1605 38.8334 -0.702435 -0.0107908 0.711664
-44.761 17.3779 38.2378 -0.703205 -0.0096726 0.710922
-44.5571 16.2919 38.4241 -0.700868 -0.0115792 0.713196
-44.0634 15.0249 38.889 -0.700661 -0.0104102 0.713416
-43.5832 14.0268 39.3423 -0.695686 -0.00994375 0.718277
-43.1515 13.14 39.7482 -0.695738 -0.0103958 0.71822
-42.5017 11.7307 40.3572 -0.699173 -0.0103295 0.714861
-41.843 12.1759 41.0148 -0.703928 -0.0121664 0.710167
-41.5801 13.3701 41.2999 -0.706474 -0.0171961 0.70753
-41.3653 14.6764 41.5471 -0.708412 -0.0180809 0.705563
-41.3508 15.7153 41.582 -0.701854 -0.0144589 0.712174
-41.5663 17.2377 41.3946 -0.706988 -0.0134611 0.707054
-41.8643 18.334 41.1252 -0.710025 -0.0199314 0.703894
-42.2377 19.2015 40.7736 -0.708451 -0.0212939 0.705435
-42.7337 20.0108 40.3032 -0.707181 -0.0223675 0.706678
-43.3884 20.5588 39.6589 -0.717342 -0.0147021 0.696566
-44.3751 20.2844 38.6564 -0.707628 -0.00670726 0.706553
-44.7183 19.3603 38.3026 -0.705189 -0.00953184 0.708948
-44.7915 17.6032 38.2107 -0.703175 -0.00794236 0.710972
-44.7904 17.5683 38.2113 -0.703214 -0.00883612 0.710923
-45.3713 17.6304 37.6375 -0.703232 -0.00869676 0.710907
-45.3558 19.0023 37.6684 -0.702496 -0.00782981 0.711644
-45.1399 20.2773 37.8945 -0.703875 -0.00708379 0.710286
-44.2835 21.4472 38.7594 -0.706443 -0.00764715 0.707725
-43.4409 21.5876 39.6254 -0.716958 -0.0131167 0.696993
-42.6494 20.9951 40.418 -0.710927 -0.0176847 0.703032
-42.0175 20.0839 41.0211 -0.706765 -0.0194273 0.707178
-41.5264 19.0821 41.4877 -0.710066 -0.0204283 0.703839
-41.1708 18.1269 41.8179 -0.706996 -0.0194457 0.70695
-40.9384 17.1326 42.0226 -0.707901 -0.0181401 0.706075
-40.7894 15.876 42.1459 -0.707163 -0.0133158 0.706925
-40.7929 14.7799 42.1223 -0.707505 -0.0120488 0.706605
-40.9909 13.3123 41.8891 -0.709609 -0.0179712 0.704366
-41.2512 12.1143 41.5977 -0.700302 -0.0186431 0.713601
-41.6307 10.5041 41.1823 -0.700568 -0.0150583 0.713418
-41.7759 9.22835 41.0205 -0.699178 -0.00938226 0.714885
-41.723 8.1784 41.0588 -0.701518 -0.00823862 0.712593
-41.4856 7.06659 41.2845 -0.698923 -0.00399789 0.715184
-41.2202 6.02588 41.5362 -0.70091 -0.00853044 0.713198
-40.77 4.4887 41.9633 -0.701721 -0.00780237 0.712409
-40.5002 3.44646 42.2124 -0.696787 -0.0105617 0.717201
-40.277 2.25036 42.412 -0.697041 -0.00685606 0.716993
-40.1754 1.12886 42.5041 -0.696354 -0.00560813 0.717675
-40.0882 0.0939533 42.5792 -0.695796 -0.00721705 0.718203
-39.9349 -1.23817 42.7127 -0.695548 -0.00808747 0.718434
-39.7545 -2.57181 42.8716 -0.695905 -0.00940242 0.718072
-39.5959 -4.25449 43.0022 -0.695862 -0.00994392 0.718106
-39.639 -5.38219 42.961 -0.696366 0.00201457 0.717684
-40.0625 -6.67893 42.5423 -0.703599 -0.00499306 0.710568
-40.7805 -7.67038 41.8315 -0.703667 0.00542519 0.710505
-41.456 -8.10994 41.1611 -0.702786 0.00221024 0.711378
-41.9628 -7.37647 40.6649 -0.697667 -0.00235971 0.716408
-42.3258 -6.50325 40.3192 -0.690695 -0.00920333 0.723043
-42.6384 -5.28362 40.0343 -0.690427 -0.00732078 0.723328
-42.7833 -4.11152 39.9089 -0.698329 -0.000713421 0.715776
-42.8673 -2.46243 39.8365 -0.699967 -0.0107057 0.714089
-43.0463 -0.969394 39.689 -0.699291 -0.0131499 0.714716
-43.1751 0.227774 39.5764 -0.699361 -0.00593409 0.714744
-43.2467 1.22445 39.5148 -0.696599 -0.01045 0.717362
-43.2739 2.34129 39.5023 -0.691432 -0.00581067 0.722418
-43.201 3.45574 39.5811 -0.693266 -0.00616345 0.720652
-43.0507 4.50686 39.7357 -0.696002 -0.00620592 0.718013
-42.8254 5.66718 39.9658 -0.696304 -0.0106775 0.717667
-42.6201 6.68045 40.1796 -0.694176 -0.00915119 0.71974
-42.5814 7.875 40.2258 -0.693326 -0.00395498 0.720613
-42.5473 8.97456 40.2649 -0.695709 -0.00645726 0.718284
-42.612 10.3508 40.2253 -0.696147 -0.0133454 0.717775
-43.1967 11.8085 39.6848 -0.696112 -0.0115581 0.71784
-43.6544 12.797 39.2562 -0.695675 -0.0101318 0.718285
-44.222 13.9652 38.7195 -0.699435 -0.00989812 0.714627
-44.7748 15.1063 38.1925 -0.699901 -0.00922221 0.71418
-45.2721 16.7233 37.7236 -0.702964 -0.00848449 0.711173
-45.2721 16.7235 37.7235 -0.703198 -0.00956088 0.71093
-45.7708 16.2917 37.232 -0.699209 -0.00615551 0.71489
-45.4389 15.1651 37.5441 -0.698911 -0.00880681 0.715154
-44.8881 13.9373 38.0671 -0.699774 -0.00928888 0.714303
-44.3928 12.9165 38.5377 -0.69899 -0.00908208 0.715073
-43.893 11.88 39.0108 -0.696435 -0.0115496 0.717527
-43.4514 10.7888 39.4214 -0.695719 -0.0126896 0.718201
-43.2018 9.73353 39.6427 -0.693862 -0.0112243 0.720014
-43.1297 8.51257 39.7013 -0.693753 -0.00353737 0.720205
-43.1753 7.44044 39.6525 -0.696455 -0.00747678 0.717538
-43.3221 6.29108 39.4922 -0.69936 -0.00987112 0.714702
-43.6049 4.8191 39.2019 -0.694834 -0.00571201 0.719147
-43.8515 3.02218 38.9541 -0.693794 -0.00194748 0.720171
-43.8735 1.92804 38.9251 -0.692797 -0.0102354 0.721044
-43.777 0.630515 38.9912 -0.696503 -0.0105811 0.717453
-43.6262 -0.966403 39.1207 -0.700975 -0.0101846 0.713113
-43.4258 -2.63081 39.2873 -0.69621 -0.0101153 0.717749
-43.357 -3.81656 39.3502 -0.696612 -0.000427308 0.717448
-43.2658 -5.07773 39.4429 -0.691444 0.00154397 0.722382
-43.0766 -6.18152 39.6174 -0.686128 -0.00818832 0.727414
-42.7848 -7.10779 39.875 -0.685911 -0.0138094 0.727555
-42.3351 -8.10287 40.3 -0.695481 0.00279565 0.718498
-41.5034 -9.2709 41.1319 -0.701683 0.013678 0.712358
-40.8173 -8.6966 41.8028 -0.703999 0.00538186 0.710172
-40.2026 -8.07294 42.4036 -0.701587 0.00497255 0.712566
-39.6504 -7.34102 42.9505 -0.704789 -0.0011966 0.709416
-39.1632 -6.14664 43.4299 -0.699858 0.000249139 0.714279
-38.9932 -5.06637 43.5935 -0.700342 0.00213927 0.713804
-39.0167 -4.00783 43.5665 -0.695614 -0.00994572 0.718347
-39.1364 -2.85054 43.4666 -0.694785 -0.00828581 0.719167
-39.3092 -1.51149 43.3154 -0.694456 -0.00872428 0.71948
-39.4974 0.130043 43.1516 -0.695347 -0.00746512 0.718635
-39.5924 1.14954 43.0698 -0.695656 -0.00695654 0.718341
-39.674 2.19886 42.9982 -0.697489 -0.00945808 0.716533
-39.9149 3.54366 42.7824 -0.696695 -0.0106671 0.717288
-40.2716 4.93713 42.4567 -0.698382 -0.00899657 0.715664
-40.6943 6.37706 42.0565 -0.700057 -0.00854535 0.714033
-41.0879 8.06669 41.6877 -0.704235 -0.00810923 0.709921
-41.1286 9.72185 41.6643 -0.704209 -0.00713303 0.709957
-40.9027 10.9802 41.9059 -0.696702 -0.0197529 0.717085
-40.6816 11.933 42.1513 -0.704196 -0.027426 0.709476
-40.3909 13.391 42.4963 -0.707405 -0.0232624 0.706403
-40.2072 14.8043 42.7091 -0.707298 -0.0122535 0.706809
-40.2233 15.9374 42.715 -0.708948 -0.0148121 0.705105
-40.3888 17.3877 42.5814 -0.70903 -0.0166517 0.704981
-40.7151 18.6975 42.2893 -0.706547 -0.0198392 0.707388
-41.3396 20.1183 41.7026 -0.70832 -0.0184991 0.705649
-41.7875 20.947 41.2746 -0.706765 -0.0194273 0.707178
-42.3845 21.7202 40.7009 -0.707845 -0.0148789 0.706208
-43.3981 22.44 39.6855 -0.716622 -0.0138972 0.697323
-44.1888 22.461 38.8725 -0.713874 -0.0143734 0.700112
-44.9819 21.9032 38.0688 -0.70539 -0.00530782 0.708799
-45.5705 20.9976 37.4751 -0.703757 -0.00707919 0.710403
-45.8705 19.7046 37.1684 -0.700291 -0.0024503 0.713845
-45.9666 18.3092 37.0643 -0.693501 -0.00532326 0.720436
-45.9016 17.1109 37.1109 -0.697664 -0.010091 0.716343
-45.8827 16.9297 37.1275 -0.699619 -0.0065058 0.714486
-46.378 16.442 36.6373 -0.698628 -0.0089468 0.715418
-46.1554 15.3925 36.8502 -0.69706 0.0007554 0.716982
-45.8201 14.4533 37.1699 -0.691537 -0.00513798 0.722321
-45.3687 13.5221 37.5921 -0.693061 -0.00968587 0.720809
-44.9435 12.6292 37.9965 -0.698793 -0.0080715 0.715278
-44.2209 11.122 38.6802 -0.696581 -0.0114592 0.717386
-43.7924 9.60655 39.074 -0.692906 -0.00837651 0.720979
-43.721 8.12865 39.13 -0.696609 -0.00754295 0.717389
-43.8005 7.12425 39.0358 -0.699341 -0.0116018 0.714694
-43.9699 6.05073 38.8562 -0.695641 -0.0036113 0.718381
-44.2137 4.91166 38.6144 -0.695251 -0.00465464 0.718751
-44.4357 3.48522 38.3925 -0.693794 -0.00201477 0.720171
-44.4799 2.23516 38.3458 -0.697768 -0.00363137 0.716315
-44.3941 1.05001 38.4061 -0.691221 -0.0142207 0.722504
-44.2848 0.0525708 38.4914 -0.691583 -0.0105956 0.722215
-44.1064 -1.68049 38.6422 -0.692843 -0.00812555 0.721043
-43.9811 -2.84782 38.7508 -0.693424 -0.00583035 0.720505
-43.8917 -4.54617 38.8312 -0.696708 0.00286411 0.717343
-43.7259 -6.11287 39.0051 -0.691336 0.00181068 0.722482
-43.4779 -7.07953 39.2211 -0.691318 -0.0173858 0.722342
-43.0707 -8.02142 39.5879 -0.690724 -0.00988785 0.723012
-42.6454 -8.88793 40.0114 -0.6952 0.0105233 0.718739
-42.2111 -9.93791 40.4475 -0.698533 0.0121007 0.715461
-41.6889 -10.6326 40.9564 -0.696525 0.000481441 0.717532
-40.8621 -9.7056 41.761 -0.695847 -0.00198762 0.718186
-40.2254 -9.09502 42.3826 -0.697351 -0.00677775 0.716698
-39.6225 -8.46358 42.9755 -0.702289 -0.00676275 0.711828
-39.0134 -7.56533 43.5737 -0.699122 -0.00115476 0.715001
-38.5898 -6.49484 43.9901 -0.699302 -0.00146741 0.714825
-38.3865 -4.74087 44.1851 -0.699275 0.00402276 0.714841
-38.4766 -3.53482 44.096 -0.694818 -0.0084357 0.719134
-38.6172 -2.37513 43.9715 -0.69416 -0.00686718 0.719788
-38.7619 -1.33637 43.8444 -0.693409 -0.0092483 0.720485
-38.8859 -0.265056 43.739 -0.695204 -0.00578486 0.718788
-38.9856 0.809971 43.6531 -0.694538 -0.00698256 0.719422
-39.0599 1.84253 43.5914 -0.695883 -0.00577575 0.71813
-39.1621 2.83637 43.5049 -0.697915 -0.00968918 0.716115
-39.3596 3.8806 43.3267 -0.696731 -0.0109077 0.71725
-39.6806 5.08779 43.0335 -0.696887 -0.0108098 0.7171
-40.0348 6.26906 42.7017 -0.700006 -0.00869529 0.714082
-40.3129 7.24081 42.4431 -0.700241 -0.0104265 0.71383
-40.5124 8.36555 42.2618 -0.703873 -0.00690797 0.710292
-40.5119 9.79987 42.2766 -0.703817 -0.00733592 0.710343
-40.2101 11.3432 42.5977 -0.707064 -0.0134365 0.707022
-39.903 12.7697 42.956 -0.703609 -0.0276152 0.71005
-39.67 14.1336 43.2376 -0.705967 -0.0191001 0.70794
-39.6448 15.6217 43.2903 -0.709084 -0.0146562 0.704971
-39.7323 16.8176 43.2282 -0.709043 -0.0160963 0.704982
-39.9946 18.4135 43.0021 -0.710062 -0.0173493 0.703924
-40.3528 19.423 42.6718 -0.706589 -0.0200222 0.707341
-40.747 20.2809 42.3017 -0.708364 -0.0184931 0.705605
-41.1646 21.1198 41.9043 -0.708251 -0.018588 0.705716
-41.8438 22.1597 41.2497 -0.706972 -0.0136066 0.707111
-42.6849 22.9917 40.4238 -0.706942 -0.0143071 0.707125
-43.4942 23.3251 39.6046 -0.717332 -0.015348 0.696562
-44.5456 23.2465 38.5285 -0.710643 -0.014873 0.703396
-45.1755 22.7956 37.8827 -0.708018 -0.0099563 0.706098
-46.038 21.5861 37.0151 -0.70455 -0.00233283 0.709643
-46.3669 20.3576 36.6853 -0.700938 -0.0057521 0.713199
-46.5344 19.1837 36.5203 -0.697786 0.00100975 0.716306
-46.5318 17.628 36.5084 -0.696878 -0.0135409 0.717061
-46.4975 17.1929 36.5336 -0.696808 -0.0125783 0.717147
-47.0543 17.0714 35.9905 -0.696874 -0.0122803 0.717089
-46.8589 15.9067 36.1703 -0.692486 0.00414575 0.721419
-46.6298 14.885 36.397 -0.691275 0.000732629 0.722579
-46.2295 13.8395 36.7725 -0.69229 -0.0119399 0.721521
-45.8072 12.9996 37.1635 -0.693061 -0.00968587 0.720809
-45.4008 12.16 37.5469 -0.694275 -0.00726042 0.719673
-44.833 10.9554 38.0833 -0.695989 -0.0100078 0.717981
-44.4235 9.81367 38.4659 -0.695726 -0.00842732 0.718257
-44.2861 8.65718 38.5864 -0.697149 -0.0106161 0.716845
-44.4429 6.79869 38.4023 -0.688992 -0.00968743 0.724684
-44.6446 5.78281 38.203 -0.686267 -0.00660312 0.72732
-44.9082 4.64414 37.9434 -0.687175 -0.00778852 0.726449
-45.0819 3.42665 37.7652 -0.697673 -0.00340475 0.716408
-45.0596 1.93302 37.7794 -0.697809 -0.00387334 0.716273
-44.9171 0.597614 37.8969 -0.690911 -0.0130513 0.722822
-44.7817 -0.519186 38.0072 -0.691636 -0.01052 0.722166
-44.6269 -2.14925 38.1371 -0.692464 -0.00795271 0.721408
-44.5136 -3.51793 38.2345 -0.693083 -0.00443515 0.720844
-44.4679 -4.7154 38.2712 -0.696188 -0.00145716 0.717817
-44.3667 -5.91575 38.3758 -0.700566 0.00314406 0.713581
-44.1492 -7.02083 38.58 -0.696049 -0.0133342 0.717828
-43.8033 -7.95493 38.8889 -0.690306 -0.00995118 0.723422
-43.3973 -8.79645 39.2736 -0.695494 0.00192815 0.718482
-42.9834 -9.62926 39.6874 -0.700489 0.00631592 0.713635
-42.6351 -10.5891 40.033 -0.70026 0.000566623 0.713887
-42.4678 -11.7227 40.1954 -0.699706 -0.00128901 0.71443
-42.6978 -12.5838 39.9709 -0.699756 0.000536974 0.714381
-43.1944 -13.4773 39.48 -0.702343 -0.00178615 0.711836
-43.9781 -14.388 38.7065 -0.70097 1.62251e-05 0.713191
-44.6799 -15.1827 38.0242 -0.689398 -0.00330818 0.724374
-45.5393 -16.3328 37.1992 -0.688335 -0.00642162 0.725364
-45.8962 -17.2315 36.8457 -0.691536 -0.00636245 0.722307
-46.0698 -18.2543 36.6745 -0.692571 -0.00384563 0.721339
-46.1678 -19.2908 36.5744 -0.702733 -0.00243181 0.711449
-46.1044 -20.3203 36.6329 -0.704309 -0.00255898 0.709889
-45.9217 -21.3334 36.8105 -0.704 -0.00276326 0.710194
-45.3309 -22.5965 37.3902 -0.703748 -0.00318641 0.710442
-44.7183 -23.4446 37.9994 -0.706899 -0.00050021 0.707314
-44.0431 -23.9073 38.674 -0.706869 0.0005054 0.707327
-42.7998 -24.1253 39.9169 -0.709438 -0.00241681 0.704755
-41.9604 -23.873 40.7615 -0.710051 0.00321658 0.704143
-41.1601 -23.2872 41.5596 -0.706813 0.00627897 0.707373
-40.3423 -22.2236 42.3636 -0.705245 0.00897132 0.708906
-39.957 -21.2706 42.7337 -0.705326 0.00997244 0.708813
-39.6915 -19.695 42.9759 -0.705391 0.00973951 0.708752
-39.7046 -18.4266 42.948 -0.703264 0.0109105 0.710839
-39.8775 -17.3556 42.7568 -0.69825 0.011507 0.71576
-40.4325 -15.8884 42.2023 -0.700804 0.00149461 0.71335
-41.0433 -14.3315 41.595 -0.701848 0.00267523 0.712321
-41.4955 -13.019 41.1487 -0.699714 0.0011127 0.714422
-41.3302 -11.2897 41.3045 -0.698489 0.00305326 0.715603
-40.698 -10.5247 41.9193 -0.696567 0.00382918 0.717481
-39.6468 -9.50888 42.9425 -0.702169 -0.00281009 0.711989
-39.08 -8.8872 43.5141 -0.70415 -0.000592375 0.710015
-38.4223 -7.90982 44.1532 -0.698652 0.00512765 0.715436
-38.0659 -7.04045 44.4993 -0.696845 -0.00153741 0.71722
-37.7735 -5.35918 44.7837 -0.696024 0.00228148 0.718013
-37.822 -4.2209 44.7307 -0.697895 0.00124881 0.716192
-37.9466 -3.04222 44.6148 -0.697858 -0.00652277 0.716207
-38.1038 -2.0442 44.4709 -0.698129 -0.00781347 0.715928
-38.2476 -0.830072 44.3504 -0.696752 -0.0121327 0.717209
-38.3469 0.340115 44.2651 -0.695204 -0.00578486 0.718788
-38.4353 1.38997 44.19 -0.694541 -0.00703123 0.719419
-38.5289 2.44062 44.1167 -0.696967 -0.01102 0.717016
-38.6461 3.44648 44.0163 -0.698057 -0.00974714 0.715976
-38.9174 4.68987 43.7681 -0.696081 -0.0110529 0.717878
-39.3498 6.10045 43.3698 -0.696053 -0.00972763 0.717924
-39.6811 7.25426 43.0604 -0.696877 -0.00745663 0.717152
-39.9292 8.63371 42.836 -0.697557 -0.0116429 0.716434
-39.9073 9.83021 42.8766 -0.704238 -0.0080254 0.709918
-39.622 11.3157 43.1863 -0.709675 -0.011953 0.704427
-39.3528 12.5267 43.4963 -0.705339 -0.0230817 0.708479
-39.0851 13.9908 43.8103 -0.702388 -0.0260176 0.711319
-39.0424 15.0466 43.8831 -0.707933 -0.0181226 0.706044
-39.1625 16.7811 43.8025 -0.711927 -0.0172467 0.702041
-39.3777 18.3812 43.6254 -0.711106 -0.0180258 0.702854
-39.6623 19.344 43.3651 -0.710504 -0.0212816 0.70337
-40.0448 20.2613 43.0085 -0.70974 -0.0221596 0.704115
-40.4856 21.1556 42.5916 -0.711213 -0.020621 0.702674
-40.9789 22.0898 42.12 -0.710571 -0.0173651 0.703401
-41.4964 22.8746 41.6116 -0.711396 -0.0138031 0.702656
-42.2516 23.6295 40.8706 -0.706548 -0.0158311 0.707488
-42.9189 23.9873 40.2113 -0.712425 -0.013755 0.701581
-44.0566 24.2252 39.0448 -0.717265 -0.0159494 0.696618
-45.1476 23.8614 37.9277 -0.712403 -0.00707824 0.701735
-46.0008 22.9494 37.0617 -0.70612 -0.00435656 0.708078
-46.5333 22.1208 36.525 -0.70465 -0.00236631 0.709544
-46.9714 20.5357 36.0928 -0.698972 0.000334264 0.715126
-47.1077 19.2558 35.9589 -0.702651 0.000520123 0.711534
-47.1476 18.142 35.9197 -0.700102 -0.00709301 0.713964
-47.1194 17.4827 35.9345 -0.696831 -0.0131795 0.717114
-47.7741 17.4802 35.3016 -0.695902 -0.00462475 0.718065
-47.6938 18.6508 35.3798 -0.703273 -0.000388475 0.710919
-47.6942 19.7143 35.3794 -0.700751 -0.00302457 0.713385
-47.4888 21.012 35.592 -0.698809 -0.00674695 0.715276
-47.1252 22.2484 35.9443 -0.696197 -0.000298016 0.717851
-46.7772 23.0356 36.2875 -0.70323 -0.00493566 0.710931
-46.2537 23.8145 36.814 -0.706343 -0.00364371 0.70786
-45.2839 24.6981 37.7974 -0.710756 -0.00711671 0.703398
-44.5658 24.9546 38.5366 -0.716556 -0.0154096 0.697358
-43.8731 25.213 39.255 -0.717575 -0.0134925 0.69635
-42.9815 24.912 40.165 -0.714 -0.0110979 0.700057
-42.0944 24.4701 41.047 -0.706844 -0.0174793 0.707153
-41.42 23.8598 41.7092 -0.7144 -0.0208224 0.699426
-40.8675 23.1753 42.2547 -0.714419 -0.019317 0.699452
-40.1354 21.8916 42.9674 -0.711048 -0.0191067 0.702883
-39.6937 21.0349 43.3866 -0.709739 -0.0220427 0.70412
-39.3299 20.1589 43.7259 -0.709745 -0.0221503 0.70411
-39.0333 19.2235 43.9983 -0.711288 -0.0207037 0.702596
-38.7671 18.2451 44.2397 -0.711349 -0.0179324 0.70261
-38.5834 16.9628 44.3941 -0.711789 -0.0168882 0.70219
-38.4874 15.9541 44.467 -0.711942 -0.0188545 0.701983
-38.4694 14.6372 44.4413 -0.701462 -0.0258152 0.712239
-38.4956 13.1373 44.3606 -0.702233 -0.0229802 0.71157
-38.8423 12.2138 43.9919 -0.703273 -0.0201839 0.710633
-39.1454 10.7841 43.6542 -0.701886 -0.0174493 0.712075
-39.3715 8.98143 43.386 -0.700508 -0.015906 0.713457
-39.1737 7.79089 43.5591 -0.69648 -0.00771255 0.717535
-38.8915 6.71999 43.8214 -0.696202 -0.00759669 0.717806
-38.5453 5.64103 44.1433 -0.69551 -0.00966655 0.718451
-38.1529 4.3249 44.5066 -0.697548 -0.00807997 0.716493
-38.0609 3.30837 44.5848 -0.697733 -0.00895366 0.716301
-37.9011 2.08226 44.7188 -0.6959 -0.0128136 0.718025
-37.8276 1.02861 44.7733 -0.695539 -0.00913878 0.718426
-37.7216 -0.0418532 44.8686 -0.695852 -0.00465765 0.71817
-37.6022 -1.24834 44.9706 -0.697726 -0.0105427 0.716285
-37.4624 -2.23639 45.0946 -0.698576 -0.00892616 0.71548
-37.2926 -3.8095 45.2493 -0.69932 -0.00140451 0.714807
-37.1486 -4.9775 45.3882 -0.697832 0.00127004 0.716254
-37.2281 -5.97764 45.3125 -0.6956 0.000733912 0.718429
-37.4216 -7.04771 45.1251 -0.697239 6.98587e-05 0.716836
-37.91 -8.3885 44.6538 -0.697732 0.00267527 0.716353
-38.4837 -9.19997 44.1014 -0.701794 -0.00116925 0.712357
-39.0594 -9.89996 43.5259 -0.705152 -0.00631652 0.709022
-39.6542 -10.507 42.9316 -0.706689 0.00775838 0.707463
-40.6629 -11.5089 41.9608 -0.699769 0.00839291 0.714316
-40.869 -12.9593 41.7651 -0.701574 0.000183884 0.712596
-40.5721 -13.92 42.0587 -0.702324 0.0011206 0.711856
-39.955 -15.1902 42.6711 -0.701724 0.000431799 0.712446
-39.4449 -16.7209 43.1721 -0.703521 -0.000375913 0.710663
-39.1261 -17.7254 43.5066 -0.705562 0.0130992 0.708527
-39.0307 -18.7955 43.6207 -0.704068 0.0106537 0.710052
-39.0954 -19.7935 43.5705 -0.705379 0.00979209 0.708763
-39.4125 -21.4671 43.2783 -0.705338 0.00996296 0.708801
-39.6786 -22.4215 43.0255 -0.703387 0.0074388 0.710768
-40.209 -23.2984 42.5082 -0.705154 0.00747534 0.709013
-41.1048 -24.2008 41.6228 -0.706235 0.00390003 0.707963
-41.8743 -24.9517 40.8514 -0.710235 0.000994796 0.703964
-42.901 -24.9451 39.8138 -0.711438 -0.000611965 0.702748
-43.8755 -24.8502 38.8358 -0.706419 -0.00394086 0.707781
-44.5788 -24.4768 38.1371 -0.706672 -0.00146156 0.70754
-45.2645 -23.8382 37.4533 -0.706899 -0.000758889 0.707314
-45.8587 -23.005 36.8656 -0.703038 -0.00234388 0.711148
-46.3159 -22.2375 36.4169 -0.702234 -0.00197616 0.711943
-46.602 -21.1666 36.1367 -0.702366 -0.00118557 0.711815
-46.7175 -20.101 36.0254 -0.704361 -0.0033759 0.709833
-46.7139 -18.6226 36.0508 -0.693485 -0.0115479 0.720377
-46.5731 -17.524 36.1951 -0.693166 -0.00435416 0.720765
-46.3365 -16.4738 36.4342 -0.693249 -0.00897325 0.720642
-45.8232 -15.587 36.9359 -0.689818 -0.00689426 0.723945
-45.1281 -14.5693 37.6002 -0.689998 -0.00183911 0.723808
-44.2751 -13.6726 38.4204 -0.692775 -0.0013756 0.72114
-43.5462 -12.8688 39.1345 -0.702345 -0.00185545 0.711835
-43.1091 -11.6583 39.5671 -0.699787 -0.000289392 0.714351
-43.2496 -10.5881 39.4291 -0.701119 0.00108719 0.713043
-43.6829 -9.72594 39.0008 -0.699554 0.0027162 0.714569
-44.0585 -8.85359 38.641 -0.691269 -0.00182688 0.722594
-44.4676 -7.96645 38.2549 -0.690306 -0.00995118 0.723422
-44.7903 -6.95891 37.9522 -0.700393 -0.00812977 0.713711
-44.9748 -5.78916 37.778 -0.696321 -0.000389406 0.717695
-45.0565 -4.50575 37.7089 -0.691813 -0.00626453 0.72205
-45.1043 -3.31985 37.6692 -0.69151 -0.00373516 0.722357
-45.2482 -2.13689 37.5411 -0.691729 -0.00762005 0.722117
-45.3257 -1.02727 37.4788 -0.691684 -0.0104634 0.722121
-45.5413 0.801811 37.3039 -0.695352 -0.00784238 0.718596
-45.653 1.83834 37.2008 -0.697806 -0.00390458 0.716276
-45.7368 3.01376 37.1254 -0.692911 -0.00878299 0.72092
-45.6209 4.10922 37.258 -0.687806 -0.0158028 0.725723
-45.4336 5.17693 37.4516 -0.687801 -0.0088731 0.725845
-45.158 6.44178 37.7245 -0.686217 -0.00636419 0.727369
-44.9599 7.41137 37.9189 -0.688992 -0.00968743 0.724684
-44.8596 8.44945 38.026 -0.691539 -0.00725499 0.722292
-45.0358 9.89502 37.8741 -0.695274 -0.00793466 0.7187
-45.5362 10.8342 37.4028 -0.694033 -0.00805708 0.719898
-45.9083 11.8027 37.0537 -0.694359 -0.00734432 0.719591
-46.6182 13.2689 36.3901 -0.692217 -0.0117444 0.721594
-47.141 14.2907 35.9067 -0.690861 -0.00795193 0.722937
-47.4169 15.3404 35.64 -0.689159 0.00523673 0.724592
-47.6056 16.3698 35.4538 -0.688785 0.00431364 0.724952
-47.6647 16.773 35.3954 -0.689849 -0.00347809 0.723904
-42.1779 5.98501 40.5987 -0.697127 -0.0103605 0.716872
-41.6639 5.3361 41.0921 -0.700445 -0.00858654 0.713653
-41.2356 3.92719 41.4982 -0.701689 -0.00811644 0.712437
-40.9718 2.81232 41.7411 -0.699827 -0.0108986 0.714229
-40.8122 1.82532 41.8863 -0.699204 -0.00570903 0.714898
-40.7333 0.717657 41.9554 -0.699625 -0.00554934 0.714489
-40.5537 -0.886059 42.1176 -0.697569 -0.00716413 0.716476
-40.4175 -1.9115 42.2371 -0.696197 -0.00902957 0.717794
-40.2145 -3.71467 42.4099 -0.694956 -0.00828847 0.719001
-40.1869 -4.71921 42.4275 -0.695197 -0.00217566 0.718802
-40.4572 -5.91455 42.162 -0.702598 -0.00876673 0.711533
-41.219 -6.78554 41.4 -0.701502 -0.00726315 0.712629
-41.8688 -5.90775 40.7708 -0.701011 -0.00967699 0.713084
-42.1278 -4.96391 40.5325 -0.6945 -0.0118116 0.719396
-42.2728 -3.55721 40.4088 -0.700177 -0.00466559 0.713945
-42.3135 -2.46577 40.381 -0.701279 -0.00811789 0.712841
-42.4333 -1.17804 40.2845 -0.697266 -0.0094903 0.716735
-42.5841 0.110782 40.1492 -0.695135 -0.00574806 0.718856
-42.6696 1.2317 40.0753 -0.69516 -0.0058457 0.718832
-42.6855 2.28053 40.0689 -0.695019 -0.0064134 0.718963
-42.5482 3.82368 40.2161 -0.695258 -0.00724586 0.718724
-42.3163 5.17073 40.4534 -0.696355 -0.00790811 0.717652
-42.2503 5.66218 40.5239 -0.696814 -0.00965672 0.717187
-41.89 3.99898 40.8547 -0.698391 -0.00781657 0.71566
-41.5643 2.75646 41.1597 -0.699379 -0.00861247 0.714696
-41.3804 1.6281 41.3293 -0.699019 -0.00627647 0.715075
-41.2924 0.578894 41.4067 -0.699667 -0.00561882 0.714447
-41.439 -0.46429 41.2555 -0.698947 -0.00493672 0.715156
-41.0201 -1.23381 41.6595 -0.698135 -0.00683241 0.715931
-40.8917 -2.90695 41.7639 -0.697518 -0.00853961 0.716516
-40.7842 -4.04704 41.8579 -0.693845 -0.00642704 0.720096
-41.4175 -5.32091 41.2229 -0.700975 -0.0111015 0.7131
-41.7063 -4.10692 40.9585 -0.699335 -0.00926517 0.714727
-41.7597 -2.99007 40.918 -0.697719 -0.00793805 0.716328
-41.7461 -1.91191 40.9438 -0.697775 -0.00861781 0.716265
-41.9511 -0.756891 40.7544 -0.695286 -0.00580245 0.718709
-41.9865 0.276488 40.7287 -0.695428 -0.00578655 0.718573
-42.0793 1.38244 40.6475 -0.695369 -0.00584455 0.71863
-42.058 2.57305 40.6781 -0.695138 -0.00624075 0.718849
-41.9062 3.88868 40.8379 -0.695285 -0.00728946 0.718697
-41.901 3.92509 40.8433 -0.695315 -0.00728396 0.718669
-42.1168 -13.1559 40.5406 -0.699852 0.000878764 0.714287
-41.5218 -14.7566 41.1253 -0.700814 0.00166493 0.713341
-41.0007 -16.0855 41.6434 -0.702569 0.00150218 0.711613
-40.5127 -17.3648 42.1355 -0.704829 0.00595654 0.709352
-40.2513 -19.015 42.4122 -0.704629 0.00821447 0.709529
-40.3403 -20.1641 42.3368 -0.705449 0.00809237 0.708715
-40.6284 -21.3042 42.0661 -0.705324 0.00998496 0.708814
-41.3328 -22.3722 41.3786 -0.706532 0.00784214 0.707636
-41.9793 -23.0035 40.7384 -0.708447 0.00485516 0.705742
-42.7387 -23.2568 39.9744 -0.70946 0.00314949 0.704739
-43.8105 -23.1606 38.9005 -0.706505 0.00537119 0.707687
-44.7727 -22.2548 37.9459 -0.704818 0.000855146 0.70938
-45.2363 -21.4306 37.4891 -0.703783 -0.00309777 0.710408
-45.4972 -20.4646 37.2348 -0.704059 -0.00283059 0.710135
-45.5671 -19.3868 37.167 -0.701452 0.000600328 0.712716
-45.4301 -17.9355 37.2943 -0.69998 0.00781348 0.714117
-45.1317 -17.0118 37.5792 -0.695304 -0.00183171 0.718628
-44.6275 -16.229 38.0726 -0.70203 0.00282321 0.712141
-43.7898 -15.2335 38.8916 -0.700104 0.00261385 0.714035
-42.874 -14.1356 39.7946 -0.702342 -0.00169893 0.711838
-42.2257 -13.6329 40.4344 -0.700794 -0.000685278 0.713361
-42.2731 -14.7344 40.3856 -0.701787 -0.000981007 0.712386
-42.9291 -15.3008 39.7381 -0.700813 0.00179474 0.713337
-43.6296 -16.0812 39.055 -0.701567 0.00479601 0.712587
-44.399 -17.0295 38.3022 -0.702434 0.00506703 0.71173
-44.7949 -17.8985 37.919 -0.701907 0.00664042 0.712238
-44.974 -19.4365 37.7507 -0.701568 0.000786935 0.712603
-44.8441 -20.6451 37.8772 -0.700655 -0.00111099 0.713499
-44.2531 -21.7956 38.4584 -0.70281 0.000904352 0.711377
-43.5545 -22.401 39.1504 -0.704859 0.00376984 0.709332
-42.8282 -22.4575 39.8809 -0.709489 0.00314584 0.704709
-41.9259 -21.989 40.7821 -0.706491 0.00792511 0.707677
-41.3528 -21.2511 41.344 -0.705489 0.0100676 0.708649
-40.9732 -20.3259 41.7088 -0.705443 0.0091553 0.708707
-40.8269 -19.2896 41.8424 -0.705537 0.00797252 0.708628
-41.104 -17.4868 41.549 -0.704647 0.00547254 0.709536
-41.4478 -16.5467 41.2014 -0.703568 0.00275627 0.710618
-41.8457 -15.5565 40.8068 -0.702686 0.000747502 0.711499
-42.2109 -14.922 40.4467 -0.701914 -0.000358192 0.712261
-42.4715 -16.1541 40.1897 -0.700654 0.00172921 0.713494
-43.0944 -16.4856 39.5822 -0.699235 0.00333794 0.714884
-43.9196 -17.5437 38.7798 -0.700768 0.00462913 0.713368
-44.3362 -18.6782 38.377 -0.699148 0.00153105 0.714974
-44.3776 -19.7927 38.3361 -0.700662 -0.000432806 0.713494
-43.7782 -21.2992 38.9269 -0.70281 0.000897372 0.711377
-42.994 -21.6538 39.7099 -0.708427 0.00417532 0.70577
-42.3139 -21.367 40.3885 -0.70557 0.00658129 0.708604
-41.7625 -20.6879 40.9282 -0.705737 0.00973317 0.708407
-41.4558 -19.6993 41.2212 -0.705314 0.00823054 0.708847
-41.464 -18.4573 41.1994 -0.70349 0.00650831 0.710674
-41.7308 -17.413 40.9272 -0.703803 0.00505518 0.710377
-42.1159 -16.4576 40.5405 -0.702727 0.000404487 0.711459
-42.3828 -17.3429 40.2815 -0.70116 0.00406937 0.712985
-43.1823 -17.5897 39.5009 -0.699145 0.00286106 0.714975
-43.7322 -18.6815 38.9676 -0.699082 0.00273414 0.715036
-43.7454 -20.0083 38.9554 -0.701669 0.00362481 0.712477
-42.6702 -20.6711 40.0268 -0.705697 0.0034814 0.7085
-42.1356 -19.9713 40.5501 -0.70367 0.00727811 0.710489
-42.0181 -18.6796 40.653 -0.703584 0.00738162 0.710573
-42.2532 -17.6643 40.4121 -0.703305 0.00548002 0.710867
-42.7078 -18.3259 39.9676 -0.70118 0.00412813 0.712964
-43.1996 -19.2362 39.4888 -0.701392 0.00372121 0.712751
-42.8058 -19.7822 39.8842 -0.703755 0.00717538 0.710407
-42.613 -19.2084 40.0694 -0.703675 0.00728235 0.710484
-42.6045 -18.7519 40.0731 -0.703468 0.00648461 0.710696
