17.099 -22.899 64.1048 0.519885 0.0301732 0.853611
17.5211 -22.7967 63.8343 0.538015 0.00568075 0.842667
17.154 -22.6202 64.0591 0.509254 0.0286359 0.860062
16.5974 -22.3822 64.3807 0.509254 0.0286359 0.860062
16.3496 -23.7313 64.5898 0.518698 0.0297299 0.854348
16.8701 -24.7542 64.2891 0.524776 0.012204 0.851153
18.0975 -24.0422 63.496 0.544742 0.0241214 0.838257
18.3708 -22.9092 63.2978 0.534616 -0.0107545 0.845022
18.334 -21.4248 63.3276 0.535197 0.0119622 0.844265
18.1519 -20.155 63.3988 0.517428 0.0208455 0.855446
17.5935 -18.2722 63.7031 0.52883 0.0234461 0.848403
18.0778 -17.3337 63.3766 0.529119 0.0223903 0.848252
17.8879 -16.3507 63.459 0.522343 0.0186197 0.852461
18.4914 -15.3778 63.0667 0.547975 0.0273422 0.836047
18.8274 -14.4214 62.8212 0.544371 0.0120245 0.838713
19.283 -13.1496 62.518 0.553048 0.0150169 0.832912
19.3266 -11.7803 62.4733 0.570628 0.00141392 0.821207
18.1563 -11.1744 63.2058 0.507587 0.0171299 0.86143
17.2678 -12.0724 63.7474 0.494959 0.0203903 0.868552
17.0625 -13.3381 63.8839 0.483673 0.0152288 0.875116
17.3828 -15.1506 63.7549 0.505059 0.0228464 0.862508
17.522 -16.3256 63.6823 0.52106 0.0183156 0.853269
18.0683 -17.3263 63.3822 0.520759 0.0284537 0.853229
17.5564 -18.2461 63.7252 0.516194 0.025631 0.856067
18.0875 -19.2086 63.4222 0.51675 0.0149967 0.856005
17.4047 -20.3666 63.8558 0.516971 0.0217415 0.85571
17.0645 -21.3125 64.0841 0.508716 0.0194243 0.860709
16.85 -21.8704 64.2219 0.505789 0.0180135 0.862469
16.2845 -21.3708 64.5429 0.505522 0.0182052 0.862621
16.634 -20.2968 64.3088 0.498084 0.0237509 0.866791
16.9478 -19.3085 64.1101 0.507715 0.0102341 0.861435
16.9117 -18.2345 64.1089 0.511559 0.0207018 0.858996
16.9145 -16.7592 64.0681 0.516395 0.0250962 0.855956
16.6805 -15.2469 64.1516 0.487597 0.0352855 0.872355
16.4413 -14.2512 64.2433 0.483709 0.0262832 0.874767
16.3427 -12.6772 64.2743 0.487392 0.0118765 0.873103
16.6186 -11.5263 64.0906 0.48432 0.025244 0.874521
17.526 -10.5572 63.5637 0.49503 0.0216633 0.868497
18.793 -10.3202 62.8072 0.510163 0.0243022 0.859734
19.6715 -10.8203 62.2308 0.571807 0.00287503 0.820383
20.0521 -11.7347 61.9691 0.571269 0.00289217 0.820758
19.9101 -13.3427 62.103 0.558574 0.0272808 0.829006
19.4818 -14.5903 62.3938 0.553669 0.0107909 0.832632
18.8489 -16.3593 62.8646 0.555943 0.0259439 0.830815
18.7245 -17.4292 62.9755 0.529385 0.0226599 0.848079
18.6679 -18.6308 63.0432 0.531658 0.0254294 0.846574
18.7987 -19.7685 62.9951 0.548189 0.0199986 0.835807
18.9499 -20.9644 62.9073 0.566175 0.0113669 0.824205
19.0616 -21.9623 62.8447 0.560402 0.00707526 0.828131
19.0457 -23.3365 62.8581 0.566688 0.001603 0.82393
18.7508 -24.3576 63.0677 0.555219 0.0092671 0.831653
17.6909 -25.5548 63.792 0.541405 0.0116933 0.840493
16.6949 -25.7023 64.4108 0.525638 0.0110527 0.850635
15.8879 -24.9935 64.8911 0.509788 0.0103557 0.860238
15.6155 -23.9306 65.0278 0.497024 0.0308596 0.867174
15.7799 -22.8369 64.8885 0.504341 0.0368552 0.862676
15.9872 -22.1287 64.733 0.508433 0.0284836 0.860561
15.3358 -21.8879 65.0887 0.456204 0.0494175 0.888223
15.705 -20.8969 64.8538 0.488408 0.0318795 0.872022
15.9884 -19.9218 64.6668 0.486509 0.0107181 0.873527
16.2358 -18.1592 64.5089 0.510251 0.0196382 0.859796
16.2124 -17.1286 64.4954 0.496059 0.0338619 0.86738
16.0262 -15.6731 64.5287 0.478553 0.034278 0.877388
15.7051 -14.2541 64.6437 0.473654 0.0218006 0.880284
15.5899 -13.0588 64.6986 0.479471 0.00933022 0.877478
15.7222 -11.7287 64.5933 0.48351 0.0285462 0.874873
16.1199 -10.795 64.3456 0.482991 0.0241591 0.875292
17.2461 -9.76128 63.704 0.483797 0.015248 0.875047
18.6358 -9.45639 62.8775 0.509422 0.022454 0.860224
19.5476 -9.66347 62.2843 0.558959 0.0275594 0.828737
20.4128 -10.526 61.7131 0.573471 0.0029202 0.819218
20.7936 -11.7096 61.4504 0.569077 0.0155893 0.82202
20.7532 -12.7499 61.513 0.563485 0.028143 0.825647
20.4979 -13.8117 61.7225 0.553756 0.0152503 0.83243
20.0518 -14.9785 62.0224 0.547634 0.00719637 0.836686
19.6844 -15.9553 62.293 0.55618 0.0252114 0.83068
19.4181 -17.158 62.5111 0.557324 0.0296034 0.829767
19.3452 -18.1552 62.5933 0.559922 0.0178843 0.828301
19.4425 -19.7062 62.5512 0.566581 0.0140809 0.823886
19.6012 -20.8576 62.4581 0.56727 0.0110273 0.823458
19.7488 -21.8799 62.3705 0.567865 0.00700517 0.823078
19.8147 -22.9074 62.3283 0.567043 0.00283698 0.823684
19.6659 -23.8972 62.4349 0.569152 0.0114648 0.822152
19.1233 -25.1954 62.8282 0.562452 0.0100316 0.826724
18.4512 -26.0045 63.2897 0.556669 0.0129849 0.830633
17.3476 -26.5663 64.0165 0.524665 0.00479324 0.851277
16.3942 -26.5654 64.6017 0.539163 0.00313639 0.841978
15.6131 -26.0299 65.0741 0.519611 0.0456628 0.853182
15.0877 -25.225 65.3686 0.503188 0.0186138 0.863898
14.8908 -24.2084 65.4501 0.495035 0.0269308 0.868455
15.0302 -22.918 65.322 0.497001 0.0360577 0.867
15.111 -22.5935 65.2624 0.479084 0.0528991 0.875756
14.3592 -22.5525 65.6499 0.459938 0.0714448 0.885072
14.6766 -21.6188 65.4149 0.454603 0.0180864 0.890485
15.1392 -20.3358 65.1507 0.470256 0.0165693 0.88226
15.4002 -19.2925 64.991 0.482494 -0.000373575 0.875899
15.5283 -18.046 64.9084 0.453816 0.0303407 0.890558
15.4351 -16.6665 64.8921 0.468168 0.0435488 0.882547
15.1743 -15.2382 64.9696 0.470942 0.0363735 0.881414
14.8521 -13.442 65.0983 0.461004 0.0110237 0.8872
14.868 -12.0515 65.0644 0.457529 0.0250868 0.888734
15.2638 -10.7075 64.8073 0.469035 0.0303233 0.882638
15.9087 -9.79622 64.4368 0.474347 0.02126 0.880081
16.6981 -9.16446 63.9957 0.47875 0.018741 0.877732
17.7414 -8.65694 63.3857 0.500544 0.0163158 0.865556
18.7368 -8.59634 62.8046 0.533918 0.014203 0.844695
19.6947 -8.84872 62.1584 0.560716 0.0263491 0.827589
20.8428 -9.72394 61.407 0.569364 0.0158388 0.821816
21.4386 -11.2255 60.9948 0.569145 0.0150487 0.821984
21.4833 -12.6364 61.0107 0.56366 0.0276917 0.825542
21.2755 -13.6247 61.1826 0.570136 0.0121968 0.82146
20.9775 -14.5612 61.4003 0.567186 0.00621275 0.823566
20.5873 -15.4559 61.6771 0.557656 0.00814888 0.829937
20.2542 -16.3737 61.9252 0.55572 0.0266942 0.830941
20.0064 -17.7898 62.1383 0.559873 0.0193541 0.828287
20.0396 -19.2104 62.1323 0.564821 0.0118116 0.825123
20.2319 -20.6326 62.0205 0.567286 0.0110417 0.823447
20.4122 -21.7144 61.9084 0.572699 0.00953621 0.81971
20.5006 -23.015 61.8555 0.57121 0.00400604 0.820794
20.3476 -24.1362 61.9656 0.568288 0.00682663 0.82279
19.8896 -25.3419 62.3104 0.557707 0.0299981 0.829496
19.2156 -26.3465 62.7978 0.552154 0.027783 0.833259
18.5074 -26.9689 63.2814 0.547103 0.0270787 0.836627
17.2525 -27.4816 64.0778 0.517416 0.0105288 0.855669
16.26 -27.45 64.696 0.542932 0.00905422 0.839592
15.005 -26.601 65.4754 0.509522 0.0407811 0.859406
14.3375 -25.3953 65.796 0.488944 0.0348864 0.871551
14.15 -24.3607 65.8715 0.486716 0.0250589 0.8732
14.2673 -23.0055 65.7347 0.463561 0.0735288 0.882999
13.478 -23.0244 66.1557 0.467139 0.0695762 0.881432
13.8835 -21.68 65.8258 0.464842 0.0739426 0.882267
14.295 -20.6741 65.592 0.466281 0.00183787 0.884635
14.6236 -19.4305 65.4028 0.461175 0.0247105 0.886895
14.7944 -17.9913 65.2799 0.452979 0.0247063 0.891179
14.6938 -16.5613 65.2712 0.453349 0.0396063 0.890453
14.4326 -15.3316 65.3581 0.453762 0.0295312 0.890633
14.1361 -13.8163 65.465 0.448969 0.0174064 0.893377
14.0591 -12.5814 65.48 0.448681 0.0173587 0.893523
14.2355 -11.3347 65.3684 0.454559 0.025777 0.890264
14.642 -10.1959 65.1213 0.468392 0.0192052 0.883307
15.4441 -9.11399 64.6704 0.474423 0.0211182 0.880043
16.4162 -8.35811 64.1287 0.477166 0.0231201 0.878499
17.9782 -7.7287 63.2324 0.501286 0.0153159 0.865145
19.3075 -7.86728 62.4006 0.56283 0.0171752 0.826394
20.2289 -8.18393 61.7767 0.561379 0.00818877 0.827518
21.0267 -8.76762 61.2495 0.563361 0.0278925 0.82574
21.7361 -9.83422 60.7789 0.575994 0.00543454 0.817435
22.1172 -11.0562 60.5141 0.587515 0.018741 0.808936
22.2309 -12.1508 60.4681 0.591312 0.0280497 0.805955
21.9799 -13.6283 60.693 0.592524 0.0149852 0.804968
21.6978 -14.6788 60.905 0.568853 0.00907051 0.822382
21.065 -16.0003 61.3549 0.57052 0.0182541 0.821038
20.6816 -17.4762 61.6699 0.57699 0.0148509 0.816536
20.6542 -18.7392 61.7001 0.583023 0.00655832 0.81243
20.7909 -20.0161 61.6228 0.575567 0.0147039 0.817602
20.9966 -21.1519 61.4934 0.57257 0.0102459 0.819792
21.1931 -22.3673 61.3695 0.573237 0.00883494 0.819342
21.1586 -23.525 61.3999 0.571291 0.00373219 0.820739
20.765 -25.1706 61.7132 0.567289 0.0308223 0.822942
20.3571 -26.1008 62.0236 0.557264 0.0293607 0.829815
19.2713 -27.3944 62.7959 0.5519 0.0278173 0.833425
18.5357 -27.8999 63.2782 0.54123 0.00948184 0.840821
17.0504 -28.3886 64.2122 0.524811 0.0223314 0.850814
16.2015 -28.3176 64.7496 0.545608 0.0187176 0.837768
15.3047 -27.9172 65.3429 0.538094 0.00668081 0.842473
14.5087 -27.2656 65.791 0.497623 0.0398239 0.866474
13.8124 -26.173 66.1331 0.491466 0.04519 0.869723
13.4841 -25.0745 66.2622 0.489216 0.0344744 0.871415
13.4164 -23.4322 66.2148 0.461483 0.0516191 0.885646
13.4178 -23.1844 66.1996 0.462652 0.0597155 0.884488
12.6646 -23.3014 66.5982 0.449021 0.0591555 0.891453
12.822 -22.2839 66.4361 0.450863 0.0512735 0.890721
13.2291 -21.3126 66.1614 0.480331 0.0304325 0.876133
13.6727 -20.4171 65.9194 0.468409 0.0012456 0.883507
13.8957 -18.777 65.7617 0.458729 0.0307502 0.888035
14.1418 -17.8152 65.6065 0.453361 0.0313144 0.890753
13.8443 -16.412 65.6915 0.445911 0.032282 0.894478
13.6522 -15.2901 65.7514 0.448239 0.0311942 0.893368
13.3987 -14.0462 65.8404 0.449738 0.0179847 0.892979
13.3079 -12.7605 65.8608 0.419808 0.0256547 0.906638
13.2824 -11.7467 65.8377 0.403896 0.0313972 0.914266
13.6012 -10.5169 65.6548 0.414699 0.0372411 0.909088
14.0749 -9.60375 65.3849 0.429132 0.0494529 0.901881
14.465 -8.65921 65.185 0.453421 0.00697236 0.890908
15.3127 -8.15134 64.7189 0.472801 0.0208647 0.880919
16.5059 -7.33536 64.0503 0.479795 0.0249551 0.877026
17.3587 -6.99437 63.5718 0.490825 0.0087067 0.87119
18.5985 -6.69624 62.856 0.52805 0.0147026 0.848459
20.0906 -7.23013 61.8611 0.560991 0.00983208 0.827762
20.8786 -7.70555 61.3318 0.559986 0.00972638 0.828443
21.6099 -8.27403 60.8465 0.569546 0.0151646 0.821709
22.2446 -9.19996 60.4081 0.584909 0.00924667 0.811044
22.6361 -10.1095 60.1288 0.586926 0.0084178 0.809593
22.8665 -11.5697 59.9816 0.588251 0.0194852 0.808389
22.9673 -12.672 59.9247 0.609298 0.00243349 0.792931
22.6331 -13.7044 60.1866 0.615279 0.0169779 0.788124
22.3508 -15.225 60.4364 0.608404 0.0112567 0.793525
21.7523 -16.356 60.8818 0.575436 0.0138845 0.817604
21.3898 -17.3372 61.1644 0.581563 0.00352494 0.813494
21.3752 -18.9948 61.1839 0.581715 0.0129463 0.813254
21.4246 -20.0094 61.1731 0.578381 0.0191619 0.815542
21.7076 -21.3036 60.9979 0.58646 0.0108461 0.809739
21.9469 -22.8907 60.8442 0.59633 0.0182874 0.802507
21.7474 -24.2123 61.0105 0.564889 0.0146768 0.825032
21.4039 -25.4398 61.2832 0.570185 0.0313287 0.82091
21.1436 -26.4982 61.4682 0.597813 -0.00983927 0.801534
20.4937 -27.1286 61.9448 0.572682 0.00115107 0.819776
19.3146 -28.3777 62.7606 0.562137 -0.00957383 0.826935
17.9875 -29.0109 63.6363 0.555301 -0.000753181 0.831584
16.7612 -29.2274 64.4269 0.532635 0.0291382 0.845833
15.7088 -29.057 65.0946 0.537553 0.00735666 0.842893
14.6591 -28.5356 65.7331 0.519481 1.64511e-05 0.854478
13.8456 -27.6603 66.1765 0.493968 0.0222298 0.869186
13.3212 -26.8944 66.4506 0.49302 0.0385603 0.86912
12.855 -25.7209 66.6546 0.495913 0.0459487 0.867156
12.6785 -24.7316 66.6729 0.46511 0.0596655 0.883167
12.6735 -23.8171 66.6232 0.459223 0.0510292 0.886854
17.9095 -14.2878 63.4197 0.535524 0.0148352 0.844225
18.5719 -13.4648 62.9842 0.537706 0.0153123 0.842829
18.6014 -12.3197 62.9466 0.518003 -0.00140357 0.855376
17.8455 -12.511 63.4029 0.520222 0.0142047 0.853781
17.8089 -13.0794 63.4443 0.524729 0.0278473 0.850813
18.0273 -13.5582 63.3248 0.525055 0.0265791 0.850653
