-61.4881 -15.7645 24.6699 -0.602082 -0.0231516 0.798054
-61.2637 -17.2984 24.7788 -0.598654 -0.0302981 0.800435
-60.817 -17.8348 25.1007 -0.616723 -0.0238048 0.7867
-60.8612 -16.523 25.1161 -0.609691 -0.0337505 0.79192
-61.1561 -15.2305 24.9322 -0.606119 -0.0138347 0.795251
-61.4558 -15.4589 24.7005 -0.605001 -0.0151614 0.79608
-62.0068 -15.1929 24.287 -0.604611 -0.0155488 0.796369
-62.0686 -16.9958 24.1882 -0.596589 -0.0260164 0.802104
-62.01 -18.0193 24.1965 -0.595911 -0.029854 0.802493
-61.6566 -18.9308 24.4334 -0.607317 -0.0246326 0.794058
-61.2453 -19.9155 24.7124 -0.60902 -0.0293519 0.792612
-60.7738 -20.8857 25.0439 -0.613897 -0.0328033 0.788666
-60.4161 -20.9738 25.3186 -0.613587 -0.0325148 0.788921
-60.5126 -19.5086 25.2904 -0.610851 -0.0271826 0.791273
-60.3506 -18.4688 25.4537 -0.627576 -0.0275863 0.778066
-60.269 -17.076 25.561 -0.625417 -0.0159559 0.780127
-60.3896 -15.7887 25.5096 -0.608802 -0.0232384 0.792921
-60.851 -14.2986 25.1811 -0.606267 -0.013874 0.795136
-61.4057 -13.2478 24.7878 -0.598615 -0.0154083 0.800839
-61.7574 -13.986 24.5012 -0.602794 -0.0222678 0.797586
-61.9575 -14.8934 24.3301 -0.604572 -0.0150935 0.796408
-62.4922 -14.5084 23.9346 -0.592371 -0.019046 0.80544
-62.2704 -13.4689 24.1289 -0.595147 -0.0241689 0.803253
-62.0066 -12.4979 24.3518 -0.598547 0.00245224 0.800989
-61.6804 -11.3088 24.5776 -0.602037 0.0129475 0.798363
-61.5146 -10.1714 24.7172 -0.611144 -0.0245028 0.791051
-61.2871 -11.3212 24.876 -0.612705 -0.000349217 0.79013
-60.8777 -12.6719 25.1841 -0.594487 -0.00906588 0.804054
-60.4924 -13.6333 25.4716 -0.619606 -0.0115112 0.784827
-60.088 -14.5711 25.7692 -0.620581 -0.0213425 0.783852
-59.796 -15.7576 25.9678 -0.627585 -0.0165332 0.778308
-59.694 -16.848 26.0276 -0.626083 -0.0158704 0.779595
-59.7646 -18.46 25.9268 -0.627874 -0.0274725 0.77783
-59.8281 -19.4746 25.8398 -0.628339 -0.03083 0.777321
-59.8588 -20.7561 25.7579 -0.620754 -0.0299791 0.78335
-59.8179 -21.9219 25.7479 -0.625451 -0.0266206 0.779809
-59.9463 -23.1243 25.6042 -0.62569 -0.0262801 0.779629
-59.796 -24.8008 25.6608 -0.62223 -0.0327112 0.78215
-59.5998 -25.8959 25.7691 -0.61048 -0.0430278 0.790799
-59.4987 -26.937 25.7769 -0.609388 -0.0575997 0.790776
-59.6316 -28.6225 25.55 -0.610549 -0.0596742 0.789727
-60.6529 -28.8685 24.746 -0.609636 -0.0518307 0.790985
-60.9306 -27.7269 24.6131 -0.610282 -0.0600276 0.789906
-61.0015 -26.4961 24.6504 -0.610216 -0.0587445 0.790054
-61.0564 -25.3594 24.6559 -0.605366 -0.0307958 0.795351
-61.1266 -24.3121 24.662 -0.589524 -0.0334729 0.80692
-61.2239 -22.9403 24.6248 -0.58524 -0.0188379 0.810641
-61.2814 -21.8407 24.614 -0.586383 -0.026221 0.809609
-61.6224 -20.645 24.4043 -0.588698 -0.020719 0.808084
-62.0107 -19.6877 24.1438 -0.588033 -0.0185736 0.808624
-62.3972 -18.7389 23.8874 -0.58346 -0.023292 0.811807
-62.6672 -17.5043 23.7292 -0.588683 -0.0275892 0.807868
-62.7373 -16.4527 23.71 -0.585722 -0.0179729 0.810288
-62.6229 -15.3044 23.8199 -0.592341 -0.0185166 0.805475
-63.2428 -15.2977 23.3644 -0.591199 -0.0186645 0.806309
-63.3669 -16.67 23.2501 -0.585722 -0.0179729 0.810288
-63.2932 -17.7288 23.2715 -0.584091 -0.023629 0.811344
-63.0601 -18.7028 23.4122 -0.582515 -0.0219029 0.812525
-62.6816 -19.7041 23.6556 -0.584783 -0.020613 0.810918
-62.3097 -20.6323 23.9034 -0.588444 -0.0236787 0.808191
-61.9133 -22.1864 24.1451 -0.585705 -0.0227639 0.810196
-61.7617 -23.5151 24.2225 -0.585403 -0.0202839 0.810488
-61.6855 -24.6208 24.2325 -0.591615 -0.0476628 0.80481
-61.6245 -25.8318 24.2055 -0.598311 -0.0392708 0.800216
-61.5741 -27.1616 24.1596 -0.610019 -0.0580158 0.79026
-61.5245 -28.2058 24.1385 -0.563017 -0.0415415 0.8254
-61.3104 -29.2046 24.2431 -0.573543 -0.0321663 0.818543
-60.2954 -29.9068 24.9541 -0.607275 -0.0529391 0.792718
-59.3424 -29.5519 25.7051 -0.605456 -0.0555581 0.793937
-59.02 -28.6925 26.0513 -0.637132 -0.0569661 0.768364
-58.911 -27.4234 26.2071 -0.631664 -0.0533272 0.773295
-58.9816 -26.0304 26.2405 -0.631971 -0.0494 0.773307
-59.1501 -24.9732 26.1675 -0.623124 -0.0387096 0.781131
-59.2346 -23.9447 26.1419 -0.62199 -0.0315954 0.782387
-59.2874 -22.9367 26.1394 -0.625688 -0.0261929 0.779633
-59.2882 -21.8052 26.1759 -0.623654 -0.0254509 0.781286
-59.2589 -20.1879 26.2689 -0.626161 -0.0370647 0.778803
-59.2057 -18.9334 26.3613 -0.626949 -0.0287264 0.778528
-59.1405 -17.6792 26.459 -0.634674 -0.0204621 0.772509
-59.1367 -16.3441 26.4965 -0.63508 -0.0199389 0.772189
-59.3154 -15.0395 26.3723 -0.634478 -0.0112975 0.772858
-59.6956 -13.8406 26.0965 -0.620038 -0.0124544 0.784472
-60.1169 -12.88 25.7797 -0.625166 -0.0131913 0.780365
-60.4611 -11.9639 25.5201 -0.626698 -0.0190199 0.778963
-60.8056 -10.7329 25.2695 -0.636787 -0.0157079 0.77088
-61.04 -9.66311 25.105 -0.606123 -0.023593 0.794939
-61.2336 -8.65839 24.9765 -0.601635 -0.0123456 0.798675
-61.4696 -7.57698 24.8234 -0.581581 -0.0196305 0.813188
-61.2703 -6.58782 24.9876 -0.591672 -0.0152366 0.806028
-61.2425 -5.56027 25.0259 -0.611276 -0.00324158 0.791395
-60.9777 -4.44405 25.2311 -0.62082 -0.00200234 0.783895
-60.7276 -3.23424 25.4544 -0.61543 -0.00913314 0.787908
-60.582 -2.17668 25.5621 -0.602676 0.00749523 0.797931
-60.3586 -0.646243 25.7048 -0.620719 -0.00153974 0.783519
-60.1657 0.702603 25.8656 -0.630809 0.00272437 0.775933
-60.2096 2.35584 25.8286 -0.618431 -0.0104977 0.785685
-60.4622 3.4049 25.6458 -0.614927 0.00848731 0.788538
-60.8149 4.4996 25.3591 -0.603795 0.000625063 0.796982
-61.1835 5.40796 25.0805 -0.602781 0.000366795 0.797787
-61.7936 6.36712 24.6241 -0.610853 -0.00680354 0.791705
-62.1847 6.404 24.3262 -0.598302 -0.00702086 0.801239
-62.7649 5.10359 23.9029 -0.604004 0.0144264 0.79685
-63.1351 3.86397 23.6469 -0.599179 0.00738099 0.800581
-63.2938 2.79908 23.5368 -0.599322 0.00104 0.800497
-63.274 1.09258 23.5394 -0.592141 -0.0123825 0.805733
-63.1478 -0.0433388 23.6148 -0.585038 -0.00757604 0.81097
-63.0669 -1.47327 23.6626 -0.585 -0.00446775 0.811021
-62.9608 -2.74888 23.7365 -0.587764 0.00386612 0.809002
-62.8028 -4.06179 23.8535 -0.584166 0.00891003 0.811555
-62.6909 -5.0795 23.9541 -0.590237 0.0111943 0.807127
-62.5517 -6.56852 24.0609 -0.587684 -0.00675708 0.809024
-62.4554 -7.61265 24.1176 -0.581416 -0.0200559 0.813289
-62.1539 -9.42327 24.2612 -0.594965 -0.0253131 0.803137
-62.2381 -10.5231 24.1558 -0.569547 -0.0272847 0.821464
-62.5029 -11.8355 23.9818 -0.580609 0.0134391 0.814072
-62.7689 -12.8856 23.7771 -0.596152 -0.0209357 0.802591
-63.1551 -14.7282 23.4419 -0.590381 -0.0195022 0.806889
-63.1596 -14.7539 23.438 -0.590161 -0.0190577 0.807061
-63.6897 -14.1996 23.0635 -0.590381 -0.0195022 0.806889
-63.4778 -13.1493 23.2452 -0.595035 -0.0201899 0.803434
-63.1531 -11.7905 23.5163 -0.58924 -0.00301494 0.807731
-62.8788 -10.0726 23.7266 -0.566768 -0.0191799 0.823653
-62.9123 -8.49488 23.7612 -0.576603 -0.0265455 0.816593
-63.0492 -7.5062 23.6907 -0.603321 -0.0112403 0.797277
-63.2053 -6.23744 23.5804 -0.594004 -0.00301354 0.804456
-63.3279 -5.05689 23.4833 -0.594193 0.00682909 0.804293
-63.4672 -3.90858 23.3719 -0.593775 0.00429864 0.804617
-63.5899 -2.53689 23.2726 -0.592424 0.00521606 0.80561
-63.6888 -1.41004 23.2143 -0.586983 -0.00784786 0.809552
-63.7839 -0.0155977 23.1567 -0.584586 -0.00785545 0.811294
-63.88 1.03251 23.098 -0.584215 -0.00160137 0.81157
-63.9179 2.05815 23.068 -0.597743 -0.00235872 0.801684
-63.8505 3.38866 23.1155 -0.598895 0.00801406 0.800787
-63.63 4.47129 23.265 -0.600997 0.0172048 0.799065
-63.1504 5.81038 23.5998 -0.599198 0.00348924 0.800531
-62.6953 6.88545 23.9492 -0.598347 -0.00769588 0.8012
-62.2736 8.02323 24.2719 -0.598287 -0.00399692 0.80127
-61.9633 9.03343 24.4997 -0.59056 0.00735505 0.80696
-62.1115 10.1207 24.3859 -0.590978 -0.00562421 0.806667
-62.0309 11.1564 24.4535 -0.603242 0.00636486 0.797298
-62.3532 12.2003 24.1814 -0.617974 0.00677563 0.786169
-62.7036 13.1443 23.8999 -0.615972 0.00444807 0.787755
-63.162 14.2073 23.5505 -0.579962 0.0017991 0.81464
-63.5549 15.2856 23.268 -0.582295 -0.000166882 0.812977
-63.8886 16.2237 23.0264 -0.583979 0.00408539 0.811758
-64.1667 17.1915 22.8204 -0.582935 0.00496682 0.812502
-64.2293 18.2735 22.753 -0.576134 0.0199519 0.817111
-63.9746 19.3871 22.9018 -0.584151 0.0248727 0.811263
-63.5807 20.4205 23.1516 -0.583826 0.0265016 0.811446
-63.115 21.4165 23.452 -0.59438 0.0198916 0.8038
-62.7038 22.3839 23.7397 -0.606491 0.0360268 0.794268
-62.3873 23.3815 23.939 -0.613175 0.0311703 0.789303
-62.2416 24.5814 23.994 -0.618031 0.0448937 0.784871
-62.206 26.0083 23.9511 -0.593813 0.0479283 0.803115
-62.3497 27.214 23.7795 -0.60081 0.0457816 0.798069
-62.7172 28.8423 23.4089 -0.586217 0.0419936 0.809052
-62.9581 29.8319 23.1894 -0.575431 0.0456008 0.816479
-62.7485 30.9451 23.2611 -0.567382 0.053692 0.821703
-61.6492 31.0574 24.0154 -0.585379 0.0629162 0.808033
-60.5551 30.2721 24.906 -0.603522 0.0667383 0.794535
-59.9519 29.3668 25.447 -0.609054 0.0685415 0.790158
-59.569 27.9805 25.87 -0.61343 0.0728374 0.786383
-59.9756 26.1231 25.7058 -0.621488 0.0640787 0.780799
-60.4134 24.9103 25.4274 -0.612166 0.0311879 0.790113
-60.6626 23.2992 25.2875 -0.609695 0.0211729 0.792352
-60.6433 22.0725 25.3362 -0.608794 0.0227711 0.793001
-60.4585 21.0692 25.5113 -0.614421 0.0303342 0.788395
-60.2099 20.0817 25.7407 -0.614653 0.0169348 0.788547
-59.8827 18.9714 26.0158 -0.622904 0.0141249 0.78217
-59.7014 17.9789 26.1777 -0.628502 0.0160472 0.777602
-59.7037 16.7116 26.211 -0.633088 0.021685 0.773776
-59.887 15.6629 26.0952 -0.632079 0.0267095 0.774444
-60.2916 14.5745 25.7948 -0.627076 0.0107111 0.778878
-60.6605 13.619 25.5128 -0.624202 0.0097507 0.781201
-60.9916 12.7072 25.2572 -0.624686 0.00666016 0.780848
-61.326 11.4746 24.9915 -0.617507 -0.00928184 0.786505
-61.8707 9.82707 24.5628 -0.597746 0.000485525 0.801685
-61.4719 8.93115 24.8658 -0.603413 0.00996974 0.797367
-61.318 7.7796 24.9975 -0.607806 0.00404822 0.794027
-61.0481 6.7396 25.2022 -0.610283 -0.00659996 0.792147
-60.5932 5.63011 25.5372 -0.612533 -0.010325 0.790367
-60.0579 4.22542 25.9569 -0.623013 0.00253336 0.782207
-59.766 3.15679 26.1926 -0.629367 0.00813396 0.777001
-59.5661 2.14541 26.3538 -0.633172 -0.00324854 0.774004
-59.5313 0.984431 26.3806 -0.633716 0.00610015 0.773533
-59.6903 -0.149164 26.2626 -0.635643 0.00872767 0.771934
-59.8317 -1.3288 26.1291 -0.639515 -0.0158097 0.768616
-60.0515 -2.99125 25.9642 -0.602423 0.00154038 0.798175
-60.2587 -4.07072 25.8103 -0.611719 -0.00132336 0.791038
-60.5866 -5.6263 25.5279 -0.613745 -0.00918937 0.789415
-60.6798 -6.81499 25.4383 -0.618955 -0.0105525 0.785356
-60.6891 -7.96107 25.4252 -0.627376 -0.00948137 0.778589
-60.5429 -9.1234 25.5178 -0.632207 -0.0177682 0.774596
-60.3285 -10.2029 25.674 -0.634797 -0.0135103 0.77256
-60.0606 -11.2607 25.871 -0.633714 -0.0272773 0.773076
-59.5351 -12.6388 26.2546 -0.632384 -0.0213756 0.774306
-59.0114 -13.9353 26.6439 -0.638831 -0.0293116 0.768788
-58.6908 -15.0446 26.885 -0.634478 -0.0112975 0.772858
-58.555 -16.3271 26.9753 -0.634163 -0.0180806 0.772985
-58.5853 -18.175 26.9011 -0.634285 -0.0210256 0.772813
-58.6331 -19.2136 26.8226 -0.636449 -0.0295096 0.770754
-58.6726 -20.237 26.7345 -0.624221 -0.0428802 0.78006
-58.6916 -21.749 26.6543 -0.623905 -0.0251881 0.781094
-58.6448 -23.1089 26.6509 -0.627213 -0.0275441 0.778344
-58.5655 -24.154 26.6715 -0.628405 -0.0325615 0.777204
-58.4433 -25.6954 26.711 -0.641704 -0.040066 0.765903
-58.3479 -26.8765 26.7143 -0.649016 -0.0486033 0.759217
-58.3801 -28.2073 26.6063 -0.64383 -0.0418171 0.763984
-58.5015 -29.3526 26.4127 -0.635044 -0.078854 0.768441
-58.8415 -30.2827 26.0361 -0.62036 -0.0670637 0.781107
-59.7491 -30.6351 25.3199 -0.605156 -0.054184 0.794261
-60.779 -30.7144 24.538 -0.58681 -0.057371 0.807578
-61.5572 -30.3551 24.0145 -0.577212 -0.0649345 0.814008
-62.1097 -29.0278 23.6975 -0.561702 -0.0415249 0.826297
-62.1772 -28.0269 23.7022 -0.563017 -0.0415415 0.8254
-62.2047 -26.9961 23.7356 -0.56191 -0.0426133 0.8261
-62.2141 -25.942 23.7715 -0.579686 -0.0354569 0.813992
-62.254 -24.8922 23.8025 -0.582426 -0.0461412 0.811573
-62.323 -23.8739 23.8072 -0.590101 -0.0271912 0.806845
-62.5607 -22.0773 23.6799 -0.586467 -0.0235043 0.809621
-63.0666 -20.4079 23.3601 -0.575786 -0.021855 0.817266
-63.4825 -19.3922 23.0908 -0.582092 -0.0226007 0.812809
-63.8054 -18.4392 22.8842 -0.583014 -0.0218575 0.812168
-64.0019 -17.2341 22.7768 -0.583251 -0.0240727 0.811935
-63.9741 -16.1805 22.8186 -0.583924 -0.0112231 0.811728
-63.8494 -15.124 22.9249 -0.587756 -0.0156542 0.808874
-63.8254 -14.9672 22.9461 -0.590161 -0.0190577 0.807061
-64.4093 -14.5854 22.5564 -0.557547 -0.0218873 0.829823
-64.1741 -13.349 22.758 -0.561747 -0.0249119 0.826927
-63.9476 -12.3432 22.9406 -0.567121 -0.0211673 0.823345
-63.5843 -10.5819 23.2293 -0.565519 -0.0197709 0.824498
-63.4978 -9.41252 23.3187 -0.575853 -0.029883 0.816996
-63.5904 -7.98711 23.2646 -0.613963 -0.00344736 0.789327
-63.7502 -6.88334 23.1618 -0.613283 -0.0200791 0.789608
-63.9658 -5.18732 23.0117 -0.596003 0.00627145 0.802957
-64.1636 -3.47388 22.8547 -0.5935 -0.00597185 0.804759
-64.2758 -2.01003 22.7817 -0.572807 -0.00529837 0.819595
-64.3332 -0.910012 22.7535 -0.567495 -0.00356078 0.823348
-64.4216 0.133448 22.6996 -0.583592 -0.00825927 0.812005
-64.5098 1.27697 22.6428 -0.584108 0.00498562 0.811661
-64.5247 2.43245 22.6249 -0.576917 0.000497618 0.816739
-64.4619 3.66239 22.6734 -0.569058 -0.00740474 0.822251
-64.1342 5.03143 22.9032 -0.558597 -0.00182532 0.829437
-63.5406 6.52572 23.3199 -0.57446 -0.0131792 0.818427
-63.15 7.44917 23.6147 -0.597884 -0.00663232 0.801554
-62.7552 8.78575 23.9143 -0.598578 -0.00223582 0.801062
-62.6982 9.86434 23.9558 -0.589762 0.000693287 0.807556
-62.6874 10.9775 23.9472 -0.614012 0.0199016 0.789046
-63.0249 12.2313 23.6532 -0.615888 0.0132608 0.787691
-63.6424 13.7187 23.2093 -0.579301 0.000390645 0.815114
-64.0136 14.6243 22.9416 -0.580586 0.00338505 0.814192
-64.373 15.5784 22.6812 -0.582926 0.00380374 0.812516
-64.75 16.7532 22.4062 -0.581697 0.00426068 0.813394
-64.9031 17.9053 22.2859 -0.583575 0.00851474 0.812015
-64.756 19.0328 22.3609 -0.576838 0.0290961 0.81634
-64.3174 20.3224 22.6247 -0.58048 0.0281131 0.813777
-63.8448 21.3359 22.9302 -0.583448 0.0279816 0.811668
-63.4146 22.2938 23.2105 -0.567032 0.027635 0.823035
-63.0831 23.2612 23.4242 -0.580682 0.0178167 0.813935
-62.8714 24.3376 23.5418 -0.583439 0.0310484 0.811549
-62.7964 25.382 23.559 -0.586778 0.0291467 0.809223
-62.8211 26.4227 23.4771 -0.586769 0.0524927 0.808051
-63.0549 27.7673 23.2276 -0.584747 0.0467431 0.809866
-63.5028 29.3019 22.8218 -0.581154 0.0390448 0.812849
-63.696 30.3697 22.6463 -0.56057 0.0392924 0.8271
-63.3452 31.4648 22.8175 -0.561586 0.0513097 0.825826
-62.3592 32.022 23.4595 -0.569117 0.0526977 0.820563
-61.4098 31.8239 24.1333 -0.570777 0.0515538 0.819485
-60.675 31.3663 24.72 -0.599654 0.0740433 0.796827
-59.9854 30.6806 25.3083 -0.611817 0.0615493 0.788576
-59.3201 29.6262 25.9138 -0.610781 0.0677838 0.788893
-59.016 28.6661 26.241 -0.62784 0.0736129 0.774813
-59.0637 27.0015 26.3649 -0.635378 0.0608045 0.769233
-59.4293 25.817 26.1409 -0.607673 0.0418811 0.793082
-59.9454 24.1632 25.8188 -0.61224 0.0250541 0.790254
-60.0501 23.1452 25.7638 -0.610494 0.0202739 0.791762
-60.0266 22.0464 25.8104 -0.608794 0.0227711 0.793001
-59.8133 20.953 26.0209 -0.624815 0.0280892 0.780265
-59.4707 19.7518 26.329 -0.624499 0.0165823 0.78083
-59.2142 18.7377 26.558 -0.635899 0.0205544 0.771403
-59.0639 17.6376 26.7171 -0.644831 0.0167671 0.764141
-59.1136 16.4182 26.702 -0.639039 0.0192007 0.768892
-59.5626 14.717 26.3828 -0.627396 0.0191264 0.778465
-59.9174 13.809 26.1082 -0.629511 0.00960397 0.776932
-60.295 12.8504 25.8106 -0.616626 -0.00641176 0.78723
-60.6669 11.6379 25.5093 -0.616783 -0.00645171 0.787107
-60.8903 10.4969 25.3193 -0.617691 -0.0134072 0.786305
-60.8634 8.73226 25.3293 -0.604543 0.0095121 0.796516
-60.4891 7.13493 25.6342 -0.609909 0.0118059 0.792345
-59.9029 5.60285 26.0763 -0.615739 -0.0101345 0.787885
-59.4165 4.23835 26.4678 -0.622833 0.00306224 0.782348
-59.1151 3.04674 26.7306 -0.636067 0.00484705 0.771563
-58.9157 1.78307 26.8875 -0.635903 -0.00511225 0.771751
-58.9851 0.387949 26.8367 -0.632767 0.00962524 0.774282
-59.2354 -1.36589 26.6245 -0.639486 -0.0162276 0.768631
-59.3768 -2.74832 26.4798 -0.625808 -0.00418538 0.779642
-59.6018 -4.01006 26.3169 -0.610879 0.00628012 0.791699
-59.8454 -5.12486 26.1187 -0.612325 -0.00904876 0.790554
-60.0352 -6.13037 25.9547 -0.618589 -0.0113196 0.785633
-60.078 -7.29073 25.9127 -0.623289 -0.000458116 0.781991
-60.0139 -8.54177 25.963 -0.628092 -0.00894008 0.778017
-59.756 -9.91699 26.1495 -0.634911 -0.0127547 0.77248
-59.3348 -11.4901 26.4599 -0.632067 -0.0176031 0.774714
-58.9438 -12.4874 26.7537 -0.641204 -0.0283343 0.766847
-58.4533 -13.6733 27.1181 -0.639033 -0.0288099 0.768639
-58.0839 -14.9977 27.3918 -0.641272 -0.0167676 0.76713
-57.9616 -16.4769 27.4624 -0.642755 -0.0232358 0.765697
-57.9664 -17.5955 27.4249 -0.634285 -0.021026 0.772813
-58.0333 -18.8742 27.3321 -0.633452 -0.0369183 0.772851
-58.095 -20.0435 27.2143 -0.630448 -0.0463604 0.774846
-58.1189 -21.1499 27.131 -0.623714 -0.0321141 0.780962
-58.0806 -22.277 27.1287 -0.626649 -0.0223887 0.77898
-58.0157 -23.3233 27.1512 -0.628316 -0.0271182 0.777466
-57.8961 -25.1798 27.1963 -0.650886 -0.0155881 0.758941
-57.7768 -26.6227 27.2188 -0.646366 -0.0481891 0.761495
-57.7765 -27.8874 27.1373 -0.640333 -0.0496029 0.766494
-57.8769 -28.9952 26.9671 -0.636465 -0.0761142 0.767539
-58.0105 -30.2043 26.7336 -0.637082 -0.0778345 0.766856
-58.4342 -31.0374 26.2966 -0.621814 -0.0657559 0.780041
-59.2432 -31.3143 25.6594 -0.605363 -0.0540408 0.794113
-60.0729 -31.4816 25.0156 -0.600704 -0.0516193 0.797778
-60.9284 -31.5257 24.3773 -0.599304 -0.0536511 0.798698
-61.8891 -31.1071 23.7274 -0.563827 -0.049156 0.824402
-62.6155 -29.9157 23.3027 -0.570944 -0.0461448 0.81969
-62.7947 -28.9147 23.2359 -0.570796 -0.0476171 0.81971
-62.8259 -27.8623 23.2693 -0.561827 -0.0417346 0.826202
-62.8245 -26.7402 23.3168 -0.575231 -0.0247935 0.817615
-62.8204 -25.675 23.3516 -0.578707 -0.0351601 0.814693
-62.8616 -24.6352 23.3802 -0.59042 -0.0333142 0.806408
-62.9356 -23.6298 23.3672 -0.588741 -0.0209063 0.808052
-63.065 -22.6025 23.2993 -0.586467 -0.0235043 0.809621
-63.3351 -21.4931 23.1416 -0.579162 -0.0285483 0.814704
-63.7163 -20.4574 22.9086 -0.569585 -0.0197829 0.821682
-64.2362 -19.2663 22.5871 -0.556779 -0.0122756 0.830527
-64.5356 -18.2707 22.4064 -0.542613 -0.00915713 0.839918
-64.6783 -17.2699 22.3257 -0.535993 -0.0108851 0.844151
-64.6234 -16.078 22.3776 -0.551739 -0.0235299 0.833685
-64.5067 -15.1965 22.4798 -0.552853 -0.0198875 0.833031
-65.1317 -15.0254 22.0672 -0.554006 -0.0159038 0.832361
-64.97 -14.0047 22.1941 -0.558889 -0.021455 0.828922
-64.6951 -12.5898 22.423 -0.563509 -0.0199064 0.825869
-64.3603 -11.2417 22.6823 -0.56445 -0.0185157 0.825259
-64.2132 -10.2514 22.8062 -0.564795 -0.0186445 0.82502
-64.1908 -8.60176 22.8048 -0.571955 0.0247007 0.819913
-64.2816 -7.58917 22.7381 -0.606494 -0.011816 0.794997
-64.4453 -6.56816 22.6458 -0.593165 -0.0290045 0.804557
-64.5946 -5.39615 22.5453 -0.595209 -0.00675626 0.803505
-64.727 -4.39303 22.4414 -0.594881 0.00464874 0.803799
-64.8476 -2.95477 22.376 -0.565258 -0.0166099 0.824744
-64.9483 -1.74146 22.3251 -0.563777 -0.0100377 0.825865
-65.0158 -0.258066 22.2782 -0.570903 0.00122604 0.821016
-65.0949 0.780751 22.2216 -0.577512 -0.00330043 0.816325
-65.1613 1.88538 22.1816 -0.568752 -0.00490623 0.822494
-65.1604 2.89434 22.1867 -0.566325 -0.00493054 0.824155
-65.0282 4.20006 22.292 -0.564956 -0.012517 0.825026
-64.773 5.20023 22.4734 -0.559629 0.001971 0.828728
-64.4019 6.17961 22.7166 -0.560558 0.00757653 0.82808
-63.9791 7.15538 23.0222 -0.574544 -0.0132164 0.818367
-63.4911 8.42932 23.369 -0.590367 -0.00379054 0.807126
-63.3095 9.60914 23.5074 -0.594541 0.00502462 0.803985
-63.3318 10.8263 23.4622 -0.594236 0.0224368 0.803978
-63.7839 12.3754 23.1088 -0.580782 -0.00109973 0.814058
-64.2233 13.4382 22.7966 -0.579861 0.00173895 0.814712
-64.6045 14.3774 22.522 -0.576645 0.0029477 0.816989
-65.1029 15.6951 22.1598 -0.579005 0.0088788 0.815275
-65.4163 16.6621 21.9299 -0.582671 0.00600598 0.812682
-65.498 18.6646 21.8502 -0.579597 0.0139937 0.814751
-65.2587 19.6878 21.9888 -0.567261 0.02122 0.823265
-64.5958 21.2786 22.4261 -0.563905 0.000785029 0.825798
-64.1447 22.2233 22.7276 -0.558492 0.00160655 0.829508
-63.7717 23.1543 22.9355 -0.567359 0.027454 0.822803
-63.5221 24.1675 23.0848 -0.580009 0.034007 0.8139
-63.3927 25.3674 23.127 -0.583627 0.031761 0.811387
-63.4328 26.4929 23.0335 -0.577374 0.0500809 0.814942
-63.6387 27.5829 22.8204 -0.576485 0.0496228 0.8156
-63.9447 28.524 22.5482 -0.550455 0.0372277 0.834032
-64.3221 29.8753 22.2436 -0.555816 0.0319196 0.830692
-64.3214 31.1067 22.1753 -0.562274 0.0499017 0.825444
-63.7043 32.2604 22.5241 -0.561561 0.0511568 0.825853
-62.7129 32.809 23.1635 -0.566677 0.0600743 0.821737
-61.7566 32.8203 23.8273 -0.570053 0.0583322 0.819535
-60.9032 32.4221 24.4485 -0.585036 0.0637594 0.8082
-59.8417 31.5783 25.3541 -0.620279 0.0632662 0.781826
-59.2376 30.8801 25.8759 -0.613496 0.0554259 0.78775
-58.6305 29.6233 26.455 -0.63306 0.0681785 0.770748
-58.3695 28.4909 26.7816 -0.62784 0.0736129 0.774813
-58.3408 27.4132 26.9294 -0.635315 0.0619931 0.769139
-58.6462 26.1678 26.7407 -0.623565 0.0405167 0.78072
-59.1849 24.7025 26.3859 -0.615532 0.0405133 0.787011
-59.4412 23.2772 26.2378 -0.640184 0.0344858 0.767447
-59.4387 22.235 26.2871 -0.637424 0.0234621 0.770064
-59.1951 21.0572 26.5116 -0.626469 0.0264667 0.778991
-58.7542 19.4266 26.9189 -0.638184 0.0228084 0.769501
-58.5302 18.4085 27.1448 -0.642954 0.0282864 0.765382
-58.441 17.2118 27.2524 -0.644323 0.0160557 0.764584
-58.5308 16.1663 27.1971 -0.643535 0.0141972 0.765285
-58.8093 14.9464 26.9843 -0.635621 0.0157465 0.771761
-59.213 13.8596 26.6782 -0.624284 -0.00168058 0.781077
-59.7073 12.6703 26.2693 -0.617481 -0.00954546 0.78652
-60.1866 11.089 25.881 -0.615723 -0.00775533 0.787923
-60.3277 10.0334 25.7516 -0.61692 -0.0148434 0.786885
-60.2601 8.97367 25.7864 -0.618771 0.00312292 0.785522
-60.0107 7.7485 25.9986 -0.616188 0.0123362 0.787502
-59.6374 6.66416 26.2946 -0.611444 0.00140788 0.791286
-59.1168 5.34919 26.7011 -0.639508 0.00521275 0.768447
-58.8273 4.38093 26.96 -0.646732 -0.000382428 0.762639
-58.4763 3.01584 27.2574 -0.636094 0.00367147 0.771558
-58.2935 1.97353 27.401 -0.635522 -0.00558431 0.772063
-58.3466 0.552229 27.3563 -0.633042 0.00925581 0.774062
-58.5571 -0.749179 27.1981 -0.628249 -0.00112794 0.777994
-58.7254 -2.3941 27.0309 -0.641664 -0.0148234 0.766843
-58.9092 -3.78673 26.8494 -0.625971 -0.0044591 0.779518
-59.1798 -5.03079 26.6353 -0.612265 -0.00889452 0.790603
-59.4314 -6.31911 26.4318 -0.632898 -0.00457912 0.774145
-59.4674 -7.49182 26.3981 -0.620152 -0.000785059 0.784481
-59.3919 -8.66855 26.4567 -0.620316 -2.70205e-05 0.784352
-59.206 -9.66096 26.6001 -0.630081 -0.0127624 0.776425
-58.839 -11.0523 26.8747 -0.63127 -0.0155504 0.775403
-58.3741 -12.322 27.2285 -0.632297 -0.0177643 0.774518
-57.854 -13.5781 27.6139 -0.63976 -0.0161597 0.768227
-57.5413 -14.5533 27.8646 -0.653549 -0.019256 0.756628
-57.4001 -15.7357 27.9604 -0.653001 -0.0216428 0.757026
-57.3686 -16.9692 27.9386 -0.639055 -0.0248747 0.768753
-57.3847 -18.0075 27.895 -0.637978 -0.0218413 0.769745
-57.4771 -19.0339 27.7951 -0.647996 -0.0290121 0.760891
-57.5375 -20.1665 27.6767 -0.654047 -0.0432474 0.755215
-57.5351 -21.4455 27.6199 -0.660235 -0.0278441 0.750541
-57.4792 -22.5769 27.6266 -0.661893 -0.0268094 0.749119
-57.4057 -23.6352 27.6582 -0.665554 -0.0187397 0.746114
-57.3472 -24.7069 27.6832 -0.661341 -0.0154055 0.749902
-57.2682 -25.7786 27.7013 -0.653945 -0.042159 0.755366
-57.1671 -27.2942 27.6872 -0.648375 -0.0596646 0.75898
-57.2269 -28.386 27.5642 -0.637778 -0.0623912 0.767577
-57.3754 -29.7814 27.3045 -0.636236 -0.0769011 0.76765
-57.495 -31.0681 27.0722 -0.636495 -0.0795658 0.767166
-58.5493 -31.8942 26.1516 -0.606875 -0.0527108 0.793048
-59.6287 -32.1783 25.3068 -0.606053 -0.0532982 0.793636
-60.6109 -32.3877 24.5521 -0.600527 -0.0659136 0.796883
-62.0338 -31.9824 23.5682 -0.55674 -0.0693157 0.827786
-62.9918 -30.8658 22.9886 -0.570977 -0.0451046 0.819726
-63.3061 -29.9175 22.8217 -0.570885 -0.0462024 0.819728
-63.434 -28.9203 22.7904 -0.570796 -0.0476171 0.81971
-63.4743 -27.8402 22.8296 -0.561104 -0.0438781 0.826526
-63.4336 -26.4981 22.8971 -0.55747 -0.0221426 0.829901
-63.4247 -25.3798 22.9351 -0.578707 -0.0351601 0.814693
-63.4699 -24.3685 22.9458 -0.59042 -0.0333142 0.806408
-63.5879 -23.1531 22.9072 -0.58377 -0.0233969 0.811571
-63.793 -22.0892 22.7951 -0.579162 -0.0285483 0.814704
-64.1364 -21.037 22.5921 -0.569573 -0.0358728 0.821089
-64.6175 -19.9931 22.3105 -0.557497 -0.0232077 0.829849
-65.0708 -18.8147 22.0414 -0.548529 -0.0247608 0.835725
-65.3751 -17.3002 21.8834 -0.536875 -0.00653761 0.843615
-65.2643 -15.9721 21.9565 -0.545547 -0.0124157 0.837881
-65.2009 -15.4624 22.0128 -0.552833 -0.019707 0.833049
-65.8602 -15.4838 21.573 -0.551571 -0.00886485 0.834041
-66.0594 -16.7249 21.4425 -0.548174 4.96573e-05 0.836364
-65.848 -18.5522 21.5476 -0.553873 -0.0288021 0.832103
-65.3846 -19.8638 21.8098 -0.546602 -0.0184871 0.837188
-64.9624 -20.7617 22.0648 -0.541838 -0.0226541 0.840155
-64.4003 -22.1614 22.3869 -0.546142 -0.0203245 0.837442
-64.1432 -23.662 22.5166 -0.550433 -0.0260724 0.834469
-64.0612 -24.6907 22.5356 -0.549613 -0.028588 0.83493
-64.0366 -25.7899 22.5105 -0.554376 -0.0273694 0.83179
-64.0892 -27.0054 22.4431 -0.55747 -0.0221426 0.829901
-64.1224 -28.0832 22.3767 -0.561104 -0.0438781 0.826526
-63.9833 -29.7595 22.3632 -0.549033 -0.04519 0.834461
-63.7192 -30.9295 22.486 -0.560828 -0.0366112 0.827122
-63.2198 -31.8501 22.7841 -0.55988 -0.0472048 0.827157
-62.3979 -32.6361 23.2737 -0.547409 -0.061304 0.834617
-61.4248 -33.1219 23.8793 -0.57857 -0.0697545 0.81221
-60.4078 -33.1393 24.6455 -0.602737 -0.0600174 0.795679
-59.3689 -32.8987 25.4451 -0.600648 -0.0665948 0.796705
-58.4499 -32.6568 26.1668 -0.604043 -0.0715608 0.793733
-57.5735 -32.464 26.8778 -0.647438 -0.0554729 0.76001
-56.9367 -31.9055 27.4767 -0.654736 -0.0650044 0.753053
-56.879 -30.573 27.648 -0.650781 -0.0675031 0.756251
-56.7419 -29.3575 27.8735 -0.648475 -0.0690288 0.758099
-56.6221 -28.2565 28.0768 -0.64201 -0.0722551 0.76323
-56.5903 -27.048 28.1992 -0.648359 -0.059773 0.758985
-56.6692 -25.8251 28.217 -0.652195 -0.0443515 0.756749
-56.791 -24.6458 28.181 -0.661485 -0.0329575 0.749084
-56.8813 -23.0098 28.1429 -0.666254 -0.0194322 0.745472
-56.9474 -21.901 28.1213 -0.662521 -0.0266823 0.748568
-56.9886 -20.6885 28.1275 -0.662279 -0.0263335 0.748795
-56.9461 -19.502 28.2295 -0.64866 -0.0306096 0.760282
-56.8106 -18.4789 28.3638 -0.644987 -0.0183385 0.763962
-56.7661 -17.4382 28.4322 -0.648667 -0.0277899 0.760543
-56.8051 -16.3091 28.4491 -0.650784 -0.0349059 0.75846
-56.8542 -14.9328 28.4539 -0.653082 -0.0207954 0.756977
-57.0736 -13.8508 28.2802 -0.653104 -0.00518732 0.75725
-57.7888 -12.2109 27.7083 -0.630889 -0.0173595 0.775669
-58.1281 -11.3026 27.4481 -0.631126 -0.0134666 0.775563
-58.4107 -10.367 27.2341 -0.627186 0.0012814 0.77882
-58.7629 -8.73425 26.9544 -0.620775 0.000301979 0.783989
-58.8494 -7.32686 26.887 -0.626628 -0.00769513 0.779214
-58.7939 -6.25363 26.9533 -0.632898 -0.00457912 0.774145
-58.6012 -5.25696 27.1031 -0.633538 0.00633565 0.773686
-58.2431 -3.60381 27.4117 -0.648397 -0.01041 0.761231
-58.1303 -2.61199 27.5247 -0.641778 -0.0154264 0.766735
-57.978 -1.0209 27.6647 -0.62919 -0.00612116 0.777227
-57.6613 0.785136 27.9146 -0.630896 0.00576902 0.775832
-57.6732 2.03854 27.9176 -0.646935 -0.00845628 0.762499
-57.8637 3.12601 27.7661 -0.642423 -0.00618403 0.766305
-58.1927 4.39174 27.5 -0.653737 -0.00864708 0.756673
-58.555 5.54169 27.1885 -0.655482 0.00368343 0.755196
-59.0466 6.9375 26.7506 -0.635096 0.00321805 0.771816
-59.5624 8.47678 26.3382 -0.619455 0.00416616 0.78497
-59.7126 9.49664 26.224 -0.619577 -0.0094978 0.784854
-59.6756 10.5226 26.2725 -0.617178 -0.0148679 0.786683
-59.4556 11.4996 26.456 -0.61542 -0.00971732 0.788139
-58.832 13.1591 26.9665 -0.630953 -0.00994078 0.775614
-58.3616 14.2425 27.3694 -0.638862 0.00156928 0.769304
-58.0778 15.2688 27.5944 -0.643838 0.0138367 0.765037
-57.8633 16.6901 27.7484 -0.643706 0.0146999 0.765132
-57.837 17.8197 27.7522 -0.65359 0.0256904 0.75623
-57.9798 18.8367 27.5903 -0.640319 0.0292654 0.767551
-58.2618 19.9403 27.3129 -0.641757 0.0229155 0.766537
-58.537 20.911 27.0514 -0.642568 0.0136351 0.766069
-58.8137 22.1879 26.8028 -0.637279 0.0126873 0.770529
-58.8346 23.3959 26.7384 -0.640184 0.0344858 0.767447
-58.3869 25.1324 27.0019 -0.627623 0.0467149 0.777114
-57.997 26.1088 27.2626 -0.625152 0.0372436 0.779609
-57.6918 27.8448 27.4306 -0.635315 0.0619931 0.769139
-57.8543 29.1377 27.1662 -0.653752 0.0689688 0.753559
-58.1169 30.0543 26.8608 -0.649021 0.0679283 0.757711
-58.6601 31.2375 26.3087 -0.633363 0.0499395 0.772242
-59.3132 32.0975 25.7315 -0.616783 0.0593122 0.784873
-60.1012 32.755 25.0549 -0.620423 0.0577509 0.782138
-61.1325 33.4351 24.219 -0.600207 0.0425897 0.798709
-61.9389 33.7002 23.6381 -0.569993 0.0565981 0.819696
-63.3351 33.4531 22.6873 -0.566677 0.0600743 0.821737
-64.1249 32.9233 22.1866 -0.564391 0.0631166 0.823091
-64.7117 32.1749 21.8496 -0.539426 0.051424 0.840448
-65.0257 31.1347 21.7031 -0.541067 0.0445058 0.839801
-65.0204 30.0225 21.7657 -0.551142 0.0476158 0.832955
-64.7265 28.7766 22.0203 -0.548089 0.0376573 0.835566
-64.2836 27.5943 22.3639 -0.563459 0.0423032 0.824876
-64.0488 26.5549 22.5941 -0.574418 0.0504925 0.817003
-64.0076 25.1542 22.6994 -0.576973 0.0331092 0.816091
-64.175 24.0208 22.6268 -0.57221 0.035999 0.819292
-64.477 23.0591 22.47 -0.555043 0.0355125 0.831062
-64.886 22.1563 22.2276 -0.564807 -0.000394069 0.825192
-65.3452 21.218 21.9056 -0.569012 -0.00155446 0.822326
-65.8168 20.0811 21.5947 -0.558493 0.0231035 0.829134
-66.1146 18.9603 21.433 -0.553753 0.0183422 0.832436
-66.203 17.9485 21.3839 -0.552778 0.00226774 0.833325
-66.0928 16.6804 21.4607 -0.551835 0.00487609 0.833935
-65.758 15.5139 21.6964 -0.57912 0.00892076 0.815193
-65.2598 14.2286 22.0599 -0.576724 0.00279913 0.816934
-64.7627 13.0468 22.4154 -0.575059 0.00130893 0.818106
-64.3063 11.9288 22.7362 -0.580132 -0.0013224 0.814521
-63.9484 10.5811 23.0137 -0.59542 0.0177204 0.803202
-63.9335 9.43078 23.0446 -0.598097 0.0135656 0.801309
-64.1331 8.44668 22.8987 -0.587269 0.00411701 0.809328
-64.8182 6.90037 22.4277 -0.582536 0.0100653 0.812741
-65.2526 5.84556 22.1407 -0.569492 0.010253 0.821933
-65.566 4.87525 21.9343 -0.567162 -0.00223636 0.823528
-65.7417 3.85309 21.7986 -0.56432 -0.0085318 0.825503
-65.8117 2.85601 21.7439 -0.561859 -0.00734827 0.8272
-65.772 1.54786 21.7635 -0.557471 -6.55082e-05 0.830196
-65.6725 0.180279 21.8206 -0.564735 -0.00424138 0.825209
-65.5954 -1.13973 21.8761 -0.571043 0.000609689 0.82092
-65.5355 -2.40718 21.9175 -0.567039 -0.00505746 0.823649
-65.445 -3.60441 21.9492 -0.57478 -0.0225441 0.817997
-65.3373 -4.73344 21.9973 -0.581621 -0.00223804 0.813286
-65.2021 -5.82598 22.0916 -0.595209 -0.00675626 0.803505
-64.9999 -6.85932 22.2275 -0.592595 -0.0296233 0.804955
-64.8594 -8.1984 22.3275 -0.56992 0.0135969 0.821573
-64.8054 -9.34128 22.3926 -0.577671 0.0023328 0.816266
-64.9063 -10.6094 22.323 -0.57136 -0.00944509 0.820549
-65.1197 -11.7215 22.1505 -0.570244 -0.0184399 0.821268
-65.5131 -13.3117 21.8444 -0.558627 -0.0119976 0.82921
-65.7125 -14.5373 21.6894 -0.555414 -0.0155022 0.831429
-65.753 -14.8072 21.6572 -0.55556 -0.0155852 0.83133
-66.4335 -14.9395 21.201 -0.548591 -0.0139984 0.835961
-66.6263 -15.9651 21.0703 -0.547924 -0.00194295 0.836526
-66.7909 -16.9587 20.9629 -0.553493 -0.00984283 0.832707
-66.696 -18.0126 21.0008 -0.558636 -0.0211565 0.829142
-66.4052 -18.9987 21.1605 -0.554243 -0.0296565 0.831827
-65.9673 -20.1349 21.4131 -0.559347 -0.022318 0.828626
-65.496 -21.1227 21.7041 -0.554862 -0.0243177 0.831586
-65.0809 -22.021 21.9457 -0.549127 -0.0300408 0.835196
-64.8265 -23.1016 22.0804 -0.552229 -0.0256902 0.833295
-64.7172 -24.1411 22.1228 -0.550893 -0.025967 0.834166
-64.653 -25.1803 22.1269 -0.551276 -0.0331305 0.833665
-64.6696 -26.2912 22.0719 -0.554586 -0.0275106 0.831645
-64.7461 -27.4347 21.9793 -0.562584 -0.0344424 0.826022
-64.7713 -28.5266 21.9131 -0.546548 -0.045164 0.836089
-64.6356 -30.0072 21.9337 -0.538338 -0.0377823 0.84188
-64.2644 -31.3423 22.0989 -0.548662 -0.0409327 0.834927
-63.6858 -32.405 22.431 -0.558067 -0.0577047 0.827787
-63.0047 -33.1169 22.8405 -0.552782 -0.0597955 0.831152
-62.1278 -33.6969 23.3759 -0.550295 -0.0497639 0.833486
-60.9717 -34.0011 24.1607 -0.587704 -0.0386941 0.80815
-60.0129 -33.8677 24.8896 -0.599598 -0.0612853 0.797941
-59.155 -33.64 25.547 -0.596574 -0.0626666 0.800108
-58.2408 -33.3773 26.2609 -0.622723 -0.0612199 0.779624
-57.4091 -33.196 26.9685 -0.641759 -0.0491869 0.765326
-56.6398 -33.0675 27.6388 -0.652454 -0.0634726 0.755159
-55.8663 -33.6094 28.2466 -0.643285 -0.0940376 0.75983
-56.2576 -32.5919 28.008 -0.650323 -0.065474 0.756831
-56.3577 -31.4352 28.0218 -0.654992 -0.0680842 0.752561
-56.2509 -30.0825 28.2294 -0.654813 -0.0574895 0.75359
-56.1029 -29.0235 28.4511 -0.648739 -0.0692941 0.75785
-56.0106 -27.795 28.6447 -0.656262 -0.0574806 0.752339
-56.0385 -26.6688 28.7071 -0.660176 -0.0632878 0.748403
-56.1602 -25.2654 28.7037 -0.66959 -0.0461578 0.741291
-56.2909 -23.5173 28.6543 -0.656036 -0.01923 0.754484
-56.3447 -22.4505 28.6345 -0.659105 -0.0251903 0.75159
-56.4187 -21.2524 28.6117 -0.664229 -0.0257772 0.747084
-56.4237 -20.0987 28.6478 -0.658642 -0.035487 0.751549
-56.238 -18.8966 28.8466 -0.663756 -0.0210805 0.747652
-56.185 -17.5586 28.9329 -0.663112 -0.0274298 0.748005
-56.2315 -16.3785 28.9384 -0.650405 -0.0302357 0.758969
-56.2677 -14.592 28.9671 -0.647882 -0.0137523 0.76152
-56.5229 -13.4904 28.754 -0.645634 -0.00165184 0.763646
-56.9461 -12.6156 28.3982 -0.648933 -0.00307419 0.760826
-57.552 -11.1076 27.9199 -0.630501 -0.0126033 0.776086
-57.8427 -10.1553 27.6991 -0.6322 -0.00523812 0.774749
-58.087 -9.19818 27.4965 -0.634244 0.00188397 0.77313
-58.2141 -8.19814 27.3896 -0.639005 -0.00372563 0.769148
-58.2629 -7.14343 27.3693 -0.632387 -0.0149453 0.774509
-58.0607 -5.60253 27.5483 -0.640317 -7.64519e-05 0.768031
-57.7994 -4.55336 27.7776 -0.647907 -0.00537804 0.7617
-57.6058 -3.58639 27.9553 -0.648741 -0.0106336 0.760935
-57.4797 -2.09662 28.0644 -0.64081 0.00408076 0.767688
-57.3753 -1.10537 28.1534 -0.629545 -0.00143343 0.776942
-57.1306 0.140379 28.3627 -0.649804 -0.00628395 0.760076
-57.0114 1.2637 28.4723 -0.649362 -0.0044793 0.760466
-57.1004 2.47001 28.4084 -0.645955 -0.00487814 0.763351
-57.3055 3.50762 28.2372 -0.642423 -0.00618403 0.766305
-57.5778 4.49107 28.0228 -0.638807 -0.0103307 0.769296
-58.0351 5.92471 27.6395 -0.656949 0.00293641 0.753929
-58.3703 6.92607 27.3424 -0.6588 0.00622962 0.752292
-58.7582 7.91989 26.9955 -0.658306 0.00477563 0.752735
-59.0744 9.01816 26.7293 -0.622696 -0.00388187 0.782454
-59.1099 10.2754 26.7116 -0.616144 -0.0120219 0.787535
-58.6391 12.0141 27.1162 -0.644205 -0.00796232 0.764809
-58.1731 13.0643 27.5176 -0.641533 -0.00823263 0.767051
-57.7069 14.1484 27.9128 -0.639216 -0.00264537 0.769023
-57.3883 15.6445 28.1647 -0.645982 0.00290927 0.763273
-57.2554 16.7327 28.2719 -0.656338 0.00875747 0.754416
-57.3103 18.6 28.1606 -0.649645 0.0408007 0.75914
-57.5554 19.6844 27.912 -0.643436 0.0211774 0.765163
-57.8502 20.6407 27.6436 -0.64569 0.019896 0.763326
-58.1224 21.7242 27.3873 -0.648382 0.0162538 0.761141
-58.2637 22.8127 27.241 -0.634412 0.0413976 0.771819
-58.1379 23.9921 27.2714 -0.632971 0.0428057 0.772966
-57.7783 24.9753 27.5031 -0.627815 0.0466356 0.776964
-57.3293 26.1775 27.8139 -0.650996 0.0382935 0.758109
-57.1011 27.3055 27.9555 -0.649547 0.0363667 0.759451
-57.1524 28.6318 27.8108 -0.640147 0.068712 0.765173
-57.3625 29.6478 27.5431 -0.64153 0.0661624 0.764232
-57.7008 30.7474 27.1487 -0.646762 0.074001 0.759093
-58.2163 31.8217 26.6352 -0.633355 0.0496419 0.772267
-58.8225 32.6374 26.0714 -0.614582 0.0825689 0.784482
-59.6239 33.3064 25.393 -0.62053 0.0577182 0.782055
-60.6698 34.0394 24.5335 -0.599384 0.0444131 0.799228
-62.0077 34.494 23.5354 -0.569993 0.0565981 0.819696
-62.9484 34.3549 22.8928 -0.56915 0.0569995 0.820256
-63.8665 34.0316 22.2794 -0.566029 0.0596246 0.822219
-64.6156 33.4656 21.8267 -0.536569 0.0552379 0.842047
-65.2174 32.7385 21.4906 -0.541889 0.0478919 0.839084
-65.6009 31.8117 21.2959 -0.541643 0.0477225 0.839253
-65.7609 30.6444 21.2556 -0.536828 0.0494772 0.842213
-65.6963 29.5622 21.3642 -0.531963 0.0451496 0.845525
-65.3052 28.4226 21.6629 -0.540069 0.0409111 0.840625
-64.9131 27.4723 21.961 -0.543497 0.0378208 0.838552
-64.6413 26.4691 22.1827 -0.574153 0.0498708 0.817228
-64.6293 24.9201 22.2703 -0.568829 0.0367108 0.821596
-64.8507 23.869 22.1684 -0.567578 0.0453147 0.822072
-65.4797 22.3989 21.8066 -0.577786 0.0226069 0.815694
-66.1172 21.1187 21.3676 -0.563258 0.0122032 0.826043
-66.6113 19.7947 21.0787 -0.550951 0.0259908 0.834133
-66.8147 18.59 20.969 -0.556239 0.0103355 0.830958
-66.8392 17.3349 20.9629 -0.551878 0.0048888 0.833904
-66.6606 16.0309 21.0917 -0.549887 0.00705128 0.835209
-66.0466 14.3816 21.5046 -0.548403 0.00719071 0.836178
-65.3416 12.725 22.0087 -0.576185 0.00385359 0.81731
-64.943 11.7692 22.2872 -0.573772 -0.00112874 0.819014
-64.5055 9.89031 22.6097 -0.602455 0.0139118 0.798031
-64.6461 8.89093 22.5206 -0.59658 0.0250223 0.802056
-65.2457 7.58384 22.1117 -0.583867 0.0111364 0.811772
-65.6881 6.57492 21.828 -0.573025 0.0250534 0.819154
-66.0804 5.49991 21.571 -0.570238 0.00883073 0.821432
-66.3806 3.91036 21.3633 -0.564138 -0.0120583 0.825592
-66.4654 2.81728 21.3158 -0.541966 -0.00112484 0.840289
-66.3787 1.09701 21.3561 -0.557793 -0.00550019 0.829948
-66.2532 -0.544892 21.4204 -0.558198 -0.0101222 0.829646
-66.2053 -2.01813 21.4511 -0.571961 -0.000715692 0.82028
-66.0926 -3.20693 21.5053 -0.574056 -0.0232608 0.818485
-66.0087 -4.31388 21.5352 -0.573463 -0.0159017 0.819077
-65.8957 -5.35384 21.5959 -0.575484 -0.00931429 0.817749
-65.7528 -6.41622 21.6968 -0.571468 0.00246916 0.820571
-65.5018 -7.60581 21.8779 -0.565871 0.0119371 0.824407
-65.4398 -8.78072 21.9392 -0.56837 0.0189386 0.822525
-65.4819 -10.0038 21.916 -0.576246 0.00155242 0.817274
-65.6701 -11.331 21.7772 -0.574342 -0.0130421 0.818476
-66.025 -12.4467 21.5162 -0.55077 -0.00109114 0.834647
-66.2617 -13.6446 21.3462 -0.549705 -0.0241466 0.835008
-66.3245 -14.2125 21.2879 -0.551187 -0.0208323 0.834113
-66.9902 -14.1795 20.8495 -0.537334 -0.0217032 0.842963
-67.1754 -15.3718 20.7121 -0.546909 -0.00648663 0.837154
-67.4573 -16.4547 20.5252 -0.548225 -0.000501882 0.836329
-67.4657 -17.5836 20.4957 -0.53781 -0.0186963 0.842858
-67.2401 -18.582 20.6191 -0.540704 -0.0206263 0.840955
-66.8025 -19.8293 20.8638 -0.552315 -0.0255951 0.833214
-66.2759 -20.9947 21.1838 -0.563224 -0.0249944 0.825916
-65.7911 -21.9265 21.4823 -0.552117 -0.0290089 0.833248
-65.399 -23.4437 21.6897 -0.557299 -0.0237216 0.829959
-65.2984 -24.6082 21.7258 -0.546544 -0.0247287 0.837014
-65.2535 -25.654 21.7141 -0.542454 -0.0328474 0.839443
-65.3344 -26.7893 21.6251 -0.533307 -0.0256492 0.845503
-65.4686 -28.1172 21.4961 -0.527127 -0.0290234 0.849287
-65.3964 -29.2681 21.4847 -0.529405 -0.0474648 0.847028
-65.2505 -30.4433 21.5195 -0.537503 -0.0431578 0.84215
-64.8309 -31.7211 21.7209 -0.527128 -0.0412778 0.848782
-64.1072 -32.9752 22.1157 -0.544664 -0.0441629 0.837491
-63.2987 -33.8098 22.5985 -0.546201 -0.0388042 0.83674
-62.4103 -34.4559 23.1442 -0.550101 -0.0497027 0.833618
-61.0273 -34.872 24.0792 -0.58779 -0.0379727 0.808122
-60.1878 -34.724 24.6943 -0.582996 -0.0547936 0.810625
-59.3839 -34.4974 25.3075 -0.594647 -0.0703507 0.800903
-58.5133 -34.2365 25.9773 -0.604017 -0.0648858 0.794232
-57.6422 -33.9888 26.7159 -0.634635 -0.0859173 0.768021
-56.8658 -33.9111 27.3668 -0.636122 -0.0856515 0.766819
-56.075 -34.3011 27.9843 -0.643262 -0.0941232 0.759839
-55.5133 -35.0223 28.3732 -0.647289 -0.108448 0.754271
-55.4623 -36.5761 28.1797 -0.63002 -0.111691 0.768498
-55.6307 -37.5431 27.8878 -0.628617 -0.125432 0.767532
-55.8893 -38.6761 27.5752 -0.597705 -0.0393945 0.800746
-56.1614 -39.9364 27.3149 -0.59917 -0.0373353 0.799742
-56.4246 -41.1903 27.0846 -0.616494 -0.0154644 0.787207
-56.5851 -42.5376 26.9177 -0.615348 -0.0301882 0.787677
-56.6738 -43.7169 26.805 -0.617723 -0.0202482 0.786091
-56.814 -44.82 26.6788 -0.620728 -0.0071115 0.783977
-56.9353 -45.956 26.5819 -0.598887 0.00147123 0.800832
-56.9155 -47.3538 26.598 -0.618409 0.00653792 0.7855
-56.5178 -49.0623 26.915 -0.632007 -0.0160268 0.77478
-56.1241 -50.1624 27.2323 -0.639397 0.00375745 0.768802
-55.5851 -51.0494 27.6982 -0.651388 0.00581823 0.758723
-54.6679 -51.2908 28.508 -0.685255 0.0112222 0.728194
-53.5769 -51.2643 29.5366 -0.697375 0.0142744 0.716398
-52.8085 -50.9543 30.3132 -0.716443 0.0178878 0.697395
-53.2256 -50.0837 29.8592 -0.693057 0.00588171 0.720855
-53.3335 -48.6853 29.7489 -0.693117 0.00332118 0.720817
-53.3358 -47.573 29.7361 -0.693219 0.00525224 0.720704
-53.3586 -46.0215 29.7194 -0.687479 -0.00548302 0.726147
-53.3694 -44.6402 29.737 -0.682938 -0.0211482 0.730168
-53.3859 -43.3166 29.756 -0.684241 -0.00494845 0.729202
-53.3504 -42.1547 29.7886 -0.687629 0.000434423 0.726063
-53.3498 -40.9223 29.7783 -0.686932 0.00651018 0.726691
-53.3692 -39.8819 29.7567 -0.676165 -0.00413476 0.736718
-53.2797 -38.1524 29.8697 -0.671091 -0.0563692 0.738132
-52.8662 -37.1964 30.3664 -0.66605 -0.0961936 0.739678
-52.1675 -36.7108 31.2269 -0.758694 -0.137479 0.635042
-51.3291 -36.6186 32.2512 -0.754707 -0.0893254 0.649953
-50.3083 -36.6109 33.49 -0.772196 -0.0413361 0.634038
-49.6615 -36.5693 34.28 -0.773997 -0.0388665 0.631984
-49.4082 -36.0495 34.5963 -0.751963 -0.0201274 0.658615
-49.6557 -35.1141 34.3671 -0.742168 -0.0318119 0.669458
-50.6763 -34.1881 33.2786 -0.745113 -0.0545898 0.664681
-51.7492 -33.7203 32.1384 -0.734149 -0.0749205 0.674842
-52.5539 -33.7327 31.2269 -0.749412 -0.0899647 0.655964
-53.3362 -33.8162 30.441 -0.664063 -0.102367 0.740634
-54.1241 -33.7441 29.747 -0.661537 -0.101555 0.743004
-55.2385 -33.1974 28.8297 -0.656306 -0.0956037 0.748359
-55.687 -32.3141 28.5287 -0.668015 -0.0851551 0.73926
-55.7848 -30.9447 28.5662 -0.664052 -0.0608891 0.745083
-55.5985 -29.7715 28.8154 -0.651027 -0.0618286 0.756496
-55.4437 -28.5313 29.0726 -0.655489 -0.0722936 0.751736
-55.4346 -27.3226 29.1856 -0.661812 -0.0630465 0.746979
-55.512 -26.209 29.2193 -0.664921 -0.0687502 0.743743
-55.6271 -25.1189 29.1952 -0.665599 -0.0324322 0.745358
-55.6987 -24.0558 29.1561 -0.657714 -0.0161766 0.753093
-55.7487 -23.0255 29.1378 -0.65904 -0.025037 0.751654
-55.8019 -21.9685 29.135 -0.661728 -0.0306417 0.749117
-55.8532 -20.7195 29.1325 -0.662137 -0.0240455 0.748991
-55.6816 -19.2698 29.3292 -0.660333 -0.0248102 0.750563
-55.5467 -18.2887 29.4759 -0.660928 -0.0184244 0.75022
-55.6353 -17.2364 29.4278 -0.652757 -0.0169896 0.757374
-55.6436 -16.0513 29.453 -0.651673 -0.0244107 0.758105
-55.6364 -14.8445 29.4996 -0.647734 -0.0136514 0.761649
-55.8125 -13.5496 29.356 -0.647504 -0.00442019 0.762046
-56.1863 -12.6439 29.0407 -0.650775 -0.00705949 0.759237
-56.6697 -11.7892 28.6367 -0.645348 -0.00883172 0.763828
-56.9949 -10.8534 28.3778 -0.643721 -0.0120634 0.765165
-57.4675 -9.2257 28.0047 -0.63874 -0.00413901 0.769366
-57.6449 -8.06329 27.8701 -0.643634 -0.0102545 0.765265
-57.6144 -6.43514 27.918 -0.643203 -0.0100746 0.76563
-57.3915 -5.37339 28.118 -0.6435 -0.00915284 0.765391
-56.9898 -3.70671 28.4718 -0.642328 -0.00552063 0.76641
-56.8889 -2.27704 28.5585 -0.640805 0.00405804 0.767693
-56.632 -0.494118 28.7838 -0.650169 -0.0059273 0.759767
-56.3552 1.11549 29.0317 -0.649598 -0.00410955 0.760267
-56.4614 2.19542 28.9469 -0.648033 -0.00169191 0.761599
-56.7616 3.81892 28.6981 -0.644782 -0.00620919 0.764334
-57.0703 4.93012 28.4503 -0.639245 -0.00228761 0.768999
-57.4538 6.05353 28.1347 -0.638074 0.0014981 0.769973
-57.7493 7.11999 27.8853 -0.658281 0.00403536 0.752757
-58.3201 8.42906 27.3763 -0.659246 0.00409787 0.751916
-58.5705 9.45434 27.1586 -0.655872 -0.00173226 0.75487
-58.4398 10.5322 27.2663 -0.648198 -0.000323681 0.761412
-58.122 11.6751 27.5482 -0.64419 -0.00803342 0.764821
-57.4796 13.0307 28.0973 -0.644872 -0.00382256 0.764276
-57.0231 14.112 28.4806 -0.638459 0.0018338 0.769641
-56.8109 15.4854 28.6629 -0.652908 -0.00193869 0.757434
-56.6784 16.5793 28.7728 -0.652591 0.00459552 0.757697
-56.6752 18.2366 28.7242 -0.653536 0.0418584 0.755723
-56.8375 19.3758 28.5257 -0.658 0.0262363 0.752463
-57.1772 20.5327 28.2154 -0.647377 0.0145849 0.762029
-57.5065 21.8102 27.9102 -0.648405 0.0157623 0.761133
-57.6721 23.2068 27.7072 -0.64487 0.0558347 0.762249
-57.4497 24.2303 27.8227 -0.641558 0.0502965 0.765332
-56.9991 25.2524 28.1491 -0.65085 0.0437849 0.757942
-56.6664 26.2399 28.3842 -0.655998 0.0416758 0.753611
-56.506 27.2246 28.4722 -0.648789 0.0490559 0.75926
-56.5031 28.2423 28.3908 -0.643107 0.0679502 0.762744
-56.6369 29.2571 28.186 -0.641444 0.0657281 0.764342
-56.9097 30.3175 27.8663 -0.647739 0.0750786 0.758153
-57.2666 31.4938 27.445 -0.644817 0.0818475 0.759906
-57.7338 32.3875 26.9588 -0.617156 0.0903775 0.781632
-58.2627 33.0921 26.4626 -0.612563 0.0776833 0.786591
-58.8782 33.6977 25.9271 -0.605035 0.0738311 0.792764
-59.7981 34.3146 25.1707 -0.602979 0.0766817 0.79406
-60.5417 34.8817 24.5686 -0.599088 0.0593469 0.79848
-61.7358 35.2868 23.6737 -0.572111 0.0524232 0.818498
-62.6292 35.2154 23.0592 -0.561552 0.0406166 0.826439
-63.5323 34.984 22.4539 -0.562682 0.0389547 0.825755
-64.3789 34.5749 21.9149 -0.531137 0.034455 0.846583
-65.1173 33.9813 21.4781 -0.530027 0.0365032 0.847195
-65.9855 32.7217 20.9958 -0.520513 0.0413408 0.852465
-66.3833 31.3808 20.8209 -0.502935 0.0313049 0.863739
-66.4595 30.3325 20.835 -0.532548 0.0532917 0.84472
-66.2258 28.895 21.0584 -0.532849 0.0333094 0.845552
-65.8201 28.0049 21.35 -0.538746 0.0344601 0.841742
-65.3858 26.8976 21.6788 -0.542958 0.0347172 0.839042
-65.1949 25.888 21.8444 -0.544202 0.0339537 0.838265
-65.2495 24.8465 21.8507 -0.563384 0.0389166 0.825275
-65.551 23.6815 21.7018 -0.562777 0.0362577 0.825801
-66.1718 22.4947 21.3229 -0.565487 0.0168535 0.824424
-66.6019 21.6389 21.0374 -0.548721 0.0138376 0.835889
-67.0809 20.5213 20.7447 -0.552242 0.0228025 0.833367
-67.3647 19.5051 20.5835 -0.558132 0.0170046 0.829562
-67.4741 17.9615 20.5326 -0.55417 0.0209325 0.832037
-67.4831 16.7925 20.5465 -0.539794 0.0054749 0.841779
-67.2969 15.7077 20.6757 -0.549277 0.00556639 0.83562
-66.7852 14.3895 21.0218 -0.545862 0.00939581 0.837822
-66.2723 13.1451 21.36 -0.543101 0.000388949 0.839667
-65.8343 12.2445 21.6625 -0.575766 0.000681691 0.817611
-65.4556 11.3305 21.9196 -0.583093 -0.024273 0.812043
-65.117 10.3705 22.1397 -0.602455 0.0139118 0.798031
-65.1867 9.24064 22.1076 -0.59658 0.0250223 0.802056
-65.6455 8.34138 21.8188 -0.573906 0.0133757 0.818805
-66.1771 7.18986 21.4671 -0.571415 0.020284 0.820393
-66.5317 6.24278 21.2528 -0.534337 0.00880538 0.845216
-66.8793 5.11982 21.0302 -0.53532 -0.00248655 0.844643
-67.0683 3.69462 20.9157 -0.540347 0.00990345 0.841383
-67.0876 2.07554 20.9027 -0.544721 -0.0129659 0.838503
-66.9914 0.960384 20.9425 -0.556642 -0.0105087 0.830685
-66.9166 -0.329499 20.9772 -0.557513 -0.0100183 0.830108
-66.8676 -1.46251 20.9925 -0.558058 -0.0138783 0.829686
-66.754 -2.96782 21.0491 -0.573464 -0.0239208 0.818881
-66.6636 -4.0126 21.0907 -0.541939 -0.00858681 0.840361
-66.481 -5.79878 21.1932 -0.542708 -0.00716625 0.839873
-66.3074 -6.8142 21.314 -0.564616 0.0114744 0.825274
-66.1171 -8.24862 21.4651 -0.565957 0.0125025 0.824339
-66.0764 -9.4392 21.495 -0.573734 -8.22545e-05 0.819029
-66.2035 -10.666 21.4108 -0.572126 0.00175872 0.820132
-66.4866 -11.8246 21.2167 -0.528627 -0.000176309 0.848718
-66.9204 -13.2924 20.9237 -0.548165 -0.014853 0.836154
-67.5018 -12.6882 20.5603 -0.533537 -0.0174693 0.845596
-67.6598 -13.7827 20.4433 -0.529252 -0.0132701 0.848344
-67.9415 -15.3954 20.2381 -0.52515 -0.0157971 0.850863
-68.2141 -16.4555 20.0618 -0.520388 -0.0197756 0.853594
-68.1823 -17.5467 20.0399 -0.532204 -0.0180992 0.846423
-67.9794 -18.5762 20.1455 -0.531178 -0.0189546 0.847047
-67.6665 -19.9076 20.3083 -0.530356 -0.0235502 0.847446
-67.1602 -21.017 20.5979 -0.526707 -0.0153042 0.849909
-66.6206 -21.8035 20.9271 -0.538409 -0.0186896 0.84245
-66.1747 -22.6626 21.1951 -0.560637 -0.0312056 0.827458
-65.9936 -24.0311 21.2784 -0.553362 -0.0181343 0.832737
-65.9284 -25.1003 21.3 -0.545863 -0.0243165 0.837463
-65.9841 -26.1731 21.2258 -0.536593 -0.0222971 0.843541
-66.1376 -27.1667 21.1056 -0.53666 -0.0178722 0.843609
-66.1169 -28.9224 21.053 -0.535902 -0.0450053 0.843034
-66.143 -29.9401 20.9716 -0.543491 -0.0542462 0.837661
-65.8257 -30.8836 21.1363 -0.534439 -0.0355283 0.844456
-65.3799 -32.2448 21.3562 -0.523759 -0.0461032 0.850598
-64.7501 -33.4699 21.6716 -0.535135 -0.0476879 0.843337
-64.0495 -34.3147 22.0877 -0.54627 -0.0326887 0.836971
-63.2329 -34.7749 22.6024 -0.543074 -0.0346812 0.838955
-62.5017 -35.3521 23.0462 -0.539871 -0.035662 0.840991
-61.2518 -35.746 23.8608 -0.576147 -0.0427331 0.816097
-60.417 -35.6099 24.4696 -0.58282 -0.0544537 0.810775
-59.6144 -35.4701 25.056 -0.582527 -0.0557223 0.810899
-58.6533 -35.1868 25.7948 -0.610191 -0.0638535 0.78967
-57.8794 -34.8344 26.4253 -0.623735 -0.0728294 0.777988
-57.0475 -34.7062 27.1272 -0.635708 -0.0860733 0.767114
-56.2194 -34.9737 27.7858 -0.636949 -0.0858573 0.76611
-55.9521 -35.8571 27.8837 -0.626225 -0.115685 0.771011
-56.2306 -36.7551 27.5278 -0.621507 -0.0978873 0.777127
-56.5964 -38.166 27.0762 -0.597474 -0.0724439 0.797961
-56.7351 -39.5439 26.9013 -0.600752 -0.0397128 0.798447
-57.1728 -40.7664 26.5256 -0.600014 -0.0257805 0.799574
-57.2526 -41.8428 26.4347 -0.592972 -0.0303211 0.804595
-57.2833 -42.8497 26.3625 -0.592354 -0.040134 0.804677
-57.3228 -43.8738 26.2918 -0.618159 -0.0115645 0.785763
-57.4852 -44.9114 26.1667 -0.602024 -0.0052105 0.798418
-57.6191 -46.121 26.0715 -0.598253 0.00295274 0.801302
-57.6366 -47.1723 26.0578 -0.597968 -0.00587604 0.801499
-57.5356 -48.4783 26.1178 -0.603979 -0.0157447 0.796845
-56.9594 -49.7137 26.5523 -0.631435 -0.00479841 0.775413
-56.6399 -50.7832 26.8094 -0.632587 0.000756043 0.774485
-56.3544 -51.7418 27.0484 -0.633398 -0.00446198 0.77376
-55.3623 -52.155 27.8969 -0.650059 0.00495657 0.759866
-54.6003 -52.1238 28.5806 -0.680879 0.0107647 0.732317
-53.6223 -52.1927 29.5184 -0.707366 0.0206787 0.706544
-52.623 -51.9418 30.5243 -0.718959 0.0130059 0.69493
-51.7639 -51.7734 31.472 -0.766015 0.0274156 0.642023
-51.0442 -51.9687 32.3523 -0.771207 0.0220801 0.636169
-50.2613 -52.4805 33.2874 -0.760661 0.00655625 0.649115
-49.3368 -52.0667 34.3619 -0.756734 -0.00669976 0.653685
-48.7341 -51.7481 35.0581 -0.751612 -0.00599543 0.659578
-48.4129 -51.1166 35.4297 -0.751432 -0.00568154 0.659785
-48.919 -50.4705 34.8569 -0.752164 -0.0041174 0.658963
-49.8599 -50.5641 33.7681 -0.766552 -0.00632382 0.642088
-50.8232 -50.4044 32.602 -0.772534 0.000514503 0.634971
-51.4739 -50.4346 31.7928 -0.779335 0.00999524 0.626502
-52.1803 -50.4102 30.9119 -0.752126 0.0442202 0.655491
-52.793 -49.3314 30.2709 -0.690385 0.00073891 0.723442
-52.729 -47.8441 30.3227 -0.695484 0.0046869 0.718512
-52.7054 -46.2644 30.3426 -0.695106 -0.00394651 0.718868
-52.7486 -44.8785 30.3164 -0.691946 -0.00695995 0.721916
-52.7663 -43.6335 30.3273 -0.680573 -0.011014 0.732597
-52.741 -42.6089 30.3662 -0.684339 -0.00545481 0.729105
-52.8036 -41.3273 30.2982 -0.686381 0.00801218 0.727198
-52.6899 -39.689 30.4005 -0.695841 0.000390065 0.718195
-52.6386 -38.0468 30.4607 -0.671388 -0.0548979 0.737894
-52.073 -37.5697 31.1829 -0.789849 -0.118698 0.601697
-51.2454 -37.4598 32.2327 -0.772145 -0.0722673 0.630546
-50.4277 -37.4564 33.2896 -0.780937 -0.0479471 0.622559
-49.4373 -37.4081 34.5075 -0.776113 -0.0366573 0.629527
-48.7179 -37.3838 35.376 -0.764116 -0.0167867 0.644702
-48.2474 -36.5079 35.9312 -0.745118 -0.00308542 0.666926
-48.894 -35.1132 35.2098 -0.749703 -0.0204539 0.661238
-49.3962 -34.3027 34.6917 -0.740658 -0.0285907 0.671274
-50.377 -33.515 33.6697 -0.738201 -0.0473837 0.672738
-51.0918 -33.1604 32.9152 -0.736954 -0.0725773 0.672019
-52.1045 -32.8332 31.8478 -0.730858 -0.0643522 0.679465
-52.8688 -33.034 31.0367 -0.702701 -0.131164 0.699265
-53.5883 -32.9804 30.3276 -0.682548 -0.11237 0.721489
-54.4939 -32.6617 29.5603 -0.664343 -0.0884395 0.742177
-55.1886 -31.6072 29.0607 -0.668739 -0.0799744 0.739158
-55.0433 -30.3765 29.2872 -0.678376 -0.0460139 0.733273
-54.9003 -29.3558 29.4876 -0.6742 -0.0638713 0.735782
-54.7335 -28.1135 29.7482 -0.67314 -0.062211 0.73689
-54.7831 -26.9146 29.8087 -0.669599 -0.0673824 0.73966
-54.961 -25.7035 29.7595 -0.661522 -0.0551291 0.747709
-55.0424 -24.6125 29.7202 -0.670131 -0.0170603 0.742046
-55.1348 -23.5834 29.6603 -0.669474 -0.0154462 0.742673
-55.179 -22.544 29.6608 -0.656875 -0.0302569 0.753391
-55.2266 -21.4346 29.6625 -0.657755 -0.0240238 0.75284
-55.2013 -20.3566 29.7165 -0.660195 -0.0226028 0.750754
-55.0638 -19.3055 29.8712 -0.660084 -0.0239435 0.750809
-54.8104 -18.3566 30.1179 -0.653159 -0.0136724 0.757097
-55.106 -16.7862 29.8941 -0.65127 -0.0153065 0.758692
-54.9732 -15.7841 30.0388 -0.652466 -0.0227022 0.757478
-55.0051 -14.2873 30.0412 -0.663585 -0.0108737 0.748019
-55.1519 -13.1733 29.929 -0.664313 -0.0119657 0.747359
-55.6908 -12.2961 29.4686 -0.650775 -0.00705949 0.759237
-56.1199 -11.3821 29.1085 -0.652147 -0.00808003 0.75805
-56.5092 -10.5093 28.7919 -0.643721 -0.0120634 0.765165
-56.9517 -9.07352 28.4401 -0.644608 -0.00983695 0.764448
-57.0216 -7.95302 28.3958 -0.643654 -0.0101614 0.765249
-57.0004 -6.34052 28.4351 -0.643214 -0.0100491 0.765621
-56.7288 -5.23044 28.6773 -0.64379 -0.00920417 0.765147
-56.2815 -3.90365 29.0783 -0.653803 0.00335835 0.756657
-56.3068 -2.70185 29.0511 -0.648733 -0.0020426 0.761013
-56.1294 -1.51772 29.2059 -0.649837 -0.00413678 0.76006
-55.9667 -0.345855 29.3545 -0.652847 -0.00665732 0.757453
-55.6799 1.13379 29.6151 -0.654404 -0.00590954 0.756122
-55.892 2.27037 29.4358 -0.651224 -0.00185534 0.758883
-56.0303 3.7069 29.319 -0.651182 -0.0080567 0.758855
-56.4451 4.86497 28.9698 -0.648245 -0.00300578 0.761334
-56.6914 5.86907 28.7725 -0.652987 0.00423077 0.757099
-57.0438 6.84455 28.4719 -0.6378 0.00221231 0.770199
-57.3183 7.77892 28.2398 -0.637827 0.0037586 0.77017
-57.9063 9.14893 27.7364 -0.658687 0.00108125 0.75241
-57.786 10.3474 27.8322 -0.653878 0.00777488 0.75656
-57.6279 11.3315 27.9608 -0.64419 -0.00803342 0.764821
-56.865 12.8819 28.6182 -0.646668 -0.00411373 0.76276
-56.3946 13.9999 29.0131 -0.648117 -0.000947953 0.761527
-56.2071 15.0062 29.1818 -0.652519 -0.00577605 0.757745
-56.0927 16.1342 29.2797 -0.651842 0.00427539 0.758343
-56.0446 17.3397 29.3123 -0.649661 0.019166 0.759861
-56.1599 19.0713 29.1295 -0.660313 0.0264771 0.750395
-56.4308 20.0899 28.8702 -0.661114 0.0148476 0.75013
-56.6872 21.2067 28.6243 -0.658254 0.0163054 0.752617
-57.0526 22.4916 28.2698 -0.64581 0.0275102 0.763001
-56.8491 23.7331 28.3703 -0.652159 0.0476486 0.756583
-56.5488 24.8292 28.5601 -0.651468 0.0457285 0.757293
-56.1252 25.7751 28.883 -0.672255 0.0428264 0.739079
-55.8218 26.7283 29.1046 -0.671618 0.0443557 0.739565
-55.7918 27.7819 29.0532 -0.676368 0.0614862 0.733993
-55.8462 28.8219 28.9103 -0.679375 0.0676956 0.730662
-56.1563 29.7832 28.5471 -0.658311 0.059482 0.750095
-56.4316 31.0073 28.2065 -0.64558 0.0820079 0.759241
-56.825 32.1168 27.7454 -0.642911 0.0890002 0.760752
-57.6266 33.3436 26.938 -0.628637 0.0823124 0.77322
-58.1963 34.2419 26.4052 -0.628623 0.078437 0.773553
-59.1445 34.8794 25.611 -0.59838 0.0801455 0.797177
-59.9265 35.3394 24.9783 -0.5881 0.0718564 0.80559
-60.8069 36.2274 24.2686 -0.579591 0.0494233 0.813337
-61.6342 36.0516 23.7012 -0.570495 0.0453085 0.820049
-63.0279 36.0695 22.7458 -0.559644 0.0414087 0.827698
-64.1609 35.6985 22.0084 -0.533029 0.0319801 0.845492
-65.01 35.2174 21.493 -0.530953 0.0340815 0.846714
-65.6785 34.5046 21.1058 -0.522022 0.0342438 0.852244
-66.5995 33.1092 20.6217 -0.502651 0.0537136 0.862794
-67.0675 32.0791 20.3989 -0.498703 0.0274578 0.866306
-67.1309 30.9835 20.3943 -0.505082 0.0268036 0.862654
-67.1111 29.8752 20.4674 -0.515941 0.0412929 0.855612
-66.9612 28.8263 20.5931 -0.53033 0.0220584 0.847372
-66.2475 27.3261 21.1038 -0.542966 0.0304416 0.839198
-65.9873 26.247 21.3154 -0.544354 0.033788 0.838175
-66.0217 24.9375 21.3422 -0.541941 0.028234 0.839942
-66.3886 23.5812 21.1478 -0.533692 0.00883711 0.845631
-67.0508 22.6151 20.7377 -0.534757 0.00449167 0.844987
-67.4038 21.6274 20.5156 -0.534369 0.000203537 0.845251
-67.7688 20.659 20.2873 -0.545807 0.022799 0.837578
-68.1302 19.6192 20.0736 -0.541411 0.00428743 0.840737
-68.177 18.2655 20.0623 -0.542834 0.0227612 0.839484
-68.2994 17.2698 20.0201 -0.541805 0.0191625 0.840163
-68.1405 16.2632 20.1283 -0.537616 0.00776395 0.843154
-67.6531 14.6933 20.4559 -0.538748 0.00952517 0.842413
-67.2094 13.6388 20.7538 -0.543569 0.00463449 0.839342
-66.602 11.9199 21.1424 -0.548649 0.00217995 0.836008
-66.0686 10.9186 21.4879 -0.530324 -0.00133272 0.847794
-65.7131 9.69359 21.7262 -0.567105 0.0167593 0.823408
-66.1602 8.73157 21.4494 -0.553309 0.0157986 0.832432
-66.7272 7.75839 21.1089 -0.532169 0.0124509 0.846546
-67.0522 6.79929 20.9179 -0.534337 0.00880538 0.845216
-67.4632 5.91569 20.6628 -0.536344 0.00536951 0.843982
-67.6928 4.94229 20.5157 -0.531236 -0.00310289 0.847215
-67.9434 3.57524 20.3601 -0.532009 -0.00212533 0.846731
-67.8128 2.47783 20.4301 -0.554627 -0.0270164 0.831655
-67.654 1.47844 20.5072 -0.558043 -0.0234935 0.829479
-67.7018 0.436949 20.4598 -0.55693 -0.0113456 0.830482
-67.639 -0.610926 20.4884 -0.557708 -0.0123367 0.829943
-67.7813 -2.25965 20.4028 -0.514339 -0.00113226 0.857516
-67.3669 -3.1901 20.6452 -0.536511 -0.00445445 0.843877
-67.3431 -4.26594 20.6527 -0.531112 -0.00604561 0.847279
-67.248 -5.50763 20.7032 -0.533871 -0.00838247 0.845521
-67.0339 -6.64471 20.825 -0.535183 -0.00944216 0.844683
-66.8892 -7.89756 20.9267 -0.56664 0.00491763 0.823917
-66.718 -9.0401 21.0493 -0.572227 -0.00405237 0.820085
-66.792 -10.1486 21 -0.540267 0.0165458 0.841273
-67.048 -11.4864 20.8631 -0.5284 0.0122341 0.848897
-67.4641 -12.5141 20.5878 -0.534355 -0.0176293 0.845076
-61.9702 -5.15443 24.4769 -0.587641 0.0161461 0.808958
-61.5146 -3.86547 24.8051 -0.624064 -0.00309368 0.781219
-61.2586 -2.21029 25.051 -0.615176 -0.00856119 0.788117
-61.0912 -1.22617 25.1616 -0.604768 0.0150028 0.79626
-60.896 -0.235135 25.291 -0.6039 0.0022424 0.79695
-60.7517 0.890707 25.3965 -0.592363 0.00496793 0.805655
-60.7824 1.97826 25.3738 -0.62306 -0.00317659 0.782159
-60.934 2.99874 25.2821 -0.613867 -0.00700118 0.789233
-61.3476 4.19794 24.9644 -0.592966 -0.00733642 0.805194
-61.9065 4.89882 24.5506 -0.596349 0.0114679 0.802643
-62.5521 3.51438 24.0806 -0.585184 0.000296042 0.8109
-62.7131 2.26523 23.9647 -0.588177 -0.00426839 0.808695
-62.6928 1.16459 23.9676 -0.591768 -0.0120238 0.806013
-62.455 -0.46471 24.1114 -0.588754 -0.0112296 0.808215
-62.481 -1.6597 24.0981 -0.613339 0.00480046 0.789805
-62.2817 -2.98555 24.2301 -0.611262 -0.0267932 0.790973
-61.9669 -4.56278 24.468 -0.586701 0.0156445 0.809652
-61.9204 -4.77597 24.5059 -0.586146 0.0157117 0.810052
-61.8914 -1.45749 24.555 -0.613785 0.00469908 0.789459
-61.6756 -0.370266 24.7007 -0.60372 0.00258873 0.797081
-62.086 0.907292 24.4079 -0.596998 -0.012861 0.802108
-62.1003 2.03701 24.4058 -0.584424 -0.00028532 0.811448
-61.4714 2.91258 24.8636 -0.589694 -0.00189543 0.807618
-61.4279 1.56947 24.8964 -0.591827 0.0026631 0.80606
-61.3414 0.586872 24.9648 -0.592363 0.00496793 0.805655
-61.4929 -0.45012 24.8411 -0.60507 0.0154288 0.796023
-61.8074 -1.33915 24.6197 -0.609393 0.00954452 0.792775
-61.6691 12.695 24.7149 -0.621577 0.00687642 0.78331
-62.304 13.8282 24.2078 -0.616375 0.00512501 0.787436
-62.8423 15.1631 23.7785 -0.596051 0.00261227 0.802755
-63.1377 16.131 23.5673 -0.583676 0.00172591 0.811981
-63.5816 17.7889 23.2294 -0.58228 0.0181268 0.812779
-63.467 18.8238 23.2844 -0.584077 0.0227828 0.811377
-63.0134 20.1891 23.5673 -0.584181 0.0268707 0.811178
-62.5047 21.2512 23.9238 -0.609341 0.0176636 0.792711
-61.9759 22.4865 24.2947 -0.613791 0.0320012 0.788794
-61.6438 23.4643 24.5209 -0.618251 0.0277758 0.785489
-61.2253 22.6534 24.8734 -0.608793 0.0217722 0.79303
-61.1808 21.7265 24.934 -0.608731 0.0237941 0.79302
-61.0049 20.7206 25.0989 -0.611362 0.0266837 0.790887
-60.5897 19.2801 25.4503 -0.61629 0.00678239 0.78749
-60.3376 18.26 25.6662 -0.622289 0.011654 0.782701
-60.2817 17.0795 25.7278 -0.627603 0.0163161 0.778312
-60.4206 16.0457 25.6464 -0.628701 0.0292489 0.777077
-60.9761 14.5018 25.2469 -0.625161 0.0182609 0.78027
-61.3757 13.5225 24.9424 -0.624635 0.00881111 0.780865
-61.6545 14.5228 24.7058 -0.619724 0.0111341 0.784719
-62.3319 15.5474 24.1681 -0.61002 0.00930413 0.792324
-62.6196 16.6145 23.9382 -0.583911 0.00637735 0.811789
-62.9258 17.7074 23.7024 -0.584335 0.0169565 0.811332
-62.853 18.7151 23.7302 -0.584769 0.0233467 0.810862
-62.5485 19.7709 23.9272 -0.613653 0.020021 0.789322
-62.1761 20.6751 24.1932 -0.613506 0.021538 0.789396
-61.6829 20.3227 24.5866 -0.614096 0.0210156 0.788951
-61.2431 19.3594 24.9393 -0.60508 0.0094875 0.796108
-60.9515 18.3965 25.176 -0.622301 0.0126218 0.782676
-60.8438 17.3759 25.2768 -0.615773 0.0138349 0.787754
-61.1424 15.7823 25.0861 -0.611509 0.0202974 0.79097
-61.4997 14.9139 24.8212 -0.618279 0.0142572 0.785804
-61.5922 14.6745 24.7535 -0.623053 0.0147956 0.782028
-61.4638 16.5565 24.8177 -0.611291 0.0165289 0.791223
-61.4404 17.8792 24.8085 -0.606826 0.0140284 0.794704
-61.9706 19.446 24.3854 -0.60508 0.0094875 0.796108
-62.2272 17.706 24.2132 -0.605035 0.0117558 0.796112
-61.4635 16.5623 24.8178 -0.608746 0.0153013 0.793217
-61.7172 24.1333 24.4329 -0.618685 0.0444222 0.784383
-61.569 25.5192 24.4772 -0.626494 0.048857 0.777816
-61.7638 27.291 24.2159 -0.600472 0.0463304 0.798291
-62.0137 28.5229 23.9493 -0.598155 0.0545859 0.799509
-62.1819 29.4884 23.7494 -0.58251 0.0612825 0.810294
-61.4449 30.1088 24.249 -0.598893 0.065482 0.798145
-60.6254 29.2382 24.9418 -0.60469 0.0688395 0.793477
-60.2488 28.3158 25.3011 -0.615144 0.0631049 0.785828
-60.3356 27.1621 25.3345 -0.619773 0.0661224 0.781983
-60.6483 25.9092 25.1878 -0.623765 0.0628276 0.779077
-61.2248 24.715 24.7932 -0.626213 0.0372631 0.778761
-61.2962 24.311 24.7549 -0.622478 0.0406953 0.781556
-61.0143 27.1084 24.8 -0.622734 0.0614405 0.780011
-61.2362 28.3181 24.5428 -0.59638 0.0569907 0.800676
-60.9582 28.5125 24.7388 -0.608169 0.0537711 0.791972
-60.959 27.5288 24.8086 -0.614913 0.0629894 0.786028
-60.9864 27.3484 24.8029 -0.619773 0.0661224 0.781983
-60.5702 -24.1475 25.0689 -0.606116 -0.0228741 0.794654
-60.4714 -25.571 25.0929 -0.605366 -0.0307958 0.795351
-60.3703 -26.6183 25.1296 -0.608246 -0.0447723 0.792349
-60.0038 -27.5296 25.3447 -0.60957 -0.0588438 0.790544
-60.1086 -26.5165 25.3376 -0.61513 -0.0433567 0.787127
-60.307 -25.5166 25.2233 -0.622418 -0.0335828 0.781964
-60.4951 -24.535 25.1157 -0.62223 -0.0327112 0.78215
-60.4992 -24.5018 25.1138 -0.623887 -0.0292002 0.780961
-55.1773 -34.5748 28.7177 -0.651352 -0.0906755 0.753338
-54.4505 -34.3856 29.3683 -0.656141 -0.0964373 0.748392
-53.5865 -34.5204 30.1195 -0.662408 -0.102431 0.742107
-52.8337 -34.5581 30.7934 -0.743222 -0.0813071 0.663974
-52.0066 -34.5498 31.7401 -0.749464 -0.0882493 0.656136
-50.9657 -34.9174 32.8804 -0.747057 -0.0758548 0.660418
-50.1679 -35.4614 33.7477 -0.771578 -0.0507028 0.63411
-50.975 -35.8893 32.7582 -0.751112 -0.0789547 0.655398
-51.9955 -35.9812 31.5626 -0.752414 -0.0850473 0.653163
-52.6554 -36.1828 30.8044 -0.737162 -0.0769802 0.671316
-53.4401 -37.0458 29.8692 -0.665492 -0.0964659 0.740145
-53.8451 -38.0711 29.3713 -0.666477 -0.0979779 0.739056
-54.0152 -39.1001 29.1749 -0.675347 -0.0127519 0.737384
-53.95 -40.2461 29.2231 -0.676587 4.14059e-05 0.736361
-53.8895 -41.6841 29.2774 -0.68186 0.00310766 0.731435
-53.9025 -42.8605 29.2694 -0.681578 0.00203978 0.731743
-53.905 -43.8729 29.2614 -0.682744 -0.0175152 0.730424
-53.8618 -45.4123 29.2565 -0.679046 -0.0122568 0.733945
-53.8911 -46.5312 29.2203 -0.679396 -0.00400645 0.733738
-53.8858 -47.538 29.2204 -0.674948 -0.00549571 0.737841
-53.8788 -48.7524 29.2249 -0.6932 0.0032608 0.720738
-53.8365 -49.8416 29.2708 -0.693132 0.00360529 0.720801
-54.617 -50.5117 28.5383 -0.687321 0.0157201 0.726183
-55.3732 -50.1285 27.8726 -0.651789 0.00650128 0.75837
-55.8055 -49.2056 27.5172 -0.646751 -0.0197606 0.762442
-56.1911 -48.0614 27.2135 -0.652528 -0.00247683 0.757585
-56.3312 -47.0354 27.0737 -0.653711 0.0123708 0.756641
-56.2166 -45.1149 27.1542 -0.652537 0.0042169 0.75769
-56.0426 -43.6217 27.3039 -0.634717 -0.0014746 0.7724
-55.9052 -42.2497 27.4622 -0.618973 -0.0300268 0.784836
-55.7214 -40.929 27.6417 -0.632362 -0.022271 0.774142
-55.5298 -39.9703 27.8461 -0.644884 -0.0128108 0.763878
-55.1771 -38.4697 28.132 -0.657536 -0.0072614 0.753126
-54.9234 -37.493 28.4753 -0.628617 -0.125432 0.767532
-54.8734 -36.2421 28.7149 -0.637784 -0.119488 0.760827
-55.0021 -35.0153 28.8097 -0.643164 -0.126151 0.755265
-55.0167 -34.8815 28.8196 -0.647289 -0.108448 0.754271
-54.3705 -35.6425 29.2455 -0.660196 -0.118921 0.741619
-54.1105 -37.1149 29.258 -0.663707 -0.0977481 0.741575
-53.5353 -35.9131 29.9462 -0.660258 -0.117847 0.741734
-52.567 -35.4055 30.9909 -0.736479 -0.0763513 0.672137
-53.6821 -35.1731 29.9327 -0.659223 -0.117588 0.742696
-53.9877 -35.141 29.6665 -0.659742 -0.118095 0.742154
-54.7098 -39.6 28.5334 -0.65913 -0.00133377 0.751713
-54.6851 -40.825 28.5438 -0.679977 -0.00382883 0.733223
-54.4154 -42.1643 28.79 -0.680335 0.00120725 0.7329
-54.4285 -43.4208 28.777 -0.685149 -0.0110348 0.728317
-54.3761 -45.0546 28.7871 -0.678348 -0.0138215 0.734544
-54.4436 -46.2584 28.7168 -0.67556 -0.00623027 0.737279
-54.4679 -47.4914 28.6924 -0.654205 0.0042548 0.756286
-54.3708 -49.283 28.7539 -0.6759 -0.010391 0.736422
-55.0998 -49.1862 28.1193 -0.654473 -0.025318 0.755644
-55.5894 -48.0937 27.7298 -0.652681 -0.0184757 0.757406
-55.7652 -46.9314 27.5615 -0.654496 0.0114287 0.755979
-55.6239 -45.4781 27.6748 -0.658178 0.000612725 0.752859
-55.4571 -44.3858 27.8167 -0.664799 -0.00605935 0.746923
-55.4223 -43.3483 27.8646 -0.673273 0.00198581 0.73939
-55.2417 -41.9748 28.023 -0.67713 0.00338755 0.73584
-55.1516 -40.822 28.1265 -0.644242 -0.0330675 0.764105
-54.6913 -39.9685 28.5534 -0.644502 -0.0128185 0.764181
-54.8635 -45.1055 28.3401 -0.666753 -0.00410778 0.745173
-54.8705 -45.6794 28.3313 -0.657487 -0.00214132 0.753461
-55.1889 -47.2072 28.0656 -0.655296 0.0119106 0.755278
-55.1135 -47.3535 28.1331 -0.654205 0.0042548 0.756286
-55.1129 -47.2863 28.1328 -0.654526 0.0107084 0.755962
