44.0288 18.0078 41.9701 0.705066 -0.00654329 0.709105
44.7265 18.1997 41.2808 0.703715 -0.00991576 0.710414
44.2517 17.4201 41.7451 0.705406 -0.0032348 0.708796
44.1474 16.5367 41.845 0.707863 -0.0018757 0.706335
43.5356 17.304 42.4636 0.710514 -0.00100106 0.703682
43.4018 18.2945 42.6154 0.720751 -0.0114877 0.693083
44.0673 19.5201 41.9589 0.707502 -0.0145123 0.706563
45.1191 18.9248 40.8974 0.709245 -0.00679876 0.704929
45.2654 17.735 40.7389 0.709624 -0.00720169 0.704544
44.897 16.8084 41.0999 0.707453 -0.00599127 0.706735
44.6549 16.6218 41.3408 0.706365 -0.00444922 0.707831
44.9175 15.9352 41.0722 0.707636 -0.00591888 0.706552
45.5032 16.5659 40.491 0.70913 -0.00515254 0.705056
45.8068 17.7423 40.193 0.71015 -0.00765807 0.704008
45.7667 18.8168 40.245 0.709652 -0.00715996 0.704516
45.1267 19.9844 40.9031 0.708904 -0.0102644 0.70523
44.4499 20.3937 41.5914 0.708803 -0.0118361 0.705306
43.4855 19.9898 42.5508 0.707575 -0.0131343 0.706515
42.9782 18.9443 43.064 0.721647 -0.00726774 0.692223
42.8574 17.6509 43.1648 0.71936 -0.0162688 0.694447
43.2249 16.4929 42.7767 0.709931 -0.00292513 0.704261
44.0396 15.7099 41.951 0.709781 -0.0060274 0.704396
44.4473 15.6739 41.5409 0.707475 -0.00628506 0.706711
44.2455 14.8132 41.7349 0.70732 -0.00654005 0.706864
45.0006 15.0741 40.9815 0.707582 -0.00615591 0.706604
45.6186 15.6247 40.3675 0.709981 -0.00689194 0.704178
46.0854 16.3949 39.9018 0.711574 -0.00593074 0.702583
46.3972 17.976 39.5999 0.709362 -0.00820324 0.704795
46.2619 19.2873 39.752 0.708424 -0.00488233 0.70576
45.6195 20.4623 40.4113 0.712545 -0.00519216 0.701596
44.9609 21.0591 41.0855 0.712937 -0.00631284 0.701193
44.1549 21.1781 41.9006 0.711221 -0.0171533 0.702724
43.4343 20.8744 42.6274 0.714428 -0.0222355 0.699355
42.8726 20.2811 43.1902 0.722099 -0.0141863 0.691622
42.3764 18.8405 43.69 0.71525 -0.0135229 0.698641
42.2999 17.5477 43.7296 0.707192 -0.0201842 0.706733
42.5022 16.567 43.5013 0.706367 -0.0108877 0.70774
43.0686 15.5723 42.9272 0.709196 -0.00542846 0.70499
44.1791 14.8066 41.8014 0.71016 -0.00693144 0.704006
44.1957 14.8005 41.7846 0.708734 -0.00672048 0.705441
44.1292 13.9788 41.8436 0.708773 -0.00672655 0.705402
43.0319 14.581 42.9557 0.709232 -0.00878444 0.704918
42.4385 15.3002 43.553 0.704159 -0.00645214 0.710013
42.0292 16.1259 43.9669 0.708593 -0.0150041 0.705458
41.752 17.3444 44.272 0.707865 -0.0179862 0.706114
41.7836 18.5665 44.2751 0.706851 -0.0198046 0.707085
42.0299 19.8064 44.0603 0.707743 -0.0167695 0.706271
42.5541 20.9495 43.5404 0.72092 -0.0195212 0.692744
43.4231 21.7458 42.6664 0.716412 -0.0143963 0.697481
44.1632 22.012 41.9049 0.717238 -0.00733301 0.696788
45 21.8791 41.0486 0.712429 -0.00185056 0.701741
45.7295 21.3676 40.3031 0.715304 -0.00174393 0.698811
46.2796 20.6496 39.7362 0.711804 -0.00249697 0.702348
46.7315 19.7026 39.2818 0.708023 -0.00152128 0.706187
46.9728 18.3656 39.0267 0.707656 -0.00842458 0.706506
46.9189 17.226 39.0676 0.706987 -0.00786844 0.707182
46.5738 15.9916 39.4015 0.712608 -0.00742568 0.701523
46.1258 15.1831 39.8479 0.712512 -0.00711464 0.701623
45.3864 14.439 40.5896 0.709611 -0.00707779 0.704551
44.7174 14.0418 41.2552 0.7077 -0.00965734 0.706447
44.3536 14.0004 41.6192 0.707594 -0.00810368 0.706571
44.384 13.1723 41.5774 0.707997 -0.00958777 0.70615
43.6499 13.2345 42.3143 0.708476 -0.0101283 0.705661
42.9812 13.6298 42.9917 0.704717 -0.0115897 0.709394
42.1945 14.5542 43.7862 0.703547 -0.00967657 0.710583
41.5896 15.5967 44.3976 0.706472 -0.0104854 0.707644
41.2999 16.5694 44.7097 0.714667 -0.0142022 0.69932
41.1688 17.5876 44.8656 0.714762 -0.0138869 0.699229
41.2181 18.6213 44.8423 0.709471 -0.0200975 0.704444
41.4834 20.0158 44.613 0.708104 -0.0170655 0.705902
41.9016 21.0578 44.217 0.713139 -0.0126889 0.700895
42.4082 21.8369 43.7101 0.715886 -0.011285 0.698126
43.427 22.6056 42.6706 0.718392 -0.00646152 0.695608
44.466 22.8303 41.6049 0.715941 -0.00968137 0.698094
45.2792 22.6277 40.7678 0.716273 -0.00923648 0.697758
45.9203 22.1623 40.1104 0.714273 -0.00353369 0.699859
46.59 21.3646 39.426 0.708092 -0.000827984 0.70612
47.0597 20.5033 38.9546 0.707541 -0.00101376 0.706671
47.3891 19.5537 38.622 0.708499 -0.00283241 0.705705
47.5158 18.4621 38.4851 0.706949 -0.00807951 0.707218
47.5348 17.4467 38.4544 0.70688 -0.00789503 0.707289
47.2868 16.2955 38.6898 0.70699 -0.0076035 0.707182
46.6833 14.8128 39.2775 0.709771 -0.00751313 0.704381
46.1173 14.1617 39.8471 0.709301 -0.00474483 0.704889
45.0977 13.36 40.8649 0.707616 -0.00964375 0.706532
44.4049 13.1743 41.5564 0.707834 -0.00960812 0.706313
44.6885 12.4468 41.2623 0.707834 -0.00960812 0.706313
43.922 12.3581 42.0294 0.707851 -0.0114052 0.70627
43.2092 12.503 42.7461 0.707481 -0.0113661 0.706641
42.5815 13.0332 43.3792 0.705093 -0.011158 0.709027
41.9126 13.5735 44.0524 0.704033 -0.00987064 0.710098
41.4658 14.3621 44.5067 0.710939 -0.0093626 0.703191
41.0885 15.2928 44.8988 0.711878 -0.0122001 0.702183
40.7517 16.5048 45.2691 0.715394 -0.0150461 0.698559
40.5803 18.1847 45.4776 0.714641 -0.0127449 0.699375
40.7269 19.435 45.3605 0.711179 -0.0179285 0.702782
41.1568 20.7767 44.9616 0.709751 -0.0185028 0.70421
41.4357 21.7047 44.6997 0.710122 -0.0129424 0.70396
42.2596 22.8211 43.8753 0.716466 -0.00692485 0.697587
43.2679 23.3368 42.8417 0.718418 -0.00640612 0.695582
44.1193 23.6476 41.9739 0.715487 -0.0129859 0.698505
44.8423 23.7823 41.2336 0.71699 -0.011847 0.696983
45.8597 23.0953 40.1793 0.715163 -0.00894268 0.698901
46.6936 22.5167 39.3231 0.711869 -0.0016708 0.7023
47.2321 21.511 38.7827 0.707635 0.000302923 0.706577
47.6725 20.5221 38.3406 0.708234 -0.00150076 0.705976
48.1058 19.469 37.9013 0.708723 -0.00503566 0.705467
48.0851 17.779 37.9076 0.707495 -0.00561238 0.706693
48.0125 16.5536 37.9678 0.705066 -0.00735175 0.709104
47.7354 15.6373 38.2344 0.706925 -0.0075409 0.707248
47.2065 14.4324 38.7563 0.70519 -0.00163104 0.709016
46.31 13.3893 39.648 0.709301 -0.00474483 0.704889
45.4535 12.6855 40.4994 0.708179 -0.0101462 0.70596
45.3956 12.6476 40.5569 0.707562 -0.00959505 0.706587
44.7898 12.4725 41.1612 0.707648 -0.00963993 0.706499
