-19.7363 10.6342 63.4976 -0.534251 -0.038173 0.844463
-18.9136 10.1323 63.9954 -0.537449 -0.0170614 0.842832
-19.533 9.98196 63.5971 -0.538035 -0.0169217 0.842485
-20.1397 9.42919 63.1866 -0.577233 -0.0311252 0.815919
-19.5329 8.22446 63.558 -0.569191 -0.032999 0.821543
-18.6851 9.28927 64.1467 -0.541796 0.00438766 0.840498
-18.3072 10.2556 64.3846 -0.537449 -0.0170614 0.842832
-18.4412 11.5125 64.3664 -0.539133 -0.0468046 0.840918
-19.2768 11.9477 63.8538 -0.544929 -0.0297808 0.837775
-20.3425 11.2946 63.1032 -0.579533 -0.0265455 0.814516
-20.3874 10.1845 63.0361 -0.582367 -0.0283628 0.812417
-20.2901 9.76654 63.0898 -0.585235 -0.0303334 0.810295
-20.9167 9.56382 62.6297 -0.585604 -0.0288762 0.810083
-20.3118 8.34029 63.0232 -0.577338 -0.031188 0.815845
-19.6768 7.3589 63.4431 -0.575519 -0.00992873 0.817728
-19.0492 6.2841 63.8714 -0.577763 -0.0131928 0.816088
-18.6944 7.21945 64.1203 -0.544454 -0.0166903 0.838625
-18.2761 8.4788 64.405 -0.526583 0.00108109 0.850122
-17.8247 9.76216 64.6844 -0.533876 -0.00946476 0.845408
-17.6387 10.8143 64.8418 -0.537575 -0.0431915 0.842106
-18.0514 12.2756 64.657 -0.537295 -0.0446097 0.842211
-18.9326 12.8431 64.0951 -0.550493 -0.0135569 0.834729
-19.8511 12.7468 63.483 -0.571603 -0.0137334 0.820414
-20.8003 11.9339 62.7972 -0.580318 -0.0250964 0.814003
-21.1368 10.4636 62.5062 -0.584981 -0.031643 0.810429
-20.9184 9.56762 62.6286 -0.585235 -0.0303334 0.810295
-21.5538 9.35784 62.1617 -0.585295 -0.030377 0.81025
-21.096 8.38738 62.4589 -0.582044 -0.0240086 0.812803
-20.4547 7.34306 62.8916 -0.582276 -0.0158157 0.812832
-19.8781 6.38921 63.2832 -0.57999 -0.0160945 0.814465
-19.4682 5.32561 63.5543 -0.56925 -0.0232541 0.8217
-19.3323 3.66175 63.5892 -0.558819 -0.0267448 0.828858
-19.5003 2.55873 63.4413 -0.557449 -0.0190011 0.829964
-20.0966 0.77791 63.0195 -0.56632 -0.0124797 0.823989
-20.3799 -0.348558 62.818 -0.572496 -0.00315769 0.8199
-20.4336 -1.34826 62.785 -0.575933 0.00699652 0.817467
-20.2032 -2.36484 62.9539 -0.565165 0.00731382 0.824945
-19.6948 -3.17787 63.3059 -0.577876 -0.0140247 0.816004
-18.5237 -3.96043 64.1059 -0.551831 0.00245633 0.833951
-17.6907 -4.09831 64.656 -0.531218 0.000799395 0.846926
-16.4221 -3.61588 65.4115 -0.509127 0.00163069 0.860684
-15.6634 -2.4725 65.8481 -0.501839 0.00389956 0.864952
-15.3663 -1.42862 66.0221 -0.504323 -0.000621335 0.863514
-15.5327 -0.314235 65.9343 -0.501772 -0.00637334 0.864976
-15.986 0.632682 65.683 -0.507969 -0.0126902 0.861184
-16.6253 1.59419 65.3058 -0.520275 -0.00981276 0.853942
-17.3493 2.62272 64.8739 -0.537602 -0.00865797 0.842917
-18.0477 3.80752 64.4461 -0.544964 -0.0303282 0.837911
-18.2792 5.01144 64.3328 -0.543383 -0.0280782 0.838999
-18.2128 6.31625 64.4116 -0.541025 -0.0224042 0.840708
-17.9194 7.52182 64.6294 -0.535461 -0.00713105 0.844419
-17.3644 9.16461 64.9686 -0.525419 0.00262211 0.850836
-17.0298 10.1128 65.2034 -0.538026 -0.0182255 0.842731
-16.9655 11.2698 65.2875 -0.517205 -0.028356 0.85537
-17.3719 12.6128 65.0849 -0.513671 -0.0375362 0.857016
-18.171 13.4276 64.6198 -0.549561 -0.0259068 0.835015
-19.0249 13.6804 64.0574 -0.556178 -0.0286053 0.83057
-20.4879 13.3018 63.0525 -0.566424 -0.0294752 0.823585
-21.2647 12.5475 62.4823 -0.590947 -0.0284718 0.806183
-21.7836 11.2457 62.0532 -0.605042 -0.0319105 0.795513
-21.6704 9.82744 62.096 -0.595811 -0.0283872 0.802503
-22.4145 10.0519 61.5362 -0.596724 -0.0146891 0.802311
-22.4627 11.0922 61.5297 -0.606438 -0.0317697 0.794458
-22.1401 12.4271 61.8411 -0.597319 -0.0308649 0.801306
-21.4108 13.4969 62.416 -0.589443 -0.0401915 0.806809
-20.7159 14.0631 62.9232 -0.566365 -0.0334754 0.823474
-19.9259 14.458 63.4836 -0.560913 -0.0332214 0.827176
-18.7554 14.4881 64.2698 -0.55734 -0.0368531 0.829465
-17.8172 14.1727 64.87 -0.540115 -0.0279251 0.84111
-17.1061 13.5131 65.2998 -0.511679 -0.0498227 0.857727
-16.5476 12.6413 65.5789 -0.511257 -0.0366828 0.858477
-16.3045 11.5201 65.6968 -0.496519 -0.0282058 0.867134
-16.3174 10.3974 65.6518 -0.493517 -0.03003 0.869155
-16.6409 9.18933 65.4245 -0.516536 -0.0243365 0.855701
-17.0122 8.18959 65.1883 -0.516397 -0.00329973 0.856282
-17.3671 7.1083 64.9653 -0.511232 -0.0146643 0.859305
-17.6195 5.51295 64.7717 -0.540953 -0.0230476 0.840737
-17.4884 4.44426 64.8248 -0.540574 -0.0248095 0.84093
-17.091 3.46402 65.044 -0.523109 -0.0205377 0.852009
-16.0981 2.01724 65.6315 -0.520252 -0.00894999 0.853965
-15.2649 0.803902 66.099 -0.496006 -0.0150699 0.868187
-14.8393 -0.119356 66.3346 -0.498267 -0.00490028 0.86701
-14.6921 -1.90154 66.4139 -0.450172 -0.00360627 0.892935
-15.164 -3.12174 66.1408 -0.502811 0.00614476 0.864371
-15.7949 -4.10925 65.7826 -0.504109 0.00815302 0.863602
-17.0278 -4.81256 65.0557 -0.515565 0.00683404 0.856823
-18.1908 -4.86775 64.3266 -0.5507 -0.00374058 0.834684
-19.1224 -4.5699 63.7098 -0.566654 -0.000293226 0.823771
-19.9075 -4.01733 63.1408 -0.581327 -0.0031151 0.813587
-20.4815 -3.29728 62.7457 -0.583194 -0.0131496 0.812226
-21.0391 -1.95048 62.3613 -0.584899 -0.00704359 0.811075
-21.0963 -0.904312 62.3144 -0.574427 0.00195856 0.818534
-20.9361 0.144665 62.4314 -0.573242 -0.00404385 0.819376
-20.4938 1.56346 62.7542 -0.573819 -0.0178795 0.818777
-20.1284 2.68646 63.0224 -0.557294 -0.0187418 0.830076
-19.9908 4.19454 63.162 -0.566706 -0.0198922 0.8236
-20.1554 5.27016 63.0645 -0.579452 -0.0158084 0.814853
-20.598 6.3009 62.7687 -0.58238 -0.015716 0.81276
-21.2122 7.29202 62.3447 -0.584708 -0.0153056 0.811099
-21.7939 8.22826 61.9544 -0.582081 -0.0240368 0.812776
-22.1993 9.13324 61.6801 -0.596799 -0.0177713 0.802186
-22.7976 8.78788 61.2238 -0.596003 -0.0350267 0.802216
-23.0915 9.996 61.0328 -0.595983 -0.0137453 0.802878
-23.1051 11.1617 61.0446 -0.601883 -0.0383818 0.797657
-22.9308 12.222 61.2299 -0.603685 -0.0394932 0.796244
-22.5532 13.1054 61.5576 -0.602805 -0.0295168 0.797339
-21.5693 14.3543 62.3407 -0.601168 -0.0350009 0.798316
-20.8022 14.9156 62.8995 -0.566677 -0.0345164 0.823216
-19.2641 15.3515 63.968 -0.559161 -0.0351692 0.828305
-18.3328 15.3127 64.5983 -0.55308 -0.0514741 0.83146
-16.9731 14.4571 65.4277 -0.528382 -0.0343133 0.848007
-16.3042 13.7026 65.7835 -0.491574 -0.0369045 0.870039
-15.8525 12.776 65.9968 -0.479666 -0.0423827 0.87636
-15.5228 11.0732 66.1003 -0.474064 -0.0370157 0.87971
-15.6413 9.99505 66.0152 -0.487317 -0.0232663 0.872908
-16.1228 8.63096 65.7036 -0.488431 -0.0165903 0.872356
-16.4802 7.67645 65.4977 -0.509573 -0.00990726 0.86037
-16.8513 6.29661 65.2559 -0.512707 -0.0182011 0.858371
-16.8923 5.02886 65.2087 -0.51894 -0.0184376 0.854595
-16.5523 3.89845 65.3853 -0.523098 -0.0204154 0.852019
-15.8908 2.90662 65.7737 -0.499733 -0.0165056 0.865515
-15.195 1.93962 66.1504 -0.483653 0.00599217 0.875227
-14.5585 1.05912 66.5056 -0.487477 -0.00404426 0.873016
-14.0319 -0.3116 66.7361 -0.423002 -0.0119106 0.90605
-13.8801 -1.42869 66.8233 -0.437351 0.0170023 0.89913
-14.0464 -2.41599 66.7375 -0.450627 -0.00409354 0.892703
-14.6581 -3.77492 66.4291 -0.439264 0.00441513 0.898347
-15.1666 -4.58954 66.1534 -0.503553 0.00786828 0.863929
-16.3623 -5.44678 65.4617 -0.51066 0.00657771 0.859736
-17.6482 -5.73458 64.6702 -0.527167 -0.00688761 0.849734
-19.0642 -5.44783 63.7477 -0.551098 -0.00310426 0.83443
-19.8142 -5.04813 63.2178 -0.578409 0.0104913 0.815667
-20.4981 -4.45285 62.7195 -0.578827 0.0107184 0.815367
-21.0891 -3.65258 62.3035 -0.58335 -0.0129948 0.812117
-21.692 -2.18307 61.8883 -0.584949 -0.00697043 0.81104
-21.7652 -1.13428 61.8423 -0.60357 0.000128039 0.79731
-21.4388 0.827339 62.0831 -0.572703 -0.00335248 0.819756
-21.06 1.83802 62.3669 -0.570752 -0.0198627 0.820882
-20.7486 2.90395 62.6078 -0.581282 -0.0159148 0.813514
-20.6393 4.36222 62.7092 -0.575436 -0.0142903 0.817721
-20.9543 5.56437 62.5047 -0.578354 -0.0089376 0.815727
-21.5976 6.63361 62.0544 -0.582727 -0.0113942 0.812575
-22.4037 7.97651 61.4854 -0.607048 -0.0268313 0.794165
-22.6165 8.42692 61.3435 -0.600972 -0.0344629 0.798513
-23.2361 8.10028 60.8681 -0.599973 -0.0300797 0.799437
-23.6738 9.00234 60.5813 -0.620573 -0.0176728 0.783943
-23.7955 10.8371 60.5127 -0.602471 -0.00916083 0.798088
-23.7034 11.8394 60.6257 -0.604072 -0.0331565 0.796234
-23.5046 12.8008 60.8218 -0.610721 -0.0347974 0.79108
-23.0584 13.7208 61.1977 -0.604827 -0.0302022 0.795784
-22.4936 14.546 61.6528 -0.601905 -0.0361499 0.797702
-21.7281 15.2085 62.2666 -0.601641 -0.043409 0.797586
-20.9977 15.6624 62.7922 -0.569221 -0.0307108 0.821611
-19.722 16.1727 63.7069 -0.568377 -0.0485059 0.821294
-18.6068 16.155 64.4645 -0.55522 -0.0442361 0.83044
-17.7911 15.9161 64.9649 -0.514499 -0.0305118 0.856817
-16.6347 15.1814 65.6466 -0.514742 -0.0172623 0.85717
-15.9243 14.4809 66.029 -0.487688 -0.0224499 0.872725
-15.3759 13.6405 66.2994 -0.477869 -0.0432451 0.877307
-14.9887 12.7204 66.4562 -0.471757 -0.0451187 0.880569
-14.8538 11.5947 66.4814 -0.472056 -0.0368406 0.880798
-14.845 10.3968 66.4597 -0.480326 -0.0126895 0.87699
-15.0817 9.22648 66.3102 -0.478246 -0.0192758 0.878007
-15.3428 8.27026 66.1336 -0.488694 -0.0167033 0.87222
-15.8811 7.38242 65.8313 -0.485462 -0.00416402 0.874248
-16.2459 5.47766 65.6056 -0.515947 -0.013394 0.856516
-16.0485 4.40387 65.7069 -0.5185 -0.018813 0.854852
-15.153 3.14241 66.1727 -0.470863 -0.0108147 0.88214
-14.47 2.2175 66.5445 -0.454064 0.00410284 0.890537
-13.936 1.40843 66.798 -0.422095 -7.40751e-05 0.906537
-13.4666 0.495467 67.0105 -0.421597 -0.00809036 0.906739
-13.1925 -0.947342 67.1487 -0.4396 0.0137568 0.898078
-13.125 -2.09057 67.1961 -0.411808 -0.0150495 0.911145
-13.5208 -3.12147 66.993 -0.447668 -0.0104603 0.894138
-14.0584 -4.26234 66.7243 -0.439096 0.00404514 0.898431
-14.9846 -5.385 66.2645 -0.475384 -0.0044346 0.879204
-15.7996 -6.06101 65.7937 -0.503292 0.00351141 0.864108
-16.904 -6.54812 65.1306 -0.530682 0.00507622 0.847556
-17.787 -6.58513 64.577 -0.539107 -0.000173554 0.842226
-18.6554 -6.4686 64.0113 -0.549555 -0.00276829 0.835452
-19.701 -6.02222 63.3094 -0.567816 0.00684684 0.823111
-20.5171 -5.39317 62.7189 -0.582318 0.0106261 0.812891
-21.3166 -4.76062 62.1479 -0.57512 0.00942426 0.818015
-21.7318 -3.90928 61.8535 -0.573006 0.0033117 0.819545
-22.3044 -2.53468 61.4277 -0.599279 -0.00211308 0.800531
-22.3599 -0.667473 61.392 -0.603036 0.00222022 0.797709
-22.1548 0.472023 61.5478 -0.603405 -0.00303899 0.797425
-21.7347 1.9054 61.8804 -0.595692 -0.00898219 0.803087
-21.3388 3.41564 62.1889 -0.593628 -0.018401 0.804515
-21.3248 4.67446 62.2286 -0.585722 -0.0102989 0.81039
-21.8221 5.72974 61.8829 -0.598224 -0.0178538 0.801049
-22.6792 7.11891 61.2532 -0.609392 -0.0166634 0.792691
-22.7966 7.32537 61.1677 -0.602941 -0.023342 0.797388
-18.8456 2.33521 63.8764 -0.554012 -0.00822512 0.832466
-19.1751 1.42525 63.6444 -0.557968 -0.00972173 0.829806
-19.6429 0.0469375 63.3184 -0.555984 -0.00476051 0.831179
-19.7843 -1.26892 63.2321 -0.564721 0.00599247 0.82526
-19.4796 -2.19113 63.4482 -0.565137 0.00815036 0.824957
-18.3703 -3.1858 64.2039 -0.551732 0.00508086 0.834005
-17.0919 -3.08785 65.0139 -0.510338 0.00181742 0.859967
-16.2 -1.8672 65.5336 -0.507855 0.00510567 0.861427
-16.3394 -0.137008 65.4614 -0.51519 -0.00565697 0.857057
-17.187 1.24702 64.9592 -0.521107 -0.00902468 0.853443
-18.0924 2.56817 64.3786 -0.553473 -0.0068719 0.832839
-18.1187 1.43111 64.3509 -0.555007 -0.00907752 0.831796
-18.8054 0.586199 63.8834 -0.556517 -0.00928191 0.830783
-19.1126 -0.518951 63.6794 -0.561296 0.0110954 0.827541
-18.9793 -1.61716 63.7855 -0.562914 0.00929739 0.826456
-18.3872 -2.31226 64.1858 -0.552325 0.00666023 0.833602
-17.5541 -2.36632 64.7364 -0.529922 0.00785314 0.84767
-16.8185 -1.3468 65.1649 -0.509761 0.00640835 0.860292
-17.101 -0.138037 65.0018 -0.517908 -0.00467866 0.855424
-17.7386 0.883326 64.5986 -0.556373 -0.00599266 0.830904
-18.1075 0.244534 64.3484 -0.557917 -0.00301972 0.829891
-17.5752 -0.755362 64.7032 -0.554565 0.00462641 0.832088
-18.1752 -1.55823 64.3176 -0.550467 0.00984172 0.834799
-18.4726 -0.560512 64.1079 -0.551038 0.0108917 0.834409
-18.3851 -0.131104 64.1603 -0.554398 0.00364621 0.832206
