-54.8979 44.5335 34.4684 -0.793222 -0.0145007 0.608759
-54.3705 44.4849 35.1529 -0.790053 -0.0135032 0.612883
-54.4222 43.1798 35.0634 -0.792167 -0.00617524 0.610271
-54.8944 43.8261 34.4557 -0.793586 -0.0106403 0.608351
-55.3512 43.8207 33.8599 -0.796918 -0.0105699 0.603953
-55.348 44.953 33.875 -0.801313 -0.00485321 0.598226
-54.7224 45.98 34.7292 -0.797458 -0.0150234 0.603098
-54.0463 45.2679 35.5854 -0.789308 -0.015249 0.613807
-53.9133 43.8827 35.7285 -0.789512 -0.00757869 0.613672
-53.9324 42.8743 35.6965 -0.79239 -0.00472708 0.609996
-54.5578 41.9377 34.8732 -0.793268 -0.00645503 0.608838
-55.2726 42.7144 33.9377 -0.800345 -0.0145869 0.599363
-55.7162 42.4534 33.3141 -0.823205 -0.00784007 0.56769
-55.7722 43.5004 33.2474 -0.822792 -0.00926354 0.568265
-55.7869 44.738 33.254 -0.823791 -0.0161538 0.566664
-55.7484 46.0039 33.3465 -0.812471 -0.0103004 0.582558
-55.217 46.7372 34.0857 -0.803246 -0.0187699 0.595351
-54.3838 46.7951 35.1833 -0.791623 -0.0114261 0.610903
-53.6945 46.2148 36.0611 -0.785524 -0.0127992 0.618665
-53.4679 44.5496 36.3114 -0.788761 -0.0133507 0.614551
-53.4427 43.2586 36.3328 -0.790896 -0.00377746 0.611939
-53.4925 42.1844 36.2623 -0.791689 -0.00422785 0.610909
-54.1689 41.1933 35.3756 -0.793482 -0.0044665 0.608577
-54.8973 41.1609 34.4081 -0.801066 -0.00863523 0.598514
-55.5544 41.5733 33.5322 -0.80166 -0.011588 0.597655
-55.5846 41.6616 33.4941 -0.812113 -0.0115535 0.583065
-56.0802 41.2656 32.7807 -0.820199 -0.00167673 0.572076
-56.1583 42.4701 32.6732 -0.821855 -0.00496704 0.569663
-56.2058 43.625 32.6228 -0.822382 -0.0106482 0.568836
-56.2183 44.6355 32.624 -0.823055 -0.0137258 0.567788
-56.21 45.865 32.67 -0.824736 -0.0145021 0.565332
-56.0646 47.0464 32.9036 -0.823354 -0.00747683 0.567479
-55.5788 47.5236 33.5968 -0.815559 -0.00305843 0.578665
-54.5879 47.6334 34.9365 -0.792166 -0.014408 0.610135
-53.4842 47.5147 36.3546 -0.787073 -0.010612 0.616768
-53.095 46.6619 36.8222 -0.782105 -0.0164602 0.622929
-53.0177 45.469 36.8966 -0.781616 -0.0110868 0.623662
-52.9748 44.4211 36.9291 -0.780079 -0.0105191 0.625588
-52.951 43.3488 36.9464 -0.777997 -0.00541358 0.628244
-52.9654 42.3345 36.9198 -0.778375 -0.00585329 0.627772
-53.0743 41.1465 36.786 -0.778075 0.00079548 0.628171
-53.8207 40.4281 35.8246 -0.790697 -0.00506009 0.612171
-54.558 40.3266 34.8472 -0.799026 -0.00962557 0.601219
-55.2062 40.3711 33.9831 -0.802 -0.00969877 0.597243
-56.026 41.0669 32.8571 -0.815394 -0.00277281 0.578861
-56.0768 41.1898 32.7854 -0.819532 -0.00260247 0.573025
-56.5606 40.942 32.0907 -0.824273 0.00391966 0.566153
-56.5964 42.008 32.0396 -0.825941 -0.00152208 0.563754
-56.6193 43.0701 32.0122 -0.824903 -0.00914609 0.565198
-56.6536 44.1501 31.9843 -0.824146 -0.0124221 0.566239
-56.66 45.8869 32.0141 -0.821574 -0.00888756 0.570015
-56.6426 47.4269 32.069 -0.824916 -0.00753637 0.565204
-56.2932 48.247 32.5875 -0.824185 -0.00678105 0.56628
-55.4364 48.4007 33.8104 -0.816831 -0.0115029 0.576762
-54.7578 48.4341 34.7289 -0.799529 -0.00088307 0.600626
-54.1378 48.4375 35.5385 -0.788801 -0.0130388 0.61449
-53.4286 48.3894 36.4408 -0.787474 -0.013581 0.616191
-52.6315 47.62 37.4248 -0.777271 -0.0136 0.629019
-52.5411 46.3309 37.5084 -0.776926 -0.0139829 0.629437
-52.5002 44.7031 37.5256 -0.779056 -0.0115796 0.626847
-52.4672 43.476 37.5491 -0.779506 -0.00810675 0.626342
-52.4591 42.4395 37.5465 -0.777808 -0.00243457 0.628489
-52.4996 41.3214 37.4965 -0.770461 -0.001464 0.637485
-52.6578 40.0616 37.3023 -0.770815 -0.000283239 0.637058
-53.2763 39.6397 36.5134 -0.785872 -0.00523097 0.618367
-54.1427 39.5696 35.3926 -0.799048 -0.000161975 0.601259
-54.8568 39.5532 34.4432 -0.802864 8.86885e-05 0.596136
-55.4888 39.6032 33.5904 -0.8045 -0.00706965 0.593901
-56.0878 39.818 32.7564 -0.814078 -0.00488746 0.580695
-56.489 40.5204 32.1937 -0.819161 -0.00105138 0.57356
-56.5609 40.8607 32.0915 -0.821283 0.0035401 0.570486
-57.0762 40.5948 31.3503 -0.822626 0.00844396 0.568521
-57.0986 42.371 31.3048 -0.825242 -0.00441949 0.564751
-57.1165 43.6655 31.2981 -0.823575 -0.0125337 0.567067
-57.1686 44.7999 31.2542 -0.820641 -0.0196389 0.571097
-57.2216 45.9374 31.2022 -0.822538 -0.00480481 0.56869
-57.2074 47.1158 31.2394 -0.826541 -0.00597011 0.562842
-57.097 48.1269 31.4138 -0.825677 -0.0048098 0.564118
-56.5135 49.117 32.2777 -0.825818 -0.00586535 0.563898
-55.8613 49.2184 33.2255 -0.817948 -0.0122159 0.575056
-54.9787 49.2218 34.4355 -0.801409 -0.00876367 0.597994
-54.275 49.3795 35.3868 -0.793633 -0.024256 0.607777
-53.4621 49.3912 36.4253 -0.785031 -0.0149381 0.619261
-52.7312 49.196 37.3415 -0.782955 -0.0124231 0.621954
-52.1873 48.6304 37.9991 -0.777275 -0.0182687 0.628896
-52.0279 47.3747 38.165 -0.776937 -0.0140333 0.629421
-52.0341 46.3514 38.1341 -0.776752 -0.0130226 0.629671
-51.962 45.216 38.2052 -0.779551 -0.00847679 0.626274
-51.9841 44.1002 38.1567 -0.778516 -0.0110152 0.627523
-51.9562 42.699 38.1696 -0.776675 -0.00929707 0.629832
-51.9572 41.5583 38.1533 -0.775726 -0.00882605 0.631008
-51.9645 40.5271 38.1413 -0.770684 -9.29695e-05 0.637215
-52.5106 38.9201 37.4963 -0.779901 0.005213 0.625593
-53.2732 38.6897 36.5079 -0.788951 -0.00440758 0.614404
-53.9788 38.6299 35.6196 -0.788296 0.00423586 0.615006
-54.6305 38.6996 34.7476 -0.805848 0.00118553 0.592122
-55.2853 38.7228 33.8569 -0.805711 -6.18946e-05 0.592309
-55.9998 38.7029 32.8773 -0.815135 -0.00696739 0.579226
-56.5796 38.9212 32.06 -0.818233 -0.00499417 0.57486
-57.0169 40.0686 31.4384 -0.819907 0.00170068 0.572492
-57.0775 40.4708 31.3503 -0.821731 0.00511758 0.569841
