22.8984 44.9914 71.1073 0.521399 -0.00698669 0.853284
22.9209 43.86 71.0841 0.522311 -0.0085832 0.85271
22.9767 42.7803 71.0411 0.524894 -0.00457044 0.851155
23.5653 43.3764 70.6825 0.523274 -0.00787787 0.852125
23.5496 44.4197 70.7046 0.522603 -0.0086499 0.85253
23.4265 45.4497 70.7869 0.523074 -0.00418337 0.852277
22.9175 45.4007 71.099 0.522081 -0.00562865 0.852876
22.2904 45.5934 71.4891 0.544734 -0.00658116 0.83858
22.2595 44.3691 71.502 0.542749 -0.00453182 0.839882
22.2971 43.1666 71.4568 0.525349 -0.0170893 0.850599
22.4271 41.9078 71.3669 0.516603 -0.00805222 0.856187
23.419 41.1966 70.7618 0.530861 0.000897695 0.847455
24.1533 42.55 70.3088 0.532255 -0.00991318 0.846526
24.1816 43.7636 70.3092 0.520579 -0.0106488 0.853747
24.1525 44.9398 70.3314 0.535423 0.0047263 0.84452
24.0669 45.9809 70.3895 0.540233 -0.00224108 0.841513
23.0685 46.8689 71.0162 0.525682 -0.00793866 0.850644
22.3969 46.1745 71.424 0.536227 -0.00670975 0.843943
22.3002 45.8186 71.4849 0.54672 -0.00697318 0.837285
21.6867 46.1378 71.8881 0.546091 -0.00808843 0.837687
21.6447 44.9123 71.9031 0.54481 -0.00690589 0.838528
21.6584 43.6926 71.8773 0.534627 -0.0266431 0.844668
21.6988 42.366 71.8107 0.52584 -0.0166984 0.850307
21.8894 40.8713 71.6991 0.520478 0.00910571 0.853822
22.9741 40.3452 71.0394 0.528866 0.000783772 0.848705
24.385 40.6688 70.1551 0.535644 -0.00048063 0.844432
24.6987 41.7272 69.955 0.533161 -0.0042519 0.845978
24.7768 43.324 69.9394 0.524688 -0.0196684 0.851067
24.7853 44.4376 69.9421 0.531264 0.01253 0.847113
24.7429 45.4759 69.9539 0.536024 0.00472262 0.844142
24.6764 46.4962 69.9977 0.54346 0.00423374 0.839424
23.785 47.6832 70.5564 0.538188 0.0167635 0.842656
22.7535 47.6747 71.2183 0.532454 0.00419219 0.846312
21.8592 47.1417 71.7821 0.547421 -0.00514634 0.836842
21.6884 46.2085 71.8876 0.546286 -0.00666218 0.837572
21.0598 46.3588 72.2986 0.538403 -0.00839689 0.842599
21.158 47.4232 72.248 0.553052 -0.0121138 0.833058
21.606 48.228 71.9615 0.5545 -0.00643448 0.832143
23.0414 48.4837 71.0176 0.540649 0.0137022 0.84113
24.4508 48.5009 70.1176 0.534017 0.0108373 0.845386
25.1705 47.9619 69.6707 0.539739 0.010098 0.841739
25.3006 46.9313 69.5933 0.530112 0.0039121 0.847919
25.3458 45.8734 69.5699 0.531484 0.00786514 0.847021
25.376 44.8296 69.5656 0.532404 0.0127087 0.846395
25.3837 43.7929 69.575 0.531693 -0.00688024 0.846792
25.3651 42.7277 69.5628 0.525235 -0.0198124 0.850726
25.3757 41.6283 69.5387 0.513748 -0.00605947 0.8579
24.8223 39.8047 69.8734 0.53414 0.00049672 0.845396
23.9008 39.5751 70.4618 0.534347 0.000245485 0.845247
22.4918 39.5674 71.3412 0.52279 -0.00135369 0.852422
21.5243 39.8303 71.9323 0.520269 -0.00878564 0.853957
21.1895 40.694 72.1303 0.520621 0.00908462 0.853736
21.0862 41.7096 72.1794 0.524015 -0.000125503 0.851593
21.0443 42.9779 72.2397 0.523221 -0.0280588 0.851735
21.0373 44.2235 72.2852 0.523679 -0.0277777 0.851463
21.0398 45.4045 72.301 0.531089 -0.00930403 0.847265
21.0411 45.5224 72.3014 0.530938 -0.00905399 0.847362
20.4221 45.8396 72.6926 0.537194 -0.0166525 0.843228
20.4428 46.8704 72.7086 0.548193 -0.0160558 0.836194
20.545 48.1319 72.6622 0.550455 -0.00962469 0.834809
21.258 49.1761 72.1948 0.554004 -0.00212484 0.83251
22.419 49.2666 71.4116 0.560616 0.00410771 0.828065
23.377 49.3028 70.7884 0.535835 0.00789272 0.84425
24.4927 49.2949 70.0856 0.532636 0.00360178 0.846333
25.3966 49.3906 69.5177 0.532282 0.00584529 0.846546
25.8591 48.5667 69.232 0.532085 0.00706751 0.84666
26.0002 46.7307 69.1569 0.52993 0.00389715 0.848032
26.0233 45.7121 69.1471 0.529926 0.0038902 0.848035
26.0205 44.6246 69.1633 0.535572 0.00875 0.844427
26.0192 43.4862 69.171 0.538859 0.00500438 0.842381
26.0565 42.4545 69.1299 0.518379 -0.00710316 0.85501
25.988 40.811 69.1633 0.511406 -0.0108742 0.859271
25.945 39.5654 69.1685 0.51727 -0.0132547 0.855717
25.0416 38.8453 69.7319 0.543619 -0.00679376 0.83929
23.9314 38.6259 70.4427 0.535878 0.0006226 0.844291
22.9137 38.659 71.081 0.523194 -0.00115701 0.852163
22.0124 38.6632 71.6248 0.516479 -0.00585234 0.85628
21.0961 38.7154 72.1811 0.521047 -0.00735027 0.853494
20.5687 39.9856 72.5102 0.516637 -0.00598654 0.856183
20.3961 41.2595 72.6038 0.523608 -0.00155585 0.85186
20.3273 42.2712 72.6615 0.529076 -0.0127345 0.848479
20.3634 43.4434 72.6741 0.523038 -0.0280626 0.851847
20.3879 44.6522 72.6982 0.522532 -0.0275421 0.852175
20.3899 44.7982 72.7017 0.526748 -0.0183026 0.849761
