-57.3412 -44.7246 34.3383 -0.816591 0.00385691 0.577202
-56.7041 -44.6839 35.2301 -0.812293 -0.0111773 0.583142
-56.7308 -43.3993 35.1992 -0.82012 -0.00135316 0.572166
-57.1077 -42.6711 34.6659 -0.820731 -0.00664944 0.571276
-57.1198 -44.0131 34.6479 -0.818881 0.00393394 0.57395
-57.3123 -44.3526 34.3755 -0.817567 0.00477144 0.575809
-57.7294 -44.2494 33.7851 -0.816236 0.00545422 0.577693
-57.6945 -43.0357 33.8235 -0.814923 0.00146704 0.579552
-57.3629 -41.7989 34.3215 -0.816493 -0.0152145 0.577156
-56.7623 -41.8851 35.1722 -0.811947 -0.000401688 0.583488
-56.3481 -42.7318 35.7389 -0.802328 0.00545778 0.596858
-56.2657 -44.0791 35.8527 -0.802486 -0.0059622 0.596387
-56.3219 -45.2947 35.7505 -0.811205 -0.00649716 0.584699
-56.9923 -46.1757 34.8214 -0.812081 -0.00251828 0.583532
-57.5831 -45.7046 33.9962 -0.813965 -0.0026886 0.580908
-57.7483 -44.4924 33.7608 -0.816591 0.00385691 0.577202
-58.1653 -44.2753 33.1683 -0.817329 0.00379179 0.576158
-58.1279 -45.7116 33.2273 -0.820512 -0.000460948 0.571592
-57.6552 -46.8488 33.8998 -0.812426 0.00768489 0.583014
-56.7116 -46.9588 35.2052 -0.808214 -0.0013591 0.588876
-56.013 -46.4663 36.1673 -0.807896 -0.00474325 0.589305
-55.8474 -45.1404 36.3901 -0.793801 5.32e-05 0.608153
-55.8249 -43.9653 36.4257 -0.79199 -0.00198802 0.61053
-55.8675 -42.9046 36.3837 -0.792429 -0.00858446 0.609904
-55.9976 -41.5919 36.2036 -0.803041 -0.000861655 0.595923
-56.4988 -41.0395 35.5281 -0.805717 0.00104245 0.592288
-57.2781 -41.0064 34.4527 -0.814959 -0.0047154 0.579499
-57.9371 -41.3994 33.5192 -0.816571 -0.0110404 0.577125
-58.1132 -42.3901 33.2437 -0.816737 -0.0154515 0.576803
-58.1499 -43.5521 33.1841 -0.815849 0.00134611 0.578249
-58.5618 -43.0926 32.6074 -0.814594 -0.0023482 0.580027
-58.5427 -41.713 32.6507 -0.821139 -0.00740755 0.570605
-58.4045 -40.6152 32.8673 -0.821814 -0.0105512 0.569571
-57.7357 -40.3033 33.815 -0.815086 -0.0033826 0.579329
-56.9274 -40.229 34.9366 -0.80748 0.00386572 0.589883
-56.1724 -40.285 35.9704 -0.805452 0.000992489 0.592644
-55.6052 -40.6823 36.7328 -0.802071 -0.000741564 0.597229
-55.4573 -41.9876 36.9301 -0.796588 -0.00682961 0.604386
-55.409 -43.0255 36.9778 -0.792429 -0.00858446 0.609904
-55.3744 -44.4156 37.0063 -0.792985 0.00057594 0.609222
-55.4018 -45.6026 36.9787 -0.794999 0.00449136 0.606594
-55.5098 -46.7765 36.8329 -0.797686 -0.00315002 0.603064
-55.8921 -47.5718 36.3231 -0.802434 -0.00413881 0.596673
-56.7643 -47.7273 35.1337 -0.806639 -0.000117049 0.591044
-57.3953 -47.6927 34.2726 -0.809426 0.00373964 0.587178
-58.2908 -47.3068 32.9913 -0.822968 0.00102218 0.568087
-58.536 -46.2909 32.6331 -0.823625 0.00141574 0.567133
-58.5937 -45.0603 32.5535 -0.823983 -0.00315908 0.566606
-58.586 -44.0437 32.5699 -0.815849 0.00134611 0.578249
-59.0071 -44.1999 31.9482 -0.828306 -0.000471103 0.560274
-58.9709 -42.7607 32.0149 -0.828885 -0.00679317 0.559377
-58.9822 -41.0349 32.0107 -0.823338 -0.00336601 0.567525
-58.845 -39.8847 32.2457 -0.821787 -0.0108578 0.569595
-58.2363 -39.5842 33.1163 -0.816825 -0.0204953 0.576522
-57.603 -39.5143 34.014 -0.811169 -0.0171665 0.58448
-56.9294 -39.4943 34.9378 -0.808546 -0.00924457 0.58836
-56.2512 -39.5122 35.8695 -0.80655 -0.00760857 0.591105
-55.5435 -39.6438 36.8236 -0.802811 -0.00752924 0.596186
-55.0777 -40.3945 37.4395 -0.801228 -0.0043121 0.598326
-54.9912 -41.7607 37.5383 -0.790638 -0.0127427 0.61215
-54.9555 -43.1173 37.5622 -0.789974 -0.00895966 0.613075
-54.9254 -44.8262 37.5891 -0.779867 0.00724351 0.625904
-54.9546 -46.0288 37.5664 -0.777775 0.00432946 0.628514
-55.0197 -47.0702 37.4745 -0.795046 -0.00422652 0.606533
-55.2843 -48.1422 37.1216 -0.789917 -0.00263987 0.613202
-56.1519 -48.4916 35.9687 -0.806139 0.000434202 0.591725
-56.928 -48.4932 34.9129 -0.805709 0.00687092 0.592272
-57.6937 -48.4215 33.8608 -0.819229 0.00428202 0.573419
-58.624 -48.186 32.5128 -0.823717 0.00646114 0.56696
-59.0055 -47.1172 31.9509 -0.826735 -0.000533306 0.562591
-58.9804 -45.9432 31.9826 -0.825774 -0.000657088 0.563986
-59.0103 -44.7051 31.9444 -0.828514 0.00104125 0.559968
-59.4296 -44.9036 31.3243 -0.831559 -0.00424355 0.555369
-59.4842 -43.7533 31.244 -0.828515 -0.00277173 0.55996
-59.452 -42.6359 31.3032 -0.828865 -0.00836743 0.559385
-59.4696 -41.5084 31.2961 -0.828534 -0.00941064 0.55986
-59.424 -39.8281 31.3919 -0.827421 -0.0132478 0.561423
-59.0662 -38.9764 31.9462 -0.825622 -0.014917 0.564
-58.4797 -38.792 32.7998 -0.815307 -0.0258132 0.578442
-57.889 -38.7111 33.6408 -0.811584 -0.0182187 0.583851
-57.2034 -38.6493 34.5769 -0.806268 -0.0125135 0.591418
-56.5171 -38.5897 35.5186 -0.806528 -0.00762795 0.591135
-55.792 -38.5511 36.5013 -0.804107 -0.00547512 0.594459
-55.2139 -38.8412 37.2779 -0.799912 -0.00624351 0.600062
-54.5524 -39.8522 38.1427 -0.796582 -0.00461476 0.604513
-54.5301 -41.2961 38.1419 -0.789579 -0.0118441 0.613534
-54.4252 -42.8233 38.2497 -0.786497 -0.0144564 0.617375
-54.4238 -43.9774 38.2153 -0.782734 -0.019646 0.622047
-54.4394 -45.1462 38.1977 -0.777141 0.00430986 0.629298
-54.4857 -46.3946 38.1439 -0.776284 -1.86148e-05 0.630381
-54.516 -47.7781 38.0997 -0.774125 -0.00749202 0.632972
-55.0992 -49.0737 37.3559 -0.781612 -0.00977519 0.62355
-55.7156 -49.4496 36.5632 -0.797817 0.00165776 0.602755
-56.7123 -49.2947 35.2147 -0.802987 0.00529193 0.595973
-57.3208 -49.305 34.3895 -0.810833 0.00469392 0.585171
-58.0009 -49.2781 33.4282 -0.819462 0.00407978 0.573084
-58.9518 -49.1589 32.0445 -0.824698 0.00620487 0.56554
-59.4199 -48.298 31.3482 -0.826139 0.00703962 0.563423
-59.448 -46.929 31.3008 -0.829038 0.00349571 0.559151
-59.4689 -45.7388 31.2571 -0.834769 0.00157108 0.550557
-59.4291 -44.944 31.3243 -0.835489 -0.00696286 0.549455
