21.5144 -16.4718 73.9514 0.613608 0.0179805 0.789405
22.0046 -16.2724 73.5628 0.617704 0.0223828 0.786092
22.443 -15.3272 73.1914 0.619482 0.0202535 0.784746
22.3942 -13.8192 73.1917 0.621753 0.0216967 0.782912
22.0169 -13.5568 73.4846 0.62197 0.0188603 0.782814
21.795 -14.9416 73.6951 0.620132 0.0182657 0.784285
21.597 -15.8744 73.8741 0.617348 0.0182696 0.786466
21.5228 -16.2768 73.9407 0.614099 0.0171327 0.789043
21.021 -16.0592 74.3265 0.614099 0.0171327 0.789043
21.0689 -17.5454 74.3229 0.612196 0.02533 0.790272
21.8547 -18.3953 73.7433 0.613346 0.0278835 0.789318
22.3119 -17.3499 73.3461 0.645116 0.0155186 0.7639
22.72 -16.3856 72.9855 0.654143 0.0040877 0.756359
22.9745 -15.3181 72.7567 0.656567 0.0102669 0.754182
23.0278 -14.2767 72.6921 0.660868 0.0154409 0.750335
22.9065 -13.1724 72.7666 0.623069 0.0195343 0.781923
22.3981 -11.7193 73.134 0.622983 0.0207077 0.781962
21.7474 -12.2994 73.668 0.622803 0.0198213 0.782127
21.3258 -14.157 74.0472 0.621186 0.0196669 0.783415
21.1582 -15.1771 74.2008 0.61466 0.0167826 0.788614
21.0884 -15.6938 74.2661 0.614393 0.0169665 0.788817
20.4846 -15.9422 74.7419 0.614717 0.0168811 0.788567
20.5255 -17.4091 74.7419 0.615484 0.0175565 0.787953
20.7406 -18.4588 74.6168 0.61877 0.0366482 0.784717
21.0386 -19.7748 74.439 0.625773 0.0215788 0.779626
21.4469 -20.6399 74.1225 0.632069 0.0175402 0.774712
22.0025 -19.4055 73.6314 0.642977 0.0151627 0.765723
22.7339 -17.882 73.0006 0.642125 0.0097721 0.766537
23.121 -16.9776 72.646 0.650809 0.0198241 0.758982
23.4245 -15.9365 72.3719 0.660091 0.00859403 0.751104
23.565 -14.7947 72.2293 0.665038 0.0118487 0.746714
23.532 -13.7174 72.2334 0.662696 0.0142159 0.748753
23.3152 -12.4219 72.4035 0.662477 0.0112809 0.748997
22.9208 -11.3401 72.7077 0.62367 0.0185508 0.781464
22.0609 -10.8638 73.3859 0.624554 0.0172181 0.780791
21.2076 -11.8545 74.0819 0.6153 0.0171848 0.788105
20.8352 -13.3741 74.4089 0.613562 0.0209024 0.78937
20.5912 -15.0606 74.6396 0.5874 0.0504858 0.80772
20.5892 -15.0785 74.6422 0.601428 0.0319408 0.797976
19.9951 -15.0929 75.0758 0.588053 0.0490679 0.807331
20.2132 -13.5149 74.8782 0.592217 -0.00941717 0.805718
20.455 -12.27 74.6753 0.612025 0.0176869 0.790639
20.7365 -11.3246 74.4364 0.595886 0.0142889 0.802705
21.5241 -10.0235 73.7891 0.611242 0.0282108 0.790939
22.4194 -9.84976 73.0733 0.626074 0.0214783 0.779467
23.1615 -10.4995 72.4902 0.629526 0.0215004 0.776675
23.6732 -11.6333 72.0727 0.659386 0.0143859 0.75166
23.983 -12.8327 71.8193 0.661983 0.0118042 0.749426
24.1055 -14.2906 71.7368 0.663328 0.015532 0.748163
24.0585 -15.4477 71.8001 0.662102 0.0142609 0.749262
23.8535 -16.5786 72.0039 0.659209 0.0156287 0.751797
23.5453 -17.5056 72.2944 0.659694 0.0161969 0.75136
23.0268 -18.6033 72.7608 0.643869 0.0112441 0.765045
22.5556 -19.7253 73.1739 0.641322 0.0114762 0.767186
22.2453 -20.6444 73.4591 0.644008 0.021795 0.764708
21.9499 -21.9145 73.7314 0.653808 0.00524665 0.756638
21.841 -22.9441 73.8313 0.653718 0.00719917 0.756696
21.7127 -23.9983 73.9516 0.663007 -0.0025348 0.748609
21.7135 -25.5184 73.9483 0.663119 -0.0011737 0.748513
21.741 -26.5663 73.9168 0.672871 -0.0361813 0.738778
21.3613 -28.2741 74.1617 0.663619 -0.0414208 0.746922
20.7939 -29.1492 74.6436 0.668686 -0.0200501 0.743274
20.0434 -29.6205 75.3119 0.67226 -0.0195419 0.740057
19.2639 -29.6048 76.0279 0.686465 0.0224321 0.726764
18.7297 -28.3381 76.539 0.6713 -0.0182414 0.740956
18.9934 -27.1794 76.2898 0.647938 0.0372249 0.760767
19.4047 -26.1875 75.8966 0.644348 0.0353894 0.763913
19.8138 -25.2676 75.5356 0.632935 0.0037333 0.774139
20.1892 -24.3332 75.2363 0.626413 0.00339833 0.779467
20.6584 -22.8112 74.8402 0.621487 0.0186329 0.783125
20.6701 -21.6537 74.7887 0.631943 0.0310053 0.774394
20.5985 -20.4713 74.8115 0.625101 0.0224502 0.780154
20.3706 -19.4631 74.9543 0.618875 0.0288396 0.78496
20.1321 -18.4625 75.0969 0.617807 0.0379969 0.785409
19.9434 -17.3525 75.1962 0.616284 0.0179683 0.787319
19.9249 -16.0037 75.18 0.597164 0.0365902 0.800726
19.9368 -15.7535 75.1569 0.583555 0.0442052 0.810844
19.3651 -15.5182 75.5515 0.576771 0.043428 0.815743
19.4769 -14.3539 75.4025 0.587026 0.0191922 0.808574
19.7438 -12.808 75.2094 0.549806 0.0233228 0.834961
20.0259 -11.5105 74.9597 0.577981 0.0458091 0.814603
20.3592 -10.4635 74.6975 0.568296 0.0163511 0.822657
20.9356 -9.51709 74.2253 0.611267 0.0297382 0.790865
22.3072 -8.95226 73.1327 0.618937 0.0313975 0.784813
23.1276 -9.45768 72.492 0.637758 0.0237341 0.769743
23.7207 -10.1793 72.011 0.652731 0.0170526 0.757328
24.3194 -11.698 71.5065 0.661138 0.0102868 0.750193
24.5531 -12.8931 71.317 0.656664 0.0138609 0.754025
24.6589 -14.4093 71.2574 0.652959 0.0128538 0.757275
24.5264 -16.1497 71.406 0.658527 0.0164276 0.752378
24.2963 -17.1304 71.627 0.659285 0.0144716 0.751754
23.9533 -18.0308 71.9472 0.660908 0.0124803 0.750363
23.3601 -19.3233 72.4923 0.661302 0.0130678 0.750006
22.8557 -20.63 72.9439 0.648696 0.0114473 0.760884
22.5691 -21.6612 73.1925 0.653214 0.0015647 0.75717
22.3738 -22.953 73.3709 0.658222 0.000464439 0.752803
22.2923 -24.0212 73.4382 0.663044 -0.00255992 0.748576
22.2898 -25.5226 73.4377 0.671319 -0.0101356 0.740952
22.2755 -26.5622 73.4191 0.681687 -0.0272023 0.731122
22.1894 -27.5732 73.4558 0.679865 -0.0311862 0.732673
21.9025 -28.5364 73.6654 0.665928 -0.0310755 0.745298
21.4229 -29.4151 74.0706 0.667928 -0.0209588 0.74393
20.7081 -30.0475 74.6984 0.67599 -0.00116778 0.736679
19.6141 -30.4519 75.7167 0.675564 0.0142369 0.737163
18.7394 -30.1781 76.5409 0.691397 0.0203209 0.722189
18.1615 -28.964 77.0349 0.677635 0.00479333 0.734865
18.3181 -27.3541 76.8772 0.647325 0.0215556 0.761909
18.7248 -26.2888 76.4751 0.648317 0.0368081 0.760464
19.1218 -25.4046 76.1115 0.639986 0.0101197 0.768316
19.5206 -24.4278 75.7724 0.631714 0.00169657 0.775154
19.8649 -23.4386 75.4823 0.615847 0.0259927 0.787436
20.0715 -22.3945 75.2862 0.615333 0.0231718 0.787927
20.0778 -21.1967 75.2464 0.610788 0.0279335 0.791265
19.9248 -20.1437 75.3299 0.60577 0.0225916 0.795319
19.521 -18.4035 75.5732 0.616654 0.0390083 0.786267
19.3449 -16.9654 75.6553 0.594628 0.0348635 0.802665
19.3292 -15.9258 75.5976 0.578488 0.0482092 0.814234
18.7258 -15.9731 76.0266 0.57456 0.0492705 0.816971
18.8388 -14.3898 75.8535 0.567375 0.0455631 0.822162
19.1233 -12.8482 75.619 0.547695 0.0185663 0.836472
19.3618 -11.6197 75.4218 0.557165 0.0336878 0.829618
19.6896 -10.4304 75.1599 0.566588 0.0181889 0.823795
20.1243 -9.45602 74.8423 0.563671 0.0149685 0.82586
20.7181 -8.6959 74.3628 0.612394 0.0272297 0.790084
21.456 -8.25048 73.7748 0.614968 0.030603 0.787947
22.2945 -8.13611 73.1122 0.616385 0.0195655 0.787202
23.0933 -8.45382 72.4917 0.634795 0.0109068 0.772468
23.8645 -9.31478 71.8592 0.648759 0.0258067 0.760556
24.3717 -10.1476 71.4389 0.661374 0.00856068 0.750007
24.8146 -11.3426 71.0651 0.656434 0.00994813 0.754295
25.0563 -12.431 70.8781 0.649532 0.0130164 0.760222
25.1909 -13.9324 70.7898 0.651558 0.0151187 0.758449
25.1945 -15.1754 70.8048 0.652693 0.00989331 0.757558
24.9652 -16.8743 71.0355 0.659033 0.0145085 0.751974
24.63 -17.8964 71.3488 0.660038 0.014869 0.751084
24.2038 -18.885 71.7408 0.661125 0.0125274 0.750171
23.6933 -20.0636 72.2102 0.665468 -0.000210277 0.746312
23.2728 -21.224 72.5863 0.66354 0.00111477 0.747986
23.0213 -22.2557 72.8024 0.654751 0.0022888 0.755831
22.8711 -23.3589 72.9316 0.660206 -0.00409176 0.751073
22.8143 -24.6157 72.9737 0.66193 -0.0037672 0.749554
22.8154 -25.6578 72.947 0.679367 -0.0221758 0.73346
22.8101 -26.7422 72.92 0.667719 -0.028916 0.743842
22.5301 -28.5205 73.1048 0.666198 -0.0286508 0.745191
22.0136 -29.646 73.5275 0.671701 -0.024009 0.740422
21.1833 -30.5539 74.2515 0.677902 -0.0145355 0.734842
20.5181 -30.9907 74.8771 0.688776 -0.0021402 0.724967
19.6899 -31.2231 75.6613 0.683248 0.0171628 0.729897
18.8865 -31.1896 76.425 0.686139 -0.0059518 0.727446
18.2292 -30.6381 77.0425 0.688596 0.0260617 0.724644
17.6916 -29.5918 77.4902 0.668262 0.0286494 0.743373
17.5268 -28.6166 77.5883 0.654616 0.0338769 0.755092
17.7667 -27.1599 77.3402 0.649233 0.021716 0.760275
18.392 -25.6177 76.7223 0.624639 0.0595136 0.778637
18.8108 -24.6417 76.345 0.608855 0.0395296 0.792296
19.2415 -23.482 75.9711 0.611466 0.0231082 0.790912
19.5266 -21.9011 75.6964 0.609787 0.0275703 0.792058
19.4678 -20.8946 75.6994 0.606087 0.0279294 0.79489
19.2468 -19.8028 75.8367 0.604933 0.0238675 0.795917
18.908 -18.3818 76.042 0.604918 0.0334114 0.795586
18.7471 -17.0877 76.0834 0.569782 0.049046 0.820304
18.7255 -16.5412 76.0634 0.5743 0.0526132 0.816953
18.0951 -16.8317 76.5168 0.565354 0.0451674 0.823611
18.2886 -18.3922 76.491 0.564856 0.0571701 0.823146
18.5821 -19.6047 76.3348 0.604206 0.0248131 0.796442
18.8735 -20.7407 76.1476 0.606437 0.0272005 0.794652
18.9318 -22.2286 76.1636 0.594885 0.0282511 0.803178
18.7093 -23.2401 76.3686 0.604746 0.0260538 0.795992
18.2902 -24.3446 76.7301 0.607494 0.0408008 0.793273
17.7577 -25.5817 77.2285 0.624639 0.0595136 0.778637
17.3501 -26.4723 77.6261 0.624184 0.0606148 0.778921
17.0654 -27.5203 77.9525 0.640366 0.0459918 0.766201
16.9434 -28.7023 78.1044 0.658347 0.0454167 0.751343
17.2535 -30.2063 77.9088 0.666427 0.0261675 0.7451
17.7187 -31.102 77.5196 0.672834 0.0074143 0.739565
18.6408 -31.8803 76.6512 0.685572 -0.00869845 0.727947
19.6494 -31.9708 75.6255 0.713828 -0.102977 0.692537
20.4315 -31.767 74.8739 0.702335 -0.102468 0.704433
21.2666 -31.3199 74.1084 0.680592 -0.0951542 0.72584
21.9185 -30.7476 73.5742 0.676724 -0.0461192 0.734572
22.6094 -29.8035 72.9802 0.672523 -0.0304314 0.73945
23.163 -28.4086 72.5413 0.667862 -0.0351279 0.743456
23.3464 -27.2442 72.4195 0.663199 -0.0241644 0.748053
23.3477 -26.2336 72.4533 0.667901 -0.0213921 0.743929
23.3448 -24.9884 72.4934 0.665127 -0.017782 0.746494
23.3746 -23.7943 72.4825 0.664936 -0.00625439 0.746874
23.4953 -22.693 72.3836 0.668265 0.00118211 0.743877
23.7015 -21.7279 72.1916 0.676149 -0.00295642 0.736759
23.9983 -20.811 71.9231 0.672079 -0.01165 0.740384
24.7317 -19.1683 71.2803 0.667564 0.000668932 0.744401
25.3203 -17.7363 70.7221 0.672785 0.00965698 0.739765
25.5956 -16.5038 70.4637 0.671119 0.00484477 0.741332
25.7506 -15.1692 70.3223 0.671156 -0.000732004 0.741316
25.767 -14.0893 70.2979 0.652088 0.0122879 0.758038
25.6735 -12.9924 70.3592 0.649891 0.0119026 0.759934
25.5478 -11.9535 70.4497 0.64964 0.0134066 0.760124
25.3033 -10.8701 70.639 0.650553 0.0113156 0.759371
24.6068 -9.30324 71.223 0.656717 0.0069522 0.754081
23.712 -8.09458 71.9728 0.642311 0.000224114 0.766444
22.8921 -7.49675 72.6272 0.627172 0.021821 0.778575
22.0413 -7.31876 73.2894 0.615913 0.0201166 0.787557
20.7746 -7.75126 74.2864 0.611852 0.0174852 0.790714
19.9844 -8.4203 74.9221 0.587907 0.0190992 0.808073
19.4692 -9.27456 75.2861 0.563671 0.0149685 0.82586
18.981 -10.5846 75.6471 0.559667 0.01611 0.828546
18.6835 -11.8864 75.8758 0.556245 0.0212764 0.830746
18.4467 -13.1346 76.0681 0.5576 0.0269414 0.829539
18.2027 -14.347 76.2908 0.56776 0.0379025 0.822321
18.1169 -16.0075 76.4567 0.561749 0.0493161 0.825799
18.1156 -16.0508 76.4601 0.560443 0.0490931 0.826706
17.505 -16.092 76.8715 0.555906 0.0492114 0.829778
17.5196 -14.8428 76.7935 0.561798 0.049054 0.825778
17.6519 -13.8483 76.6481 0.564526 0.0410329 0.82438
17.8993 -12.7731 76.4249 0.558702 0.0325388 0.828671
18.1633 -11.3432 76.21 0.556066 0.0211186 0.83087
18.4975 -10.0439 75.9602 0.554531 0.0173824 0.831979
19.1189 -8.4639 75.5122 0.560017 0.0117502 0.82839
19.8202 -7.55299 75.0211 0.587907 0.0190992 0.808073
20.8584 -6.85747 74.2132 0.60988 0.00732802 0.792459
21.8729 -6.5362 73.4111 0.622471 0.0105195 0.782572
23.3025 -6.88211 72.2791 0.626618 0.0228624 0.77899
24.4543 -7.96222 71.3503 0.645151 0.00406746 0.764039
25.0548 -8.80533 70.8385 0.650375 0.000622792 0.759613
25.4725 -9.67052 70.4808 0.652494 0.00334347 0.757772
25.8773 -10.8063 70.1422 0.655303 0.0116309 0.755262
26.1686 -12.3904 69.919 0.673806 0.0137088 0.738624
26.3038 -13.7632 69.8128 0.682072 0.0132538 0.731162
26.3105 -15.0124 69.8147 0.671741 -0.0011295 0.740785
26.1945 -16.1034 69.9201 0.672429 0.00365786 0.740152
25.9869 -17.36 70.1143 0.671866 0.00417774 0.740661
25.7113 -18.2936 70.3765 0.67718 0.00500568 0.735734
25.2373 -19.4677 70.8114 0.677741 -0.00755702 0.735246
24.7395 -20.5386 71.2529 0.675677 -0.00789577 0.737141
24.314 -21.6604 71.6314 0.672457 0.00219988 0.740114
24.0031 -22.8686 71.9252 0.671503 0.00740758 0.740964
23.8954 -23.9166 72.0175 0.666686 -0.00923528 0.745273
23.8756 -24.9166 72.0186 0.668342 -0.0133176 0.743734
23.9216 -26.5085 71.9313 0.66513 -0.0248097 0.746315
23.9299 -27.6571 71.8866 0.683822 -0.0340374 0.728847
23.7049 -28.7065 72.0406 0.667688 -0.0350907 0.743614
23.3002 -29.8092 72.3542 0.670585 -0.0416341 0.740588
22.7905 -30.7085 72.7703 0.678716 -0.0513346 0.732523
22.0011 -31.585 73.4248 0.676877 -0.0642322 0.733287
21.022 -32.2633 74.2174 0.683048 -0.0905935 0.724267
20.2385 -32.5427 74.9568 0.701647 -0.096766 0.705922
19.4998 -32.7286 75.6794 0.721565 -0.0721358 0.688578
18.7236 -32.7278 76.5015 0.733682 -0.071396 0.67514
17.7882 -32.263 77.4439 0.681181 -0.00996371 0.73204
17.1682 -31.4881 78.0219 0.666869 0.010819 0.745022
16.7172 -30.529 78.3962 0.646183 0.0296239 0.762188
16.4112 -29.452 78.5941 0.627604 0.0335174 0.777811
16.381 -28.0673 78.5548 0.6059 0.0563496 0.792847
16.6074 -26.8212 78.2619 0.629717 0.0702346 0.773643
16.8812 -25.8956 77.9502 0.624013 0.0697818 0.778251
17.5487 -24.66 77.3231 0.618142 0.0551976 0.7841
17.9521 -23.5483 76.9534 0.597213 0.0366101 0.801116
18.382 -22.3442 76.5623 0.585689 0.0384936 0.809485
18.3378 -20.8363 76.5498 0.5806 0.0260403 0.813763
18.0344 -19.7824 76.7364 0.573351 0.0184668 0.819099
17.719 -18.677 76.9027 0.56729 0.059374 0.821291
17.4948 -17.6533 76.9723 0.562808 0.0563454 0.824572
17.4784 -16.6381 76.9243 0.555359 0.053033 0.829918
16.8016 -16.9767 77.3978 0.543741 0.0452805 0.837945
17.0328 -18.2973 77.3362 0.546645 0.069109 0.834389
17.1634 -19.4574 77.3366 0.565026 0.0413152 0.823715
17.5067 -20.3697 77.122 0.576226 0.0285167 0.816793
17.8388 -21.3514 76.9217 0.577509 0.02588 0.81597
17.5829 -22.8859 77.1834 0.591853 0.0553684 0.80414
16.9826 -24.4447 77.7516 0.597245 0.0681019 0.799125
16.2914 -25.1799 78.3326 0.588169 0.0656842 0.805971
16.1411 -26.2137 78.5226 0.570001 0.0922622 0.816442
15.77 -28.0965 78.999 0.582725 0.0832829 0.808357
15.7418 -29.1892 79.1224 0.602725 0.0573955 0.794984
16.0399 -30.4269 78.9378 0.626968 0.036748 0.778178
16.4837 -31.5918 78.6345 0.646224 0.0287676 0.762177
16.994 -32.4956 78.1845 0.702674 0.0290741 0.710751
17.9168 -33.2226 77.3156 0.684747 -0.00387555 0.728769
18.6218 -33.5505 76.5603 0.731474 -0.0452593 0.680159
19.3243 -33.5635 75.7802 0.730879 -0.0429997 0.680993
20.0585 -33.286 75.0338 0.712437 -0.0847875 0.696363
20.8205 -33.2746 74.2882 0.696424 -0.0799423 0.713163
21.6256 -32.8099 73.6025 0.666586 -0.11548 0.736407
22.3383 -32.1745 73.0611 0.66722 -0.0773193 0.740641
23.2835 -31.3245 72.2638 0.677853 -0.0596977 0.732764
23.6744 -30.3371 71.9767 0.675639 -0.0523338 0.735355
24.1426 -29.2547 71.6077 0.683055 -0.0377574 0.729388
24.4063 -28.1947 71.4138 0.683191 -0.0361365 0.729345
24.5115 -26.7007 71.3833 0.681929 -0.0305459 0.730778
24.4763 -25.416 71.4658 0.678833 -0.0207892 0.733954
24.4688 -24.3918 71.4926 0.675248 -0.0134174 0.737469
24.6253 -22.5365 71.3589 0.665355 0.00869308 0.746477
25.0429 -21.5951 70.9756 0.665626 0.00943737 0.746225
25.381 -20.551 70.6599 0.665969 0.00998336 0.745912
26.0856 -19.0632 70.0247 0.681564 -0.00438109 0.731745
26.5171 -18.1904 69.6272 0.679777 -0.00565862 0.73339
26.6973 -17.0213 69.4658 0.676109 0.00173376 0.736799
26.7443 -15.8353 69.4182 0.673385 0.0012349 0.739285
26.912 -14.3367 69.2581 0.680013 0.0107685 0.733098
26.884 -13.2101 69.261 0.683766 0.0133151 0.729576
26.6983 -12.1999 69.4204 0.68269 0.00521483 0.730684
26.6452 -11.1027 69.4602 0.678475 0.00864581 0.734571
26.3564 -10.1691 69.7116 0.673558 0.00620392 0.739071
25.9048 -9.16603 70.1107 0.650794 -0.000408419 0.759254
25.1728 -7.89709 70.7373 0.65014 -5.91775e-05 0.759814
24.6037 -7.17656 71.2185 0.64572 0.00110501 0.763562
23.9567 -6.5108 71.747 0.625208 0.00928281 0.780402
23.0437 -5.99528 72.4723 0.624487 0.00996956 0.78097
22.2746 -5.80929 73.089 0.620648 0.000469909 0.784089
21.1143 -5.85536 74.0071 0.611696 0.00771429 0.790943
20.3311 -6.28858 74.5986 0.593388 0.0273638 0.804451
19.0358 -7.41164 75.5473 0.559236 0.0198446 0.828768
18.4548 -8.35352 75.9559 0.546647 0.0123787 0.837185
17.8848 -9.66424 76.3508 0.532815 0.0333713 0.845573
17.6079 -10.839 76.5688 0.532804 0.0308884 0.845675
17.3417 -12.468 76.7919 0.556913 0.0232909 0.830244
17.1216 -13.4699 76.988 0.560902 0.0443363 0.826694
16.9249 -15.0096 77.201 0.551427 0.0491462 0.832748
16.7503 -16.0834 77.376 0.554492 0.0430874 0.83107
16.7519 -16.3338 77.3874 0.551179 0.0485277 0.832934
20.9642 -24.023 74.604 0.643272 0.0052168 0.76548
20.933 -25.3745 74.6213 0.644147 -0.0122087 0.764804
21.2549 -26.3811 74.3332 0.643542 -0.0148909 0.765263
20.9712 -27.6069 74.5449 0.652953 -0.028844 0.75662
19.9652 -28.8495 75.4033 0.672245 -0.0188122 0.740089
19.3889 -27.7013 75.9551 0.672278 -0.00871222 0.740208
20.1078 -26.1178 75.2986 0.658052 -0.00705289 0.75256
20.4863 -25.0271 74.996 0.629338 -0.000276103 0.777118
20.9358 -24.4869 74.6278 0.632607 0.00120061 0.774472
20.6275 -26.7155 74.8528 0.641963 -0.0160081 0.766567
19.9954 -27.6443 75.4016 0.675629 -0.00235538 0.737236
20.236 -27.0715 75.1825 0.674862 -9.46774e-05 0.737943
20.3162 -26.9147 75.1089 0.658052 -0.00705289 0.75256
