22.2551 -15.9721 75.5972 0.633056 0.0280522 0.773598
22.8015 -16.4689 75.1611 0.642943 0.0276412 0.765402
23.2254 -15.6375 74.7765 0.631493 0.0064223 0.775355
23.34 -14.4549 74.6724 0.63074 0.0139435 0.775844
22.7245 -13.9987 75.157 0.627488 0.0208623 0.778347
22.7755 -15.5027 75.1437 0.639692 0.0195875 0.768238
22.3761 -15.5246 75.482 0.63907 0.0302407 0.76851
21.9559 -15.0993 75.8086 0.630105 0.0259153 0.776065
21.7741 -16.1656 75.998 0.631645 0.0294345 0.774695
21.97 -17.7212 75.888 0.635087 0.0208782 0.772156
22.2424 -18.71 75.6948 0.639861 0.0236751 0.768116
22.5738 -18.8438 75.418 0.65015 0.0153581 0.759651
23.0923 -17.6629 74.9497 0.651446 0.0182862 0.758472
23.4995 -16.5375 74.5722 0.648324 0.0243113 0.76095
23.8088 -15.3366 74.2989 0.655976 0.00333813 0.754077
23.8292 -14.2438 74.2708 0.63074 0.0139435 0.775844
23.682 -13.2487 74.3555 0.637973 0.0319412 0.769395
23.2495 -12.3491 74.6754 0.639356 0.0246331 0.768468
22.4942 -12.2211 75.3014 0.634637 0.0144268 0.772661
22.207 -13.2337 75.5562 0.630369 0.0195595 0.77605
22.102 -14.3398 75.6694 0.630495 0.0197275 0.775942
22.071 -14.5218 75.6992 0.630189 0.0207314 0.776164
21.5851 -13.8913 76.078 0.630638 0.0200272 0.775819
21.4049 -14.9439 76.2515 0.630017 0.0191171 0.776345
21.2315 -16.0629 76.4344 0.629998 0.0302591 0.776007
21.2888 -17.4297 76.4436 0.636872 0.0292793 0.7704
21.5664 -18.81 76.2609 0.640027 0.027054 0.767876
21.7604 -20.4408 76.1421 0.645111 0.0243547 0.763667
22.2116 -21.8356 75.7928 0.650735 0.0134939 0.759176
21.7844 -23.107 76.1679 0.644218 0.00148414 0.76484
22.2982 -21.8967 75.7191 0.653122 0.00759213 0.757215
22.5047 -20.4712 75.5113 0.650572 0.016404 0.759267
23.013 -19.4235 75.0539 0.650326 0.0156607 0.759494
23.4331 -18.4169 74.6724 0.653317 0.0168739 0.756894
23.7561 -17.4686 74.3702 0.672974 0.0172179 0.739462
24.1634 -16.1741 73.9704 0.677664 0.00897591 0.73526
24.3395 -15.0403 73.8069 0.680049 -0.000547717 0.733166
24.3206 -14.0316 73.8316 0.672223 0.00697281 0.740163
24.1516 -12.9004 73.9513 0.653616 0.027116 0.756041
23.7432 -11.3859 74.2422 0.64129 0.0165014 0.767121
23.1708 -10.5107 74.7025 0.639363 0.0167744 0.768717
22.4193 -10.7447 75.3296 0.637324 0.0175888 0.770396
22.0309 -11.6061 75.6704 0.634612 0.0141626 0.772686
21.7795 -12.6371 75.8903 0.631995 0.0111332 0.774892
21.6077 -13.7541 76.056 0.630392 0.0199115 0.776022
21.1357 -13.1519 76.4241 0.630392 0.0199115 0.776022
20.9475 -14.2846 76.6064 0.630017 0.0191171 0.776345
20.7475 -15.5381 76.8042 0.630112 0.0343221 0.775733
20.6549 -16.9454 76.9433 0.633438 0.0334204 0.773072
20.8776 -18.428 76.8215 0.636962 0.0292563 0.770327
21.0823 -19.5276 76.6846 0.643663 0.0249427 0.76488
21.276 -20.7539 76.5678 0.647836 0.0292735 0.761215
21.3651 -21.8426 76.5151 0.645297 0.0035463 0.763923
21.1525 -23.3392 76.7001 0.644343 0.00491325 0.764712
20.7476 -24.9055 77.0923 0.665136 0.0204353 0.746443
20.3633 -25.7989 77.4661 0.663842 0.0249497 0.74745
19.9487 -26.7539 77.8621 0.661979 0.023291 0.749161
19.5448 -27.6886 78.2498 0.666797 0.0219489 0.744914
19.3593 -28.8107 78.4544 0.670127 0.0312026 0.74159
19.6584 -30.4134 78.198 0.687006 -0.00603307 0.726626
20.5495 -30.6798 77.3274 0.702614 -0.0094239 0.711509
21.2661 -30.2221 76.6283 0.711439 -0.0168062 0.702354
21.8833 -29.5359 76.0064 0.710375 -0.0324116 0.702855
22.5254 -28.0142 75.4559 0.699767 -0.0341142 0.713557
22.5711 -26.4019 75.4828 0.678986 -0.0121396 0.733606
22.5029 -25.3294 75.5419 0.662596 -0.0025505 0.748963
22.4997 -23.9504 75.5564 0.668365 -0.00254168 0.743774
22.6016 -22.9315 75.4681 0.663766 0.00101652 0.747776
22.8301 -21.8456 75.2602 0.652757 0.0115553 0.757467
23.1131 -20.7697 74.9964 0.650359 0.016188 0.759454
23.6343 -19.4778 74.5232 0.662779 0.0105549 0.748538
24.0061 -18.5306 74.171 0.678047 0.00958023 0.734956
24.4113 -17.2905 73.7705 0.673814 0.0193858 0.738644
24.6982 -16.2662 73.4831 0.674927 0.0170253 0.737688
24.8636 -14.7739 73.3266 0.675545 -0.0073444 0.737282
24.7522 -13.3415 73.4231 0.669387 0.0213919 0.742605
24.5195 -11.9718 73.5915 0.675245 0.0170796 0.73734
24.0056 -10.4002 73.9921 0.647067 0.0228749 0.76209
23.3948 -9.69827 74.5055 0.642763 0.00703395 0.76596
22.609 -9.55251 75.1498 0.635072 0.0106266 0.772379
21.9416 -10.1577 75.7136 0.637775 0.0144123 0.770088
21.5683 -11.0437 76.0401 0.634612 0.0141626 0.772686
21.3213 -12.0662 76.2558 0.631995 0.0111332 0.774892
21.1549 -13.023 76.4051 0.631074 0.0153668 0.775558
20.6431 -12.6135 76.7798 0.595622 0.0227153 0.802942
20.8319 -11.5348 76.6116 0.595819 0.0214876 0.80283
21.0873 -10.5061 76.3943 0.599614 0.0247495 0.799888
21.4694 -9.60664 76.0719 0.601785 0.0316454 0.798031
22.0465 -8.93124 75.6035 0.636355 0.0126684 0.771287
22.8527 -8.70217 74.9377 0.635072 0.0106266 0.772379
23.6114 -8.92671 74.3168 0.642698 0.00677577 0.766017
24.2508 -9.52716 73.772 0.650222 0.00324518 0.759737
24.7435 -10.5696 73.3707 0.661111 0.0154312 0.749862
25.0128 -11.6572 73.1346 0.675993 0.00745845 0.736869
25.205 -12.7367 72.9926 0.674149 0.0260307 0.738137
25.3857 -14.5123 72.8526 0.671426 -0.00505467 0.741054
25.3206 -15.833 72.9043 0.670926 0.00930961 0.741412
25.0872 -16.935 73.1431 0.67448 0.0181298 0.73807
24.6721 -18.2527 73.552 0.678325 0.0104203 0.734688
24.2822 -19.3649 73.9266 0.677634 0.00876735 0.735347
23.8261 -20.5281 74.35 0.677977 0.000287966 0.735079
23.4128 -21.758 74.7304 0.680063 -0.00161445 0.733151
23.0855 -23.5743 75.0209 0.674229 -0.00622674 0.738496
23.0695 -25.2802 75.0388 0.683144 -0.00615869 0.73012
23.1003 -26.8026 74.9573 0.694666 -0.0251379 0.718894
23.0506 -28.0342 74.9464 0.694422 -0.0379656 0.718566
22.4572 -29.6867 75.4354 0.699409 -0.0411746 0.713535
21.9283 -30.413 75.9347 0.711905 -0.0383762 0.700924
21.0831 -31.2236 76.7784 0.72535 -0.0361105 0.686853
20.0022 -31.4897 77.8485 0.712089 -0.021824 0.701675
19.2471 -31.1034 78.582 0.687595 -0.00495891 0.726077
18.8823 -30.2071 78.932 0.686389 -0.00464023 0.727218
18.7301 -29.0948 79.0347 0.670571 0.0312483 0.741187
18.9325 -27.7812 78.8014 0.665824 0.0254669 0.745669
19.403 -26.5299 78.3373 0.662721 0.0252542 0.748437
19.7982 -25.5972 77.9591 0.660724 0.0237448 0.750251
20.4023 -24.0814 77.3774 0.659322 0.0268694 0.751315
20.6179 -23.1234 77.1497 0.648495 0.0172442 0.76084
20.7502 -21.9865 77.0355 0.64487 0.00238917 0.764288
20.6666 -20.256 77.0652 0.646341 0.0292194 0.762489
20.4448 -19.1683 77.1968 0.610632 0.027904 0.791415
20.1841 -17.9976 77.3671 0.610661 0.0203444 0.791631
20.0811 -16.8753 77.4107 0.613744 0.043113 0.787878
20.19 -15.3461 77.2239 0.595103 0.048257 0.802136
20.3588 -14.3216 77.0523 0.594259 0.033403 0.803579
20.5403 -13.2516 76.875 0.595168 0.0278035 0.803108
19.9742 -13.185 77.2938 0.596514 0.0236241 0.802255
20.1446 -12.0992 77.1353 0.595788 0.0220135 0.802838
20.3358 -11.009 76.9654 0.594933 0.0212039 0.803495
20.6036 -9.9674 76.7391 0.598156 0.0270925 0.800896
20.9919 -9.06422 76.4126 0.606176 0.0104052 0.795263
21.5537 -8.35518 75.9754 0.611238 0.0175581 0.791191
22.3257 -7.9259 75.3543 0.633792 0.0160133 0.773338
23.6258 -8.10742 74.2923 0.637178 0.0200606 0.770432
24.4701 -8.70132 73.5693 0.663264 0.0201827 0.748113
25.0134 -9.59992 73.1108 0.664437 0.0186475 0.74711
25.3773 -10.7067 72.7921 0.671494 0.00434172 0.740971
25.5882 -11.699 72.6068 0.675166 0.0157986 0.737431
25.7676 -12.9812 72.4868 0.675136 0.0257336 0.737244
25.8802 -14.0063 72.4031 0.679388 0.00515622 0.733761
25.9226 -15.155 72.3585 0.67689 0.00428892 0.735989
25.8182 -16.1733 72.4594 0.667234 0.00186637 0.744846
25.5555 -17.3491 72.7257 0.676577 0.0102754 0.736251
25.1824 -18.4916 73.0824 0.68306 0.00938548 0.730302
24.8452 -19.4615 73.4089 0.67808 0.00935979 0.734928
24.4191 -20.5801 73.8011 0.680463 -0.00309644 0.732776
24.0472 -21.588 74.1421 0.680287 -0.00177502 0.732942
23.7846 -22.589 74.385 0.679954 -0.000534824 0.733255
23.6331 -23.6176 74.5205 0.67438 -0.00227541 0.738372
23.5939 -25.0697 74.5403 0.691256 -0.0141761 0.72247
23.6094 -26.2595 74.4877 0.690382 -0.0274257 0.722924
23.5924 -28.03 74.4265 0.690083 -0.0346447 0.722901
23.1664 -29.6242 74.752 0.691736 -0.038377 0.721125
22.4803 -30.7036 75.3395 0.701666 -0.0555352 0.709962
21.9214 -31.3575 75.86 0.715602 -0.0704284 0.694886
21.208 -31.9579 76.5916 0.744561 -0.0438787 0.66611
20.2868 -32.31 77.5384 0.718207 -0.0154125 0.695658
19.1181 -32.0176 78.6977 0.687781 -0.00546552 0.725897
18.4951 -31.1182 79.2907 0.678732 -0.00252012 0.734381
18.2124 -29.8165 79.5325 0.669442 0.0287512 0.742307
18.1817 -28.731 79.5155 0.670574 0.0313007 0.741182
18.5616 -27.0238 79.1034 0.664881 0.0277639 0.746433
19.171 -25.5243 78.5078 0.662028 0.026133 0.749021
19.5841 -24.6109 78.087 0.630967 0.0477364 0.773833
19.9951 -23.1975 77.6906 0.65371 0.0327102 0.756037
20.2043 -21.944 77.495 0.643941 0.00215331 0.765073
20.1445 -20.6104 77.483 0.609783 0.028137 0.792065
19.9463 -19.6026 77.5967 0.610632 0.027904 0.791415
19.6902 -18.6375 77.7646 0.611377 0.024809 0.79095
19.5131 -17.5793 77.8732 0.610475 0.0214675 0.791744
19.4753 -16.5314 77.8362 0.585513 0.049569 0.809145
19.5912 -15.393 77.673 0.598038 0.03828 0.800553
19.783 -14.2724 77.4761 0.595973 0.0355719 0.802207
19.917 -13.4992 77.3456 0.59525 0.0281808 0.803032
19.2918 -13.7391 77.8164 0.566499 0.0350591 0.823309
19.4825 -12.6957 77.6449 0.564754 0.0323455 0.824625
19.6412 -11.6208 77.4949 0.56228 0.0383634 0.826027
19.8281 -10.5292 77.3257 0.552723 0.0336976 0.832683
20.1222 -9.42544 77.0794 0.561207 0.0157141 0.827227
20.5446 -8.49559 76.7462 0.606176 0.0104052 0.795263
21.5509 -7.41749 75.9482 0.616579 0.0245749 0.78691
22.4666 -7.09561 75.2206 0.624997 0.0209846 0.780263
23.2518 -7.17524 74.5741 0.639483 0.0254748 0.768383
24.0011 -7.4245 73.9575 0.652287 0.019118 0.757547
24.7601 -8.01294 73.2934 0.664528 0.0174081 0.747052
25.3194 -8.82602 72.8186 0.666595 0.0197907 0.745157
25.7006 -9.71932 72.5011 0.666604 0.00944562 0.745299
25.9546 -10.6599 72.272 0.669426 -0.000228069 0.742879
26.2402 -12.4141 72.0344 0.671737 0.0214426 0.740457
26.402 -13.9244 71.9193 0.684402 0.00192288 0.729064
26.4571 -14.952 71.8668 0.681385 0.0116879 0.731757
26.3765 -16.1592 71.9591 0.678012 0.00636918 0.734863
26.0842 -17.5481 72.2374 0.678988 0.00239517 0.734145
25.6312 -18.8823 72.6673 0.683115 0.00897374 0.730255
25.2571 -19.9813 73.0216 0.684621 -0.00304608 0.728891
24.728 -21.3549 73.509 0.683009 -0.00243875 0.730402
24.3792 -22.4114 73.833 0.681903 -0.00129954 0.731441
24.1913 -23.4927 74.0061 0.683876 -0.00830866 0.729512
24.1262 -24.5574 74.0436 0.685272 -0.0173398 0.72808
24.128 -26.011 74.0017 0.686101 -0.0231221 0.727109
24.1654 -27.0606 73.9354 0.682634 -0.0314865 0.730025
24.1188 -28.1898 73.9163 0.686874 -0.0374244 0.725794
23.7716 -29.6113 74.175 0.689974 -0.0396936 0.722745
23.2767 -30.5914 74.5945 0.690953 -0.0402515 0.721776
22.7251 -31.4266 75.0414 0.693779 -0.0779385 0.715958
22.0648 -32.0788 75.63 0.703807 -0.0893092 0.704539
21.4106 -32.6145 76.2959 0.75541 -0.111804 0.645644
20.752 -32.9744 76.995 0.741244 -0.124062 0.659638
19.9197 -33.0668 77.9006 0.727238 -0.0679593 0.680659
18.9806 -32.8142 78.8334 0.708445 0.0283865 0.705194
18.2604 -32.1045 79.5284 0.708235 0.035084 0.705072
17.7562 -30.5612 79.9718 0.671761 0.0133033 0.740499
17.5869 -29.5667 80.0852 0.642627 0.0342362 0.765413
17.6455 -28.4704 79.9844 0.666792 0.034985 0.744422
17.8687 -27.2142 79.7243 0.664273 0.034304 0.746693
18.2981 -26.0453 79.2992 0.642807 0.0598876 0.762715
18.733 -24.9951 78.8377 0.641274 0.0716775 0.763957
19.3435 -23.3904 78.2405 0.62031 0.0235622 0.784003
19.5952 -22.3485 78.0082 0.628963 0.0245296 0.776506
19.6239 -21.0798 77.9103 0.613922 0.0467858 0.787979
19.4516 -20.0553 77.9933 0.609366 0.0277536 0.792398
18.9877 -18.2823 78.2954 0.609957 0.0225473 0.792111
18.8597 -17.1455 78.3195 0.585762 0.0522092 0.808797
18.914 -15.9146 78.2058 0.589149 0.053098 0.806255
19.0772 -14.8858 78.0327 0.582466 0.0441077 0.811414
19.2859 -13.767 77.8217 0.56612 0.0439805 0.823122
18.7768 -13.2564 78.1502 0.566499 0.0350591 0.823309
19.0004 -12.2427 77.9573 0.564547 0.0320768 0.824777
19.1071 -11.0398 77.8251 0.556381 0.0396143 0.829952
19.3456 -9.88268 77.6204 0.554605 0.0351833 0.831365
19.6921 -8.73771 77.3796 0.578281 0.00602866 0.815592
20.44 -7.46567 76.8034 0.590889 0.0166218 0.806579
21.2272 -6.71367 76.1809 0.616881 0.0232037 0.786714
22.021 -6.36995 75.5483 0.618848 0.0263446 0.785058
23.2356 -6.38368 74.5617 0.639797 0.0240142 0.768169
24.155 -6.68292 73.805 0.652147 0.0208316 0.757627
25.0725 -7.37973 73.0033 0.659274 0.00648171 0.751798
25.6663 -8.22498 72.4923 0.664143 0.016994 0.747399
26.2605 -9.58193 71.9959 0.668663 0.00985232 0.743437
26.5176 -10.5766 71.7637 0.670715 -9.48176e-05 0.741715
26.7198 -11.8001 71.5868 0.670706 0.0159137 0.741552
26.8332 -12.7965 71.5074 0.682754 0.0100612 0.73035
26.9395 -13.9862 71.4079 0.691885 0.000335638 0.721997
26.976 -15.595 71.381 0.691278 0.00861379 0.722534
26.8163 -16.6433 71.5458 0.693433 0.00288833 0.720498
26.5874 -17.7605 71.7648 0.695065 -0.00126659 0.718946
26.2924 -18.7669 72.0485 0.687265 0.000516382 0.726318
25.7931 -20.1164 72.5141 0.688422 -0.00329306 0.725303
25.4339 -21.1249 72.8473 0.686635 -0.00208371 0.72699
25.021 -22.157 73.2346 0.683886 -0.000411614 0.729589
24.7604 -23.1895 73.4761 0.684217 -0.0083792 0.729194
24.6381 -24.2149 73.5698 0.686024 -0.0155581 0.727413
24.664 -25.6514 73.5113 0.683314 -0.0183321 0.729891
24.6904 -26.8794 73.4513 0.6837 -0.0299725 0.729089
24.6363 -28.4041 73.4192 0.683167 -0.0398338 0.729175
24.2073 -30.0667 73.7338 0.689866 -0.0409861 0.722775
23.7451 -30.9707 74.1232 0.685175 -0.0601104 0.725612
23.2032 -31.8244 74.534 0.687777 -0.0831732 0.721055
22.5647 -32.4544 75.0826 0.692699 -0.09263 0.715253
21.903 -32.992 75.654 0.723675 -0.103079 0.680703
21.2123 -33.5118 76.3679 0.746216 -0.125488 0.653768
20.5484 -33.7829 77.0717 0.741318 -0.124196 0.659534
19.403 -33.7997 78.4395 0.755519 -0.00663516 0.651236
18.2763 -33.1816 79.5561 0.709537 0.0288292 0.704077
17.6945 -32.3403 80.1085 0.707688 0.0360577 0.705572
17.3652 -31.4066 80.3811 0.674164 0.0524338 0.735459
17.0925 -30.1826 80.5282 0.644888 0.0383581 0.763299
16.9418 -29.062 80.605 0.63991 0.0457387 0.766993
17.2099 -27.4906 80.3277 0.638737 0.0241513 0.768068
17.5313 -26.2833 79.947 0.617852 0.0813797 0.781922
17.8809 -25.4094 79.5605 0.621162 0.0815077 0.779329
18.3772 -24.235 79.065 0.629368 0.0707914 0.773721
18.7284 -23.2917 78.725 0.614494 0.035858 0.787969
19.0545 -22.2313 78.4148 0.604088 0.0453163 0.795628
18.9642 -20.5356 78.3872 0.604983 0.0431782 0.795063
18.6916 -19.5723 78.5598 0.603272 0.0262907 0.797098
18.2684 -17.976 78.779 0.56485 0.0581204 0.823085
18.2467 -16.3436 78.6936 0.562789 0.0536659 0.824854
18.3967 -15.2086 78.5215 0.566057 0.0490644 0.822904
18.579 -14.2069 78.3322 0.565061 0.0514719 0.82344
18.601 -14.0901 78.3101 0.56612 0.0439805 0.823122
18.0833 -13.7341 78.6516 0.568328 0.0379414 0.821927
18.2996 -12.2455 78.4377 0.563045 0.0382146 0.825517
18.3929 -11.0643 78.311 0.561086 0.0449655 0.826535
18.6616 -10.1073 78.0813 0.556835 0.0205934 0.83022
18.9799 -8.94461 77.864 0.561673 -0.00426425 0.827348
19.2849 -7.95959 77.6585 0.57548 0.00910004 0.817541
20.137 -6.74559 77.0122 0.589434 0.0156257 0.807665
21.1716 -5.85465 76.1991 0.610613 0.0255439 0.791474
21.9602 -5.61822 75.5682 0.620298 0.0294739 0.783812
22.787 -5.32279 74.9019 0.630562 0.0268445 0.775571
23.7776 -5.75261 74.0895 0.636895 0.0172835 0.770709
24.8244 -6.22527 73.2173 0.649387 -0.00244388 0.760448
25.5128 -6.81468 72.6242 0.655175 -0.00414452 0.755448
26.0394 -7.60378 72.1513 0.663513 0.00533955 0.748091
26.5881 -8.81516 71.6886 0.668499 0.012465 0.743559
27.11 -10.3169 71.2233 0.680155 0.00608225 0.733043
27.2006 -11.4428 71.1451 0.67083 0.00747936 0.74153
27.4211 -12.3965 70.9389 0.69472 0.00114885 0.71928
27.4109 -13.504 70.9514 0.694507 0.00236316 0.719482
27.6677 -14.9239 70.7105 0.691996 0.00541198 0.721879
27.4112 -16.4244 70.9719 0.693945 0.00509587 0.720005
27.2749 -17.4224 71.1022 0.692794 -0.00332688 0.721125
27.0543 -18.4571 71.3114 0.695928 -0.00163666 0.71811
26.5318 -19.7263 71.8119 0.693372 -0.00495886 0.720563
26.213 -20.9893 72.107 0.694293 -0.00752664 0.719653
25.722 -21.9502 72.5758 0.69727 -0.00515872 0.71679
25.3708 -22.8378 72.9069 0.683107 -0.000703288 0.730316
25.158 -23.9101 73.0861 0.686024 -0.0155581 0.727413
25.1532 -24.9413 73.068 0.687372 -0.0169517 0.726107
25.205 -26.4895 72.9833 0.683808 -0.0183844 0.729417
25.3633 -27.7497 72.7751 0.682061 -0.0381133 0.730298
25.0364 -29.2464 72.9998 0.682238 -0.038616 0.730109
24.7389 -30.2809 73.2204 0.681383 -0.0408533 0.730786
24.2134 -31.5828 73.6248 0.679955 -0.0733656 0.729488
23.2597 -32.7455 74.3777 0.670992 -0.0800254 0.737088
22.5093 -33.3126 75.0251 0.692699 -0.09263 0.715253
21.7637 -33.954 75.662 0.680399 -0.1069 0.724616
21.1021 -34.361 76.3262 0.742477 -0.160771 0.650089
20.3919 -34.5633 77.097 0.76474 -0.143512 0.626932
19.5715 -34.562 78.1759 0.799705 -0.0328945 0.599491
18.8434 -34.3862 79.0211 0.712286 0.0189497 0.70163
18.0968 -34.0456 79.7847 0.723444 0.0691707 0.686562
17.4625 -33.2987 80.3863 0.715821 0.0379164 0.697254
17.0972 -32.3851 80.6913 0.646335 0.0668918 0.760113
16.7384 -31.2623 80.8988 0.645505 0.0653345 0.760957
16.4657 -30.0159 81.0506 0.645713 0.0406158 0.762497
16.304 -28.9433 81.1082 0.578555 0.0916979 0.810103
16.4028 -27.8426 80.9364 0.563745 0.0822696 0.821829
16.5375 -26.7699 80.7336 0.563078 0.0817719 0.822308
17.0028 -25.7993 80.305 0.5645 0.0920749 0.820279
17.3842 -24.966 79.9112 0.621507 0.0794094 0.779273
17.95 -23.4173 79.3139 0.596091 0.0679367 0.799651
18.4282 -22.0622 78.8794 0.600901 0.0469871 0.797925
18.422 -20.9805 78.8243 0.606168 0.0414891 0.794254
18.1769 -20.0171 78.964 0.603272 0.0262907 0.797098
17.7491 -18.6984 79.1971 0.566726 0.0660451 0.821253
17.6456 -17.3067 79.1637 0.560886 0.0528969 0.826189
17.4875 -16.0411 79.1872 0.55808 0.0526356 0.828114
17.8067 -15.1336 78.9161 0.558503 0.050749 0.827948
17.9178 -14.1682 78.7862 0.558436 0.0389392 0.828546
21.7954 -23.9283 76.1638 0.644994 0.00806194 0.764145
21.4234 -24.8017 76.4871 0.655225 0.0140396 0.75516
20.8763 -25.9987 77.0153 0.665703 0.0262847 0.745754
20.4974 -26.9324 77.3828 0.66193 0.0222036 0.749236
20.0581 -27.9343 77.7998 0.662431 0.02115 0.748824
19.9192 -29.1391 77.9621 0.678642 0.0125748 0.73404
20.5431 -29.6873 77.3467 0.701245 -0.0104848 0.71284
21.1911 -29.4272 76.7155 0.700162 -0.0118719 0.713885
21.9859 -28.1256 75.9797 0.699908 -0.0338705 0.713429
22.1142 -27.0784 75.8953 0.681413 -0.0032278 0.731695
21.954 -26.0903 76.0287 0.662746 0.00108389 0.748844
22.0107 -24.502 75.984 0.662239 -0.00635711 0.749265
22.0111 -24.279 75.9855 0.653558 0.000581478 0.75675
21.4812 -26.7497 76.4798 0.681749 0.0142235 0.731448
21.5518 -27.9467 76.3946 0.68133 -0.0202641 0.731695
20.9492 -28.7897 76.9626 0.699803 -0.00637319 0.714307
21.0025 -27.3242 76.9209 0.689766 -0.0110076 0.723784
21.3848 -26.9998 76.5745 0.680833 -0.00213466 0.732252
