-51.3462 22.2662 45.7765 -0.758712 0.00478228 0.651383 0 1 0
-50.8841 22.3701 46.3143 -0.758668 0.00415959 0.651464 0.33268 0 0
-50.4738 20.9688 46.7862 -0.75861 0.00372197 0.651534 0.486709 0 0
-51.0547 21.4992 46.1143 -0.758511 0.00341725 0.651651 0.566606 0 0
-51.2543 21.9437 45.8828 -0.758316 0.00311482 0.651879 0.683915 0 0
-51.5962 21.3473 45.4846 -0.757981 0.00268568 0.652271 0.934547 0 0
-51.7819 23.0378 45.2557 -0.757494 0.00206444 0.652839 1.09094 0 0
-51.2832 23.7959 45.8291 -0.756876 0.0012644 0.653558 1.27908 0 0
-50.52 23.2811 46.7285 -0.756169 0.000350878 0.654377 1.50803 0 0
-50.1377 21.8453 47.1819 -0.755419 -0.000598981 0.655242 1.72244 0 0
-49.925 20.4493 47.4104 -0.75466 -0.00152305 0.656114 1.87937 0 0
-49.7608 19.4293 47.5886 -0.753917 -0.00237872 0.656965 2.14508 0 0
-49.5026 17.6925 47.8727 -0.753216 -0.0031341 0.657765 2.29166 0 0
-49.1693 16.8536 48.248 -0.752596 -0.00376102 0.658472 2.45081 0 0
-48.7936 15.9575 48.6721 -0.752107 -0.00423728 0.659028 2.72209 0 0
-48.3244 14.2971 49.1974 -0.751796 -0.00455233 0.65938 2.98113 0 0
-48.5041 12.6189 48.9718 -0.751688 -0.00470587 0.659503 3.1911 0 0
-48.6827 11.2564 48.7559 -0.751772 -0.00469775 0.659406 3.34505 0 0
-49.2343 11.8553 48.1388 -0.752008 -0.00451987 0.659139 3.51411 0 0
-49.5208 12.899 47.8226 -0.752328 -0.0041642 0.658776 3.69837 0 0
-49.6619 14.1103 47.6683 -0.752651 -0.00364706 0.658409 3.97458 0 0
-50.0368 15.8743 47.2446 -0.752893 -0.00303017 0.658135 4.20795 0 0
-50.2301 17.4285 47.0334 -0.752984 -0.00241547 0.658034 4.35541 0 0
-50.3309 18.4187 46.9265 -0.752891 -0.00191179 0.658143 4.60466 0 0
-50.8955 19.8751 46.289 -0.752637 -0.00159501 0.658434 4.79687 0 0
-51.4277 20.9057 45.6796 -0.752297 -0.0014881 0.658822 4.90616 0 0
-51.791 20.3979 45.2658 -0.75197 -0.001571 0.659196 5.07871 0 0
-51.3524 19.4159 45.7697 -0.751733 -0.00180754 0.659465 5.2315 0 0
-51.0266 18.4962 46.1375 -0.75162 -0.00216667 0.659593 5.3849 0 0
-50.7951 17.5083 46.389 -0.751619 -0.00262534 0.659593 5.62527 0 0
-50.5047 15.9212 46.7104 -0.751679 -0.00315892 0.659522 5.7922 0 0
-50.3166 14.819 46.9184 -0.751731 -0.00373305 0.659459 5.94806 0 0
-50.1409 13.7942 47.1159 -0.751703 -0.00430671 0.659488 6.12049 0 0
-49.9675 12.6594 47.3133 -0.751535 -0.00484683 0.659676 6.35844 0 0
-49.7307 11.1068 47.5686 -0.751204 -0.00534612 0.660049 6.5469 0 0
-49.6217 9.85661 47.6762 -0.750738 -0.0058307 0.660574 6.70109 0 0
-49.6871 8.82783 47.5886 -0.750214 -0.0063491 0.661165 6.87828 0 0
-49.8689 7.67121 47.3722 -0.749725 -0.00694495 0.661713 7.03933 0 0
-50.0993 6.64923 47.1055 -0.749352 -0.00762582 0.662128 7.19502 0 0
-50.2773 5.64479 46.8856 -0.749126 -0.00834631 0.662375 7.36846 0 0
-50.3345 4.47037 46.8129 -0.749023 -0.00901997 0.662483 7.59234 0 0
-50.0564 3.01094 47.104 -0.748977 -0.00955726 0.662527 7.76434 0 0
-49.6491 2.02376 47.5429 -0.748914 -0.00990565 0.662594 7.9151 0 0
-49.2589 1.19262 47.9689 -0.748775 -0.0100651 0.662748 8.06549 0 0
-48.9182 0.321549 48.3378 -0.748535 -0.0100734 0.663019 8.17782 0 0
-48.5301 0.770895 48.7894 -0.748202 -0.00997913 0.663396 8.36671 0 0
-48.4539 2.0037 48.9002 -0.747817 -0.00982528 0.663833 8.59343 0 0
-48.2007 3.43603 49.1967 -0.747439 -0.00964453 0.664261 8.77908 0 0
-48.052 4.63023 49.3747 -0.747135 -0.00945662 0.664605 8.99377 0 0
-48.0651 6.03464 49.3817 -0.746967 -0.00926112 0.664796 9.17012 0 0
-48.1632 7.18419 49.2946 -0.74698 -0.0090347 0.664786 9.33675 0 0
-48.2334 8.26417 49.2285 -0.747187 -0.00874352 0.664556 9.58163 0 0
-48.2378 9.86636 49.2437 -0.747575 -0.00836543 0.664124 9.8605 0 0
-48.1227 11.6861 49.3913 -0.748104 -0.00790348 0.663534 10.0505 0 0
-47.9317 12.8989 49.6207 -0.748731 -0.00737678 0.662833 10.2192 0 0
-47.8244 13.9942 49.7597 -0.74943 -0.00679639 0.662049 10.3984 0 0
-47.9381 15.1551 49.6444 -0.750209 -0.00614839 0.661172 10.6774 0 0
-48.5206 16.7657 48.9857 -0.751096 -0.00539754 0.660171 10.8332 0 0
-48.8574 17.669 48.6067 -0.752106 -0.00450589 0.659027 11.1107 0 0
-49.2565 19.4177 48.1654 -0.753216 -0.00345238 0.657764 11.3062 0 0
-49.4786 20.6753 47.9211 -0.754345 -0.00224321 0.656474 11.4599 0 0
-49.6399 21.6752 47.7473 -0.755375 -0.000909657 0.655292 11.6619 0 0
-49.8733 22.9825 47.4893 -0.756186 0.000502101 0.654356 11.8339 0 0
-50.2025 24.0102 47.0954 -0.75671 0.00193847 0.653748 12.0571 0 0
-51.064 24.7141 46.0781 -0.756957 0.00333501 0.653456 12.2727 0 0
-51.9464 24.1344 45.0486 -0.757013 0.00460739 0.653383 12.4456 0 0
-52.3188 23.0823 44.6284 -0.757007 0.00565145 0.653382 12.5972 0 0
-52.2987 22.0363 44.6686 -0.757063 0.00636183 0.653311 12.7574 0 0
-52.025 21.0218 44.99 -0.757255 0.00666363 0.653085 12.8646 0 0
-52.4538 20.6638 44.5075 -0.757587 0.00653814 0.652702 13.0615 0 0
-52.7973 21.9036 44.0926 -0.757981 0.00602594 0.652249 13.25 0 0
-52.809 23.1991 44.0536 -0.758313 0.00520659 0.65187 13.4719 0 0
-52.4055 24.617 44.5114 -0.758458 0.00417146 0.651709 13.6815 0 0
-51.6176 25.4132 45.425 -0.758336 0.00300729 0.651857 13.8346 0 0
-50.9404 25.5561 46.2256 -0.757934 0.00179478 0.652329 14.0017 0 0
-50.2542 25.1413 47.0367 -0.7573 0.000610393 0.653066 14.1583 0 0
-49.7591 24.4061 47.614 -0.756517 -0.000481886 0.653974 14.4043 0 0
-49.339 22.8759 48.0998 -0.75566 -0.00144772 0.654963 14.6091 0 0
-49.1314 21.5398 48.3248 -0.754779 -0.00229275 0.655975 14.7856 0 0
-48.9535 20.3872 48.5192 -0.753888 -0.00305429 0.656996 14.9482 0 0
-48.7458 19.3493 48.7489 -0.752976 -0.0037777 0.658037 15.1051 0 0
-48.4947 18.3764 49.0257 -0.752026 -0.00449172 0.659118 15.37 0 0
-47.9504 16.8197 49.6383 -0.751035 -0.00519658 0.660242 15.5215 0 0
-47.6015 15.9672 50.0346 -0.750024 -0.0058698 0.661384 15.741 0 0
-47.2957 14.595 50.3633 -0.749044 -0.00648219 0.662488 15.9134 0 0
-47.3002 13.4689 50.341 -0.748155 -0.00701189 0.663487 16.1462 0 0
-47.5509 12.0045 50.0381 -0.747406 -0.00745038 0.664325 16.3394 0 0
-47.7239 10.7707 49.8291 -0.746811 -0.00780278 0.664991 16.5618 0 0
-47.7579 9.31943 49.7703 -0.746349 -0.00808473 0.665506 16.7838 0 0
-47.7229 7.87209 49.7916 -0.745988 -0.00831656 0.665908 16.9462 0 0
-47.6418 6.81927 49.8718 -0.745709 -0.00851568 0.666217 17.1008 0 0
-47.564 5.82065 49.9403 -0.745515 -0.00869088 0.666432 17.2561 0 0
-47.5337 4.80529 49.9606 -0.745414 -0.00884305 0.666543 17.4329 0 0
-47.6327 3.66312 49.8351 -0.745409 -0.00897295 0.666547 17.6018 0 0
-47.8189 2.60488 49.6153 -0.745489 -0.00909021 0.666456 17.7582 0 0
-47.992 1.62327 49.408 -0.745634 -0.00921386 0.666292 17.9116 0 0
-48.081 0.629309 49.2981 -0.745823 -0.00936004 0.666078 18.1612 0 0
-48.0571 -0.988982 49.2992 -0.746031 -0.0095238 0.665843 18.3365 0 0
-47.7659 -2.04486 49.6097 -0.746225 -0.00966962 0.665624 18.496 0 0
-47.412 -2.94791 49.995 -0.746363 -0.00974137 0.665468 18.6633 0 0
-47.0586 -3.90467 50.3796 -0.746414 -0.00968802 0.665411 18.8549 0 0
-46.672 -5.0128 50.7945 -0.746372 -0.00948828 0.665461 19.0241 0 0
-46.4943 -6.09039 50.9739 -0.746264 -0.00915875 0.665587 19.1905 0 0
-46.4793 -7.1843 50.9718 -0.746134 -0.00874594 0.665739 19.3437 0 0
-46.7453 -8.09873 50.6549 -0.746024 -0.0083143 0.665867 19.5557 0 0
-47.4688 -8.952 49.8302 -0.745964 -0.007937 0.665939 19.709 0 0
-48.1439 -9.0878 49.0844 -0.745969 -0.0076834 0.665936 19.8782 0 0
-48.8776 -8.85668 48.2765 -0.746041 -0.00759897 0.665857 20.05 0 0
-49.4786 -8.17542 47.6041 -0.746164 -0.00768753 0.665717 20.2283 0 0
-49.8705 -7.13873 47.1713 -0.746316 -0.00791338 0.665545 20.4159 0 0
-49.9462 -5.88067 47.0964 -0.746476 -0.00822745 0.665361 20.5676 0 0
-49.7786 -4.89065 47.2891 -0.74664 -0.00859614 0.665173 20.721 0 0
-49.5785 -3.90059 47.5256 -0.746817 -0.00900407 0.664969 20.8763 0 0
-49.4495 -2.87329 47.6956 -0.747016 -0.00942724 0.66474 21.0377 0 0
-49.3969 -1.80114 47.775 -0.747236 -0.00980641 0.664486 21.1993 0 0
-49.4054 -0.729731 47.7742 -0.747475 -0.0100534 0.664214 21.3608 0 0
-49.5721 0.321294 47.6035 -0.747732 -0.0100907 0.663924 21.5123 0 0
-49.8904 1.22182 47.2618 -0.748021 -0.00989107 0.663601 21.67 0 0
-50.26 2.12308 46.8477 -0.748362 -0.0094843 0.663222 21.8594 0 0
-50.6602 3.27768 46.4216 -0.748766 -0.00893033 0.662774 22.0332 0 0
-50.8515 4.43507 46.2321 -0.749221 -0.00828948 0.662268 22.2356 0 0
-50.7761 5.81483 46.3322 -0.749686 -0.0076113 0.66175 22.41 0 0
-50.5654 6.95403 46.578 -0.750096 -0.00693621 0.661292 22.6423 0 0
-50.2533 8.44885 46.9397 -0.750383 -0.0062924 0.660973 22.791 0 0
-50.1432 9.44035 47.0751 -0.750506 -0.00568318 0.660839 23.0719 0 0
-50.2521 11.3303 46.9769 -0.75047 -0.00507753 0.660885 23.2467 0 0
-50.4495 12.4663 46.7605 -0.750322 -0.00442105 0.661058 23.4119 0 0
-50.615 13.5505 46.5692 -0.750136 -0.00366936 0.661273 23.5698 0 0
-50.78 14.6025 46.3882 -0.749985 -0.0028252 0.661449 23.8208 0 0
-51.0876 16.255 46.0573 -0.749919 -0.00195359 0.661527 23.9985 0 0
-51.3321 17.4107 45.7869 -0.749953 -0.00116499 0.661491 24.169 0 0
-51.6351 18.484 45.4505 -0.750056 -0.000575637 0.661374 24.3209 0 0
-51.9592 19.396 45.08 -0.750167 -0.000264521 0.661248 24.4557 0 0
-52.2741 20.1882 44.7187 -0.75021 -0.000248849 0.661199 24.5668 0 0
-52.7571 19.9624 44.1723 -0.750135 -0.000490395 0.661284 24.7128 0 0
-52.43 19.0928 44.5449 -0.74994 -0.000923783 0.661505 24.8713 0 0
-52.0988 18.1187 44.9201 -0.749676 -0.00148237 0.661803 25.0799 0 0
-51.718 16.8027 45.3522 -0.749413 -0.00210669 0.662099 25.2594 0 0
-51.4828 15.6269 45.6061 -0.749205 -0.0027428 0.662332 25.4404 0 0
-51.2581 14.432 45.8475 -0.749062 -0.00334862 0.662491 25.6556 0 0
-51.0575 12.9889 46.0711 -0.748953 -0.00391363 0.662611 25.8238 0 0
-50.8692 11.8781 46.2812 -0.748832 -0.00447185 0.662745 25.9818 0 0
-50.6923 10.8393 46.4671 -0.748665 -0.00508239 0.662929 26.13 0 0
-50.6363 9.84073 46.5166 -0.748453 -0.00578259 0.663163 26.373 0 0
-50.817 8.21925 46.2955 -0.748224 -0.00655297 0.663413 26.5393 0 0
-51.0612 7.1421 46.0204 -0.748008 -0.00732447 0.66365 26.7228 0 0
-51.2975 5.94976 45.7426 -0.747811 -0.00801614 0.663863 26.9026 0 0
-51.387 4.72271 45.6309 -0.747618 -0.00856732 0.664073 27.0934 0 0
-51.2432 3.42266 45.7796 -0.747402 -0.00894635 0.664312 27.2925 0 0
-50.8539 2.18261 46.1727 -0.747145 -0.00914706 0.664598 27.4471 0 0
-50.4847 1.26363 46.5831 -0.746861 -0.00918879 0.664917 27.5978 0 0
-50.1654 0.354022 46.9425 -0.746585 -0.00911761 0.665228 27.8513 0 0
-49.8777 -1.29883 47.2398 -0.746364 -0.00899578 0.665478 28.0055 0 0
-49.9147 -2.32667 47.1788 -0.746226 -0.00887625 0.665633 28.266 0 0
-50.1083 -4.04957 46.9327 -0.746173 -0.00877823 0.665694 28.4178 0 0
-50.3211 -5.0213 46.6828 -0.746184 -0.0086847 0.665683 28.6797 0 0
-50.4693 -6.77277 46.5078 -0.746237 -0.00856631 0.665625 28.8326 0 0
-50.2772 -7.76346 46.7075 -0.746318 -0.00841381 0.665536 29.0097 0 0
-49.8295 -8.75797 47.2012 -0.746419 -0.00825355 0.665426 29.1887 0 0
-49.1936 -9.49145 47.9076 -0.746526 -0.00813395 0.665307 29.3935 0 0
-48.3184 -9.85345 48.8841 -0.746616 -0.00809402 0.665206 29.5619 0 0
-47.5742 -9.83222 49.7064 -0.74666 -0.00813743 0.665156 29.7313 0 0
-46.8855 -9.41066 50.4836 -0.746626 -0.0082297 0.665193 29.9002 0 0
-46.3546 -8.64598 51.0914 -0.746491 -0.00831816 0.665343 30.0684 0 0
-46.0127 -7.68289 51.4881 -0.746241 -0.00836038 0.665623 30.2407 0 0
-45.9077 -6.57375 51.6255 -0.745881 -0.008345 0.666027 30.404 0 0
-46.0263 -5.52318 51.5101 -0.745437 -0.00829535 0.666524 30.5636 0 0
-46.2633 -4.55008 51.2601 -0.744958 -0.00825503 0.66706 30.7396 0 0
-46.6299 -3.54862 50.863 -0.744503 -0.00826325 0.667568 30.9279 0 0
-47.0395 -2.4942 50.4173 -0.744125 -0.0083332 0.667988 31.1044 0 0
-47.3911 -1.47342 50.0374 -0.743858 -0.00844617 0.668284 31.2653 0 0
-47.5722 -0.46192 49.8479 -0.743705 -0.00856499 0.668453 31.4905 0 0
-47.5409 0.993696 49.899 -0.743647 -0.00865739 0.668516 31.662 0 0
-47.3837 2.08374 50.0884 -0.74366 -0.0087144 0.668502 31.8835 0 0
-47.1275 3.46836 50.397 -0.743721 -0.00875328 0.668433 32.0673 0 0
-47.0058 4.64233 50.5506 -0.743821 -0.00880589 0.668321 32.2769 0 0
-47.0838 6.00138 50.4837 -0.743961 -0.00890043 0.668164 32.4566 0 0
-47.1769 7.16072 50.3925 -0.744155 -0.00904518 0.667945 32.6237 0 0
-47.2484 8.24285 50.3232 -0.744432 -0.00921982 0.667635 32.7862 0 0
-47.294 9.29801 50.2867 -0.744831 -0.00937815 0.667188 32.9532 0 0
-47.2569 10.3815 50.3439 -0.74539 -0.00946295 0.666562 33.1326 0 0
-47.1173 11.5278 50.5177 -0.746125 -0.00942592 0.665739 33.2877 0 0
-46.9488 12.5016 50.721 -0.747015 -0.00924081 0.664743 33.4504 0 0
-46.7483 13.5114 50.9622 -0.748001 -0.00890196 0.663638 33.6077 0 0
-46.7108 14.5294 51.0212 -0.749009 -0.00841265 0.662506 33.8603 0 0
-47.0259 16.1059 50.6903 -0.749977 -0.00777549 0.661418 34.0159 0 0
-47.4024 16.95 50.2682 -0.750884 -0.0069939 0.660398 34.2439 0 0
-47.8979 18.2531 49.7065 -0.751756 -0.00608186 0.659413 34.4471 0 0
-48.2659 19.4854 49.2996 -0.752646 -0.00507123 0.658405 34.6896 0 0
-48.5755 21.0267 48.9577 -0.753591 -0.00400663 0.657332 34.8493 0 0
-48.7219 22.0683 48.7977 -0.75458 -0.00292676 0.656201 35.0294 0 0
-48.8996 23.245 48.6013 -0.755559 -0.00184251 0.655079 35.2556 0 0
-49.268 24.6611 48.1814 -0.75644 -0.000729725 0.654062 35.4806 0 0
-49.928 25.789 47.417 -0.757139 0.00045063 0.653254 35.6844 0 0
-50.7541 26.307 46.4468 -0.757588 0.00171123 0.652731 35.8686 0 0
-51.5613 26.3001 45.4875 -0.757753 0.00300015 0.652535 36.0833 0 0
-52.4442 25.6838 44.4611 -0.757634 0.00419259 0.652666 36.2984 0 0
-53.0772 24.5612 43.7285 -0.757261 0.00512337 0.653092 36.45 0 0
-53.3195 23.5755 43.4511 -0.756679 0.00564639 0.653762 36.6517 0 0
-53.3279 22.1586 43.4728 -0.755932 0.00568974 0.654625 36.8392 0 0
-53.1069 20.8992 43.7544 -0.755051 0.00527557 0.655645 36.9528 0 0
-52.854 20.2188 44.0584 -0.754054 0.00449483 0.656797 37.0615 0 0
-53.3014 19.9043 43.5507 -0.752957 0.00345892 0.65806 37.248 0 0
-52.8824 18.7892 44.0276 -0.751787 0.00226429 0.659402 37.4611 0 0
-52.4456 17.4622 44.5225 -0.750589 0.000986436 0.660768 37.63 0 0
-52.1404 16.3832 44.8702 -0.749427 -0.000310288 0.662087 37.8258 0 0
-51.9158 15.0766 45.1117 -0.748372 -0.00156668 0.663278 38.045 0 0
-51.6703 13.6069 45.3872 -0.747483 -0.00273209 0.664276 38.2278 0 0
-51.4894 12.3899 45.5902 -0.746784 -0.00376984 0.665056 38.396 0 0
-51.2869 11.2903 45.8074 -0.746255 -0.00465609 0.665644 38.5448 0 0
-51.1509 10.2984 45.9442 -0.745842 -0.00537288 0.666102 38.7425 0 0
-51.2243 8.95988 45.8474 -0.745491 -0.00590794 0.666489 38.903 0 0
-51.4138 7.90416 45.629 -0.745171 -0.00626898 0.666844 39.1007 0 0
-51.7106 6.63466 45.2873 -0.744866 -0.00649973 0.667183 39.2835 0 0
-51.8685 5.40524 45.0904 -0.744561 -0.0066762 0.667521 39.4499 0 0
-51.8802 4.24638 45.0762 -0.744238 -0.00687757 0.667879 39.6611 0 0
-51.6691 2.81807 45.2937 -0.743887 -0.00715097 0.668267 39.9139 0 0
-51.0825 1.30981 45.9103 -0.743528 -0.00749672 0.668663 40.0664 0 0
-50.743 0.394298 46.291 -0.743223 -0.00788219 0.668997 40.2329 0 0
-50.475 -0.660129 46.5828 -0.74306 -0.00826894 0.669174 40.4894 0 0
-50.4249 -2.38274 46.6079 -0.743109 -0.00863076 0.669114 40.6818 0 0
-50.5665 -3.66252 46.4331 -0.743389 -0.00895317 0.668799 40.8505 0 0
-50.7668 -4.75602 46.1942 -0.743853 -0.00922122 0.668279 41.0149 0 0
-50.9929 -5.8105 45.931 -0.744416 -0.00940998 0.66765 41.1714 0 0
-51.0104 -6.86922 45.9032 -0.744994 -0.00948793 0.667004 41.4483 0 0
-50.5665 -8.624 46.3692 -0.745527 -0.00943254 0.666409 41.6216 0 0
-50.0438 -9.51407 46.9438 -0.745982 -0.00924661 0.665901 41.8085 0 0
-49.3522 -10.2404 47.7152 -0.746335 -0.0089619 0.66551 42.0386 0 0
-48.3588 -10.6135 48.8285 -0.746552 -0.00862672 0.665271 42.1928 0 0
-47.6784 -10.6198 49.5838 -0.746596 -0.00828657 0.665226 42.3485 0 0
-47.0101 -10.407 50.3372 -0.746444 -0.00797096 0.6654 42.5235 0 0
-46.3598 -9.80962 51.0735 -0.746113 -0.00769339 0.665775 42.7861 0 0
-45.6668 -8.45992 51.8709 -0.745657 -0.00746211 0.666289 42.9483 0 0
-45.4213 -7.47879 52.1566 -0.745153 -0.00729212 0.666853 43.1277 0 0
-45.4037 -6.31774 52.1952 -0.744682 -0.00720649 0.667381 43.2883 0 0
-45.5348 -5.30674 52.0611 -0.7443 -0.00722376 0.667806 43.49 0 0
-45.8518 -4.10352 51.7235 -0.744032 -0.00734053 0.668104 43.6513 0 0
-46.1898 -3.1959 51.3578 -0.743869 -0.00752487 0.668283 43.933 0 0
-46.8044 -1.63002 50.6853 -0.743786 -0.00772834 0.668373 44.0996 0 0
-47.0322 -0.599638 50.4438 -0.743753 -0.00790936 0.668408 44.3916 0 0
-46.993 1.2968 50.5088 -0.743753 -0.00805169 0.668407 44.684 0 0
-46.6433 3.116 50.9321 -0.743783 -0.00816722 0.668372 44.8787 0 0
-46.4683 4.3428 51.1459 -0.743849 -0.00828528 0.668296 45.0377 0 0
-46.5384 5.37056 51.0832 -0.743958 -0.00843785 0.668174 45.2038 0 0
-46.6206 6.44194 51.0033 -0.744113 -0.00864583 0.667998 45.3712 0 0
-46.709 7.52323 50.9155 -0.744331 -0.00890649 0.667752 45.5335 0 0
-46.7732 8.57412 50.8571 -0.744642 -0.00918657 0.667401 45.6925 0 0
-46.8297 9.60116 50.8086 -0.745094 -0.00942785 0.666893 45.8571 0 0
-46.7625 10.6628 50.9012 -0.745726 -0.00956627 0.666185 46.0812 0 0
-46.531 12.068 51.1833 -0.74655 -0.00955264 0.665261 46.3642 0 0
-46.1503 13.8015 51.6326 -0.747544 -0.00936095 0.664146 46.5242 0 0
-46.1641 14.8415 51.639 -0.748657 -0.00898173 0.662897 46.7659 0 0
-46.5191 16.323 51.2685 -0.749816 -0.00841184 0.661593 46.9417 0 0
-46.9391 17.2752 50.8028 -0.750956 -0.00765247 0.660308 47.0991 0 0
-47.2939 18.1575 50.4026 -0.752034 -0.00671441 0.65909 47.3312 0 0
-47.7638 19.5142 49.8755 -0.753049 -0.00561987 0.65794 47.5688 0 0
-48.0841 21.013 49.5205 -0.754028 -0.00439562 0.656828 47.7483 0 0
-48.2586 22.1783 49.3308 -0.754999 -0.00306556 0.655719 48.0306 0 0
-48.5494 24.0085 49.0034 -0.755959 -0.00165272 0.654616 48.179 0 0
-48.7984 24.9344 48.7193 -0.756859 -0.000186745 0.653578 48.3828 0 0
-49.3338 26.0389 48.1027 -0.757605 0.00129539 0.652713 48.5412 0 0
-49.8906 26.6895 47.4567 -0.758092 0.00275667 0.652142 48.8137 0 0
-51.0438 27.2005 46.1012 -0.75825 0.00416488 0.65195 48.9735 0 0
-51.7468 27.0857 45.267 -0.758065 0.0054906 0.652156 49.1515 0 0
-52.4961 26.6569 44.3923 -0.757581 0.00670557 0.652707 49.368 0 0
-53.1981 25.6113 43.5803 -0.756884 0.0077866 0.653503 49.5918 0 0
-53.7191 24.2746 42.9839 -0.756078 0.00872192 0.654424 49.7645 0 0
-53.8849 23.0811 42.8175 -0.755284 0.00951309 0.655328 49.9701 0 0
-53.8104 21.6441 42.9277 -0.754638 0.0101685 0.656062 50.1387 0 0
-53.5368 20.5395 43.2666 -0.754274 0.0106909 0.656473 50.2747 0 0
-54.0133 19.9184 42.7348 -0.754291 0.0110675 0.656447 50.4279 0 0
-54.2503 20.9183 42.4443 -0.754722 0.0112697 0.655948 50.5943 0 0
-54.3715 22.0711 42.2838 -0.755516 0.0112598 0.655033 50.8329 0 0
-54.3664 23.749 42.2571 -0.756547 0.0110006 0.653847 50.9787 0 0
-54.1181 24.7144 42.5191 -0.757647 0.0104642 0.65258 51.1386 0 0
-53.8256 25.7653 42.8392 -0.758651 0.00964328 0.651426 51.3113 0 0
-53.3159 26.7091 43.4211 -0.759432 0.00856082 0.650531 51.4592 0 0
-52.7832 27.3477 44.0468 -0.759928 0.00727273 0.649966 51.7009 0 0
-51.7538 27.9163 45.2474 -0.760138 0.00585383 0.649736 51.9025 0 0
-50.8586 28.0113 46.3183 -0.760097 0.00437521 0.649795 52.0492 0 0
-50.2267 27.7708 47.0606 -0.759864 0.00288892 0.650076 52.2113 0 0
-49.5677 27.3226 47.8304 -0.759495 0.00142743 0.650511 52.4507 0 0
-48.7019 26.3671 48.8316 -0.75904 1.02394e-05 0.651044 52.6137 0 0
-48.3423 25.4039 49.244 -0.758525 -0.00135326 0.651642 52.7884 0 0
-48.1102 24.2752 49.5133 -0.757947 -0.00266552 0.65231 52.9472 0 0
-47.7779 23.3349 49.9006 -0.757273 -0.00393907 0.653086 53.1128 0 0
-47.811 22.2455 49.8499 -0.756456 -0.00518461 0.654024 53.2725 0 0
-47.5389 21.2754 50.1509 -0.755462 -0.0063937 0.655161 53.5056 0 0
-47.2532 19.7931 50.4649 -0.754296 -0.00753011 0.656492 53.6603 0 0
-46.9146 18.9078 50.848 -0.753009 -0.00853878 0.657955 53.816 0 0
-46.5963 18.0027 51.2034 -0.751685 -0.00936577 0.659456 54.006 0 0
-46.1095 16.9983 51.7447 -0.750411 -0.00997483 0.660897 54.2077 0 0
-45.7559 15.802 52.1149 -0.749248 -0.0103538 0.662209 54.4278 0 0
-45.5753 14.3958 52.2873 -0.748226 -0.0105156 0.663361 54.5881 0 0
-45.6707 13.3686 52.1588 -0.747345 -0.010498 0.664353 54.7486 0 0
-45.7267 12.3356 52.0825 -0.746593 -0.0103611 0.665201 55.0032 0 0
-46.1793 10.851 51.559 -0.74596 -0.0101767 0.665912 55.2101 0 0
-46.2955 9.53624 51.4034 -0.745448 -0.0100088 0.666489 55.4149 0 0
-46.2659 8.20549 51.4178 -0.745056 -0.00989204 0.666928 55.5788 0 0
-46.1765 7.15017 51.5032 -0.744776 -0.00982051 0.667243 55.759 0 0
-46.0879 5.98484 51.5897 -0.74457 -0.00975319 0.667473 55.953 0 0
-45.8956 4.76095 51.7911 -0.744386 -0.00963419 0.667681 56.1183 0 0
-45.9492 3.70278 51.7149 -0.744161 -0.00941692 0.667934 56.2902 0 0
-46.1688 2.65208 51.4543 -0.743857 -0.00908282 0.668277 56.4813 0 0
-46.4571 1.51142 51.1131 -0.743466 -0.0086511 0.668718 56.6635 0 0
-46.5771 0.353707 50.9605 -0.743023 -0.00817841 0.669216 56.8432 0 0
-46.4956 -0.805748 51.0351 -0.742596 -0.00774563 0.669695 57.0042 0 0
-46.2141 -1.76768 51.3417 -0.742268 -0.00743079 0.670062 57.2644 0 0
-45.6255 -3.20864 51.9794 -0.742111 -0.00727897 0.670238 57.4374 0 0
-45.1678 -4.09839 52.4715 -0.742162 -0.00728829 0.670181 57.6037 0 0
-45.019 -5.14455 52.6313 -0.742412 -0.0074199 0.669902 57.845 0 0
-44.8681 -6.668 52.7842 -0.742815 -0.00762091 0.669454 58.0439 0 0
-44.9373 -7.93045 52.6954 -0.743304 -0.0078438 0.668907 58.2424 0 0
-45.2932 -9.07953 52.2867 -0.743818 -0.00805531 0.668334 58.4091 0 0
-45.7171 -9.92709 51.7935 -0.744305 -0.00823846 0.667789 58.6024 0 0
-46.3514 -10.7337 51.0742 -0.744734 -0.00839439 0.667309 58.7776 0 0
-47.0082 -11.3026 50.3319 -0.745079 -0.00854293 0.666921 58.973 0 0
-47.8557 -11.3579 49.3743 -0.745314 -0.00871554 0.666657 59.137 0 0
-48.5831 -11.4115 48.5663 -0.745405 -0.00893887 0.666552 59.3025 0 0
-49.3043 -11.2726 47.7563 -0.745324 -0.00921689 0.666639 59.4696 0 0
-49.9089 -10.6297 47.077 -0.745073 -0.00952193 0.666915 59.7057 0 0
-50.7231 -9.58133 46.1833 -0.744697 -0.00979968 0.667331 59.8766 0 0
-51.1788 -8.63544 45.6785 -0.744275 -0.00998524 0.667799 60.0546 0 0
-51.4299 -7.45836 45.4194 -0.743884 -0.0100244 0.668234 60.244 0 0
-51.5718 -6.16957 45.2897 -0.743571 -0.00989136 0.668584 60.4067 0 0
-51.4831 -5.07677 45.4023 -0.743348 -0.00959554 0.668836 60.5605 0 0
-51.1348 -4.18162 45.7998 -0.743211 -0.00917624 0.668995 60.7772 0 0
-50.9466 -2.74914 46.0289 -0.743152 -0.00869017 0.669067 60.9443 0 0
-50.9319 -1.62279 46.0574 -0.743172 -0.00819729 0.66905 61.1033 0 0
-50.9943 -0.550957 46.0015 -0.743272 -0.00774804 0.668944 61.2647 0 0
-51.3687 0.391714 45.5884 -0.743447 -0.00737474 0.668754 61.4309 0 0
-51.6953 1.42799 45.2413 -0.74369 -0.00708635 0.668488 61.6793 0 0
-52.3336 2.84548 44.5567 -0.743991 -0.00686342 0.668154 61.9497 0 0
-52.423 4.70135 44.4694 -0.744344 -0.00665643 0.667763 62.1049 0 0
-52.3344 5.76987 44.5735 -0.744741 -0.00639621 0.667323 62.2957 0 0
-52.1589 7.06683 44.7903 -0.745178 -0.00601724 0.666838 62.4802 0 0
-51.8544 8.25007 45.1412 -0.745665 -0.00548063 0.666298 62.695 0 0
-51.7232 9.70562 45.2977 -0.746221 -0.00478233 0.665681 62.8557 0 0
-51.7829 10.8047 45.2452 -0.746869 -0.00394472 0.664959 63.0265 0 0
-51.9543 11.9473 45.0674 -0.747629 -0.00300123 0.66411 63.3039 0 0
-52.2953 13.7615 44.6892 -0.748508 -0.00198413 0.663123 63.4986 0 0
-52.4303 15.0837 44.5347 -0.749497 -0.000919111 0.662007 63.7497 0 0
-52.7363 16.7709 44.1908 -0.750571 0.00017515 0.66079 63.9777 0 0
-53.219 18.1858 43.6426 -0.751695 0.0012849 0.659509 64.2042 0 0
-53.8155 19.4958 42.9631 -0.75283 0.00239843 0.658211 64.2042 0 0
-49.616 15.9942 47.7287 -0.754114 -0.00527116 0.656723 64.3603 1 0
-49.0969 15.3016 48.3222 -0.753698 -0.00527589 0.6572 64.4483 0 0
-49.2568 14.7684 48.1365 -0.753226 -0.00536198 0.65774 64.6326 0 0
-49.5948 15.887 47.7523 -0.752693 -0.00554827 0.658348 64.6364 0 0
-49.5999 15.9114 47.7466 -0.752115 -0.00584214 0.659006 64.9988 0 0
-48.8516 13.7524 48.5895 -0.751513 -0.00624138 0.659689 65.0509 0 0
-49.0448 13.5688 48.3669 -0.750908 -0.00672601 0.660372 65.5194 0 0
-49.1162 10.4424 48.2593 -0.750324 -0.00725411 0.66103 65.6333 0 0
-48.7042 10.0056 48.72 -0.749785 -0.00777196 0.661636 65.8154 0 0
-48.7691 8.80644 48.6315 -0.749311 -0.00823287 0.662168 65.9771 0 0
-48.7039 7.74173 48.6916 -0.74891 -0.00861154 0.662615 66.1456 0 0
-48.596 6.6419 48.7975 -0.748583 -0.00890506 0.662981 66.3166 0 0
-48.5189 5.52441 48.8608 -0.748324 -0.00912179 0.66327 66.4927 0 0
-48.6044 4.37227 48.7533 -0.748134 -0.00926869 0.663483 66.7027 0 0
-48.7815 3.0243 48.5424 -0.748021 -0.0093489 0.663609 66.8434 0 0
-49.1932 2.3372 48.0655 -0.747993 -0.00936817 0.663641 67.0779 0 0
-49.7002 3.70978 47.5175 -0.748043 -0.00933776 0.663585 67.2481 0 0
-49.8669 4.81661 47.3376 -0.748145 -0.00926962 0.663471 67.398 0 0
-49.7289 5.80083 47.5038 -0.748256 -0.00917587 0.663347 67.5673 0 0
-49.4866 6.87082 47.8004 -0.748335 -0.00908109 0.663259 67.7301 0 0
-49.2995 7.91032 48.0199 -0.748356 -0.00903685 0.663236 67.8872 0 0
-49.1976 8.94107 48.1468 -0.748312 -0.00912073 0.663284 68.0408 0 0
-49.0524 9.9375 48.325 -0.748219 -0.0094147 0.663385 68.602 0 0
-49.0159 6.21161 48.3161 -0.748094 -0.00997475 0.663517 68.7568 0 0
-48.9926 5.18901 48.3224 -0.747957 -0.0108082 0.66366 68.884 0 0
-49.4072 4.62761 47.8514 -0.747815 -0.0118689 0.663801 69.1227 0 0
-49.038 6.1113 48.2891 -0.747673 -0.0130699 0.663938 69.127 0 0
-49.0317 6.13801 48.2968 -0.74753 -0.0143067 0.664074 69.127 0 0
-48.9419 -0.684913 48.2964 -0.749209 -0.00576342 0.662304 69.351 1 0
-48.9232 -2.16918 48.3058 -0.748669 -0.00612031 0.662916 69.5493 0 0
-48.9897 -3.47412 48.2021 -0.748138 -0.00648176 0.663511 69.7241 0 0
-49.2185 -4.58218 47.9182 -0.747646 -0.00688631 0.664062 69.8746 0 0
-49.384 -5.5709 47.7267 -0.747222 -0.00735856 0.664534 70.0545 0 0
-49.418 -6.78375 47.6843 -0.746891 -0.00788225 0.6649 70.276 0 0
-48.8363 -7.98754 48.3294 -0.74667 -0.00840043 0.665141 70.4614 0 0
-48.038 -8.29084 49.2091 -0.746576 -0.00884067 0.665241 70.6444 0 0
-47.3123 -7.76762 50.0215 -0.746625 -0.00914924 0.665182 70.8743 0 0
-46.9778 -6.34408 50.4252 -0.746829 -0.009312 0.664951 71.0389 0 0
-47.12 -5.27883 50.2863 -0.747179 -0.00934763 0.664557 71.2024 0 0
-47.452 -4.31827 49.9334 -0.747631 -0.00928412 0.66405 71.3658 0 0
-47.777 -3.36794 49.5804 -0.748102 -0.00914506 0.663521 71.5602 0 0
-48.3103 -2.37367 48.9934 -0.748494 -0.00895686 0.663081 71.7584 0 0
-48.6812 -1.18643 48.5879 -0.74873 -0.00876134 0.662817 71.8191 0 0
-48.698 -0.787136 48.5726 -0.748791 -0.00861197 0.66275 72.2477 0 0
-48.2623 -3.53658 49.032 -0.748727 -0.00855336 0.662823 72.4464 0 0
-48.7606 -4.59131 48.4404 -0.748627 -0.00860249 0.662936 72.6079 0 0
-48.8889 -5.65509 48.2833 -0.748572 -0.00874671 0.662996 72.764 0 0
-48.8877 -6.70627 48.2808 -0.7486 -0.00895595 0.662961 73.0092 0 0
-47.922 -7.48357 49.3467 -0.748697 -0.00919625 0.662848 73.213 0 0
-47.4832 -6.3166 49.8599 -0.748825 -0.00943687 0.6627 73.4949 0 0
-47.8772 -4.55413 49.4526 -0.748948 -0.00965299 0.662558 73.5377 0 0
-48.0374 -4.41536 49.2707 -0.749045 -0.00982815 0.662446 73.6557 0 0
-48.2399 -5.12504 49.0304 -0.749113 -0.00995689 0.662368 73.838 0 0
-48.2944 -6.32659 48.9531 -0.749156 -0.0100453 0.662318 73.9897 0 0
-48.0002 -5.43573 49.2986 -0.749184 -0.0101084 0.662285 74.0162 0 0
-48.0575 -5.283 49.2374 -0.749192 -0.0101648 0.662242 74.0162 0 0
