60.3471 -44.2836 35.3651 0.821353 -0.0139153 0.570249 0 1 1
60.669 -45.086 34.8795 0.821534 -0.0134629 0.570001 0.271964 0 1
60.8034 -44.0758 34.712 0.821867 -0.0130282 0.56953 0.444921 0 1
60.5275 -42.8994 35.132 0.822387 -0.0126391 0.568788 0.565654 0 1
60.3738 -43.7578 35.3387 0.823043 -0.0123478 0.567845 0.675851 0 1
59.9048 -43.8088 36.0095 0.823705 -0.0122131 0.566886 0.827618 0 1
59.9878 -42.6923 35.9153 0.824211 -0.0122699 0.56615 0.997439 0 1
60.5712 -41.9533 35.0873 0.824417 -0.0125115 0.565845 1.15196 0 1
61.112 -42.5659 34.2865 0.824254 -0.0129004 0.566074 1.38246 0 1
61.1965 -44.2843 34.1339 0.823758 -0.0133916 0.566783 1.52181 0 1
61.1111 -45.3044 34.2348 0.823081 -0.0139456 0.567752 1.6585 0 1
60.7371 -46.083 34.7531 0.822463 -0.0145198 0.568633 1.82334 0 1
60.0517 -45.8702 35.7472 0.822168 -0.0150527 0.569045 2.02409 0 1
59.8804 -44.4135 36.0302 0.822397 -0.0154613 0.568704 2.12867 0 1
59.4399 -44.5717 36.6487 0.823204 -0.0156642 0.56753 2.29746 0 1
59.457 -45.825 36.5993 0.824466 -0.015617 0.565696 2.4583 0 1
59.8778 -46.7285 35.9667 0.825906 -0.0153337 0.5636 2.67607 0 1
60.7917 -46.898 34.6461 0.827163 -0.0148754 0.561765 2.82088 0 1
61.3588 -46.4825 33.828 0.827897 -0.0143252 0.560697 3.0307 0 1
61.552 -44.9567 33.5734 0.827863 -0.0137742 0.560761 3.18692 0 1
61.5993 -43.7866 33.5269 0.826948 -0.0133204 0.562121 3.32799 0 1
61.5919 -42.7283 33.554 0.825176 -0.013062 0.564725 3.54855 0 1
61.1871 -41.2501 34.1985 0.822703 -0.0130808 0.568321 3.76054 0 1
60.3061 -41.1814 35.495 0.819809 -0.0134254 0.57248 3.90234 0 1
59.7379 -41.5337 36.2887 0.816872 -0.0141033 0.576647 4.12164 0 1
59.5062 -43.108 36.5889 0.814315 -0.0150761 0.580227 4.26665 0 1
59.4499 -44.1744 36.6469 0.812533 -0.0162548 0.582688 4.36904 0 1
59.0148 -44.0686 37.2581 0.811819 -0.0175013 0.583647 4.50922 0 1
58.9796 -45.0794 37.2667 0.812304 -0.0186428 0.582936 4.65044 0 1
58.9899 -46.0989 37.229 0.813927 -0.0195046 0.58064 4.81467 0 1
59.1473 -47.2462 36.9666 0.816445 -0.0199541 0.577078 4.97173 0 1
59.7666 -47.6483 36.0834 0.819492 -0.0199375 0.572744 5.14253 0 1
60.4982 -47.692 35.0428 0.822657 -0.0194964 0.568203 5.3041 0 1
61.1857 -47.6275 34.0503 0.825568 -0.0187547 0.563991 5.46082 0 1
61.762 -47.1066 33.1902 0.827929 -0.0178845 0.560547 5.60428 0 1
61.9084 -46.0614 32.9948 0.829537 -0.0170613 0.558191 5.81159 0 1
61.9747 -44.5013 32.9348 0.83027 -0.0164149 0.55712 5.95831 0 1
62.005 -43.3939 32.9124 0.830086 -0.0159903 0.557406 6.12408 0 1
61.9861 -42.1406 32.9719 0.829023 -0.0157395 0.558993 6.27722 0 1
61.8851 -40.9987 33.1555 0.827183 -0.0155628 0.561717 6.44912 0 1
61.2559 -40.3928 34.1195 0.824706 -0.0153804 0.565352 6.58346 0 1
60.6949 -40.346 34.9457 0.821746 -0.0151813 0.569651 6.71917 0 1
60.1314 -40.4063 35.7745 0.818457 -0.0150165 0.574371 6.8601 0 1
59.5485 -40.6359 36.5786 0.815015 -0.0149514 0.579247 6.99288 0 1
59.1884 -41.4077 37.0462 0.811649 -0.0150222 0.583952 7.13163 0 1
59.0502 -42.395 37.2253 0.808649 -0.0152254 0.588094 7.33701 0 1
59.0227 -43.8897 37.2533 0.806341 -0.0155381 0.591247 7.35223 0 1
59.0176 -43.9995 37.2572 0.80502 -0.0159472 0.593033 7.46142 0 1
58.5511 -43.8508 37.8743 0.8049 -0.016461 0.593183 7.61292 0 1
58.5124 -44.9504 37.8806 0.806059 -0.0170912 0.591589 7.81744 0 1
58.5224 -46.4369 37.8425 0.808416 -0.0178156 0.588341 8.00498 0 1
58.6088 -47.7827 37.6802 0.811734 -0.0185514 0.583732 8.14289 0 1
59.0879 -48.3665 37.0068 0.815661 -0.0191622 0.578212 8.38223 0 1
60.1018 -48.4569 35.575 0.819817 -0.0194998 0.572294 8.55118 0 1
60.8291 -48.4646 34.5418 0.823872 -0.0194577 0.566443 8.7096 0 1
61.4792 -48.4025 33.5626 0.82759 -0.0190099 0.561011 8.91189 0 1
62.2093 -47.5902 32.4781 0.830816 -0.0182237 0.556249 9.05521 0 1
62.3116 -46.5179 32.3574 0.833428 -0.0172418 0.552359 9.23121 0 1
62.353 -45.1869 32.3371 0.835301 -0.0162415 0.549553 9.37978 0 1
62.3834 -44.0618 32.3146 0.836302 -0.0153863 0.548054 9.51559 0 1
62.4251 -43.032 32.2724 0.836312 -0.0147858 0.548054 9.6971 0 1
62.4024 -41.6568 32.3508 0.835273 -0.014476 0.549644 9.84777 0 1
62.3522 -40.5367 32.4453 0.833219 -0.014425 0.552755 9.98194 0 1
62.0464 -39.7156 32.9308 0.830283 -0.0145686 0.557152 10.1479 0 1
61.3639 -39.5714 33.9804 0.826666 -0.0148526 0.562496 10.2932 0 1
60.7594 -39.566 34.8755 0.822597 -0.0152456 0.568421 10.4717 0 1
60.0128 -39.6354 35.961 0.818291 -0.0157149 0.574589 10.6684 0 1
59.1814 -39.742 37.1172 0.813965 -0.0162019 0.580688 10.8344 0 1
58.7391 -40.7034 37.6863 0.809859 -0.0166309 0.586388 11.0163 0 1
58.6079 -42.0081 37.8288 0.80626 -0.0169486 0.591318 11.207 0 1
58.5878 -43.392 37.8431 0.803482 -0.0171584 0.595082 11.3209 0 1
58.0939 -43.3275 38.5049 0.801806 -0.0173218 0.597334 11.5643 0 1
58.0403 -45.0664 38.4843 0.801423 -0.0175227 0.597842 11.7298 0 1
58.06 -46.2718 38.4321 0.802393 -0.0178165 0.596531 11.8749 0 1
58.0515 -47.3252 38.4365 0.804636 -0.0182041 0.59349 12.0582 0 1
58.0893 -48.6441 38.3495 0.807942 -0.018643 0.588967 12.2936 0 1
59.0259 -49.2366 37.0666 0.811995 -0.0190705 0.583353 12.4455 0 1
59.6618 -49.3158 36.1722 0.816415 -0.0194096 0.57714 12.6201 0 1
60.4029 -49.2771 35.1233 0.820831 -0.0195632 0.570836 12.7839 0 1
61.0878 -49.2289 34.1271 0.824958 -0.0194199 0.564861 12.9338 0 1
61.7027 -49.1997 33.1927 0.828638 -0.0188836 0.559466 13.1165 0 1
62.4586 -48.9554 32.0422 0.831836 -0.0179137 0.554733 13.3683 0 1
62.7388 -47.0801 31.6652 0.834573 -0.016557 0.550649 13.5048 0 1
62.7923 -46.035 31.639 0.836854 -0.0149582 0.547221 13.6419 0 1
62.8344 -45.0007 31.6089 0.838614 -0.0133399 0.544562 13.7851 0 1
62.879 -43.9289 31.5549 0.839714 -0.0119527 0.542898 13.9903 0 1
62.8829 -42.3733 31.584 0.839979 -0.011014 0.542508 14.1586 0 1
62.85 -41.1113 31.6414 0.839267 -0.010654 0.543615 14.3411 0 1
62.7689 -39.7362 31.7866 0.837529 -0.0108818 0.546285 14.478 0 1
62.4321 -38.9123 32.3341 0.834842 -0.01158 0.550368 14.6777 0 1
61.6256 -38.7555 33.6061 0.831412 -0.0125329 0.555514 14.8172 0 1
61.0517 -38.7366 34.4704 0.827534 -0.0134845 0.561254 14.9786 0 1
60.3829 -38.7782 35.4537 0.82352 -0.0142055 0.567109 15.1583 0 1
59.6314 -38.7041 36.5229 0.819641 -0.0145416 0.572693 15.374 0 1
58.7147 -38.9025 37.7912 0.816068 -0.0144324 0.577775 15.5726 0 1
58.1476 -40.0103 38.5105 0.812862 -0.0139031 0.582291 15.7164 0 1
58.1488 -41.0597 38.4761 0.809974 -0.0130444 0.586321 15.8249 0 1
58.1633 -41.8471 38.438 0.807281 -0.0119877 0.590046 15.9409 0 1
58.0218 -42.6483 38.6141 0.804625 -0.0108807 0.593683 15.9409 0 1
