61.2812 44.1096 35.4081 0.825209 -0.00716844 0.564781 0 1 1
61.4799 45.1466 35.1296 0.826511 -0.0077788 0.562867 0.272654 0 1
61.7126 44.3791 34.7697 0.827744 -0.00841641 0.561042 0.460469 0 1
61.5973 43.0325 34.9215 0.828871 -0.00904118 0.559366 0.560686 0 1
61.2875 43.4919 35.3925 0.829827 -0.00959239 0.557938 0.672807 0 1
60.9029 43.0392 35.949 0.830525 -0.0100157 0.556892 0.865184 0 1
61.3289 41.869 35.3046 0.830875 -0.0102794 0.556364 1.05442 0 1
62.0253 42.398 34.2516 0.830826 -0.0103829 0.556435 1.23851 0 1
62.1247 43.7244 34.1241 0.830397 -0.0103666 0.557076 1.47461 0 1
62.0924 45.4457 34.2107 0.829692 -0.0103182 0.558125 1.61836 0 1
61.6473 46.1149 34.8939 0.828896 -0.0103537 0.559307 1.77182 0 1
61.0328 45.8951 35.7955 0.828224 -0.0105696 0.560297 1.92863 0 1
60.8736 44.7867 36.0141 0.82787 -0.0109957 0.560812 2.05406 0 1
60.8686 43.8718 36.0075 0.827953 -0.0115829 0.560678 2.15292 0 1
60.47 43.6982 36.5851 0.828487 -0.0122273 0.559875 2.30439 0 1
60.5129 42.6008 36.5147 0.829379 -0.0128048 0.55854 2.49523 0 1
60.7496 41.2999 36.1387 0.830442 -0.0132006 0.556949 2.65875 0 1
61.397 41.0637 35.1687 0.83144 -0.013335 0.555455 2.84594 0 1
62.1501 41.146 34.0364 0.83213 -0.0131847 0.554425 2.99433 0 1
62.4346 42.0805 33.619 0.832316 -0.0127878 0.554153 3.23618 0 1
62.5323 43.833 33.5037 0.831893 -0.0122244 0.554801 3.38528 0 1
62.5584 44.9226 33.4958 0.830863 -0.0115802 0.556356 3.57944 0 1
62.3998 46.3026 33.7719 0.829333 -0.0109127 0.558649 3.75911 0 1
61.7483 46.882 34.7448 0.827486 -0.0102411 0.561393 3.91983 0 1
61.0998 46.923 35.7211 0.825559 -0.0095761 0.564234 4.06153 0 1
60.5905 46.4461 36.4602 0.823814 -0.00896937 0.566789 4.31056 0 1
60.4513 44.6838 36.6264 0.82251 -0.00853768 0.568686 4.32963 0 1
60.4535 44.546 36.6212 0.821857 -0.00842251 0.569631 4.43092 0 1
60.0338 44.6323 37.2164 0.821967 -0.00870511 0.569469 4.59403 0 1
60.0523 43.4496 37.1722 0.822828 -0.00934717 0.568214 4.76207 0 1
60.0778 42.2249 37.1314 0.824322 -0.0102078 0.566029 4.94634 0 1
60.1368 40.9003 37.0496 0.826265 -0.0111107 0.563171 5.17762 0 1
60.9853 40.3615 35.7553 0.82844 -0.0118952 0.559952 5.34817 0 1
61.6813 40.2728 34.7067 0.830616 -0.0124269 0.556706 5.5735 0 1
62.5772 40.4831 33.3538 0.832569 -0.0126019 0.553778 5.71799 0 1
62.8436 41.4272 32.9916 0.834091 -0.0123733 0.551488 5.97655 0 1
62.9091 43.2763 32.9033 0.835013 -0.0117842 0.550103 6.12356 0 1
62.9514 44.3658 32.8682 0.835223 -0.0109684 0.549802 6.2749 0 1
62.9623 45.483 32.8827 0.834683 -0.0101078 0.550638 6.4507 0 1
62.8966 46.774 33.0339 0.833447 -0.00936517 0.552521 6.59616 0 1
62.5094 47.5566 33.6147 0.831649 -0.00882311 0.555231 6.75748 0 1
61.8557 47.6555 34.5855 0.829486 -0.00845867 0.558464 6.90248 0 1
61.268 47.7002 35.4706 0.827182 -0.00817059 0.561875 7.07101 0 1
60.5898 47.7077 36.4818 0.82498 -0.00785565 0.565107 7.31291 0 1
60.0604 46.2356 37.208 0.823128 -0.00749591 0.567807 7.45489 0 1
60.0227 45.2172 37.2412 0.821856 -0.00719921 0.56965 7.56583 0 1
59.5787 44.9787 37.8656 0.821332 -0.00716073 0.570405 7.74924 0 1
59.6232 43.6519 37.7812 0.821619 -0.00756811 0.569987 7.90665 0 1
59.6334 42.4998 37.7578 0.822656 -0.00850516 0.568476 8.12592 0 1
59.6181 40.9193 37.7813 0.824283 -0.00989826 0.566091 8.26824 0 1
59.8044 39.9545 37.5228 0.826284 -0.0115264 0.563136 8.4157 0 1
60.3573 39.6402 36.688 0.828436 -0.0130951 0.55993 8.55842 0 1
60.9221 39.5767 35.8302 0.830559 -0.0143421 0.556746 8.71448 0 1
61.5497 39.5411 34.873 0.832529 -0.0151124 0.553776 8.88669 0 1
62.2455 39.5445 33.8245 0.834274 -0.0153628 0.551137 9.11571 0 1
63.1204 40.0214 32.5041 0.835747 -0.0151163 0.548907 9.32497 0 1
63.2949 41.5108 32.3011 0.836908 -0.0144272 0.547153 9.47013 0 1
63.302 42.5581 32.3026 0.837716 -0.0133819 0.545943 9.61024 0 1
63.3303 43.576 32.2572 0.838128 -0.0121101 0.545339 9.79777 0 1
63.3586 44.9579 32.248 0.8381 -0.0107724 0.54541 9.93539 0 1
63.3725 45.9835 32.258 0.837585 -0.00952655 0.546224 10.0728 0 1
63.3238 47.0063 32.373 0.836551 -0.00849817 0.547824 10.2399 0 1
63.1154 48.1634 32.6911 0.835009 -0.00776744 0.550181 10.3771 0 1
62.572 48.4239 33.504 0.833036 -0.0073674 0.553169 10.5159 0 1
62.0063 48.4427 34.3621 0.830766 -0.0072828 0.556575 10.6565 0 1
61.4421 48.4604 35.2234 0.828362 -0.00744592 0.560144 10.8052 0 1
60.8464 48.507 36.118 0.825982 -0.0077352 0.563644 10.9633 0 1
60.2049 48.4886 37.0405 0.823753 -0.00798971 0.566892 11.2148 0 1
59.6505 46.9574 37.803 0.821779 -0.00805138 0.569749 11.3588 0 1
59.6033 45.9314 37.8497 0.820162 -0.00783046 0.572077 11.3618 0 1
59.6024 45.9097 37.8504 0.819031 -0.00736448 0.573702 11.4786 0 1
59.1656 45.5363 38.4611 0.81853 -0.0068303 0.574423 11.6245 0 1
59.1627 44.4876 38.4435 0.818766 -0.00648976 0.574091 11.8023 0 1
59.0555 43.2024 38.5671 0.819746 -0.00658712 0.572689 12.0028 0 1
59.1478 41.752 38.4401 0.821357 -0.0072482 0.570369 12.152 0 1
59.1696 40.6853 38.4133 0.823402 -0.00843758 0.567396 12.3077 0 1
59.2287 39.5798 38.3364 0.82567 -0.00999851 0.564065 12.4472 0 1
59.6486 38.8996 37.7448 0.827982 -0.0117347 0.560632 12.5892 0 1
60.1963 38.7405 36.9052 0.830197 -0.0134613 0.557308 12.7292 0 1
60.7522 38.6868 36.0557 0.83221 -0.0150027 0.554258 12.971 0 1
61.7249 38.7231 34.5707 0.833947 -0.016187 0.551607 13.119 0 1
62.3247 38.7371 33.6714 0.835378 -0.016879 0.549417 13.3573 0 1
63.2688 38.6613 32.2336 0.836518 -0.0170279 0.547674 13.5127 0 1
63.6 39.5906 31.7357 0.837413 -0.01668 0.546315 13.6744 0 1
63.7314 40.7412 31.5748 0.838107 -0.0159445 0.545272 13.8292 0 1
63.743 41.8827 31.6314 0.838621 -0.0149475 0.54451 13.9684 0 1
63.7212 42.8835 31.668 0.838943 -0.0138088 0.544044 14.1078 0 1
63.8512 43.8549 31.4542 0.839034 -0.0126423 0.543933 14.2557 0 1
63.8378 44.94 31.5014 0.83883 -0.0115587 0.54427 14.4389 0 1
63.7711 46.2907 31.6447 0.838253 -0.0106533 0.545178 14.5764 0 1
63.7072 47.3078 31.7756 0.837223 -0.00998093 0.54677 14.7401 0 1
63.7236 48.5178 31.7509 0.835698 -0.00953729 0.549106 14.9028 0 1
63.1968 49.2484 32.5638 0.833699 -0.00926523 0.552142 15.1226 0 1
62.2998 49.3089 33.9267 0.831327 -0.00908495 0.55571 15.2804 0 1
61.6689 49.2246 34.8905 0.828745 -0.00892841 0.559555 15.4191 0 1
61.1177 49.2128 35.7249 0.826135 -0.00875804 0.563405 15.6205 0 1
60.308 49.3211 36.9055 0.823645 -0.00856457 0.567041 15.767 0 1
59.7125 49.1905 37.7456 0.821354 -0.00835344 0.570357 16.0119 0 1
59.2148 47.658 38.4248 0.819257 -0.00813245 0.573369 16.1548 0 1
59.1726 46.6371 38.4727 0.817284 -0.00790685 0.576181 16.1565 0 1
59.1726 46.625 38.4727 0.815329 -0.00768003 0.578931 16.1565 0 1
