-61.3867 -43.6573 34.7362 -0.83317 -0.0129937 0.552864 0 1 1
-61.1842 -44.623 35.019 -0.833037 -0.0125138 0.553076 0.214113 0 1
-60.8907 -44.4798 35.463 -0.83285 -0.0121244 0.553366 0.384387 0 1
-60.9754 -43.2375 35.3624 -0.832587 -0.0118651 0.553768 0.478441 0 1
-61.3454 -43.0372 34.8133 -0.832257 -0.0117274 0.554267 0.58708 0 1
-61.7436 -42.7012 34.2113 -0.831915 -0.0116435 0.554781 0.829733 0 1
-61.7717 -44.4794 34.1372 -0.831651 -0.011509 0.55518 1.02803 0 1
-61.5732 -45.9045 34.4181 -0.831554 -0.0112309 0.55533 1.17207 0 1
-60.9781 -46.0172 35.2934 -0.831678 -0.0107691 0.555154 1.31283 0 1
-60.5959 -45.2538 35.8787 -0.83201 -0.010148 0.554668 1.49568 0 1
-60.5097 -43.927 36.0426 -0.832473 -0.00943707 0.553985 1.699 0 1
-60.5982 -42.4503 35.9402 -0.832947 -0.00871727 0.553285 1.8357 0 1
-61.0566 -41.8812 35.2638 -0.833304 -0.00805981 0.552756 1.97124 0 1
-61.6022 -42.0149 34.4357 -0.83345 -0.00752642 0.552543 2.0944 0 1
-62.0748 -41.7655 33.7116 -0.833338 -0.00717485 0.552717 2.29085 0 1
-62.1746 -43.1856 33.5439 -0.832968 -0.00704684 0.553277 2.45806 0 1
-62.1894 -44.4104 33.5104 -0.832372 -0.00713893 0.554171 2.6561 0 1
-62.1222 -45.8635 33.5903 -0.83161 -0.00738292 0.555311 2.8072 0 1
-61.7481 -46.7562 34.1459 -0.830773 -0.00765928 0.556559 2.94941 0 1
-61.1658 -46.9472 35.0009 -0.829995 -0.00783853 0.557715 3.12752 0 1
-60.44 -46.7011 36.0717 -0.829442 -0.00782198 0.558537 3.27795 0 1
-60.1629 -45.7285 36.5075 -0.829273 -0.00755754 0.558793 3.48163 0 1
-60.1076 -44.2492 36.6295 -0.829589 -0.0070327 0.558331 3.62887 0 1
-60.1189 -43.181 36.6378 -0.83039 -0.00626907 0.557147 3.82242 0 1
-60.2136 -41.7884 36.5088 -0.831557 -0.00533343 0.555414 3.96589 0 1
-60.6957 -41.1759 35.8131 -0.832877 -0.00434847 0.553441 4.11769 0 1
-61.2973 -41.0141 34.9035 -0.834113 -0.00347362 0.551583 4.2541 0 1
-61.8458 -41.138 34.0707 -0.835066 -0.00285264 0.550142 4.3794 0 1
-62.0665 -40.3214 33.7314 -0.835612 -0.0025605 0.549314 4.59649 0 1
-62.5325 -41.651 32.9938 -0.835708 -0.00258813 0.549169 4.73963 0 1
-62.5804 -42.6911 32.9251 -0.835374 -0.00287292 0.549674 4.95936 0 1
-62.6089 -44.2813 32.8832 -0.834674 -0.00334592 0.550734 5.10088 0 1
-62.5851 -45.3151 32.8992 -0.833681 -0.00395591 0.552232 5.3006 0 1
-62.451 -46.769 33.0792 -0.832466 -0.0046559 0.554056 5.48831 0 1
-61.8602 -47.6645 33.9653 -0.831095 -0.00537421 0.556105 5.65098 0 1
-61.1879 -47.7253 34.9644 -0.829646 -0.00600626 0.558258 5.81399 0 1
-60.5113 -47.6816 35.9572 -0.828235 -0.00644014 0.560344 5.95475 0 1
-59.9506 -47.4268 36.7888 -0.827021 -0.006596 0.562133 6.12539 0 1
-59.7668 -46.2367 37.0821 -0.826189 -0.00645079 0.563356 6.28719 0 1
-59.6937 -45.0754 37.2124 -0.825914 -0.00603742 0.563764 6.51241 0 1
-59.7032 -43.4521 37.2329 -0.826315 -0.00542563 0.563182 6.68061 0 1
-59.7137 -42.2472 37.2239 -0.82743 -0.00469319 0.561549 6.82504 0 1
-59.7901 -41.2078 37.1173 -0.829197 -0.00389907 0.558943 7.03258 0 1
-60.5241 -40.4087 36.0731 -0.831447 -0.00308089 0.555595 7.17177 0 1
-61.0761 -40.2791 35.2424 -0.83392 -0.00228561 0.55188 7.30811 0 1
-61.6282 -40.2269 34.4049 -0.83631 -0.00160191 0.548254 7.42135 0 1
-61.7687 -39.4371 34.1896 -0.838333 -0.00115009 0.545157 7.6476 0 1
-62.656 -39.7232 32.803 -0.83979 -0.00102625 0.54291 7.78571 0 1
-62.9275 -40.6045 32.3651 -0.84059 -0.00124618 0.541671 7.99019 0 1
-62.9758 -42.115 32.2786 -0.840724 -0.00173723 0.541461 8.1665 0 1
-62.9929 -43.4198 32.2828 -0.840241 -0.00238251 0.542207 8.39279 0 1
-63.018 -45.0502 32.2526 -0.83921 -0.0030788 0.543799 8.55498 0 1
-62.9641 -46.2282 32.3098 -0.837705 -0.00376846 0.546109 8.71854 0 1
-62.8789 -47.4322 32.4149 -0.835812 -0.00443409 0.548998 8.8801 0 1
-62.4513 -48.3499 33.0586 -0.833626 -0.00506738 0.552305 9.08964 0 1
-61.6 -48.4821 34.3506 -0.831262 -0.00563397 0.555852 9.25339 0 1
-60.9182 -48.514 35.3552 -0.828842 -0.00606165 0.55945 9.40706 0 1
-60.2802 -48.4762 36.2904 -0.826497 -0.00626658 0.562907 9.6315 0 1
-59.4099 -47.8877 37.5649 -0.824373 -0.00619917 0.566013 9.80108 0 1
-59.3265 -46.6537 37.7111 -0.822643 -0.00587307 0.568527 9.98278 0 1
-59.2668 -45.3445 37.814 -0.821486 -0.00535925 0.570204 10.1208 0 1
-59.2681 -44.3404 37.8378 -0.821022 -0.00475752 0.570877 10.3307 0 1
-59.2859 -42.8292 37.8344 -0.821241 -0.00416797 0.570566 10.4962 0 1
-59.2965 -41.6499 37.8187 -0.821961 -0.00367304 0.569531 10.7096 0 1
-59.4514 -40.1436 37.5987 -0.822862 -0.00332479 0.568232 10.8794 0 1
-60.0944 -39.6336 36.6929 -0.823586 -0.00313094 0.567183 11.0926 0 1
-60.9643 -39.5544 35.4129 -0.823858 -0.00304973 0.566788 11.1907 0 1
-61.3561 -39.4332 34.8207 -0.823559 -0.00301259 0.567222 11.3002 0 1
-61.4552 -38.6411 34.6749 -0.82274 -0.00296981 0.56841 11.4595 0 1
-60.8035 -38.6816 35.658 -0.821573 -0.00292288 0.570096 11.6184 0 1
-60.1531 -38.7886 36.6199 -0.820287 -0.00291388 0.571945 11.8279 0 1
-59.2818 -38.9814 37.8437 -0.819105 -0.00298053 0.573636 12.0048 0 1
-58.8558 -40.0266 38.4254 -0.81821 -0.00311296 0.574911 12.1454 0 1
-58.8365 -41.0396 38.4519 -0.817719 -0.00324465 0.575608 12.312 0 1
-58.8171 -42.2395 38.4973 -0.817681 -0.00328604 0.575663 12.4621 0 1
-58.7935 -43.3025 38.5302 -0.818081 -0.00317911 0.575094 12.6148 0 1
-58.7957 -44.3799 38.5038 -0.818875 -0.00293591 0.573964 12.8117 0 1
-58.7687 -45.7897 38.5119 -0.820016 -0.00263957 0.572334 12.9749 0 1
-58.8517 -46.9643 38.3912 -0.821472 -0.00241646 0.570243 13.1196 0 1
-58.8789 -47.9919 38.3292 -0.823218 -0.00239812 0.56772 13.3157 0 1
-59.182 -49.3171 37.8996 -0.825208 -0.00267482 0.564823 13.4745 0 1
-59.8255 -49.2064 36.9509 -0.827366 -0.00323541 0.561654 13.6767 0 1
-60.6675 -49.3665 35.7233 -0.829604 -0.00392175 0.558338 13.8311 0 1
-61.307 -49.3194 34.7806 -0.831859 -0.0044561 0.554969 14.006 0 1
-62.0227 -49.4035 33.7043 -0.834104 -0.00455843 0.551588 14.1606 0 1
-62.6253 -49.1147 32.7855 -0.836343 -0.00408455 0.548191 14.349 0 1
-63.2538 -48.3429 31.818 -0.838572 -0.00308993 0.544782 14.5119 0 1
-63.4106 -47.1686 31.5926 -0.840752 -0.00178978 0.541417 14.6528 0 1
-63.4295 -46.1058 31.6032 -0.842788 -0.000464018 0.538246 14.8652 0 1
-63.5363 -44.5391 31.4603 -0.844527 0.000630542 0.535513 15.0111 0 1
-63.3706 -43.5049 31.6735 -0.845783 0.00131269 0.533525 15.1597 0 1
-63.4835 -42.4373 31.4478 -0.846376 0.00149493 0.532584 15.2944 0 1
-63.4042 -41.4417 31.585 -0.846174 0.00117546 0.532905 15.4893 0 1
-63.3453 -39.9891 31.6846 -0.845136 0.000413687 0.534552 15.6544 0 1
-63.0156 -38.9218 32.2126 -0.843321 -0.000698234 0.53741 15.8006 0 1
-62.4613 -38.6316 33.1102 -0.840888 -0.00205649 0.541206 15.9344 0 1
-61.9336 -38.503 33.9481 -0.838068 -0.00355534 0.545555 16.0377 0 1
-61.5227 -38.6411 34.573 -0.835123 -0.00508919 0.550027 16.0377 0 1
