62.3306 -43.8146 35.3924 0.8336 -0.00875141 0.552299 0 1 1
62.4079 -42.6848 35.2926 0.833117 -0.0093682 0.553017 0.304741 0 1
62.7516 -43.635 34.7599 0.832691 -0.00994613 0.553649 0.440128 0 1
62.7656 -44.651 34.7248 0.832395 -0.0104436 0.554084 0.534275 0 1
62.4557 -45.0821 35.1814 0.8323 -0.0108362 0.554219 0.657822 0 1
62.3336 -44.1957 35.3815 0.83243 -0.0111483 0.554018 0.768568 0 1
61.9198 -44.561 35.9934 0.832737 -0.0114598 0.55355 0.942711 0 1
61.93 -43.2807 36.0055 0.833098 -0.0118785 0.552998 1.10466 0 1
62.0651 -42.094 35.8266 0.83334 -0.012493 0.55262 1.30119 0 1
62.8651 -42.0106 34.6122 0.833298 -0.0133345 0.552663 1.46673 0 1
63.1657 -43.1093 34.142 0.832873 -0.0143654 0.553278 1.60667 0 1
63.1786 -44.1471 34.1076 0.832086 -0.0154967 0.55443 1.74388 0 1
63.1475 -45.1628 34.1387 0.831092 -0.0166228 0.555886 1.91306 0 1
62.7494 -46.1979 34.7017 0.830139 -0.0176524 0.557277 2.05253 0 1
62.2001 -45.9419 35.5419 0.829487 -0.0185157 0.558219 2.22222 0 1
61.9216 -44.8053 35.9803 0.829316 -0.0191483 0.558451 2.32275 0 1
61.5022 -44.7539 36.5903 0.829673 -0.0194757 0.55791 2.53646 0 1
61.6062 -46.3265 36.3793 0.830466 -0.0194209 0.556731 2.66903 0 1
62.0572 -46.9127 35.7152 0.831513 -0.0189388 0.555182 2.81487 0 1
62.6495 -46.9793 34.8225 0.832605 -0.0180556 0.553572 2.97679 0 1
63.2983 -46.7237 33.8388 0.833548 -0.0168833 0.55219 3.11968 0 1
63.5147 -45.7227 33.5478 0.834186 -0.0155971 0.551262 3.25742 0 1
63.5647 -44.7023 33.504 0.834418 -0.0143856 0.550944 3.40649 0 1
63.5653 -43.6011 33.5174 0.8342 -0.0134028 0.5513 3.56544 0 1
63.534 -42.4191 33.5922 0.833554 -0.0127426 0.552291 3.78252 0 1
63.067 -41.0738 34.3155 0.832565 -0.0124358 0.553787 3.9179 0 1
62.5197 -40.9768 35.1561 0.831367 -0.012463 0.555585 4.05463 0 1
61.9686 -41.1621 35.9968 0.830119 -0.0127794 0.557439 4.22474 0 1
61.5943 -42.2379 36.5189 0.828996 -0.0133409 0.559096 4.36468 0 1
61.5159 -43.2783 36.6085 0.828163 -0.0141069 0.560309 4.508 0 1
61.4992 -44.3482 36.6106 0.827762 -0.0150062 0.560879 4.51695 0 1
61.4997 -44.4144 36.6085 0.827872 -0.0158945 0.560692 4.61845 0 1
61.0832 -44.2732 37.2175 0.828487 -0.01656 0.559763 4.81509 0 1
61.1154 -42.8333 37.2043 0.829511 -0.0167992 0.558237 4.95957 0 1
61.1794 -41.7732 37.1367 0.830787 -0.0165169 0.556345 5.14155 0 1
61.4577 -40.5124 36.7764 0.832147 -0.015781 0.55433 5.28782 0 1
62.0458 -40.2645 35.918 0.833453 -0.0147972 0.552393 5.42922 0 1
62.603 -40.2099 35.0464 0.834612 -0.0138299 0.550665 5.59615 0 1
63.2889 -40.3331 33.9871 0.83556 -0.0131137 0.549243 5.73859 0 1
63.8207 -40.7393 33.1663 0.83623 -0.0127943 0.54823 5.88354 0 1
63.9388 -41.787 32.9866 0.836538 -0.0129117 0.547756 6.03578 0 1
63.9573 -42.8934 32.9337 0.836397 -0.013419 0.54796 6.17209 0 1
63.958 -43.8989 32.9074 0.835751 -0.014224 0.548924 6.35391 0 1
63.949 -45.2533 32.8912 0.834613 -0.0152254 0.550627 6.52903 0 1
63.8973 -46.555 32.9233 0.833066 -0.0163271 0.552932 6.72053 0 1
63.3911 -47.662 33.6659 0.831251 -0.0174348 0.555623 6.95852 0 1
62.4207 -47.7481 35.1461 0.829336 -0.018455 0.558445 7.13624 0 1
61.6878 -47.6412 36.224 0.827499 -0.0193066 0.561136 7.36694 0 1
61.0713 -46.3402 37.1458 0.825921 -0.0199348 0.563433 7.51283 0 1
61.0756 -45.2429 37.186 0.824782 -0.0203169 0.565086 7.53882 0 1
61.0747 -45.0498 37.1957 0.824232 -0.0204581 0.565883 7.64524 0 1
60.629 -45.2156 37.8257 0.824364 -0.0203848 0.565693 7.82169 0 1
60.6165 -46.5265 37.7903 0.825183 -0.0201359 0.564507 8.02861 0 1
60.8336 -48.0298 37.4369 0.826596 -0.0197494 0.56245 8.18487 0 1
61.4511 -48.4065 36.5391 0.828435 -0.0192433 0.559755 8.41747 0 1
62.4231 -48.5005 35.1109 0.830507 -0.0185971 0.556698 8.56788 0 1
63.0357 -48.4845 34.1835 0.832638 -0.0177511 0.553533 8.72735 0 1
63.6833 -48.4483 33.1939 0.834701 -0.0166374 0.550452 8.88491 0 1
64.2198 -47.7902 32.3832 0.836609 -0.0152384 0.547589 9.02992 0 1
64.321 -46.7306 32.2636 0.838287 -0.0136417 0.545058 9.23928 0 1
64.3443 -45.1757 32.2792 0.839645 -0.0120486 0.543001 9.41493 0 1
64.3516 -43.8645 32.3006 0.840552 -0.0107191 0.541625 9.56559 0 1
64.3587 -42.7407 32.3164 0.840841 -0.00988018 0.541191 9.72922 0 1
64.3528 -41.5315 32.3321 0.840357 -0.00964494 0.541947 9.87792 0 1
64.3154 -40.438 32.39 0.839017 -0.00998442 0.544014 10.017 0 1
63.9649 -39.6474 32.9361 0.836867 -0.0107587 0.5473 10.1983 0 1
63.2446 -39.4534 34.0608 0.834096 -0.0117854 0.551494 10.4545 0 1
62.2067 -39.4786 35.704 0.83099 -0.0129071 0.556138 10.6201 0 1
61.5322 -39.5217 36.7094 0.827863 -0.0140243 0.560755 10.7735 0 1
60.9586 -40.0159 37.5339 0.824981 -0.0150897 0.564959 10.9231 0 1
60.7739 -41.0451 37.7533 0.82252 -0.0160846 0.568508 11.0627 0 1
60.7185 -42.0543 37.7934 0.820555 -0.0169985 0.571315 11.2042 0 1
60.6904 -43.0919 37.8103 0.819081 -0.0178233 0.5734 11.3448 0 1
60.6664 -44.1207 37.8181 0.818067 -0.0185542 0.574823 11.4094 0 1
60.6409 -44.5922 37.8374 0.817497 -0.0191898 0.575614 11.5297 0 1
60.1778 -44.2386 38.5017 0.817396 -0.019731 0.575738 11.6879 0 1
60.1348 -45.3784 38.5221 0.817833 -0.0201794 0.575102 11.9029 0 1
60.1897 -46.9338 38.3889 0.818884 -0.0205434 0.573591 12.0559 0 1
60.1381 -48.0597 38.4138 0.820589 -0.0208436 0.571139 12.2009 0 1
60.4228 -48.9933 37.984 0.822904 -0.0211079 0.567788 12.3512 0 1
61.0363 -49.2584 37.0973 0.825678 -0.0213458 0.563738 12.5696 0 1
61.9605 -49.312 35.7609 0.828672 -0.0215162 0.55932 12.7292 0 1
62.6253 -49.2444 34.7808 0.831624 -0.0215115 0.554923 12.9516 0 1
63.5306 -49.2398 33.4013 0.834314 -0.0211756 0.550883 13.1023 0 1
64.1298 -49.1476 32.467 0.836618 -0.020363 0.547408 13.2844 0 1
64.6641 -48.21 31.6602 0.838504 -0.0190131 0.544564 13.4199 0 1
64.7188 -47.2059 31.6207 0.840002 -0.0172004 0.542311 13.6238 0 1
64.7816 -45.6911 31.5825 0.841166 -0.0151265 0.540566 13.7624 0 1
64.7866 -44.6524 31.608 0.842047 -0.0130602 0.539247 13.8988 0 1
64.8098 -43.6321 31.5942 0.842672 -0.0112597 0.53831 14.038 0 1
64.8421 -42.5891 31.5679 0.843013 -0.00991282 0.537802 14.1844 0 1
64.8345 -41.5015 31.5656 0.842965 -0.00911276 0.537891 14.3499 0 1
64.7852 -40.2809 31.6375 0.842369 -0.00886633 0.538828 14.5152 0 1
64.624 -39.0926 31.9121 0.841068 -0.00911613 0.540852 14.6807 0 1
63.9883 -38.7701 32.9103 0.838992 -0.00975774 0.544056 14.8319 0 1
63.3914 -38.5232 33.8436 0.836209 -0.0106514 0.548307 15.0188 0 1
62.6479 -38.7118 35.0341 0.83293 -0.0116433 0.553255 15.1929 0 1
61.9377 -38.7414 36.1373 0.829457 -0.012602 0.558429 15.3419 0 1
61.3202 -38.7449 37.037 0.826105 -0.0134525 0.563356 15.5 0 1
60.6592 -38.9303 37.9769 0.82313 -0.0141841 0.567676 15.6433 0 1
60.3686 -39.856 38.3547 0.820676 -0.0148297 0.571201 15.7911 0 1
60.2772 -40.9244 38.4458 0.818764 -0.0154317 0.573923 15.9371 0 1
60.2465 -41.9865 38.4554 0.817298 -0.0160192 0.575993 16.0919 0 1
60.2191 -43.1144 38.4745 0.816107 -0.0166035 0.577663 16.2044 0 1
60.1855 -43.925 38.5017 0.814979 -0.0171874 0.579227 16.2044 0 1
