24.5191 27.8198 79.4495 0.657458 0.024435 0.753064 0 1 0
25.1586 28.1412 78.8693 0.658931 0.0230174 0.751851 0.383919 0 0
25.3557 27.2102 78.7249 0.660488 0.0219921 0.750514 0.619994 0 0
24.5776 27.7527 79.3997 0.662089 0.0215464 0.749115 0.774874 0 0
24.0893 27.3809 79.8381 0.663569 0.0217443 0.747799 1.01333 0 0
24.7521 26.6319 79.2742 0.66471 0.0224845 0.746763 1.23118 0 0
25.518 26.3564 78.5956 0.665349 0.0235297 0.746162 1.47864 0 0
26.2311 27.0929 77.9222 0.665458 0.0246037 0.74603 1.70028 0 0
25.9252 28.1499 78.1689 0.665155 0.0255032 0.746269 1.90243 0 0
25.374 28.877 78.6374 0.664645 0.0261613 0.746701 2.17307 0 0
24.3753 29.1212 79.5145 0.664139 0.026628 0.747135 2.51079 0 0
24.0367 27.5294 79.8792 0.663795 0.0269907 0.747427 2.53199 0 0
24.0592 27.431 79.8635 0.663712 0.0272915 0.74749 2.69175 0 0
23.5066 27.2097 80.3501 0.663929 0.0274925 0.74729 2.91161 0 0
23.2643 28.2159 80.5272 0.664427 0.0274955 0.746847 3.14012 0 0
23.455 29.28 80.321 0.66512 0.0271894 0.746241 3.38163 0 0
24.1676 29.9394 79.6571 0.665847 0.0264921 0.745618 3.66019 0 0
25.195 29.7568 78.7533 0.666392 0.0253629 0.74517 3.89946 0 0
25.985 29.179 78.0645 0.666534 0.0237962 0.745095 4.2094 0 0
26.6747 27.8826 77.4876 0.666121 0.0218254 0.745525 4.40495 0 0
26.8293 26.8914 77.3822 0.665153 0.0195468 0.746451 4.69002 0 0
26.1856 25.7291 78.0077 0.663816 0.0171428 0.747699 4.90802 0 0
25.3801 25.5807 78.7319 0.662439 0.0148695 0.748968 5.12489 0 0
24.6107 25.8836 79.4113 0.661379 0.0130049 0.749939 5.34699 0 0
23.9382 26.4935 79.9879 0.660896 0.0117792 0.750385 5.50388 0 0
23.4608 26.0752 80.3943 0.661069 0.0113192 0.75024 5.74321 0 0
24.1468 25.3552 79.8108 0.661798 0.0116326 0.749592 5.97635 0 0
24.9419 24.9318 79.1339 0.662866 0.0126373 0.748631 6.22166 0 0
25.8225 24.7749 78.3529 0.664032 0.0142108 0.747569 6.46872 0 0
26.675 25.171 77.5684 0.665099 0.0162212 0.746579 6.73283 0 0
27.3321 26.1618 76.9434 0.665956 0.0185159 0.745761 6.93469 0 0
27.4139 27.1963 76.8439 0.666568 0.0208863 0.745151 7.14092 0 0
27.1621 28.2139 77.0379 0.666932 0.0230406 0.744762 7.35221 0 0
26.7344 29.1537 77.3928 0.667028 0.0246215 0.744626 7.59248 0 0
26.067 30.019 77.964 0.666807 0.0252848 0.744801 7.79181 0 0
25.3785 30.4515 78.5536 0.666227 0.0248201 0.745336 8.0358 0 0
24.4822 30.7216 79.3402 0.665309 0.0232638 0.746206 8.26881 0 0
23.6293 30.6019 80.1088 0.664174 0.0209449 0.747285 8.51492 0 0
22.9827 29.7861 80.727 0.663029 0.018432 0.748367 8.79936 0 0
22.6836 28.4755 81.0394 0.66211 0.0163934 0.749227 9.14035 0 0
22.9835 26.8891 80.8064 0.661602 0.0154139 0.749697 9.22202 0 0
23.1646 26.5858 80.6474 0.661573 0.0158285 0.749714 9.40736 0 0
22.9116 25.7649 80.8608 0.661964 0.017626 0.749328 9.7722 0 0
22.2049 27.2533 81.4798 0.66263 0.0204583 0.748667 10.116 0 0
22.0489 28.8624 81.5979 0.66342 0.0237465 0.74787 10.3437 0 0
22.2815 29.8814 81.353 0.664248 0.0268418 0.747031 10.6583 0 0
23.0037 31.0118 80.6579 0.665124 0.0291801 0.746163 10.9231 0 0
23.8658 31.5201 79.8454 0.666136 0.030388 0.745211 11.1751 0 0
24.7922 31.4156 79.0212 0.667361 0.0303256 0.744116 11.4702 0 0
25.8594 30.9868 78.0963 0.668773 0.0290717 0.742898 11.6872 0 0
26.5739 30.4149 77.4959 0.670175 0.0268584 0.741717 12.0377 0 0
27.4591 29.0849 76.7413 0.671236 0.0239834 0.740856 12.2313 0 0
27.8025 28.1875 76.4619 0.671603 0.0207329 0.740621 12.4561 0 0
27.9925 27.047 76.3262 0.671045 0.0173428 0.741214 12.7139 0 0
27.8594 25.7294 76.4668 0.669533 0.0139972 0.74265 12.9207 0 0
27.3951 24.8668 76.9113 0.667241 0.0108428 0.744763 13.2252 0 0
26.3925 24.1037 77.843 0.66448 0.00799489 0.747263 13.4527 0 0
25.5522 23.987 78.6088 0.661637 0.00553343 0.749803 13.7477 0 0
24.4879 24.2926 79.5194 0.659129 0.00350139 0.752022 13.9765 0 0
23.7216 24.7643 80.168 0.657361 0.00191622 0.753573 14.2087 0 0
23.0852 25.5142 80.7086 0.656672 0.000787237 0.754176 14.3821 0 0
22.8736 24.7198 80.8856 0.657254 0.000124564 0.753669 14.6009 0 0
23.4911 24.0425 80.3615 0.659093 -6.22448e-05 0.752061 14.8282 0 0
24.2463 23.5655 79.7231 0.661963 0.000236292 0.749536 15.1052 0 0
25.2354 23.2359 78.8768 0.665468 0.00104158 0.746426 15.3288 0 0
26.0534 23.2017 78.1569 0.669127 0.00240742 0.743144 15.5757 0 0
26.9232 23.5117 77.3596 0.672475 0.00443384 0.740106 15.818 0 0
27.6787 24.1805 76.6496 0.675143 0.00725141 0.737651 16.0125 0 0
28.1765 24.9179 76.1756 0.676913 0.0109614 0.735982 16.204 0 0
28.5068 25.807 75.8519 0.677733 0.0155473 0.735144 16.3944 0 0
28.5954 26.7997 75.7603 0.67771 0.0208001 0.735035 16.6321 0 0
28.4309 28.022 75.8909 0.677068 0.0263001 0.73545 16.8325 0 0
28.1532 29.0069 76.1183 0.67608 0.0314699 0.736156 17.0683 0 0
27.6383 30.0271 76.5462 0.674977 0.0356811 0.736976 17.3593 0 0
26.8022 31.0545 77.246 0.67387 0.0383797 0.737853 17.5701 0 0
26.1232 31.6749 77.8088 0.672729 0.0391962 0.73885 17.9141 0 0
24.8591 32.1809 78.904 0.671429 0.0380182 0.740093 18.2708 0 0
23.5363 32.2657 80.0898 0.669843 0.035011 0.741677 18.4907 0 0
22.8105 31.8631 80.7735 0.667915 0.0305804 0.743609 18.8038 0 0
22.021 30.8298 81.5599 0.665697 0.0252848 0.745794 19.0473 0 0
21.6112 29.8172 81.9679 0.663315 0.0197156 0.748081 19.2622 0 0
21.4147 28.8462 82.1489 0.660924 0.014379 0.750315 19.5647 0 0
21.5304 27.4348 82.0579 0.658679 0.00961975 0.752363 19.807 0 0
21.8521 26.383 81.7797 0.656743 0.00560932 0.754094 20.0541 0 0
22.3707 25.4509 81.3268 0.655322 0.00239276 0.755346 20.056 0 0
22.3753 25.4437 81.3228 0.65466 -4.27829e-05 0.755924 20.2197 0 0
21.8663 25.0433 81.7566 0.654987 -0.00171581 0.755638 20.6034 0 0
22.7669 23.7026 80.977 0.65644 -0.00263407 0.754374 20.8432 0 0
23.5087 23.1108 80.3477 0.658997 -0.00280569 0.75214 21.101 0 0
24.385 22.6636 79.5943 0.662451 -0.00224936 0.749102 21.3512 0 0
25.2961 22.3824 78.8217 0.666423 -0.000980845 0.745573 21.6928 0 0
26.539 22.4827 77.713 0.670431 0.0010164 0.741971 21.9411 0 0
27.3912 22.9244 76.9234 0.673982 0.00380397 0.738738 22.2539 0 0
28.3184 23.9132 76.0502 0.676679 0.00745906 0.73624 22.4841 0 0
28.8996 24.8084 75.492 0.678301 0.0120108 0.734686 22.7141 0 0
29.1899 25.9472 75.198 0.678831 0.0173789 0.734088 22.9145 0 0
29.1492 27.0101 75.2298 0.678433 0.0233454 0.734291 23.2532 0 0
28.8444 28.7637 75.4791 0.677398 0.0295605 0.735022 23.5676 0 0
28.2304 30.2245 75.9938 0.676072 0.0355679 0.735976 23.7783 0 0
27.717 31.1014 76.4205 0.674771 0.0408442 0.736896 24.0016 0 0
27.0402 31.8487 76.9694 0.673688 0.0448534 0.737654 24.2099 0 0
26.3794 32.5109 77.5099 0.672822 0.0471152 0.738302 24.4076 0 0
25.6249 32.6269 78.1796 0.671952 0.0472748 0.739084 24.6091 0 0
24.9368 33.1123 78.7584 0.670694 0.0451671 0.740358 24.9246 0 0
23.7636 33.1639 79.8123 0.668642 0.040872 0.74246 25.2132 0 0
22.771 32.8113 80.7482 0.665547 0.0347459 0.745547 25.5457 0 0
21.8357 31.9404 81.6776 0.661441 0.0274039 0.749497 25.8789 0 0
21.2267 30.6774 82.2918 0.656656 0.0196351 0.753935 26.0953 0 0
20.9711 29.7322 82.5337 0.651722 0.0122589 0.758359 26.3235 0 0
20.6672 28.7554 82.7939 0.647198 0.00595833 0.762299 26.5416 0 0
20.8511 27.7846 82.6443 0.643497 0.00114174 0.765447 26.7614 0 0
21.0071 26.8001 82.4847 0.640781 -0.00212632 0.76772 26.9804 0 0
21.2307 25.8235 82.2834 0.638936 -0.00410682 0.769249 27.0413 0 0
21.3357 25.5742 82.1904 0.637642 -0.00529323 0.770314 27.1721 0 0
21.7439 25.2489 81.8626 0.63638 -0.00627606 0.771129 27.1721 0 0
