51.2715 4.16242 50.9619 0.757895 -0.00814518 0.652325 0 1 0
51.7497 3.85164 50.4062 0.757339 -0.00784579 0.652975 0.399289 0 0
51.9549 2.02025 50.1525 0.75693 -0.00762784 0.653451 0.623256 0 0
51.7533 0.551193 50.3702 0.756685 -0.00749676 0.653737 0.791596 0 0
51.6654 1.66661 50.4817 0.756562 -0.0074248 0.653879 0.960579 0 0
51.3678 2.69734 50.8355 0.756488 -0.00736655 0.653966 1.11272 0 0
51.2804 3.70066 50.9453 0.756381 -0.00728017 0.654091 1.2359 0 0
50.7458 3.70142 51.5657 0.75618 -0.007143 0.654325 1.397 0 0
50.7672 4.76584 51.5556 0.755864 -0.00695598 0.654692 1.61513 0 0
51.3428 5.91201 50.9003 0.755453 -0.0067389 0.655168 1.76778 0 0
51.9265 5.4448 50.2145 0.755003 -0.00652234 0.655689 1.96051 0 0
52.2543 4.25711 49.83 0.754582 -0.00633981 0.656175 2.16353 0 0
52.4191 2.92649 49.6291 0.754253 -0.00622047 0.656554 2.3301 0 0
52.4431 1.81243 49.5941 0.754053 -0.00618297 0.656784 2.47999 0 0
52.3826 0.815196 49.6539 0.753982 -0.0062321 0.656865 2.64189 0 0
52.2133 -0.237673 49.8378 0.754005 -0.00635892 0.656837 2.89344 0 0
51.4999 -1.52056 50.6417 0.754074 -0.00654413 0.656757 3.12666 0 0
51.1208 -0.0928993 51.0912 0.754149 -0.00676383 0.656669 3.31567 0 0
50.982 1.13506 51.2631 0.754217 -0.00699421 0.656588 3.47386 0 0
50.8297 2.15685 51.4513 0.75429 -0.0072113 0.656502 3.63656 0 0
50.7579 3.22691 51.5451 0.754388 -0.00738761 0.656388 3.76098 0 0
50.2231 3.11573 52.1606 0.754517 -0.00749263 0.656238 3.93374 0 0
50.2081 4.25185 52.1932 0.754661 -0.00750128 0.656072 4.09925 0 0
50.2885 5.33394 52.1156 0.754783 -0.00740521 0.655933 4.25437 0 0
50.5356 6.28224 51.842 0.754841 -0.00721805 0.655869 4.52125 0 0
51.6016 6.93087 50.6146 0.754802 -0.006971 0.655915 4.67963 0 0
52.1805 6.37547 49.9335 0.75466 -0.00670242 0.656082 4.86808 0 0
52.5954 5.28936 49.444 0.754432 -0.0064479 0.656347 5.08141 0 0
52.8388 3.91161 49.1565 0.754159 -0.00623463 0.656662 5.24699 0 0
52.9468 2.81083 49.0262 0.753895 -0.00608022 0.656967 5.49368 0 0
52.9263 1.15744 49.0367 0.753687 -0.00599409 0.657206 5.67014 0 0
52.824 -0.0120142 49.1417 0.753566 -0.00597872 0.657345 5.94675 0 0
52.382 -1.74036 49.6351 0.753532 -0.0060299 0.657383 6.1079 0 0
51.9911 -2.63358 50.073 0.753565 -0.00613745 0.657345 6.26087 0 0
51.3471 -2.38547 50.8105 0.753628 -0.00628758 0.657271 6.4672 0 0
50.8094 -1.3028 51.4374 0.753684 -0.00646503 0.657205 6.62418 0 0
50.604 -0.323951 51.6836 0.753711 -0.0066516 0.657172 6.78104 0 0
50.4459 0.670556 51.8756 0.753707 -0.00682241 0.657175 6.94169 0 0
50.3143 1.70381 52.0394 0.753696 -0.00694686 0.657186 7.10144 0 0
50.2365 2.74786 52.1416 0.753719 -0.0069995 0.657159 7.22977 0 0
49.7066 2.493 52.7465 0.753813 -0.00697423 0.657052 7.4079 0 0
49.6704 3.66045 52.7998 0.753998 -0.00688713 0.656841 7.58225 0 0
49.6865 4.80762 52.7967 0.754272 -0.00676262 0.656527 7.74984 0 0
49.8025 5.89463 52.6792 0.754615 -0.00661529 0.656135 7.91319 0 0
50.0794 6.87819 52.3711 0.75499 -0.00644471 0.655705 8.20829 0 0
51.1427 7.93065 51.1558 0.755352 -0.00624692 0.655289 8.36607 0 0
51.8129 7.79326 50.3769 0.755653 -0.00602978 0.654945 8.52153 0 0
52.3993 7.27482 49.6925 0.755852 -0.00581776 0.654716 8.70019 0 0
52.8856 6.34442 49.1208 0.755928 -0.00564266 0.65463 8.91011 0 0
53.2099 5.03451 48.7355 0.755877 -0.00552804 0.65469 9.0936 0 0
53.3662 3.82091 48.5389 0.755717 -0.00547922 0.654875 9.36923 0 0
53.4995 1.94198 48.3885 0.755486 -0.00548455 0.655142 9.55323 0 0
53.434 0.713404 48.4504 0.75523 -0.00552415 0.655436 9.77098 0 0
53.2473 -0.718579 48.6504 0.755001 -0.00557903 0.6557 9.91991 0 0
53.021 -1.65811 48.904 0.754835 -0.00563647 0.655891 10.1951 0 0
52.3625 -3.21057 49.6442 0.754751 -0.00569104 0.655986 10.3862 0 0
51.8071 -4.15817 50.2683 0.754752 -0.00574213 0.655986 10.6182 0 0
50.9593 -3.33406 51.2467 0.754822 -0.00579117 0.655904 10.8689 0 0
50.4055 -1.92291 51.8962 0.754942 -0.00584151 0.655766 11.0609 0 0
50.1216 -0.750649 52.2358 0.755082 -0.00589971 0.655604 11.2226 0 0
49.9384 0.257068 52.4578 0.755208 -0.0059745 0.655458 11.3783 0 0
49.7959 1.24527 52.6293 0.75529 -0.006073 0.655363 11.5354 0 0
49.7153 2.26657 52.7342 0.7553 -0.00619737 0.65535 11.6719 0 0
49.1874 1.86574 53.3359 0.755223 -0.00634455 0.655437 11.838 0 0
49.2826 0.787477 53.2179 0.755061 -0.00651085 0.655623 11.9918 0 0
49.4392 -0.184342 53.03 0.754833 -0.00669853 0.655883 12.1563 0 0
49.6439 -1.20025 52.782 0.754575 -0.00691713 0.656177 12.3217 0 0
49.8683 -2.20826 52.5098 0.754322 -0.00717631 0.656465 12.4785 0 0
50.204 -3.08359 52.117 0.754099 -0.00747518 0.656718 12.6341 0 0
50.5737 -3.92282 51.6855 0.753916 -0.00779696 0.656925 12.8577 0 0
51.102 -5.13631 51.0622 0.753772 -0.00811383 0.657086 13.0454 0 0
51.4452 -6.26339 50.6634 0.753662 -0.00840083 0.657209 13.3373 0 0
51.7056 -8.14976 50.3399 0.75358 -0.00865085 0.657299 13.5112 0 0
51.0751 -8.78318 51.0584 0.753523 -0.00888003 0.657361 13.7893 0 0
50.309 -10.2026 51.9148 0.753495 -0.00911886 0.65739 13.9453 0 0
49.8939 -11.008 52.3815 0.753509 -0.00939564 0.65737 14.2118 0 0
49.4175 -12.5935 52.8987 0.753588 -0.00972435 0.657275 14.3795 0 0
49.3312 -13.6799 52.9848 0.753756 -0.0101027 0.657077 14.5354 0 0
49.5078 -14.6568 52.7718 0.754033 -0.0105178 0.656753 14.7208 0 0
49.9274 -15.6714 52.2751 0.754423 -0.0109541 0.656298 14.9165 0 0
50.531 -16.5504 51.5686 0.754918 -0.011402 0.65572 15.0856 0 0
51.0868 -17.2574 50.9159 0.755507 -0.0118634 0.655033 15.2513 0 0
51.5836 -18.0368 50.331 0.756175 -0.0123529 0.654253 15.4268 0 0
51.988 -19.0151 49.844 0.756897 -0.0128933 0.653407 15.6385 0 0
52.2272 -20.3816 49.5398 0.757637 -0.0135074 0.652537 15.8111 0 0
52.2407 -21.5387 49.4995 0.758352 -0.0142063 0.65169 15.9809 0 0
52.0501 -22.6467 49.6983 0.759015 -0.0149769 0.650901 16.1543 0 0
51.8514 -23.7807 49.9042 0.759613 -0.0157783 0.650184 16.4276 0 0
51.8585 -25.6246 49.85 0.760153 -0.0165511 0.649533 16.576 0 0
52.121 -26.5359 49.5137 0.760642 -0.0172396 0.648943 16.7577 0 0
52.6795 -27.4205 48.841 0.761072 -0.0178109 0.648423 16.9057 0 0
53.2584 -27.8902 48.1525 0.761415 -0.0182605 0.648007 17.052 0 0
53.9056 -27.9527 47.3886 0.761625 -0.0185994 0.647751 17.235 0 0
54.6739 -27.502 46.4954 0.761656 -0.0188334 0.647708 17.4391 0 0
55.356 -26.5213 45.7202 0.761487 -0.0189456 0.647903 17.5999 0 0
55.667 -25.4894 45.3845 0.761138 -0.0188938 0.648315 17.7459 0 0
55.6897 -24.4625 45.3882 0.760659 -0.0186259 0.648884 17.9322 0 0
55.476 -23.2108 45.6747 0.760114 -0.0181091 0.649538 18.0784 0 0
55.1443 -22.3414 46.0922 0.759549 -0.017357 0.650219 18.2805 0 0
54.483 -21.4031 46.8831 0.758984 -0.016439 0.650902 18.537 0 0
53.6395 -20.2162 47.8951 0.758416 -0.0154636 0.651587 18.7329 0 0
53.236 -19.0408 48.393 0.757849 -0.0145429 0.652268 18.9244 0 0
53.0479 -17.7837 48.6351 0.757303 -0.0137577 0.652918 19.1929 0 0
53.196 -15.9881 48.4896 0.756821 -0.0131357 0.653491 19.3515 0 0
53.3844 -14.9514 48.2856 0.756439 -0.0126509 0.653942 19.6155 0 0
53.5027 -13.1725 48.1761 0.756171 -0.0122409 0.654259 19.7818 0 0
53.3204 -12.0785 48.4047 0.755999 -0.0118372 0.654466 19.9655 0 0
52.9289 -10.9846 48.8698 0.755886 -0.0113934 0.654604 20.1463 0 0
52.4769 -9.98421 49.4121 0.755798 -0.0108991 0.654715 20.3038 0 0
52.1086 -9.10772 49.8544 0.755722 -0.0103743 0.654811 20.4643 0 0
51.8005 -8.16733 50.2294 0.755675 -0.00984643 0.654873 20.6285 0 0
51.5041 -7.1894 50.5905 0.755698 -0.00932559 0.654854 20.8354 0 0
51.7484 -5.87795 50.3216 0.755841 -0.00879343 0.654696 21.0169 0 0
52.1679 -4.85677 49.8465 0.756141 -0.00821871 0.654357 21.178 0 0
52.6151 -4.02164 49.3434 0.756601 -0.00758714 0.653832 21.3315 0 0
53.0758 -3.27216 48.8235 0.757178 -0.00692047 0.653172 21.5047 0 0
53.473 -2.28368 48.3716 0.757792 -0.00627053 0.652466 21.6536 0 0
53.7006 -1.33726 48.1202 0.758348 -0.00569537 0.651825 21.9345 0 0
53.9489 0.52206 47.8528 0.758763 -0.00523591 0.651346 22.1739 0 0
54.0378 2.12745 47.7512 0.758977 -0.00490656 0.651098 22.3539 0 0
53.94 3.34044 47.8704 0.75897 -0.00470184 0.651109 22.5758 0 0
53.7758 4.82593 48.0717 0.758756 -0.00461051 0.651359 22.7883 0 0
53.5301 6.21853 48.3724 0.758389 -0.00462555 0.651786 22.988 0 0
53.105 7.38649 48.8732 0.757951 -0.00474343 0.652294 23.1583 0 0
52.5721 8.1724 49.5 0.757533 -0.00495525 0.652778 23.3094 0 0
51.992 8.64224 50.1752 0.757211 -0.00523803 0.65315 23.6076 0 0
50.6827 8.67917 51.6895 0.757023 -0.00555397 0.653365 23.8944 0 0
49.7003 7.57223 52.8122 0.756972 -0.00586004 0.653422 24.0918 0 0
49.3144 6.43399 53.2438 0.757025 -0.00612307 0.653358 24.2675 0 0
49.1693 5.3113 53.3966 0.757129 -0.00633127 0.653235 24.4389 0 0
49.1318 4.19271 53.4261 0.757221 -0.00649483 0.653126 24.6169 0 0
49.1463 3.02745 53.396 0.757241 -0.00663455 0.653101 24.6476 0 0
49.1505 2.82629 53.3891 0.757141 -0.0067659 0.653217 24.7871 0 0
48.6241 2.3891 53.9965 0.756892 -0.00689058 0.653503 24.9545 0 0
48.6667 1.30347 53.937 0.756496 -0.00700207 0.653961 25.1571 0 0
48.8337 0.0189451 53.7333 0.755979 -0.00709856 0.654558 25.4271 0 0
49.1614 -1.64211 53.3322 0.755391 -0.00719004 0.655235 25.6127 0 0
49.4155 -2.76837 53.0238 0.754796 -0.00729282 0.65592 25.8579 0 0
49.9882 -4.08682 52.3532 0.754256 -0.00741792 0.656538 26.0585 0 0
50.4724 -5.16398 51.7831 0.753829 -0.00756571 0.657027 26.3367 0 0
50.8875 -6.88143 51.2943 0.753556 -0.00773244 0.657338 26.5955 0 0
50.5462 -8.51174 51.6691 0.75345 -0.00792131 0.657457 26.7525 0 0
50.1279 -9.32648 52.1321 0.753492 -0.0081464 0.657407 26.9305 0 0
49.62 -10.205 52.7041 0.753634 -0.0084249 0.65724 27.1298 0 0
49.1518 -11.2945 53.2249 0.753823 -0.00876428 0.657019 27.3275 0 0
48.8484 -12.4951 53.5499 0.754019 -0.00915578 0.656789 27.5996 0 0
48.7909 -14.2719 53.6042 0.754212 -0.00957917 0.656561 27.7552 0 0
49.028 -15.207 53.3178 0.754415 -0.0100136 0.656321 27.9103 0 0
49.3663 -16.0612 52.9092 0.754645 -0.0104455 0.65605 28.0801 0 0
49.883 -16.8393 52.3043 0.754913 -0.0108707 0.655735 28.2344 0 0
50.4084 -17.4544 51.692 0.755216 -0.011297 0.655379 28.3954 0 0
50.9253 -18.1492 51.0849 0.755554 -0.0117482 0.654981 28.5674 0 0
51.3652 -19.0548 50.5649 0.755931 -0.0122646 0.654536 28.7263 0 0
51.624 -20.0253 50.2464 0.756358 -0.0128928 0.654031 28.9505 0 0
51.6871 -21.5171 50.1444 0.756842 -0.0136657 0.653454 29.1472 0 0
51.4518 -22.7882 50.389 0.757391 -0.0145856 0.652799 29.3933 0 0
51.2741 -24.4207 50.5601 0.758003 -0.0156172 0.652064 29.5789 0 0
51.2736 -25.6646 50.5362 0.758671 -0.0166901 0.651261 29.8075 0 0
51.6617 -27.0613 50.0432 0.759381 -0.0177089 0.650405 30.0569 0 0
52.4304 -28.2338 49.1035 0.760117 -0.0185766 0.64952 30.2024 0 0
52.997 -28.716 48.4289 0.760853 -0.0192265 0.648639 30.403 0 0
53.8904 -28.821 47.3778 0.76155 -0.0196463 0.647809 30.5726 0 0
54.6317 -28.5314 46.5116 0.762145 -0.0198765 0.647101 30.7428 0 0
55.2988 -27.911 45.7413 0.762562 -0.0199813 0.646606 30.8873 0 0
55.7395 -27.1314 45.2504 0.762729 -0.020009 0.646408 31.0367 0 0
56.0932 -26.222 44.8611 0.762602 -0.0199644 0.646559 31.2045 0 0
56.2692 -25.0677 44.6755 0.762184 -0.0198063 0.647057 31.3607 0 0
56.22 -23.9566 44.7705 0.761521 -0.0194714 0.647848 31.513 0 0
55.9846 -22.96 45.0858 0.760686 -0.0189112 0.648844 31.6682 0 0
55.6615 -22.0147 45.4976 0.759758 -0.0181244 0.649953 31.8257 0 0
55.1707 -21.2403 46.0944 0.758802 -0.0171661 0.651095 31.9747 0 0
54.6628 -20.5823 46.7004 0.757868 -0.0161308 0.652209 32.2375 0 0
53.8986 -19.2117 47.6182 0.756996 -0.0151205 0.653245 32.4799 0 0
53.6122 -17.6143 47.9827 0.756228 -0.0142127 0.654154 32.6274 0 0
53.65 -16.6101 47.9587 0.755606 -0.0134412 0.654889 32.7942 0 0
53.8391 -15.5122 47.7548 0.755163 -0.0127939 0.655412 33.0572 0 0
54.077 -13.7554 47.5081 0.75491 -0.0122266 0.655714 33.2895 0 0
53.9322 -12.1869 47.7051 0.754831 -0.0116876 0.655815 33.4828 0 0
53.5769 -10.9872 48.1354 0.754893 -0.0111398 0.655753 33.7042 0 0
53.029 -9.75195 48.7782 0.75506 -0.0105706 0.65557 33.9004 0 0
52.5585 -8.65468 49.3418 0.755305 -0.00998154 0.655297 34.1334 0 0
52.2411 -7.19522 49.7351 0.75562 -0.00936574 0.654944 34.3484 0 0
52.4203 -5.78499 49.5469 0.756011 -0.00869717 0.654501 34.5498 0 0
52.9256 -4.67317 48.9779 0.756495 -0.00794745 0.653951 34.6993 0 0
53.4083 -3.98384 48.4322 0.75708 -0.00711872 0.653284 34.8491 0 0
53.8033 -3.17976 47.9807 0.757745 -0.00626181 0.652521 35.0341 0 0
54.1487 -2.04415 47.5911 0.758439 -0.00546288 0.651721 35.2168 0 0
54.3387 -0.833859 47.3864 0.759087 -0.00480753 0.650971 35.3894 0 0
54.4621 0.323348 47.2533 0.759608 -0.00434549 0.650366 35.588 0 0
54.5978 1.65065 47.0945 0.759937 -0.0040747 0.649984 35.8157 0 0
54.489 3.19221 47.2175 0.760036 -0.00395134 0.649868 36.0444 0 0
54.3155 4.73082 47.4345 0.759903 -0.00391712 0.650024 36.2253 0 0
54.1699 5.94308 47.6175 0.759558 -0.00392552 0.650428 36.4558 0 0
53.7715 7.38409 48.0982 0.759036 -0.00395246 0.651037 36.6486 0 0
53.2557 8.41686 48.7065 0.758386 -0.00399246 0.651794 36.8099 0 0
52.706 9.07638 49.3522 0.757672 -0.00405104 0.652623 37.0567 0 0
51.7025 9.66351 50.5152 0.756971 -0.00413921 0.653436 37.2297 0 0
50.9484 9.71557 51.3881 0.756355 -0.00426714 0.654148 37.4069 0 0
50.233 9.33548 52.2123 0.75587 -0.00443474 0.654706 37.647 0 0
49.4194 8.38589 53.1406 0.75552 -0.00462504 0.65511 37.8428 0 0
48.9173 7.37791 53.7061 0.755266 -0.0048085 0.655401 38.0664 0 0
48.6875 5.97766 53.9601 0.755053 -0.00495747 0.655645 38.2688 0 0
48.6072 4.67488 54.0416 0.754839 -0.00505946 0.655891 38.4412 0 0
48.5979 3.55832 54.0394 0.75461 -0.00511838 0.656154 38.4637 0 0
48.6039 3.41277 54.0308 0.754388 -0.00514454 0.656409 38.5906 0 0
48.0667 3.44696 54.6547 0.754215 -0.0051429 0.656608 38.8277 0 0
48.0437 4.96329 54.6918 0.754137 -0.00510832 0.656698 39.0045 0 0
48.126 6.09294 54.6014 0.754191 -0.0050282 0.656636 39.1638 0 0
48.2693 7.09936 54.4444 0.754404 -0.00488792 0.656392 39.4349 0 0
48.7944 8.66186 53.8581 0.754794 -0.00467716 0.655946 39.5987 0 0
49.2713 9.4306 53.3209 0.755363 -0.00439811 0.655292 39.7579 0 0
49.8365 9.98939 52.6732 0.756088 -0.00407296 0.654457 40.0529 0 0
51.0298 10.6035 51.297 0.756916 -0.00374416 0.653502 40.2074 0 0
51.6925 10.5389 50.5296 0.757764 -0.00346127 0.65252 40.3614 0 0
52.3595 10.477 49.7602 0.758545 -0.00325541 0.651612 40.6289 0 0
53.3162 9.49788 48.6357 0.759193 -0.00311625 0.650858 40.7839 0 0
53.7796 8.74323 48.0906 0.759673 -0.00299565 0.650298 40.9424 0 0
54.3029 8.04034 47.4757 0.759987 -0.00284501 0.649933 41.0915 0 0
54.5366 7.09239 47.1936 0.760152 -0.00266086 0.64974 41.2419 0 0
54.686 6.08839 47.0106 0.760193 -0.00250185 0.649692 41.4421 0 0
54.8541 4.742 46.8061 0.760131 -0.00246519 0.649766 41.6274 0 0
54.9757 3.48936 46.6502 0.759975 -0.00264167 0.649946 41.7916 0 0
55.1584 2.39853 46.4271 0.759734 -0.00307744 0.650227 41.9356 0 0
55.1784 1.40067 46.4143 0.75941 -0.00375855 0.650601 42.0972 0 0
54.9895 0.333865 46.6391 0.759006 -0.00461966 0.651067 42.3705 0 0
54.8643 -1.51499 46.766 0.758527 -0.00556974 0.651618 42.6323 0 0
54.4338 -3.18672 47.2479 0.757982 -0.00652215 0.652243 42.9033 0 0
53.8328 -4.79138 47.9294 0.75739 -0.00741449 0.652921 43.0627 0 0
53.2446 -5.37791 48.601 0.75678 -0.0082125 0.653618 43.305 0 0
52.8321 -6.87953 49.055 0.75619 -0.0089044 0.654291 43.5021 0 0
53.0401 -8.15572 48.7948 0.755661 -0.00949555 0.654894 43.6717 0 0
53.392 -9.14492 48.3705 0.755231 -0.0100077 0.655382 43.8597 0 0
53.9457 -10.09 47.7271 0.754934 -0.0104796 0.655717 44.0351 0 0
54.3161 -11.1307 47.2885 0.754794 -0.010965 0.65587 44.2436 0 0
54.5569 -12.4969 46.9805 0.754837 -0.011526 0.655811 44.5186 0 0
54.5953 -14.4001 46.906 0.755082 -0.0122206 0.655517 44.7172 0 0
54.3816 -15.7188 47.1296 0.755536 -0.013084 0.654976 44.9143 0 0
54.1268 -17.0149 47.4004 0.756186 -0.0141053 0.654205 45.0773 0 0
54.2759 -18.1046 47.2079 0.756995 -0.0152159 0.653244 45.3028 0 0
54.7104 -19.4965 46.6764 0.757908 -0.0163079 0.652158 45.48 0 0
55.306 -20.2928 45.9659 0.758863 -0.0172785 0.651021 45.6375 0 0
55.8692 -20.9301 45.2893 0.759799 -0.0180706 0.649907 45.8054 0 0
56.3081 -21.8594 44.7415 0.760663 -0.0186855 0.648877 45.967 0 0
56.5674 -22.9056 44.3997 0.761409 -0.0191642 0.647989 46.2223 0 0
56.8317 -24.6322 44.0154 0.761996 -0.0195554 0.647286 46.3667 0 0
56.8059 -25.6694 44.0242 0.762402 -0.0198891 0.646798 46.519 0 0
56.5975 -26.7154 44.251 0.762622 -0.0201662 0.64653 46.6804 0 0
56.1573 -27.6418 44.7371 0.762666 -0.0203614 0.646472 46.8934 0 0
55.4788 -28.7456 45.5005 0.762547 -0.0204331 0.64661 47.0607 0 0
54.8093 -29.3388 46.2754 0.76227 -0.0203387 0.64694 47.249 0 0
53.9954 -29.7808 47.2207 0.761833 -0.0200525 0.647463 47.4044 0 0
53.2978 -29.7047 48.0416 0.76125 -0.0195803 0.648163 47.6081 0 0
52.4461 -29.2532 49.0558 0.760556 -0.0189603 0.648995 47.7861 0 0
51.7411 -28.7277 49.898 0.759806 -0.018248 0.649894 47.9765 0 0
51.2379 -27.7044 50.5252 0.759054 -0.0174943 0.650793 48.1497 0 0
50.9064 -26.6728 50.9384 0.758344 -0.0167309 0.65164 48.304 0 0
50.615 -25.7498 51.2929 0.757705 -0.0159689 0.652402 48.4586 0 0
50.7336 -24.7336 51.1769 0.757154 -0.0152064 0.65306 48.6461 0 0
50.7736 -23.4834 51.1575 0.756688 -0.0144346 0.653617 48.8779 0 0
51.0904 -22.0054 50.8263 0.756283 -0.0136401 0.654102 49.0295 0 0
51.0928 -20.9969 50.8446 0.755902 -0.0128111 0.65456 49.2258 0 0
50.9178 -19.7271 51.0657 0.755501 -0.0119491 0.655039 49.4711 0 0
50.2674 -18.4525 51.8346 0.755056 -0.0110781 0.655567 49.6399 0 0
49.6853 -17.7928 52.5153 0.754567 -0.0102397 0.656143 49.879 0 0
48.8987 -16.7871 53.4393 0.754059 -0.00947705 0.656739 50.0972 0 0
48.3777 -15.6165 54.0618 0.753575 -0.00882029 0.657303 50.3263 0 0
48.1419 -14.1883 54.3519 0.753165 -0.00828246 0.65778 50.4976 0 0
48.1896 -13.0907 54.3028 0.752872 -0.00786664 0.65812 50.7551 0 0
48.4946 -11.4964 53.9705 0.752729 -0.00757433 0.658287 50.935 0 0
48.6873 -10.3721 53.7665 0.75275 -0.00740687 0.658265 51.1915 0 0
49.4894 -9.24325 52.8627 0.752933 -0.00735803 0.658056 51.3605 0 0
49.96 -8.40281 52.336 0.75326 -0.00740473 0.657681 51.6323 0 0
50.2747 -6.69615 51.9923 0.753703 -0.00750516 0.657173 51.7921 0 0
50.0374 -5.70784 52.2745 0.754223 -0.00760865 0.656575 52.0356 0 0
49.4818 -4.35371 52.929 0.754779 -0.00767206 0.655934 52.2332 0 0
48.9861 -3.31148 53.5123 0.755332 -0.00767239 0.655298 52.4062 0 0
48.6998 -2.28484 53.8578 0.755845 -0.00760878 0.654707 52.6062 0 0
48.3636 -1.1136 54.264 0.756297 -0.00749485 0.654186 52.7679 0 0
48.3042 -0.086499 54.3454 0.756681 -0.00734812 0.653743 53.0786 0 0
48.0803 1.86147 54.6247 0.757008 -0.00718277 0.653367 53.2428 0 0
48.0863 2.90846 54.6263 0.757298 -0.00700819 0.653031 53.2627 0 0
48.0838 3.03617 54.6306 0.75758 -0.00683142 0.652707 53.2627 0 0
51.2818 -9.72304 50.8032 0.75571 -0.0123084 0.654782 53.509 1 0
50.586 -10.9545 51.5893 0.755446 -0.0116374 0.655108 53.7255 0 0
50.0893 -12.1609 52.1387 0.755314 -0.01105 0.65527 53.8797 0 0
49.9113 -13.1341 52.3271 0.755344 -0.0105634 0.655243 54.0726 0 0
50.0689 -14.3649 52.1322 0.755516 -0.0101702 0.655051 54.2724 0 0
50.5583 -15.4228 51.5561 0.755785 -0.00985127 0.654746 54.4985 0 0
51.2641 -16.4233 50.7254 0.7561 -0.00959364 0.654386 54.6595 0 0
51.7824 -17.1267 50.1158 0.756418 -0.0094003 0.654021 54.8194 0 0
52.2564 -17.8935 49.5531 0.756709 -0.00928432 0.653686 55.0712 0 0
52.6042 -16.2889 49.1733 0.756952 -0.00925276 0.653406 55.363 0 0
52.924 -14.3917 48.8277 0.757131 -0.00929427 0.653197 55.5333 0 0
52.9471 -13.2489 48.8171 0.757234 -0.00937995 0.653076 55.7109 0 0
52.7223 -12.1028 49.0898 0.75725 -0.0094762 0.653057 55.8857 0 0
52.3427 -11.0806 49.5462 0.757176 -0.00956033 0.65314 56.0388 0 0
51.9497 -10.2611 50.0174 0.757029 -0.00962763 0.65331 56.1962 0 0
51.3667 -9.73814 50.7043 0.756845 -0.00968469 0.653523 56.4059 0 0
51.5131 -11.0957 50.5126 0.756675 -0.0097355 0.653718 56.5687 0 0
50.902 -11.6316 51.2141 0.756574 -0.00977286 0.653835 56.7258 0 0
50.5739 -12.5395 51.5785 0.756578 -0.00978122 0.65383 56.8788 0 0
50.4861 -13.5336 51.6647 0.756698 -0.00974632 0.653692 57.0379 0 0
50.7443 -14.4907 51.3563 0.756918 -0.00966304 0.653438 57.2813 0 0
51.4695 -15.6213 50.5005 0.757205 -0.00953726 0.653108 57.4474 0 0
52.1835 -15.7358 49.6706 0.757518 -0.00938246 0.652747 57.6093 0 0
52.3556 -14.686 49.4842 0.757814 -0.00921429 0.652406 57.8774 0 0
52.3722 -12.894 49.4878 0.758051 -0.00904745 0.652133 58.0305 0 0
52.0988 -11.9655 49.8184 0.758194 -0.00889685 0.651969 58.1726 0 0
51.7517 -11.1918 50.2348 0.758221 -0.00878041 0.651938 58.3322 0 0
51.5978 -12.2214 50.4002 0.758132 -0.00871811 0.652043 58.4908 0 0
51.8759 -13.1729 50.0638 0.757939 -0.0087257 0.652268 58.6477 0 0
51.9476 -14.2059 49.9675 0.757665 -0.00880718 0.652585 58.7688 0 0
51.4274 -14.1108 50.5742 0.757335 -0.00895135 0.652966 58.9559 0 0
51.0542 -13.0211 51.017 0.756973 -0.0091346 0.653383 59.0967 0 0
51.4256 -12.2802 50.5991 0.756602 -0.00932785 0.653808 59.0967 0 0
52.778 -20.3317 48.8974 0.759623 -0.0146834 0.650198 59.2478 1 0
53.3198 -20.9084 48.253 0.759813 -0.0153943 0.64996 59.4901 0 0
54.123 -21.9689 47.2862 0.76002 -0.0159624 0.649704 59.6699 0 0
54.7066 -22.8058 46.5861 0.760241 -0.0163552 0.649435 59.9028 0 0
55.116 -24.2662 46.0663 0.760467 -0.0165829 0.649165 60.056 0 0
55.111 -25.3338 46.0432 0.760679 -0.0166781 0.648914 60.242 0 0
54.6477 -26.4335 46.5559 0.760852 -0.0166714 0.648711 60.4154 0 0
53.9647 -27.0418 47.3463 0.760962 -0.0165837 0.648584 60.5876 0 0
53.2094 -26.8481 48.2362 0.760996 -0.0164335 0.648549 60.7725 0 0
52.5851 -26.0291 48.9765 0.760958 -0.0162467 0.648598 60.9425 0 0
52.3536 -24.915 49.2829 0.760866 -0.0160578 0.64871 61.1027 0 0
52.3795 -23.8159 49.2876 0.760751 -0.015902 0.648849 61.3548 0 0
52.6916 -22.1634 48.9609 0.76064 -0.0158037 0.648982 61.5855 0 0
52.7889 -20.6107 48.8788 0.760551 -0.0157718 0.649087 61.6072 0 0
52.788 -20.4642 48.8828 0.76049 -0.0158037 0.649157 61.9321 0 0
53.3952 -22.4338 48.1281 0.76046 -0.0158926 0.64919 62.0968 0 0
54.0414 -22.9293 47.3568 0.76046 -0.0160304 0.649187 62.2536 0 0
54.4602 -23.7814 46.8477 0.76049 -0.0162039 0.649148 62.4204 0 0
54.5624 -24.9142 46.6992 0.760539 -0.0163938 0.649085 62.5773 0 0
54.2318 -25.8812 47.0612 0.760589 -0.0165808 0.649022 62.7215 0 0
53.5973 -26.0805 47.8 0.76062 -0.0167559 0.648982 62.9313 0 0
52.9262 -25.0909 48.6016 0.760629 -0.0169263 0.648966 63.1141 0 0
52.8838 -23.8283 48.6932 0.76064 -0.0171118 0.648948 63.2823 0 0
53.0843 -22.7148 48.4862 0.760694 -0.0173357 0.648879 63.4356 0 0
53.3895 -23.6362 48.1026 0.760829 -0.0176144 0.648713 63.5864 0 0
53.9416 -24.2139 47.4431 0.761066 -0.0179522 0.648426 63.7332 0 0
53.5932 -25.0762 47.8274 0.761394 -0.0183398 0.64803 63.8946 0 0
53.3581 -24.0336 48.1278 0.761781 -0.0187584 0.647563 63.9257 0 0
53.357 -23.8199 48.1361 0.76218 -0.0191849 0.647077 63.9257 0 0
