27.1494 -44.6393 79.1255 0.749114 -0.0060635 0.662411 0 1 1
27.3329 -43.3954 78.9268 0.746605 -0.00485685 0.66525 0.410559 0 1
27.3111 -42.5557 78.9449 0.744664 -0.00372995 0.667429 0.578322 0 1
27.8558 -42.8788 78.3594 0.74332 -0.0026557 0.668931 0.777034 0 1
27.8959 -43.9022 78.3107 0.742369 -0.00160683 0.66999 1.00345 0 1
27.2962 -44.6752 78.9648 0.741508 -0.000607203 0.670943 1.04553 0 1
27.1501 -44.6567 79.1246 0.740481 0.000258245 0.672077 1.17873 0 1
26.6965 -44.6175 79.6379 0.739177 0.000873667 0.67351 1.49896 0 1
26.7528 -42.9965 79.5796 0.737654 0.00113575 0.675178 1.70238 0 1
26.8403 -41.9862 79.4701 0.736096 0.000988859 0.676877 1.92272 0 1
27.3368 -41.1665 78.9075 0.734748 0.000443713 0.67834 2.1189 0 1
28.0323 -41.2633 78.1791 0.73384 -0.000421923 0.679322 2.36152 0 1
28.3256 -42.4321 77.8679 0.733525 -0.00147413 0.679661 2.6862 0 1
28.3535 -44.0949 77.8265 0.733834 -0.00253385 0.679324 2.95906 0 1
28.2181 -45.4923 77.9726 0.734676 -0.00339003 0.67841 3.1565 0 1
27.9884 -46.4645 78.2088 0.735864 -0.00383378 0.677118 3.37877 0 1
27.2242 -46.7938 79.0233 0.737158 -0.00372079 0.67571 3.6644 0 1
26.7578 -45.499 79.5611 0.738297 -0.00303516 0.674469 3.69942 0 1
26.7224 -45.3286 79.6001 0.739032 -0.0019144 0.673667 3.84565 0 1
26.2309 -45.447 80.1472 0.739178 -0.000615322 0.67351 4.12838 0 1
26.2333 -44.0223 80.1633 0.738662 0.000567012 0.674076 4.35305 0 1
26.2342 -42.9099 80.1606 0.737551 0.00139125 0.67529 4.61635 0 1
26.2956 -41.6186 80.071 0.736034 0.00173095 0.676942 4.88436 0 1
26.7076 -40.4565 79.5905 0.734363 0.00158146 0.678755 5.14965 0 1
27.6067 -40.3013 78.6179 0.732782 0.00102193 0.680462 5.37662 0 1
28.4057 -40.4655 77.7787 0.73149 0.000165231 0.681853 5.6115 0 1
28.8381 -41.507 77.3387 0.730627 -0.000877422 0.682776 5.81034 0 1
28.8508 -42.5175 77.31 0.730296 -0.00201336 0.683128 6.00673 0 1
28.8531 -43.5211 77.2998 0.730556 -0.00317151 0.682845 6.23735 0 1
28.8153 -44.7019 77.3385 0.731397 -0.00428891 0.681939 6.45347 0 1
28.7667 -45.8242 77.3825 0.732702 -0.00527979 0.680529 6.67836 0 1
28.6193 -46.9943 77.5275 0.734256 -0.0060053 0.678846 6.87218 0 1
28.0243 -47.5516 78.1566 0.735783 -0.00627565 0.677188 7.09542 0 1
27.2296 -47.7 79.0046 0.737021 -0.00590454 0.675844 7.31322 0 1
26.5063 -47.3692 79.8094 0.737779 -0.00479709 0.675026 7.60151 0 1
26.2347 -45.9539 80.1313 0.737956 -0.00301893 0.674842 7.76828 0 1
25.7282 -45.5917 80.7049 0.737539 -0.000800514 0.675304 7.9682 0 1
25.746 -44.5912 80.7063 0.736581 0.0015229 0.676347 8.29029 0 1
25.7147 -43.0112 80.7297 0.735187 0.00359784 0.677854 8.64642 0 1
25.7255 -41.27 80.693 0.733501 0.00513122 0.679669 8.99583 0 1
26.114 -39.6896 80.2149 0.731682 0.0059475 0.68162 9.2086 0 1
26.8286 -39.5479 79.4434 0.729873 0.00601834 0.683556 9.43965 0 1
27.6278 -39.5225 78.591 0.72817 0.00545428 0.685375 9.71208 0 1
28.5921 -39.6051 77.5761 0.726622 0.00445572 0.687023 9.90832 0 1
29.2226 -40.0752 76.9255 0.725277 0.00323981 0.68845 10.1284 0 1
29.3622 -41.1959 76.7894 0.724241 0.00197793 0.689544 10.37 0 1
29.3754 -42.4251 76.7607 0.723714 0.000779925 0.6901 10.5769 0 1
29.3507 -43.4819 76.7748 0.723964 -0.000269153 0.689838 10.8617 0 1
29.3344 -44.9576 76.7862 0.725225 -0.00105982 0.688511 11.0907 0 1
29.3067 -46.1611 76.8055 0.727575 -0.0014514 0.686027 11.2875 0 1
29.2472 -47.2215 76.8603 0.730847 -0.00132491 0.68254 11.5111 0 1
28.7987 -48.2544 77.3308 0.734632 -0.000655273 0.678465 11.7243 0 1
28.0212 -48.4601 78.152 0.73838 0.000458618 0.674385 12.0688 0 1
26.7731 -48.5587 79.4769 0.741551 0.00183409 0.670894 12.2899 0 1
26.0577 -48.2189 80.3222 0.743773 0.00328624 0.668424 12.6338 0 1
25.735 -46.5614 80.6855 0.744928 0.00469211 0.667128 12.6706 0 1
25.7323 -46.375 80.6815 0.74515 0.00599991 0.66687 12.8397 0 1
25.198 -46.1164 81.2992 0.744717 0.00719499 0.667341 13.0561 0 1
25.1841 -45.0343 81.3249 0.743914 0.00826205 0.668224 13.2802 0 1
25.1365 -43.9353 81.3626 0.742916 0.0091695 0.669322 13.495 0 1
25.0534 -42.8918 81.4435 0.741757 0.00987128 0.670596 13.7246 0 1
25.1991 -41.7953 81.2698 0.740366 0.01031 0.672125 13.9592 0 1
25.2025 -40.6531 81.2422 0.738646 0.0104168 0.674013 14.1677 0 1
25.1215 -39.6365 81.3047 0.736557 0.0101161 0.6763 14.4175 0 1
25.7452 -38.8436 80.5957 0.734163 0.00935144 0.678909 14.6291 0 1
26.4687 -38.7282 79.8163 0.73163 0.00813193 0.681653 14.8276 0 1
27.1518 -38.6758 79.0831 0.729162 0.0065758 0.684309 15.0429 0 1
27.9046 -38.6418 78.2813 0.726911 0.00490649 0.686714 15.3254 0 1
28.9153 -38.7677 77.2316 0.724915 0.00338363 0.68883 15.6095 0 1
29.8147 -39.5188 76.3183 0.723118 0.00220275 0.690721 15.8293 0 1
29.948 -40.6737 76.1739 0.721444 0.00142283 0.692471 16.0882 0 1
29.9648 -42.0432 76.1519 0.719902 0.000953398 0.694075 16.2849 0 1
29.9471 -43.0601 76.152 0.718644 0.000587884 0.695378 16.4952 0 1
29.9742 -44.1657 76.1167 0.717955 6.08096e-05 0.69609 16.7107 0 1
29.9262 -45.3161 76.1693 0.718183 -0.000865818 0.695854 16.9357 0 1
29.8923 -46.5284 76.2258 0.719626 -0.00227759 0.694358 17.1468 0 1
29.8511 -47.6678 76.2594 0.722418 -0.00398605 0.691445 17.4041 0 1
29.6308 -49.0333 76.4664 0.726461 -0.00549654 0.687186 17.6989 0 1
28.5299 -49.4371 77.6077 0.731437 -0.00611812 0.681881 17.9291 0 1
27.6712 -49.3282 78.5161 0.736918 -0.00517958 0.675962 18.1766 0 1
26.7574 -49.4944 79.4715 0.742496 -0.00225377 0.669847 18.5108 0 1
25.6061 -49.1296 80.8111 0.747895 0.0027026 0.663811 18.7093 0 1
25.2608 -48.2949 81.2641 0.753012 0.00933686 0.657941 18.9344 0 1
25.2111 -47.1967 81.3251 0.757886 0.0170033 0.652166 18.9722 0 1
25.2085 -47.0094 81.3208 0.762626 0.0249313 0.646358 18.9722 0 1
