-12.9418 -43.8642 94.9873 -0.358003 0.0066183 0.933457 0 1 1
-11.5456 -43.7234 95.5216 -0.345968 0.00878131 0.938205 0.363055 0 1
-10.7253 -43.5726 95.8343 -0.336346 0.0109188 0.941675 0.562694 0 1
-9.5292 -43.6317 96.2369 -0.330172 0.0130023 0.943831 0.835139 0 1
-7.90125 -43.6143 96.7004 -0.327795 0.0149509 0.94463 0.977197 0 1
-8.59788 -44.0729 96.5162 -0.328953 0.0166511 0.944199 1.17822 0 1
-9.76489 -44.2487 96.1778 -0.332827 0.0180114 0.942816 1.34314 0 1
-10.6762 -44.4842 95.8583 -0.338129 0.0189958 0.940908 1.53866 0 1
-11.8068 -44.5476 95.4366 -0.343257 0.0195963 0.939037 1.7462 0 1
-12.9025 -43.9256 95.0039 -0.346515 0.0197816 0.937836 1.75411 0 1
-12.9418 -43.8945 94.9882 -0.346363 0.019477 0.937898 1.89028 0 1
-13.7849 -43.9209 94.6714 -0.341628 0.0186032 0.939651 2.06722 0 1
-13.4645 -44.9475 94.8218 -0.331604 0.0171454 0.943263 2.25705 0 1
-12.4358 -45.313 95.2221 -0.316081 0.0152027 0.94861 2.47229 0 1
-11.1472 -45.2676 95.7085 -0.295299 0.0129829 0.955317 2.69444 0 1
-9.85199 -45.059 96.1614 -0.269859 0.0107463 0.96284 2.94912 0 1
-8.36635 -44.9365 96.5929 -0.240612 0.00872779 0.970582 3.19203 0 1
-6.93461 -45.0847 96.9326 -0.208525 0.00707347 0.977991 3.37832 0 1
-5.80293 -45.0513 97.1624 -0.17458 0.00582668 0.984626 3.64301 0 1
-4.16444 -45.0927 97.4143 -0.139684 0.0049725 0.990184 3.84103 0 1
-2.92661 -45.1292 97.5752 -0.104615 0.00449973 0.994503 4.01688 0 1
-1.86166 -45.0119 97.64 -0.0699704 0.00442122 0.997539 4.18456 0 1
-0.819438 -44.9091 97.7008 -0.0360995 0.00474196 0.999337 4.48984 0 1
1.0701 -44.9903 97.6861 -0.00305735 0.00541842 0.999981 4.6539 0 1
2.09715 -44.902 97.6482 0.0293886 0.00634621 0.999548 4.86363 0 1
3.41906 -44.992 97.5936 0.0616632 0.00737642 0.99807 5.05413 0 1
4.59243 -45.1816 97.5142 0.094239 0.00834879 0.995515 5.25039 0 1
5.76233 -45.1789 97.3651 0.127493 0.00913277 0.991797 5.42128 0 1
6.82596 -45.2771 97.2274 0.161557 0.00965928 0.986816 5.59169 0 1
7.87518 -45.2634 97.0441 0.196132 0.00992662 0.980527 5.79375 0 1
9.17565 -45.2069 96.7906 0.230293 0.00998616 0.97307 5.97729 0 1
10.2535 -45.2351 96.5113 0.262451 0.00992308 0.964894 6.15107 0 1
11.2745 -45.2062 96.1938 0.290562 0.0098305 0.956806 6.34198 0 1
12.3892 -45.2181 95.8178 0.312539 0.0097671 0.949855 6.51994 0 1
13.4077 -45.2796 95.4203 0.326678 0.00970818 0.945086 6.76573 0 1
14.7735 -44.8983 94.8147 0.331968 0.00952545 0.943243 6.96004 0 1
14.955 -43.6898 94.7049 0.328239 0.00902807 0.944552 7.2147 0 1
13.7091 -42.7714 95.2957 0.316152 0.00805825 0.948674 7.45214 0 1
12.341 -42.8365 95.7917 0.297014 0.00658869 0.954851 7.73252 0 1
10.6697 -42.9428 96.3643 0.27244 0.00475951 0.962161 7.90158 0 1
9.66552 -42.8929 96.6315 0.243993 0.00283139 0.969773 8.07381 0 1
8.62802 -42.856 96.8757 0.212935 0.0010845 0.977066 8.27608 0 1
7.39317 -42.9351 97.13 0.180166 -0.00027405 0.983636 8.44331 0 1
6.37482 -42.9714 97.2597 0.146307 -0.00113968 0.989239 8.67774 0 1
4.88166 -43.2042 97.4399 0.111813 -0.00147203 0.993728 8.89283 0 1
3.50439 -43.397 97.6068 0.0770354 -0.00123954 0.997028 9.07364 0 1
2.45538 -43.0866 97.6401 0.0422486 -0.000405518 0.999107 9.34678 0 1
0.718448 -43.0924 97.6788 0.00764735 0.00103369 0.99997 9.60116 0 1
-0.872962 -42.8995 97.6497 -0.0266665 0.0029967 0.99964 9.77938 0 1
-2.04197 -42.9132 97.5962 -0.0606806 0.00528968 0.998143 9.95023 0 1
-3.11414 -43.0038 97.5019 -0.0944159 0.00761445 0.995504 10.1114 0 1
-4.13686 -42.9831 97.4114 -0.127831 0.00961452 0.991749 10.2726 0 1
-5.12605 -43.0114 97.2493 -0.160762 0.010964 0.986932 10.4386 0 1
-6.15433 -43.0623 97.0662 -0.192957 0.011479 0.98114 10.623 0 1
-7.29524 -43.0038 96.8377 -0.224143 0.0111942 0.974492 10.8144 0 1
-8.40663 -42.8258 96.5462 -0.253971 0.0103491 0.967156 11.0149 0 1
-9.57791 -42.7608 96.2024 -0.281837 0.00928711 0.959417 11.179 0 1
-10.5549 -42.7551 95.8935 -0.306714 0.00833106 0.951765 11.4103 0 1
-11.9352 -42.8345 95.3855 -0.327201 0.00770296 0.944923 11.5887 0 1
-13.0161 -42.9072 94.9722 -0.341824 0.00751105 0.939734 11.7591 0 1
-13.7852 -43.5952 94.6619 -0.349413 0.00777745 0.936936 11.9024 0 1
-14.5423 -43.3386 94.2796 -0.349392 0.00846834 0.936938 12.0768 0 1
-14.1581 -42.3182 94.4801 -0.341865 0.00949986 0.939701 12.3117 0 1
-12.8383 -42.0332 95.0374 -0.327515 0.0107195 0.944785 12.5076 0 1
-11.6649 -42.0045 95.4875 -0.307405 0.0118949 0.951505 12.8049 0 1
-9.85116 -41.9458 96.1 -0.282751 0.0127508 0.959108 13.0047 0 1
-8.64694 -41.9989 96.4644 -0.254752 0.0130563 0.966918 13.206 0 1
-7.45232 -42.098 96.7896 -0.224479 0.0127174 0.974396 13.438 0 1
-6.08166 -42.1879 97.0561 -0.192846 0.0118139 0.981158 13.641 0 1
-4.81129 -42.1898 97.2791 -0.16061 0.0105573 0.986961 13.8022 0 1
-3.79642 -42.157 97.4439 -0.12834 0.00919596 0.991688 13.9757 0 1
-2.73435 -42.1122 97.5364 -0.0963489 0.00793026 0.995316 14.1427 0 1
-1.68205 -42.0799 97.6256 -0.064632 0.00688324 0.997885 14.319 0 1
-0.59425 -42.1213 97.6734 -0.0328767 0.00611705 0.999441 14.5108 0 1
0.615083 -42.2209 97.6779 -0.000570321 0.00565295 0.999984 14.7144 0 1
1.88161 -42.2895 97.6569 0.032824 0.00547296 0.999446 14.9101 0 1
3.1046 -42.3484 97.6137 0.0676987 0.00551618 0.997691 15.0973 0 1
4.26378 -42.3265 97.5232 0.104188 0.00568558 0.994541 15.3387 0 1
5.7507 -42.1594 97.3494 0.142113 0.00586597 0.989833 15.5555 0 1
7.12492 -42.1002 97.1648 0.180963 0.00595071 0.983472 15.8259 0 1
8.76256 -42.0419 96.8443 0.219914 0.00587528 0.975501 16.0651 0 1
10.1971 -42.065 96.484 0.257861 0.00563713 0.966165 16.2492 0 1
11.2985 -42.0715 96.1387 0.293459 0.00527623 0.955957 16.4877 0 1
12.7155 -42.0135 95.6523 0.325186 0.00482748 0.945638 16.6546 0 1
13.6943 -41.9669 95.2953 0.351496 0.00429137 0.936179 16.8586 0 1
14.8357 -42.0715 94.756 0.371037 0.00364937 0.928611 17.0263 0 1
15.6209 -42.6759 94.3771 0.382858 0.00290502 0.923803 17.2119 0 1
15.7234 -43.8576 94.3332 0.386506 0.00211561 0.922284 17.4172 0 1
15.6368 -45.178 94.3871 0.381994 0.00139462 0.924164 17.5895 0 1
14.9372 -45.9614 94.7452 0.369731 0.000882718 0.929138 17.7784 0 1
13.8474 -46.0572 95.248 0.350475 0.000698991 0.936572 17.9517 0 1
12.8574 -46.0323 95.6424 0.3253 0.000894208 0.945611 18.1348 0 1
11.794 -46.0131 96.0264 0.295535 0.00142397 0.955331 18.3411 0 1
10.5702 -46.0628 96.4168 0.26265 0.00214835 0.964889 18.5455 0 1
9.35735 -46.061 96.7477 0.228069 0.00286196 0.973641 18.8249 0 1
7.67008 -46.081 97.0855 0.192973 0.00335725 0.981198 19.0113 0 1
6.48411 -46.0362 97.2855 0.158167 0.00350625 0.987406 19.2326 0 1
5.10928 -45.9527 97.4629 0.124038 0.00332065 0.992272 19.4126 0 1
4.0006 -45.9241 97.5513 0.0906026 0.00294449 0.995883 19.5987 0 1
2.82905 -45.8381 97.6269 0.057619 0.00257109 0.998335 19.7933 0 1
1.59651 -45.8119 97.6724 0.0247223 0.00233473 0.999692 20.0679 0 1
-0.122454 -45.806 97.6966 -0.00845662 0.00225537 0.999962 20.2278 0 1
-1.12979 -45.8115 97.6875 -0.0422131 0.00227328 0.999106 20.396 0 1
-2.17133 -45.8821 97.624 -0.0767289 0.00233363 0.997049 20.561 0 1
-3.20878 -45.9378 97.5516 -0.112061 0.00244697 0.993698 20.7957 0 1
-4.64409 -45.9157 97.3613 -0.148136 0.00268486 0.988963 20.9772 0 1
-5.76685 -45.8992 97.1623 -0.184732 0.00312639 0.982784 21.1661 0 1
-6.93991 -45.8753 96.934 -0.221436 0.00380126 0.975168 21.4356 0 1
-8.56629 -45.8184 96.5373 -0.257604 0.00466419 0.966239 21.6588 0 1
-9.89026 -45.9024 96.1469 -0.292388 0.00560594 0.956283 21.8673 0 1
-11.1323 -46.0357 95.741 -0.324796 0.00648891 0.945762 22.0421 0 1
-12.1366 -46.0934 95.3573 -0.353758 0.00719413 0.935309 22.2977 0 1
-13.6496 -46.0308 94.7393 -0.378149 0.00766517 0.925713 22.4588 0 1
-14.4474 -45.554 94.3399 -0.396847 0.00793215 0.91785 22.6478 0 1
-14.5861 -44.3439 94.271 -0.408882 0.00810468 0.912551 22.6874 0 1
-14.5795 -44.0913 94.2712 -0.413627 0.00833212 0.910408 22.8173 0 1
-15.3091 -44.0133 93.8868 -0.410939 0.00873994 0.911621 23.0672 0 1
-15.2067 -42.4144 93.9268 -0.401153 0.00936765 0.915963 23.2992 0 1
-14.3259 -41.3106 94.3853 -0.384977 0.0101452 0.922871 23.5741 0 1
-12.7659 -41.2203 95.0602 -0.363341 0.0109287 0.931592 23.7955 0 1
-11.4524 -41.1777 95.564 -0.337264 0.0115762 0.941339 23.9968 0 1
-10.244 -41.1387 95.9646 -0.307745 0.0120164 0.951393 24.1935 0 1
-9.04948 -41.16 96.3378 -0.275695 0.012269 0.961167 24.3564 0 1
-8.07238 -41.2295 96.6003 -0.24192 0.0124097 0.970217 24.6151 0 1
-6.5125 -41.3197 96.9668 -0.207131 0.0125119 0.978233 24.7904 0 1
-5.44977 -41.3692 97.1672 -0.171957 0.0125986 0.985024 25.0329 0 1
-3.92687 -41.3344 97.4121 -0.136933 0.0126282 0.9905 25.233 0 1
-2.71985 -41.2733 97.5347 -0.102475 0.0125142 0.994657 25.4382 0 1
-1.43501 -41.2591 97.6446 -0.0688232 0.0121696 0.997555 25.6252 0 1
-0.285353 -41.3289 97.6618 -0.0359799 0.0115529 0.999286 25.7868 0 1
0.746346 -41.4185 97.6714 -0.00365747 0.0106935 0.999936 25.9767 0 1
1.93126 -41.4438 97.6465 0.0286861 0.00968694 0.999542 26.1741 0 1
3.15359 -41.4887 97.6072 0.0616963 0.00866592 0.998057 26.3451 0 1
4.19972 -41.4361 97.5154 0.0959178 0.00776078 0.995359 26.5063 0 1
5.19981 -41.3514 97.4224 0.13163 0.00706583 0.991274 26.6975 0 1
6.39063 -41.2672 97.2768 0.168761 0.00662244 0.985635 26.961 0 1
7.98476 -41.2604 97.0026 0.20686 0.00641689 0.97835 27.1813 0 1
9.33251 -41.236 96.6921 0.245114 0.00638483 0.969473 27.4534 0 1
10.9863 -41.237 96.2383 0.282434 0.00641813 0.959265 27.6352 0 1
12.058 -41.2406 95.8852 0.317574 0.0063789 0.948212 27.8137 0 1
13.0979 -41.1789 95.5091 0.349263 0.00612996 0.937005 28.034 0 1
14.3553 -41.1799 94.9792 0.376285 0.00558353 0.926487 28.2192 0 1
15.4046 -41.291 94.487 0.397554 0.00475007 0.917566 28.4073 0 1
16.2938 -41.9142 94.035 0.412193 0.00375663 0.911089 28.6802 0 1
16.4604 -43.6141 93.9559 0.419618 0.0028159 0.907696 28.8844 0 1
16.4065 -44.9212 93.977 0.419608 0.00215452 0.907703 29.0904 0 1
16.2013 -46.2076 94.0941 0.412306 0.00193375 0.911043 29.2862 0 1
15.2113 -46.7968 94.6084 0.398164 0.0022027 0.917312 29.4478 0 1
14.2927 -46.8534 95.0431 0.377861 0.00290288 0.925858 29.6141 0 1
13.3319 -46.8313 95.4599 0.352237 0.00390789 0.935903 29.793 0 1
12.2834 -46.8102 95.8461 0.322271 0.0050664 0.946634 29.9787 0 1
11.1891 -46.8363 96.2299 0.289054 0.00623175 0.957293 30.1693 0 1
10.0747 -46.9093 96.5727 0.253725 0.00728151 0.967249 30.4533 0 1
8.38673 -46.8893 96.9599 0.217341 0.00813274 0.976062 30.6323 0 1
7.28026 -46.8807 97.1598 0.180726 0.0087515 0.983495 30.8616 0 1
5.84904 -46.78 97.3785 0.144359 0.00915577 0.989483 31.0815 0 1
4.48883 -46.7534 97.5261 0.108355 0.00941366 0.994068 31.2841 0 1
3.21616 -46.7316 97.6088 0.0725439 0.00963427 0.997319 31.5233 0 1
1.70653 -46.6753 97.6755 0.036636 0.00994397 0.999279 31.6979 0 1
0.614843 -46.6413 97.7102 0.000407685 0.010448 0.999945 31.9573 0 1
-0.982788 -46.6534 97.6881 -0.0361713 0.0111864 0.999283 32.158 0 1
-2.24211 -46.7146 97.6182 -0.0729264 0.0120991 0.997264 32.3483 0 1
-3.44481 -46.7612 97.5325 -0.109573 0.0130201 0.993893 32.6266 0 1
-5.12488 -46.7367 97.3035 -0.145853 0.0137238 0.989211 32.8054 0 1
-6.19412 -46.7145 97.0927 -0.181615 0.0140159 0.98327 32.983 0 1
-7.26207 -46.6855 96.8638 -0.216794 0.0138241 0.97612 33.1591 0 1
-8.31178 -46.6584 96.6006 -0.25127 0.0132306 0.967827 33.3328 0 1
-9.36568 -46.6887 96.3209 -0.284732 0.0124251 0.958527 33.5358 0 1
-10.553 -46.7792 95.9426 -0.316624 0.011611 0.94848 33.7379 0 1
-11.7366 -46.8548 95.5189 -0.346234 0.0109171 0.938085 33.9027 0 1
-12.7214 -46.8692 95.1386 -0.372848 0.0103615 0.927835 34.1872 0 1
-14.3451 -46.7908 94.4201 -0.395867 0.0098822 0.918255 34.3493 0 1
-15.1574 -46.362 93.9972 -0.414827 0.00941007 0.909851 34.5363 0 1
-15.3084 -45.1684 93.903 -0.429344 0.00892904 0.903097 34.6557 0 1
-15.3084 -44.4029 93.8923 -0.439057 0.00848096 0.898419 34.7882 0 1
-16.0274 -44.6568 93.5119 -0.443657 0.00811863 0.89616 34.9868 0 1
-16.0209 -43.3719 93.4999 -0.442954 0.00785327 0.89651 35.2009 0 1
-15.948 -41.9842 93.5356 -0.436963 0.00764258 0.899447 35.3569 0 1
-15.7338 -41.0117 93.65 -0.425932 0.00742841 0.904725 35.5191 0 1
-14.9219 -40.534 94.072 -0.410311 0.00719209 0.911917 35.6784 0 1
-14.0332 -40.4423 94.5059 -0.390672 0.00698627 0.920504 35.8765 0 1
-12.8769 -40.4241 95.0025 -0.367611 0.00692452 0.929954 36.0518 0 1
-11.8371 -40.3824 95.4052 -0.341705 0.00713555 0.93978 36.2464 0 1
-10.6581 -40.3343 95.8326 -0.313486 0.00769826 0.949562 36.4314 0 1
-9.55746 -40.3238 96.1784 -0.283446 0.00857683 0.95895 36.628 0 1
-8.38694 -40.3865 96.5074 -0.252035 0.00958872 0.967671 36.8598 0 1
-6.99135 -40.4471 96.8658 -0.21967 0.0104435 0.975518 37.069 0 1
-5.73536 -40.5275 97.1047 -0.186739 0.0108535 0.98235 37.2579 0 1
-4.55563 -40.5335 97.3116 -0.153601 0.0106584 0.988075 37.4453 0 1
-3.40713 -40.4793 97.4562 -0.120562 0.00989081 0.992657 37.6371 0 1
-2.21016 -40.4274 97.5725 -0.0878317 0.00875337 0.996097 37.8444 0 1
-0.91257 -40.4498 97.658 -0.0554685 0.00753601 0.998432 38.0087 0 1
0.103584 -40.5246 97.6635 -0.0233302 0.00652138 0.999707 38.1695 0 1
1.12115 -40.6073 97.6663 0.0089359 0.00591671 0.999943 38.3887 0 1
2.48845 -40.5835 97.6272 0.0418318 0.00582762 0.999108 38.5753 0 1
3.64678 -40.5968 97.561 0.0758791 0.0062611 0.997097 38.7489 0 1
4.72811 -40.5288 97.4702 0.111466 0.00712967 0.993743 38.956 0 1
6.00389 -40.4496 97.3245 0.148728 0.0082516 0.988844 39.1329 0 1
7.09189 -40.4231 97.1542 0.18748 0.00937514 0.982224 39.3017 0 1
8.12237 -40.4059 96.9682 0.227212 0.010245 0.973791 39.6174 0 1
10.0269 -40.408 96.5209 0.267113 0.0106783 0.963606 39.9179 0 1
11.7971 -40.4302 95.9685 0.306128 0.0105959 0.951931 40.1306 0 1
13.0451 -40.3885 95.5084 0.343036 0.00999434 0.939269 40.2879 0 1
13.9788 -40.3647 95.1507 0.376568 0.00889745 0.926346 40.4754 0 1
15.0214 -40.4227 94.6605 0.405534 0.00733843 0.914051 40.652 0 1
16.0158 -40.5658 94.1642 0.428922 0.00538564 0.903326 40.8172 0 1
16.8591 -40.9653 93.6958 0.44596 0.00318514 0.895047 41.0369 0 1
17.1517 -42.3408 93.5544 0.456145 0.000971923 0.889905 41.2471 0 1
17.1695 -43.683 93.5587 0.459258 -0.000975202 0.888303 41.5366 0 1
17.0763 -45.5063 93.6081 0.455365 -0.00240914 0.890302 41.799 0 1
16.8353 -47.1688 93.7236 0.444787 -0.00317 0.895631 41.9507 0 1
16.0416 -47.5209 94.1744 0.428052 -0.00319835 0.903749 42.1922 0 1
14.6768 -47.6506 94.8631 0.405844 -0.00252346 0.913939 42.3534 0 1
13.748 -47.6422 95.2803 0.378955 -0.00124905 0.925414 42.5206 0 1
12.7807 -47.6112 95.677 0.348226 0.000459194 0.937411 42.6875 0 1
11.812 -47.6117 96.0276 0.314535 0.00239004 0.949243 42.8524 0 1
10.8396 -47.6629 96.3394 0.278797 0.00431026 0.96034 43.1176 0 1
9.27193 -47.7197 96.7673 0.241948 0.00599844 0.970271 43.2834 0 1
8.27424 -47.7007 96.9988 0.204853 0.00729001 0.978766 43.5006 0 1
6.96069 -47.6654 97.2302 0.168172 0.00812136 0.985724 43.672 0 1
5.90571 -47.574 97.3789 0.132233 0.00854488 0.991182 43.997 0 1
3.88429 -47.5776 97.5728 0.0970101 0.00869637 0.995245 44.1914 0 1
2.65413 -47.5527 97.6481 0.0622025 0.00873115 0.998025 44.386 0 1
1.42714 -47.5408 97.6871 0.0273973 0.00876943 0.999586 44.5566 0 1
0.355355 -47.465 97.7166 -0.00776568 0.00887353 0.99993 44.8385 0 1
-1.3933 -47.4917 97.6784 -0.0434955 0.00904994 0.999013 45.0335 0 1
-2.60598 -47.5563 97.6014 -0.0798281 0.00926526 0.996766 45.1955 0 1
-3.62383 -47.5835 97.5241 -0.116652 0.0094761 0.993128 45.4584 0 1
-5.21153 -47.5687 97.3008 -0.153751 0.00966629 0.988062 45.6479 0 1
-6.32636 -47.5379 97.0763 -0.190835 0.00986843 0.981573 45.8326 0 1
-7.42717 -47.5289 96.8325 -0.22754 0.0101499 0.973716 46.0577 0 1
-8.77386 -47.4962 96.5042 -0.263396 0.0105693 0.96463 46.2718 0 1
-10.0151 -47.5527 96.133 -0.297817 0.0111326 0.954558 46.4921 0 1
-11.2932 -47.6327 95.6864 -0.33014 0.0117748 0.943859 46.6806 0 1
-12.4007 -47.654 95.2697 -0.359732 0.0123749 0.932974 46.9361 0 1
-13.8791 -47.6229 94.6325 -0.386089 0.0127976 0.922373 47.137 0 1
-15.0495 -47.5736 94.0842 -0.408871 0.0129468 0.9125 47.3659 0 1
-15.9517 -46.5913 93.5834 -0.427814 0.0128102 0.903776 47.5235 0 1
-16.035 -45.5898 93.5264 -0.44261 0.0124708 0.896628 47.6677 0 1
-16.0273 -44.6705 93.5122 -0.452834 0.0120767 0.891513 47.794 0 1
-16.7444 -44.7746 93.1334 -0.458021 0.0117819 0.888863 47.9972 0 1
-16.7681 -43.4978 93.0951 -0.457815 0.0116859 0.888971 48.2664 0 1
-16.7061 -41.7645 93.1181 -0.452119 0.0118008 0.89188 48.4285 0 1
-16.5795 -40.7469 93.1717 -0.441157 0.0120644 0.897349 48.6666 0 1
-15.6487 -39.6704 93.6832 -0.425439 0.0123853 0.904903 48.8719 0 1
-14.4924 -39.5795 94.2715 -0.405642 0.0126841 0.913944 49.1018 0 1
-13.1796 -39.6247 94.8643 -0.382491 0.0128999 0.923869 49.2653 0 1
-12.21 -39.6016 95.2583 -0.356652 0.0129715 0.934147 49.4518 0 1
-11.0971 -39.542 95.6712 -0.328685 0.0128283 0.944353 49.6444 0 1
-9.9611 -39.5093 96.0525 -0.299035 0.0124098 0.954161 49.8273 0 1
-8.88094 -39.5565 96.3644 -0.268053 0.0116996 0.963333 50.0131 0 1
-7.75876 -39.604 96.6672 -0.236002 0.0107418 0.971693 50.1938 0 1
-6.67622 -39.6158 96.9153 -0.203071 0.00962982 0.979117 50.4433 0 1
-5.16157 -39.7198 97.2037 -0.169368 0.00848187 0.985516 50.6276 0 1
-4.02542 -39.687 97.3648 -0.134927 0.00742265 0.990828 50.807 0 1
-2.88606 -39.6327 97.505 -0.0997159 0.00657087 0.994994 51.0047 0 1
-1.666 -39.5954 97.5914 -0.0636703 0.00600848 0.997953 51.1906 0 1
-0.481082 -39.6284 97.6643 -0.0267575 0.00572676 0.999626 51.4579 0 1
1.19079 -39.7455 97.6717 0.0109703 0.00559198 0.999924 51.6989 0 1
2.67245 -39.6769 97.6238 0.0493579 0.00538376 0.998767 51.9927 0 1
4.46614 -39.6975 97.4914 0.0881767 0.00490483 0.996093 52.1919 0 1
5.69253 -39.6062 97.3549 0.127188 0.00409253 0.99187 52.3988 0 1
6.98408 -39.594 97.1657 0.166211 0.00305411 0.986085 52.6535 0 1
8.54176 -39.5445 96.8561 0.205153 0.00200903 0.978728 52.8542 0 1
9.75959 -39.5836 96.5868 0.243932 0.00118675 0.969792 53.0192 0 1
10.7398 -39.6241 96.2936 0.282339 0.000741493 0.959314 53.1887 0 1
11.761 -39.6334 95.9848 0.319909 0.000711797 0.947448 53.3837 0 1
12.8958 -39.6046 95.5586 0.355907 0.00101997 0.934521 53.5788 0 1
14.054 -39.5766 95.1045 0.389446 0.00149724 0.921048 53.7752 0 1
15.1446 -39.6035 94.5923 0.419657 0.00192642 0.907681 54.0198 0 1
16.5349 -39.7306 93.8855 0.44581 0.00210186 0.895125 54.1874 0 1
17.439 -39.8884 93.3611 0.467355 0.00190173 0.884068 54.3527 0 1
17.7511 -40.8753 93.1759 0.483897 0.00134259 0.875124 54.5139 0 1
17.8735 -41.908 93.114 0.495175 0.000571718 0.868793 54.7618 0 1
17.8735 -43.4978 93.1271 0.501034 -0.000210241 0.865428 54.9697 0 1
17.828 -44.8235 93.1497 0.501433 -0.000843856 0.865196 55.2124 0 1
17.7393 -46.3951 93.2026 0.496447 -0.00125564 0.868066 55.3789 0 1
17.6935 -47.4477 93.223 0.486262 -0.00143386 0.873812 55.5554 0 1
17.0556 -48.2823 93.5787 0.471159 -0.0013752 0.882047 55.7129 0 1
16.1808 -48.3804 94.0896 0.45149 -0.00105769 0.892275 55.9069 0 1
15.0946 -48.4276 94.6395 0.427678 -0.000459503 0.903931 56.0745 0 1
14.1352 -48.4443 95.1149 0.400238 0.000402271 0.916411 56.2392 0 1
13.2071 -48.424 95.496 0.3698 0.00145155 0.92911 56.4044 0 1
12.2295 -48.4054 95.8895 0.337098 0.0025699 0.941466 56.6006 0 1
11.0878 -48.4604 96.2575 0.302925 0.00363977 0.953007 56.7615 0 1
10.1327 -48.5534 96.5688 0.268075 0.00458473 0.963387 56.9426 0 1
9.06537 -48.525 96.8281 0.233261 0.00537931 0.972399 57.1262 0 1
7.96852 -48.4973 97.0634 0.199041 0.00602807 0.979973 57.3284 0 1
6.73981 -48.4498 97.2706 0.165741 0.00654114 0.986148 57.5289 0 1
5.51681 -48.3602 97.436 0.133386 0.00692802 0.99104 57.7073 0 1
4.41591 -48.4135 97.5488 0.101698 0.00720349 0.994789 57.8866 0 1
3.30202 -48.4163 97.6286 0.0701892 0.00738899 0.997506 58.059 0 1
2.22691 -48.3828 97.675 0.0383347 0.00750959 0.999237 58.2234 0 1
1.19369 -48.3884 97.706 0.00573655 0.00759659 0.999955 58.4137 0 1
0.00584771 -48.2875 97.7162 -0.02782 0.00769401 0.999583 58.709 0 1
-1.82161 -48.333 97.6655 -0.0623987 0.00785547 0.99802 58.8842 0 1
-2.90247 -48.3784 97.5848 -0.0979605 0.0081253 0.995157 59.0757 0 1
-4.10131 -48.3921 97.4731 -0.134387 0.00851468 0.990892 59.295 0 1
-5.4146 -48.4015 97.2788 -0.171497 0.00899054 0.985144 59.4698 0 1
-6.42216 -48.374 97.0607 -0.20906 0.00948464 0.977857 59.6527 0 1
-7.5052 -48.3362 96.821 -0.246784 0.00991557 0.96902 59.967 0 1
-9.39023 -48.3394 96.3287 -0.284265 0.0102119 0.958691 60.1961 0 1
-10.7404 -48.4248 95.9022 -0.320898 0.0103324 0.947057 60.4281 0 1
-12.0829 -48.4477 95.4015 -0.355866 0.0102812 0.93448 60.6398 0 1
-13.3146 -48.4084 94.8901 -0.388215 0.0101123 0.921514 60.882 0 1
-14.7023 -48.4268 94.2553 -0.417008 0.00991487 0.908849 61.0657 0 1
-15.7437 -48.3733 93.7458 -0.441465 0.0097863 0.897225 61.2944 0 1
-16.675 -47.4501 93.1916 -0.460985 0.00980779 0.887354 61.4799 0 1
-16.7407 -46.2804 93.1431 -0.47508 0.0100338 0.879886 61.6396 0 1
-16.7594 -45.2654 93.1252 -0.483314 0.0104879 0.875384 61.7896 0 1
-17.4957 -45.6613 92.6739 -0.485339 0.0111549 0.874255 61.976 0 1
-17.4756 -46.7872 92.706 -0.480982 0.0119752 0.876649 62.1956 0 1
-17.4505 -48.1078 92.737 -0.470343 0.0128519 0.88239 62.3652 0 1
-17.0087 -49.015 93.0184 -0.453835 0.0136687 0.890981 62.6194 0 1
-15.6138 -49.2137 93.8293 -0.432188 0.0143009 0.90167 62.8398 0 1
-14.3617 -49.1951 94.4301 -0.406382 0.014622 0.913586 63.1281 0 1
-12.6982 -49.2489 95.1661 -0.377491 0.014524 0.925899 63.2998 0 1
-11.7071 -49.2574 95.5543 -0.346504 0.0139586 0.937945 63.5495 0 1
-10.2344 -49.2843 96.0898 -0.314193 0.0129759 0.94927 63.7459 0 1
-9.08381 -49.1713 96.4367 -0.2811 0.0117278 0.959607 63.9122 0 1
-8.0964 -49.1567 96.7041 -0.2476 0.0104288 0.968806 64.0818 0 1
-7.10103 -49.1645 96.9238 -0.213985 0.00929928 0.976793 64.2438 0 1
-6.12082 -49.2229 97.1288 -0.180516 0.00851364 0.983535 64.503 0 1
-4.55058 -49.2366 97.4135 -0.147438 0.00816876 0.989038 64.6909 0 1
-3.40921 -49.1815 97.5573 -0.114947 0.0082704 0.993337 64.869 0 1
-2.30722 -49.1658 97.6431 -0.0831299 0.00873727 0.9965 65.0369 0 1
-1.26762 -49.1325 97.6909 -0.0519221 0.00942482 0.998607 65.2028 0 1
-0.222605 -49.2522 97.7159 -0.0210801 0.0101697 0.999726 65.3637 0 1
0.774144 -49.1561 97.7184 0.00980121 0.0108418 0.999893 65.6386 0 1
2.48673 -49.3165 97.6779 0.0412328 0.0113759 0.999085 65.8369 0 1
3.73217 -49.3087 97.6065 0.0737304 0.0117589 0.997209 66.0409 0 1
5.00979 -49.1791 97.5041 0.107685 0.0119833 0.994113 66.2211 0 1
6.11474 -49.2034 97.3688 0.143253 0.0120072 0.989613 66.3968 0 1
7.1639 -49.4795 97.2082 0.180304 0.011758 0.983541 66.5518 0 1
8.34738 -49.2559 97.0043 0.218446 0.011177 0.975785 66.7423 0 1
9.46481 -49.3208 96.7348 0.257093 0.0102613 0.966332 66.9592 0 1
10.78 -49.2927 96.3761 0.295543 0.00906799 0.955287 67.1225 0 1
11.7338 -49.2451 96.0704 0.333019 0.00768196 0.942889 67.4391 0 1
13.5614 -49.2276 95.3635 0.3687 0.00618596 0.929528 67.6144 0 1
14.5558 -49.2319 94.9201 0.401757 0.00465883 0.915735 67.7834 0 1
15.4956 -49.2513 94.4551 0.431426 0.00319628 0.902143 67.9645 0 1
16.4955 -49.2328 93.9133 0.45711 0.0019222 0.889408 68.1362 0 1
17.4412 -49.1735 93.3623 0.478454 0.000964382 0.878112 68.3156 0 1
18.2835 -48.6299 92.8372 0.495362 0.000402656 0.868687 68.5412 0 1
18.4103 -47.1808 92.76 0.507939 0.000228336 0.861393 68.7591 0 1
18.5187 -45.781 92.7009 0.516378 0.000349894 0.856361 68.9479 0 1
18.5266 -44.6046 92.7008 0.520827 0.000643005 0.853662 69.111 0 1
18.5508 -43.5787 92.6905 0.521317 0.00100792 0.853363 69.3879 0 1
18.5468 -41.8847 92.691 0.517765 0.00139288 0.855522 69.5578 0 1
18.4953 -40.8641 92.7095 0.510051 0.00177363 0.860143 69.7247 0 1
18.3953 -39.8449 92.7702 0.498103 0.00211862 0.867116 69.8951 0 1
17.8977 -38.9306 93.0816 0.481952 0.00237921 0.876194 70.0644 0 1
16.9773 -38.7671 93.6314 0.461761 0.0025161 0.887001 70.2253 0 1
16.0868 -38.7328 94.1302 0.437845 0.00253604 0.899047 70.43 0 1
14.9477 -38.789 94.6888 0.41069 0.00250312 0.911772 70.6586 0 1
13.642 -38.7183 95.2664 0.380929 0.00251168 0.924601 70.8338 0 1
12.6214 -38.6799 95.6752 0.349283 0.00263782 0.937013 70.9955 0 1
11.6676 -38.6981 96.0164 0.316479 0.00290065 0.948595 71.1784 0 1
10.5833 -38.7551 96.3566 0.283169 0.00325337 0.959064 71.3602 0 1
9.48494 -38.7726 96.6511 0.249864 0.00360487 0.968274 71.5469 0 1
8.36438 -38.7094 96.8903 0.216875 0.00386064 0.976192 71.7155 0 1
7.3336 -38.7358 97.0931 0.18429 0.00396821 0.982864 71.8897 0 1
6.26716 -38.6043 97.285 0.152013 0.00394709 0.988371 72.0571 0 1
5.25253 -38.7356 97.3989 0.119842 0.0038859 0.992785 72.2209 0 1
4.22829 -38.8863 97.5117 0.0875527 0.00390878 0.996152 72.4293 0 1
2.92959 -38.8304 97.607 0.054936 0.00413293 0.998481 72.6376 0 1
1.65077 -38.8788 97.6628 0.0218066 0.00463822 0.999751 72.853 0 1
0.323081 -38.8107 97.6716 -0.0119963 0.00545673 0.999913 73.0711 0 1
-1.04077 -38.7685 97.6318 -0.0465838 0.00657438 0.998893 73.2567 0 1
-2.19929 -38.7566 97.561 -0.0819718 0.00793013 0.996603 73.4465 0 1
-3.38578 -38.7809 97.4408 -0.118048 0.00940916 0.992963 73.6214 0 1
-4.48105 -38.7756 97.3102 -0.154584 0.0108443 0.98792 73.8222 0 1
-5.71082 -38.7412 97.0905 -0.19129 0.0120387 0.98146 74.084 0 1
-7.31859 -38.778 96.747 -0.227893 0.012808 0.973602 74.3959 0 1
-9.22825 -38.7589 96.2618 -0.264143 0.0130345 0.964395 74.5671 0 1
-10.2328 -38.6885 95.9426 -0.299746 0.0127196 0.953934 74.7848 0 1
-11.5256 -38.6906 95.5095 -0.33426 0.0120029 0.942404 74.9474 0 1
-12.4715 -38.7743 95.1367 -0.367052 0.0111118 0.930134 75.1495 0 1
-13.6638 -38.6844 94.6489 -0.397368 0.0102586 0.917602 75.3516 0 1
-14.8225 -38.7796 94.0961 -0.424493 0.009548 0.905381 75.545 0 1
-15.8836 -38.6015 93.551 -0.44792 0.00895267 0.894029 75.708 0 1
-16.7919 -38.9922 93.0467 -0.467455 0.00835771 0.883977 75.8799 0 1
-17.3873 -39.8061 92.6802 -0.483241 0.0076319 0.875454 76.0691 0 1
-17.3732 -40.9119 92.7051 -0.495702 0.00668387 0.868467 76.2946 0 1
-17.4835 -42.2472 92.6689 -0.505463 0.00548695 0.862831 76.4624 0 1
-17.6225 -43.2327 92.5915 -0.513273 0.00407717 0.858216 76.5995 0 1
-17.4136 -44.2423 92.7225 -0.519947 0.00253474 0.854195 76.7281 0 1
-17.5732 -45.0202 92.6232 -0.526313 0.000958298 0.850286 76.7281 0 1
-6.7467 -44.327 96.9715 -0.222078 0.00529583 0.975014 76.9396 1 1
-5.48876 -44.0794 97.2064 -0.203917 0.00862125 0.97895 76.9859 0 1
-5.39624 -43.8022 97.218 -0.185137 0.0117291 0.982643 77.151 0 1
-6.37825 -44.1044 97.0501 -0.166115 0.0145666 0.985999 77.1744 0 1
-6.51846 -44.0956 97.0222 -0.147524 0.0170894 0.988911 77.5851 0 1
-4.0422 -43.9482 97.4318 -0.129881 0.0191971 0.991344 77.8227 0 1
-2.6061 -44.2949 97.5828 -0.113186 0.020719 0.993358 78.0046 0 1
-1.5017 -44.0688 97.6469 -0.0968427 0.0214827 0.995068 78.1801 0 1
-0.492069 -43.6462 97.6915 -0.0798245 0.0214164 0.996579 78.356 0 1
-1.59445 -43.6599 97.6328 -0.0609673 0.0206069 0.997927 78.5432 0 1
-2.75977 -43.8343 97.5522 -0.0392797 0.019274 0.999042 78.674 0 1
-3.54639 -44.0681 97.4841 -0.0142582 0.0176962 0.999742 79.3405 0 1
0.605272 -44.2498 97.6841 0.0138092 0.0161346 0.999774 79.5813 0 1
2.08691 -43.8722 97.6485 0.0436742 0.0147883 0.998936 79.7103 0 1
1.27728 -43.9958 97.671 0.0733221 0.0137811 0.997213 80.4193 0 1
5.7639 -44.4444 97.3477 0.100638 0.0131612 0.994836 80.646 0 1
7.20659 -44.5384 97.1671 0.124272 0.0129043 0.992164 80.8564 0 1
8.50384 -44.3701 96.9309 0.144145 0.0129228 0.989472 81.0232 0 1
9.48282 -44.2118 96.6939 0.161264 0.0130939 0.986824 81.1331 0 1
9.25431 -43.5844 96.7473 0.177052 0.0133042 0.984112 81.3436 0 1
8.01654 -43.7411 97.0224 0.192695 0.0134854 0.981166 81.5035 0 1
7.03683 -43.8793 97.1763 0.208846 0.0136151 0.977854 81.6624 0 1
6.02466 -43.9512 97.3025 0.225668 0.0136844 0.974108 82.2952 0 1
10.0722 -43.6985 96.5329 0.242977 0.0136706 0.969936 82.4709 0 1
11.1116 -43.8404 96.2306 0.260318 0.0135518 0.965428 82.5873 0 1
10.8049 -44.4879 96.3432 0.276997 0.0133549 0.960778 82.6883 0 1
10.2133 -44.4038 96.5036 0.292165 0.0131874 0.956277 82.9857 0 1
11.9934 -44.273 95.9397 0.305016 0.0132156 0.952256 83.1066 0 1
12.3049 -43.5882 95.8213 0.315045 0.0135949 0.948979 83.3505 0 1
13.7283 -43.587 95.2867 0.322237 0.0143978 0.94655 83.4961 0 1
13.7212 -44.478 95.2972 0.327097 0.0155816 0.944862 83.632 0 1
12.9525 -44.5248 95.6051 0.330526 0.0170082 0.943644 83.7322 0 1
12.4369 -44.2549 95.7877 0.333566 0.0184962 0.942481 83.7322 0 1
