27.5059 -45.2727 79.9191 0.752797 0.00169472 0.658249 0 1 1
27.8272 -45.2444 79.5635 0.751054 0.00175561 0.660238 0.335255 0 1
28.233 -44.1479 79.1119 0.749717 0.00165841 0.661756 0.553613 0 1
27.7682 -43.2497 79.6324 0.748815 0.00134634 0.662778 0.773893 0 1
28.1888 -42.3024 79.1527 0.748211 0.000819755 0.66346 0.899046 0 1
27.7503 -42.3406 79.6394 0.747681 0.000149569 0.664058 1.11193 0 1
27.5401 -43.3955 79.8886 0.74701 -0.000536304 0.664812 1.43948 0 1
27.5158 -45.0902 79.9077 0.746069 -0.00108976 0.665867 1.57538 0 1
27.0531 -45.0994 80.4366 0.744843 -0.00137953 0.667238 1.82005 0 1
27.2607 -46.3058 80.1911 0.743431 -0.00131353 0.668811 2.00452 0 1
27.7651 -46.8509 79.6165 0.742017 -0.000853815 0.670381 2.23572 0 1
28.552 -46.5858 78.7685 0.740823 -3.36445e-05 0.6717 2.45833 0 1
28.6982 -45.4557 78.6104 0.740058 0.00103374 0.672543 2.68543 0 1
28.7189 -44.2695 78.5827 0.739852 0.00217567 0.672766 2.90127 0 1
28.714 -43.1378 78.5873 0.740233 0.00321538 0.672343 3.11121 0 1
28.6964 -42.0344 78.6025 0.741109 0.00403857 0.671372 3.31185 0 1
28.3094 -41.133 79.0162 0.742302 0.00463322 0.670049 3.52696 0 1
27.5406 -41.0736 79.8549 0.743583 0.00507794 0.668625 3.73609 0 1
27.1042 -41.9312 80.362 0.744715 0.0054859 0.667361 4.00349 0 1
27.0558 -43.3073 80.4353 0.745481 0.00593741 0.666501 4.2435 0 1
27.0833 -44.5436 80.4016 0.745706 0.00643627 0.666244 4.3901 0 1
26.5882 -44.6033 80.9667 0.745288 0.00690855 0.666706 4.64502 0 1
26.5679 -43.3105 80.9852 0.744224 0.00723586 0.667891 4.84148 0 1
26.5565 -42.3072 80.9854 0.742629 0.00729258 0.669664 5.16883 0 1
26.7274 -40.6562 80.7629 0.740719 0.00696106 0.671779 5.43409 0 1
27.5811 -40.2429 79.7996 0.738781 0.00613636 0.673917 5.6318 0 1
28.2731 -40.2072 79.0339 0.737135 0.00475784 0.675729 5.82418 0 1
28.9495 -40.4936 78.3132 0.736086 0.00287211 0.676882 6.02599 0 1
29.2588 -41.4878 77.9959 0.735866 0.000678838 0.677126 6.26679 0 1
29.2842 -42.7836 77.9761 0.736583 -0.00149294 0.676346 6.48543 0 1
29.2705 -43.9431 77.9897 0.738194 -0.00328177 0.67458 6.83679 0 1
29.2302 -45.8005 78.0335 0.740545 -0.00442211 0.671992 7.11554 0 1
29.089 -47.25 78.1704 0.743416 -0.00484672 0.668811 7.41807 0 1
28.0595 -47.749 79.2738 0.746548 -0.00471716 0.665314 7.76728 0 1
26.8873 -47.3775 80.6116 0.749638 -0.00436753 0.661834 7.99894 0 1
26.619 -46.2841 80.9396 0.752335 -0.00418366 0.658767 8.20362 0 1
26.5911 -45.2733 80.9661 0.754281 -0.00446144 0.656536 8.34848 0 1
26.115 -45.2727 81.5159 0.755178 -0.00529432 0.655498 8.56887 0 1
26.1302 -46.3599 81.5054 0.754864 -0.00653823 0.655849 8.80991 0 1
26.2099 -47.5508 81.4173 0.753355 -0.00787534 0.657567 9.04307 0 1
26.7009 -48.4199 80.8241 0.750837 -0.0089443 0.660427 9.25826 0 1
27.3989 -48.4542 79.9914 0.747603 -0.00946652 0.664078 9.52359 0 1
28.3084 -48.5832 78.9653 0.74399 -0.0093152 0.668126 9.78308 0 1
29.2427 -48.4148 77.9561 0.740326 -0.00852092 0.672195 10.0142 0 1
29.7414 -47.3682 77.4585 0.736918 -0.00723213 0.675943 10.307 0 1
29.7755 -45.8044 77.4503 0.734058 -0.00564811 0.679063 10.514 0 1
29.8113 -44.7133 77.4169 0.732005 -0.0039464 0.681287 10.811 0 1
29.8319 -43.14 77.3916 0.730951 -0.00223728 0.682426 11.0071 0 1
29.8269 -42.0953 77.3997 0.730964 -0.000565067 0.682416 11.2226 0 1
29.8003 -40.9432 77.429 0.731968 0.00105886 0.681338 11.42 0 1
29.5891 -39.9237 77.6361 0.73376 0.0026257 0.679404 11.7055 0 1
28.5755 -39.4378 78.7008 0.736071 0.00411881 0.676892 11.936 0 1
27.7402 -39.4151 79.6161 0.738623 0.00551433 0.674096 12.271 0 1
26.5752 -39.6373 80.9088 0.741174 0.00678279 0.671278 12.4948 0 1
26.1304 -40.5464 81.4257 0.74354 0.00789442 0.668645 12.7597 0 1
26.0445 -41.8772 81.5555 0.745599 0.00882864 0.666337 12.9661 0 1
26.0544 -42.9188 81.559 0.747279 0.00957882 0.664441 13.2142 0 1
26.1037 -44.1651 81.5141 0.748529 0.0101443 0.663024 13.304 0 1
26.1106 -44.6194 81.5193 0.749281 0.0105145 0.662169 13.4857 0 1
25.5225 -44.7417 82.1957 0.749437 0.0106567 0.66199 13.7086 0 1
25.5375 -43.0604 82.1422 0.748886 0.0105204 0.662616 13.9281 0 1
25.511 -41.5199 82.1592 0.747536 0.0100578 0.664145 14.0898 0 1
25.5426 -40.3139 82.0916 0.745375 0.0092525 0.666581 14.2787 0 1
25.7151 -39.0935 81.8678 0.742512 0.00813692 0.669784 14.5098 0 1
26.4253 -38.6438 81.0609 0.739189 0.0067922 0.673464 14.7791 0 1
27.5785 -38.5924 79.7897 0.735742 0.00532953 0.677241 15.0683 0 1
28.5896 -38.5574 78.6892 0.732508 0.0038579 0.680747 15.2915 0 1
29.3939 -38.7137 77.8359 0.729719 0.00244808 0.683743 15.4981 0 1
30.1338 -39.0656 77.0771 0.727432 0.00111696 0.686178 15.6907 0 1
30.4306 -40.0151 76.7725 0.725554 -0.000149759 0.688165 15.8376 0 1
30.5251 -41.1135 76.6785 0.723943 -0.00135663 0.689858 15.9381 0 1
30.4299 -42.1098 76.7697 0.722543 -0.00248349 0.691322 16.0869 0 1
30.3651 -43.229 76.8304 0.721463 -0.00351664 0.692444 16.2893 0 1
30.5009 -44.5243 76.6891 0.720978 -0.00450073 0.692944 16.3955 0 1
30.3107 -45.4884 76.8852 0.721438 -0.00555774 0.692457 16.6323 0 1
30.4299 -46.8536 76.7628 0.723149 -0.00682776 0.690658 16.8157 0 1
30.41 -48.2498 76.7553 0.726247 -0.00834278 0.687383 16.9906 0 1
30.0754 -49.09 77.0822 0.730616 -0.00992034 0.682716 17.1935 0 1
29.3144 -49.2626 77.8797 0.735887 -0.0111764 0.677012 17.3981 0 1
28.57 -49.5753 78.6483 0.741514 -0.0116715 0.670836 17.587 0 1
27.889 -49.4304 79.4196 0.746898 -0.011098 0.664847 17.7964 0 1
27.1625 -49.4604 80.2384 0.751516 -0.00939044 0.659647 18.0771 0 1
26.2159 -49.4088 81.348 0.755017 -0.0067076 0.655671 18.3222 0 1
25.7521 -48.4563 81.9716 0.757259 -0.00332398 0.653107 18.5582 0 1
25.5668 -47.3461 82.2057 0.758312 0.000490219 0.651891 18.7207 0 1
25.5407 -46.2224 82.2042 0.758426 0.00453811 0.651744 18.781 0 1
25.5361 -45.7802 82.1968 0.757966 0.00869838 0.652236 18.8712 0 1
25.5267 -45.1181 82.2029 0.75732 0.0128847 0.652856 18.8712 0 1
