-26.309 44.3295 34.6747 -0.577408 -0.00714997 0.816424 0 1 1
-25.3641 44.4216 35.3328 -0.574784 -0.00767152 0.818269 0.476713 0 1
-24.5055 43.97 35.8704 -0.572474 -0.00790733 0.819884 0.654407 0 1
-25.1856 43.6874 35.4416 -0.570244 -0.00780471 0.821438 0.876168 0 1
-26.0155 43.9296 34.8736 -0.567775 -0.00742552 0.82315 0.94652 0 1
-26.2781 44.0529 34.6938 -0.564946 -0.00691196 0.825099 1.13945 0 1
-26.9292 43.5814 34.2248 -0.562001 -0.00642229 0.827112 1.39449 0 1
-26.0407 42.9835 34.8445 -0.559509 -0.00607154 0.828802 1.61822 0 1
-25.1426 42.9588 35.4605 -0.55813 -0.00589898 0.829733 1.95875 0 1
-23.8202 43.3211 36.3033 -0.558307 -0.00586624 0.829613 2.19493 0 1
-23.6861 44.4396 36.3849 -0.560031 -0.00588001 0.828451 2.43469 0 1
-24.5385 45.0181 35.8584 -0.56278 -0.00582833 0.826586 2.65547 0 1
-25.4285 45.1325 35.2978 -0.56567 -0.00561845 0.824613 2.92643 0 1
-26.4683 45.105 34.5682 -0.56774 -0.00520806 0.823191 3.12575 0 1
-27.0207 44.4246 34.1668 -0.56825 -0.00462584 0.822843 3.28948 0 1
-27.6463 44.2522 33.703 -0.566877 -0.00397486 0.823793 3.49628 0 1
-27.548 43.2292 33.7602 -0.563775 -0.00340635 0.825921 3.73848 0 1
-26.8401 42.3985 34.2882 -0.559532 -0.00305941 0.828803 4.0523 0 1
-25.6179 42.2703 35.1357 -0.555043 -0.00299229 0.831816 4.37285 0 1
-24.3392 42.329 35.9774 -0.55133 -0.00315072 0.834281 4.73875 0 1
-22.9887 43.0598 36.8216 -0.549295 -0.00339431 0.835621 4.95648 0 1
-22.9197 44.0932 36.8616 -0.549494 -0.0035553 0.83549 5.19482 0 1
-23.1617 45.2051 36.717 -0.551986 -0.00348883 0.833846 5.43478 0 1
-24.0723 45.6561 36.1627 -0.556331 -0.00310043 0.830955 5.65065 0 1
-24.9452 45.758 35.6165 -0.561697 -0.002364 0.827339 5.8909 0 1
-25.8773 45.813 34.9831 -0.567056 -0.00134185 0.823678 6.17922 0 1
-27.015 45.7288 34.1738 -0.571385 -0.00019225 0.820682 6.37872 0 1
-27.576 45.0634 33.7639 -0.573846 0.000863561 0.818963 6.54527 0 1
-28.2103 44.8605 33.2921 -0.573921 0.00161631 0.818909 6.74945 0 1
-28.0897 45.8445 33.375 -0.5715 0.00194355 0.820599 7.04194 0 1
-27.05 46.4476 34.1409 -0.566889 0.00183515 0.823792 7.25586 0 1
-26.2105 46.4966 34.7452 -0.560719 0.00136175 0.828005 7.4707 0 1
-25.3557 46.476 35.3326 -0.553809 0.000622578 0.832644 7.68575 0 1
-24.504 46.4048 35.9069 -0.547027 -0.000287191 0.837115 7.91684 0 1
-23.5796 46.3206 36.4743 -0.541197 -0.00127709 0.840895 8.12773 0 1
-22.7409 46.1083 36.9831 -0.537035 -0.00224586 0.843557 8.35719 0 1
-22.3151 45.1401 37.2374 -0.535084 -0.00307843 0.844793 8.63873 0 1
-22.3141 43.8031 37.2376 -0.535641 -0.0036747 0.844438 8.89222 0 1
-22.3823 42.6011 37.1855 -0.538698 -0.0039958 0.842489 9.09908 0 1
-22.8391 41.7707 36.8993 -0.543945 -0.00408243 0.839111 9.4692 0 1
-24.3483 41.6128 35.9739 -0.550846 -0.00401682 0.834597 9.68766 0 1
-25.2145 41.5926 35.4041 -0.558739 -0.00385483 0.829335 9.9127 0 1
-26.101 41.5919 34.8054 -0.566925 -0.00358805 0.823762 10.1265 0 1
-26.9405 41.6441 34.2144 -0.574725 -0.00316797 0.818341 10.4379 0 1
-28.042 42.2143 33.4067 -0.58151 -0.00256755 0.813535 10.7481 0 1
-28.1861 43.6944 33.294 -0.586724 -0.00182779 0.809785 10.9787 0 1
-28.2131 44.8284 33.2897 -0.589905 -0.00105633 0.807472 11.1282 0 1
-28.7716 44.6676 32.8507 -0.590713 -0.0003838 0.806882 11.3306 0 1
-28.7447 45.6674 32.8756 -0.588967 9.16073e-05 0.808157 11.5325 0 1
-28.5827 46.6415 32.9897 -0.5847 0.000340246 0.81125 11.7953 0 1
-27.6278 47.1275 33.7122 -0.578195 0.000399473 0.815899 12.0342 0 1
-26.6888 47.1883 34.3976 -0.569985 0.000336246 0.821655 12.2688 0 1
-25.7649 47.182 35.0537 -0.560796 0.000197602 0.827954 12.4855 0 1
-24.9016 47.1332 35.6404 -0.551432 -1.84383e-05 0.83422 12.7094 0 1
-24.0155 47.0687 36.2123 -0.54265 -0.000354717 0.839959 12.9547 0 1
-23.022 47.0251 36.8169 -0.535074 -0.000858819 0.844805 13.2103 0 1
-22.0065 46.7741 37.4163 -0.529177 -0.0015418 0.84851 13.4401 0 1
-21.7142 45.7354 37.5903 -0.525328 -0.00235316 0.850896 13.6991 0 1
-21.6828 44.4989 37.6126 -0.523828 -0.00318434 0.851818 13.9692 0 1
-21.712 43.2154 37.5966 -0.524902 -0.00389871 0.851154 14.2165 0 1
-21.7735 42.0539 37.5466 -0.52864 -0.00437475 0.848835 14.4347 0 1
-22.1266 41.1007 37.3236 -0.534916 -0.00454739 0.844893 14.6919 0 1
-23.1686 40.9357 36.6928 -0.543334 -0.00443406 0.839505 14.9492 0 1
-24.2217 40.9002 36.045 -0.553238 -0.00413078 0.833013 15.2877 0 1
-25.5716 40.9007 35.1585 -0.563814 -0.00377031 0.825893 15.558 0 1
-26.6409 40.8993 34.427 -0.574226 -0.00345517 0.81869 15.7808 0 1
-27.5043 40.9524 33.8169 -0.583742 -0.00320176 0.811933 16.0481 0 1
-28.4718 41.2732 33.0765 -0.591822 -0.00293239 0.806063 16.3183 0 1
-28.7136 42.5269 32.8839 -0.598139 -0.00252307 0.801389 16.5682 0 1
-28.7594 43.7458 32.8526 -0.602535 -0.00187768 0.79809 16.6891 0 1
-28.7692 44.3431 32.8498 -0.604956 -0.000983168 0.796258 16.8332 0 1
-29.3251 44.433 32.4131 -0.605368 8.22626e-05 0.795946 17.0384 0 1
-29.3265 45.4489 32.4209 -0.603718 0.00118255 0.797197 17.2518 0 1
-29.2894 46.5036 32.4504 -0.599952 0.0021727 0.800033 17.442 0 1
-29.0982 47.407 32.5885 -0.59408 0.0029413 0.804401 17.6795 0 1
-28.2286 47.8263 33.2478 -0.586264 0.00343704 0.810113 17.9396 0 1
-27.2117 47.8814 34.0151 -0.576875 0.00367284 0.816824 18.1858 0 1
-26.2428 47.8894 34.7136 -0.566492 0.00370329 0.824059 18.4188 0 1
-25.32 47.8599 35.3598 -0.555829 0.00358212 0.831289 18.6415 0 1
-24.4379 47.8004 35.944 -0.545619 0.00332347 0.838026 18.8724 0 1
-23.5067 47.7618 36.5253 -0.536493 0.00289363 0.8439 19.128 0 1
-22.47 47.7918 37.1439 -0.528888 0.00223715 0.848689 19.4574 0 1
-21.2703 47.0854 37.8438 -0.523044 0.00131359 0.852305 19.6764 0 1
-21.0916 46.0664 37.9525 -0.519048 0.000121696 0.854745 19.9148 0 1
-21.0716 44.9346 37.9719 -0.516918 -0.00129121 0.856034 20.1615 0 1
-21.0899 43.762 37.9622 -0.516672 -0.00282854 0.856179 20.4125 0 1
-21.1117 42.5766 37.9499 -0.518364 -0.00435421 0.855149 20.651 0 1
-21.1534 41.461 37.9114 -0.522077 -0.00571522 0.852879 20.8769 0 1
-21.4898 40.4689 37.6966 -0.527865 -0.00677348 0.849301 21.2002 0 1
-22.7959 40.2005 36.9116 -0.535658 -0.00744266 0.844402 21.4391 0 1
-23.7757 40.2078 36.3153 -0.545179 -0.00771968 0.838284 21.6668 0 1
-24.692 40.2047 35.7314 -0.555936 -0.00769073 0.83119 21.8743 0 1
-25.5325 40.2018 35.1797 -0.567302 -0.00749822 0.823476 22.1802 0 1
-26.7488 40.1846 34.3532 -0.578625 -0.00727714 0.815561 22.5191 0 1
-28.0371 40.2317 33.405 -0.589305 -0.00709062 0.807879 22.736 0 1
-28.8401 40.4548 32.7879 -0.598815 -0.00690117 0.800858 23.0605 0 1
-29.2761 41.9209 32.4376 -0.606707 -0.00659854 0.794898 23.2722 0 1
-29.2833 42.9587 32.4261 -0.612641 -0.00607197 0.790338 23.4488 0 1
-29.3152 43.843 32.4161 -0.616399 -0.00528573 0.787416 23.6034 0 1
-29.8725 44.1224 31.9712 -0.61788 -0.00431319 0.786261 23.8108 0 1
-29.8818 45.1431 31.9722 -0.617057 -0.00331136 0.786912 24.0327 0 1
-29.89 46.2363 31.9742 -0.613936 -0.00245665 0.789352 24.2652 0 1
-29.891 47.3867 31.9716 -0.608559 -0.00188186 0.793507 24.5729 0 1
-29.1168 48.5253 32.5658 -0.601037 -0.00164051 0.799219 24.8694 0 1
-27.9531 48.5837 33.4475 -0.591613 -0.00169813 0.80622 25.1028 0 1
-27.0348 48.5825 34.1393 -0.580696 -0.00194256 0.814118 25.3299 0 1
-26.1419 48.5832 34.7856 -0.568856 -0.00221455 0.822434 25.5976 0 1
-25.0806 48.5521 35.5251 -0.556756 -0.00235967 0.830673 25.8325 0 1
-24.1459 48.4904 36.124 -0.545033 -0.00228502 0.838411 26.0504 0 1
-23.2725 48.4782 36.6702 -0.534196 -0.00199472 0.845358 26.263 0 1
-22.417 48.5771 37.1809 -0.524577 -0.00158903 0.851361 26.5032 0 1
-21.4476 48.4765 37.746 -0.516365 -0.00122994 0.856368 26.7014 0 1
-20.7743 47.9538 38.1261 -0.509667 -0.00108455 0.860371 26.9954 0 1
-20.471 46.6029 38.3073 -0.50457 -0.00126339 0.86337 27.2167 0 1
-20.4565 45.5509 38.3237 -0.501176 -0.00177556 0.865343 27.4454 0 1
-20.4678 44.4697 38.3253 -0.499604 -0.00252306 0.86625 27.677 0 1
-20.4785 43.3821 38.316 -0.499979 -0.00334356 0.866031 27.9091 0 1
-20.4991 42.2816 38.3025 -0.502422 -0.00408411 0.864613 28.1431 0 1
-20.5198 41.1826 38.2809 -0.507031 -0.00466416 0.861915 28.3945 0 1
-20.6654 40.0191 38.1805 -0.513844 -0.00509194 0.857869 28.6679 0 1
-21.6579 39.4442 37.5877 -0.522788 -0.0054314 0.852446 28.925 0 1
-22.708 39.4744 36.9583 -0.533633 -0.00574776 0.845697 29.213 0 1
-23.8884 39.5068 36.2411 -0.545954 -0.00606839 0.837793 29.5497 0 1
-25.2367 39.4981 35.3746 -0.55914 -0.00638077 0.829049 29.8163 0 1
-26.2948 39.485 34.6565 -0.572463 -0.00665993 0.819904 30.027 0 1
-27.1271 39.4718 34.0791 -0.5852 -0.00689689 0.810859 30.2434 0 1
-27.9449 39.4731 33.4634 -0.596767 -0.0071073 0.802383 30.4617 0 1
-28.7812 39.524 32.8257 -0.606786 -0.00732308 0.794832 30.6676 0 1
-29.5098 39.8684 32.2304 -0.615084 -0.0075764 0.788425 30.8935 0 1
-29.8532 40.8936 31.9634 -0.621623 -0.00787943 0.783277 31.1332 0 1
-29.8405 42.0668 31.9788 -0.626412 -0.00820568 0.779449 31.3697 0 1
-29.8531 43.2306 31.9746 -0.629461 -0.00848416 0.776986 31.4187 0 1
-29.8648 43.4726 31.9677 -0.630794 -0.00861294 0.775903 31.5835 0 1
-30.4789 43.6461 31.4598 -0.630481 -0.00848896 0.776158 31.7878 0 1
-30.4856 44.6724 31.4636 -0.628639 -0.00804258 0.777656 31.9999 0 1
-30.4988 45.74 31.4645 -0.625376 -0.00726247 0.78029 32.1996 0 1
-30.5011 46.7471 31.4863 -0.620734 -0.00620342 0.783996 32.5214 0 1
-30.4793 48.3434 31.5061 -0.614666 -0.00497913 0.788772 32.732 0 1
-29.9274 49.1334 31.9441 -0.607078 -0.0037422 0.794634 33.0931 0 1
-28.5125 49.3361 33.0209 -0.597925 -0.00264875 0.801548 33.3316 0 1
-27.5754 49.3384 33.7277 -0.587318 -0.00181056 0.809354 33.5714 0 1
-26.6342 49.3547 34.4377 -0.575583 -0.00125734 0.817743 33.8246 0 1
-25.6487 49.3637 35.1394 -0.563249 -0.000938279 0.826286 34.1105 0 1
-24.5228 49.2452 35.8907 -0.550952 -0.000764915 0.834537 34.3567 0 1
-23.5386 49.2046 36.507 -0.539294 -0.000662152 0.842117 34.613 0 1
-22.5186 49.4214 37.1256 -0.528738 -0.00059531 0.848785 34.9438 0 1
-21.1001 49.3502 37.9515 -0.519569 -0.000572439 0.854428 35.2463 0 1
-20.0526 48.6002 38.5389 -0.51192 -0.0006368 0.859033 35.469 0 1
-19.702 47.6223 38.7407 -0.505827 -0.000853067 0.862634 35.6875 0 1
-19.831 46.5976 38.673 -0.501273 -0.00128343 0.865288 36.0483 0 1
-19.8215 44.8964 38.6905 -0.498219 -0.00195843 0.867049 36.2905 0 1
-19.8039 43.7584 38.6904 -0.49663 -0.0028539 0.867958 36.5204 0 1
-19.7859 42.6608 38.6968 -0.496498 -0.00388435 0.868029 36.7354 0 1
-19.7957 41.6381 38.6956 -0.497875 -0.00492365 0.867235 36.9641 0 1
-19.8096 40.5586 38.6762 -0.500876 -0.00585474 0.865499 37.1847 0 1
-19.9886 39.5348 38.5616 -0.505649 -0.00662392 0.862714 37.3942 0 1
-20.5174 38.7475 38.2493 -0.512307 -0.00725874 0.858771 37.6616 0 1
-21.6198 38.7241 37.6031 -0.520863 -0.00783008 0.853604 37.8762 0 1
-22.4993 38.7343 37.0764 -0.53117 -0.00838511 0.847224 38.1237 0 1
-23.5149 38.6696 36.4599 -0.542903 -0.00890316 0.839748 38.4711 0 1
-24.9325 38.6789 35.576 -0.555573 -0.00930525 0.831416 38.7122 0 1
-25.8911 38.6805 34.9279 -0.568579 -0.00950483 0.822574 38.9193 0 1
-26.7167 38.6856 34.358 -0.58129 -0.00946131 0.813641 39.138 0 1
-27.5681 38.677 33.7397 -0.593134 -0.00920473 0.805051 39.3654 0 1
-28.4447 38.689 33.073 -0.603679 -0.00882389 0.797179 39.6117 0 1
-29.3863 38.7099 32.3296 -0.612688 -0.00843017 0.79028 39.8208 0 1
-30.1183 39.0959 31.7261 -0.620137 -0.00811726 0.784451 40.0227 0 1
-30.4213 40.0214 31.4755 -0.626198 -0.00793371 0.779624 40.3167 0 1
-30.4746 41.5034 31.4428 -0.631196 -0.00787597 0.775584 40.4984 0 1
-30.4883 42.418 31.4386 -0.635558 -0.00790039 0.772013 40.5858 0 1
-30.4927 42.8577 31.4386 -0.639746 -0.00794591 0.768544 40.5858 0 1
