53.318 5.8397 53.3615 0.771636 -0.00852186 0.636007 0 1 0
53.8277 5.5761 52.7421 0.770346 -0.00767464 0.63758 0.275176 0 0
53.965 4.61064 52.5669 0.769187 -0.00708056 0.638985 0.418269 0 0
53.7939 3.68283 52.7678 0.768197 -0.00677695 0.640177 0.594616 0 0
53.9044 2.51384 52.6339 0.767394 -0.00671273 0.641141 0.800075 0 0
54.1787 1.20965 52.3008 0.766778 -0.0067805 0.641876 0.995443 0 0
54.3381 -0.070122 52.0999 0.766349 -0.00686451 0.642387 1.15451 0 0
54.2786 -1.12402 52.1591 0.766106 -0.00688585 0.642677 1.30802 0 0
54.0313 -2.07525 52.4339 0.766049 -0.00682453 0.642746 1.46072 0 0
53.8279 -1.10624 52.6945 0.766165 -0.00670914 0.642609 1.61237 0 0
53.8257 -0.101915 52.7127 0.766421 -0.00658515 0.642305 1.82397 0 0
54.1686 1.19083 52.3126 0.766752 -0.00648639 0.641911 1.99036 0 0
53.4929 1.5497 53.1189 0.767075 -0.0064279 0.641526 2.19515 0 0
53.398 2.9001 53.238 0.767308 -0.00641843 0.641246 2.3595 0 0
53.3451 3.99202 53.3039 0.767396 -0.00647417 0.641141 2.56134 0 0
53.3258 5.34095 53.3455 0.767318 -0.00661538 0.641232 2.68897 0 0
52.8027 5.11735 53.9735 0.767091 -0.00684667 0.641502 2.93361 0 0
52.8798 3.51393 53.8621 0.766752 -0.00714094 0.641904 3.12555 0 0
52.9556 2.25247 53.7667 0.766352 -0.00744303 0.642377 3.29154 0 0
53.0715 1.18177 53.6147 0.765946 -0.00768947 0.642859 3.4778 0 0
53.2019 -0.030755 53.4534 0.765583 -0.00782722 0.643289 3.65122 0 0
53.2631 -1.16761 53.3645 0.765302 -0.00781997 0.643624 3.83813 0 0
53.4303 -2.36856 53.1397 0.765119 -0.00764602 0.643843 3.98921 0 0
53.7552 -3.24233 52.7472 0.765035 -0.00730039 0.643947 4.09598 0 0
54.2156 -3.2833 52.2025 0.765043 -0.00680532 0.643943 4.28597 0 0
54.638 -2.18293 51.7173 0.765139 -0.00621819 0.643836 4.53232 0 0
54.8601 -0.571038 51.4709 0.765324 -0.00562305 0.64362 4.71412 0 0
54.7698 0.631763 51.592 0.765594 -0.00510659 0.643303 4.86792 0 0
54.6503 1.64164 51.7425 0.765923 -0.00473311 0.642915 5.07801 0 0
54.5156 3.03791 51.9106 0.766264 -0.00453158 0.642509 5.23634 0 0
54.4815 4.09735 51.9501 0.766572 -0.00449681 0.642142 5.38757 0 0
54.479 5.11415 51.956 0.766811 -0.0046002 0.641857 5.5981 0 0
54.3032 6.50405 52.1775 0.766961 -0.00480373 0.641675 5.79515 0 0
53.7225 7.45112 52.8928 0.767017 -0.00507168 0.641607 5.98873 0 0
52.9614 6.9423 53.7998 0.76698 -0.00537704 0.641649 6.15963 0 0
52.7972 5.8472 53.9918 0.766863 -0.00570097 0.641786 6.30686 0 0
52.2521 6.29925 54.6438 0.766693 -0.00602658 0.641986 6.50292 0 0
52.2879 5.02212 54.5902 0.766502 -0.0063321 0.64221 6.69859 0 0
52.376 3.75228 54.4698 0.766318 -0.00659087 0.642428 6.87695 0 0
52.4399 2.58769 54.3838 0.766147 -0.00677967 0.642629 7.05291 0 0
52.5243 1.44898 54.2685 0.765987 -0.00688917 0.642819 7.29268 0 0
52.6508 -0.106185 54.1034 0.765832 -0.0069283 0.643004 7.52742 0 0
52.7434 -1.64534 53.9729 0.765686 -0.00691864 0.643177 7.70043 0 0
52.9229 -2.74932 53.7428 0.765567 -0.00688119 0.643319 7.92171 0 0
53.3106 -4.08239 53.266 0.765502 -0.0068225 0.643398 8.11062 0 0
53.6799 -5.19757 52.8183 0.765515 -0.00672793 0.643383 8.20223 0 0
54.0533 -5.00249 52.3776 0.765627 -0.00656728 0.643252 8.43412 0 0
54.6823 -3.79155 51.6466 0.765845 -0.00631211 0.642994 8.59978 0 0
55.0679 -2.85773 51.1977 0.766164 -0.00595618 0.642618 8.75848 0 0
55.3191 -1.86966 50.9092 0.766563 -0.00552678 0.642145 8.9317 0 0
55.3984 -0.718334 50.828 0.767014 -0.00507929 0.64161 9.17418 0 0
55.2663 0.88721 51 0.767476 -0.00467675 0.641061 9.35697 0 0
55.1574 2.10348 51.1398 0.767895 -0.00436496 0.640561 9.5738 0 0
55.0703 3.55217 51.2462 0.768215 -0.00415622 0.640178 9.72649 0 0
55.0396 4.57622 51.2828 0.768389 -0.00402963 0.63997 9.92444 0 0
54.9883 5.90711 51.3508 0.768391 -0.00394603 0.639968 10.1386 0 0
54.6793 7.26356 51.7294 0.768225 -0.00387034 0.640168 10.3118 0 0
54.1998 8.14526 52.3181 0.767921 -0.00379028 0.640533 10.4778 0 0
53.5225 8.45854 53.1431 0.767535 -0.00372081 0.640996 10.6737 0 0
52.7389 7.98922 54.0672 0.767146 -0.00369081 0.641462 10.9489 0 0
52.2537 6.33259 54.6421 0.766841 -0.00372132 0.641826 10.9508 0 0
52.2519 6.32058 54.6443 0.766691 -0.00381001 0.642005 11.0898 0 0
51.6963 6.59148 55.3067 0.766723 -0.0039303 0.641966 11.2942 0 0
51.9344 7.86964 55.0242 0.766915 -0.00404189 0.641736 11.4488 0 0
52.3167 8.69472 54.5748 0.767214 -0.00410416 0.641378 11.6445 0 0
53.0736 9.24115 53.6858 0.76756 -0.00408774 0.640964 11.8033 0 0
53.7368 9.36547 52.8885 0.767905 -0.00398494 0.640551 12.0142 0 0
54.5739 8.87529 51.8684 0.768224 -0.00381803 0.640169 12.1755 0 0
55.05 8.09343 51.2898 0.768515 -0.00363957 0.639822 12.3404 0 0
55.3647 7.10182 50.9047 0.768785 -0.00352088 0.639498 12.5028 0 0
55.5249 6.03584 50.7076 0.769037 -0.00353169 0.639194 12.7331 0 0
55.5882 4.48427 50.6227 0.769256 -0.00371957 0.63893 12.9538 0 0
55.6546 2.99577 50.5409 0.769407 -0.0040977 0.638746 13.1192 0 0
55.72 1.88432 50.4639 0.769455 -0.0046454 0.638684 13.296 0 0
55.8135 0.705262 50.344 0.769378 -0.00531804 0.638772 13.4715 0 0
55.9385 -0.457909 50.1828 0.769176 -0.0060598 0.639008 13.6226 0 0
55.9549 -1.46887 50.1524 0.768867 -0.0068151 0.639373 13.7812 0 0
55.7788 -2.49841 50.354 0.768476 -0.00753909 0.639834 13.9734 0 0
55.4084 -3.65272 50.7793 0.768033 -0.00820622 0.640357 14.1454 0 0
54.9776 -4.59756 51.2831 0.767576 -0.00881347 0.640897 14.3391 0 0
54.4981 -5.66699 51.8409 0.76715 -0.00937483 0.641399 14.5844 0 0
54.0509 -7.16676 52.3488 0.7668 -0.00990821 0.64181 14.8341 0 0
54.1698 -8.83702 52.1783 0.766559 -0.0104217 0.642089 14.9836 0 0
54.4331 -9.74854 51.848 0.766438 -0.0109077 0.642225 15.1974 0 0
54.865 -11.0176 51.3208 0.766424 -0.0113503 0.642234 15.3987 0 0
55.3095 -12.1662 50.7705 0.766492 -0.0117402 0.642147 15.5951 0 0
55.6085 -13.4023 50.3888 0.766613 -0.0120832 0.641996 15.7747 0 0
55.5915 -14.6194 50.3816 0.766755 -0.0123936 0.641821 15.9573 0 0
55.3481 -15.8102 50.6461 0.766877 -0.0126758 0.641668 16.1438 0 0
55.0453 -16.9934 50.9857 0.766934 -0.012908 0.641596 16.3096 0 0
54.8576 -18.0848 51.1863 0.766887 -0.0130424 0.64165 16.4576 0 0
54.4152 -18.8218 51.702 0.766726 -0.013026 0.641842 16.6054 0 0
53.9514 -18.1434 52.2666 0.766476 -0.0128305 0.642144 16.7938 0 0
53.2945 -17.4172 53.0749 0.766189 -0.0124732 0.642494 16.9561 0 0
52.6995 -16.8843 53.8027 0.765925 -0.0120129 0.642818 17.2039 0 0
51.9644 -15.731 54.7026 0.76573 -0.0115219 0.643059 17.4289 0 0
51.6503 -14.3378 55.0986 0.765622 -0.0110545 0.643196 17.6488 0 0
51.8249 -12.9151 54.913 0.765592 -0.0106314 0.643238 17.8456 0 0
52.2325 -11.7921 54.4423 0.76562 -0.0102463 0.643212 18.0905 0 0
52.8852 -10.556 53.6837 0.765684 -0.00988201 0.643141 18.3102 0 0
53.3919 -9.34757 53.0983 0.765774 -0.00952302 0.64304 18.46 0 0
53.6007 -8.40751 52.8649 0.76588 -0.00916085 0.642919 18.6318 0 0
53.5792 -7.26541 52.9115 0.765988 -0.00879722 0.642795 18.8918 0 0
53.2011 -5.64696 53.3834 0.766074 -0.00844507 0.642697 19.0467 0 0
52.902 -4.73683 53.7448 0.766108 -0.00812406 0.642661 19.232 0 0
52.553 -3.64253 54.1774 0.766059 -0.0078508 0.642723 19.4418 0 0
52.2655 -2.34245 54.537 0.765905 -0.00762914 0.642908 19.5961 0 0
52.1557 -1.34849 54.6819 0.765642 -0.007447 0.643224 19.8085 0 0
52.1183 0.0377302 54.7368 0.765285 -0.00728314 0.643651 19.9737 0 0
52.0427 1.1151 54.8354 0.764873 -0.0071197 0.644142 20.1624 0 0
51.9425 2.33754 54.9707 0.764463 -0.00695086 0.64463 20.3749 0 0
51.874 3.71813 55.0694 0.764117 -0.00678197 0.645043 20.6533 0 0
51.708 5.51465 55.2834 0.763886 -0.00662445 0.645317 20.7148 0 0
51.6998 5.91559 55.2971 0.763799 -0.00649365 0.645421 20.8541 0 0
51.1115 5.91025 55.9873 0.763849 -0.00640899 0.645364 21.0103 0 0
51.2175 4.9022 55.8527 0.763996 -0.00639134 0.645189 21.1974 0 0
51.3759 3.7016 55.6609 0.764183 -0.00645816 0.644968 21.4668 0 0
51.4527 1.95464 55.5465 0.764349 -0.00661941 0.644769 21.6908 0 0
51.5854 0.514015 55.3749 0.764453 -0.00687395 0.644643 21.8499 0 0
51.6162 -0.521671 55.3306 0.764476 -0.00720449 0.644612 22.1302 0 0
51.6795 -2.34717 55.2396 0.764423 -0.00757499 0.644671 22.4203 0 0
52.053 -4.13418 54.7641 0.764308 -0.00793748 0.644802 22.5904 0 0
52.4021 -5.1003 54.3337 0.764147 -0.00824959 0.644989 22.7632 0 0
52.729 -6.1158 53.939 0.763949 -0.00849298 0.645221 22.9899 0 0
53.0491 -7.5056 53.5388 0.763725 -0.00868095 0.645484 23.1654 0 0
53.0308 -8.65665 53.5392 0.763501 -0.00885251 0.645746 23.3701 0 0
52.61 -9.84118 54.0196 0.763325 -0.00905865 0.645951 23.5483 0 0
52.1137 -10.7229 54.5937 0.763255 -0.00934619 0.64603 23.7225 0 0
51.6526 -11.6096 55.1306 0.763331 -0.00974397 0.645935 23.9418 0 0
51.2065 -12.8587 55.6414 0.763556 -0.0102581 0.64566 24.1189 0 0
51.0406 -13.9891 55.8209 0.763898 -0.0108801 0.645245 24.3623 0 0
51.2647 -15.5466 55.5304 0.764306 -0.0115993 0.64475 24.6126 0 0
51.849 -16.9132 54.8191 0.764742 -0.012407 0.644217 24.7781 0 0
52.3944 -17.5791 54.1526 0.765191 -0.0132874 0.643666 25.0067 0 0
53.2258 -18.3237 53.1349 0.765655 -0.0142074 0.643094 25.1683 0 0
53.7495 -19.0115 52.4879 0.76614 -0.0151211 0.642495 25.3272 0 0
54.1599 -19.8592 51.9851 0.766654 -0.015988 0.641861 25.485 0 0
54.5378 -20.7301 51.5146 0.767208 -0.0167929 0.641178 25.6376 0 0
54.5043 -21.7584 51.5261 0.767818 -0.0175552 0.640428 25.8113 0 0
54.1989 -22.8391 51.8559 0.768496 -0.0183238 0.639592 26.0206 0 0
53.8379 -24.1444 52.248 0.769247 -0.0191621 0.638664 26.1733 0 0
53.7095 -25.1614 52.3736 0.77006 -0.0201225 0.637654 26.3531 0 0
53.6871 -26.3766 52.3654 0.770909 -0.0212146 0.636592 26.5157 0 0
53.8513 -27.4374 52.1313 0.771755 -0.0223859 0.635526 26.7261 0 0
54.3288 -28.6364 51.5085 0.77255 -0.0235284 0.634517 26.9044 0 0
54.9294 -29.3702 50.7457 0.773245 -0.0245105 0.633634 27.1409 0 0
55.9176 -29.7545 49.5216 0.773795 -0.0252161 0.632935 27.3251 0 0
56.7006 -29.4626 48.5712 0.774169 -0.0255763 0.632462 27.5184 0 0
57.4463 -28.7677 47.6915 0.774356 -0.0255812 0.632233 27.7678 0 0
58.0948 -27.3012 46.9672 0.77436 -0.0252669 0.632241 27.9246 0 0
58.3491 -26.2683 46.6906 0.774198 -0.024688 0.632462 28.0737 0 0
58.3487 -25.2195 46.7326 0.7739 -0.0238956 0.632857 28.2279 0 0
58.1958 -24.1751 46.9601 0.773497 -0.0229332 0.633385 28.3861 0 0
57.8747 -23.2089 47.3867 0.773022 -0.021847 0.634003 28.5399 0 0
57.4093 -22.4464 47.9782 0.7725 -0.0206913 0.634678 28.8096 0 0
56.4234 -21.4453 49.2139 0.77195 -0.0195199 0.635383 28.9661 0 0
55.899 -20.7759 49.8727 0.771387 -0.0183709 0.636102 29.1677 0 0
55.4139 -19.6455 50.4886 0.770817 -0.0172595 0.636822 29.3912 0 0
55.3771 -18.1353 50.5652 0.770245 -0.0161867 0.637542 29.5634 0 0
55.6092 -17.0193 50.3069 0.769672 -0.0151565 0.63826 29.8071 0 0
55.9996 -15.4688 49.8725 0.769103 -0.0141853 0.638968 29.9705 0 0
56.179 -14.3887 49.6825 0.768557 -0.0132985 0.639643 30.2434 0 0
56.0405 -12.5465 49.8864 0.768074 -0.0125166 0.640238 30.4144 0 0
55.6873 -11.5275 50.3293 0.767705 -0.0118442 0.640694 30.6267 0 0
55.2107 -10.3049 50.9182 0.767504 -0.011266 0.640945 30.7849 0 0
54.9077 -9.35163 51.2896 0.767512 -0.0107516 0.640944 30.9371 0 0
54.7004 -8.37738 51.5534 0.767741 -0.0102611 0.640679 31.1779 0 0
54.7838 -6.75019 51.4809 0.768161 -0.00975017 0.640182 31.3376 0 0
55.1048 -5.78539 51.1145 0.768707 -0.00917616 0.639536 31.5517 0 0
55.6477 -4.60829 50.4783 0.769284 -0.00851086 0.638851 31.7073 0 0
56.0495 -3.75444 50.0091 0.769797 -0.00775382 0.638242 31.8811 0 0
56.3466 -2.66863 49.6646 0.770175 -0.00693546 0.637795 32.1432 0 0
56.5225 -0.912413 49.4655 0.770387 -0.00610512 0.637547 32.3027 0 0
56.4089 0.157998 49.616 0.770447 -0.0053136 0.637482 32.4746 0 0
56.2903 1.30645 49.7687 0.7704 -0.0046037 0.637545 32.6409 0 0
56.2404 2.42843 49.8338 0.770301 -0.00401156 0.637668 32.8012 0 0
56.1794 3.50811 49.9054 0.770192 -0.00356933 0.637802 32.9567 0 0
56.1315 4.56169 49.9703 0.770076 -0.00329973 0.637943 33.1193 0 0
56.0831 5.65868 50.0355 0.769919 -0.00320422 0.638134 33.3012 0 0
56.0164 6.88493 50.1202 0.769664 -0.00325688 0.63844 33.4846 0 0
55.7288 8.04462 50.4709 0.769266 -0.00341329 0.63892 33.6694 0 0
55.2781 9.07937 51.0163 0.768705 -0.00362959 0.639593 33.9261 0 0
54.3841 10.0944 52.1092 0.768007 -0.00387723 0.640429 34.1037 0 0
53.6435 10.3228 53.0105 0.767239 -0.00414504 0.641348 34.3425 0 0
52.6462 9.98647 54.1982 0.766491 -0.00443135 0.64224 34.5546 0 0
51.8661 9.28351 55.1137 0.765853 -0.00473187 0.642999 34.7935 0 0
51.3275 7.94749 55.7454 0.765389 -0.00502764 0.643548 34.9605 0 0
51.1356 6.89485 55.9706 0.76513 -0.0052802 0.643854 35.098 0 0
51.1118 5.99892 55.9879 0.765083 -0.00544202 0.643908 35.2495 0 0
50.5171 6.36501 56.6917 0.765239 -0.00547867 0.643723 35.5059 0 0
50.7294 8.01029 56.4539 0.765574 -0.00538668 0.643325 35.6982 0 0
51.002 9.19794 56.1395 0.766052 -0.0051936 0.642758 35.8932 0 0
51.5648 10.1412 55.4816 0.766621 -0.00494248 0.642081 36.0696 0 0
52.2239 10.6942 54.704 0.767225 -0.00467277 0.641361 36.334 0 0
53.3037 11.1568 53.4206 0.767817 -0.0044094 0.640654 36.5045 0 0
54.0269 11.1787 52.5514 0.768364 -0.00416344 0.64 36.6696 0 0
54.688 10.8193 51.7465 0.768851 -0.00394036 0.639415 36.9211 0 0
55.5701 9.86605 50.6678 0.769287 -0.00374879 0.638893 37.0845 0 0
56.0286 9.0241 50.112 0.769691 -0.00360366 0.638407 37.2518 0 0
56.3872 8.03395 49.6796 0.770094 -0.00352222 0.637921 37.4081 0 0
56.646 7.05458 49.36 0.770519 -0.00351761 0.637408 37.635 0 0
56.6739 5.50569 49.3224 0.770966 -0.00359778 0.636866 37.8591 0 0
56.6852 3.98549 49.3023 0.77141 -0.00377086 0.636328 38.0117 0 0
56.8351 2.98072 49.1108 0.771803 -0.00404883 0.635849 38.1856 0 0
56.7896 1.79679 49.1648 0.772092 -0.00444227 0.635495 38.3495 0 0
56.8959 0.700715 49.0279 0.772226 -0.00494984 0.635329 38.5029 0 0
57.0117 -0.322347 48.8752 0.772167 -0.00555175 0.635395 38.6538 0 0
57.1326 -1.33284 48.7168 0.771901 -0.00621126 0.635713 38.8001 0 0
56.9819 -2.30874 48.8939 0.771447 -0.00688203 0.636256 38.9757 0 0
56.7884 -3.47753 49.117 0.770867 -0.00751856 0.636952 39.1495 0 0
56.4282 -4.53344 49.5384 0.770245 -0.00808864 0.637697 39.3345 0 0
55.9492 -5.56019 50.1009 0.769673 -0.00858498 0.63838 39.515 0 0
55.4491 -6.5131 50.6937 0.769218 -0.00902925 0.638922 39.6901 0 0
55.2485 -7.65624 50.9152 0.768914 -0.00946137 0.639283 39.8457 0 0
55.3604 -8.69074 50.7634 0.768759 -0.00991754 0.639461 40.0423 0 0
55.6935 -9.90913 50.3463 0.768736 -0.0104136 0.639481 40.1955 0 0
56.0187 -10.8095 49.943 0.768821 -0.0109491 0.63937 40.3531 0 0
56.4305 -11.6556 49.4343 0.768992 -0.0115267 0.639154 40.5235 0 0
56.6735 -12.7487 49.1224 0.769235 -0.0121682 0.63885 40.7392 0 0
56.7145 -14.2226 49.0431 0.769538 -0.0129096 0.638471 41.005 0 0
56.4292 -15.991 49.3425 0.769893 -0.013784 0.638024 41.1785 0 0
56.1762 -17.118 49.6178 0.770301 -0.0148059 0.637508 41.3262 0 0
55.9414 -18.0629 49.8845 0.770778 -0.0159678 0.636904 41.4918 0 0
55.9354 -19.1903 49.8685 0.771351 -0.0172466 0.636176 41.7211 0 0
56.4931 -20.463 49.163 0.772037 -0.018616 0.635305 41.9048 0 0
57.2067 -21.0027 48.2781 0.772817 -0.0200519 0.634312 42.132 0 0
57.9584 -21.9948 47.3228 0.773634 -0.0215259 0.633267 42.3128 0 0
58.4587 -22.9714 46.6847 0.77441 -0.0229877 0.632267 42.4944 0 0
58.7972 -24.1174 46.2277 0.775069 -0.0243557 0.631407 42.7189 0 0
58.903 -25.6845 46.0338 0.77556 -0.0255279 0.630757 42.883 0 0
58.9184 -26.8472 45.9638 0.775857 -0.0264098 0.630355 43.0602 0 0
58.4795 -27.9189 46.4646 0.775954 -0.0269398 0.630214 43.2144 0 0
58.1142 -28.864 46.8666 0.775851 -0.0270988 0.630334 43.3811 0 0
57.5905 -29.741 47.4605 0.775552 -0.0269051 0.63071 43.5705 0 0
56.8289 -30.3789 48.3717 0.775068 -0.0264066 0.631326 43.8146 0 0
55.7589 -30.6002 49.6832 0.774425 -0.0256737 0.632145 43.9737 0 0
55.0685 -30.5686 50.5295 0.773669 -0.0247895 0.633105 44.1241 0 0
54.5159 -30.0471 51.226 0.772857 -0.0238314 0.634132 44.3579 0 0
53.7872 -28.9713 52.1589 0.772044 -0.0228538 0.635158 44.5059 0 0
53.4062 -28.1812 52.6471 0.771276 -0.0218802 0.636125 44.6815 0 0
53.2113 -27.0404 52.9179 0.770582 -0.0209092 0.636998 44.91 0 0
53.1566 -25.5051 53.0274 0.769976 -0.0199258 0.637762 45.0657 0 0
53.1479 -24.4562 53.0709 0.769446 -0.0189109 0.638432 45.2938 0 0
53.525 -23.0326 52.6585 0.768962 -0.0178506 0.639046 45.4871 0 0
53.8923 -21.8549 52.257 0.768489 -0.0167452 0.639644 45.6768 0 0
53.8051 -20.5943 52.3869 0.768 -0.0156123 0.64026 45.9207 0 0
53.1785 -19.2966 53.167 0.767485 -0.0144852 0.640904 46.0851 0 0
52.5525 -18.8238 53.9351 0.766949 -0.0134066 0.641568 46.2608 0 0
51.9652 -18.1235 54.6552 0.766412 -0.0124228 0.64223 46.4314 0 0
51.4105 -17.4242 55.3299 0.765897 -0.0115779 0.642859 46.5936 0 0
50.9745 -16.6122 55.8568 0.76543 -0.010904 0.643427 46.7737 0 0
50.6418 -15.5571 56.2673 0.765024 -0.0104134 0.643917 46.9776 0 0
50.5 -14.2435 56.4551 0.764681 -0.010095 0.64433 47.1999 0 0
50.606 -12.7958 56.3482 0.764387 -0.00992116 0.644681 47.4851 0 0
51.1563 -11.1255 55.72 0.764124 -0.00985658 0.644994 47.6734 0 0
51.657 -10.1653 55.1428 0.763878 -0.00986088 0.645285 47.8309 0 0
52.1103 -9.409 54.6186 0.763643 -0.00988443 0.645564 48.0144 0 0
52.4923 -8.36618 54.182 0.763424 -0.00986944 0.645822 48.1815 0 0
52.4227 -7.28226 54.2824 0.763236 -0.00976356 0.646046 48.3408 0 0
52.1883 -6.31394 54.5731 0.763094 -0.00953648 0.646217 48.6733 0 0
51.5248 -4.42218 55.3826 0.763004 -0.00918622 0.646328 48.8266 0 0
51.2603 -3.51146 55.7071 0.762959 -0.008736 0.646388 49.0162 0 0
51.1028 -2.29903 55.9205 0.762933 -0.0082309 0.646426 49.1991 0 0
50.9804 -1.12418 56.0842 0.762892 -0.00773473 0.646479 49.356 0 0
51.0095 -0.113318 56.0541 0.762805 -0.00731915 0.646588 49.5147 0 0
50.932 0.908327 56.1532 0.762647 -0.00704267 0.646776 49.7545 0 0
50.8755 2.45891 56.2375 0.762416 -0.00692957 0.647051 49.9223 0 0
50.7513 3.52347 56.3985 0.76212 -0.00696128 0.647398 50.1891 0 0
50.6046 5.23112 56.5758 0.761785 -0.00708477 0.647792 50.2021 0 0
50.5904 5.31324 56.5927 0.761439 -0.00723186 0.648196 50.2021 0 0
53.5474 -10.428 52.8947 0.766832 -0.0100955 0.641769 50.3847 1 0
53.0828 -11.4043 53.4365 0.767089 -0.0105781 0.641453 50.6553 0 0
52.4366 -12.8743 54.1777 0.767308 -0.0110864 0.641183 50.8627 0 0
52.2384 -14.2159 54.3998 0.767465 -0.0115938 0.640987 51.1224 0 0
52.7178 -15.7551 53.8049 0.767538 -0.0120496 0.64089 51.2898 0 0
53.2684 -16.4355 53.1293 0.767517 -0.0123966 0.640909 51.5337 0 0
54.1414 -17.2778 52.0597 0.767406 -0.0125904 0.641038 51.6666 0 0
54.5627 -16.6548 51.5707 0.76723 -0.0126149 0.641248 51.9307 0 0
54.9764 -14.9752 51.111 0.767023 -0.0124888 0.641498 52.0784 0 0
55.073 -13.9785 51.0183 0.766825 -0.0122623 0.641739 52.2474 0 0
54.9199 -12.858 51.2189 0.766668 -0.012005 0.641932 52.4105 0 0
54.5913 -11.8882 51.63 0.766577 -0.0117846 0.642044 52.6105 0 0
54.1518 -10.7403 52.1673 0.766568 -0.0116434 0.642058 52.6891 0 0
53.8411 -10.5383 52.5418 0.766637 -0.0115873 0.641977 52.8696 0 0
53.5844 -11.677 52.832 0.766762 -0.0115949 0.641827 53.0392 0 0
54.1498 -12.3579 52.1447 0.766905 -0.0116362 0.641655 53.2152 0 0
54.4742 -13.4171 51.7425 0.767024 -0.0116861 0.641512 53.4464 0 0
54.4141 -14.97 51.7859 0.767081 -0.0117248 0.641443 53.6166 0 0
54.0304 -15.9587 52.2239 0.76706 -0.0117343 0.641468 53.8198 0 0
53.2476 -15.3746 53.1767 0.766963 -0.0116972 0.641584 54.0397 0 0
52.8152 -14.0883 53.7089 0.766812 -0.0115969 0.641767 54.2286 0 0
53.0609 -12.8834 53.43 0.766629 -0.0114188 0.641988 54.3969 0 0
53.4599 -11.9347 52.9756 0.766428 -0.0111526 0.642233 54.4273 0 0
53.5383 -11.7729 52.8858 0.76621 -0.010795 0.642499 54.6071 0 0
53.6795 -12.9352 52.6932 0.765971 -0.010351 0.642792 54.7787 0 0
54.0055 -13.9606 52.2907 0.765705 -0.00983331 0.643117 54.928 0 0
53.8234 -14.922 52.4958 0.765415 -0.00926079 0.643471 55.0864 0 0
53.4451 -14.0512 52.9566 0.765109 -0.00865602 0.643843 55.1559 0 0
53.4912 -13.5917 52.906 0.764797 -0.00804311 0.644217 55.1559 0 0
55.2977 -20.9697 50.5947 0.769517 -0.0177775 0.638379 55.4186 1 0
54.8267 -22.6211 51.1059 0.770069 -0.0186002 0.63769 55.5981 0 0
54.4942 -23.7418 51.466 0.770594 -0.0193932 0.637031 55.8501 0 0
54.2175 -25.4123 51.7551 0.77108 -0.0201382 0.63642 56.0381 0 0
54.2689 -26.6794 51.6498 0.771511 -0.0208181 0.635875 56.2949 0 0
54.8016 -28.1885 50.9466 0.771872 -0.0214168 0.635417 56.5174 0 0
55.658 -28.8467 49.8724 0.772143 -0.0219181 0.635071 56.6628 0 0
56.2895 -28.7567 49.102 0.772306 -0.0223064 0.634859 56.929 0 0
57.2728 -27.6873 47.9633 0.772355 -0.0225716 0.634791 57.0861 0 0
57.6497 -26.764 47.5351 0.772297 -0.0227148 0.634855 57.2498 0 0
57.8139 -25.6545 47.3714 0.772158 -0.0227514 0.635023 57.507 0 0
57.4987 -23.9527 47.8188 0.771973 -0.0227066 0.635249 57.757 0 0
56.7358 -22.744 48.7881 0.771791 -0.0226112 0.635474 57.976 0 0
55.9438 -21.9262 49.7786 0.771659 -0.0224968 0.635638 58.1458 0 0
55.4039 -21.1509 50.4602 0.771608 -0.0223901 0.635704 58.1744 0 0
55.3182 -21.0122 50.5688 0.771633 -0.0223063 0.635676 58.4283 0 0
55.3405 -22.7417 50.4801 0.771699 -0.022248 0.635598 58.6056 0 0
55.0119 -23.8526 50.8372 0.771754 -0.0222131 0.635534 58.8147 0 0
54.7666 -25.2358 51.0933 0.771756 -0.0222046 0.635532 58.9929 0 0
54.7838 -26.4478 51.032 0.771692 -0.0222331 0.635608 59.1472 0 0
55.0917 -27.3633 50.6198 0.771578 -0.0223105 0.635744 59.3087 0 0
55.6848 -27.93 49.8708 0.771441 -0.0224403 0.635905 59.5085 0 0
56.5439 -27.5825 48.8451 0.771311 -0.0226125 0.636057 59.6576 0 0
56.9903 -26.8064 48.3313 0.771206 -0.0228064 0.636177 59.8887 0 0
57.2115 -25.2319 48.1189 0.771132 -0.0229985 0.63626 60.0515 0 0
56.9274 -24.212 48.5016 0.771089 -0.0231702 0.636305 60.2348 0 0
56.3535 -23.3533 49.2292 0.771081 -0.0233106 0.63631 60.391 0 0
55.7863 -22.7806 49.9387 0.771116 -0.0234124 0.636264 60.4439 0 0
55.5557 -22.7769 50.2184 0.771204 -0.0234656 0.636155 60.601 0 0
55.5864 -23.8487 50.1405 0.771344 -0.0234573 0.635986 60.7568 0 0
56.1884 -24.3212 49.3927 0.771524 -0.0233827 0.635771 60.947 0 0
56.6616 -25.3782 48.7775 0.771731 -0.0232563 0.635524 61.1117 0 0
56.4725 -26.4892 48.9629 0.771956 -0.023111 0.635256 61.2816 0 0
55.7804 -26.9881 49.7895 0.772192 -0.0229813 0.634974 61.4563 0 0
55.2807 -26.0928 50.4402 0.772428 -0.0228849 0.63469 61.6071 0 0
55.3006 -25.0619 50.4489 0.772652 -0.0228156 0.634419 61.7598 0 0
55.5178 -24.0656 50.2156 0.77285 -0.0227527 0.634181 61.9166 0 0
55.8589 -24.9864 49.7725 0.773014 -0.0226772 0.633983 62.066 0 0
55.9397 -26.0007 49.6349 0.773147 -0.0225817 0.633824 62.1888 0 0
55.9593 -25.1507 49.6442 0.77326 -0.0224713 0.63369 62.2062 0 0
55.9252 -25.0458 49.6901 0.773363 -0.0223567 0.633559 62.2062 0 0
