67.5346 -44.2825 35.5857 0.830238 -0.0226389 0.556915 0 1 1
67.8026 -45.428 35.1549 0.831034 -0.0215943 0.555802 0.351964 0 1
68.0054 -44.1633 34.8896 0.831805 -0.0204789 0.55469 0.492751 0 1
68.1704 -43.181 34.6728 0.832599 -0.0192674 0.553541 0.64198 0 1
67.5972 -43.4727 35.5273 0.833438 -0.017993 0.55232 0.709762 0 1
67.5358 -43.9543 35.6002 0.83429 -0.0167527 0.551072 0.797817 0 1
67.196 -43.7966 36.1188 0.835057 -0.0156854 0.54994 0.995399 0 1
67.3032 -42.3733 35.9942 0.835606 -0.0149381 0.549126 1.2116 0 1
68.095 -41.7186 34.7998 0.83582 -0.0146286 0.548808 1.36115 0 1
68.4879 -42.5198 34.193 0.835652 -0.0147986 0.54906 1.54771 0 1
68.5068 -43.8536 34.1329 0.83514 -0.0153631 0.549822 1.72049 0 1
68.4601 -45.1021 34.1724 0.834401 -0.0160901 0.550923 1.87086 0 1
68.2396 -46.1258 34.478 0.833596 -0.0166431 0.552123 2.0245 0 1
67.6355 -46.3358 35.384 0.8329 -0.0166904 0.553172 2.26901 0 1
67.187 -44.7828 36.0814 0.832465 -0.0160353 0.553846 2.34698 0 1
67.1946 -44.2071 36.1007 0.832395 -0.0147032 0.553987 2.44052 0 1
66.8123 -44.2366 36.6655 0.832717 -0.0129352 0.553547 2.59743 0 1
66.8416 -43.0854 36.6739 0.833366 -0.0110979 0.55261 2.76292 0 1
66.9172 -41.8916 36.5791 0.834198 -0.00955586 0.551382 2.91466 0 1
67.2906 -41.0169 36.0204 0.835014 -0.0085683 0.550163 3.10844 0 1
68.0643 -40.9079 34.8426 0.835603 -0.00824648 0.549271 3.27973 0 1
68.7063 -41.3471 33.8639 0.835798 -0.00857542 0.54897 3.46583 0 1
68.8999 -42.6195 33.5447 0.835518 -0.00946466 0.549381 3.7184 0 1
68.9026 -44.4215 33.498 0.834801 -0.0107765 0.550446 3.86794 0 1
68.8777 -45.5041 33.5261 0.833789 -0.0123122 0.551947 4.0814 0 1
68.4996 -46.8958 34.06 0.832678 -0.0137919 0.553585 4.25428 0 1
67.8169 -47.1207 35.086 0.831672 -0.0148793 0.555067 4.39258 0 1
67.2624 -47.0421 35.9154 0.830932 -0.0152639 0.556164 4.6431 0 1
66.8235 -45.4216 36.587 0.830568 -0.0147591 0.556722 4.7741 0 1
66.8086 -44.4482 36.6601 0.830637 -0.0133671 0.556653 4.87235 0 1
66.4224 -44.2633 37.2419 0.831155 -0.0112877 0.555927 5.10972 0 1
66.4522 -42.5221 37.2674 0.832084 -0.00887079 0.554579 5.29379 0 1
66.5347 -41.1948 37.1522 0.833329 -0.00652486 0.552738 5.4335 0 1
66.8602 -40.3561 36.6622 0.834735 -0.00460795 0.550633 5.5826 0 1
67.4589 -40.1936 35.7603 0.836099 -0.00334338 0.548569 5.7512 0 1
68.1369 -40.1507 34.7241 0.837216 -0.0027953 0.546866 5.89918 0 1
68.7237 -40.2386 33.82 0.837921 -0.00290496 0.545784 6.04081 0 1
69.2015 -40.7464 33.0753 0.838117 -0.00355347 0.545479 6.19414 0 1
69.301 -41.8266 32.928 0.83778 -0.00461567 0.545989 6.44009 0 1
69.3029 -43.5615 32.8931 0.836952 -0.00599449 0.547244 6.60904 0 1
69.3003 -44.7635 32.8825 0.835739 -0.00763639 0.549074 6.80975 0 1
69.2483 -46.1939 32.9391 0.834305 -0.00951689 0.551221 6.98526 0 1
69.0516 -47.4035 33.2222 0.832852 -0.0115909 0.553375 7.22072 0 1
68.1415 -47.8557 34.5757 0.83158 -0.0137374 0.555236 7.37369 0 1
67.5272 -47.855 35.4994 0.830631 -0.0157505 0.5566 7.59253 0 1
66.6596 -47.5033 36.7751 0.830052 -0.0173961 0.557415 7.77676 0 1
66.4314 -46.2098 37.131 0.829784 -0.0184998 0.557778 7.91458 0 1
66.4211 -45.1762 37.1908 0.829711 -0.0190057 0.557869 7.96901 0 1
66.4203 -44.7711 37.2151 0.82972 -0.0189733 0.557857 8.06716 0 1
66.025 -44.9641 37.7927 0.829746 -0.0185248 0.557834 8.25111 0 1
65.9998 -46.3236 37.7683 0.829794 -0.0177802 0.557787 8.38904 0 1
66.0328 -47.3643 37.6978 0.829935 -0.0168187 0.557606 8.52023 0 1
66.2596 -48.2538 37.3389 0.830278 -0.0156798 0.557129 8.6754 0 1
66.898 -48.4886 36.3979 0.830917 -0.0143921 0.55621 8.82929 0 1
67.5354 -48.5715 35.4632 0.831898 -0.0129946 0.554776 8.9724 0 1
68.1126 -48.6175 34.6022 0.833194 -0.0115302 0.55286 9.19516 0 1
69.003 -48.4614 33.2727 0.834716 -0.0100218 0.55059 9.35322 0 1
69.5756 -47.952 32.4342 0.836333 -0.00846163 0.548157 9.5279 0 1
69.6616 -46.7406 32.307 0.837898 -0.00682674 0.545784 9.69073 0 1
69.6823 -45.5883 32.2803 0.83926 -0.0051109 0.543706 9.84706 0 1
69.6948 -44.4768 32.2686 0.840279 -0.00334953 0.542144 10.069 0 1
69.7037 -42.9015 32.2745 0.840846 -0.00162612 0.541272 10.2292 0 1
69.7231 -41.7669 32.2641 0.840906 -6.62376e-05 0.541181 10.3823 0 1
69.702 -40.6917 32.2844 0.840472 0.00116602 0.541853 10.5296 0 1
69.4836 -39.7215 32.6161 0.83962 0.00187215 0.543171 10.702 0 1
68.8302 -39.4885 33.6429 0.838472 0.00184872 0.544942 10.848 0 1
68.2592 -39.4308 34.5291 0.837172 0.000956721 0.546939 11.0906 0 1
67.2927 -39.4794 36.0049 0.83587 -0.000794853 0.548927 11.2356 0 1
66.7055 -39.6065 36.8885 0.834702 -0.003205 0.550693 11.3782 0 1
66.1875 -40.095 37.6629 0.833775 -0.00591385 0.552073 11.6346 0 1
66.0532 -41.9787 37.8744 0.833142 -0.00850452 0.552994 11.793 0 1
66.035 -43.1302 37.8723 0.832785 -0.0106274 0.553495 11.957 0 1
66.0286 -44.3234 37.8239 0.832621 -0.0120942 0.553711 12.0675 0 1
65.607 -44.05 38.4585 0.832539 -0.0129075 0.553815 12.2704 0 1
65.5526 -45.5433 38.4703 0.832449 -0.0132216 0.553944 12.4042 0 1
65.517 -46.5488 38.4989 0.832316 -0.0132583 0.554143 12.5472 0 1
65.5234 -47.6203 38.4661 0.832179 -0.0132123 0.554349 12.6912 0 1
65.6385 -48.6774 38.274 0.832133 -0.0131825 0.554419 12.882 0 1
66.3355 -49.2933 37.2106 0.832293 -0.0131526 0.55418 13.0291 0 1
66.9431 -49.3624 36.3131 0.832749 -0.0130266 0.553497 13.2004 0 1
67.6463 -49.321 35.2769 0.833532 -0.0126963 0.552326 13.3474 0 1
68.2365 -49.3558 34.393 0.8346 -0.0121011 0.550723 13.5309 0 1
68.9733 -49.3069 33.2899 0.835862 -0.0112428 0.548824 13.6875 0 1
69.5992 -49.3252 32.3514 0.837206 -0.0101549 0.546794 13.8641 0 1
70.0338 -48.3359 31.7085 0.838529 -0.00886501 0.544785 14.0295 0 1
70.1264 -47.1763 31.5783 0.839752 -0.0073837 0.542919 14.1828 0 1
70.1289 -46.0886 31.5792 0.840816 -0.00572372 0.541291 14.3436 0 1
70.1518 -44.9445 31.5482 0.841661 -0.00392383 0.539992 14.4997 0 1
70.1815 -43.8385 31.5107 0.842229 -0.00205855 0.539116 14.6507 0 1
70.1177 -42.7763 31.6267 0.842466 -0.000231601 0.53875 14.8851 0 1
70.1103 -41.115 31.645 0.842338 0.0014401 0.538948 15.0571 0 1
70.1928 -39.9101 31.4994 0.841852 0.00284474 0.539702 15.2367 0 1
69.7555 -38.9119 32.1733 0.841058 0.00388421 0.540931 15.3982 0 1
69.1525 -38.645 33.1323 0.840046 0.00446252 0.542497 15.5444 0 1
68.5829 -38.6152 34.0187 0.838913 0.0044636 0.544248 15.6948 0 1
67.9882 -38.6444 34.9303 0.83774 0.00374912 0.546057 15.8554 0 1
67.3445 -38.6729 35.9185 0.83657 0.00219287 0.547856 15.9963 0 1
66.7739 -38.6922 36.7787 0.835409 -0.000268695 0.549628 16.1353 0 1
66.205 -38.7556 37.6354 0.834242 -0.00360733 0.551387 16.3389 0 1
65.7245 -39.9867 38.3592 0.833044 -0.00771219 0.553153 16.4897 0 1
65.5714 -41.0732 38.5947 0.831801 -0.0124226 0.554936 16.7239 0 1
65.6398 -42.7985 38.4734 0.830505 -0.0175589 0.556734 16.7312 0 1
65.6381 -42.8513 38.4732 0.829165 -0.022938 0.558534 16.876 0 1
65.612 -43.8993 38.4588 0.82779 -0.0283772 0.56032 16.876 0 1
