56.6415 23.4121 54.1385 0.783352 0.0131231 0.62144 0 1 0
57.1381 23.1383 53.5157 0.783525 0.0125179 0.621234 0.239242 0 0
56.6787 22.9605 54.1011 0.783676 0.0118849 0.621055 0.365409 0 0
56.172 22.7622 54.7459 0.783798 0.0112101 0.620915 0.542788 0 0
56.2013 23.938 54.6824 0.783883 0.0105011 0.620819 0.699502 0 0
56.701 24.6039 54.0401 0.783935 0.00979834 0.620766 0.878216 0 0
57.3909 24.1135 53.18 0.783962 0.00916937 0.620741 1.06223 0 0
57.5899 22.9122 52.9459 0.783982 0.00868743 0.620723 1.25005 0 0
57.1 21.9274 53.5802 0.784012 0.00840521 0.620689 1.40768 0 0
56.4585 22.1641 54.3901 0.784067 0.00833638 0.62062 1.46988 0 0
56.2556 22.4229 54.6433 0.784152 0.00844906 0.620511 1.58126 0 0
55.882 21.9924 55.1175 0.784261 0.00867177 0.62037 1.75542 0 0
55.6416 23.0865 55.4116 0.784377 0.00891133 0.62022 1.93785 0 0
55.7796 24.2667 55.2102 0.784477 0.00907724 0.620092 2.1733 0 0
56.5089 25.3 54.2714 0.784537 0.00910414 0.620015 2.34633 0 0
57.2322 25.2178 53.3621 0.78454 0.00896468 0.620014 2.53899 0 0
57.857 24.3966 52.5784 0.784478 0.0086706 0.620096 2.79225 0 0
58.0368 22.6948 52.3848 0.784359 0.00826437 0.620251 2.94491 0 0
57.7598 21.767 52.7466 0.784204 0.00780583 0.620453 3.10888 0 0
57.1878 21.161 53.4766 0.784044 0.00735746 0.620661 3.26081 0 0
56.5542 21.2129 54.2781 0.783915 0.00697176 0.62083 3.44776 0 0
55.9111 21.9292 55.0814 0.783847 0.00668654 0.620919 3.45387 0 0
55.8932 21.9582 55.1036 0.783861 0.00653181 0.620903 3.56728 0 0
55.5267 21.4908 55.5687 0.783964 0.00654073 0.620772 3.72484 0 0
56.0011 20.7692 54.9786 0.784153 0.00674883 0.620531 3.88377 0 0
56.6237 20.4093 54.1977 0.784415 0.00717392 0.620195 4.03807 0 0
57.2668 20.3935 53.3854 0.784723 0.00779041 0.619798 4.19803 0 0
57.8768 20.8233 52.6096 0.785036 0.00852142 0.619391 4.36228 0 0
58.2889 21.7015 52.0735 0.785306 0.00925783 0.619039 4.55247 0 0
58.5329 22.9334 51.7554 0.785482 0.00988882 0.618805 4.71572 0 0
58.4941 24.0367 51.7799 0.785522 0.0103247 0.618747 4.95983 0 0
57.8946 25.4002 52.5113 0.785398 0.0105083 0.618902 5.11808 0 0
57.3276 25.9719 53.2235 0.785102 0.0104211 0.619278 5.27454 0 0
56.6784 26.0924 54.0479 0.784662 0.0100861 0.619842 5.4643 0 0
55.9185 25.7628 55.0104 0.784136 0.00956285 0.620515 5.61778 0 0
55.4601 25.0572 55.5986 0.783605 0.00893366 0.621195 5.8782 0 0
55.1805 23.381 55.99 0.783153 0.00828516 0.621774 6.04695 0 0
55.2639 22.2787 55.8927 0.782846 0.0076928 0.622168 6.08706 0 0
55.3452 22.0478 55.7932 0.782725 0.00721445 0.622326 6.20852 0 0
54.9012 21.675 56.3464 0.782807 0.00689635 0.622227 6.42497 0 0
55.4438 20.5269 55.6825 0.783088 0.00678504 0.621874 6.59742 0 0
56.0294 19.8665 54.9515 0.783547 0.00692951 0.621294 6.76014 0 0
56.6923 19.6397 54.1182 0.784143 0.00736419 0.620536 6.91594 0 0
57.3419 19.6309 53.298 0.78482 0.00808127 0.619671 7.07351 0 0
57.9663 19.9607 52.5066 0.785503 0.00901192 0.618792 7.24311 0 0
58.4856 20.7264 51.8352 0.786113 0.010031 0.618002 7.49563 0 0
58.9334 22.2787 51.2503 0.786572 0.0109859 0.617401 7.68582 0 0
59.0201 23.5653 51.1205 0.786818 0.0117354 0.617073 7.90871 0 0
58.6949 25.0017 51.495 0.786811 0.0121781 0.617074 8.08092 0 0
58.2297 25.9138 52.0676 0.786537 0.0122651 0.617421 8.24532 0 0
57.6655 26.5762 52.7739 0.786015 0.0120005 0.618092 8.40202 0 0
57.0321 26.8707 53.5803 0.785293 0.011436 0.619019 8.67031 0 0
55.9291 26.6215 54.9869 0.784451 0.0106592 0.620099 8.82458 0 0
55.3969 26.0641 55.6661 0.783589 0.00977423 0.621203 9.04665 0 0
54.8843 24.8453 56.3347 0.782806 0.00888088 0.622202 9.23512 0 0
54.7283 23.6236 56.5505 0.782186 0.00806045 0.622993 9.41817 0 0
54.7772 22.4186 56.496 0.781783 0.00737144 0.623507 9.52045 0 0
54.8717 21.7587 56.3824 0.78162 0.00685133 0.623718 9.63972 0 0
54.4719 21.2996 56.8847 0.781693 0.00652057 0.62363 9.80547 0 0
54.8663 20.3989 56.403 0.781986 0.0063904 0.623264 10.0372 0 0
55.5685 19.3496 55.5368 0.782474 0.00647406 0.62265 10.1921 0 0
56.1715 19.0056 54.7792 0.783126 0.00679347 0.621826 10.4121 0 0
57.0819 18.8522 53.6322 0.783899 0.0073722 0.620844 10.614 0 0
57.9121 19.1079 52.5847 0.784739 0.00821405 0.619772 10.8073 0 0
58.6051 19.7604 51.6975 0.785576 0.00927795 0.618695 11.0135 0 0
59.1055 20.891 51.0441 0.786336 0.0104656 0.61771 11.2022 0 0
59.3855 22.0946 50.6723 0.786939 0.0116333 0.616922 11.4417 0 0
59.48 23.7278 50.5225 0.787314 0.0126229 0.616423 11.6299 0 0
59.2425 24.9727 50.7927 0.787418 0.0132964 0.616276 11.8829 0 0
58.602 26.3826 51.5764 0.787236 0.0135616 0.616503 12.1539 0 0
57.6534 27.428 52.7662 0.786787 0.0133855 0.617079 12.3088 0 0
57.0152 27.6161 53.5828 0.786121 0.012798 0.61794 12.4588 0 0
56.3911 27.6445 54.3777 0.785313 0.0118839 0.618985 12.7117 0 0
55.416 27.0479 55.6253 0.784452 0.0107686 0.620097 12.9479 0 0
54.7221 25.9539 56.5179 0.783633 0.00959966 0.621149 13.1468 0 0
54.3657 24.7641 56.985 0.782941 0.0085285 0.622037 13.3902 0 0
54.2657 23.1561 57.1281 0.782432 0.00769035 0.622689 13.5514 0 0
54.303 22.0914 57.0869 0.782131 0.0071856 0.623073 13.5533 0 0
54.3048 22.0791 57.0847 0.782043 0.00706891 0.623185 13.6731 0 0
53.8762 21.6848 57.6228 0.782161 0.00735073 0.623033 13.8986 0 0
53.7814 23.1625 57.7334 0.782478 0.00800651 0.622626 14.1033 0 0
53.871 24.503 57.6124 0.782982 0.00898374 0.621979 14.2696 0 0
54.0749 25.5458 57.3408 0.783644 0.0102028 0.621126 14.4896 0 0
54.4705 26.8469 56.8189 0.784416 0.0115582 0.620127 14.7357 0 0
55.2981 27.7781 55.7592 0.785236 0.0129278 0.619061 14.8961 0 0
55.8795 28.2786 55.0159 0.786042 0.0141888 0.618011 15.1031 0 0
56.7249 28.3702 53.9328 0.786779 0.0152323 0.617047 15.2571 0 0
57.3613 28.2917 53.1143 0.787403 0.0159718 0.616231 15.4169 0 0
58.0155 28.0667 52.2772 0.78788 0.0163496 0.615612 15.573 0 0
58.5619 27.4552 51.5972 0.788179 0.016342 0.615229 15.7365 0 0
59.0583 26.6739 50.9821 0.788279 0.0159601 0.615112 15.9341 0 0
59.5418 25.5635 50.3919 0.788169 0.0152432 0.615271 16.086 0 0
59.8905 24.6757 49.9672 0.787853 0.0142453 0.615698 16.2354 0 0
60.0105 23.6557 49.8408 0.78735 0.0130229 0.616369 16.417 0 0
59.9215 22.4099 49.9844 0.786691 0.0116342 0.617238 16.6204 0 0
59.696 21.0657 50.2932 0.785916 0.0101498 0.61825 16.8774 0 0
59.1696 19.5275 50.9829 0.785074 0.00866352 0.619341 17.1637 0 0
58.1488 18.4906 52.2931 0.784219 0.00728666 0.620441 17.3408 0 0
57.4455 18.1205 53.1829 0.783405 0.00612283 0.621481 17.5116 0 0
56.7406 17.9273 54.0699 0.782683 0.00523939 0.622398 17.7096 0 0
55.9502 18.3258 55.0576 0.782093 0.00465344 0.623145 17.8661 0 0
55.3398 18.7005 55.8222 0.781653 0.00433823 0.623698 18.017 0 0
54.8133 19.2442 56.4765 0.781358 0.00424065 0.624069 18.1839 0 0
54.4143 20.1434 56.9691 0.781179 0.00429713 0.624292 18.4243 0 0
53.8893 21.487 57.6076 0.78107 0.00444174 0.624427 18.4328 0 0
53.8761 21.5386 57.6236 0.780979 0.00460838 0.624539 18.4328 0 0
