69.7774 44.1476 35.7497 0.835346 -0.0137312 0.54955 0 1 1
70.2819 44.5175 34.9939 0.835767 -0.0125658 0.548941 0.293189 0 1
70.2367 43.3784 35.0338 0.8362 -0.0115268 0.548303 0.412865 0 1
69.7818 43.6286 35.7313 0.836607 -0.0106854 0.547699 0.517904 0 1
69.3875 43.3389 36.3227 0.836918 -0.0100754 0.547235 0.69142 0 1
69.6757 42.1772 35.8801 0.837066 -0.00966684 0.547016 0.894474 0 1
70.4757 42.2321 34.6516 0.837022 -0.00936548 0.547089 1.07007 0 1
70.7327 43.4001 34.2764 0.836825 -0.0090581 0.547395 1.31519 0 1
70.7128 45.1469 34.3403 0.836581 -0.00868667 0.547775 1.49303 0 1
70.1387 45.8052 35.2461 0.836422 -0.00829462 0.548024 1.6669 0 1
69.5291 45.2394 36.1557 0.836454 -0.00800047 0.547978 1.80969 0 1
69.3945 44.2264 36.3331 0.836723 -0.00791292 0.547569 1.91103 0 1
68.9804 44.232 36.9523 0.83721 -0.00804627 0.546823 2.10491 0 1
68.9734 42.7982 36.9364 0.837852 -0.00829161 0.545835 2.30412 0 1
69.2789 41.4169 36.5084 0.838563 -0.00846318 0.544739 2.46598 0 1
69.8711 41.1528 35.5768 0.839236 -0.00839674 0.543703 2.64193 0 1
70.5433 41.1659 34.5239 0.839742 -0.0080408 0.542926 2.80845 0 1
71.0415 41.9297 33.7704 0.839945 -0.00747447 0.54262 2.97035 0 1
71.1542 43.0563 33.6215 0.839725 -0.00683339 0.542969 3.21263 0 1
71.1846 44.764 33.5926 0.83901 -0.0061995 0.544081 3.40274 0 1
70.9982 46.0605 33.8939 0.837814 -0.00554338 0.545927 3.59623 0 1
70.3454 46.6855 34.9222 0.836276 -0.00476149 0.548289 3.8098 0 1
69.5253 46.5059 36.184 0.834662 -0.00377096 0.550749 3.99613 0 1
69.0729 45.4556 36.8438 0.833318 -0.00258547 0.552788 4.12389 0 1
68.9902 44.5514 36.9424 0.832561 -0.00132596 0.553932 4.22753 0 1
68.5715 44.6923 37.5689 0.832577 -0.000177527 0.553909 4.43944 0 1
68.6846 46.2401 37.3951 0.833367 0.000665559 0.55272 4.61447 0 1
69.027 47.3472 36.8912 0.834756 0.00103923 0.550618 4.80627 0 1
69.7945 47.5009 35.7567 0.836473 0.000835268 0.548007 4.96744 0 1
70.4276 47.5174 34.7859 0.83823 2.21138e-05 0.545316 5.10921 0 1
70.9728 47.521 33.9306 0.839798 -0.0013419 0.542897 5.28854 0 1
71.4422 46.6004 33.1874 0.841034 -0.00310728 0.540973 5.45445 0 1
71.5675 45.4562 32.9837 0.841875 -0.00504258 0.539649 5.68814 0 1
71.6077 43.807 32.922 0.842297 -0.00686126 0.53897 5.8345 0 1
71.5799 42.7836 32.9557 0.842286 -0.0082831 0.538967 5.99751 0 1
71.4668 41.6588 33.096 0.841834 -0.00912027 0.53966 6.15847 0 1
71.2531 40.5895 33.3966 0.840954 -0.0093359 0.541026 6.31723 0 1
70.6644 40.3404 34.312 0.839702 -0.00902654 0.542973 6.47684 0 1
70.0522 40.3253 35.2634 0.838178 -0.00834465 0.545333 6.61827 0 1
69.5114 40.3632 36.1153 0.836523 -0.00743197 0.547882 6.85815 0 1
68.6993 41.1796 37.3803 0.8349 -0.00641692 0.550364 7.04688 0 1
68.542 42.4931 37.5909 0.833487 -0.00545668 0.552511 7.21818 0 1
68.5302 43.7475 37.6163 0.832455 -0.00475827 0.554073 7.22866 0 1
68.5333 43.8249 37.613 0.831941 -0.00453945 0.554846 7.33449 0 1
68.0951 43.8785 38.2596 0.832021 -0.00495123 0.554722 7.47911 0 1
68.0849 42.8032 38.261 0.832691 -0.00601414 0.553706 7.64014 0 1
68.1307 41.6149 38.215 0.833862 -0.00759898 0.55192 7.8179 0 1
68.2991 40.3579 37.9704 0.835392 -0.00944885 0.549574 7.97561 0 1
68.7629 39.5969 37.2718 0.837116 -0.0112287 0.54691 8.24765 0 1
69.7814 39.5386 35.6607 0.838894 -0.0125948 0.544149 8.40296 0 1
70.3852 39.5066 34.7218 0.840624 -0.0132741 0.541456 8.54856 0 1
70.9447 39.5042 33.8506 0.842247 -0.0131311 0.538932 8.77957 0 1
71.7722 40.0061 32.5522 0.843719 -0.0121928 0.536647 8.94014 0 1
71.8897 41.1176 32.4116 0.844984 -0.0106185 0.534686 9.14279 0 1
71.9995 42.5321 32.2847 0.845954 -0.00862942 0.533187 9.29715 0 1
72.041 43.6064 32.2359 0.846497 -0.00643731 0.532355 9.48248 0 1
72.0271 44.8968 32.2577 0.846468 -0.00420099 0.532423 9.64852 0 1
71.9557 46.053 32.3617 0.845753 -0.0020195 0.533571 9.79814 0 1
71.8702 47.0978 32.492 0.844324 4.2831e-05 0.535833 9.94158 0 1
71.7409 48.0844 32.6977 0.842277 0.00191239 0.539041 10.093 0 1
71.2063 48.4215 33.5644 0.839823 0.00347411 0.542849 10.2494 0 1
70.6112 48.3863 34.491 0.837235 0.00458632 0.546824 10.4084 0 1
69.9881 48.3589 35.4473 0.834773 0.00513935 0.55057 10.5703 0 1
69.3471 48.403 36.4161 0.832631 0.00510441 0.553804 10.8362 0 1
68.337 47.6911 37.8642 0.830918 0.00452262 0.556376 11.0051 0 1
68.2174 46.4717 38.0583 0.829687 0.00344622 0.558218 11.1538 0 1
68.1726 45.3877 38.1455 0.828972 0.00189576 0.559287 11.3379 0 1
68.1033 44.0439 38.2503 0.828798 -0.0001229 0.559548 11.445 0 1
67.6652 44.2092 38.8944 0.829176 -0.00256343 0.558981 11.597 0 1
67.5796 43.074 39.0086 0.830086 -0.00530406 0.55761 11.8084 0 1
67.5913 41.494 39.0049 0.831464 -0.00816408 0.555519 12.0095 0 1
67.846 39.9373 38.6298 0.833206 -0.0109483 0.552854 12.1868 0 1
68.1227 38.7452 38.1975 0.83518 -0.0134731 0.549812 12.4092 0 1
69.0128 38.7275 36.8313 0.83724 -0.015558 0.546614 12.6589 0 1
69.9857 38.6719 35.3145 0.839265 -0.0170116 0.543456 12.7997 0 1
70.5301 38.6692 34.469 0.841172 -0.0176489 0.54048 12.9663 0 1
71.1604 38.7051 33.4778 0.842918 -0.0173482 0.537762 13.1909 0 1
71.9884 38.9298 32.1579 0.844487 -0.0161144 0.535334 13.3461 0 1
72.3652 39.7673 31.5986 0.845855 -0.0141045 0.533226 13.591 0 1
72.4021 41.4551 31.6106 0.846964 -0.0115942 0.531524 13.7482 0 1
72.4203 42.5561 31.6168 0.847702 -0.00890234 0.530398 13.9815 0 1
72.4422 44.1824 31.59 0.847912 -0.00631305 0.5301 14.1463 0 1
72.4196 45.3355 31.6175 0.847433 -0.00402081 0.530887 14.3003 0 1
72.394 46.4192 31.6486 0.846164 -0.00209914 0.532919 14.4513 0 1
72.39 47.4874 31.6465 0.844118 -0.000498876 0.536158 14.7096 0 1
71.9734 49.1311 32.3134 0.841453 0.00089966 0.54033 14.9402 0 1
71.1375 49.4402 33.6755 0.838449 0.00218151 0.544975 15.1815 0 1
70.2039 49.4167 35.1079 0.835448 0.00329615 0.54956 15.3711 0 1
69.4433 49.4376 36.259 0.832764 0.00403438 0.553613 15.6369 0 1
68.3547 49.1183 37.8328 0.830624 0.00410682 0.556819 15.8125 0 1
67.8489 48.1475 38.5527 0.829125 0.00327879 0.559054 15.962 0 1
67.7065 47.0595 38.7669 0.828238 0.00148494 0.560374 16.1107 0 1
67.6558 45.9465 38.8904 0.827833 -0.00113118 0.560973 16.2461 0 1
67.6334 44.9581 38.951 0.827714 -0.00426027 0.561134 16.3024 0 1
67.6426 44.5461 38.934 0.827655 -0.00752064 0.561177 16.3024 0 1
