70.4528 43.3439 35.7502 0.832401 0.00032859 0.554174 0 1 1
70.8789 43.7329 35.1116 0.83261 -0.000523392 0.55386 0.264397 0 1
70.8906 44.7572 35.0989 0.83282 -0.00131329 0.553543 0.433074 0 1
70.4606 43.822 35.7382 0.833027 -0.00209349 0.553228 0.524887 0 1
70.1061 43.999 36.2705 0.833226 -0.00293608 0.552925 0.673883 0 1
70.0994 42.9119 36.284 0.8334 -0.00386444 0.552656 0.873423 0 1
70.7362 42.092 35.3158 0.833531 -0.00481237 0.552452 1.08161 0 1
71.2763 43.1847 34.5164 0.833611 -0.00564851 0.552323 1.27081 0 1
71.2803 44.4976 34.5169 0.83367 -0.00625307 0.552227 1.45215 0 1
70.9292 45.5963 35.0617 0.833771 -0.00658383 0.552071 1.62312 0 1
70.2711 45.3671 36.0572 0.833992 -0.00667793 0.551736 1.76819 0 1
70.1221 44.3474 36.2558 0.834394 -0.00659827 0.55113 1.87051 0 1
69.7439 44.0445 36.8217 0.834985 -0.00638095 0.550235 2.04454 0 1
69.7468 42.7788 36.8173 0.835708 -0.00602869 0.549141 2.20447 0 1
69.9494 41.6958 36.5212 0.836429 -0.00554608 0.548048 2.46891 0 1
70.9525 41.3695 34.9799 0.836963 -0.00497693 0.547236 2.66491 0 1
71.5965 42.0866 34.0055 0.837126 -0.00440615 0.546993 2.8387 0 1
71.6725 43.2795 33.9163 0.836795 -0.0039229 0.547502 2.99557 0 1
71.6503 44.3565 33.9524 0.835973 -0.00358075 0.548759 3.25273 0 1
71.5141 46.1223 34.1546 0.834802 -0.00339644 0.55054 3.39963 0 1
70.985 46.4868 34.9803 0.833528 -0.00338815 0.552467 3.56573 0 1
70.3404 46.3509 35.9663 0.83243 -0.0036095 0.554118 3.69936 0 1
69.9065 45.7678 36.6071 0.831748 -0.00413637 0.555138 3.83477 0 1
69.7718 44.8073 36.7912 0.831624 -0.00500704 0.555316 3.92656 0 1
69.3934 44.8818 37.3387 0.832092 -0.00615725 0.554604 4.07566 0 1
69.3612 43.7696 37.3835 0.833082 -0.00739919 0.5531 4.33443 0 1
69.3839 41.8792 37.3616 0.834452 -0.00846776 0.551016 4.55335 0 1
69.993 40.7706 36.4285 0.836011 -0.00911456 0.548637 4.69227 0 1
70.5392 40.6611 35.5914 0.837551 -0.0091973 0.546282 4.91713 0 1
71.4063 40.7716 34.2569 0.838862 -0.00871869 0.544274 5.1259 0 1
71.9787 41.7903 33.3983 0.83975 -0.00780743 0.542917 5.28772 0 1
72.0423 42.9036 33.3328 0.840056 -0.00666498 0.542458 5.47328 0 1
72.0154 44.1775 33.384 0.839687 -0.00550261 0.543043 5.62452 0 1
72.0072 45.2176 33.3896 0.838651 -0.00448304 0.544651 5.86512 0 1
71.8323 46.8682 33.6522 0.837077 -0.00367998 0.547073 6.01183 0 1
71.299 47.1781 34.4856 0.835194 -0.00307316 0.549946 6.17425 0 1
70.6711 47.1812 35.4634 0.833283 -0.00258903 0.55284 6.39232 0 1
69.8175 46.9154 36.7468 0.831611 -0.00217411 0.555354 6.53239 0 1
69.4695 46.116 37.2418 0.830389 -0.00186078 0.557181 6.58604 0 1
69.4422 45.7248 37.2776 0.829745 -0.00178176 0.55814 6.6815 0 1
69.0386 45.6833 37.8575 0.829722 -0.00211969 0.558173 6.83416 0 1
69.0058 44.5465 37.9095 0.830287 -0.00301803 0.557327 7.03326 0 1
68.9819 43.0643 37.9501 0.831357 -0.00449542 0.55572 7.18144 0 1
68.9789 41.9828 37.9619 0.832819 -0.00639832 0.553508 7.32376 0 1
69.0654 40.9639 37.8408 0.834551 -0.0084126 0.550867 7.49156 0 1
69.5564 40.1558 37.0887 0.836434 -0.0101395 0.547974 7.63544 0 1
70.1042 39.9875 36.2322 0.838358 -0.0112178 0.545004 7.77553 0 1
70.6556 39.9606 35.3867 0.840208 -0.0114421 0.542144 8.04726 0 1
71.703 40.0427 33.7683 0.841842 -0.010819 0.539615 8.24058 0 1
72.3101 40.7916 32.8385 0.843085 -0.00953612 0.537695 8.44805 0 1
72.4089 42.2251 32.7379 0.843732 -0.00787292 0.536706 8.62982 0 1
72.4097 43.4787 32.7509 0.8436 -0.00610568 0.536938 8.85008 0 1
72.3818 45.0065 32.8002 0.842586 -0.00444083 0.538543 9.09028 0 1
72.3264 46.6745 32.8606 0.840732 -0.00298863 0.541443 9.28595 0 1
71.8713 47.7552 33.5896 0.838226 -0.00177474 0.545319 9.47977 0 1
71.139 47.9002 34.7427 0.835368 -0.000777512 0.549691 9.70104 0 1
70.2764 47.8568 36.0533 0.832481 2.72649e-05 0.554054 9.87602 0 1
69.5805 47.7199 37.0932 0.829843 0.000626529 0.557997 10.0444 0 1
69.109 46.848 37.7613 0.827653 0.000943062 0.56124 10.152 0 1
69.0654 46.0668 37.8224 0.826045 0.000838813 0.563603 10.2478 0 1
68.6582 45.9985 38.3973 0.825111 0.000164183 0.564971 10.4155 0 1
68.6323 44.7417 38.4551 0.824897 -0.00116391 0.565282 10.5894 0 1
68.6087 43.4586 38.4983 0.825398 -0.00310569 0.564543 10.7643 0 1
68.5871 42.176 38.5337 0.826543 -0.00550317 0.562847 10.9058 0 1
68.5901 41.1475 38.5305 0.828212 -0.0081362 0.560355 11.0409 0 1
68.7112 40.1801 38.3579 0.83026 -0.0107815 0.557272 11.1773 0 1
69.1199 39.5125 37.7392 0.832529 -0.0132334 0.553823 11.3158 0 1
69.6439 39.3255 36.9198 0.83487 -0.0152876 0.550235 11.4591 0 1
70.2077 39.2842 36.0501 0.837157 -0.0167259 0.546707 11.6041 0 1
70.775 39.2706 35.1774 0.839301 -0.0173399 0.54339 11.7459 0 1
71.3232 39.294 34.3344 0.841258 -0.0169962 0.540367 11.9301 0 1
72.0093 39.3543 33.2492 0.843007 -0.0157071 0.537673 12.1117 0 1
72.6204 39.9465 32.3016 0.844527 -0.0136564 0.535339 12.3335 0 1
72.7758 41.4727 32.1297 0.84576 -0.0111534 0.533447 12.5181 0 1
72.7785 42.7498 32.1558 0.846597 -0.00853675 0.532166 12.666 0 1
72.7889 43.773 32.1482 0.846885 -0.00607888 0.531742 12.8654 0 1
72.7467 45.1497 32.2043 0.846457 -0.00393752 0.532443 13.0259 0 1
72.7186 46.2701 32.2341 0.845198 -0.0021618 0.53445 13.1939 0 1
72.6987 47.452 32.2575 0.843102 -0.000726317 0.537754 13.4235 0 1
72.0618 48.5219 33.2823 0.840308 0.000434623 0.54211 13.5698 0 1
71.5187 48.6013 34.157 0.837083 0.00139764 0.547074 13.8053 0 1
70.6126 48.5756 35.5401 0.833762 0.00222067 0.552119 13.9675 0 1
69.9733 48.5529 36.5054 0.830662 0.00291862 0.556769 14.1372 0 1
69.2845 48.5133 37.5064 0.828013 0.00345432 0.560698 14.2895 0 1
68.8268 47.7639 38.1568 0.825928 0.00374251 0.563763 14.4477 0 1
68.6831 46.6507 38.3611 0.824429 0.00366043 0.565954 14.5631 0 1
68.1953 46.5172 39.0522 0.8235 0.00307148 0.567308 14.7203 0 1
68.1674 45.3441 39.1195 0.823131 0.00187042 0.567848 14.8736 0 1
68.1614 44.1882 39.145 0.82333 3.66902e-05 0.567562 15.0128 0 1
68.2087 43.152 39.0767 0.8241 -0.00233605 0.566439 15.1548 0 1
68.1394 42.1073 39.1793 0.825415 -0.0050547 0.564504 15.3251 0 1
68.0779 40.8547 39.2678 0.827204 -0.00787913 0.561846 15.4877 0 1
68.244 39.6831 39.0177 0.829361 -0.010586 0.558612 15.668 0 1
68.7791 38.7466 38.2098 0.831752 -0.0130087 0.554995 15.8465 0 1
69.4791 38.4627 37.1343 0.834236 -0.0150291 0.551203 16.0168 0 1
70.1549 38.5103 36.1041 0.836691 -0.0165319 0.547425 16.1876 0 1
70.8244 38.5318 35.0774 0.839029 -0.0173722 0.54381 16.3566 0 1
71.4683 38.6002 34.0777 0.841201 -0.0173982 0.540443 16.5097 0 1
72.0197 38.3506 33.1926 0.843193 -0.0165209 0.537357 16.729 0 1
72.8195 38.6919 31.9337 0.845004 -0.0147831 0.534556 16.9848 0 1
73.1112 40.3794 31.5376 0.846623 -0.0123815 0.532049 17.1965 0 1
73.1659 41.8498 31.5236 0.848009 -0.00962929 0.529894 17.3673 0 1
73.1292 43.0269 31.6008 0.849071 -0.00687679 0.528234 17.5198 0 1
73.2401 44.0508 31.4096 0.849669 -0.00442319 0.527298 17.7684 0 1
73.2215 45.7912 31.4217 0.849638 -0.00244939 0.527361 17.9802 0 1
73.0982 47.2653 31.6059 0.848824 -0.000992759 0.528674 18.1233 0 1
73.0304 48.2666 31.709 0.847137 2.92486e-05 0.531375 18.3143 0 1
72.5293 49.203 32.5253 0.844591 0.000758655 0.535412 18.481 0 1
71.915 49.2582 33.5189 0.841327 0.00132908 0.540526 18.6318 0 1
71.3724 49.5213 34.3881 0.837585 0.0018219 0.546304 18.8148 0 1
70.6739 49.322 35.4461 0.833647 0.00226091 0.552293 18.9634 0 1
70.0922 49.3861 36.323 0.829754 0.00263648 0.558124 19.1489 0 1
69.3481 49.384 37.4075 0.826047 0.0029368 0.563594 19.2925 0 1
68.7625 49.1883 38.2326 0.822549 0.00316737 0.568685 19.533 0 1
68.2883 47.6423 38.9159 0.819187 0.00335266 0.573517 19.5764 0 1
68.2697 47.3279 38.9453 0.815836 0.00352614 0.578266 19.5764 0 1
