13.6724 44.199 98.6992 0.333363 -0.004103 0.94279 0 1 1
14.9303 43.727 98.2213 0.358851 -0.00138828 0.933394 0.411707 0 1
15.9525 43.8318 97.7841 0.381909 0.00123664 0.924199 0.586087 0 1
16.9558 44.0031 97.3272 0.401241 0.00363342 0.915965 0.754136 0 1
17.9113 44.014 96.8707 0.415746 0.00565374 0.909463 0.918216 0 1
18.8126 43.8406 96.4086 0.424725 0.00721063 0.905294 1.11264 0 1
19.8692 43.82 95.8259 0.428025 0.00831439 0.903729 1.25668 0 1
19.302 44.445 96.1315 0.426067 0.0090427 0.904647 1.44321 0 1
18.271 44.5194 96.6833 0.419791 0.00947875 0.907571 1.6233 0 1
17.2671 44.5393 97.1758 0.41057 0.00968211 0.911778 1.83881 0 1
16.0456 44.521 97.749 0.400092 0.00971136 0.916424 2.0098 0 1
15.0685 44.4679 98.1577 0.390169 0.0096539 0.920693 2.17862 0 1
14.0932 44.4174 98.5512 0.382488 0.00961594 0.923911 2.29949 0 1
13.8557 45.1112 98.6377 0.378361 0.00968092 0.925607 2.52638 0 1
12.7246 44.4394 99.0235 0.378568 0.00987927 0.925521 2.72683 0 1
13.1471 43.2889 98.8803 0.383303 0.0101881 0.923566 2.94497 0 1
14.389 42.9656 98.438 0.392196 0.010544 0.919821 3.1237 0 1
15.4181 43.0201 98.0136 0.404367 0.0108595 0.914532 3.28987 0 1
16.3918 43.0776 97.5978 0.418514 0.011053 0.908143 3.45302 0 1
17.3296 43.102 97.157 0.433056 0.0110878 0.901299 3.61804 0 1
18.2805 43.0995 96.7014 0.446332 0.0109929 0.8948 3.79133 0 1
19.2243 43.038 96.192 0.456831 0.0108545 0.889487 3.97126 0 1
20.2124 43.0698 95.6443 0.46339 0.0107876 0.886089 4.13517 0 1
20.878 43.7068 95.2275 0.465371 0.0109014 0.885048 4.31001 0 1
20.7086 44.7999 95.306 0.462793 0.0112593 0.886395 4.46632 0 1
19.8795 45.1304 95.8017 0.456394 0.0118449 0.889699 4.6639 0 1
18.7993 45.1706 96.3849 0.447581 0.0125571 0.894155 4.84566 0 1
17.79 45.1696 96.9229 0.43821 0.0132533 0.898775 5.03372 0 1
16.7342 45.2122 97.424 0.430229 0.013816 0.902614 5.21738 0 1
15.7033 45.2094 97.8909 0.425282 0.0141962 0.904949 5.38093 0 1
14.78 45.1655 98.2651 0.4244 0.0144005 0.90536 5.50135 0 1
14.4796 45.8463 98.3711 0.427854 0.0144463 0.903732 5.66633 0 1
15.4331 45.8809 97.9851 0.435171 0.0143245 0.900234 5.89419 0 1
16.7299 45.9113 97.4228 0.445262 0.0139982 0.895291 6.0678 0 1
17.6919 45.8467 96.9645 0.456632 0.0134295 0.889554 6.33917 0 1
19.1665 45.8656 96.173 0.467614 0.0126159 0.883843 6.51789 0 1
20.1559 45.8377 95.6319 0.47662 0.0116152 0.879033 6.7015 0 1
21.1257 45.598 95.0655 0.482365 0.0105428 0.875907 6.89242 0 1
21.5052 44.5031 94.8283 0.484007 0.00953543 0.875012 7.06482 0 1
21.5329 43.4311 94.8263 0.481194 0.00869389 0.876571 7.22484 0 1
21.1641 42.535 95.0629 0.474001 0.00804115 0.880488 7.50222 0 1
19.6963 42.3049 95.9389 0.462821 0.00753284 0.88642 7.672 0 1
18.7739 42.3081 96.4474 0.448267 0.00711459 0.893872 7.84723 0 1
17.7885 42.3252 96.9518 0.431148 0.00678114 0.902256 8.01148 0 1
16.8591 42.3203 97.3919 0.412534 0.00659636 0.910918 8.17561 0 1
15.9127 42.2951 97.8212 0.393779 0.0066674 0.919181 8.33834 0 1
14.9832 42.2602 98.2168 0.376389 0.00708839 0.926435 8.51517 0 1
13.9689 42.2427 98.5879 0.36166 0.00787733 0.932277 8.69404 0 1
12.9302 42.3258 98.9558 0.35026 0.00893727 0.93661 8.90045 0 1
12.1057 43.2778 99.2336 0.342004 0.0100712 0.939645 9.08472 0 1
11.9926 44.3961 99.257 0.335982 0.011051 0.941804 9.27253 0 1
12.3368 45.4967 99.1392 0.330998 0.0116994 0.943559 9.47411 0 1
13.4811 45.8009 98.7602 0.326083 0.0119341 0.945266 9.62614 0 1
14.346 45.8385 98.425 0.320857 0.0117552 0.947055 9.74108 0 1
14.2106 46.5378 98.4621 0.315631 0.0112078 0.948816 9.97236 0 1
12.8708 46.5008 98.9557 0.311245 0.0103599 0.950273 10.157 0 1
11.7825 46.3925 99.3041 0.308773 0.00930996 0.95109 10.3257 0 1
11.2815 45.5044 99.4536 0.309221 0.00819104 0.950955 10.5297 0 1
11.2567 44.2381 99.4745 0.313307 0.0071448 0.949625 10.7303 0 1
11.4158 43.0093 99.4359 0.321361 0.00627046 0.946936 10.9237 0 1
11.7853 41.868 99.3499 0.333322 0.00558935 0.942797 11.2023 0 1
13.3526 41.5308 98.8056 0.348798 0.00505956 0.937184 11.3643 0 1
14.3171 41.5271 98.457 0.367159 0.00463597 0.930147 11.5361 0 1
15.3214 41.541 98.0906 0.387639 0.00433378 0.921801 11.7181 0 1
16.3254 41.5598 97.6398 0.409409 0.00425037 0.912341 11.8903 0 1
17.3015 41.5716 97.1974 0.431612 0.00452937 0.902048 12.0598 0 1
18.2442 41.5658 96.7178 0.453327 0.00528558 0.891329 12.2235 0 1
19.1733 41.5593 96.2348 0.473519 0.00653061 0.880759 12.4138 0 1
20.2086 41.6049 95.6404 0.491029 0.00814024 0.871105 12.5923 0 1
21.1736 41.702 95.061 0.504665 0.0098854 0.863259 12.7706 0 1
22.0503 42.151 94.5174 0.513394 0.0115149 0.858076 12.9844 0 1
22.1703 43.4594 94.4134 0.516541 0.0128475 0.856166 13.1622 0 1
22.1506 44.5626 94.3997 0.513936 0.013822 0.857717 13.3351 0 1
22.0571 45.6388 94.4378 0.50596 0.0144813 0.862435 13.5784 0 1
20.9871 46.4638 95.1306 0.493464 0.0149118 0.869638 13.7792 0 1
19.8914 46.5976 95.7619 0.477565 0.0151829 0.878465 14.0417 0 1
18.4466 46.5546 96.5476 0.459362 0.0153204 0.888117 14.2039 0 1
17.5476 46.5437 97.0273 0.439727 0.0153139 0.898001 14.4561 0 1
16.1464 46.5904 97.6767 0.419263 0.0151413 0.907739 14.6402 0 1
15.1074 46.5562 98.1012 0.398425 0.0147939 0.917082 14.6821 0 1
14.8615 46.5476 98.2008 0.377698 0.0142939 0.925819 14.7904 0 1
14.8493 47.2328 98.1961 0.357719 0.0137033 0.933729 15.0421 0 1
13.3728 47.213 98.7842 0.33931 0.0131173 0.940583 15.2405 0 1
12.2216 47.2265 99.1572 0.32342 0.0126405 0.946171 15.4116 0 1
11.2142 47.1585 99.4596 0.311001 0.0123511 0.950329 15.5886 0 1
10.5727 46.2789 99.6461 0.302855 0.0122717 0.952958 15.7818 0 1
10.5136 45.0856 99.6744 0.299504 0.0123699 0.954015 16.0044 0 1
10.612 43.6936 99.6601 0.301147 0.0125849 0.953495 16.2404 0 1
10.7728 42.2194 99.6275 0.307673 0.012863 0.951405 16.4071 0 1
11.1493 41.2502 99.5355 0.318715 0.0131781 0.947759 16.6013 0 1
12.221 40.8347 99.2146 0.333695 0.0135283 0.942584 16.855 0 1
13.6929 40.8057 98.6917 0.351877 0.0139116 0.935943 17.0172 0 1
14.6532 40.8097 98.3429 0.372433 0.0143059 0.927949 17.1913 0 1
15.657 40.8156 97.9567 0.39452 0.0146774 0.91877 17.3696 0 1
16.6546 40.8268 97.5056 0.41733 0.0150143 0.908631 17.5372 0 1
17.6104 40.8335 97.0576 0.440082 0.0153409 0.897827 17.7365 0 1
18.7263 40.821 96.4856 0.462001 0.0156835 0.886741 17.9062 0 1
19.6581 40.8331 95.9652 0.482277 0.0160102 0.875872 18.1029 0 1
20.7279 40.9151 95.3398 0.500051 0.0162114 0.865844 18.3485 0 1
22.0426 41.033 94.5321 0.514436 0.0161485 0.857377 18.5387 0 1
22.768 41.832 94.0249 0.524628 0.0157374 0.851186 18.819 0 1
22.7944 43.6182 93.9893 0.530032 0.015001 0.847845 18.9839 0 1
22.7521 44.6584 93.9818 0.530351 0.0140571 0.847662 19.1406 0 1
22.7103 45.6639 93.9854 0.525608 0.0130585 0.850627 19.3414 0 1
22.4068 46.8894 94.1703 0.516138 0.0121388 0.85642 19.541 0 1
21.3827 47.227 94.8491 0.502551 0.0113972 0.864473 19.7924 0 1
20.0212 47.3288 95.6838 0.48562 0.0109112 0.874102 19.9613 0 1
19.1095 47.2965 96.1807 0.46613 0.0107374 0.884651 20.1416 0 1
18.115 47.2468 96.7156 0.444767 0.010887 0.89558 20.4097 0 1
16.6249 47.2845 97.4543 0.422125 0.0112972 0.906467 20.6244 0 1
15.4134 47.2541 97.9706 0.398791 0.0118315 0.916965 20.7362 0 1
15.5463 47.9392 97.9125 0.375432 0.0123176 0.926768 20.8986 0 1
14.6067 47.9093 98.2878 0.352802 0.0126046 0.935613 21.1825 0 1
12.9498 47.9384 98.9123 0.33171 0.0126061 0.943297 21.4126 0 1
11.6176 47.9693 99.3301 0.312973 0.0123107 0.949682 21.6143 0 1
10.4092 47.9086 99.6671 0.297394 0.0117691 0.954682 21.7806 0 1
9.83633 47.0652 99.8338 0.285718 0.0110715 0.95825 22.0723 0 1
9.769 45.2542 99.8678 0.278539 0.0103186 0.960369 22.2624 0 1
9.83833 44.0599 99.855 0.276175 0.00958946 0.961059 22.4486 0 1
9.97231 42.8968 99.835 0.2786 0.00892622 0.960366 22.6762 0 1
10.0421 41.512 99.831 0.285491 0.0083465 0.958345 22.865 0 1
10.4961 40.4153 99.7251 0.296346 0.00787127 0.955048 23.0326 0 1
11.4734 40.1335 99.4437 0.310584 0.00754186 0.950516 23.2105 0 1
12.5432 40.0869 99.1123 0.327599 0.00741914 0.944788 23.3746 0 1
13.5016 40.0889 98.7694 0.346761 0.00757113 0.937923 23.5415 0 1
14.4865 40.0914 98.414 0.36744 0.00804693 0.930013 23.7121 0 1
15.4694 40.0898 98.0272 0.389048 0.00883652 0.921175 23.8806 0 1
16.4443 40.0937 97.6166 0.411084 0.0098437 0.911544 24.0494 0 1
17.3952 40.1013 97.1657 0.433123 0.0109121 0.901269 24.2113 0 1
18.319 40.0959 96.7134 0.454743 0.0118988 0.890543 24.3742 0 1
19.2123 40.0839 96.2272 0.475447 0.0127346 0.879652 24.5454 0 1
20.1387 40.1299 95.7024 0.494652 0.0134176 0.868988 24.7052 0 1
21.0021 40.182 95.1981 0.511744 0.0139567 0.859025 24.9789 0 1
22.4405 40.2265 94.2927 0.526155 0.0143254 0.850268 25.1563 0 1
23.2913 40.5433 93.6844 0.537378 0.0144661 0.843218 25.4142 0 1
23.4219 42.1757 93.5763 0.544972 0.0143318 0.838331 25.5893 0 1
23.4027 43.2696 93.5823 0.548597 0.0139275 0.835971 25.8434 0 1
23.3507 44.83 93.5619 0.548074 0.0133236 0.836324 26.0038 0 1
23.3152 45.8455 93.5633 0.543449 0.0126332 0.839347 26.2589 0 1
23.0099 47.3929 93.7525 0.534994 0.0119712 0.844771 26.464 0 1
22.0351 47.8875 94.4203 0.523185 0.0114187 0.852143 26.6918 0 1
20.8519 48.0191 95.1954 0.508655 0.0110119 0.8609 26.8542 0 1
19.9859 48.0416 95.6956 0.492117 0.0107494 0.870463 27.0343 0 1
19.0285 48.0126 96.2174 0.474245 0.0106061 0.880329 27.2082 0 1
18.0738 47.9517 96.731 0.455548 0.0105446 0.890149 27.3835 0 1
17.1147 47.9845 97.2119 0.43629 0.0105262 0.899745 27.5506 0 1
16.1962 48.0139 97.6392 0.416501 0.0105202 0.909074 27.6152 0 1
15.8332 47.9972 97.7953 0.396084 0.0105101 0.918154 27.7316 0 1
15.5474 48.6474 97.906 0.374977 0.0104883 0.926975 27.9319 0 1
14.3979 48.5873 98.367 0.353337 0.0104416 0.935438 28.1019 0 1
13.4127 48.6519 98.7262 0.33164 0.0103473 0.943349 28.2691 0 1
12.4195 48.6736 99.0783 0.31065 0.0101944 0.95047 28.4445 0 1
11.3965 48.7005 99.3856 0.291262 0.0100113 0.956591 28.6099 0 1
10.4038 48.7248 99.6575 0.274315 0.0098673 0.961589 28.8119 0 1
9.26898 48.2791 99.9597 0.260467 0.00983684 0.965433 28.9991 0 1
9.04377 47.1441 100.016 0.250186 0.00996073 0.968147 29.1635 0 1
9.05741 46.117 100.02 0.243808 0.010237 0.969769 29.4146 0 1
9.03983 44.5349 100.049 0.241578 0.0106416 0.970323 29.5948 0 1
9.19269 43.4327 100.016 0.243608 0.0111518 0.96981 29.7869 0 1
9.24473 42.2419 100.008 0.249821 0.0117503 0.968221 30.0191 0 1
9.3694 40.7777 100.006 0.259913 0.0124166 0.965552 30.2049 0 1
9.80113 39.7038 99.9115 0.273421 0.0131209 0.961805 30.3667 0 1
10.7131 39.3224 99.6808 0.289822 0.0138258 0.956981 30.575 0 1
11.9678 39.367 99.3059 0.308615 0.0144937 0.951077 30.75 0 1
12.9963 39.3756 98.9623 0.32935 0.0150932 0.944087 30.9185 0 1
13.9861 39.3733 98.608 0.351625 0.0156022 0.936011 31.0872 0 1
14.9728 39.3664 98.2271 0.375084 0.0160051 0.926853 31.2579 0 1
15.9753 39.3658 97.8319 0.399409 0.0162888 0.916628 31.4312 0 1
16.9654 39.3736 97.3814 0.424289 0.0164443 0.905378 31.5995 0 1
17.9202 39.3743 96.9291 0.44935 0.0164746 0.893204 31.7623 0 1
18.8252 39.3583 96.4481 0.474104 0.0164021 0.880316 31.996 0 1
20.0969 39.3927 95.7432 0.497942 0.0162653 0.867058 32.2079 0 1
21.2417 39.421 95.074 0.520208 0.0161051 0.853888 32.4077 0 1
22.2912 39.4204 94.4014 0.540276 0.015948 0.841337 32.6166 0 1
23.36 39.4568 93.6494 0.557587 0.0157959 0.829968 32.7933 0 1
23.9789 40.268 93.1871 0.571617 0.0156302 0.820372 32.9936 0 1
24.0302 41.5332 93.1264 0.581858 0.0154299 0.813144 33.1874 0 1
23.9993 42.7567 93.1335 0.587846 0.0151871 0.80883 33.3837 0 1
23.9562 43.9909 93.1343 0.589233 0.0149108 0.807825 33.6652 0 1
23.9071 45.7772 93.1391 0.58587 0.0146237 0.810273 33.8733 0 1
23.8506 47.0807 93.1525 0.577866 0.014363 0.816006 34.064 0 1
23.5254 48.185 93.3695 0.565641 0.0141758 0.82453 34.2707 0 1
22.5282 48.5899 94.0765 0.549994 0.0140969 0.83505 34.4646 0 1
21.5067 48.7059 94.7664 0.53215 0.0141206 0.846533 34.6856 0 1
20.3451 48.7935 95.4931 0.513742 0.0141922 0.857827 34.9173 0 1
19.1225 48.7319 96.16 0.496669 0.0142368 0.867823 35.1732 0 1
17.7189 48.6778 96.9134 0.482833 0.0142038 0.875597 35.3897 0 1
16.5253 48.7212 97.4722 0.473828 0.0140903 0.880505 35.4645 0 1
16.1095 48.7278 97.6652 0.470675 0.0139203 0.882197 35.6104 0 1
15.9805 49.6161 97.7077 0.473678 0.0137092 0.880591 35.7787 0 1
16.9176 49.5935 97.2731 0.482417 0.0134593 0.875838 36.0142 0 1
18.2356 49.5073 96.6276 0.495847 0.0131966 0.86831 36.1516 0 1
19.2386 49.6302 96.0894 0.512474 0.0130049 0.858604 36.2797 0 1
20.4759 49.6296 95.39 0.530587 0.0130119 0.84753 36.446 0 1
22.0209 49.3693 94.4199 0.548518 0.0133296 0.836033 36.6479 0 1
23.0907 49.5024 93.6694 0.564879 0.0139922 0.825055 36.7723 0 1
23.922 49.4438 93.0716 0.578724 0.014934 0.815387 36.946 0 1
24.5223 48.4284 92.5814 0.589569 0.0160153 0.80756 37.0872 0 1
24.5553 47.1654 92.5875 0.597311 0.0170721 0.801828 37.2253 0 1
24.5008 45.9564 92.6679 0.602063 0.0179605 0.798246 37.4122 0 1
24.6511 44.7029 92.571 0.603973 0.0185771 0.796788 37.5434 0 1
24.7327 43.5689 92.5425 0.6031 0.0188639 0.797443 37.6891 0 1
24.7737 42.1851 92.5354 0.599395 0.0188057 0.800232 37.8155 0 1
24.8022 40.9678 92.5515 0.592783 0.0184248 0.805152 37.9411 0 1
24.7628 39.7823 92.6078 0.583253 0.0177686 0.812096 38.0842 0 1
24.3637 38.7706 92.9303 0.570919 0.0168943 0.820832 38.3038 0 1
23.2783 38.433 93.7391 0.555998 0.0158616 0.831032 38.442 0 1
22.2109 38.6597 94.4635 0.538775 0.0147395 0.842321 38.6335 0 1
21.2125 38.4382 95.1148 0.519572 0.0136174 0.854318 38.7602 0 1
20.1864 38.4129 95.7045 0.498737 0.0125946 0.866662 38.8679 0 1
19.255 38.4389 96.2324 0.476616 0.0117435 0.879033 38.9789 0 1
18.3386 38.4494 96.7189 0.453496 0.0110712 0.89119 39.0921 0 1
17.4189 38.455 97.1913 0.429559 0.0105204 0.902978 39.2754 0 1
16.3953 38.4604 97.6522 0.40489 0.0100157 0.91431 39.4568 0 1
15.341 38.4616 98.1018 0.379603 0.00952032 0.9251 39.6321 0 1
14.3321 38.4654 98.49 0.354016 0.00905874 0.935195 39.8008 0 1
13.3342 38.4699 98.8632 0.328764 0.0086976 0.944372 39.983 0 1
12.2733 38.4573 99.2168 0.304732 0.00850347 0.9524 40.1728 0 1
11.1382 38.403 99.5676 0.282849 0.00850457 0.959127 40.4018 0 1
9.76809 38.4201 99.9244 0.26385 0.00867559 0.964525 40.5836 0 1
8.84154 39.0774 100.144 0.248172 0.00895344 0.968675 40.7631 0 1
8.46297 40.1237 100.209 0.235985 0.00927332 0.971713 40.9332 0 1
8.38973 41.191 100.215 0.227322 0.00959893 0.973772 41.1567 0 1
8.2625 42.5803 100.223 0.222215 0.009925 0.974947 41.4433 0 1
8.13502 44.3732 100.237 0.220765 0.0102529 0.975273 41.6781 0 1
8.1052 45.8373 100.224 0.22314 0.0105605 0.974729 41.9013 0 1
8.10269 47.2481 100.211 0.229464 0.0107893 0.973257 42.0617 0 1
8.21857 48.2423 100.178 0.239679 0.0108597 0.970791 42.286 0 1
8.83434 49.4902 100.043 0.253439 0.0107028 0.967292 42.4719 0 1
9.91422 49.6797 99.7679 0.270114 0.010287 0.962773 42.6323 0 1
10.8813 49.561 99.526 0.288917 0.00962505 0.957306 42.8009 0 1
11.8707 49.5584 99.2326 0.309071 0.0087608 0.950999 43.0601 0 1
13.381 49.4966 98.7376 0.329951 0.00774883 0.943966 43.2833 0 1
14.6684 49.5808 98.2573 0.351133 0.00663974 0.936302 43.3467 0 1
15.027 49.6219 98.1144 0.37236 0.00547639 0.928072 43.4494 0 1
15.6069 49.6219 97.87 0.393438 0.00429755 0.919321 43.4494 0 1
