-23.8395 -44.0879 96.0284 -0.652447 0.00276627 0.757793 0 1 1
-23.183 -43.4632 96.5515 -0.645879 0.00227563 0.763436 0.336291 0 1
-22.3628 -43.4828 97.1638 -0.640932 0.00193092 0.767595 0.503606 0 1
-22.0292 -44.432 97.4092 -0.637428 0.00183239 0.770508 0.742915 0 1
-23.216 -44.5484 96.5338 -0.634467 0.00204568 0.772947 0.847239 0 1
-23.7053 -44.4912 96.1428 -0.630994 0.00255177 0.775783 0.976134 0 1
-23.6616 -45.2637 96.1812 -0.626349 0.00322668 0.779536 1.15477 0 1
-24.4 -44.8092 95.5382 -0.620579 0.00387643 0.784134 1.37903 0 1
-24.6063 -43.4217 95.365 -0.614378 0.00431615 0.789 1.64528 0 1
-23.4627 -42.7368 96.3344 -0.608712 0.00445373 0.793379 1.94082 0 1
-22.0139 -42.7865 97.4171 -0.604309 0.00433218 0.796738 2.15209 0 1
-21.2032 -43.6381 97.9629 -0.60127 0.00410292 0.799035 2.36426 0 1
-21.3714 -44.9303 97.8575 -0.59902 0.00394165 0.800725 2.53319 0 1
-22.1678 -45.2874 97.3119 -0.596614 0.00396069 0.802519 2.79236 0 1
-23.4602 -45.3115 96.3489 -0.593246 0.00417651 0.80501 2.80584 0 1
-23.5248 -45.3156 96.3005 -0.588697 0.00454389 0.808341 2.93714 0 1
-23.5725 -46.0976 96.2594 -0.583511 0.00501515 0.81209 3.11981 0 1
-22.6859 -46.0974 96.93 -0.578861 0.0055753 0.815407 3.32055 0 1
-21.6775 -46.0626 97.6573 -0.576148 0.00623561 0.817321 3.51969 0 1
-20.7281 -45.6113 98.3019 -0.576513 0.00699892 0.817058 3.79939 0 1
-20.4792 -43.9588 98.432 -0.580446 0.0078248 0.814261 4.05557 0 1
-20.6411 -42.4304 98.3142 -0.587641 0.00861983 0.809076 4.23471 0 1
-21.4914 -42.0303 97.759 -0.59713 0.0092614 0.802091 4.42288 0 1
-22.4348 -41.962 97.095 -0.607617 0.00963959 0.794171 4.62475 0 1
-23.4581 -41.9504 96.3291 -0.617891 0.00968701 0.786204 4.82222 0 1
-24.366 -42.0465 95.5452 -0.627177 0.00937873 0.77882 5.03735 0 1
-25.1667 -42.8943 94.8592 -0.635331 0.00871579 0.772191 5.20171 0 1
-25.216 -43.925 94.8262 -0.642744 0.0077233 0.766042 5.38887 0 1
-25.1073 -45.0811 94.9261 -0.649984 0.00647654 0.759921 5.55999 0 1
-24.5757 -45.8704 95.3915 -0.657342 0.00512909 0.753575 5.72054 0 1
-23.8277 -46.0707 96.0373 -0.664573 0.0039008 0.747213 5.85566 0 1
-23.6849 -46.8822 96.1701 -0.670948 0.00301342 0.741499 6.17496 0 1
-25.1616 -46.6738 94.8937 -0.675507 0.00261028 0.737349 6.35494 0 1
-25.6409 -45.779 94.4328 -0.677306 0.00271566 0.735696 6.52692 0 1
-25.7746 -44.7016 94.322 -0.675548 0.00325987 0.737309 6.69639 0 1
-25.8443 -43.6417 94.2621 -0.669675 0.00413914 0.742643 6.88205 0 1
-25.7712 -42.4746 94.309 -0.659488 0.00525362 0.751696 7.04825 0 1
-25.4551 -41.5386 94.5741 -0.64529 0.00650166 0.76391 7.24612 0 1
-24.5498 -41.1947 95.3691 -0.627964 0.00776139 0.778204 7.47238 0 1
-23.4583 -41.1623 96.3195 -0.608924 0.00890082 0.793179 7.74952 0 1
-22.0916 -41.1742 97.3305 -0.589928 0.00981719 0.807396 7.95452 0 1
-21.0188 -41.226 98.066 -0.57283 0.010468 0.819608 8.13189 0 1
-20.111 -41.4455 98.6101 -0.55929 0.0108618 0.828901 8.31507 0 1
-19.8078 -42.5236 98.8149 -0.550511 0.0110187 0.834755 8.4982 0 1
-19.7878 -43.643 98.846 -0.547047 0.0109402 0.83703 8.66469 0 1
-19.7803 -44.6518 98.8505 -0.548803 0.0106176 0.835884 8.84318 0 1
-19.8881 -45.7253 98.8012 -0.555223 0.010068 0.831641 9.04786 0 1
-20.5071 -46.75 98.4583 -0.565546 0.00935659 0.824664 9.21996 0 1
-21.3424 -46.8765 97.9005 -0.578991 0.00858437 0.815289 9.49512 0 1
-22.706 -46.8953 96.9256 -0.594805 0.00785067 0.803832 9.56966 0 1
-23.0671 -46.8991 96.651 -0.612223 0.00721269 0.790652 9.69808 0 1
-23.0502 -47.685 96.6623 -0.630402 0.00666192 0.77624 9.85945 0 1
-23.8515 -47.6658 96.0382 -0.648344 0.00613487 0.761323 10.0757 0 1
-24.8648 -47.6127 95.1577 -0.664882 0.00555668 0.746928 10.2981 0 1
-25.8737 -47.3648 94.1921 -0.678785 0.00489274 0.734321 10.4479 0 1
-26.1557 -46.4502 93.9029 -0.688968 0.00417646 0.72478 10.6241 0 1
-26.2843 -45.2898 93.7925 -0.694686 0.0034963 0.719305 10.7923 0 1
-26.3616 -44.2324 93.6753 -0.695607 0.00295025 0.718416 10.9512 0 1
-26.3852 -43.1624 93.6637 -0.691759 0.00259824 0.722123 11.1256 0 1
-26.3304 -42.0326 93.7402 -0.683413 0.00244601 0.730028 11.3159 0 1
-26.0513 -40.9188 94.029 -0.670989 0.00247134 0.741463 11.5434 0 1
-25.0764 -40.4205 94.9094 -0.655049 0.0026688 0.755582 11.7268 0 1
-24.2047 -40.3509 95.6636 -0.63633 0.003073 0.771411 11.8863 0 1
-23.4432 -40.3692 96.3211 -0.615794 0.00373976 0.787899 12.0548 0 1
-22.6222 -40.3862 96.9403 -0.594603 0.00470133 0.804006 12.2369 0 1
-21.7076 -40.3891 97.6065 -0.574046 0.00592689 0.818801 12.45 0 1
-20.6064 -40.4095 98.3208 -0.555425 0.00730845 0.831535 12.6212 0 1
-19.7154 -40.5033 98.8355 -0.539952 0.00867875 0.841651 12.79 0 1
-19.1039 -41.2774 99.1852 -0.52864 0.0098617 0.848789 13.0291 0 1
-19.0546 -42.7777 99.2345 -0.522137 0.0107418 0.852794 13.216 0 1
-19.0564 -43.9335 99.2555 -0.520506 0.0113157 0.853783 13.4594 0 1
-19.1218 -45.4185 99.2459 -0.523042 0.0116896 0.852227 13.6262 0 1
-19.2236 -46.4206 99.1925 -0.528272 0.012024 0.84899 13.7861 0 1
-19.5547 -47.3329 99.0276 -0.534224 0.0124609 0.845251 14.0281 0 1
-20.7882 -47.6308 98.2745 -0.53888 0.013074 0.842281 14.2661 0 1
-21.9958 -47.6652 97.4658 -0.540658 0.0138508 0.841129 14.325 0 1
-22.2894 -47.6698 97.2535 -0.538755 0.0147023 0.842334 14.4529 0 1
-22.3807 -48.4454 97.2087 -0.533251 0.0154941 0.845815 14.662 0 1
-21.3331 -48.4382 97.9234 -0.524964 0.0160886 0.850972 14.8594 0 1
-20.3151 -48.4247 98.6003 -0.515159 0.0163764 0.856938 15.0467 0 1
-19.321 -48.3306 99.1746 -0.505209 0.0162841 0.862844 15.2381 0 1
-18.6009 -47.5072 99.5623 -0.496364 0.0157744 0.867971 15.4584 0 1
-18.4381 -46.1778 99.6155 -0.489671 0.0148555 0.871781 15.6365 0 1
-18.3683 -45.07 99.6222 -0.486006 0.0135821 0.87385 15.8052 0 1
-18.3127 -44.0124 99.6496 -0.486125 0.0120295 0.873807 16.0166 0 1
-18.3374 -42.7065 99.6296 -0.49064 0.0102605 0.871302 16.2286 0 1
-18.312 -41.413 99.6131 -0.49994 0.00832957 0.86602 16.3993 0 1
-18.4576 -40.3433 99.5364 -0.5141 0.0063278 0.857707 16.6006 0 1
-19.3863 -39.6508 99.0214 -0.532841 0.00440984 0.846204 16.7722 0 1
-20.3017 -39.5561 98.501 -0.555502 0.00275554 0.831511 16.9719 0 1
-21.3119 -39.5791 97.8603 -0.581033 0.00149537 0.813878 17.2273 0 1
-22.5921 -39.5905 96.9594 -0.608066 0.000670466 0.793887 17.4455 0 1
-23.6583 -39.5699 96.1453 -0.635059 0.00025949 0.772463 17.6177 0 1
-24.4493 -39.5633 95.4593 -0.660499 0.000239744 0.750827 17.8733 0 1
-25.6502 -39.6816 94.3837 -0.683052 0.000626457 0.73037 18.0364 0 1
-26.3694 -39.8861 93.6902 -0.701668 0.00145744 0.712502 18.2697 0 1
-26.7934 -41.188 93.221 -0.715628 0.00273716 0.698477 18.441 0 1
-26.9192 -42.2473 93.0659 -0.724545 0.00439684 0.689214 18.6729 0 1
-26.9261 -43.7391 93.045 -0.728357 0.00631847 0.685169 18.8289 0 1
-26.8861 -44.7716 93.1084 -0.727289 0.00840101 0.686279 18.9853 0 1
-26.7851 -45.8147 93.2533 -0.72181 0.0105923 0.69201 19.1709 0 1
-26.7126 -47.0025 93.3203 -0.712557 0.0128452 0.701497 19.3246 0 1
-26.5962 -48.0031 93.4865 -0.700231 0.0150416 0.713758 19.5173 0 1
-25.774 -48.4237 94.3218 -0.685483 0.0169687 0.727891 19.6998 0 1
-24.8902 -48.4064 95.1373 -0.668805 0.0183833 0.743211 19.8712 0 1
-24.0621 -48.4487 95.8694 -0.650493 0.0191188 0.759272 20.0367 0 1
-23.2561 -48.4674 96.5168 -0.630707 0.0191608 0.775785 20.1037 0 1
-22.9202 -48.4572 96.7819 -0.609633 0.0186486 0.792465 20.2572 0 1
-22.7517 -49.387 96.9609 -0.58766 0.0178122 0.808912 20.4284 0 1
-21.8504 -49.3906 97.5918 -0.565457 0.0168793 0.824605 20.6167 0 1
-20.8813 -49.357 98.2484 -0.543891 0.0159929 0.839004 20.8098 0 1
-19.8774 -49.3594 98.8743 -0.523856 0.0151778 0.851672 20.9863 0 1
-18.9484 -49.3865 99.4182 -0.5061 0.0143711 0.862355 21.1869 0 1
-18.0658 -48.6805 99.8509 -0.491134 0.013493 0.87098 21.3541 0 1
-17.8268 -47.6914 99.9562 -0.479246 0.0125077 0.877592 21.5473 0 1
-17.6718 -46.5006 100.009 -0.470589 0.0114424 0.882278 21.7461 0 1
-17.6869 -45.2181 99.9745 -0.465308 0.0103731 0.885088 21.9359 0 1
-17.4703 -44.0488 100.076 -0.463619 0.00939669 0.885985 22.1 0 1
-17.6546 -43.0517 99.9767 -0.465812 0.00858995 0.884842 22.262 0 1
-17.5511 -42.0477 100.025 -0.472168 0.00795459 0.881473 22.4255 0 1
-17.4345 -41.0317 100.069 -0.482841 0.00737404 0.875677 22.6825 0 1
-17.7528 -39.4337 99.8963 -0.497766 0.00663063 0.867286 22.8653 0 1
-18.5968 -38.8104 99.4642 -0.51662 0.0055012 0.856197 23.1642 0 1
-20.1879 -38.7171 98.5681 -0.538833 0.00388136 0.842404 23.3329 0 1
-21.0381 -38.7005 98.0163 -0.563633 0.00185257 0.826023 23.5782 0 1
-22.3136 -38.6915 97.1649 -0.590092 -0.000349175 0.807336 23.7637 0 1
-23.2283 -38.6692 96.4779 -0.61717 -0.00241952 0.786826 23.9431 0 1
-24.1073 -38.6129 95.7913 -0.643758 -0.00405116 0.765219 24.1117 0 1
-24.9505 -38.6658 95.0418 -0.668755 -0.00495531 0.743467 24.2975 0 1
-25.7911 -38.6725 94.2557 -0.691174 -0.00488158 0.722672 24.4556 0 1
-26.4779 -38.8858 93.557 -0.710247 -0.00367815 0.703943 24.6418 0 1
-27.1134 -39.5615 92.8405 -0.725462 -0.0013729 0.688261 24.8934 0 1
-27.376 -41.1432 92.5526 -0.736507 0.00178756 0.676428 25.0627 0 1
-27.5316 -42.191 92.3377 -0.743199 0.00538551 0.669049 25.2551 0 1
-27.5349 -43.4116 92.3149 -0.745474 0.00895362 0.666474 25.5039 0 1
-27.4593 -45.0445 92.4086 -0.743442 0.0121156 0.668691 25.6487 0 1
-27.368 -46.0289 92.5712 -0.737432 0.0146854 0.675261 25.8381 0 1
-27.3546 -47.3278 92.6119 -0.727996 0.0166877 0.685378 26.082 0 1
-27.0458 -49.0467 93.0362 -0.715815 0.0182975 0.69805 26.2837 0 1
-26.1745 -49.3761 93.9567 -0.701584 0.019735 0.712313 26.4831 0 1
-25.2284 -49.2402 94.855 -0.685895 0.02117 0.727393 26.6614 0 1
-24.379 -49.2366 95.6096 -0.669186 0.022675 0.742749 26.8306 0 1
-23.581 -49.3602 96.2899 -0.651771 0.024237 0.758028 26.8782 0 1
-23.3486 -49.3602 96.4876 -0.633758 0.0257989 0.772787 26.8782 0 1
