-30.9785 -43.9196 88.5035 -0.845235 0.0197039 0.53401 0 1 1
-30.4265 -43.7085 89.3775 -0.834157 0.0164198 0.551283 0.451607 0 1
-29.6453 -43.6447 90.552 -0.824186 0.0140702 0.566144 0.65541 0 1
-29.0388 -44.0303 91.4141 -0.81627 0.0127302 0.577531 0.846049 0 1
-28.3724 -44.1792 92.2603 -0.811111 0.0122296 0.584765 0.999251 0 1
-27.7796 -43.7711 93.0016 -0.808968 0.0123011 0.587725 1.04888 0 1
-27.7096 -44.0704 93.0974 -0.809558 0.0126522 0.586904 1.20911 0 1
-28.3188 -44.3987 92.3335 -0.812121 0.0129975 0.583344 1.39159 0 1
-29.063 -44.44 91.3786 -0.8156 0.0131299 0.578467 1.66556 0 1
-29.953 -44.4915 90.1123 -0.818838 0.0130167 0.573877 1.90888 0 1
-30.6739 -44.5646 89.0094 -0.820738 0.0128163 0.571161 1.99819 0 1
-30.9279 -44.4747 88.6067 -0.820361 0.0127587 0.571703 2.1199 0 1
-31.105 -45.0643 88.3532 -0.816974 0.0129649 0.576529 2.35375 0 1
-30.4322 -45.1765 89.4152 -0.810072 0.0133421 0.586178 2.59803 0 1
-29.7011 -45.089 90.4636 -0.799408 0.0136288 0.600633 2.81317 0 1
-29.0136 -45.1262 91.4454 -0.785054 0.0135442 0.61928 2.99571 0 1
-28.3872 -45.0687 92.2854 -0.767493 0.0129336 0.640927 3.16424 0 1
-27.704 -44.9531 93.1491 -0.747726 0.0118234 0.663902 3.35903 0 1
-26.8914 -44.9635 94.051 -0.727318 0.0103713 0.686222 3.54408 0 1
-26.0496 -45.0165 94.9137 -0.708317 0.00876291 0.70584 3.77598 0 1
-24.9609 -45.032 95.9129 -0.692967 0.00712493 0.720935 3.94322 0 1
-24.1602 -45.0351 96.6023 -0.683251 0.00550965 0.730163 4.15577 0 1
-23.1098 -44.8318 97.422 -0.680433 0.00395498 0.732799 4.41045 0 1
-22.9764 -43.2376 97.5194 -0.68477 0.00256172 0.728755 4.65364 0 1
-24.1579 -42.9534 96.6043 -0.695478 0.00151139 0.718546 4.96029 0 1
-25.5609 -42.9664 95.381 -0.710951 0.00100086 0.703241 5.13904 0 1
-26.3805 -43.0597 94.6245 -0.729139 0.00114476 0.684365 5.37972 0 1
-27.3642 -43.0693 93.5051 -0.747998 0.00191138 0.663698 5.58347 0 1
-28.2006 -43.1772 92.4902 -0.765864 0.00311261 0.642995 5.75029 0 1
-28.8804 -43.1451 91.6438 -0.78163 0.00443734 0.623727 5.98487 0 1
-29.6698 -43.0279 90.5185 -0.794713 0.0055341 0.60696 6.23865 0 1
-30.4233 -42.9462 89.3513 -0.804891 0.00614792 0.593391 6.55721 0 1
-31.3661 -43.0567 87.9033 -0.812092 0.00624852 0.583496 6.74401 0 1
-31.7646 -43.7779 87.3319 -0.816226 0.00604102 0.577701 6.99441 0 1
-31.4378 -44.9672 87.829 -0.817097 0.00582909 0.576471 7.1344 0 1
-31.4765 -45.7209 87.79 -0.814409 0.00583852 0.580262 7.37797 0 1
-30.7708 -45.8224 88.8874 -0.80786 0.00614186 0.589342 7.62113 0 1
-30.0575 -45.8284 89.9366 -0.797271 0.00671015 0.603584 7.83911 0 1
-29.3766 -45.8167 90.9015 -0.782699 0.00749423 0.622356 8.03027 0 1
-28.7516 -45.792 91.8362 -0.764518 0.00844172 0.644547 8.28519 0 1
-27.8378 -45.7164 93.0424 -0.743468 0.00945729 0.668705 8.56045 0 1
-26.6938 -45.7208 94.2859 -0.720668 0.0103795 0.693203 8.74893 0 1
-25.8523 -45.7272 95.1103 -0.697605 0.0110181 0.716398 8.95066 0 1
-24.8963 -45.7378 95.9673 -0.67602 0.0112268 0.736798 9.11742 0 1
-24.0911 -45.7391 96.6518 -0.657704 0.0109544 0.753197 9.28546 0 1
-23.2511 -45.7181 97.3196 -0.64425 0.0102425 0.764746 9.47701 0 1
-22.4309 -45.0937 97.9275 -0.636851 0.00918697 0.770932 9.68095 0 1
-22.2106 -43.8412 98.0685 -0.636151 0.00790921 0.771524 9.84496 0 1
-22.3114 -42.8248 97.9992 -0.642181 0.0065679 0.766525 10.0494 0 1
-23.2063 -42.2976 97.3361 -0.654361 0.00538599 0.756163 10.2747 0 1
-24.32 -42.2381 96.4713 -0.671562 0.00462813 0.740934 10.4992 0 1
-25.3288 -42.2553 95.589 -0.692212 0.00450468 0.72168 10.6972 0 1
-26.2287 -42.2997 94.7673 -0.714466 0.00506324 0.699651 10.8736 0 1
-26.9911 -42.3411 93.9551 -0.73647 0.00615995 0.676443 11.0777 0 1
-27.8117 -42.3835 92.9802 -0.756649 0.00754019 0.653778 11.3073 0 1
-28.7503 -42.3765 91.8219 -0.773946 0.00896962 0.633188 11.4761 0 1
-29.3358 -42.3424 90.9791 -0.787894 0.0103232 0.615724 11.6873 0 1
-29.9991 -42.284 89.9806 -0.798546 0.0115747 0.601823 11.9542 0 1
-30.7797 -42.2154 88.7487 -0.806313 0.012699 0.591353 12.2382 0 1
-31.6576 -42.3636 87.4666 -0.811783 0.0135731 0.583801 12.4297 0 1
-32.1316 -42.9673 86.7873 -0.815557 0.0139745 0.578507 12.6268 0 1
-32.2066 -44.0186 86.6895 -0.8181 0.0136987 0.574912 12.8677 0 1
-32.1179 -45.3139 86.8591 -0.819612 0.0127002 0.572778 13.0309 0 1
-31.6665 -45.6945 87.5146 -0.819948 0.0111373 0.57233 13.1814 0 1
-31.9117 -46.3975 87.1907 -0.818633 0.00929624 0.574242 13.3709 0 1
-31.3357 -46.4732 88.0258 -0.81499 0.00747594 0.579426 13.5648 0 1
-30.7711 -46.5069 88.8856 -0.808325 0.0059132 0.588707 13.7605 0 1
-30.186 -46.5075 89.7262 -0.798088 0.00475599 0.602522 13.948 0 1
-29.606 -46.5057 90.5587 -0.783995 0.00405134 0.620754 14.2778 0 1
-28.5586 -46.4882 92.1312 -0.766116 0.00374022 0.642691 14.4653 0 1
-27.8675 -46.4599 93.0347 -0.744959 0.00367903 0.6671 14.7018 0 1
-26.8817 -46.4381 94.0854 -0.721506 0.00369473 0.692399 14.8636 0 1
-26.1671 -46.4328 94.8031 -0.697165 0.0036508 0.716902 15.1187 0 1
-24.9752 -46.4341 95.9009 -0.673613 0.00349001 0.739076 15.3927 0 1
-23.6499 -46.4477 97.0458 -0.652583 0.0032378 0.757711 15.5624 0 1
-22.8184 -46.4239 97.6693 -0.635642 0.00297612 0.771978 15.737 0 1
-21.9936 -46.0766 98.2329 -0.624026 0.0028019 0.781399 15.9342 0 1
-21.6837 -44.9012 98.4431 -0.618516 0.00276949 0.785767 16.1782 0 1
-21.6072 -43.4025 98.4927 -0.619376 0.00282713 0.785089 16.3462 0 1
-21.6821 -42.3883 98.4415 -0.626357 0.00279951 0.779531 16.6161 0 1
-22.8406 -41.6264 97.6165 -0.638785 0.00247164 0.769381 16.8208 0 1
-23.8211 -41.5434 96.8532 -0.655694 0.00174753 0.755024 17.0775 0 1
-25.0189 -41.5566 95.8534 -0.675917 0.0007657 0.736977 17.274 0 1
-25.9195 -41.5851 95.0544 -0.698111 -0.000131359 0.715989 17.4382 0 1
-26.623 -41.6055 94.3322 -0.720785 -0.000561942 0.693158 17.6093 0 1
-27.3766 -41.6392 93.5242 -0.742407 -0.000291553 0.669949 17.7799 0 1
-28.0581 -41.675 92.6942 -0.761624 0.000676002 0.648018 17.9547 0 1
-28.7581 -41.6689 91.8129 -0.777509 0.00214429 0.628868 18.135 0 1
-29.3768 -41.6382 90.8962 -0.789713 0.00385711 0.613464 18.369 0 1
-30.0972 -41.5437 89.7896 -0.798458 0.0056223 0.602024 18.5518 0 1
-30.6366 -41.5016 88.9422 -0.804377 0.00735407 0.594074 18.7988 0 1
-31.4073 -41.5628 87.8196 -0.808277 0.00903192 0.588733 19.0964 0 1
-32.303 -41.8963 86.5273 -0.810932 0.0106345 0.585044 19.3264 0 1
-32.6123 -43.0164 86.1071 -0.812936 0.0121048 0.582228 19.6833 0 1
-32.6249 -44.9473 86.1321 -0.814641 0.0133548 0.579812 19.9083 0 1
-32.4723 -46.1285 86.3832 -0.816113 0.0142874 0.577716 20.0914 0 1
-31.9281 -46.3967 87.167 -0.817081 0.0148217 0.576332 20.2491 0 1
-32.1828 -47.1304 86.8289 -0.816936 0.0149216 0.576535 20.4381 0 1
-31.609 -47.158 87.6614 -0.814818 0.0146189 0.579532 20.6503 0 1
-30.9686 -47.1936 88.5817 -0.809808 0.014012 0.586527 20.8426 0 1
-30.3953 -47.197 89.4217 -0.801129 0.0132341 0.598345 21.0279 0 1
-29.829 -47.1937 90.247 -0.788293 0.0123981 0.615174 21.3169 0 1
-28.941 -47.2016 91.5875 -0.771178 0.0115439 0.636515 21.6219 0 1
-27.8802 -47.1857 93.0268 -0.750057 0.0106295 0.661288 21.8355 0 1
-26.9782 -47.1662 93.9807 -0.725599 0.0095861 0.688051 22.0149 0 1
-26.1805 -47.1366 94.792 -0.698829 0.00840247 0.71524 22.2531 0 1
-25.0664 -47.1378 95.8276 -0.671056 0.00717571 0.741372 22.4597 0 1
-24.0779 -47.1557 96.6817 -0.643807 0.00608706 0.765163 22.7105 0 1
-22.8667 -47.1549 97.6402 -0.618746 0.00531491 0.785573 22.9137 0 1
-21.8611 -46.9726 98.3244 -0.597544 0.00494289 0.801821 23.0785 0 1
-21.2045 -46.2982 98.7733 -0.581679 0.00492565 0.813404 23.2486 0 1
-21.0964 -45.2669 98.841 -0.572206 0.00512512 0.820094 23.447 0 1
-21.04 -44.0547 98.8631 -0.569631 0.0053676 0.821883 23.6322 0 1
-20.99 -42.9186 98.8857 -0.573911 0.00546835 0.818899 23.9122 0 1
-21.3382 -41.2838 98.6536 -0.584574 0.00523343 0.811323 24.0816 0 1
-22.1393 -40.9585 98.1 -0.600864 0.00450064 0.799339 24.2607 0 1
-23.0317 -40.8842 97.4663 -0.621843 0.00324194 0.783135 24.4562 0 1
-23.9755 -40.832 96.7344 -0.646399 0.0016562 0.762998 24.6377 0 1
-24.8112 -40.8454 96.0372 -0.67317 0.00014769 0.739488 24.8577 0 1
-25.8123 -40.8848 95.146 -0.700536 -0.000829639 0.713617 25.0234 0 1
-26.531 -40.8967 94.4309 -0.726764 -0.000964236 0.686886 25.3083 0 1
-27.761 -40.9262 93.0942 -0.750281 -0.00019129 0.661119 25.4896 0 1
-28.4834 -40.9639 92.21 -0.76993 0.00132986 0.638127 25.6568 0 1
-29.0688 -40.9729 91.3691 -0.785116 0.00331299 0.61934 25.8468 0 1
-29.6596 -40.9037 90.471 -0.795808 0.00545241 0.605524 26.0503 0 1
-30.2372 -40.8311 89.5337 -0.80245 0.00750894 0.596672 26.3136 0 1
-31.0556 -40.8101 88.319 -0.805818 0.0093543 0.59209 26.5241 0 1
-31.7031 -40.879 87.3758 -0.806856 0.0109567 0.590647 26.7175 0 1
-32.2895 -40.9393 86.5214 -0.8065 0.0123224 0.591106 27.0297 0 1
-32.9924 -42.1559 85.5928 -0.805511 0.0134412 0.592428 27.2229 0 1
-33.0576 -43.1867 85.5362 -0.804372 0.0142743 0.593954 27.5073 0 1
-33.0683 -44.6918 85.5562 -0.80327 0.0147819 0.595432 27.7074 0 1
-33.0431 -45.7719 85.5991 -0.802174 0.0149574 0.596903 27.8966 0 1
-32.9117 -46.7714 85.8222 -0.800957 0.0148443 0.598537 28.0444 0 1
-32.4552 -47.0028 86.437 -0.799512 0.0145282 0.600475 28.2041 0 1
-32.6209 -47.8333 86.2407 -0.797835 0.0141114 0.602711 28.459 0 1
-33.3659 -47.3132 85.2216 -0.796086 0.0136799 0.605029 28.6499 0 1
-33.4755 -46.3024 85.0513 -0.794597 0.0132765 0.606993 28.8501 0 1
-33.4994 -45.2137 85.0096 -0.79381 0.0128935 0.60803 29.0585 0 1
-33.4939 -44.0733 85.0066 -0.794164 0.0124895 0.607575 29.2593 0 1
-33.4889 -43.0019 84.9875 -0.795945 0.0120151 0.605249 29.4604 0 1
-33.452 -41.933 85.0122 -0.799124 0.0114258 0.601058 29.6506 0 1
-33.3706 -40.9288 85.0968 -0.803234 0.0106794 0.595568 29.862 0 1
-32.8207 -40.2328 85.7787 -0.807361 0.00974336 0.589977 30.0916 0 1
-32.0962 -40.1803 86.7913 -0.810304 0.00863455 0.585947 30.2912 0 1
-31.4891 -40.1434 87.6774 -0.810848 0.00746551 0.585209 30.4811 0 1
-30.9074 -40.0858 88.5166 -0.80803 0.00644224 0.589106 30.6746 0 1
-30.3062 -40.1044 89.3918 -0.801275 0.00578307 0.598268 30.9745 0 1
-29.4331 -40.225 90.8272 -0.790414 0.00559871 0.612547 31.2025 0 1
-28.7342 -40.252 91.8499 -0.775615 0.00581896 0.63118 31.3866 0 1
-28.1079 -40.2239 92.7037 -0.757264 0.00622736 0.653079 31.565 0 1
-27.3618 -40.1966 93.5373 -0.735871 0.00658513 0.67709 31.7364 0 1
-26.6225 -40.1868 94.3385 -0.712036 0.00675691 0.702111 31.9021 0 1
-25.8804 -40.1831 95.0571 -0.686499 0.00675392 0.727099 32.1556 0 1
-24.6974 -40.1458 96.1196 -0.660208 0.0066787 0.751053 32.3232 0 1
-23.9004 -40.1406 96.7953 -0.634312 0.00662593 0.773049 32.4969 0 1
-23.0694 -40.1654 97.4354 -0.610061 0.00661688 0.792327 32.6847 0 1
-22.1358 -40.2041 98.1021 -0.588649 0.00661061 0.808362 32.8715 0 1
-21.1925 -40.3819 98.7217 -0.57108 0.00656426 0.820868 33.021 0 1
-20.5505 -40.9195 99.1122 -0.558125 0.00647381 0.829731 33.1986 0 1
-20.3852 -41.9953 99.2297 -0.550339 0.00636184 0.834917 33.4447 0 1
-20.3919 -43.4897 99.2485 -0.548063 0.00624777 0.836414 33.6411 0 1
-20.4833 -44.6699 99.1994 -0.551383 0.00614934 0.834229 33.8273 0 1
-20.5103 -45.8204 99.1976 -0.560105 0.00610561 0.828399 34.0199 0 1
-20.6938 -47.0004 99.0807 -0.573812 0.00616955 0.818964 34.2326 0 1
-21.662 -47.7374 98.4747 -0.591968 0.00636205 0.805937 34.415 0 1
-22.6037 -47.8443 97.8312 -0.613935 0.00664337 0.789328 34.6581 0 1
-23.7773 -47.8764 96.9351 -0.638879 0.00694018 0.769276 34.8226 0 1
-24.559 -47.8314 96.2742 -0.665645 0.00719585 0.746234 35.0059 0 1
-25.4373 -47.8279 95.5102 -0.692776 0.00739461 0.721115 35.2068 0 1
-26.3537 -47.852 94.6353 -0.718701 0.00755441 0.695278 35.4233 0 1
-27.309 -47.9055 93.644 -0.742039 0.00771285 0.670312 35.6084 0 1
-28.1035 -47.9 92.7428 -0.761857 0.00791484 0.647697 35.8272 0 1
-28.937 -47.8938 91.5962 -0.777796 0.00819416 0.628464 36.1012 0 1
-29.851 -47.883 90.239 -0.790033 0.00855231 0.613005 36.308 0 1
-30.498 -47.8912 89.2955 -0.799109 0.00895703 0.601119 36.528 0 1
-31.152 -47.894 88.3192 -0.805697 0.0093736 0.592254 36.7201 0 1
-31.7385 -47.8611 87.4818 -0.810374 0.00980682 0.585831 36.9339 0 1
-32.3959 -47.8632 86.5496 -0.813441 0.0103141 0.581556 37.0719 0 1
-32.4782 -48.5935 86.4548 -0.81483 0.0109784 0.579596 37.2902 0 1
-31.7966 -48.5609 87.4061 -0.81414 0.0118682 0.580548 37.6215 0 1
-30.7883 -48.6084 88.8724 -0.81078 0.0130099 0.585207 37.829 0 1
-30.1729 -48.5848 89.7911 -0.804186 0.0143722 0.594204 38.0262 0 1
-29.5681 -48.5735 90.673 -0.794 0.0158573 0.60771 38.2124 0 1
-28.9717 -48.5756 91.5459 -0.78016 0.0173128 0.62534 38.3858 0 1
-28.3555 -48.5801 92.3959 -0.762861 0.0185759 0.646296 38.5632 0 1
-27.6279 -48.6298 93.3223 -0.742461 0.019531 0.669604 38.7283 0 1
-26.9201 -48.6101 94.085 -0.719422 0.0201366 0.694281 38.9497 0 1
-25.9135 -48.5305 95.0907 -0.694321 0.0204033 0.719376 39.1215 0 1
-25.1106 -48.507 95.8138 -0.667904 0.0203496 0.743969 39.2969 0 1
-24.2841 -48.5276 96.5231 -0.641106 0.0199805 0.767192 39.5231 0 1
-23.1846 -48.5821 97.4215 -0.614984 0.0193045 0.788303 39.7073 0 1
-22.2678 -48.5323 98.0775 -0.590589 0.0183606 0.806764 40.0217 0 1
-20.6515 -48.3278 99.1403 -0.568858 0.0172244 0.822255 40.1978 0 1
-19.953 -47.6054 99.5581 -0.550564 0.015992 0.834639 40.3654 0 1
-19.9201 -46.5646 99.5564 -0.536346 0.0147498 0.843869 40.5471 0 1
-19.8609 -45.4446 99.5724 -0.526756 0.0135367 0.849909 40.7735 0 1
-19.7899 -44.0589 99.6109 -0.522257 0.0123072 0.8527 40.9916 0 1
-19.7467 -42.7372 99.6193 -0.523138 0.0109214 0.852178 41.1707 0 1
-19.7591 -41.6533 99.5868 -0.52941 0.00918672 0.848316 41.3512 0 1
-19.8339 -40.5487 99.5353 -0.540732 0.00694872 0.841166 41.5306 0 1
-20.3487 -39.6193 99.2314 -0.556454 0.00418922 0.830868 41.7518 0 1
-21.5113 -39.5253 98.5132 -0.575757 0.00107362 0.81762 41.9833 0 1
-22.6971 -39.4725 97.7135 -0.597842 -0.00208126 0.801611 42.1729 0 1
-23.607 -39.4547 97.0227 -0.622056 -0.00490086 0.782957 42.3497 0 1
-24.4414 -39.4524 96.338 -0.647821 -0.00706145 0.76176 42.5244 0 1
-25.2659 -39.4727 95.6339 -0.674435 -0.00836928 0.738287 42.7021 0 1
-26.0507 -39.4832 94.8846 -0.700908 -0.00878562 0.713197 42.868 0 1
-26.8149 -39.4799 94.1399 -0.725995 -0.00839744 0.687649 43.0374 0 1
-27.5176 -39.4881 93.3685 -0.748414 -0.00735588 0.663191 43.1973 0 1
-28.1945 -39.5116 92.6157 -0.76712 -0.0058186 0.641477 43.4219 0 1
-28.9939 -39.5347 91.4817 -0.781498 -0.00392454 0.623895 43.6767 0 1
-29.7427 -39.4723 90.3021 -0.791441 -0.00180276 0.611243 43.9579 0 1
-30.5694 -39.3613 89.0053 -0.797307 0.000406814 0.603574 44.1753 0 1
-31.2476 -39.4002 88.0193 -0.799796 0.00254581 0.600267 44.3839 0 1
-31.8891 -39.4262 87.09 -0.799794 0.00445411 0.600258 44.6848 0 1
-32.8173 -39.4418 85.7667 -0.798228 0.0060054 0.602326 44.9372 0 1
-33.6482 -39.7453 84.7159 -0.795959 0.00714374 0.605309 45.1439 0 1
-33.8418 -40.8019 84.4981 -0.793719 0.00789811 0.608234 45.3706 0 1
-33.8959 -42.0082 84.4563 -0.792054 0.00836296 0.610394 45.5958 0 1
-33.9145 -43.2087 84.4558 -0.791261 0.00865676 0.611418 45.8385 0 1
-33.9255 -44.5054 84.4658 -0.791337 0.00888232 0.611316 46.0677 0 1
-33.9538 -45.7429 84.4426 -0.792009 0.00910066 0.610441 46.2692 0 1
-33.9209 -46.8375 84.4885 -0.792853 0.00931893 0.609341 46.4558 0 1
-33.8125 -47.8393 84.6415 -0.793457 0.00949784 0.608552 46.7268 0 1
-33.0249 -48.5156 85.7015 -0.793551 0.00958255 0.608428 46.8351 0 1
-32.686 -48.5659 86.1695 -0.793058 0.00954322 0.609071 47.002 0 1
-32.9845 -49.3087 85.7729 -0.792059 0.00940192 0.610372 47.2438 0 1
-33.7596 -49.1802 84.7357 -0.790722 0.00923472 0.612105 47.4254 0 1
-34.2486 -48.5941 84.1044 -0.789242 0.00914982 0.614014 47.6526 0 1
-34.4792 -47.4114 83.785 -0.787815 0.00924424 0.615842 47.8371 0 1
-34.3987 -46.4047 83.8862 -0.78667 0.00955057 0.617299 48.0623 0 1
-34.4575 -45.1838 83.805 -0.786099 0.010003 0.61802 48.3035 0 1
-34.4291 -43.8789 83.8192 -0.786445 0.0104506 0.617572 48.5375 0 1
-34.4107 -42.6192 83.8194 -0.788032 0.0107171 0.615541 48.7593 0 1
-34.3782 -41.4264 83.8451 -0.791031 0.0106746 0.611683 48.975 0 1
-34.3289 -40.2775 83.8807 -0.795303 0.0102859 0.606124 49.1706 0 1
-34.1519 -39.272 84.0657 -0.800262 0.00959265 0.599574 49.4487 0 1
-33.3457 -38.5417 85.0697 -0.804865 0.00865961 0.593395 49.7879 0 1
-32.2818 -38.4819 86.5128 -0.807809 0.00751943 0.589397 50.0243 0 1
-31.569 -38.6778 87.5481 -0.807834 0.00616021 0.589378 50.2265 0 1
-30.9523 -38.6457 88.4431 -0.803996 0.00456737 0.594617 50.5429 0 1
-29.9957 -38.4807 89.866 -0.795798 0.00279131 0.605555 50.7959 0 1
-29.2916 -38.6604 91.036 -0.783177 0.000989911 0.621799 51.0167 0 1
-28.6219 -38.6821 92.0206 -0.766409 -0.000594416 0.642352 51.3279 0 1
-27.4896 -38.7013 93.4125 -0.746005 -0.00172014 0.665938 51.5127 0 1
-26.707 -38.7153 94.2615 -0.722615 -0.00224288 0.691247 51.6901 0 1
-25.9391 -38.7033 95.0225 -0.696992 -0.00216042 0.717075 51.8563 0 1
-25.1771 -38.677 95.726 -0.669988 -0.00158628 0.74237 52.033 0 1
-24.3577 -38.6687 96.4333 -0.642548 -0.000683102 0.766246 52.2264 0 1
-23.432 -38.6627 97.1529 -0.615665 0.000398382 0.788008 52.406 0 1
-22.5453 -38.6592 97.8239 -0.59029 0.00155241 0.80719 52.6278 0 1
-21.4383 -38.6315 98.5432 -0.567226 0.00272639 0.823557 52.8228 0 1
-20.4038 -38.765 99.1836 -0.547069 0.00391115 0.837078 53.0072 0 1
-19.4139 -39.0073 99.7644 -0.530229 0.00511395 0.847839 53.1951 0 1
-19.0793 -40.0997 99.9591 -0.517011 0.00631933 0.855955 53.4671 0 1
-18.9954 -41.759 100.024 -0.507693 0.00746162 0.861506 53.7513 0 1
-19.1208 -43.4603 99.9682 -0.502552 0.00843892 0.864506 53.9317 0 1
-19.2109 -44.563 99.9311 -0.501832 0.00917188 0.864917 54.183 0 1
-19.1154 -46.1116 100 -0.505656 0.00966643 0.862681 54.3862 0 1
-19.2667 -47.3601 99.94 -0.513953 0.0100232 0.85776 54.5507 0 1
-19.3189 -48.3748 99.9335 -0.526424 0.0103709 0.850159 54.7325 0 1
-20.1153 -49.021 99.4847 -0.542609 0.0107685 0.839917 54.9358 0 1
-21.168 -49.2855 98.8402 -0.562023 0.0111574 0.827046 55.1057 0 1
-22.0225 -49.4054 98.256 -0.584264 0.0114052 0.811484 55.2718 0 1
-22.8799 -49.5142 97.6696 -0.608968 0.0114021 0.793113 55.5016 0 1
-23.9756 -49.3641 96.8032 -0.63563 0.0111347 0.771913 55.6605 0 1
-24.7433 -49.3615 96.1592 -0.663407 0.010695 0.748183 55.8318 0 1
-25.5466 -49.3457 95.4618 -0.691083 0.0102344 0.722703 56.0095 0 1
-26.3417 -49.2935 94.6976 -0.717253 0.00989689 0.696743 56.281 0 1
-27.5067 -49.5131 93.4509 -0.740631 0.0097657 0.671841 56.4451 0 1
-28.1959 -49.3751 92.6584 -0.760327 0.00984603 0.649466 56.6075 0 1
-28.801 -49.3487 91.8126 -0.775978 0.0100838 0.63068 56.7741 0 1
-29.3759 -49.3336 90.9639 -0.787734 0.0104038 0.615927 57.0943 0 1
-30.4319 -49.3031 89.4184 -0.796165 0.0107447 0.604985 57.3754 0 1
-31.2769 -49.4892 88.1715 -0.802124 0.0110756 0.597055 57.6399 0 1
-32.0912 -49.3333 87.0104 -0.806633 0.0113935 0.590943 57.7915 0 1
-32.5576 -49.4987 86.3647 -0.810748 0.0117071 0.585272 57.7915 0 1
-26.7365 -44.3527 94.2295 -0.760366 0.00274734 0.649489 57.9712 1 1
-26.0784 -43.7199 94.9058 -0.73971 0.00178198 0.672923 58.1765 0 1
-25.1028 -43.6149 95.7935 -0.722597 0.000807715 0.69127 58.3148 0 1
-24.4492 -43.6479 96.3577 -0.710894 -0.000149928 0.703299 58.4668 0 1
-23.8277 -44.1711 96.8665 -0.705417 -0.00105801 0.708791 58.6266 0 1
-24.601 -44.4069 96.2246 -0.705838 -0.00189552 0.708371 58.7907 0 1
-25.3604 -44.1479 95.5703 -0.71086 -0.00266465 0.703329 59.0355 0 1
-26.4528 -44.3916 94.535 -0.718575 -0.00338861 0.695441 59.0633 0 1
-26.5794 -44.3983 94.4137 -0.725961 -0.00409607 0.685853 59.0633 0 1
