73.082 -43.8196 37.6504 0.824105 -0.0118478 0.566313 0 1 1
73.686 -43.7423 36.761 0.825065 -0.0112325 0.564926 0.354817 0 1
73.796 -42.3679 36.6204 0.82598 -0.0105107 0.563601 0.622451 0 1
73.1572 -43.839 37.5405 0.82677 -0.00966415 0.562457 0.731543 0 1
73.1811 -44.5942 37.4897 0.82729 -0.00873388 0.561708 0.901929 0 1
73.8516 -44.5121 36.5018 0.827337 -0.00781475 0.561651 1.05617 0 1
74.3329 -43.8403 35.7988 0.826721 -0.00702797 0.562569 1.27724 0 1
74.3731 -42.3056 35.7651 0.825366 -0.00649051 0.564561 1.45097 0 1
74.1877 -41.1671 36.0448 0.8234 -0.00629567 0.567427 1.53475 0 1
73.8701 -41.1074 36.5193 0.821138 -0.00650602 0.570692 1.77842 0 1
73.2056 -42.2906 37.495 0.818963 -0.00714812 0.573802 1.97622 0 1
72.5024 -42.8731 38.5063 0.817144 -0.00819203 0.576376 2.24598 0 1
71.4555 -43.3945 39.9311 0.815721 -0.00951537 0.578367 2.41875 0 1
71.0335 -44.3603 40.4783 0.814492 -0.0108871 0.580073 2.6102 0 1
71.8195 -44.5611 39.4407 0.813122 -0.0120136 0.58197 2.80912 0 1
72.6054 -44.5323 38.329 0.811318 -0.0126394 0.584468 2.82708 0 1
72.6771 -44.5305 38.2247 0.808989 -0.0126383 0.587689 2.9407 0 1
72.6941 -45.3275 38.1667 0.806318 -0.0120389 0.59136 3.08844 0 1
72.0936 -45.3366 39.0273 0.803739 -0.0109792 0.59488 3.29472 0 1
71.2496 -45.2872 40.1913 0.801805 -0.00963419 0.597508 3.4723 0 1
70.5119 -45.103 41.1494 0.801 -0.00815477 0.598609 3.61967 0 1
70.2092 -44.2115 41.5395 0.801577 -0.00663433 0.597854 3.83493 0 1
70.5432 -42.8305 41.1219 0.803489 -0.00509825 0.595298 4.01782 0 1
71.3021 -42.6032 40.1442 0.806421 -0.00351106 0.591331 4.17069 0 1
71.9291 -42.4003 39.3322 0.809924 -0.00180141 0.586532 4.38205 0 1
72.6826 -41.8923 38.254 0.813549 9.4544e-05 0.581496 4.55199 0 1
73.2152 -41.2241 37.4824 0.81695 0.00217947 0.576704 4.70494 0 1
73.6286 -40.4614 36.8785 0.819929 0.00435265 0.572449 4.90809 0 1
74.0968 -39.3581 36.1701 0.822426 0.00640797 0.568835 5.05309 0 1
74.5975 -38.9362 35.4248 0.824488 0.0080837 0.565821 5.34391 0 1
74.6627 -36.9767 35.2817 0.826209 0.00914335 0.56329 5.51919 0 1
74.594 -35.8102 35.3374 0.827677 0.00944755 0.561126 5.54314 0 1
74.6673 -35.7217 35.2257 0.828938 0.00898538 0.559269 5.72287 0 1
74.7273 -36.9218 35.1853 0.829981 0.0078572 0.557736 5.88675 0 1
74.7314 -38.0132 35.2213 0.830745 0.00622719 0.556618 6.03808 0 1
74.7332 -39.0148 35.2224 0.831142 0.00427658 0.556044 6.21721 0 1
74.7523 -40.2241 35.1951 0.831102 0.00217758 0.556116 6.38993 0 1
74.7846 -41.3996 35.1463 0.830633 8.30993e-05 0.55682 6.56684 0 1
74.829 -42.6084 35.0735 0.829852 -0.00188137 0.557981 6.74408 0 1
74.8395 -43.8225 35.0394 0.828965 -0.00362448 0.559289 6.90085 0 1
74.7038 -44.8813 35.2371 0.828217 -0.00508599 0.560385 7.15755 0 1
73.7322 -45.3018 36.6642 0.827808 -0.00622416 0.560976 7.36582 0 1
72.8919 -45.3391 37.8812 0.827845 -0.00700464 0.560913 7.48118 0 1
72.743 -46.122 38.0784 0.828315 -0.00739962 0.560214 7.67263 0 1
73.5126 -46.0959 36.9827 0.829113 -0.00739324 0.559032 7.86994 0 1
74.2901 -46.0333 35.8263 0.830078 -0.00697946 0.557604 8.01548 0 1
74.8612 -45.857 34.9859 0.831034 -0.00614835 0.556188 8.21812 0 1
75.2672 -44.6576 34.3865 0.831832 -0.00488045 0.555006 8.37559 0 1
75.2868 -43.5749 34.3695 0.83238 -0.00317449 0.554197 8.532 0 1
75.2703 -42.5012 34.403 0.832662 -0.00110277 0.553781 8.75513 0 1
75.235 -40.9682 34.4625 0.832733 0.00115027 0.553674 8.91807 0 1
75.2237 -39.8507 34.4789 0.832688 0.00330907 0.553732 9.08407 0 1
75.2064 -38.7155 34.5039 0.832627 0.00508406 0.553811 9.23962 0 1
75.1819 -37.6628 34.5462 0.832617 0.0062582 0.553814 9.4154 0 1
75.1663 -36.5068 34.5243 0.832687 0.00673597 0.553703 9.59445 0 1
75.1564 -35.3247 34.478 0.832833 0.00654136 0.553486 9.75394 0 1
75.1744 -34.2584 34.4242 0.833031 0.00578241 0.553196 9.91469 0 1
75.195 -33.1953 34.3846 0.833261 0.0046081 0.552861 10.0755 0 1
75.1887 -32.1462 34.3969 0.833509 0.00317436 0.552496 10.2438 0 1
75.2037 -31.0662 34.3717 0.833776 0.00162365 0.552101 10.4039 0 1
75.2107 -30.0479 34.3562 0.834068 7.48858e-05 0.551662 10.6431 0 1
75.1294 -28.5325 34.4829 0.834396 -0.00138065 0.551164 10.8468 0 1
75.1826 -27.2386 34.4117 0.834767 -0.00268015 0.550596 11.0163 0 1
75.1642 -26.1612 34.4505 0.835186 -0.00378739 0.549954 11.1764 0 1
75.2233 -25.1474 34.3721 0.835651 -0.00468838 0.549241 11.3357 0 1
75.2142 -24.1362 34.3975 0.836152 -0.00538565 0.548472 11.5023 0 1
75.1853 -23.0793 34.4561 0.836678 -0.00589255 0.547663 11.7445 0 1
75.2066 -21.5437 34.4423 0.837218 -0.00622892 0.546835 12.0026 0 1
75.1765 -19.9064 34.5106 0.837758 -0.0064183 0.546004 12.1824 0 1
75.1689 -18.7654 34.5377 0.838291 -0.00648613 0.545185 12.382 0 1
75.206 -17.4994 34.4967 0.838811 -0.00645844 0.544384 12.6258 0 1
75.239 -15.9499 34.4666 0.839317 -0.00636089 0.543606 12.8431 0 1
75.2258 -14.5714 34.5033 0.839805 -0.00621799 0.542853 13.048 0 1
75.2757 -13.2715 34.4413 0.840272 -0.00605204 0.542131 13.2357 0 1
75.3121 -12.0811 34.3973 0.840715 -0.00588115 0.541445 13.5345 0 1
75.2618 -10.1854 34.4953 0.84113 -0.00571626 0.540802 13.7268 0 1
75.2594 -8.96385 34.5115 0.841515 -0.00555879 0.540205 13.9321 0 1
75.2817 -7.65946 34.4897 0.841869 -0.0054008 0.539655 14.2033 0 1
75.3002 -5.93583 34.478 0.842193 -0.00522858 0.539151 14.3739 0 1
75.2883 -4.8517 34.5069 0.842489 -0.00502809 0.53869 14.5381 0 1
75.2935 -3.80844 34.5086 0.842757 -0.00478987 0.538273 14.6988 0 1
75.31 -2.78734 34.4926 0.842997 -0.00451197 0.537899 14.863 0 1
75.3199 -1.74337 34.4869 0.843209 -0.00420058 0.537569 15.0918 0 1
75.3581 -0.291016 34.4388 0.843392 -0.0038686 0.537285 15.2746 0 1
75.3393 0.869174 34.4766 0.843544 -0.00353231 0.537048 15.5199 0 1
75.3937 2.42437 34.3998 0.843667 -0.00320651 0.536858 15.7512 0 1
75.4292 3.89329 34.3517 0.843759 -0.00289939 0.536714 16.0298 0 1
75.3277 5.65243 34.5194 0.843822 -0.00260987 0.536617 16.2132 0 1
75.342 6.81745 34.5012 0.843857 -0.00232879 0.536564 16.3743 0 1
75.3216 7.84077 34.537 0.843865 -0.00204344 0.536552 16.5371 0 1
75.2955 8.87351 34.5814 0.843848 -0.0017426 0.53658 16.7857 0 1
75.3359 10.4517 34.5235 0.843807 -0.00142022 0.536644 16.9684 0 1
75.3297 11.6128 34.5378 0.843744 -0.00107702 0.536745 17.1797 0 1
75.3915 12.9498 34.4438 0.843656 -0.000720752 0.536883 17.3377 0 1
75.4038 13.9534 34.4258 0.843544 -0.000365198 0.53706 17.4994 0 1
75.3886 14.9799 34.4499 0.843406 -2.72309e-05 0.537276 17.6836 0 1
75.3883 16.1493 34.45 0.843247 0.00027816 0.537527 17.8974 0 1
75.4244 17.5054 34.3917 0.843069 0.000543036 0.537804 18.0928 0 1
75.3391 18.7362 34.5226 0.84288 0.000767959 0.538102 18.2737 0 1
75.3599 19.885 34.4875 0.842681 0.000956345 0.538412 18.4719 0 1
75.4435 21.1336 34.3526 0.842478 0.00110345 0.53873 18.6477 0 1
75.4249 22.2502 34.3792 0.842273 0.00118774 0.53905 18.8304 0 1
75.4161 23.4111 34.3903 0.842072 0.00117062 0.539363 19.0102 0 1
75.4351 24.5525 34.3588 0.841883 0.00100006 0.53966 19.1862 0 1
75.4451 25.6699 34.339 0.841704 0.000609997 0.539938 19.345 0 1
75.4107 26.6768 34.3885 0.841525 -7.68508e-05 0.540218 19.576 0 1
75.3664 28.1428 34.452 0.841326 -0.00112526 0.540526 19.8562 0 1
75.2719 29.9182 34.595 0.841103 -0.00254496 0.540868 20.041 0 1
75.2033 31.0914 34.708 0.840886 -0.00425516 0.541195 20.2729 0 1
75.2712 32.5647 34.6122 0.84073 -0.00607869 0.54142 20.4643 0 1
75.385 33.776 34.441 0.840684 -0.00777055 0.541471 20.6178 0 1
75.3963 34.7767 34.4367 0.840751 -0.00907623 0.541345 20.7781 0 1
75.3888 35.8353 34.4854 0.840876 -0.00980613 0.541138 20.9351 0 1
75.3645 36.8775 34.591 0.840954 -0.00989845 0.541016 21.1917 0 1
75.4276 38.5817 34.5276 0.840861 -0.00943742 0.541169 21.3447 0 1
75.4737 39.6236 34.4892 0.840484 -0.0086138 0.541768 21.516 0 1
75.5159 40.7913 34.4566 0.83973 -0.00764797 0.54295 21.704 0 1
75.5313 42.0751 34.4602 0.838523 -0.00671792 0.544825 21.9807 0 1
75.5286 43.9617 34.4444 0.836781 -0.00592739 0.547506 22.1639 0 1
75.4917 45.2276 34.5147 0.834408 -0.0053165 0.551122 22.3819 0 1
74.7567 45.8832 35.6382 0.831309 -0.00488747 0.555789 22.5784 0 1
74.0108 45.9446 36.7549 0.827437 -0.00461809 0.561539 22.7269 0 1
73.438 45.9644 37.6133 0.822853 -0.00446396 0.568237 22.9008 0 1
72.7578 45.9813 38.6214 0.817753 -0.00436826 0.575553 23.0596 0 1
72.1314 46.0366 39.5229 0.812446 -0.00428371 0.583021 23.2075 0 1
71.5329 46.0818 40.368 0.807283 -0.00419012 0.59015 23.4127 0 1
70.6824 46.075 41.523 0.802576 -0.00409773 0.596536 23.6125 0 1
69.8245 46.0152 42.6342 0.798554 -0.00404504 0.601909 23.7889 0 1
69.072 46.0034 43.5756 0.795372 -0.00409299 0.606108 23.9414 0 1
68.4345 45.9356 44.3715 0.793153 -0.00430028 0.609007 24.1317 0 1
67.8021 45.2394 45.1837 0.792025 -0.00467914 0.61047 24.2891 0 1
67.726 44.2049 45.271 0.792111 -0.00516235 0.610355 24.4543 0 1
67.7934 43.1105 45.1738 0.793471 -0.00561723 0.608582 24.6282 0 1
68.2125 42.1758 44.6308 0.796043 -0.00591107 0.605211 24.8933 0 1
69.2737 41.9461 43.2892 0.799638 -0.00599168 0.600453 25.1793 0 1
70.4618 41.9175 41.7887 0.803985 -0.00593072 0.59462 25.3355 0 1
71.0897 41.8695 40.9353 0.8088 -0.00589755 0.588055 25.5735 0 1
72.0496 41.6302 39.6078 0.81382 -0.00607564 0.581085 25.7397 0 1
72.6748 41.2645 38.7102 0.818801 -0.00656751 0.57404 25.8915 0 1
73.1763 40.6932 37.9763 0.8235 -0.00733889 0.567268 26.0485 0 1
73.602 39.9017 37.3517 0.827691 -0.00822745 0.561123 26.2051 0 1
73.9045 38.962 36.8953 0.831199 -0.00900426 0.555903 26.3546 0 1
74.1067 38.0172 36.571 0.833941 -0.00945162 0.551773 26.5077 0 1
74.1839 36.9984 36.4022 0.835945 -0.00942409 0.548732 26.6734 0 1
74.2884 35.8944 36.2011 0.837327 -0.0088777 0.54663 26.8466 0 1
74.3726 34.7507 36.0359 0.838247 -0.00786814 0.545233 27.009 0 1
74.3997 33.6904 35.9769 0.838869 -0.0065258 0.544294 27.2269 0 1
74.3027 32.2889 36.1121 0.839326 -0.00501758 0.543605 27.4446 0 1
74.1751 30.9098 36.2948 0.839711 -0.00350667 0.543022 27.6245 0 1
74.1882 29.7579 36.2765 0.840076 -0.00212201 0.542464 27.8986 0 1
74.2457 28.0118 36.1914 0.840446 -0.0009447 0.541895 28.0836 0 1
74.2558 26.8338 36.1842 0.840823 -1.08033e-05 0.541311 28.3037 0 1
74.2537 25.4349 36.1959 0.8412 0.000676656 0.540724 28.5542 0 1
74.3056 23.8464 36.1229 0.841568 0.00113403 0.54015 28.7288 0 1
74.3373 22.7396 36.0766 0.841917 0.00138639 0.539606 28.9444 0 1
74.3316 21.3705 36.0906 0.842239 0.00146134 0.539102 29.1978 0 1
74.2559 19.768 36.216 0.842532 0.00138678 0.538644 29.3738 0 1
74.2286 18.6519 36.2645 0.842795 0.0011912 0.538233 29.5549 0 1
74.3141 17.5135 36.1328 0.84303 0.000904377 0.537865 29.7951 0 1
74.2541 15.9924 36.2302 0.843238 0.000556772 0.53754 29.9938 0 1
74.2621 14.7304 36.2196 0.843419 0.000177298 0.537256 30.1825 0 1
74.311 13.5353 36.1429 0.843573 -0.000209751 0.537014 30.3668 0 1
74.2718 12.3677 36.2033 0.8437 -0.000587443 0.536815 30.5439 0 1
74.2847 11.243 36.1799 0.843798 -0.000947931 0.536659 30.7565 0 1
74.2622 9.89247 36.2114 0.843869 -0.00129278 0.536548 30.9584 0 1
74.2254 8.61128 36.2651 0.843911 -0.00163158 0.53648 31.1177 0 1
74.2716 7.60338 36.1889 0.843926 -0.00197843 0.536456 31.368 0 1
74.2848 6.01298 36.1619 0.843912 -0.00234679 0.536476 31.5331 0 1
74.3038 4.96496 36.1279 0.84387 -0.00274394 0.53654 31.7502 0 1
74.2644 3.58758 36.183 0.8438 -0.00316768 0.536648 31.9257 0 1
74.2098 2.47712 36.2634 0.843701 -0.00360682 0.536801 32.0894 0 1
74.1551 1.44214 36.3421 0.843572 -0.00404522 0.537001 32.3475 0 1
74.1963 -0.195212 36.2648 0.843413 -0.00446726 0.537247 32.6084 0 1
74.1882 -1.85254 36.2621 0.843222 -0.00486203 0.537543 32.7745 0 1
74.209 -2.90651 36.2183 0.843001 -0.00522505 0.537887 32.9873 0 1
74.2324 -4.25714 36.1666 0.84275 -0.00555782 0.538276 33.1643 0 1
74.2221 -5.38211 36.1707 0.842474 -0.00586624 0.538706 33.3658 0 1
74.2143 -6.6618 36.1678 0.842175 -0.0061588 0.539169 33.6182 0 1
74.1719 -8.26467 36.2159 0.841857 -0.00644422 0.539663 33.7799 0 1
74.157 -9.29217 36.2268 0.84152 -0.00672868 0.540183 33.9744 0 1
74.1422 -10.5272 36.235 0.841168 -0.00701365 0.540729 34.1764 0 1
74.0806 -11.8056 36.3138 0.840798 -0.00729568 0.5413 34.4403 0 1
74.086 -13.4817 36.2829 0.840409 -0.00756799 0.5419 34.6196 0 1
74.0538 -14.6202 36.3172 0.839996 -0.00782188 0.542536 34.835 0 1
74.0765 -15.9876 36.2633 0.839551 -0.00804649 0.543222 35.0036 0 1
74.0826 -17.0573 36.2359 0.839064 -0.00822621 0.543971 35.1661 0 1
74.0836 -18.0896 36.2178 0.838528 -0.00833581 0.544795 35.3348 0 1
74.067 -19.1612 36.2258 0.837935 -0.00833472 0.545706 35.493 0 1
74.0854 -20.1656 36.1814 0.837283 -0.00816611 0.54671 35.7787 0 1
74.1194 -21.9779 36.1011 0.836572 -0.00776556 0.547802 36.0408 0 1
74.0816 -23.6387 36.1295 0.835823 -0.00707657 0.548953 36.202 0 1
74.0695 -24.662 36.1318 0.835075 -0.00606537 0.550103 36.4511 0 1
73.9645 -26.2365 36.2674 0.834374 -0.00473098 0.551178 36.7418 0 1
74.0581 -28.075 36.1036 0.833756 -0.00311289 0.552125 36.9672 0 1
74.1185 -29.5037 35.9994 0.833209 -0.001299 0.552957 37.1787 0 1
74.0837 -30.852 36.0539 0.832666 0.00057294 0.553776 37.3561 0 1
74.0547 -31.9834 36.1001 0.831993 0.00232959 0.554781 37.5725 0 1
74.0696 -33.3719 36.0893 0.830994 0.0037893 0.556269 37.7333 0 1
74.0995 -34.4039 36.0548 0.829427 0.0047928 0.558594 37.9105 0 1
74.1284 -35.5695 36.0381 0.82706 0.00523696 0.562089 38.1861 0 1
74.0988 -37.4028 36.1175 0.82374 0.00510803 0.566945 38.435 0 1
73.7148 -38.9292 36.73 0.819471 0.00448978 0.573103 38.6316 0 1
73.2883 -40.0289 37.3737 0.814462 0.00352556 0.580206 38.8839 0 1
72.5417 -41.1623 38.4596 0.809138 0.00234849 0.587614 39.1286 0 1
71.6189 -41.737 39.7384 0.804089 0.00102533 0.594507 39.3146 0 1
70.862 -41.8939 40.7209 0.799946 -0.000445522 0.600072 39.4765 0 1
70.1844 -42.0382 41.5896 0.79721 -0.00207953 0.603699 39.6815 0 1
69.6607 -43.1575 42.1976 0.796118 -0.00383854 0.605129 39.8267 0 1
69.6658 -44.1687 42.2102 0.796616 -0.00560589 0.604459 39.9853 0 1
69.7796 -45.235 42.0872 0.798437 -0.00722328 0.602034 40.1912 0 1
70.4829 -45.9975 41.1764 0.801234 -0.00855515 0.59829 40.4366 0 1
71.502 -46.0986 39.8123 0.804675 -0.00953043 0.59364 40.6071 0 1
72.2018 -46.1207 38.8407 0.808489 -0.0101418 0.588423 40.6406 0 1
72.3357 -46.1198 38.648 0.812465 -0.0104208 0.582917 40.7542 0 1
72.2479 -46.9092 38.7612 0.816422 -0.0104143 0.577362 40.9981 0 1
73.2357 -46.8944 37.3793 0.820199 -0.0101696 0.571988 41.1486 0 1
73.8262 -46.8743 36.5057 0.82365 -0.00972736 0.567015 41.2919 0 1
74.3889 -46.8337 35.6629 0.826654 -0.00911806 0.562637 41.4424 0 1
74.9861 -46.8346 34.7754 0.82913 -0.00836077 0.558994 41.6338 0 1
75.5918 -46.0641 33.8747 0.831039 -0.00745155 0.556164 41.7797 0 1
75.7014 -45.083 33.7134 0.832385 -0.00634368 0.554162 41.9394 0 1
75.7343 -43.9808 33.678 0.833208 -0.00494992 0.552937 42.1012 0 1
75.7246 -42.8665 33.708 0.83359 -0.003196 0.552375 42.2751 0 1
75.7002 -41.674 33.7536 0.83364 -0.0011035 0.552308 42.435 0 1
75.6937 -40.5758 33.7658 0.833491 0.0011623 0.552532 42.598 0 1
75.692 -39.4574 33.7676 0.833275 0.00332335 0.552848 42.7532 0 1
75.6682 -38.3967 33.8106 0.833102 0.00508142 0.553096 42.9124 0 1
75.6289 -37.3272 33.8765 0.833036 0.00621485 0.553183 43.1145 0 1
75.6258 -36.0131 33.8178 0.833096 0.00663148 0.553088 43.2973 0 1
75.6308 -34.8095 33.7456 0.833261 0.00636688 0.552843 43.4606 0 1
75.6487 -33.7163 33.7085 0.833494 0.0055464 0.552501 43.6162 0 1
75.6509 -32.6985 33.6979 0.833759 0.00433737 0.552112 43.7796 0 1
75.6528 -31.6439 33.6914 0.834035 0.00290957 0.551704 43.9514 0 1
75.6602 -30.5455 33.6777 0.834315 0.00141056 0.551286 44.1297 0 1
75.6288 -29.4128 33.7246 0.834604 -4.54774e-05 0.55085 44.2878 0 1
75.6187 -28.4063 33.743 0.834914 -0.00137996 0.550379 44.4624 0 1
75.6389 -27.295 33.7207 0.835254 -0.00254676 0.549859 44.6447 0 1
75.6436 -26.1347 33.7232 0.83563 -0.00352617 0.549281 44.8507 0 1
75.6556 -24.8244 33.7186 0.836044 -0.00431741 0.548646 45.0607 0 1
75.6536 -23.4904 33.7353 0.836489 -0.0049311 0.547961 45.2283 0 1
75.6585 -22.4252 33.7418 0.836958 -0.00538277 0.547241 45.437 0 1
75.6677 -21.1009 33.7426 0.837441 -0.00568892 0.546498 45.647 0 1
75.6567 -19.7685 33.7741 0.837932 -0.00586595 0.545743 45.8425 0 1
75.6561 -18.527 33.7907 0.838425 -0.00593137 0.544985 46.0795 0 1
75.6761 -17.0222 33.7781 0.838915 -0.00590546 0.54423 46.258 0 1
75.6943 -15.8884 33.7629 0.839399 -0.0058118 0.543484 46.4447 0 1
75.6973 -14.7015 33.7722 0.839872 -0.0056759 0.542754 46.7365 0 1
75.7291 -12.8491 33.7425 0.840329 -0.00552188 0.542048 47.0104 0 1
75.7498 -11.108 33.728 0.840764 -0.00536813 0.541374 47.193 0 1
75.7306 -9.94879 33.7679 0.841173 -0.00522371 0.54074 47.4115 0 1
75.7465 -8.56155 33.7566 0.841554 -0.00508721 0.54015 47.571 0 1
75.74 -7.54807 33.7746 0.841904 -0.00494894 0.539605 47.768 0 1
75.7378 -6.29604 33.7902 0.842225 -0.00479576 0.539104 47.9449 0 1
75.7425 -5.17213 33.7929 0.842519 -0.00461644 0.538647 48.1046 0 1
75.7576 -4.1571 33.7784 0.842784 -0.00440546 0.538234 48.2791 0 1
75.7679 -3.04844 33.7724 0.843021 -0.00416404 0.537864 48.5049 0 1
75.7823 -1.61377 33.7619 0.84323 -0.00389905 0.537539 48.6908 0 1
75.8029 -0.432363 33.7388 0.843408 -0.00362108 0.537261 48.9267 0 1
75.7969 1.06675 33.7582 0.843558 -0.0033422 0.537028 49.1573 0 1
75.8268 2.53089 33.7194 0.843678 -0.00307309 0.536841 49.3245 0 1
75.8521 3.59229 33.6847 0.843769 -0.00281954 0.536699 49.5253 0 1
75.8105 4.86555 33.7564 0.843831 -0.00257993 0.536602 49.7107 0 1
75.7752 6.04141 33.8166 0.843865 -0.00234512 0.53655 49.8795 0 1
75.7594 7.11335 33.8454 0.843871 -0.00210149 0.536543 50.1023 0 1
75.7767 8.52916 33.823 0.843848 -0.00183604 0.536579 50.2723 0 1
75.7835 9.60888 33.8158 0.843798 -0.0015415 0.536659 50.5099 0 1
75.7932 11.1188 33.8067 0.843719 -0.00121933 0.536784 50.7413 0 1
75.7944 12.5893 33.8097 0.843611 -0.000879879 0.536953 51.014 0 1
75.8364 14.3192 33.7461 0.843476 -0.000539783 0.537167 51.1811 0 1
75.8365 15.3805 33.7462 0.843315 -0.000217542 0.53742 51.4363 0 1
75.8625 17.0011 33.7049 0.843135 7.18192e-05 0.537702 51.6045 0 1
75.8553 18.0697 33.7149 0.842943 0.000320546 0.538004 51.8012 0 1
75.8337 19.318 33.7466 0.842743 0.000527127 0.538316 52.0081 0 1
75.8463 20.6326 33.7249 0.84254 0.000689617 0.538633 52.1664 0 1
75.8717 21.6369 33.6828 0.842339 0.000797222 0.538948 52.3439 0 1
75.8593 22.7641 33.6999 0.842143 0.000822384 0.539253 52.523 0 1
75.8591 23.9017 33.6982 0.841959 0.000709632 0.539541 52.7 0 1
75.8702 25.0267 33.6789 0.841792 0.000368023 0.539802 52.8601 0 1
75.8603 26.0436 33.6906 0.841651 -0.000308216 0.540022 53.0538 0 1
75.8289 27.2731 33.7349 0.84156 -0.0013837 0.540161 53.2731 0 1
75.8022 28.6677 33.7732 0.841559 -0.00282689 0.540157 53.4823 0 1
75.7504 29.997 33.8512 0.841692 -0.00449888 0.539939 53.771 0 1
75.7108 31.8405 33.9243 0.841986 -0.00618827 0.539464 53.9992 0 1
75.7823 33.2941 33.8194 0.842434 -0.00766353 0.538746 54.1652 0 1
75.8226 34.3694 33.7692 0.84299 -0.0087192 0.537858 54.4279 0 1
75.8376 36.0927 33.8128 0.843588 -0.00920935 0.536911 54.6818 0 1
75.8657 37.7664 33.8329 0.84415 -0.00907071 0.53603 54.8467 0 1
75.8975 38.8715 33.791 0.844584 -0.00833764 0.535358 55.0336 0 1
75.9411 40.1532 33.7594 0.844787 -0.00714404 0.535055 55.1966 0 1
75.9594 41.2721 33.7598 0.844647 -0.00570177 0.535294 55.3894 0 1
75.9668 42.5933 33.7677 0.844065 -0.00425589 0.536223 55.5833 0 1
75.9754 43.9152 33.7502 0.842967 -0.00303276 0.537957 55.7368 0 1
75.9959 44.9608 33.7226 0.84129 -0.00219779 0.540579 55.8866 0 1
75.9325 45.971 33.8252 0.838973 -0.00182923 0.54417 56.125 0 1
75.151 46.7095 35.0257 0.835943 -0.0019089 0.548812 56.3448 0 1
74.3258 46.7391 36.29 0.832144 -0.00233375 0.554555 56.5058 0 1
73.7147 46.7498 37.2092 0.827597 -0.00295082 0.561316 56.6589 0 1
73.127 46.7702 38.0889 0.822465 -0.00360746 0.568805 56.804 0 1
72.5571 46.8145 38.916 0.81706 -0.00419662 0.576537 56.977 0 1
71.87 46.8836 39.9039 0.811776 -0.00467468 0.583951 57.1206 0 1
71.2824 46.9081 40.7127 0.80697 -0.0050438 0.590571 57.3923 0 1
70.1317 46.8474 42.2441 0.802869 -0.00531282 0.596132 57.5714 0 1
69.3714 46.8124 43.2124 0.799525 -0.00546165 0.600608 57.833 0 1
68.272 46.8267 44.5753 0.796864 -0.00543119 0.604135 58.0328 0 1
67.5099 46.4997 45.5706 0.794768 -0.00514616 0.606892 58.191 0 1
67.2337 45.5361 45.9233 0.793175 -0.00455972 0.608977 58.3759 0 1
67.2217 44.2774 45.9216 0.792125 -0.00369289 0.610348 58.53 0 1
67.2572 43.2253 45.8582 0.791758 -0.0026429 0.61083 58.6963 0 1
67.3715 42.0943 45.7067 0.792254 -0.00155605 0.61019 58.9131 0 1
68.124 41.2672 44.7349 0.793751 -0.000588003 0.608242 59.0982 0 1
68.883 41.172 43.7897 0.796278 0.000120766 0.604931 59.2663 0 1
69.5609 41.1396 42.9282 0.799738 0.000447924 0.600349 59.4825 0 1
70.4448 41.107 41.7904 0.803947 0.000288769 0.594701 59.6365 0 1
71.0833 41.0468 40.9343 0.808666 -0.000424042 0.588268 59.8524 0 1
71.9654 40.8354 39.7272 0.81363 -0.00167662 0.581381 60.0004 0 1
72.5291 40.5325 38.9235 0.818551 -0.0033327 0.574424 60.1703 0 1
73.0647 39.8263 38.144 0.823148 -0.00513417 0.567803 60.354 0 1
73.461 38.7698 37.5535 0.827188 -0.00675861 0.561885 60.5196 0 1
73.6735 37.6964 37.2248 0.830531 -0.00791033 0.556916 60.6818 0 1
73.7774 36.6248 37.0378 0.833152 -0.00840101 0.55298 60.8773 0 1
73.8572 35.3347 36.8706 0.835121 -0.00818713 0.550005 61.0541 0 1
73.8741 34.1879 36.7925 0.836565 -0.00735825 0.547818 61.2187 0 1
73.8575 33.1167 36.7997 0.837624 -0.00609202 0.546213 61.3792 0 1
73.8056 32.0825 36.8705 0.838424 -0.00459876 0.544999 61.5435 0 1
73.7655 31.0294 36.9228 0.839059 -0.00307374 0.544032 61.7121 0 1
73.762 29.9453 36.9336 0.839591 -0.00166644 0.543216 61.8722 0 1
73.7692 28.9221 36.9261 0.840059 -0.000469421 0.542495 62.0884 0 1
73.7777 27.5445 36.9224 0.840484 0.000476726 0.541837 62.3085 0 1
73.7783 26.1446 36.9308 0.840879 0.00116935 0.541222 62.4786 0 1
73.7845 25.0634 36.9282 0.841251 0.00162804 0.540642 62.7275 0 1
73.8355 23.4845 36.8579 0.841605 0.00188196 0.54009 62.9543 0 1
73.8384 22.045 36.8591 0.841942 0.00196144 0.539565 63.1444 0 1
73.8305 20.8381 36.876 0.84226 0.00189404 0.539068 63.3105 0 1
73.7977 19.7852 36.9331 0.842558 0.00170441 0.538602 63.5689 0 1
73.8239 18.1454 36.9009 0.842833 0.00141643 0.538174 63.7354 0 1
73.8505 17.0907 36.8612 0.843081 0.00105536 0.537785 63.9194 0 1
73.8149 15.9241 36.9202 0.843302 0.000647843 0.53744 64.1874 0 1
73.8114 14.2221 36.9282 0.843493 0.000219733 0.537141 64.391 0 1
73.8313 12.9296 36.8965 0.843652 -0.000207415 0.53689 64.5756 0 1
73.8353 11.7576 36.8888 0.843779 -0.000619372 0.536691 64.7509 0 1
73.8249 10.645 36.902 0.843872 -0.00101062 0.536544 64.9797 0 1
73.7876 9.19236 36.9565 0.84393 -0.00138375 0.536451 65.1726 0 1
73.7931 7.9671 36.9433 0.843957 -0.00174711 0.536408 65.3883 0 1
73.8136 6.59666 36.9061 0.843954 -0.00211172 0.536412 65.5929 0 1
73.8327 5.29694 36.871 0.843924 -0.00248802 0.536456 65.7587 0 1
73.8065 4.24495 36.9069 0.84387 -0.00288283 0.536539 65.9324 0 1
73.7749 3.14233 36.951 0.843793 -0.0032971 0.536658 66.0934 0 1
73.7391 2.12172 37.0011 0.843692 -0.00372485 0.536814 66.2569 0 1
73.7225 1.08462 37.0199 0.843567 -0.00415464 0.537007 66.4238 0 1
73.7298 0.0244503 36.9995 0.843418 -0.00457327 0.537238 66.6005 0 1
73.7398 -1.09759 36.9739 0.843244 -0.00497031 0.537508 66.8312 0 1
73.7566 -2.56248 36.9318 0.843046 -0.00534074 0.537815 67.0721 0 1
73.7654 -4.09202 36.9005 0.842825 -0.00568456 0.538158 67.2357 0 1
73.7591 -5.13147 36.8979 0.84258 -0.00600463 0.538538 67.4692 0 1
73.756 -6.61533 36.8853 0.842314 -0.00630539 0.538951 67.639 0 1
73.7596 -7.69325 36.8661 0.842028 -0.00659278 0.539394 67.8059 0 1
73.7387 -8.75274 36.8863 0.841723 -0.00687406 0.539866 67.964 0 1
73.7143 -9.75628 36.9104 0.841399 -0.00715588 0.540367 68.193 0 1
73.662 -11.2088 36.9728 0.841055 -0.00744185 0.540898 68.3506 0 1
73.6459 -12.2089 36.9835 0.840692 -0.00773165 0.541458 68.6131 0 1
73.6263 -13.8766 36.9905 0.840309 -0.00802214 0.542048 68.7714 0 1
73.6172 -14.8822 36.9903 0.839906 -0.00830831 0.542668 69.0084 0 1
73.6275 -16.3875 36.9496 0.83948 -0.00858166 0.543323 69.2003 0 1
73.6306 -17.6057 36.9242 0.839026 -0.0088267 0.54402 69.3621 0 1
73.6307 -18.6335 36.9063 0.838538 -0.00901844 0.544768 69.5327 0 1
73.6361 -19.7171 36.8789 0.83801 -0.00912236 0.545578 69.6994 0 1
73.6439 -20.7765 36.8491 0.837437 -0.00909419 0.546459 69.8584 0 1
73.6423 -21.7858 36.834 0.836812 -0.00887701 0.547418 70.1022 0 1
73.6094 -23.332 36.8556 0.836138 -0.00839962 0.548454 70.2808 0 1
73.5615 -24.4644 36.9062 0.83543 -0.00758712 0.549545 70.4945 0 1
73.5211 -25.8223 36.9457 0.83472 -0.00638908 0.550638 70.723 0 1
73.5783 -27.2705 36.8395 0.834054 -0.00481252 0.551662 70.8897 0 1
73.6115 -28.327 36.7737 0.833462 -0.00294015 0.552569 71.1342 0 1
73.6168 -29.8845 36.7514 0.832934 -0.000926993 0.553372 71.3043 0 1
73.5952 -30.9703 36.7789 0.832391 0.00101585 0.554188 71.4813 0 1
73.5865 -32.1034 36.7953 0.831677 0.00264285 0.555254 71.7666 0 1
73.597 -33.9373 36.7974 0.830568 0.00370747 0.556905 71.9232 0 1
73.6057 -34.966 36.8129 0.828799 0.00401851 0.559532 72.1185 0 1
73.609 -36.2614 36.8302 0.82611 0.00351123 0.563497 72.2825 0 1
73.5621 -37.3588 36.9131 0.822322 0.00229712 0.569017 72.5098 0 1
73.258 -38.7946 37.4024 0.81741 0.00064794 0.576056 72.7036 0 1
72.8001 -39.8296 38.0819 0.81155 -0.00109966 0.584282 72.8743 0 1
72.2663 -40.5439 38.8524 0.805118 -0.00267445 0.593108 73.1516 0 1
71.1923 -41.0763 40.3038 0.798654 -0.0039585 0.601777 73.3186 0 1
70.4974 -41.1339 41.2 0.792793 -0.00498296 0.60947 73.4794 0 1
69.8209 -41.205 42.0591 0.788169 -0.00584988 0.615431 73.6876 0 1
69.1742 -42.195 42.8148 0.785282 -0.00664514 0.619103 73.8366 0 1
69.121 -43.1921 42.8618 0.784381 -0.00740013 0.620236 74.0066 0 1
69.1441 -44.3548 42.8458 0.785418 -0.00811047 0.618913 74.2228 0 1
69.2556 -45.811 42.6957 0.788103 -0.00877507 0.615481 74.445 0 1
70.0167 -46.7791 41.7633 0.792016 -0.00941451 0.610427 74.6568 0 1
70.91 -46.871 40.602 0.796721 -0.0100565 0.604263 74.8227 0 1
71.5916 -46.8896 39.673 0.801832 -0.010705 0.597453 74.8629 0 1
71.7547 -46.8939 39.4454 0.80704 -0.0113185 0.590388 74.9762 0 1
71.7489 -47.6815 39.4451 0.812104 -0.0118151 0.583393 75.2243 0 1
72.7519 -47.707 38.0479 0.816837 -0.0121006 0.576741 75.3747 0 1
73.352 -47.6739 37.1898 0.821094 -0.0121027 0.570665 75.5864 0 1
74.1833 -47.6485 35.9558 0.824769 -0.0117913 0.565347 75.7544 0 1
74.8462 -47.6612 34.9634 0.827803 -0.0111783 0.560907 75.9379 0 1
75.5626 -47.5578 33.8932 0.830188 -0.0102915 0.557389 76.1109 0 1
76.0681 -46.7957 33.136 0.831967 -0.00913975 0.55475 76.3521 0 1
76.1526 -45.152 33.0197 0.833222 -0.00769886 0.552886 76.5235 0 1
76.189 -43.9681 32.9826 0.834049 -0.00594536 0.551658 76.7501 0 1
76.163 -42.4081 33.0424 0.834544 -0.0039179 0.550927 76.915 0 1
76.152 -41.2761 33.0695 0.834791 -0.0017556 0.550564 77.0711 0 1
76.1586 -40.2093 33.0606 0.834864 0.000320021 0.550456 77.2276 0 1
76.1613 -39.138 33.0604 0.834831 0.00206883 0.550502 77.4495 0 1
76.1043 -37.6374 33.1576 0.83475 0.00330349 0.55062 77.6775 0 1
76.088 -36.1442 33.1246 0.83466 0.00393412 0.550751 77.9667 0 1
76.1064 -34.2309 33.0235 0.834588 0.00397394 0.550861 78.1259 0 1
76.1088 -33.1871 33.0121 0.834545 0.00351483 0.550928 78.2952 0 1
76.1003 -32.0933 33.0112 0.834541 0.00269085 0.550939 78.4677 0 1
76.0939 -30.9834 33.0175 0.834584 0.00164478 0.550879 78.6397 0 1
76.0958 -29.8835 33.0185 0.834682 0.000505163 0.550732 78.8092 0 1
76.0747 -28.8064 33.0515 0.834845 -0.000625872 0.550484 78.9687 0 1
76.0815 -27.7906 33.0465 0.835081 -0.0016765 0.550124 79.1436 0 1
76.0948 -26.6775 33.0343 0.835391 -0.00260329 0.549649 79.3237 0 1
76.1079 -25.5321 33.0237 0.835772 -0.00338569 0.549067 79.5031 0 1
76.1069 -24.3912 33.0363 0.836211 -0.00401897 0.548393 79.7804 0 1
76.1155 -22.6307 33.0412 0.836695 -0.00450755 0.547651 79.9412 0 1
76.1386 -21.61 33.0163 0.837209 -0.00486058 0.546862 80.2166 0 1
76.1365 -19.8619 33.0373 0.837739 -0.00509012 0.546047 80.5091 0 1
76.1275 -18.0069 33.0709 0.838277 -0.00521175 0.54522 80.6984 0 1
76.1541 -16.8054 33.0435 0.838814 -0.00524528 0.544393 80.9245 0 1
76.1731 -15.3697 33.0297 0.839344 -0.00521394 0.543576 81.1523 0 1
76.1666 -13.9234 33.0537 0.839861 -0.00514132 0.542777 81.3581 0 1
76.1911 -12.616 33.0284 0.840359 -0.00504738 0.542006 81.6136 0 1
76.2214 -10.9934 32.9952 0.840833 -0.00494524 0.541272 81.7983 0 1
76.1952 -9.82103 33.0458 0.841276 -0.00483949 0.540585 82.0584 0 1
76.2045 -8.16949 33.0444 0.841684 -0.00472666 0.53995 82.2291 0 1
76.2033 -7.08461 33.0549 0.842054 -0.00459806 0.539374 82.4338 0 1
76.1928 -5.78415 33.0825 0.842386 -0.00444416 0.538856 82.649 0 1
76.207 -4.41673 33.0724 0.84268 -0.00425872 0.538397 82.8255 0 1
76.227 -3.29512 33.0501 0.842939 -0.00404104 0.537994 83.0682 0 1
76.2296 -1.75304 33.059 0.843164 -0.00379636 0.537643 83.2604 0 1
76.2435 -0.531775 33.0464 0.843356 -0.00353487 0.537343 83.4549 0 1
76.2443 0.703642 33.0529 0.843518 -0.00326975 0.537091 83.6945 0 1
76.2542 2.22611 33.0455 0.843648 -0.00301373 0.536888 83.9108 0 1
76.295 3.59845 32.9879 0.843747 -0.00277477 0.536733 84.1707 0 1
76.2557 5.24774 33.0574 0.843814 -0.00255279 0.536629 84.3327 0 1
76.231 6.27589 33.1 0.843849 -0.0023394 0.536576 84.499 0 1
76.2056 7.33146 33.1439 0.843851 -0.00212112 0.536573 84.7231 0 1
76.2451 8.75425 33.0863 0.843824 -0.00188468 0.536617 84.9581 0 1
76.2466 10.247 33.0897 0.843768 -0.00162218 0.536706 85.1358 0 1
76.2515 11.3763 33.0867 0.843683 -0.0013341 0.53684 85.3445 0 1
76.2411 12.7025 33.1078 0.843568 -0.00102918 0.537022 85.5683 0 1
76.2775 14.122 33.0533 0.843422 -0.000721106 0.537252 85.73 0 1
76.2812 15.1483 33.0481 0.843244 -0.000423702 0.537532 85.9118 0 1
76.2823 16.3031 33.0465 0.843034 -0.00014778 0.53786 86.2307 0 1
76.2994 18.3284 33.0183 0.842797 9.73565e-05 0.538231 86.4177 0 1
76.2828 19.5159 33.0428 0.842538 0.000298963 0.538637 86.6694 0 1
76.2888 21.1155 33.0325 0.842267 0.000436981 0.53906 86.9323 0 1
76.2956 22.7853 33.0188 0.841999 0.000483946 0.539478 87.173 0 1
76.2996 24.3135 33.01 0.841753 0.000405871 0.539863 87.339 0 1
76.309 25.3685 32.9953 0.841547 0.000160444 0.540183 87.5401 0 1
76.271 26.6438 33.0496 0.841407 -0.000302275 0.540402 87.7856 0 1
76.2667 28.2045 33.0524 0.841364 -0.0010252 0.540468 87.9443 0 1
76.2601 29.2144 33.0612 0.841454 -0.00201623 0.540325 88.1751 0 1
76.2048 30.683 33.1482 0.841702 -0.0032248 0.539932 88.3489 0 1
76.1743 31.7908 33.2017 0.842112 -0.00453845 0.539284 88.5136 0 1
76.2039 32.8428 33.16 0.842665 -0.00579933 0.538407 88.6802 0 1
76.245 33.9143 33.1066 0.843331 -0.00683337 0.537351 88.8587 0 1
76.2658 35.0788 33.0936 0.844072 -0.00748549 0.536177 89.0464 0 1
76.2825 36.3221 33.1224 0.844837 -0.00765233 0.534969 89.3151 0 1
76.3217 38.101 33.1067 0.84555 -0.00730399 0.533847 89.4754 0 1
76.3581 39.1956 33.0677 0.846112 -0.00649095 0.532965 89.6771 0 1
76.3893 40.583 33.0575 0.846415 -0.00533633 0.532497 89.8868 0 1
76.4013 42.0207 33.0712 0.846354 -0.00401369 0.532605 90.166 0 1
76.4104 43.9257 33.0543 0.845849 -0.00271396 0.533416 90.3624 0 1
76.4313 45.2686 33.0198 0.844837 -0.00161219 0.535021 90.5304 0 1
76.3821 46.4091 33.1005 0.843268 -0.000846651 0.537492 90.7106 0 1
76.0337 47.4443 33.6349 0.841079 -0.000510256 0.540912 90.8835 0 1
75.4078 47.5639 34.6182 0.838184 -0.000638176 0.545387 91.0559 0 1
74.7738 47.5608 35.6075 0.834497 -0.00118399 0.551011 91.2227 0 1
74.1483 47.5648 36.5599 0.829996 -0.00200642 0.557765 91.394 0 1
73.4939 47.5585 37.5412 0.824797 -0.00289817 0.565421 91.5718 0 1
72.8032 47.6021 38.5688 0.819188 -0.00365698 0.573514 91.7247 0 1
72.1979 47.6677 39.4414 0.81358 -0.00415975 0.581439 91.9945 0 1
71.1038 47.7207 40.9752 0.808406 -0.00439525 0.588609 92.1451 0 1
70.4827 47.6879 41.821 0.804011 -0.00444035 0.594598 92.329 0 1
69.7262 47.6416 42.7863 0.800583 -0.00440175 0.599205 92.5056 0 1
68.981 47.6241 43.691 0.798141 -0.00436165 0.602455 92.7367 0 1
68.0243 47.6736 44.8978 0.796554 -0.00435495 0.604551 92.9317 0 1
67.2655 47.4517 45.8967 0.795579 -0.00437755 0.605833 93.0703 0 1
66.8353 46.8343 46.4581 0.794915 -0.00440405 0.606705 93.2383 0 1
66.734 45.6853 46.5779 0.794287 -0.00439655 0.607527 93.3934 0 1
66.7272 44.6063 46.5756 0.793548 -0.00430739 0.608492 93.5469 0 1
66.75 43.5353 46.5292 0.792751 -0.0040884 0.609532 93.7215 0 1
66.8164 42.3114 46.4329 0.79214 -0.00370911 0.610329 93.898 0 1
66.9489 41.0926 46.2497 0.792071 -0.00317723 0.61042 94.0579 0 1
67.528 40.498 45.4974 0.792883 -0.00255544 0.609368 94.2335 0 1
68.2611 40.4066 44.5596 0.79477 -0.0019681 0.606908 94.449 0 1
69.1436 40.3375 43.4692 0.797723 -0.00158555 0.603022 94.6191 0 1
69.8283 40.3258 42.5926 0.801544 -0.00157485 0.597934 94.856 0 1
70.7941 40.2718 41.3275 0.805925 -0.00202652 0.592015 95.0644 0 1
71.6534 40.1511 40.1605 0.810532 -0.00289352 0.585687 95.2236 0 1
72.2715 39.8438 39.2897 0.815082 -0.00398347 0.579332 95.4168 0 1
72.8893 39.0415 38.4076 0.819362 -0.00501612 0.573254 95.6574 0 1
73.2256 37.5213 37.8835 0.82324 -0.00571823 0.567665 95.8187 0 1
73.3233 36.4475 37.7191 0.826647 -0.00590903 0.56269 96.0809 0 1
73.3882 34.7105 37.569 0.829567 -0.00554149 0.55838 96.2598 0 1
73.3771 33.5578 37.5388 0.832019 -0.00469336 0.554727 96.4272 0 1
73.3621 32.4668 37.5524 0.834049 -0.00352444 0.55168 96.5929 0 1
73.3385 31.4014 37.5805 0.835713 -0.0022228 0.549162 96.7588 0 1
73.324 30.3319 37.6066 0.837072 -0.000957756 0.547091 96.9238 0 1
73.3182 29.2759 37.6207 0.838182 0.000149918 0.54539 97.0818 0 1
73.309 28.2674 37.6442 0.839092 0.00103685 0.543988 97.252 0 1
73.3068 27.1839 37.6549 0.839844 0.00168795 0.542825 97.4949 0 1
73.3057 25.6389 37.6702 0.840473 0.00211808 0.541849 97.6963 0 1
73.3288 24.3607 37.6423 0.841009 0.00235404 0.541016 97.9068 0 1
73.3664 23.0243 37.5916 0.841474 0.002423 0.540292 98.1249 0 1
73.3733 21.6392 37.5865 0.841885 0.00234843 0.539652 98.3648 0 1
73.3504 20.116 37.6308 0.842252 0.00215124 0.53908 98.5249 0 1
73.353 19.0995 37.6323 0.842581 0.00185275 0.538567 98.7667 0 1
73.3861 17.564 37.5893 0.842876 0.00147652 0.538106 98.9484 0 1
73.3649 16.4121 37.6254 0.843139 0.00104804 0.537694 99.222 0 1
73.3562 14.6739 37.6428 0.843371 0.000592247 0.537331 99.4099 0 1
73.3642 13.4809 37.6316 0.84357 0.000130344 0.53702 99.5881 0 1
73.3858 12.3502 37.5966 0.843731 -0.000322895 0.536766 99.7848 0 1
73.3851 11.1007 37.5957 0.843853 -0.000760698 0.536573 99.9498 0 1
73.3481 10.0551 37.6512 0.843935 -0.00118438 0.536444 100.197 0 1
73.3425 8.48507 37.6553 0.843978 -0.00160181 0.536375 100.373 0 1
73.3385 7.36437 37.6579 0.843984 -0.00202429 0.536364 100.599 0 1
73.3605 5.93182 37.617 0.843957 -0.0024624 0.536405 100.785 0 1
73.3613 4.75081 37.6102 0.843899 -0.00292212 0.536493 100.95 0 1
73.3277 3.70576 37.6575 0.843815 -0.00340233 0.536623 101.15 0 1
73.3023 2.43289 37.6896 0.843708 -0.00389464 0.536789 101.422 0 1
73.2767 0.708908 37.7172 0.843579 -0.00438579 0.536987 101.591 0 1
73.288 -0.36555 37.6903 0.843429 -0.0048618 0.537218 101.785 0 1
73.3005 -1.5999 37.6577 0.843255 -0.00531184 0.537487 101.999 0 1
73.3129 -2.96037 37.6233 0.843054 -0.00573001 0.537798 102.211 0 1
73.3109 -4.3028 37.6103 0.842823 -0.00611519 0.538155 102.433 0 1
73.2996 -5.71544 37.6105 0.842562 -0.00647046 0.53856 102.632 0 1
73.2906 -6.98017 37.6077 0.84227 -0.00680304 0.539013 102.806 0 1
73.3166 -8.08468 37.553 0.841949 -0.00712336 0.53951 102.979 0 1
73.2859 -9.17812 37.5862 0.841598 -0.00744217 0.540053 103.157 0 1
73.244 -10.3083 37.6359 0.841218 -0.00776658 0.54064 103.381 0 1
73.2042 -11.7271 37.6766 0.840808 -0.00809754 0.541272 103.604 0 1
73.1895 -13.1444 37.6786 0.84037 -0.00842998 0.541947 103.774 0 1
73.1792 -14.2234 37.6786 0.839904 -0.00875415 0.542664 104.014 0 1
73.1864 -15.7464 37.6428 0.839412 -0.00905604 0.54342 104.314 0 1
73.1779 -17.6548 37.6216 0.838891 -0.00931646 0.544219 104.478 0 1
73.1781 -18.6944 37.602 0.838339 -0.00950962 0.545067 104.745 0 1
73.1895 -20.3904 37.5523 0.837751 -0.00960199 0.545968 104.928 0 1
73.1779 -21.5573 37.5495 0.837129 -0.00954949 0.546922 105.131 0 1
73.1458 -22.8431 37.572 0.836478 -0.00929183 0.547921 105.367 0 1
73.0899 -24.3389 37.6278 0.835808 -0.00874902 0.548952 105.584 0 1
73.0613 -25.7206 37.6456 0.83513 -0.00783314 0.549996 105.744 0 1
73.0871 -26.7334 37.5892 0.834463 -0.00648278 0.551026 105.912 0 1
73.139 -27.799 37.4943 0.833822 -0.00470665 0.552014 106.101 0 1
73.1487 -28.9958 37.4646 0.833206 -0.00261066 0.552956 106.289 0 1
73.1255 -30.1889 37.4861 0.832576 -0.000395631 0.553911 106.458 0 1
73.1063 -31.2707 37.5122 0.831828 0.00166907 0.55503 106.688 0 1
73.0987 -32.7394 37.5269 0.830787 0.00329138 0.556581 106.884 0 1
73.1082 -33.9949 37.5272 0.829203 0.00422382 0.558932 107.077 0 1
73.1219 -35.2551 37.5458 0.826795 0.00433832 0.562486 107.261 0 1
73.1262 -36.4702 37.5629 0.823325 0.0036694 0.567558 107.429 0 1
73.0383 -37.5794 37.7093 0.818696 0.0023939 0.574222 107.586 0 1
72.8118 -38.5532 38.0535 0.813017 0.000761026 0.582239 107.746 0 1
72.4424 -39.4266 38.5957 0.806602 -0.000982301 0.591095 108.024 0 1
71.4449 -40.229 39.976 0.799887 -0.00264135 0.600144 108.177 0 1
70.8258 -40.3494 40.8087 0.793332 -0.00409847 0.608775 108.34 0 1
70.1677 -40.3291 41.654 0.787333 -0.00531591 0.616505 108.491 0 1
69.5211 -40.3543 42.424 0.782211 -0.00631256 0.622982 108.65 0 1
68.8408 -40.5278 43.2393 0.778232 -0.00712125 0.627936 108.839 0 1
68.6123 -41.7534 43.4976 0.775634 -0.00775126 0.631136 108.998 0 1
68.5997 -42.8449 43.4889 0.774579 -0.00818097 0.632425 109.146 0 1
68.5987 -43.878 43.4899 0.775058 -0.00838517 0.631835 109.381 0 1
68.6751 -45.5064 43.3917 0.776796 -0.00837622 0.629696 109.535 0 1
68.8098 -46.562 43.2063 0.779254 -0.00822767 0.626655 109.761 0 1
69.5895 -47.6006 42.2581 0.781758 -0.0080587 0.62353 109.93 0 1
70.3419 -47.6412 41.3274 0.783706 -0.00798359 0.621081 110.125 0 1
71.1611 -47.6813 40.2563 0.784734 -0.00805786 0.61978 110.162 0 1
71.314 -47.6814 40.0482 0.784783 -0.00825928 0.619715 110.28 0 1
71.278 -48.4962 40.0975 0.784057 -0.00851678 0.620631 110.445 0 1
70.5954 -48.4493 40.9862 0.7829 -0.00876341 0.622086 110.619 0 1
69.8449 -48.4476 41.924 0.781661 -0.00897587 0.623639 110.892 0 1
68.6428 -48.2778 43.3818 0.78058 -0.00918083 0.624989 111.034 0 1
68.2955 -47.4432 43.813 0.779757 -0.00943141 0.626011 111.213 0 1
68.1825 -46.1726 43.9699 0.779207 -0.00976788 0.62669 111.354 0 1
68.1354 -45.1662 44.0424 0.778962 -0.010182 0.626988 111.601 0 1
68.0868 -43.3902 44.1021 0.779152 -0.0106037 0.626745 111.769 0 1
68.0864 -42.179 44.1302 0.780001 -0.0109151 0.625683 111.916 0 1
68.0704 -41.1254 44.174 0.781747 -0.0109811 0.623499 112.149 0 1
68.5116 -39.6052 43.6578 0.784537 -0.0106767 0.61999 112.294 0 1
69.1469 -39.5213 42.8779 0.788351 -0.0099036 0.615145 112.453 0 1
69.8398 -39.5063 42.053 0.792996 -0.00860519 0.609166 112.612 0 1
70.5293 -39.4876 41.2256 0.798146 -0.00679835 0.602426 112.763 0 1
71.1243 -39.5139 40.4227 0.803428 -0.00461228 0.595384 112.914 0 1
71.7175 -39.3108 39.6216 0.808508 -0.00230097 0.588481 113.064 0 1
72.2206 -38.7807 38.9099 0.813141 -0.000200004 0.582066 113.224 0 1
72.5139 -37.8349 38.4774 0.817201 0.00136345 0.576351 113.393 0 1
72.6517 -36.7042 38.2784 0.820658 0.00216442 0.571415 113.57 0 1
72.6412 -35.5194 38.2722 0.823554 0.00213316 0.567234 113.792 0 1
72.6079 -34.0603 38.2743 0.825965 0.00135151 0.56372 114.036 0 1
72.614 -32.4866 38.2438 0.827977 7.11712e-06 0.560761 114.216 0 1
72.6241 -31.3268 38.231 0.829672 -0.00166679 0.558249 114.506 0 1
72.6663 -29.4742 38.1843 0.831114 -0.00344415 0.556091 114.7 0 1
72.6733 -28.2367 38.1907 0.832356 -0.00514119 0.554218 114.885 0 1
72.6379 -27.0656 38.2622 0.833434 -0.00663273 0.552579 115.085 0 1
72.6218 -25.7961 38.3135 0.834378 -0.00785289 0.551137 115.257 0 1
72.6259 -24.7028 38.3281 0.83521 -0.00878514 0.549861 115.441 0 1
72.6585 -23.5376 38.3029 0.835947 -0.00944654 0.548729 115.629 0 1
72.6973 -22.3407 38.2687 0.836604 -0.00987134 0.547719 115.794 0 1
72.7162 -21.2973 38.2615 0.837199 -0.0100987 0.546806 115.986 0 1
72.7311 -20.0764 38.2635 0.837744 -0.0101664 0.545968 116.159 0 1
72.7143 -18.9768 38.3109 0.838255 -0.0101094 0.545185 116.348 0 1
72.7269 -17.7738 38.3145 0.838742 -0.00995962 0.544439 116.517 0 1
72.7257 -16.7049 38.3366 0.839212 -0.00974424 0.543718 116.683 0 1
72.7448 -15.6491 38.3272 0.839669 -0.00948491 0.543015 116.994 0 1
72.7414 -13.6732 38.3659 0.840116 -0.00919705 0.542329 117.2 0 1
72.7553 -12.3645 38.3643 0.840551 -0.0088907 0.541659 117.367 0 1
72.7728 -11.3064 38.3527 0.840971 -0.00857172 0.541012 117.551 0 1
72.8031 -10.1366 38.3249 0.841371 -0.00824258 0.540396 117.72 0 1
72.8182 -9.06552 38.317 0.841744 -0.007902 0.539819 117.992 0 1
72.8343 -7.33347 38.3175 0.842085 -0.00754471 0.539291 118.154 0 1
72.81 -6.31074 38.3693 0.842391 -0.00716299 0.538819 118.41 0 1
72.8487 -4.68631 38.3299 0.842661 -0.00675013 0.538403 118.578 0 1
72.8585 -3.61978 38.3276 0.842896 -0.00630415 0.53804 118.807 0 1
72.8691 -2.16143 38.3288 0.843101 -0.00582965 0.537723 118.996 0 1
72.8439 -0.963152 38.3813 0.843283 -0.00533667 0.537443 119.181 0 1
72.8359 0.212717 38.4059 0.843447 -0.00483741 0.537191 119.385 0 1
72.846 1.50494 38.4009 0.843596 -0.00434224 0.53696 119.592 0 1
72.8614 2.81889 38.3854 0.843732 -0.00385666 0.53675 119.784 0 1
72.8835 4.03925 38.358 0.843854 -0.00338047 0.536562 119.95 0 1
72.9039 5.09523 38.3316 0.843956 -0.00290912 0.536404 120.179 0 1
72.8789 6.54814 38.3784 0.844035 -0.00243589 0.536283 120.35 0 1
72.8765 7.63482 38.3869 0.844083 -0.00195343 0.536208 120.567 0 1
72.8957 9.01203 38.3612 0.844098 -0.00145456 0.536187 120.77 0 1
72.8929 10.3011 38.3693 0.844077 -0.00093397 0.536222 121.003 0 1
72.9412 11.7796 38.2956 0.844018 -0.000391616 0.536315 121.19 0 1
72.9249 12.9662 38.3224 0.843922 0.000164073 0.536466 121.37 0 1
72.8997 14.1062 38.3607 0.84379 0.000716488 0.536674 121.542 0 1
72.9067 15.2005 38.3485 0.843622 0.00124636 0.536937 121.727 0 1
72.9231 16.3775 38.3196 0.843419 0.00173958 0.537254 121.908 0 1
72.9322 17.5276 38.3007 0.843183 0.00219182 0.537622 122.155 0 1
72.8857 19.092 38.3643 0.842918 0.00260636 0.538036 122.333 0 1
72.8904 20.2205 38.3495 0.842624 0.00298566 0.538495 122.534 0 1
72.9119 21.4985 38.3075 0.842298 0.00332021 0.539002 122.696 0 1
72.899 22.5297 38.3227 0.841938 0.00357899 0.539562 122.961 0 1
72.86 24.2112 38.3744 0.84154 0.00370366 0.540182 123.155 0 1
72.8256 25.4411 38.4186 0.841098 0.00360813 0.54087 123.316 0 1
72.8442 26.4603 38.3796 0.840604 0.00319018 0.541641 123.479 0 1
72.843 27.4999 38.3715 0.840038 0.00236545 0.542522 123.647 0 1
72.8395 28.5703 38.3665 0.839371 0.00112533 0.543557 123.806 0 1
72.8763 29.5824 38.2997 0.838552 -0.000404422 0.544822 123.979 0 1
72.8816 30.6921 38.2865 0.837496 -0.00194872 0.546441 124.148 0 1
72.8924 31.7711 38.2677 0.836071 -0.00314819 0.548612 124.316 0 1
72.898 32.8574 38.2664 0.834108 -0.00369295 0.551589 124.492 0 1
72.8994 33.9948 38.2782 0.831427 -0.00345937 0.555624 124.652 0 1
72.906 35.0464 38.3055 0.827907 -0.0025705 0.56086 124.818 0 1
72.8649 36.1297 38.3891 0.82356 -0.00134508 0.567228 125.076 0 1
72.7306 37.8342 38.6239 0.818585 -0.000166754 0.574385 125.321 0 1
72.1503 39.1299 39.4856 0.813365 0.000655101 0.581753 125.54 0 1
71.2921 39.4598 40.6668 0.808381 0.000969153 0.588659 125.717 0 1
70.5609 39.5166 41.6435 0.804085 0.0007874 0.594514 125.872 0 1
69.8976 39.5212 42.5124 0.800777 0.00023184 0.598962 126.049 0 1
69.1564 39.5185 43.4477 0.798552 -0.000535533 0.601925 126.312 0 1
68.0685 39.5699 44.7915 0.797306 -0.00136329 0.603574 126.554 0 1
67.0785 39.6076 46.0664 0.796802 -0.00213093 0.604236 126.774 0 1
66.4045 40.6617 46.9724 0.796756 -0.00275393 0.604295 126.929 0 1
66.3267 41.7672 47.0793 0.796883 -0.00319177 0.604125 127.104 0 1
66.276 43.0209 47.155 0.796934 -0.00345678 0.604056 127.268 0 1
66.2444 44.199 47.2052 0.796713 -0.00360787 0.604348 127.415 0 1
66.2403 45.2508 47.2213 0.796126 -0.00372334 0.60512 127.571 0 1
66.2446 46.3668 47.2281 0.795251 -0.00386629 0.606268 127.779 0 1
66.3486 47.8423 47.0979 0.794366 -0.00406014 0.607426 127.944 0 1
66.9879 48.3519 46.2607 0.793889 -0.00428344 0.608048 128.094 0 1
67.6052 48.512 45.4503 0.794257 -0.0044831 0.607565 128.272 0 1
68.3362 48.52 44.5087 0.795783 -0.00459767 0.605565 128.519 0 1
69.3264 48.4382 43.266 0.798564 -0.00457911 0.601892 128.689 0 1
70.0535 48.4909 42.3875 0.802479 -0.00440349 0.596664 128.877 0 1
70.8055 48.5322 41.3933 0.807242 -0.00407053 0.590207 129.038 0 1
71.4471 48.5198 40.5191 0.812485 -0.00359922 0.582971 129.243 0 1
72.2564 48.4882 39.3637 0.817835 -0.00302556 0.575445 129.442 0 1
73.0351 48.3976 38.2229 0.822972 -0.00240091 0.568077 129.654 0 1
73.8588 48.3958 36.9945 0.827669 -0.00178818 0.561214 129.804 0 1
74.4409 48.385 36.121 0.8318 -0.00125859 0.555073 129.994 0 1
75.144 48.3796 35.0286 0.835321 -0.000890744 0.549761 130.167 0 1
75.7814 48.4535 34.027 0.838228 -0.000764538 0.545319 130.319 0 1
76.3341 48.3746 33.1562 0.84053 -0.000943973 0.541763 130.527 0 1
76.7954 47.2628 32.437 0.842236 -0.00145813 0.539107 130.767 0 1
76.8905 45.6544 32.2866 0.843364 -0.00229461 0.537338 130.986 0 1
76.8427 44.1708 32.3576 0.843958 -0.00340446 0.536398 131.163 0 1
76.8488 42.964 32.3485 0.844097 -0.00470584 0.53617 131.326 0 1
76.8409 41.8434 32.367 0.843883 -0.00608195 0.536493 131.483 0 1
76.8231 40.7707 32.3701 0.843428 -0.00738347 0.537191 131.643 0 1
76.8074 39.6702 32.3664 0.842843 -0.00844672 0.538094 131.795 0 1
76.7832 38.6287 32.3871 0.842219 -0.00912678 0.539058 131.944 0 1
76.755 37.6089 32.4161 0.841632 -0.00933241 0.539971 132.092 0 1
76.7273 36.6048 32.4254 0.841132 -0.00904697 0.540755 132.246 0 1
76.7095 35.5819 32.4166 0.840747 -0.00832748 0.541364 132.413 0 1
76.6975 34.4663 32.4155 0.840489 -0.00728595 0.54178 132.574 0 1
76.6733 33.4104 32.4368 0.840352 -0.00606194 0.542007 132.73 0 1
76.6345 32.3987 32.4884 0.840326 -0.00479459 0.54206 132.907 0 1
76.6511 31.273 32.4581 0.840393 -0.00359999 0.541966 133.145 0 1
76.7115 29.7557 32.3623 0.840534 -0.00255762 0.541753 133.37 0 1
76.7135 28.3209 32.3589 0.84073 -0.00170752 0.541452 133.604 0 1
76.6977 26.8325 32.386 0.840962 -0.0010559 0.541092 133.788 0 1
76.7404 25.6614 32.3231 0.841217 -0.000585711 0.540698 133.948 0 1
76.741 24.6473 32.3224 0.841481 -0.000268471 0.540286 134.113 0 1
76.7312 23.5977 32.3375 0.841748 -7.46872e-05 0.539871 134.305 0 1
76.7405 22.3794 32.325 0.842011 1.90684e-05 0.53946 134.525 0 1
76.7272 20.9847 32.3472 0.842268 2.77677e-05 0.539059 134.694 0 1
76.7346 19.9104 32.3358 0.842516 -3.96876e-05 0.538671 134.854 0 1
76.7384 18.8912 32.3298 0.842753 -0.000175067 0.5383 135.058 0 1
76.7337 17.5983 32.3377 0.842976 -0.000365761 0.537951 135.227 0 1
76.7222 16.5227 32.3559 0.843181 -0.000593313 0.537629 135.469 0 1
76.7338 14.9855 32.3372 0.843365 -0.000836427 0.53734 135.682 0 1
76.7251 13.6342 32.3493 0.843525 -0.00107636 0.537088 135.883 0 1
76.69 12.3568 32.4009 0.843659 -0.00130145 0.536878 136.128 0 1
76.6967 10.8038 32.384 0.843763 -0.00150878 0.536714 136.321 0 1
76.7241 9.58042 32.3356 0.843836 -0.00170327 0.536598 136.485 0 1
76.7108 8.53874 32.3525 0.843877 -0.0018951 0.536533 136.67 0 1
76.6628 7.36626 32.4242 0.843884 -0.00209588 0.536522 136.96 0 1
76.7044 5.52459 32.3523 0.843857 -0.00231435 0.536563 137.172 0 1
76.7337 4.17771 32.3004 0.843799 -0.00255245 0.536653 137.377 0 1
76.7098 2.87784 32.3318 0.843711 -0.00280348 0.53679 137.681 0 1
76.6745 0.944966 32.3779 0.843595 -0.00305322 0.536971 137.845 0 1
76.678 -0.098324 32.367 0.843453 -0.00328428 0.537193 138.03 0 1
76.6714 -1.27123 32.3688 0.843283 -0.00348197 0.537458 138.264 0 1
76.6856 -2.75869 32.3352 0.843086 -0.00363919 0.537767 138.427 0 1
76.6795 -3.79749 32.3362 0.842858 -0.00375874 0.538123 138.659 0 1
76.6551 -5.26916 32.3635 0.842598 -0.00385233 0.538529 138.864 0 1
76.6617 -6.571 32.3423 0.842306 -0.0039368 0.538985 139.054 0 1
76.6646 -7.77923 32.3292 0.841982 -0.00402878 0.53949 139.218 0 1
76.6533 -8.82476 32.3392 0.841629 -0.00413936 0.540041 139.432 0 1
76.6755 -10.1809 32.2954 0.841248 -0.00427064 0.540633 139.645 0 1
76.6802 -11.5339 32.2768 0.840842 -0.00441574 0.541263 139.899 0 1
76.6351 -13.1418 32.3353 0.840412 -0.00456143 0.541929 140.072 0 1
76.6389 -14.2457 32.3197 0.83996 -0.00469197 0.542628 140.241 0 1
76.6383 -15.3185 32.3109 0.839487 -0.00479204 0.543358 140.453 0 1
76.6299 -16.6607 32.3111 0.838996 -0.00484838 0.544116 140.611 0 1
76.6013 -17.6657 32.3444 0.838489 -0.00485008 0.544898 140.83 0 1
76.6077 -19.0585 32.3215 0.83797 -0.00478825 0.545695 141.082 0 1
76.6202 -20.6541 32.2885 0.83745 -0.00465526 0.546495 141.346 0 1
76.5776 -22.3303 32.3382 0.836941 -0.0044412 0.547274 141.507 0 1
76.5742 -23.3554 32.3339 0.836462 -0.00412617 0.54801 141.672 0 1
76.5639 -24.4003 32.3405 0.836024 -0.00367125 0.548681 141.868 0 1
76.5568 -25.6442 32.3415 0.835636 -0.0030158 0.549276 142.059 0 1
76.544 -26.8623 32.3513 0.8353 -0.00209223 0.54979 142.253 0 1
76.5373 -28.097 32.3554 0.835026 -0.00086756 0.55021 142.429 0 1
76.5383 -29.216 32.3483 0.834831 0.000600843 0.550506 142.606 0 1
76.5424 -30.3395 32.3384 0.834745 0.00213505 0.550633 142.777 0 1
76.5434 -31.4342 32.334 0.834802 0.00346883 0.550539 142.95 0 1
76.5554 -32.5467 32.3293 0.835036 0.00433531 0.550179 143.126 0 1
76.5651 -33.6794 32.3288 0.835455 0.00456004 0.54954 143.295 0 1
76.5696 -34.7693 32.344 0.836032 0.00410747 0.548665 143.536 0 1
76.5455 -36.3488 32.4345 0.836698 0.00306399 0.547656 143.811 0 1
76.5793 -38.1715 32.4305 0.837353 0.0015804 0.546661 143.973 0 1
76.6273 -39.2523 32.3563 0.837891 -0.000185849 0.545838 144.203 0 1
76.6131 -40.7974 32.3711 0.838218 -0.00209856 0.545331 144.35 0 1
76.6083 -41.7976 32.3668 0.83826 -0.00403743 0.545256 144.497 0 1
76.6222 -42.7998 32.3321 0.837952 -0.00587819 0.545712 144.751 0 1
76.6106 -44.5352 32.3277 0.83724 -0.00748187 0.546784 144.924 0 1
76.5774 -45.7272 32.3636 0.836077 -0.00870801 0.548543 145.171 0 1
76.5657 -47.4188 32.3518 0.834447 -0.00944962 0.551008 145.399 0 1
75.9008 -48.4289 33.3488 0.832394 -0.00967304 0.5541 145.598 0 1
75.1488 -48.4748 34.4876 0.830049 -0.00944088 0.55761 145.808 0 1
74.3365 -48.4166 35.709 0.827633 -0.00890443 0.561199 146.026 0 1
73.4721 -48.4467 36.9895 0.825423 -0.00826762 0.564455 146.191 0 1
72.8106 -48.4751 37.9397 0.823694 -0.00773788 0.566981 146.342 0 1
72.202 -48.4755 38.8104 0.822664 -0.00748262 0.568479 146.534 0 1
71.4292 -48.493 39.8868 0.822441 -0.00760195 0.5688 146.678 0 1
71.6559 -49.3993 39.5699 0.823014 -0.00811588 0.567963 146.858 0 1
72.3632 -49.3109 38.5745 0.824264 -0.0089603 0.566134 147.011 0 1
72.9699 -49.3039 37.7069 0.825997 -0.00999205 0.563586 147.168 0 1
73.578 -49.3295 36.8119 0.82799 -0.0110107 0.560635 147.317 0 1
74.1638 -49.3743 35.9462 0.830048 -0.0118049 0.557567 147.541 0 1
75.0365 -49.3206 34.6293 0.832031 -0.0122172 0.554595 147.836 0 1
76.1805 -49.2856 32.8927 0.833859 -0.0121964 0.551842 147.982 0 1
76.7169 -49.0969 32.0686 0.835488 -0.0118013 0.549383 148.138 0 1
77.006 -48.1501 31.6584 0.836877 -0.0111475 0.547278 148.354 0 1
77.1481 -46.698 31.4715 0.837981 -0.010327 0.545601 148.529 0 1
77.1281 -45.5004 31.5222 0.838754 -0.00935231 0.54443 148.676 0 1
77.049 -44.5082 31.6515 0.839164 -0.00815877 0.543818 148.885 0 1
77.0783 -43.0797 31.6127 0.839208 -0.0066632 0.54377 149.112 0 1
77.0886 -41.5256 31.6139 0.838922 -0.00484434 0.54423 149.257 0 1
77.1126 -40.5257 31.6022 0.838377 -0.00279598 0.545084 149.415 0 1
77.1135 -39.4535 31.6094 0.837667 -0.000722207 0.546181 149.563 0 1
77.1137 -38.452 31.6114 0.836892 0.00112176 0.547367 149.727 0 1
77.0398 -37.3692 31.7176 0.83614 0.00251123 0.54851 149.893 0 1
77.084 -36.2732 31.6116 0.835478 0.00331687 0.549513 150.178 0 1
77.0405 -34.394 31.6278 0.834947 0.00352765 0.550319 150.355 0 1
77.0331 -33.2405 31.6145 0.834564 0.00323103 0.550901 150.537 0 1
77.0206 -32.061 31.6172 0.834334 0.00256918 0.551253 150.719 0 1
77.0086 -30.8921 31.6324 0.83425 0.00169425 0.551384 150.899 0 1
77.0015 -29.7359 31.6464 0.834302 0.000737993 0.551307 151.077 0 1
77.0051 -28.6004 31.6461 0.834477 -0.000201632 0.551043 151.253 0 1
77.0213 -27.4847 31.6272 0.834758 -0.00106168 0.550616 151.435 0 1
77.0423 -26.328 31.5997 0.835127 -0.00180939 0.550055 151.624 0 1
77.0527 -25.125 31.5924 0.835563 -0.00243472 0.549389 151.802 0 1
77.0338 -23.9929 31.628 0.836048 -0.00294182 0.548649 152.025 0 1
77.0377 -22.5785 31.6334 0.836562 -0.00334053 0.547862 152.204 0 1
77.1606 -21.4608 31.454 0.837091 -0.00364026 0.547052 152.417 0 1
77.1084 -20.1126 31.5439 0.837624 -0.00384821 0.546233 152.676 0 1
77.1029 -18.467 31.5666 0.838156 -0.00397181 0.545415 152.847 0 1
77.0533 -17.3882 31.6514 0.838683 -0.00402235 0.544605 153.005 0 1
77.1108 -16.3865 31.5704 0.8392 -0.00401653 0.543808 153.202 0 1
77.0949 -15.1345 31.6066 0.839703 -0.00397465 0.543032 153.379 0 1
77.1952 -14.0288 31.4598 0.840186 -0.00391715 0.542285 153.651 0 1
77.2162 -12.2999 31.4398 0.840643 -0.00386097 0.541575 153.825 0 1
77.1257 -11.2073 31.587 0.841072 -0.00381631 0.54091 154.057 0 1
77.1097 -9.73704 31.621 0.841469 -0.00378423 0.540293 154.272 0 1
77.0936 -8.36824 31.6551 0.841832 -0.00375651 0.539726 154.542 0 1
77.2292 -6.67443 31.4543 0.842163 -0.00371912 0.53921 154.718 0 1
77.1109 -5.57412 31.6475 0.842463 -0.00365815 0.538742 154.887 0 1
77.1371 -4.50151 31.6137 0.842732 -0.00356533 0.538322 155.119 0 1
77.1431 -3.02927 31.6154 0.842972 -0.00344026 0.537946 155.279 0 1
77.1559 -2.01414 31.6032 0.843185 -0.00328894 0.537614 155.485 0 1
77.1406 -0.700775 31.637 0.843369 -0.00312079 0.537326 155.67 0 1
77.126 0.467524 31.6656 0.843525 -0.00294641 0.537082 155.84 0 1
77.1467 1.55118 31.6384 0.843654 -0.00277646 0.53688 156.007 0 1
77.2028 2.6027 31.5548 0.843757 -0.00262026 0.536719 156.168 0 1
77.285 3.61612 31.4301 0.843834 -0.00248273 0.536598 156.335 0 1
77.2 4.66592 31.5685 0.843888 -0.00236128 0.536515 156.494 0 1
77.1396 5.66693 31.6679 0.843917 -0.00224498 0.536469 156.768 0 1
77.1182 7.40936 31.7074 0.843923 -0.00211798 0.536461 156.926 0 1
77.1807 8.40661 31.6123 0.843903 -0.00196596 0.536492 157.16 0 1
77.1944 9.89613 31.5966 0.843858 -0.0017823 0.536563 157.343 0 1
77.134 11.0529 31.697 0.843787 -0.00157041 0.536676 157.529 0 1
77.1486 12.2354 31.6789 0.843689 -0.00134172 0.536831 157.783 0 1
77.2938 13.8233 31.4554 0.843564 -0.00111111 0.537027 158.044 0 1
77.2148 15.4798 31.5822 0.843414 -0.000892502 0.537264 158.247 0 1
77.1897 16.7653 31.6222 0.843239 -0.000696032 0.537538 158.45 0 1
77.1758 18.0552 31.644 0.843044 -0.000527061 0.537845 158.647 0 1
77.1815 19.3045 31.6364 0.842829 -0.000387 0.538182 158.806 0 1
77.2432 20.3065 31.5398 0.842596 -0.000276027 0.538547 159.013 0 1
77.2464 21.6251 31.5351 0.842344 -0.000198315 0.53894 159.192 0 1
77.2149 22.7571 31.5834 0.842074 -0.000169654 0.539363 159.367 0 1
77.2058 23.8689 31.5977 0.841785 -0.000223486 0.539813 159.54 0 1
77.1826 24.9694 31.634 0.841477 -0.000409153 0.540292 159.707 0 1
77.1883 26.0299 31.6252 0.841155 -0.000781846 0.540794 159.878 0 1
77.2318 27.1134 31.5549 0.840827 -0.0013897 0.541302 160.086 0 1
77.2147 28.4374 31.5824 0.840516 -0.00225852 0.541782 160.251 0 1
77.283 29.4787 31.4772 0.840251 -0.00337018 0.542187 160.509 0 1
77.12 31.0945 31.731 0.84006 -0.00464255 0.542473 160.748 0 1
77.1681 32.6198 31.6633 0.839972 -0.00592982 0.542598 160.905 0 1
77.2136 33.6231 31.6086 0.840009 -0.00705195 0.542526 161.069 0 1
77.2426 34.6875 31.58 0.840197 -0.00784268 0.542225 161.228 0 1
77.2416 35.7293 31.5993 0.840543 -0.00819702 0.541683 161.394 0 1
77.2363 36.8212 31.6408 0.84103 -0.00809812 0.540928 161.557 0 1
77.2555 37.9023 31.646 0.841608 -0.00761024 0.540035 161.73 0 1
77.2583 39.0512 31.6605 0.842208 -0.00684243 0.539109 161.911 0 1
77.2702 40.2642 31.6501 0.842762 -0.00590625 0.538254 162.075 0 1
77.3118 41.3885 31.6114 0.84322 -0.00489138 0.537546 162.239 0 1
77.2764 42.5069 31.6686 0.843558 -0.00386481 0.537025 162.395 0 1
77.288 43.5742 31.6426 0.843763 -0.00288218 0.536708 162.59 0 1
77.3577 44.8975 31.5411 0.843811 -0.00199746 0.536636 162.785 0 1
77.3116 46.2172 31.6259 0.843646 -0.00126391 0.536898 162.959 0 1
77.3367 47.3803 31.5869 0.843181 -0.000726646 0.537629 163.183 0 1
77.0947 48.8064 31.9577 0.842314 -0.00040905 0.538987 163.36 0 1
76.5142 49.3155 32.8684 0.840941 -0.00029165 0.541126 163.512 0 1
75.9649 49.3392 33.7346 0.838954 -0.00028996 0.544202 163.702 0 1
75.276 49.3489 34.824 0.836231 -0.000259945 0.548378 163.852 0 1
74.7207 49.3259 35.6888 0.832659 -5.54793e-05 0.553787 164.119 0 1
73.7154 49.2553 37.2152 0.8282 0.000389657 0.560433 164.272 0 1
73.1231 49.1905 38.0956 0.822973 0.00102133 0.56808 164.436 0 1
72.5099 49.5064 39.0089 0.817292 0.00169901 0.576221 164.593 0 1
71.8886 49.4179 39.8938 0.811627 0.00226992 0.584171 164.75 0 1
71.2615 49.3467 40.7842 0.806481 0.00262557 0.591254 164.905 0 1
70.6355 49.3476 41.6327 0.80226 0.00271618 0.596969 165.113 0 1
69.7803 49.3107 42.7137 0.799177 0.00253798 0.601091 165.307 0 1
68.9616 49.2842 43.731 0.797241 0.00211759 0.603657 165.582 0 1
67.8346 49.3437 45.1482 0.796305 0.00150298 0.604893 165.759 0 1
67.1181 49.263 46.0873 0.796135 0.00075689 0.605118 165.995 0 1
66.1353 49.2018 47.38 0.79648 -5.27068e-05 0.604666 166.134 0 1
65.7764 48.3984 47.8579 0.79711 -0.000864151 0.603834 166.323 0 1
65.6892 47.0336 47.9678 0.797836 -0.00162968 0.602873 166.487 0 1
65.7038 45.8288 47.9418 0.798492 -0.00231484 0.602001 166.648 0 1
65.729 44.6513 47.8974 0.798919 -0.00288989 0.601431 166.792 0 1
65.7328 43.5977 47.8857 0.798965 -0.00331604 0.601368 166.946 0 1
65.7279 42.4689 47.8833 0.798532 -0.00353195 0.601941 167.092 0 1
65.7871 41.4036 47.7979 0.797649 -0.00345318 0.603112 167.297 0 1
65.8803 39.9073 47.6642 0.796528 -0.00300171 0.604594 167.433 0 1
66.0958 38.9698 47.3686 0.795564 -0.00216554 0.605866 167.593 0 1
66.7755 38.5918 46.4548 0.795255 -0.00105503 0.606275 167.787 0 1
67.6447 38.6017 45.3261 0.796059 9.11687e-05 0.60522 167.984 0 1
68.4946 38.6276 44.2608 0.798241 0.000971679 0.602338 168.242 0 1
69.5519 38.6644 42.9398 0.801773 0.00133431 0.597628 168.41 0 1
70.2573 38.6937 42.0614 0.806343 0.00107961 0.591447 168.578 0 1
70.9577 38.662 41.1384 0.811462 0.000303708 0.584405 168.768 0 1
71.7285 38.5255 40.0899 0.816616 -0.000739382 0.577181 168.962 0 1
72.2983 37.639 39.2732 0.821393 -0.00173308 0.570361 169.13 0 1
72.4043 36.5144 39.1054 0.825543 -0.00240341 0.564334 169.28 0 1
72.4286 35.5146 39.042 0.82898 -0.00259107 0.559272 169.447 0 1
72.386 34.422 39.0738 0.831734 -0.00227301 0.55517 169.623 0 1
72.3752 33.2746 39.067 0.833899 -0.00154057 0.551915 169.79 0 1
72.364 32.1917 39.0795 0.835591 -0.000553423 0.549352 169.956 0 1
72.357 31.1261 39.0928 0.83692 0.000511859 0.547325 170.131 0 1
72.3573 30.0019 39.0962 0.837978 0.0015049 0.545701 170.321 0 1
72.378 28.7866 39.0786 0.838837 0.00232762 0.544378 170.481 0 1
72.3907 27.77 39.0696 0.83955 0.00294 0.543275 170.657 0 1
72.338 26.6516 39.1649 0.840158 0.00334812 0.542332 170.831 0 1
72.2593 25.5578 39.299 0.840688 0.00358284 0.541507 170.999 0 1
72.3956 24.5151 39.0949 0.841161 0.00367911 0.540772 171.241 0 1
72.41 22.9811 39.0839 0.841589 0.00366353 0.540106 171.415 0 1
72.4486 21.8778 39.0291 0.841979 0.00355171 0.539499 171.598 0 1
72.41 20.7136 39.0987 0.842334 0.00335195 0.538945 171.775 0 1
72.3772 19.5958 39.1576 0.842657 0.00307037 0.538442 172.004 0 1
72.3838 18.1366 39.1572 0.842949 0.00271441 0.537987 172.173 0 1
72.412 17.0663 39.1199 0.84321 0.00229419 0.53758 172.34 0 1
72.4408 16.0067 39.0785 0.84344 0.00182241 0.537221 172.51 0 1
72.4251 14.9272 39.1064 0.843638 0.0013135 0.536911 172.687 0 1
72.4232 13.8051 39.1109 0.843802 0.000782463 0.536653 172.874 0 1
72.4544 12.6183 39.0631 0.843932 0.000243913 0.53645 173.034 0 1
72.3795 11.6125 39.1807 0.844026 -0.000288988 0.536302 173.191 0 1
72.4565 10.624 39.0576 0.844085 -0.000806305 0.53621 173.367 0 1
72.4101 9.50708 39.1282 0.844109 -0.00130368 0.53617 173.57 0 1
72.3635 8.22407 39.1973 0.844102 -0.00178383 0.53618 173.733 0 1
72.367 7.18503 39.1877 0.844066 -0.00225551 0.536234 173.949 0 1
72.434 5.82159 39.0754 0.844007 -0.00272972 0.536325 174.118 0 1
72.423 4.74929 39.0865 0.843928 -0.00321498 0.536447 174.294 0 1
72.3795 3.63175 39.1484 0.843832 -0.00371442 0.536594 174.487 0 1
72.3404 2.40953 39.2019 0.843722 -0.00422555 0.536763 174.704 0 1
72.364 1.0284 39.1549 0.843596 -0.00474201 0.536957 174.872 0 1
72.3709 -0.0365446 39.1335 0.84345 -0.00525571 0.537182 175.095 0 1
72.3267 -1.4473 39.1883 0.843278 -0.00575859 0.537447 175.291 0 1
72.3648 -2.69192 39.1135 0.843074 -0.00624399 0.537761 175.476 0 1
72.3912 -3.86665 39.0577 0.842837 -0.00670776 0.538126 175.652 0 1
72.3884 -4.98343 39.0474 0.842567 -0.0071487 0.538544 175.876 0 1
72.2567 -6.38965 39.2345 0.842267 -0.00756822 0.539008 176.099 0 1
72.3979 -7.77462 38.9921 0.841939 -0.00796937 0.539513 176.352 0 1
72.2958 -9.37735 39.1274 0.841592 -0.00835597 0.54005 176.564 0 1
72.2705 -10.7213 39.1444 0.841229 -0.00873197 0.540609 176.759 0 1
72.2397 -11.9592 39.1717 0.840853 -0.00910057 0.541186 176.929 0 1
72.2778 -13.0371 39.0957 0.840467 -0.00946311 0.54178 177.096 0 1
72.2968 -14.094 39.0473 0.84007 -0.00981866 0.54239 177.261 0 1
72.2755 -15.1435 39.0621 0.839659 -0.0101649 0.543019 177.425 0 1
72.2919 -16.1835 39.0164 0.839232 -0.0104986 0.543672 177.594 0 1
72.2676 -17.2583 39.033 0.838785 -0.0108122 0.544356 177.812 0 1
72.1996 -18.6418 39.1096 0.838309 -0.0110884 0.545082 178.004 0 1
72.2572 -19.8521 38.9956 0.837792 -0.0112954 0.545873 178.175 0 1
72.2426 -20.9418 38.9949 0.837218 -0.0113854 0.54675 178.472 0 1
72.1852 -22.8259 39.0422 0.836579 -0.0112926 0.54773 178.652 0 1
72.1467 -23.964 39.0753 0.835869 -0.0109334 0.548821 178.822 0 1
72.1123 -25.0446 39.1042 0.835085 -0.0102172 0.550026 178.998 0 1
72.1101 -26.1646 39.0799 0.834217 -0.00908254 0.551362 179.211 0 1
72.0865 -27.5175 39.088 0.833239 -0.00754791 0.552862 179.389 0 1
72.1239 -28.6449 39.0096 0.832094 -0.00574558 0.554604 179.627 0 1
72.163 -30.1553 38.929 0.830675 -0.00391192 0.556744 179.813 0 1
72.1615 -31.3415 38.9209 0.828797 -0.00233951 0.559545 179.977 0 1
72.12 -32.3832 38.9763 0.826222 -0.0013129 0.563343 180.22 0 1
72.133 -33.9441 38.9779 0.822739 -0.00103879 0.568418 180.417 0 1
72.1035 -35.2117 39.0434 0.818279 -0.00158045 0.574818 180.608 0 1
72.1787 -36.4567 38.9696 0.812994 -0.00282599 0.582266 180.826 0 1
72.0052 -37.861 39.2185 0.807247 -0.00451904 0.590196 180.997 0 1
71.4279 -38.4699 40.029 0.801522 -0.00634348 0.597931 181.156 0 1
70.7907 -38.6311 40.8785 0.796279 -0.00801782 0.604876 181.443 0 1
69.5728 -38.6887 42.3978 0.791831 -0.00935784 0.610668 181.616 0 1
68.8253 -38.7013 43.296 0.78829 -0.0102978 0.615217 181.776 0 1
68.1346 -38.7301 44.1428 0.785577 -0.0108838 0.618668 181.95 0 1
67.4426 -39.3697 44.9852 0.783486 -0.0112488 0.621307 182.146 0 1
67.452 -40.8563 44.9532 0.781767 -0.0115651 0.623463 182.283 0 1
67.4733 -41.8815 44.9089 0.780219 -0.0119773 0.625391 182.53 0 1
67.5423 -43.7118 44.784 0.778776 -0.0125385 0.627176 182.682 0 1
67.6065 -44.8429 44.695 0.777558 -0.0131769 0.628673 182.823 0 1
67.618 -45.8825 44.6629 0.776861 -0.0137047 0.629523 183.024 0 1
67.679 -47.3867 44.5669 0.777077 -0.0138664 0.629252 183.162 0 1
67.7848 -48.3932 44.4104 0.778566 -0.0134154 0.627419 183.326 0 1
68.3092 -49.2802 43.7446 0.781516 -0.0121933 0.623766 183.482 0 1
69.0315 -49.3304 42.883 0.785866 -0.0101845 0.618313 183.727 0 1
70.111 -49.3762 41.5882 0.791307 -0.00752459 0.611372 183.887 0 1
70.7917 -49.3815 40.723 0.797363 -0.00446312 0.603484 184.013 0 1
71.3133 -49.5167 40.0472 0.803411 -0.00129833 0.59523 184.013 0 1
74.724 -34.5005 35.112 0.83438 0.0124096 0.55105 184.266 1 1
74.6501 -32.8352 35.2105 0.834121 0.0104689 0.551482 184.424 0 1
74.4956 -31.8504 35.4455 0.833919 0.00893507 0.551814 184.617 0 1
74.6144 -30.6422 35.2597 0.833781 0.00795118 0.552039 184.667 0 1
74.7767 -30.5093 35.0151 0.833697 0.00754266 0.552171 184.863 0 1
74.6464 -31.7302 35.2187 0.833652 0.00761516 0.552238 185.027 0 1
74.7742 -32.7518 35.0228 0.83363 0.00798521 0.552266 185.2 0 1
74.683 -33.8524 35.1596 0.833605 0.0084312 0.55228 185.2 0 1
74.4778 -28.8131 35.4649 0.833296 -0.00405189 0.552811 185.357 1 1
74.5199 -27.8141 35.408 0.833637 -0.00452641 0.552293 185.628 0 1
74.3805 -26.1059 35.6394 0.833979 -0.00499614 0.551774 185.668 0 1
74.4901 -25.949 35.4751 0.834321 -0.00545267 0.551251 185.838 0 1
74.7828 -26.8877 35.0211 0.834667 -0.0058818 0.550723 186.152 0 1
74.4749 -28.8048 35.4693 0.835017 -0.00626805 0.550188 186.837 0 1
74.7941 -24.4694 35.0326 0.835372 -0.00660154 0.549645 187.076 0 1
74.4888 -23.0653 35.5172 0.83573 -0.00688213 0.549097 187.226 0 1
74.782 -23.8493 35.0596 0.836086 -0.00711755 0.548551 187.249 0 1
74.7874 -23.9945 35.0494 0.836436 -0.00731714 0.548015 187.622 0 1
74.7513 -21.6241 35.1393 0.836776 -0.00748592 0.547494 187.77 0 1
74.5408 -20.7733 35.4731 0.837103 -0.00762356 0.546991 187.88 0 1
74.749 -21.3516 35.1465 0.837418 -0.00772816 0.546509 188.06 0 1
74.5181 -20.295 35.5147 0.837716 -0.0078006 0.546051 188.251 0 1
74.5004 -19.0801 35.5607 0.837993 -0.00784508 0.545625 188.353 0 1
74.5301 -19.7202 35.5049 0.838245 -0.00786587 0.545237 188.6 0 1
74.6161 -18.1552 35.397 0.838474 -0.00786356 0.544885 188.776 0 1
74.6155 -17.0366 35.4141 0.838686 -0.00783455 0.544558 188.937 0 1
74.8191 -16.0834 35.1129 0.838894 -0.00777392 0.544239 189.003 0 1
74.5953 -16.1804 35.4573 0.839104 -0.00767986 0.543917 189.17 0 1
74.4779 -17.2249 35.6235 0.839316 -0.00755641 0.543591 189.285 0 1
74.6819 -17.845 35.3004 0.839526 -0.00741281 0.543269 189.753 0 1
74.4778 -14.9019 35.6572 0.839728 -0.00726007 0.542958 189.981 0 1
74.559 -13.4617 35.5496 0.839922 -0.00710726 0.54266 190.165 0 1
74.7651 -12.3497 35.2445 0.840112 -0.00695947 0.542368 190.219 0 1
74.9001 -12.1076 35.0377 0.840303 -0.00681785 0.542074 190.409 0 1
74.8254 -13.3028 35.1386 0.840495 -0.00668105 0.541778 190.571 0 1
74.7029 -14.3116 35.3162 0.840685 -0.00654706 0.541485 190.636 0 1
74.7036 -14.7257 35.3102 0.840867 -0.00641465 0.541204 191.205 0 1
74.558 -11.1317 35.5803 0.841039 -0.00628397 0.540937 191.427 0 1
74.6185 -9.72383 35.5024 0.841204 -0.00615658 0.540682 191.598 0 1
74.5462 -8.64634 35.6271 0.841368 -0.00603518 0.540429 191.739 0 1
74.8154 -9.39158 35.1993 0.841535 -0.00592316 0.54017 191.901 0 1
74.8679 -10.4146 35.1057 0.841709 -0.00582362 0.5399 191.939 0 1
74.8588 -10.6519 35.1176 0.84189 -0.00573808 0.539618 192.503 0 1
74.7923 -7.0721 35.2608 0.842076 -0.00566518 0.539329 192.54 0 1
74.7871 -6.83692 35.2712 0.842263 -0.00559969 0.539038 192.767 0 1
74.755 -5.39403 35.336 0.842446 -0.00553213 0.538753 192.932 0 1
74.8776 -4.36685 35.1543 0.842622 -0.00544951 0.538478 193.087 0 1
74.627 -5.23839 35.5376 0.842791 -0.00533784 0.538215 193.382 0 1
74.6174 -3.36813 35.5731 0.842953 -0.00518575 0.537963 193.556 0 1
74.8931 -2.38423 35.1507 0.843108 -0.00498866 0.537721 193.615 0 1
74.7343 -2.62468 35.3976 0.843256 -0.00475203 0.53749 193.803 0 1
74.6279 -1.45096 35.5757 0.843394 -0.00449255 0.537277 194.012 0 1
74.9682 -0.278676 35.0512 0.843514 -0.00423607 0.53709 194.179 0 1
74.6861 0.642644 35.5018 0.843613 -0.00401277 0.536936 194.342 0 1
74.8851 1.60816 35.1954 0.843686 -0.00385126 0.536824 194.501 0 1
74.982 2.60383 35.0489 0.843729 -0.00377339 0.536757 194.67 0 1
75.0378 3.67418 34.9665 0.843741 -0.00379084 0.536737 194.836 0 1
74.7221 2.79739 35.4589 0.843726 -0.00390376 0.53676 195.001 0 1
74.5958 1.77532 35.6518 0.843687 -0.0041012 0.53682 195.172 0 1
74.541 0.695197 35.7301 0.84363 -0.00436311 0.536907 195.328 0 1
74.8013 -0.168933 35.3142 0.843563 -0.00466335 0.53701 195.473 0 1
74.6264 -1.02998 35.5822 0.843493 -0.00497328 0.537117 195.473 0 1
74.8396 5.43897 35.2865 0.843985 -0.00217297 0.536363 195.504 1 1
74.7429 5.51807 35.439 0.844 -0.0021083 0.53634 195.742 0 1
74.9495 6.98119 35.1195 0.844011 -0.0020506 0.536322 195.929 0 1
74.8553 8.15777 35.2721 0.844016 -0.00200013 0.536314 196.101 0 1
74.7068 9.21155 35.5092 0.844014 -0.00195379 0.536318 196.251 0 1
74.7015 8.25899 35.5145 0.844003 -0.00190466 0.536334 196.42 0 1
74.8581 7.22327 35.2642 0.843984 -0.00184187 0.536364 196.45 0 1
74.8444 7.03686 35.2851 0.843957 -0.00175294 0.536408 197.036 0 1
74.9208 10.7609 35.1779 0.843923 -0.00162885 0.536463 197.204 0 1
74.7546 11.7827 35.4426 0.843883 -0.0014688 0.536525 197.342 0 1
74.8451 10.9236 35.2976 0.843841 -0.00128057 0.536592 197.36 0 1
74.8388 10.8086 35.3072 0.843798 -0.00107606 0.53666 197.736 0 1
75.0132 13.1756 35.039 0.843753 -0.000865529 0.536731 197.894 0 1
74.9788 14.1781 35.0935 0.843704 -0.000654338 0.536808 198.073 0 1
74.8749 15.2953 35.257 0.84365 -0.000442521 0.536894 198.227 0 1
74.7587 14.3434 35.4395 0.843589 -0.000225923 0.536989 198.398 0 1
74.9559 13.3177 35.1293 0.843522 1.5589e-06 0.537094 198.42 0 1
74.9285 13.1922 35.1722 0.84345 0.000244292 0.537207 198.927 0 1
74.8768 16.4125 35.2519 0.843374 0.000500828 0.537326 199.098 0 1
74.9958 17.4793 35.0641 0.843293 0.000762048 0.537454 199.152 0 1
74.8203 17.5847 35.3391 0.843203 0.00101341 0.537594 199.308 0 1
74.9265 16.619 35.1736 0.843101 0.0012406 0.537754 199.646 0 1
74.6286 18.6968 35.637 0.842982 0.00143567 0.53794 199.721 0 1
74.5578 19.1517 35.7463 0.842841 0.00159961 0.538161 199.741 0 1
74.5613 19.0243 35.7415 0.842675 0.00173983 0.53842 200 0 1
74.9088 20.5346 35.1906 0.842484 0.00186444 0.538718 200.175 0 1
74.8212 21.6384 35.3238 0.842274 0.00197761 0.539045 200.351 0 1
74.7638 22.7473 35.4106 0.842058 0.00207796 0.539383 200.557 0 1
74.8111 24.0531 35.3336 0.841853 0.00215928 0.539703 200.725 0 1
74.797 25.1189 35.351 0.841679 0.00221257 0.539973 200.907 0 1
74.7983 26.2759 35.3444 0.841555 0.00222931 0.540167 201.069 0 1
74.6322 27.2636 35.596 0.841489 0.00220567 0.540269 201.259 0 1
74.7376 28.4555 35.4263 0.841484 0.00214586 0.540278 201.428 0 1
74.8114 27.3848 35.317 0.841531 0.00206264 0.540205 201.604 0 1
75.0069 26.3274 35.0192 0.84162 0.0019742 0.540066 201.792 0 1
75.0298 25.1333 34.9884 0.84174 0.00189878 0.53988 201.968 0 1
74.9967 24.0194 35.0439 0.841879 0.0018495 0.539663 202.127 0 1
74.9334 23.0146 35.1451 0.84203 0.00183118 0.539428 202.311 0 1
75.0064 21.8534 35.0337 0.842187 0.00184008 0.539182 202.492 0 1
75.0574 20.7053 34.9575 0.842348 0.00186613 0.538931 202.536 0 1
75.0292 20.4311 35.0026 0.842509 0.00189658 0.538679 202.536 0 1
74.7875 29.8384 35.3481 0.840661 0.000666479 0.541561 202.764 1 1
74.5729 31.2374 35.6889 0.840624 -0.00109165 0.541618 202.939 0 1
74.5854 30.127 35.6612 0.840616 -0.00284756 0.541624 202.977 0 1
74.6122 29.8852 35.6199 0.840645 -0.00451763 0.541568 203.51 0 1
74.9714 33.2221 35.082 0.840702 -0.00604074 0.541464 203.672 0 1
74.9878 34.2662 35.0663 0.840766 -0.00741902 0.541348 203.937 0 1
74.9497 35.9946 35.1614 0.840798 -0.00868359 0.54128 203.953 0 1
74.8916 35.9676 35.251 0.840746 -0.00982353 0.54134 204.204 0 1
74.8985 34.2623 35.2054 0.840542 -0.010748 0.541641 204.365 0 1
74.9713 33.2224 35.0822 0.840097 -0.0113194 0.542318 204.365 0 1
74.9713 33.2222 35.0822 0.839319 -0.0114371 0.543519 204.892 0 1
74.5928 36.5474 35.7356 0.838112 -0.0111203 0.545384 205.068 0 1
74.578 37.7507 35.8192 0.836383 -0.0105376 0.548044 205.224 0 1
74.4072 38.7638 36.1193 0.834036 -0.00996014 0.55162 205.385 0 1
74.1716 39.7722 36.4991 0.830988 -0.00964999 0.556206 205.553 0 1
73.793 40.6987 37.0671 0.827201 -0.00973988 0.561821 205.712 0 1
73.3347 41.4509 37.742 0.822733 -0.0101743 0.568338 205.926 0 1
72.592 42.1569 38.8351 0.817761 -0.0107461 0.575458 206.1 0 1
71.9303 42.4762 39.7872 0.812569 -0.0111991 0.582757 206.26 0 1
71.2925 42.67 40.6798 0.807501 -0.0113306 0.589758 206.443 0 1
70.553 42.7459 41.6955 0.802915 -0.0110491 0.595991 206.619 0 1
69.8159 42.7095 42.6253 0.799162 -0.0103821 0.601027 206.839 0 1
68.8966 42.8159 43.7667 0.796554 -0.00944906 0.604493 206.986 0 1
68.3759 43.3104 44.4337 0.795333 -0.00841546 0.606115 207.152 0 1
68.2735 44.385 44.5733 0.795612 -0.0074381 0.60576 207.32 0 1
68.7727 45.112 43.9403 0.797346 -0.00661954 0.603487 207.494 0 1
69.4992 45.2107 43.0313 0.800318 -0.00598837 0.599546 207.739 0 1
70.5343 45.2746 41.7039 0.80419 -0.00551091 0.594347 207.887 0 1
71.1674 45.2985 40.8742 0.808557 -0.00512336 0.588395 208.036 0 1
71.7695 45.227 40.0284 0.813028 -0.00477131 0.582204 208.195 0 1
72.4105 45.1549 39.1158 0.817283 -0.00444754 0.576219 208.379 0 1
73.1316 45.1771 38.0577 0.821109 -0.0042127 0.570757 208.552 0 1
73.8035 45.1667 37.0566 0.824399 -0.00417606 0.565993 208.762 0 1
74.6192 45.0556 35.8407 0.827123 -0.00443084 0.562003 208.908 0 1
75.0491 44.4115 35.1908 0.829286 -0.00497881 0.558803 209.109 0 1
75.0979 43.0375 35.1172 0.830907 -0.00570029 0.556382 209.28 0 1
75.0915 41.8665 35.1225 0.832019 -0.00639555 0.55471 209.466 0 1
75.0491 40.586 35.1847 0.832664 -0.00686984 0.553736 209.624 0 1
74.9913 39.5081 35.2477 0.832893 -0.0070062 0.55339 209.805 0 1
74.9638 38.2761 35.251 0.832745 -0.00678651 0.553615 209.959 0 1
74.8609 37.242 35.3619 0.83223 -0.00625695 0.554395 210.507 0 1
74.3163 40.8145 36.2873 0.8313 -0.00546863 0.555797 210.702 0 1
74.6806 41.9965 35.7382 0.829842 -0.0044421 0.557981 210.973 0 1
74.548 43.857 35.9429 0.827696 -0.00318766 0.561168 211.168 0 1
73.8481 44.3544 36.9868 0.824709 -0.00176391 0.565554 211.333 0 1
73.206 44.4194 37.9407 0.820827 -0.000318773 0.571177 211.497 0 1
72.5936 44.0778 38.8455 0.816187 0.000930207 0.577786 211.663 0 1
71.949 44.3256 39.7692 0.811175 0.00177073 0.584801 211.819 0 1
71.3343 44.4983 40.6436 0.806384 0.00207988 0.591389 211.964 0 1
70.7432 44.5639 41.4507 0.802481 0.00186773 0.596674 212.103 0 1
70.26 44.0293 42.1084 0.80002 0.00126207 0.599972 212.265 0 1
69.6162 44.3945 42.8863 0.799289 0.000453458 0.600946 212.397 0 1
69.1254 43.9471 43.4879 0.800263 -0.00036527 0.599649 212.549 0 1
69.7246 43.56 42.7519 0.802648 -0.00104273 0.596453 212.746 0 1
70.5512 43.4878 41.7235 0.805995 -0.0014921 0.59192 212.894 0 1
71.1295 43.6096 40.9253 0.809821 -0.00169637 0.586675 213.057 0 1
71.7663 43.3784 40.0309 0.813695 -0.00169711 0.581289 213.218 0 1
72.3739 43.0467 39.1548 0.817295 -0.00156919 0.576218 213.395 0 1
73.035 42.7056 38.1838 0.820419 -0.00139035 0.571762 213.539 0 1
73.516 42.1689 37.4754 0.822984 -0.00121774 0.568063 213.798 0 1
74.2452 40.9282 36.3938 0.825 -0.00107909 0.565132 213.802 0 1
74.2542 40.9087 36.3805 0.826534 -0.000977448 0.562886 214.009 0 1
74.2127 42.3438 36.4379 0.827682 -0.00090264 0.561197 214.182 0 1
73.9159 43.4288 36.8821 0.828544 -0.000842258 0.559923 214.3 0 1
73.4892 43.1092 37.5142 0.829215 -0.000787767 0.55893 214.444 0 1
73.9489 42.53 36.8312 0.829777 -0.0007353 0.558094 214.473 0 1
74.0342 42.4017 36.704 0.830313 -0.00068324 0.557297 214.473 0 1
