60.1517 23.3463 57.6083 0.795255 0.010862 0.606178 0 1 0
60.4643 24.6151 57.1742 0.795459 0.0108323 0.60591 0.346617 0 0
60.7719 23.8184 56.7847 0.795636 0.0108647 0.605678 0.514442 0 0
60.2871 23.0388 57.4362 0.795771 0.0109591 0.605498 0.61598 0 0
60.4398 22.4055 57.2455 0.795861 0.0110851 0.605378 0.796966 0 0
61.0349 23.098 56.4501 0.795906 0.0111958 0.605317 0.972424 0 0
61.2129 24.2381 56.1975 0.79592 0.0112474 0.605298 1.14731 0 0
60.9467 25.333 56.52 0.79592 0.0112196 0.605298 1.34345 0 0
60.1536 25.2984 57.5681 0.795927 0.0111299 0.60529 1.55349 0 0
59.6969 24.1341 58.1908 0.795962 0.011037 0.605246 1.70616 0 0
59.6375 23.1241 58.2869 0.79604 0.0110241 0.605144 1.85667 0 0
59.9986 22.3096 57.8277 0.796163 0.0111613 0.60498 1.87945 0 0
60.0888 22.2792 57.7096 0.796314 0.0114664 0.604775 1.99562 0 0
60.0163 21.5156 57.8166 0.79646 0.0118878 0.604574 2.20936 0 0
60.8554 21.8127 56.7073 0.79656 0.0123247 0.604434 2.49346 0 0
61.5418 23.3325 55.7791 0.796578 0.0126668 0.604403 2.7342 0 0
61.552 24.9543 55.7334 0.796497 0.0128316 0.604506 2.92116 0 0
61.1493 26.0312 56.2356 0.796318 0.0127809 0.604743 3.12769 0 0
60.3256 26.3136 57.3128 0.796059 0.0125214 0.60509 3.33564 0 0
59.666 25.4796 58.2047 0.795751 0.0120978 0.605503 3.53348 0 0
59.2913 24.3325 58.7202 0.795439 0.0115871 0.605923 3.69943 0 0
59.1958 23.2463 58.8623 0.795173 0.0110934 0.606281 3.90495 0 0
59.4821 21.958 58.5117 0.795 0.0107371 0.606514 3.92827 0 0
59.5353 21.8297 58.4442 0.794954 0.010631 0.606577 4.04803 0 0
59.1306 21.4021 58.9753 0.795045 0.0108429 0.606453 4.24198 0 0
58.8038 22.5754 59.3859 0.795264 0.011362 0.606156 4.41783 0 0
58.7682 23.7382 59.413 0.795579 0.0120888 0.60573 4.56932 0 0
58.9185 24.7083 59.204 0.79594 0.0128595 0.605239 4.82767 0 0
59.4351 26.1663 58.4947 0.79629 0.013497 0.604764 5.00553 0 0
59.9678 26.9193 57.7666 0.796575 0.01386 0.60438 5.16706 0 0
60.5949 27.1806 56.9291 0.796749 0.0138719 0.604151 5.3542 0 0
61.3121 26.7426 55.9978 0.796783 0.0135242 0.604115 5.63527 0 0
61.9786 25.1874 55.1583 0.796665 0.0128653 0.604284 5.85565 0 0
62.0008 23.6985 55.1687 0.796406 0.0119851 0.604644 6.03588 0 0
61.7999 22.535 55.452 0.796034 0.0109983 0.605153 6.22279 0 0
61.3373 21.5406 56.078 0.795597 0.0100298 0.605744 6.40337 0 0
60.7088 20.9175 56.9144 0.795157 0.00920386 0.606334 6.57888 0 0
60.0024 20.7579 57.844 0.794779 0.00863693 0.606838 6.70789 0 0
59.4988 20.985 58.4999 0.79452 0.00842795 0.60718 6.8255 0 0
59.2077 20.3711 58.8835 0.794416 0.00864216 0.607313 6.98013 0 0
58.726 21.0289 59.5043 0.794477 0.00929113 0.607223 7.27335 0 0
58.325 22.8598 60.0041 0.79469 0.010319 0.606928 7.45735 0 0
58.3683 24.0729 59.9323 0.795026 0.0116044 0.606464 7.61941 0 0
58.5478 25.0977 59.685 0.795451 0.0129782 0.60588 7.81253 0 0
58.9165 26.1968 59.1752 0.795924 0.0142535 0.605229 8.02484 0 0
59.4592 27.2493 58.4304 0.7964 0.0152573 0.604578 8.18366 0 0
59.9973 27.7912 57.6996 0.796823 0.0158596 0.604005 8.39642 0 0
60.8522 27.8801 56.5656 0.797137 0.0159923 0.603586 8.56403 0 0
61.4864 27.441 55.7451 0.797299 0.0156539 0.603382 8.83574 0 0
62.2275 26.0744 54.7988 0.797283 0.0149021 0.603422 9.08897 0 0
62.4585 24.3937 54.5439 0.797094 0.0138383 0.603697 9.25141 0 0
62.3963 23.3037 54.6504 0.796763 0.0125894 0.604161 9.49665 0 0
62.0288 21.7687 55.1639 0.796344 0.0112911 0.604738 9.73853 0 0
61.3313 20.6238 56.1012 0.795908 0.010072 0.605334 9.90913 0 0
60.7111 20.1106 56.9236 0.795524 0.0090424 0.605855 10.0814 0 0
60.0113 20.0066 57.8387 0.795254 0.00828668 0.60622 10.2086 0 0
59.504 20.1582 58.4998 0.795139 0.00786215 0.606376 10.3228 0 0
59.3738 19.4323 58.6749 0.795196 0.00780164 0.606303 10.4819 0 0
60.0065 19.2448 57.8519 0.795419 0.00811715 0.606006 10.6975 0 0
60.8732 19.4237 56.7187 0.795786 0.00880077 0.605514 10.856 0 0
61.4551 19.8836 55.9482 0.796258 0.00982152 0.604877 11.0416 0 0
62.0398 20.6723 55.1677 0.796785 0.0111202 0.60416 11.1977 0 0
62.4311 21.4949 54.6378 0.797308 0.0126065 0.603441 11.445 0 0
62.7896 23.0491 54.1331 0.797767 0.0141623 0.6028 11.6186 0 0
62.8948 24.2112 53.9685 0.798109 0.0156516 0.602309 11.8146 0 0
62.782 25.5295 54.0784 0.798292 0.0169341 0.602032 11.9837 0 0
62.5354 26.6143 54.3681 0.798286 0.0178801 0.602014 12.2595 0 0
61.7618 28.0006 55.3602 0.79808 0.0183865 0.602271 12.4609 0 0
61.0275 28.6204 56.3065 0.79769 0.0183933 0.602787 12.6488 0 0
60.265 28.6567 57.3123 0.797155 0.0178968 0.603509 12.8159 0 0
59.6213 28.3563 58.1796 0.796529 0.0169519 0.604363 13.042 0 0
58.9379 27.3947 59.1131 0.795867 0.0156607 0.605269 13.2178 0 0
58.5154 26.4774 59.6935 0.795215 0.0141519 0.606162 13.3938 0 0
58.1641 25.4841 60.1768 0.794609 0.0125605 0.606992 13.6441 0 0
57.9249 23.8932 60.5127 0.794073 0.011014 0.607723 13.8681 0 0
57.9227 22.4169 60.5331 0.793623 0.00962474 0.608333 14.0422 0 0
58.1302 21.3163 60.2759 0.793269 0.00848831 0.608813 14.2502 0 0
58.5983 20.1732 59.6764 0.793007 0.00768507 0.609165 14.3649 0 0
58.9665 19.7083 59.2027 0.79283 0.00728029 0.6094 14.4876 0 0
58.5547 19.2596 59.7404 0.792733 0.00731823 0.609525 14.6445 0 0
58.0804 19.9489 60.3494 0.792724 0.00780976 0.609531 14.9308 0 0
57.5978 21.667 60.9651 0.792825 0.00872111 0.609387 15.1075 0 0
57.4546 22.8091 61.1384 0.793062 0.00997405 0.609059 15.2872 0 0
57.4861 23.9901 61.0836 0.793454 0.011461 0.608522 15.5078 0 0
57.6916 25.3959 60.7899 0.794001 0.0130671 0.607776 15.7173 0 0
58.0583 26.6267 60.2848 0.794683 0.0146869 0.606847 15.8715 0 0
58.4056 27.4572 59.8117 0.79546 0.01623 0.605789 16.094 0 0
58.9884 28.5364 59.0078 0.796276 0.017616 0.604677 16.2603 0 0
59.5414 29.1321 58.2605 0.797067 0.0187675 0.6036 16.4183 0 0
60.1493 29.3691 57.4406 0.797771 0.0196086 0.602642 16.6145 0 0
60.9402 29.4053 56.3916 0.798342 0.0200716 0.601869 16.7757 0 0
61.5817 29.147 55.5561 0.798752 0.0201103 0.601324 16.9828 0 0
62.2461 28.2866 54.6975 0.798987 0.0197122 0.601025 17.1927 0 0
62.8118 27.2081 53.9771 0.799046 0.0189038 0.600972 17.3453 0 0
63.0719 26.2537 53.6689 0.798934 0.0177469 0.601157 17.4951 0 0
63.2316 25.2665 53.489 0.798659 0.0163268 0.601563 17.6817 0 0
63.3286 24.0051 53.3947 0.798234 0.0147379 0.602168 17.8736 0 0
63.1783 22.7286 53.6257 0.797678 0.0130715 0.602942 18.0817 0 0
62.8911 21.4077 54.0315 0.797022 0.0114094 0.603843 18.288 0 0
62.4081 20.2722 54.6871 0.796305 0.00982367 0.604815 18.5159 0 0
61.697 19.2875 55.6375 0.795583 0.00837794 0.605786 18.6982 0 0
61.0242 18.7646 56.5275 0.794921 0.00712779 0.606671 18.9152 0 0
60.1503 18.4913 57.671 0.794386 0.00611883 0.607382 19.0961 0 0
59.4182 18.6371 58.6218 0.79404 0.00538236 0.607841 19.2181 0 0
58.943 18.8627 59.2385 0.793926 0.00493102 0.607995 19.3314 0 0
58.9175 18.1148 59.2743 0.794059 0.00475896 0.607822 19.5563 0 0
59.7962 17.7426 58.1368 0.794426 0.0048497 0.607341 19.7087 0 0
60.412 17.6573 57.3357 0.794983 0.00518857 0.606609 19.8739 0 0
61.0612 17.9347 56.4862 0.795667 0.00577214 0.605707 20.0507 0 0
61.6942 18.4936 55.6497 0.796404 0.00660957 0.604729 20.2109 0 0
62.2478 19.0618 54.914 0.797124 0.00771407 0.603766 20.4554 0 0
62.9909 20.1525 53.9194 0.797776 0.00908665 0.602886 20.6212 0 0
63.3396 21.106 53.4412 0.79833 0.0106989 0.602125 20.7779 0 0
63.5492 22.1078 53.1486 0.798781 0.0124845 0.601492 20.969 0 0
63.6994 23.3709 52.9153 0.799132 0.0143467 0.600984 21.1315 0 0
63.7683 24.4708 52.7967 0.799382 0.0161748 0.600605 21.2969 0 0
63.6605 25.5875 52.9094 0.799521 0.0178621 0.600373 21.4459 0 0
63.5248 26.5782 53.054 0.799531 0.0193165 0.600314 21.5939 0 0
63.265 27.4976 53.3633 0.799401 0.0204646 0.600449 21.7763 0 0
62.7748 28.4531 53.9798 0.799127 0.0212521 0.600787 22.051 0 0
61.9152 29.6762 55.0873 0.79872 0.0216441 0.601313 22.2055 0 0
61.3394 30.0989 55.8406 0.798207 0.0216259 0.601995 22.4298 0 0
60.4351 30.2412 57.0289 0.797619 0.0212045 0.602789 22.5848 0 0
59.8162 30.1388 57.8604 0.796986 0.0204056 0.603653 22.7737 0 0
59.146 29.5804 58.7651 0.796333 0.019267 0.604552 22.9876 0 0
58.4637 28.7456 59.6907 0.79567 0.0178325 0.605468 23.1643 0 0
58.0375 27.8256 60.2816 0.795002 0.0161518 0.606392 23.3723 0 0
57.5104 26.781 60.9957 0.794329 0.0142869 0.60732 23.5341 0 0
57.2975 25.7824 61.2933 0.793658 0.0123161 0.60824 23.7329 0 0
57.0961 24.5225 61.5815 0.793003 0.0103322 0.609131 23.8975 0 0
57.0119 23.4531 61.7075 0.792381 0.00843096 0.609968 24.0821 0 0
57.0621 22.2434 61.6565 0.79181 0.00669334 0.610731 24.2481 0 0
57.2392 21.1917 61.4298 0.791299 0.00516738 0.611408 24.4966 0 0
57.6188 19.6753 60.9477 0.790847 0.0038578 0.612002 24.6923 0 0
58.1848 18.7777 60.2184 0.790444 0.00272681 0.612529 24.8436 0 0
58.6613 18.1516 59.604 0.79007 0.00170568 0.613015 24.8764 0 0
58.7907 18.101 59.4378 0.789702 0.000712573 0.61349 24.8764 0 0
