60.5271 23.2989 58.1325 0.797029 0.00819224 0.603885 0 1 0
61.1306 23.8666 57.3282 0.797047 0.00858473 0.603856 0.287476 0 0
60.6823 24.04 57.9176 0.797095 0.00899764 0.603787 0.401736 0 0
60.2799 24.4139 58.4414 0.797166 0.00942994 0.603686 0.640239 0 0
60.1484 22.85 58.6375 0.797237 0.0098577 0.603585 0.790031 0 0
60.668 22.3348 57.9596 0.797282 0.0102379 0.60352 0.961301 0 0
61.2743 22.876 57.1526 0.797288 0.0105263 0.603508 1.2272 0 0
61.5456 24.5905 56.7625 0.797264 0.0107007 0.603535 1.41825 0 0
61.0564 25.5888 57.3917 0.797243 0.0107781 0.603563 1.6256 0 0
60.4051 24.7525 58.2691 0.797264 0.0108193 0.603533 1.73746 0 0
59.9684 24.9358 58.8414 0.797362 0.0109156 0.603402 1.98591 0 0
59.6669 23.3731 59.265 0.797546 0.0111577 0.603155 2.24424 0 0
60.0714 21.7918 58.7536 0.797789 0.0115982 0.602825 2.43375 0 0
60.8239 21.5675 57.7666 0.798044 0.0122314 0.602475 2.69218 0 0
61.6696 22.5613 56.6364 0.798259 0.0130017 0.602174 2.84405 0 0
61.9047 23.4948 56.3076 0.798405 0.013834 0.601962 3.00125 0 0
61.9707 24.543 56.1965 0.798488 0.0146598 0.601832 3.1817 0 0
61.7964 25.7272 56.3985 0.798539 0.0154217 0.601745 3.3307 0 0
61.3414 26.4037 56.9842 0.798595 0.0160613 0.601654 3.53793 0 0
60.5475 26.009 58.0513 0.798676 0.01651 0.601535 3.63638 0 0
60.2561 25.58 58.4476 0.798777 0.016698 0.601396 3.76218 0 0
60.1074 26.3835 58.6208 0.798866 0.0165777 0.601281 4.03724 0 0
61.0527 27.2808 57.3394 0.7989 0.0161447 0.601247 4.2354 0 0
61.809 26.8467 56.3436 0.798838 0.0154433 0.601347 4.46911 0 0
62.2956 25.4714 55.7394 0.798656 0.0145574 0.601612 4.67123 0 0
62.4031 24.1155 55.6285 0.798349 0.0135953 0.602041 4.89011 0 0
62.1876 22.6833 55.945 0.797944 0.0126725 0.602599 5.0626 0 0
61.8296 21.6915 56.4382 0.797484 0.0118968 0.603223 5.23833 0 0
61.2488 21.0216 57.2153 0.79703 0.0113553 0.603833 5.40482 0 0
60.5967 20.757 58.0788 0.796638 0.0111071 0.604355 5.63807 0 0
59.7039 21.2597 59.2446 0.796357 0.0111823 0.604723 5.83988 0 0
59.3104 22.4375 59.7447 0.79622 0.011582 0.604897 5.99977 0 0
59.2384 23.4899 59.8242 0.796239 0.0122729 0.604858 6.30601 0 0
59.6428 25.393 59.2605 0.796407 0.0131797 0.604617 6.31947 0 0
59.6687 25.4706 59.225 0.796697 0.014182 0.604212 6.42924 0 0
59.2465 25.6892 59.7757 0.797064 0.0151285 0.603705 6.59311 0 0
59.6207 26.5643 59.2582 0.797453 0.0158651 0.603173 6.78545 0 0
60.1772 27.43 58.4997 0.797809 0.0162677 0.60269 6.97687 0 0
60.8409 28.0213 57.5948 0.798087 0.0162656 0.602323 7.24191 0 0
61.8936 27.7485 56.2012 0.798247 0.0158504 0.602122 7.51111 0 0
62.6153 26.3532 55.2862 0.798262 0.0150719 0.602122 7.7708 0 0
62.8355 24.6297 55.0433 0.798116 0.0140252 0.602341 7.94219 0 0
62.7672 23.4769 55.1589 0.797811 0.0128353 0.602771 8.10763 0 0
62.594 22.397 55.4108 0.797373 0.0116369 0.603374 8.36071 0 0
62.0137 20.9946 56.205 0.796852 0.0105539 0.604083 8.61079 0 0
61.1436 20.1485 57.3675 0.796311 0.00968206 0.60481 8.7864 0 0
60.4384 20.0424 58.2965 0.795817 0.00908377 0.605469 8.94623 0 0
59.8039 20.2428 59.1247 0.795424 0.00879627 0.60599 9.12616 0 0
59.2384 20.9963 59.8563 0.795167 0.00884441 0.606326 9.2776 0 0
58.9512 21.8836 60.2211 0.795064 0.00924618 0.606455 9.44077 0 0
58.8002 22.9345 60.4037 0.795119 0.0100047 0.606371 9.71371 0 0
58.9681 24.7151 60.1556 0.795322 0.0110909 0.606085 9.74784 0 0
59.0181 24.925 60.0868 0.795656 0.0124297 0.605622 9.85243 0 0
58.6079 25.0864 60.6222 0.79609 0.0139021 0.605018 10.0268 0 0
58.8967 26.1289 60.2248 0.796591 0.0153654 0.604323 10.1936 0 0
59.2812 27.0133 59.6939 0.797122 0.0166789 0.603588 10.3483 0 0
59.6935 27.7611 59.1268 0.797644 0.0177256 0.602868 10.4998 0 0
60.1629 28.3758 58.4843 0.798124 0.0184231 0.602212 10.7352 0 0
61.0368 28.9045 57.2999 0.798529 0.0187272 0.601665 10.8945 0 0
61.6743 28.7484 56.4576 0.798834 0.0186321 0.601263 11.085 0 0
62.3463 28.0947 55.5861 0.799023 0.0181659 0.601026 11.2447 0 0
62.8006 27.3076 55.0063 0.799093 0.0173811 0.600957 11.4345 0 0
63.1067 26.1187 54.6378 0.799047 0.0163434 0.601047 11.644 0 0
63.2791 24.726 54.4481 0.798894 0.0151227 0.601282 11.8034 0 0
63.2459 23.6471 54.5201 0.798641 0.0137897 0.60165 11.9745 0 0
63.0797 22.5225 54.7638 0.798291 0.0124161 0.602144 12.1323 0 0
62.8124 21.5559 55.1376 0.797847 0.0110751 0.602758 12.2804 0 0
62.4536 20.7572 55.6264 0.79732 0.00984058 0.603476 12.4484 0 0
61.9394 20.0206 56.316 0.796732 0.00878067 0.60427 12.6476 0 0
61.2196 19.4194 57.2744 0.796117 0.00794973 0.605091 12.825 0 0
60.5111 19.2358 58.2075 0.795518 0.00738077 0.605885 12.9817 0 0
59.8828 19.3655 59.0284 0.794977 0.00708637 0.606598 13.1347 0 0
59.3141 19.7628 59.7686 0.794526 0.00707043 0.607189 13.3084 0 0
58.8408 20.6119 60.3769 0.79419 0.00734288 0.607625 13.4864 0 0
58.5187 21.6662 60.7856 0.793991 0.0079236 0.607878 13.6877 0 0
58.3581 22.9722 60.9793 0.793949 0.00882906 0.60792 13.8681 0 0
58.4392 24.1558 60.8576 0.79408 0.0100498 0.60773 13.8758 0 0
58.4477 24.2049 60.8457 0.794386 0.011534 0.607304 13.9743 0 0
58.0681 24.4029 61.3376 0.794851 0.0131881 0.606661 14.2367 0 0
58.4045 26.042 60.8729 0.795445 0.0148911 0.605842 14.5026 0 0
58.9622 27.5095 60.0997 0.796128 0.0165167 0.604902 14.6774 0 0
59.4235 28.3548 59.4625 0.796856 0.0179499 0.603903 14.836 0 0
59.8998 29.0297 58.8086 0.797581 0.0190954 0.60291 15.0329 0 0
60.6074 29.5676 57.8464 0.79826 0.0198795 0.601985 15.2186 0 0
61.3455 29.7126 56.8572 0.798853 0.0202522 0.601186 15.3763 0 0
61.9532 29.364 56.0638 0.79933 0.0201922 0.600553 15.6219 0 0
62.7835 28.4365 54.9897 0.799669 0.0197128 0.600118 15.8057 0 0
63.2567 27.4616 54.3899 0.799856 0.0188607 0.599895 16.0259 0 0
63.5744 26.0577 54.0155 0.799885 0.0177071 0.599892 16.1762 0 0
63.7209 25.0635 53.8484 0.799756 0.0163334 0.600103 16.3302 0 0
63.7237 24.0169 53.8739 0.799473 0.0148188 0.60052 16.5147 0 0
63.5815 22.7895 54.0912 0.79904 0.0132343 0.601132 16.6811 0 0
63.3515 21.7316 54.4188 0.798467 0.0116445 0.601926 16.8669 0 0
62.9576 20.6661 54.96 0.79777 0.0101162 0.602877 17.0371 0 0
62.4833 19.8367 55.6011 0.796985 0.0087236 0.603936 17.2122 0 0
61.9182 19.1265 56.3549 0.796166 0.00754449 0.605032 17.4189 0 0
61.1352 18.6312 57.3918 0.795375 0.00664591 0.606081 17.6218 0 0
60.3221 18.4249 58.4609 0.794674 0.0060693 0.607007 17.8951 0 0
59.2625 18.9442 59.842 0.794102 0.00582783 0.607756 18.077 0 0
58.6814 19.6777 60.5904 0.793682 0.00591794 0.608305 18.259 0 0
58.2936 20.6988 61.088 0.793417 0.00633419 0.608645 18.4868 0 0
57.977 22.1097 61.4853 0.793309 0.00707394 0.608778 18.7032 0 0
57.9252 23.535 61.5351 0.793355 0.00812868 0.608704 18.7043 0 0
57.9263 23.5421 61.5336 0.793558 0.00946966 0.608421 18.8212 0 0
57.4794 23.7948 62.1122 0.793914 0.0110395 0.607929 18.9939 0 0
57.6037 24.9166 61.9355 0.794413 0.0127555 0.607244 19.1532 0 0
57.8291 25.8933 61.6236 0.795034 0.0145224 0.606391 19.42 0 0
58.2771 27.4719 60.9985 0.795748 0.0162452 0.60541 19.6094 0 0
58.8242 28.314 60.2558 0.79652 0.017836 0.604349 19.7709 0 0
59.2339 29.1199 59.6861 0.797311 0.019215 0.603263 20.0184 0 0
60.0495 30.0135 58.5719 0.798077 0.0203089 0.602213 20.2542 0 0
60.9247 30.5711 57.3858 0.798776 0.0210535 0.60126 20.4157 0 0
61.5722 30.4789 56.5258 0.799374 0.0213992 0.600452 20.6474 0 0
62.3977 29.7255 55.456 0.799854 0.0213173 0.599816 20.8117 0 0
62.9696 29.1506 54.7131 0.800208 0.0208066 0.599362 20.9944 0 0
63.5078 28.292 54.0209 0.800435 0.0198977 0.599089 21.2041 0 0
63.9609 27.071 53.4615 0.800534 0.0186516 0.598998 21.3557 0 0
64.0496 26.0509 53.3806 0.800495 0.0171518 0.599094 21.518 0 0
64.1802 24.9658 53.2373 0.800306 0.0154908 0.599391 21.6819 0 0
64.1765 23.8495 53.272 0.799956 0.0137555 0.599901 21.9462 0 0
63.9507 22.0975 53.6139 0.799437 0.0120166 0.60063 22.1105 0 0
63.6787 21.083 53.9912 0.79875 0.0103249 0.601574 22.3852 0 0
62.9581 19.6683 54.9763 0.797916 0.00871856 0.602706 22.5781 0 0
62.4475 18.6876 55.6612 0.796977 0.00723663 0.603967 22.7617 0 0
61.7954 18.0891 56.5258 0.795998 0.00592815 0.605271 22.9795 0 0
60.9302 17.7692 57.6667 0.795055 0.00485138 0.606518 23.1533 0 0
60.2314 17.621 58.5848 0.794221 0.00406305 0.607616 23.3146 0 0
59.5874 17.7879 59.4232 0.793552 0.00360454 0.608492 23.4757 0 0
59.0234 18.3239 60.1495 0.793078 0.00349188 0.60911 23.6438 0 0
58.4464 18.9077 60.8958 0.792805 0.00371298 0.609464 23.8083 0 0
58.0456 19.7723 61.4113 0.792714 0.00423105 0.609579 23.9822 0 0
57.7597 20.8187 61.7783 0.792772 0.00499102 0.609498 24.1788 0 0
57.521 22.0532 62.078 0.792938 0.00592603 0.609274 24.317 0 0
57.4159 22.9468 62.2061 0.793165 0.00696257 0.608967 24.3695 0 0
57.4588 23.2857 62.1456 0.793407 0.00802459 0.608639 24.3695 0 0
