-35.5115 -43.7331 94.5997 -0.771798 0.00335933 0.635859 0 1 1
-34.8747 -44.0766 95.377 -0.7719 0.00311217 0.635737 0.363422 0 1
-34.6032 -43.1714 95.6955 -0.771912 0.00287977 0.635723 0.569632 0 1
-35.3596 -43.2572 94.7828 -0.771778 0.00268462 0.635887 0.627872 0 1
-35.5079 -43.495 94.6031 -0.771484 0.00256372 0.636244 0.769405 0 1
-35.9732 -43.8371 94.0401 -0.771081 0.00255981 0.636731 0.99335 0 1
-35.8102 -42.6064 94.2337 -0.770673 0.00270641 0.637225 1.16284 0 1
-35.2522 -42.1842 94.9115 -0.770385 0.00300971 0.637572 1.45816 0 1
-34.2176 -42.7453 96.1539 -0.770329 0.00342765 0.637638 1.65079 0 1
-33.8667 -43.706 96.5765 -0.770563 0.00385505 0.637352 1.88737 0 1
-34.3718 -44.7961 95.9806 -0.771034 0.00413389 0.63678 2.10467 0 1
-35.1569 -44.8667 95.0387 -0.771535 0.00409942 0.636173 2.35272 0 1
-35.93 -44.1628 94.0941 -0.771717 0.00364699 0.635956 2.37166 0 1
-35.9769 -44.0863 94.0366 -0.771191 0.00278508 0.636597 2.51246 0 1
-36.4709 -43.9673 93.4299 -0.769711 0.00164673 0.63839 2.77831 0 1
-36.3715 -42.4842 93.5318 -0.767331 0.000457981 0.641251 2.96152 0 1
-36.0083 -41.6007 93.9788 -0.764443 -0.000519797 0.644691 3.19712 0 1
-35.1557 -41.414 95.033 -0.761645 -0.00105427 0.647993 3.45199 0 1
-34.2499 -41.893 96.1163 -0.759523 -0.000997759 0.65048 3.65185 0 1
-33.5935 -42.4502 96.888 -0.75844 -0.00032121 0.651743 3.84988 0 1
-33.326 -43.5059 97.1666 -0.758451 0.00087947 0.65173 4.12272 0 1
-33.4723 -45.0861 97.0113 -0.759312 0.00239992 0.650722 4.41484 0 1
-34.4996 -45.5826 95.8291 -0.760571 0.00396105 0.649242 4.67217 0 1
-35.4472 -45.5731 94.7005 -0.76167 0.00526565 0.647944 4.93269 0 1
-36.3257 -45.0349 93.6314 -0.762054 0.00607897 0.647485 4.96799 0 1
-36.4166 -44.9018 93.5194 -0.761287 0.00629739 0.648384 5.11986 0 1
-36.909 -45.2431 92.9261 -0.759167 0.0059497 0.650869 5.43698 0 1
-36.026 -46.2819 94.0157 -0.755823 0.0051223 0.654756 5.63247 0 1
-35.3228 -46.3298 94.8641 -0.75177 0.00387453 0.659414 5.81031 0 1
-34.6658 -46.3216 95.6381 -0.747826 0.00222626 0.663891 6.10027 0 1
-33.5659 -46.2276 96.8908 -0.744905 0.000231971 0.66717 6.33724 0 1
-32.8852 -45.2629 97.6293 -0.743729 -0.00192696 0.668478 6.51069 0 1
-32.7948 -44.2595 97.7294 -0.744591 -0.00391855 0.667509 6.78739 0 1
-32.8484 -42.6581 97.6334 -0.747291 -0.0053374 0.664476 6.95862 0 1
-33.1929 -41.7464 97.3187 -0.75125 -0.00584186 0.659992 7.13914 0 1
-33.8308 -41.3412 96.6181 -0.755742 -0.00527329 0.654848 7.34304 0 1
-34.5515 -40.9673 95.7852 -0.760114 -0.00369961 0.649779 7.62109 0 1
-35.513 -40.4132 94.6225 -0.76393 -0.00138323 0.645298 7.88883 0 1
-36.3711 -41.0143 93.5192 -0.76701 0.00128057 0.641634 8.06705 0 1
-36.7666 -41.8315 93.0311 -0.769394 0.00381495 0.638764 8.2748 0 1
-36.9329 -42.9923 92.8422 -0.771255 0.00570637 0.636501 8.49833 0 1
-36.9636 -44.2553 92.8375 -0.772795 0.00647184 0.634622 8.57491 0 1
-36.9435 -44.6782 92.8731 -0.77414 0.00575829 0.632988 8.72479 0 1
-37.4444 -44.4431 92.2578 -0.775242 0.00344569 0.631655 8.94133 0 1
-37.4311 -43.2557 92.2432 -0.775832 -0.000291283 0.630939 9.15173 0 1
-37.3677 -42.0852 92.2831 -0.775452 -0.00499045 0.631387 9.32932 0 1
-37.1535 -41.1309 92.5424 -0.773586 -0.00997853 0.633613 9.59141 0 1
-36.4774 -40.1316 93.4095 -0.769855 -0.0145069 0.638054 9.82101 0 1
-35.8451 -39.3505 94.2394 -0.764197 -0.017921 0.644734 10.0425 0 1
-35.0999 -39.8264 95.158 -0.75697 -0.0198075 0.65315 10.2405 0 1
-34.434 -40.2722 95.971 -0.748939 -0.0200601 0.662335 10.5148 0 1
-33.4429 -40.7119 97.0986 -0.741155 -0.0188496 0.671069 10.7228 0 1
-32.6587 -41.1504 97.8789 -0.734723 -0.0165316 0.678166 10.9202 0 1
-32.3438 -42.2027 98.1517 -0.730529 -0.0135353 0.682748 11.0911 0 1
-32.2594 -43.219 98.2437 -0.729035 -0.0102625 0.6844 11.3275 0 1
-32.2656 -44.6325 98.2602 -0.7302 -0.00701526 0.683198 11.5329 0 1
-32.3376 -45.8254 98.1749 -0.733563 -0.00397088 0.679609 11.7668 0 1
-33.0118 -46.8445 97.4985 -0.738423 -0.00120221 0.674337 11.9876 0 1
-33.895 -47.0312 96.5399 -0.744024 0.00127549 0.668151 12.17 0 1
-34.5815 -47.0455 95.7427 -0.749714 0.00345903 0.661753 12.3615 0 1
-35.2997 -47.0503 94.8981 -0.755006 0.00532903 0.655696 12.5664 0 1
-36.0524 -47.0282 93.9966 -0.759593 0.0068423 0.650363 12.7868 0 1
-36.8473 -46.8985 93.0385 -0.763309 0.00794247 0.645985 13.0031 0 1
-37.3689 -46.0453 92.3824 -0.76608 0.0085825 0.642688 13.1977 0 1
-37.4338 -44.9843 92.2807 -0.767866 0.00874929 0.640551 13.3338 0 1
-37.906 -44.9977 91.7047 -0.768594 0.00848108 0.639681 13.522 0 1
-37.8806 -46.0214 91.7559 -0.768114 0.00786993 0.640265 13.7567 0 1
-37.6599 -47.2523 92.0484 -0.766207 0.00704621 0.642555 13.9811 0 1
-36.9332 -47.7027 92.9422 -0.76268 0.0061491 0.646747 14.1602 0 1
-36.2946 -47.768 93.7099 -0.757482 0.00528415 0.652834 14.3611 0 1
-35.5622 -47.7868 94.5891 -0.75081 0.00446467 0.660504 14.5493 0 1
-34.8646 -47.7686 95.4152 -0.743119 0.00355817 0.66915 14.8081 0 1
-33.8882 -47.765 96.547 -0.73508 0.00229319 0.677976 15.0665 0 1
-32.8657 -47.7245 97.6501 -0.727505 0.00035862 0.686103 15.335 0 1
-31.891 -46.9282 98.6207 -0.721272 -0.00245101 0.692648 15.5719 0 1
-31.7469 -45.4986 98.7607 -0.717242 -0.00613384 0.696797 15.7911 0 1
-31.7158 -44.1872 98.7835 -0.716097 -0.0104672 0.697923 15.9856 0 1
-31.7186 -43.0455 98.7608 -0.718138 -0.0150553 0.695738 16.2081 0 1
-31.8165 -41.7072 98.6895 -0.72315 -0.0193931 0.690419 16.4154 0 1
-32.1074 -40.521 98.4529 -0.730414 -0.0229306 0.682619 16.643 0 1
-33.0093 -40.0735 97.5924 -0.73889 -0.0251533 0.673357 16.8336 0 1
-33.7172 -39.8197 96.8263 -0.747478 -0.0256841 0.66379 17.0217 0 1
-34.4004 -39.5075 96.0572 -0.75527 -0.0243853 0.65496 17.2481 0 1
-35.1442 -38.9565 95.1711 -0.761687 -0.0214122 0.647591 17.5621 0 1
-36.2227 -38.6038 93.7973 -0.766506 -0.0171835 0.642007 17.7452 0 1
-36.642 -39.3813 93.2269 -0.769789 -0.0122722 0.638181 18.0433 0 1
-37.4665 -40.3653 92.1567 -0.771771 -0.00726851 0.635859 18.27 0 1
-37.821 -41.5082 91.7122 -0.772761 -0.00266825 0.634692 18.4746 0 1
-37.9272 -42.6642 91.6213 -0.773063 0.00118678 0.634328 18.6789 0 1
-37.911 -43.8065 91.6762 -0.772928 0.00412152 0.63448 18.844 0 1
-37.9117 -44.7103 91.6925 -0.772529 0.00611217 0.63495 18.9899 0 1
-38.4009 -44.5286 91.0939 -0.771939 0.00725288 0.635655 19.1953 0 1
-38.3864 -45.6393 91.1316 -0.771115 0.00771312 0.636649 19.3818 0 1
-38.3789 -46.6558 91.162 -0.769888 0.00769914 0.638133 19.5919 0 1
-38.2375 -47.78 91.3521 -0.76798 0.00742696 0.64043 19.8076 0 1
-37.6222 -48.4474 92.1099 -0.765067 0.00709839 0.643911 20.0734 0 1
-36.6851 -48.51 93.2456 -0.760862 0.0068685 0.648877 20.2965 0 1
-35.8773 -48.5478 94.2165 -0.755209 0.00680777 0.655448 20.4767 0 1
-35.21 -48.5208 95.0092 -0.748156 0.00687628 0.663488 20.7394 0 1
-34.2223 -48.4933 96.1642 -0.739991 0.00692215 0.672581 20.9277 0 1
-33.5034 -48.487 96.9889 -0.731237 0.00670481 0.68209 21.1018 0 1
-32.8115 -48.4758 97.7137 -0.722567 0.00594281 0.691276 21.3351 0 1
-31.8523 -48.329 98.6785 -0.714679 0.00438591 0.699439 21.5458 0 1
-31.3003 -47.321 99.2094 -0.708207 0.00189208 0.706002 21.7257 0 1
-31.2237 -46.25 99.2592 -0.703693 -0.00152828 0.710503 21.9473 0 1
-31.1813 -44.9121 99.2926 -0.701593 -0.0057253 0.712554 22.1535 0 1
-31.1711 -43.6754 99.3009 -0.702256 -0.0104689 0.711847 22.3598 0 1
-31.1974 -42.4485 99.2737 -0.705844 -0.0155225 0.708198 22.5641 0 1
-31.2774 -41.212 99.2341 -0.712259 -0.0207012 0.701612 22.7351 0 1
-31.3975 -40.2066 99.1613 -0.721132 -0.0258901 0.692314 22.9758 0 1
-32.2678 -39.4719 98.3566 -0.731885 -0.0310103 0.680722 23.2502 0 1
-33.3648 -39.1601 97.2437 -0.743853 -0.0359456 0.667376 23.4603 0 1
-34.1706 -38.8461 96.3777 -0.756409 -0.0404747 0.652846 23.6401 0 1
-34.7699 -38.4578 95.6754 -0.769049 -0.0442552 0.637656 23.8203 0 1
-35.3157 -37.8653 95.0346 -0.78141 -0.0468826 0.622254 24.0096 0 1
-35.7152 -36.9684 94.5957 -0.79325 -0.048001 0.607001 24.1792 0 1
-35.8499 -35.9872 94.5074 -0.804404 -0.0474188 0.592187 24.3717 0 1
-36.0079 -34.8557 94.4384 -0.814754 -0.0451736 0.578044 24.594 0 1
-35.7614 -33.6277 94.8923 -0.824217 -0.0415234 0.56475 24.7727 0 1
-35.7423 -32.5287 95.0443 -0.832744 -0.036874 0.552429 24.971 0 1
-35.8249 -31.3001 95.0115 -0.840326 -0.0316836 0.541154 25.2996 0 1
-35.8759 -29.2664 95.0132 -0.846991 -0.0263803 0.530952 25.4798 0 1
-35.8011 -28.1469 95.1561 -0.852793 -0.0213072 0.521814 25.7683 0 1
-35.7831 -26.3044 95.2468 -0.857802 -0.016698 0.51371 26.0639 0 1
-35.7862 -24.4291 95.2628 -0.862093 -0.0126775 0.506592 26.3203 0 1
-35.7851 -22.8079 95.2811 -0.865746 -0.00928103 0.500398 26.4953 0 1
-35.8084 -21.6984 95.2431 -0.868841 -0.00648212 0.495049 26.6581 0 1
-35.8653 -20.666 95.1371 -0.871458 -0.00421976 0.490452 26.8436 0 1
-35.8391 -19.4836 95.1862 -0.873669 -0.00241772 0.486514 27.0522 0 1
-35.7588 -18.1674 95.3299 -0.875537 -0.000996935 0.483149 27.2128 0 1
-35.7656 -17.1458 95.3173 -0.877113 0.000116791 0.480284 27.4795 0 1
-35.7937 -15.4539 95.2506 -0.878435 0.000988006 0.477861 27.6469 0 1
-35.8397 -14.3922 95.1589 -0.879535 0.00166915 0.475831 27.8061 0 1
-35.8427 -13.379 95.1473 -0.880441 0.00220071 0.474151 27.9826 0 1
-35.8129 -12.256 95.1948 -0.881174 0.0026138 0.472785 28.1491 0 1
-35.7831 -11.1987 95.2425 -0.881751 0.00293434 0.471705 28.3364 0 1
-35.7931 -10.0077 95.2137 -0.882183 0.00318701 0.470895 28.4982 0 1
-35.7679 -8.97911 95.2528 -0.882472 0.00339671 0.470352 28.6855 0 1
-35.7464 -7.78776 95.2842 -0.882614 0.00358647 0.470086 28.8513 0 1
-35.8056 -6.74226 95.164 -0.882602 0.00377326 0.470105 29.0256 0 1
-35.7619 -5.63778 95.2375 -0.882435 0.00396534 0.470417 29.2141 0 1
-35.7621 -4.43946 95.2277 -0.882115 0.0041628 0.471016 29.4233 0 1
-35.7065 -3.11418 95.3206 -0.881647 0.00435865 0.471889 29.7285 0 1
-35.7724 -1.18183 95.1805 -0.881035 0.00453768 0.473029 29.9011 0 1
-35.7921 -0.0856972 95.1342 -0.880279 0.00467577 0.474434 30.0858 0 1
-35.8156 1.08574 95.0786 -0.879377 0.00474599 0.476103 30.2738 0 1
-35.8453 2.27957 95.0119 -0.878334 0.0047316 0.478025 30.4505 0 1
-35.8346 3.40241 95.02 -0.877165 0.00463778 0.480167 30.6229 0 1
-35.773 4.49284 95.1216 -0.875891 0.0044933 0.482489 30.7999 0 1
-35.7211 5.61273 95.1997 -0.874527 0.00434184 0.484958 31.0466 0 1
-35.7996 7.17395 95.0435 -0.873074 0.0042316 0.487569 31.2447 0 1
-35.7418 8.4292 95.131 -0.87152 0.00420862 0.490341 31.4413 0 1
-35.7815 9.68314 95.0583 -0.869842 0.00431007 0.493312 31.643 0 1
-35.8825 10.9531 94.8722 -0.868012 0.00455231 0.496522 31.8095 0 1
-35.8554 12.0131 94.9137 -0.866008 0.00491921 0.500006 31.9689 0 1
-35.7949 13.0182 95.0108 -0.863813 0.0053631 0.503783 32.2318 0 1
-35.7423 14.6888 95.0858 -0.861423 0.00582342 0.507854 32.4346 0 1
-35.9155 15.9298 94.7822 -0.858842 0.00625449 0.512202 32.6309 0 1
-35.8048 17.159 94.9602 -0.856073 0.00664898 0.516812 32.871 0 1
-35.7799 18.6705 94.9747 -0.853108 0.00704982 0.521687 33.0809 0 1
-35.792 19.9991 94.9283 -0.849928 0.00755343 0.526845 33.2377 0 1
-35.7908 21 94.9198 -0.846517 0.00830563 0.532297 33.3991 0 1
-35.79 22.0242 94.9077 -0.842868 0.00947679 0.538037 33.5573 0 1
-35.79 23.027 94.8933 -0.838981 0.0112016 0.544046 33.7553 0 1
-35.7941 24.2744 94.8669 -0.834868 0.0134992 0.550285 33.9283 0 1
-35.8273 25.3678 94.7939 -0.830595 0.0162202 0.556641 34.2037 0 1
-35.8168 27.1131 94.7826 -0.826337 0.0190548 0.562854 34.3983 0 1
-35.8416 28.3412 94.7213 -0.822395 0.0215998 0.568506 34.5751 0 1
-35.8555 29.4561 94.6561 -0.81914 0.0234525 0.573113 34.7591 0 1
-35.8746 30.6166 94.5737 -0.816905 0.0243033 0.576261 34.9442 0 1
-35.9117 31.7804 94.4202 -0.81589 0.0240084 0.577709 35.1402 0 1
-36.4936 32.5143 93.6203 -0.816126 0.0226251 0.57743 35.4006 0 1
-36.4981 30.8992 93.6725 -0.81749 0.020393 0.575582 35.6088 0 1
-36.4496 29.5803 93.803 -0.819751 0.0176599 0.572447 35.7931 0 1
-36.5132 28.4214 93.7456 -0.822641 0.0147808 0.568369 35.9599 0 1
-36.5735 27.3712 93.6836 -0.8259 0.012035 0.563688 36.1274 0 1
-36.5654 26.3211 93.6872 -0.829324 0.00959064 0.558686 36.2943 0 1
-36.5383 25.2642 93.7143 -0.832773 0.00751597 0.553564 36.46 0 1
-36.5333 24.1983 93.7279 -0.836175 0.00580992 0.548432 36.6268 0 1
-36.5387 23.1351 93.722 -0.839505 0.00443446 0.543334 36.7891 0 1
-36.5488 22.104 93.715 -0.842763 0.00333934 0.538274 36.9502 0 1
-36.5663 21.0888 93.6922 -0.845951 0.00247561 0.533254 37.1091 0 1
-36.5758 20.0831 93.6693 -0.849063 0.00179804 0.528289 37.267 0 1
-36.5379 19.0824 93.7219 -0.852077 0.00126346 0.523414 37.5158 0 1
-36.6107 17.4934 93.6213 -0.854966 0.000832362 0.518683 37.6808 0 1
-36.6098 16.4517 93.6174 -0.8577 0.000474967 0.51415 37.9517 0 1
-36.516 14.7422 93.7646 -0.860257 0.000178201 0.509861 38.1585 0 1
-36.6082 13.427 93.6065 -0.86263 -5.20932e-05 0.505835 38.3248 0 1
-36.6391 12.367 93.5523 -0.864831 -0.000197675 0.502062 38.4863 0 1
-36.6492 11.3416 93.5342 -0.866884 -0.000241196 0.49851 38.7327 0 1
-36.5511 9.7947 93.6956 -0.868811 -0.000178235 0.495144 38.8937 0 1
-36.4901 8.77601 93.8017 -0.87063 -2.12085e-05 0.491938 39.0779 0 1
-36.5229 7.60344 93.7462 -0.872346 0.000204715 0.48889 39.3129 0 1
-36.5484 6.11233 93.6952 -0.873955 0.000469376 0.486007 39.5875 0 1
-36.6077 4.37111 93.5967 -0.875451 0.000745682 0.483307 39.7893 0 1
-36.5967 3.08713 93.6263 -0.876825 0.00101617 0.480809 39.9614 0 1
-36.6344 1.99805 93.5604 -0.878069 0.00127626 0.478532 40.142 0 1
-36.6393 0.851946 93.5548 -0.879178 0.0015327 0.476491 40.3304 0 1
-36.6222 -0.343285 93.5916 -0.880144 0.00179786 0.474703 40.5128 0 1
-36.5889 -1.49803 93.6586 -0.880962 0.00208238 0.473182 40.6995 0 1
-36.5508 -2.6801 93.734 -0.881626 0.00238988 0.471942 40.8895 0 1
-36.5582 -3.8881 93.7237 -0.882131 0.00271648 0.470996 41.099 0 1
-36.6265 -5.21306 93.6031 -0.882475 0.00305452 0.470349 41.2877 0 1
-36.6299 -6.41241 93.6054 -0.88266 0.00339705 0.47 41.5451 0 1
-36.5457 -8.03763 93.7778 -0.882689 0.00373907 0.469943 41.7294 0 1
-36.6038 -9.20345 93.6791 -0.882565 0.00407503 0.470172 41.9905 0 1
-36.6472 -10.8627 93.615 -0.882287 0.00439547 0.470692 42.1932 0 1
-36.6708 -12.1499 93.5834 -0.881838 0.00468499 0.47153 42.3855 0 1
-36.6574 -13.3735 93.6216 -0.88119 0.00491948 0.472737 42.5563 0 1
-36.6606 -14.4609 93.6286 -0.88031 0.00506211 0.474372 42.8126 0 1
-36.6896 -16.0925 93.5983 -0.879169 0.00506391 0.476484 42.9895 0 1
-36.6585 -17.2149 93.6685 -0.877753 0.00487217 0.479089 43.17 0 1
-36.6233 -18.3585 93.7454 -0.876059 0.00443816 0.482183 43.3549 0 1
-36.7004 -19.5296 93.6188 -0.874092 0.00371321 0.485747 43.6662 0 1
-36.7276 -21.5056 93.5903 -0.871846 0.00263685 0.489774 43.9499 0 1
-36.7252 -23.31 93.6241 -0.869298 0.00113235 0.494287 44.1296 0 1
-36.7405 -24.4463 93.6057 -0.866403 -0.000884968 0.499344 44.3108 0 1
-36.7377 -25.5904 93.6079 -0.863091 -0.00349427 0.505036 44.5382 0 1
-36.7418 -27.0325 93.5931 -0.85928 -0.00674582 0.511461 44.7201 0 1
-36.6945 -28.1782 93.6664 -0.854897 -0.0106017 0.518689 44.9874 0 1
-36.7526 -29.8619 93.5625 -0.84992 -0.0148428 0.526703 45.1528 0 1
-36.6719 -30.8928 93.6572 -0.844398 -0.0190141 0.535378 45.4404 0 1
-36.5817 -32.7021 93.7398 -0.838462 -0.0224899 0.544495 45.6068 0 1
-36.4221 -33.6942 93.9191 -0.832288 -0.0246498 0.553795 45.7638 0 1
-36.6004 -34.5764 93.5908 -0.826055 -0.0250602 0.563032 45.9383 0 1
-36.4807 -35.6193 93.6891 -0.819902 -0.0235741 0.572018 46.0882 0 1
-36.447 -36.5016 93.6377 -0.813915 -0.0203479 0.580627 46.2671 0 1
-36.4857 -37.5497 93.5151 -0.808148 -0.0157938 0.588767 46.5063 0 1
-36.8791 -38.7228 92.932 -0.802684 -0.0104728 0.596313 46.7041 0 1
-37.4297 -39.3555 92.2015 -0.797684 -0.00495244 0.603055 46.88 0 1
-37.9914 -39.7941 91.4962 -0.79339 0.0003048 0.608714 47.0804 0 1
-38.2747 -40.8191 91.1335 -0.79004 0.0049793 0.613035 47.3034 0 1
-38.4095 -42.0538 91.0133 -0.787777 0.00887464 0.615897 47.4867 0 1
-38.4216 -43.0709 91.0438 -0.786593 0.0118625 0.617358 47.6921 0 1
-38.404 -44.1852 91.0841 -0.786374 0.0138056 0.617596 47.8506 0 1
-38.9241 -43.9512 90.4516 -0.786981 0.0145053 0.616807 48.0542 0 1
-38.9299 -42.8772 90.411 -0.788314 0.0137457 0.615119 48.2428 0 1
-38.8763 -41.8673 90.4152 -0.79034 0.0114329 0.612562 48.5233 0 1
-38.8423 -40.3412 90.4048 -0.793072 0.00772915 0.609078 48.7076 0 1
-38.5838 -39.4203 90.7243 -0.796539 0.00307697 0.604579 48.9171 0 1
-37.968 -38.8011 91.4868 -0.800748 -0.00189289 0.598998 49.1008 0 1
-37.3564 -38.4976 92.2924 -0.805658 -0.00650428 0.592345 49.3093 0 1
-36.9705 -37.5049 92.8518 -0.81116 -0.0101716 0.584736 49.4946 0 1
-36.9291 -36.4491 92.9839 -0.817087 -0.0125083 0.576378 49.7 0 1
-36.9975 -35.2519 92.9955 -0.823235 -0.0133921 0.567543 49.8727 0 1
-36.9702 -34.2507 93.0482 -0.829391 -0.0129608 0.558518 50.0601 0 1
-37.0101 -33.0918 93.0548 -0.835366 -0.0115301 0.549574 50.2459 0 1
-37.0734 -31.9544 92.9871 -0.841011 -0.00947261 0.540936 50.4183 0 1
-37.1831 -30.8838 92.8389 -0.846228 -0.00711683 0.532773 50.5853 0 1
-37.1883 -29.8329 92.8508 -0.850968 -0.00470242 0.525196 50.7922 0 1
-37.2216 -28.533 92.7859 -0.855219 -0.00238601 0.518262 50.9694 0 1
-37.1093 -27.4386 92.968 -0.858997 -0.000266444 0.51198 51.1554 0 1
-37.1216 -26.2632 92.9439 -0.86234 0.00159494 0.506327 51.3388 0 1
-37.147 -25.1018 92.9002 -0.865294 0.00316504 0.501256 51.5369 0 1
-37.1224 -23.8509 92.9255 -0.867907 0.00443528 0.496707 51.7573 0 1
-37.1912 -22.4576 92.7775 -0.870225 0.00541713 0.492624 51.9477 0 1
-37.0895 -21.2612 92.9399 -0.872283 0.00613518 0.488962 52.1223 0 1
-37.0621 -20.1502 92.9683 -0.874109 0.00661964 0.485685 52.3373 0 1
-37.0299 -18.7804 93.0091 -0.875722 0.00690066 0.482766 52.4973 0 1
-37.0471 -17.7628 92.9558 -0.877142 0.00700552 0.480179 52.6736 0 1
-37.0596 -16.6381 92.9195 -0.878385 0.00695796 0.477904 52.8681 0 1
-37.0678 -15.4038 92.8842 -0.879461 0.00677851 0.475922 53.0592 0 1
-37.0585 -14.1895 92.8827 -0.88038 0.00648502 0.474224 53.2546 0 1
-37.0141 -12.9483 92.9507 -0.881146 0.00609402 0.472805 53.5005 0 1
-37.0416 -11.3867 92.8778 -0.88176 0.00562318 0.471665 53.6717 0 1
-37.0203 -10.2983 92.9059 -0.882222 0.00509396 0.470805 53.8653 0 1
-36.9684 -9.07173 92.9898 -0.882536 0.00453203 0.470222 54.1008 0 1
-37.0602 -7.58874 92.8018 -0.882706 0.00396394 0.46991 54.3536 0 1
-36.9939 -5.98675 92.9146 -0.882735 0.0034113 0.469859 54.5217 0 1
-36.997 -4.91727 92.9012 -0.882625 0.00288529 0.470069 54.7291 0 1
-36.9492 -3.60126 92.9868 -0.882368 0.00238454 0.470554 54.9281 0 1
-36.942 -2.3361 92.9969 -0.881949 0.00189912 0.471342 55.1094 0 1
-36.9644 -1.18373 92.9552 -0.88135 0.00141954 0.472461 55.2965 0 1
-36.978 0.00465934 92.925 -0.88057 0.000943503 0.473916 55.4909 0 1
-36.9855 1.24061 92.9095 -0.879624 0.00047443 0.47567 55.6643 0 1
-36.9728 2.34157 92.931 -0.878549 1.5971e-05 0.477652 55.85 0 1
-37.0332 3.5162 92.8205 -0.877387 -0.000429813 0.479783 56.0901 0 1
-37.0553 5.03933 92.7767 -0.87617 -0.000860664 0.482001 56.2592 0 1
-36.9833 6.10548 92.9142 -0.874905 -0.0012744 0.484293 56.4266 0 1
-36.9338 7.16179 93.012 -0.873575 -0.00167044 0.486686 56.5879 0 1
-36.9079 8.18367 93.0583 -0.872147 -0.00204751 0.48924 56.7717 0 1
-36.9893 9.34044 92.9142 -0.870579 -0.00239969 0.492023 56.9782 0 1
-36.9956 10.6574 92.9171 -0.86883 -0.00271703 0.495103 57.1689 0 1
-37.0334 11.8624 92.8658 -0.866864 -0.00298815 0.498535 57.3371 0 1
-37.0026 12.9257 92.921 -0.864659 -0.00319898 0.50235 57.5198 0 1
-36.978 14.0894 92.979 -0.862208 -0.00333045 0.506543 57.6857 0 1
-36.9945 15.1451 92.9531 -0.859525 -0.00336559 0.511082 57.886 0 1
-37.034 16.4283 92.9079 -0.856632 -0.00330627 0.515917 58.1268 0 1
-37.0073 17.9555 92.9596 -0.853556 -0.00318025 0.520991 58.2895 0 1
-36.996 18.9895 92.9859 -0.850333 -0.00301818 0.526236 58.5117 0 1
-37.0015 20.4059 92.9967 -0.847009 -0.00281095 0.531571 58.6746 0 1
-37.0142 21.4346 92.9903 -0.843643 -0.00248952 0.536898 58.8419 0 1
-36.9948 22.4921 93.0155 -0.840285 -0.00195252 0.542142 59.0119 0 1
-37.0035 23.5724 93.0183 -0.836937 -0.00111043 0.547299 59.1808 0 1
-37.0061 24.6423 93.0116 -0.833515 0.000108664 0.552497 59.3526 0 1
-37.0271 25.7411 93.0025 -0.829828 0.00180013 0.558017 59.5262 0 1
-37.0421 26.8439 92.9946 -0.825608 0.0041115 0.564229 59.696 0 1
-37.0298 27.9156 93.0097 -0.82059 0.00718981 0.571473 59.8585 0 1
-37.0011 28.9423 93.0273 -0.814596 0.0110469 0.579923 60.0203 0 1
-36.9828 29.9658 93.0281 -0.80761 0.0154303 0.589515 60.1946 0 1
-37.0179 31.064 92.9528 -0.799783 0.0198082 0.599963 60.3852 0 1
-37.0285 32.2729 92.9384 -0.7914 0.0235035 0.610846 60.597 0 1
-36.9922 33.5813 92.9178 -0.782803 0.0259067 0.62173 60.8071 0 1
-36.9188 34.875 92.9218 -0.774315 0.0266598 0.632239 61.0043 0 1
-36.8045 36.0643 92.9491 -0.766202 0.0257353 0.642084 61.2048 0 1
-36.8257 37.2763 92.8211 -0.758668 0.0234052 0.651057 61.4143 0 1
-37.1644 38.3639 92.3626 -0.751857 0.0201349 0.659018 61.6377 0 1
-37.9764 38.7147 91.4412 -0.745849 0.0164518 0.665911 61.865 0 1
-38.7082 39.3867 90.627 -0.740651 0.0128285 0.671767 62.0862 0 1
-38.897 40.6061 90.4268 -0.736205 0.00961213 0.67669 62.366 0 1
-38.8834 42.1592 90.4379 -0.732418 0.00700606 0.680819 62.5678 0 1
-39.0903 43.2499 90.2272 -0.72919 0.00508121 0.684292 62.7511 0 1
-38.9685 44.2503 90.3566 -0.72641 0.00379264 0.687251 62.9962 0 1
-39.0105 45.6095 90.315 -0.723923 0.00300098 0.689874 63.2789 0 1
-38.9261 47.1764 90.4035 -0.721494 0.00251438 0.692416 63.548 0 1
-38.7051 48.6437 90.6251 -0.718802 0.00215056 0.695211 63.78 0 1
-37.9079 49.2953 91.4384 -0.715466 0.00179663 0.698645 64.0461 0 1
-36.8576 49.3761 92.5237 -0.711117 0.00144113 0.703072 64.2554 0 1
-36.0343 49.2806 93.3747 -0.705501 0.00116361 0.708708 64.4332 0 1
-35.3279 49.2652 94.1019 -0.698579 0.00108354 0.715532 64.7411 0 1
-34.0947 49.3157 95.3501 -0.69058 0.00129372 0.723255 64.9467 0 1
-33.2462 49.3479 96.1705 -0.681963 0.0018197 0.731384 65.1517 0 1
-32.3749 49.2653 96.991 -0.6733 0.00263274 0.739365 65.4498 0 1
-31.0403 49.2237 98.1855 -0.665121 0.0037036 0.746726 65.6297 0 1
-30.204 49.2072 98.8878 -0.657792 0.00505058 0.753183 65.8058 0 1
-29.3987 48.9429 99.5528 -0.651475 0.00674192 0.75864 65.9694 0 1
-29.1057 48.0233 99.8068 -0.646188 0.00885781 0.763127 66.1725 0 1
-29.0902 46.8018 99.8301 -0.641924 0.0114546 0.766683 66.3465 0 1
-29.0424 45.7423 99.8753 -0.638789 0.0145653 0.769244 66.516 0 1
-28.9334 44.7128 99.9784 -0.637086 0.018232 0.770577 66.7164 0 1
-29.1048 43.511 99.8597 -0.637301 0.0225423 0.770285 67.0006 0 1
-29.1884 41.8063 99.8364 -0.639989 0.027628 0.767888 67.1874 0 1
-29.0869 40.6761 99.9673 -0.645587 0.033595 0.762948 67.4555 0 1
-29.628 39.1898 99.599 -0.654249 0.0403912 0.7552 67.7422 0 1
-30.8632 38.4797 98.637 -0.66576 0.0476921 0.74464 68.0447 0 1
-32.1973 38.5805 97.5031 -0.679575 0.0548956 0.731549 68.2406 0 1
-33.0276 38.4569 96.7598 -0.694939 0.0612447 0.716456 68.4979 0 1
-34.0717 38.106 95.7822 -0.711041 0.0660101 0.700046 68.7194 0 1
-34.7539 37.2671 95.1404 -0.727142 0.0686468 0.683046 68.9275 0 1
-35.2039 36.164 94.8295 -0.742652 0.0688871 0.666125 69.1066 0 1
-35.3953 35.113 94.7505 -0.75715 0.0667738 0.649819 69.2872 0 1
-35.4225 34.0111 94.8454 -0.770385 0.0626405 0.634494 69.4494 0 1
-35.4457 33.0074 94.9248 -0.782253 0.0570366 0.620344 69.6201 0 1
-35.3275 31.9775 95.1932 -0.792771 0.0506078 0.607415 69.8859 0 1
-35.3882 30.375 95.2708 -0.802034 0.0439689 0.595658 70.0618 0 1
-35.3679 29.3046 95.3541 -0.810176 0.0376139 0.584979 70.3321 0 1
-35.3818 27.6666 95.4055 -0.817333 0.0318837 0.575283 70.6136 0 1
-35.2886 25.9757 95.5832 -0.823631 0.0269711 0.566484 70.7995 0 1
-35.3337 24.8835 95.5469 -0.829188 0.0229391 0.558499 71.0112 0 1
-35.3724 23.6269 95.5333 -0.834118 0.019744 0.551232 71.1812 0 1
-35.387 22.6183 95.527 -0.838532 0.0172698 0.544578 71.3524 0 1
-35.389 21.592 95.552 -0.842527 0.0153677 0.538434 71.5423 0 1
-35.3908 20.4553 95.5661 -0.846178 0.0138878 0.53272 71.7175 0 1
-35.3757 19.3983 95.6165 -0.849535 0.0126961 0.52738 71.9031 0 1
-35.4018 18.2902 95.6019 -0.852628 0.011682 0.522388 72.1014 0 1
-35.3895 17.0951 95.6525 -0.855475 0.0107679 0.517732 72.3708 0 1
-35.3638 15.4932 95.7154 -0.858091 0.00991807 0.513402 72.5581 0 1
-35.3828 14.378 95.7003 -0.8605 0.00913864 0.509369 72.7261 0 1
-35.4003 13.3733 95.6934 -0.862735 0.00846135 0.505586 72.9064 0 1
-35.4132 12.2945 95.6799 -0.864832 0.00791603 0.502 73.0746 0 1
-35.4401 11.2805 95.6468 -0.866819 0.00750929 0.498566 73.2644 0 1
-35.3763 10.1305 95.7663 -0.868711 0.00722115 0.495267 73.4564 0 1
-35.3151 8.98954 95.8846 -0.870503 0.00701712 0.492112 73.6828 0 1
-35.3766 7.67322 95.7871 -0.872185 0.00686276 0.489127 73.9465 0 1
-35.3551 6.10551 95.8584 -0.873745 0.00673046 0.486338 74.1189 0 1
-35.3696 5.08723 95.8487 -0.875174 0.00659835 0.483763 74.2972 0 1
-35.4049 4.02972 95.8034 -0.876475 0.00644773 0.481405 74.4808 0 1
-35.4262 2.92975 95.7757 -0.877649 0.00626371 0.479263 74.6675 0 1
-35.425 1.79804 95.7941 -0.878702 0.00603859 0.477332 74.8565 0 1
-35.4049 0.657016 95.8424 -0.879635 0.00577456 0.475614 75.0524 0 1
-35.3985 -0.5192 95.8737 -0.880446 0.00548245 0.474114 75.2342 0 1
-35.371 -1.60154 95.935 -0.881132 0.00517658 0.472841 75.5076 0 1
-35.26 -3.19642 96.1601 -0.881688 0.00486796 0.471807 75.7525 0 1
-35.3894 -4.55145 95.9307 -0.882109 0.00456005 0.471024 76.0323 0 1
-35.3972 -6.21327 95.93 -0.882387 0.00424945 0.470505 76.2107 0 1
-35.3669 -7.27639 95.9958 -0.882516 0.00392973 0.470266 76.3932 0 1
-35.3829 -8.35419 95.9742 -0.882489 0.00359371 0.47032 76.5677 0 1
-35.3993 -9.38607 95.9508 -0.882301 0.00323149 0.470675 76.7488 0 1
-35.3935 -10.4644 95.9691 -0.88195 0.00282703 0.471335 76.9373 0 1
-35.3946 -11.5869 95.9753 -0.88144 0.00235778 0.472289 77.1473 0 1
-35.4268 -12.8378 95.9231 -0.880779 0.00179807 0.473524 77.3342 0 1
-35.4445 -13.9689 95.89 -0.87997 0.00112423 0.475027 77.4995 0 1
-35.4093 -14.9768 95.9613 -0.879013 0.000320844 0.476798 77.7728 0 1
-35.3721 -16.6102 96.0382 -0.877902 -0.000614753 0.47884 77.9609 0 1
-35.3751 -17.725 96.033 -0.876639 -0.00167641 0.481146 78.1853 0 1
-35.3496 -19.0605 96.0743 -0.87523 -0.00286118 0.483699 78.3639 0 1
-35.4131 -20.1134 95.9566 -0.873677 -0.0041805 0.486489 78.5291 0 1
-35.4316 -21.1193 95.914 -0.871964 -0.0056707 0.489538 78.7012 0 1
-35.4062 -22.1771 95.9646 -0.870042 -0.00741612 0.492923 78.8792 0 1
-35.3871 -23.2468 95.9713 -0.867832 -0.00957898 0.496766 79.0551 0 1
-35.3359 -24.3017 96.0427 -0.86523 -0.0123981 0.501222 79.2349 0 1
-35.3701 -25.3639 95.9699 -0.862115 -0.0161242 0.506456 79.4129 0 1
-35.3484 -26.4293 95.9914 -0.858341 -0.0209051 0.512654 79.6186 0 1
-35.3965 -27.6273 95.8506 -0.853721 -0.0266697 0.520047 79.8278 0 1
-35.4063 -28.8959 95.8001 -0.848009 -0.0330718 0.528948 80.1176 0 1
-35.4385 -30.6319 95.6678 -0.840904 -0.0395299 0.539739 80.3109 0 1
-35.3787 -31.8072 95.6727 -0.832099 -0.0453593 0.55277 80.5218 0 1
-35.3136 -33.0669 95.643 -0.821382 -0.0499436 0.568188 80.7231 0 1
-35.3236 -34.2412 95.4688 -0.808753 -0.0528724 0.585767 80.9501 0 1
-35.4097 -35.5605 95.1941 -0.794504 -0.0539944 0.604854 81.1382 0 1
-35.1852 -36.6385 95.3084 -0.779206 -0.0533782 0.624491 81.3969 0 1
-34.502 -37.7927 96.0481 -0.763608 -0.0512193 0.643645 81.6674 0 1
-33.5169 -38.3594 97.1294 -0.74848 -0.0477529 0.661436 81.8772 0 1
-32.6944 -38.4072 98.0137 -0.734469 -0.0432115 0.677265 82.177 0 1
-31.49 -38.7853 99.1368 -0.722034 -0.0378296 0.690823 82.3578 0 1
-30.8906 -39.4827 99.6825 -0.711435 -0.0318719 0.702028 82.5971 0 1
-30.7071 -40.8536 99.8016 -0.702809 -0.0256557 0.710916 82.7767 0 1
-30.6053 -41.9101 99.8449 -0.696256 -0.0195457 0.717527 82.9933 0 1
-30.6111 -43.2344 99.8231 -0.691923 -0.0139155 0.721837 83.168 0 1
-30.6151 -44.2889 99.8092 -0.690007 -0.00908155 0.723746 83.3421 0 1
-30.5883 -45.3337 99.8353 -0.690677 -0.00523306 0.723144 83.5601 0 1
-30.6421 -46.6453 99.8011 -0.693961 -0.00239797 0.720008 83.7486 0 1
-30.6986 -47.7836 99.7713 -0.69964 -0.000465621 0.714496 83.9566 0 1
-30.9884 -48.9827 99.5236 -0.707222 0.000749281 0.706991 84.1606 0 1
-31.8398 -49.2855 98.7093 -0.716014 0.00144389 0.698084 84.3838 0 1
-32.7671 -49.3484 97.7778 -0.725251 0.00179821 0.688483 84.5983 0 1
-33.6151 -49.3125 96.8558 -0.734226 0.00197875 0.678902 84.8128 0 1
-34.4367 -49.343 95.9252 -0.742402 0.0021467 0.669952 85.0571 0 1
-35.3506 -49.2954 94.8519 -0.749446 0.00244391 0.662061 85.2433 0 1
-36.0339 -49.2866 94.0316 -0.755232 0.00295885 0.655451 85.4945 0 1
-36.9575 -49.2957 92.9178 -0.759794 0.00370099 0.650153 85.7041 0 1
-37.7126 -49.2621 92.0029 -0.763277 0.00460914 0.646055 85.9239 0 1
-38.489 -49.1575 91.0627 -0.765877 0.00559151 0.642963 86.2406 0 1
-38.9506 -47.5887 90.4875 -0.767808 0.00657198 0.640646 86.436 0 1
-38.992 -46.5265 90.4215 -0.769278 0.00751614 0.638869 86.6868 0 1
-38.9704 -45.1682 90.4133 -0.770488 0.00842883 0.637399 86.7915 0 1
-39.0339 -44.6099 90.3262 -0.771629 0.00933283 0.636001 86.7915 0 1
-36.1887 -28.0575 94.5151 -0.856829 -0.000431992 0.515554 86.9503 1 1
-36.3767 -27.1155 94.2124 -0.858314 -0.00123801 0.513123 87.1084 0 1
-36.1859 -28.0519 94.5198 -0.85979 -0.00173006 0.510646 87.1095 0 1
-36.1862 -28.0589 94.5192 -0.861271 -0.00183443 0.508143 87.481 0 1
-36.1911 -25.7025 94.553 -0.862756 -0.00156308 0.505617 87.5547 0 1
-36.3638 -25.3839 94.2584 -0.864254 -0.000993055 0.503055 87.5875 0 1
-36.3535 -25.5906 94.2757 -0.865777 -0.000238278 0.500429 87.8651 0 1
-36.1848 -23.8647 94.5677 -0.867337 0.000581702 0.497721 87.9474 0 1
-36.3654 -23.4931 94.2507 -0.868933 0.00136853 0.494929 87.9944 0 1
-36.3573 -23.7904 94.267 -0.870552 0.00205915 0.492073 88.3021 0 1
-36.32 -21.8448 94.3304 -0.87217 0.00262548 0.489196 88.4615 0 1
-36.3503 -20.8378 94.2639 -0.873754 0.00306536 0.486359 88.575 0 1
-36.3233 -21.5563 94.3211 -0.875266 0.00339231 0.48363 89.0872 0 1
-36.1101 -18.3375 94.6873 -0.876668 0.00362842 0.481082 89.321 0 1
-36.1598 -16.8553 94.5867 -0.877923 0.00380071 0.478786 89.5003 0 1
-36.1886 -15.7178 94.523 -0.878998 0.00393853 0.476808 89.7831 0 1
-36.2755 -13.9286 94.3426 -0.879868 0.00406874 0.475201 89.9451 0 1
-36.2637 -12.897 94.3532 -0.880514 0.00420769 0.474002 90.1086 0 1
-36.1955 -11.8642 94.4733 -0.880931 0.00435319 0.473225 90.2696 0 1
-36.1029 -10.8581 94.6384 -0.881127 0.00448145 0.472859 90.4127 0 1
-36.308 -11.6602 94.2603 -0.881122 0.00455277 0.472868 90.5944 0 1
-36.3248 -12.815 94.2379 -0.880944 0.00452484 0.4732 90.764 0 1
-36.3039 -13.8948 94.2893 -0.880626 0.00436841 0.473793 90.9266 0 1
-36.3119 -14.9302 94.2825 -0.880201 0.00407865 0.474583 91.197 0 1
-36.3225 -16.6555 94.2839 -0.879703 0.00367754 0.47551 91.3613 0 1
-36.2535 -17.6887 94.4222 -0.879162 0.00320756 0.476513 91.3895 0 1
-36.2477 -17.8679 94.4347 -0.878605 0.00271996 0.477532 91.3895 0 1
-36.2263 -9.35468 94.3936 -0.883358 0.00428926 0.468679 91.4324 1 1
-36.2003 -9.08752 94.4401 -0.883395 0.00414562 0.468611 91.7317 0 1
-36.2923 -7.19589 94.2492 -0.883404 0.00400062 0.468595 91.9058 0 1
-36.1479 -6.13061 94.5127 -0.883366 0.00384966 0.468669 92.1049 0 1
-36.215 -4.87422 94.3772 -0.883261 0.00369061 0.468866 92.2709 0 1
-36.2507 -5.92654 94.3173 -0.883079 0.00352891 0.469211 92.4678 0 1
-36.3024 -7.17403 94.2299 -0.882821 0.00337843 0.469698 92.4708 0 1
-36.3011 -7.19259 94.2324 -0.882506 0.00325666 0.47029 93.1161 0 1
-36.1311 -3.10375 94.521 -0.882172 0.00317736 0.470917 93.3039 0 1
-36.2122 -1.92161 94.3648 -0.881867 0.00314605 0.471487 93.4799 0 1
-36.2542 -0.807353 94.2778 -0.88164 0.00316108 0.471911 93.6594 0 1
-36.2816 0.332331 94.222 -0.881528 0.00321816 0.47212 93.854 0 1
-36.2769 1.56762 94.2194 -0.881552 0.00331374 0.472075 94.0258 0 1
-36.1999 0.485839 94.3726 -0.881713 0.00344508 0.471774 94.2071 0 1
-36.179 -0.664111 94.4169 -0.881994 0.00360813 0.471247 94.3826 0 1
-36.1428 -1.77772 94.4936 -0.882367 0.00379588 0.470547 94.5593 0 1
-36.0445 -2.88032 94.6822 -0.882794 0.00399852 0.469744 94.5973 0 1
-36.048 -3.12175 94.6778 -0.883233 0.00420494 0.468915 94.5973 0 1
-36.2354 3.79849 94.2827 -0.877512 0.00455083 0.479533 94.7979 1 1
-36.1359 5.0585 94.4525 -0.877491 0.00459002 0.479572 94.971 0 1
-36.2317 3.97436 94.2879 -0.877469 0.00462921 0.479611 94.971 0 1
-36.2786 12.2373 94.1785 -0.866679 -0.000410415 0.498867 95.2174 1 1
-36.1909 13.7893 94.3223 -0.86637 0.00026829 0.499403 95.38 0 1
-36.2392 12.749 94.247 -0.866062 0.000944381 0.499936 95.3855 0 1
-36.2413 12.714 94.2436 -0.86575 0.00161971 0.500466 95.3855 0 1
-36.4851 32.7103 93.6188 -0.783201 0.0482968 0.619889 95.5876 1 1
-36.4577 33.9628 93.5563 -0.776378 0.0488298 0.628373 95.7635 0 1
-36.2915 35.0348 93.6623 -0.769583 0.0478741 0.63675 95.9569 0 1
-36.141 36.2052 93.7252 -0.762932 0.045124 0.644902 96.098 0 1
-36.2423 37.0061 93.5114 -0.756561 0.0407411 0.652652 96.3263 0 1
-36.4509 38.2833 93.149 -0.750603 0.0352398 0.659813 96.5307 0 1
-37.0032 39.1214 92.5181 -0.745167 0.0293083 0.666234 96.8029 0 1
-37.9693 39.6285 91.4262 -0.740322 0.0236163 0.671838 97.073 0 1
-38.3177 41.074 91.032 -0.736077 0.0186554 0.67664 97.3044 0 1
-38.3666 42.3831 90.9819 -0.732378 0.0146485 0.680741 97.5734 0 1
-38.4191 43.8941 90.935 -0.729093 0.0115522 0.684317 97.7686 0 1
-38.3494 44.9795 91.0103 -0.726032 0.00914853 0.6876 98.05 0 1
-38.2404 46.5444 91.1269 -0.722946 0.00718167 0.690868 98.3472 0 1
-38.0365 48.1774 91.3155 -0.719538 0.00547192 0.694432 98.5586 0 1
-37.2406 48.5473 92.1354 -0.715485 0.00395946 0.698617 98.7486 0 1
-36.4897 48.5315 92.9125 -0.710493 0.00268319 0.703699 98.9302 0 1
-35.7669 48.4995 93.657 -0.704389 0.00173439 0.709812 99.2522 0 1
-34.4775 48.4433 94.9583 -0.697195 0.00122117 0.716881 99.4426 0 1
-33.6971 48.4956 95.7273 -0.689136 0.00125347 0.724631 99.6541 0 1
-32.8083 48.5455 96.5982 -0.680591 0.00193583 0.732661 99.9063 0 1
-31.7185 48.5086 97.6043 -0.672006 0.00335006 0.740538 100.081 0 1
-30.9354 48.4478 98.2773 -0.66382 0.00552863 0.747872 100.296 0 1
-29.9733 48.1425 99.0867 -0.656457 0.00844268 0.754316 100.476 0 1
-29.6944 47.1077 99.3254 -0.650357 0.0120212 0.759534 100.741 0 1
-29.6734 45.5021 99.3601 -0.646009 0.0161831 0.763158 100.988 0 1
-29.6863 44.0028 99.3758 -0.643931 0.0208512 0.764799 101.222 0 1
-29.7033 42.6053 99.3865 -0.644579 0.0259443 0.764098 101.388 0 1
-29.811 41.5906 99.351 -0.648218 0.0313712 0.760808 101.556 0 1
-29.8968 40.5862 99.3267 -0.654833 0.0370312 0.754866 101.79 0 1
-30.6495 39.5651 98.7655 -0.664107 0.0427926 0.746412 102.056 0 1
-31.8256 39.4157 97.7596 -0.675485 0.0484423 0.735781 102.256 0 1
-32.6916 39.2983 96.9938 -0.688278 0.053647 0.72346 102.458 0 1
-33.55 39.0979 96.2107 -0.70177 0.0579805 0.71004 102.632 0 1
-34.2344 38.8292 95.5421 -0.715303 0.0610187 0.696146 102.843 0 1
-34.9395 38.1108 94.8701 -0.728362 0.0624581 0.68234 103.085 0 1
-35.5115 36.9438 94.3477 -0.740633 0.0622012 0.669024 103.274 0 1
-35.7867 35.8649 94.1849 -0.752022 0.0603839 0.656366 103.458 0 1
-35.9235 34.7796 94.1425 -0.762629 0.057348 0.644289 103.636 0 1
-36.0157 33.6911 94.1334 -0.77268 0.0535757 0.632531 103.779 0 1
-35.924 32.8274 94.3192 -0.782445 0.0496072 0.620738 103.779 0 1
-35.9053 38.3736 93.7554 -0.748443 0.0652892 0.65997 103.945 1 1
-35.2875 38.7532 94.4147 -0.73379 0.063026 0.676447 104.142 0 1
-34.5893 39.315 95.1324 -0.719213 0.0600773 0.692187 104.349 0 1
-33.8023 39.7377 95.8942 -0.705167 0.0562516 0.706806 104.628 0 1
-32.6434 40.0279 96.9788 -0.692193 0.0515392 0.71987 104.915 0 1
-31.3907 40.225 98.0856 -0.680852 0.0460873 0.730969 105.093 0 1
-30.657 40.6512 98.6962 -0.671668 0.0401548 0.739763 105.264 0 1
-30.4448 41.6399 98.8328 -0.665082 0.034065 0.745993 105.459 0 1
-30.3348 42.8025 98.8664 -0.661393 0.0281582 0.749511 105.733 0 1
-30.2722 44.4701 98.8883 -0.66068 0.0227459 0.750323 106.029 0 1
-30.2512 46.233 98.8593 -0.662744 0.0180706 0.748628 106.226 0 1
-30.5262 47.3748 98.6196 -0.667119 0.0142754 0.744814 106.404 0 1
-31.3167 47.691 97.9558 -0.673151 0.0113842 0.739417 106.647 0 1
-32.3995 47.7826 96.987 -0.680125 0.00929981 0.733037 106.828 0 1
-33.1616 47.8112 96.2518 -0.687392 0.0078372 0.726245 107.057 0 1
-34.1326 47.7165 95.3035 -0.694473 0.00679568 0.719487 107.26 0 1
-34.9724 47.697 94.4736 -0.701095 0.00604498 0.713043 107.524 0 1
-36.023 47.7542 93.4014 -0.707158 0.00558101 0.707034 107.739 0 1
-36.878 47.738 92.5236 -0.71265 0.00552284 0.701498 108.011 0 1
-37.6426 46.6335 91.7494 -0.71756 0.00605887 0.69647 108.253 0 1
-37.789 45.2871 91.5989 -0.721822 0.00737954 0.69204 108.457 0 1
-37.8593 44.1473 91.5272 -0.725283 0.00962852 0.688383 108.77 0 1
-37.828 42.3905 91.5508 -0.727699 0.0128662 0.685776 109.071 0 1
-37.6591 40.7065 91.7489 -0.728746 0.0170199 0.684573 109.257 0 1
-37.1276 40.0252 92.3531 -0.728094 0.021828 0.68513 109.459 0 1
-36.4695 39.4558 93.0854 -0.725506 0.0268277 0.687693 109.641 0 1
-35.9666 38.7427 93.6504 -0.720943 0.0314314 0.692281 109.788 0 1
-35.7217 39.5398 93.8834 -0.714603 0.0350689 0.698651 110.048 0 1
-34.7063 39.9821 94.9318 -0.70691 0.0373279 0.706317 110.276 0 1
-33.8141 40.4421 95.8133 -0.698473 0.0380262 0.714626 110.507 0 1
-32.8514 40.7027 96.7348 -0.69002 0.0372036 0.722834 110.715 0 1
-31.966 40.932 97.5184 -0.682344 0.035068 0.730189 110.89 0 1
-31.235 41.3422 98.1491 -0.676209 0.0319334 0.736017 111.094 0 1
-30.9745 42.5301 98.3489 -0.672227 0.0281691 0.739809 111.266 0 1
-30.9035 43.5493 98.3782 -0.670739 0.0241541 0.7413 111.507 0 1
-30.8467 44.9544 98.388 -0.671743 0.0202313 0.740508 111.698 0 1
-30.9603 46.0824 98.2639 -0.674917 0.0166627 0.737706 111.859 0 1
-31.4682 46.7745 97.8102 -0.679706 0.0135984 0.733359 112.08 0 1
-32.4663 47.0228 96.9317 -0.685475 0.0110738 0.728012 112.354 0 1
-33.6148 46.9734 95.8126 -0.691638 0.0090481 0.722188 112.631 0 1
-34.7776 46.9381 94.6708 -0.697741 0.00747974 0.716311 112.837 0 1
-35.612 46.9762 93.8322 -0.70348 0.00639816 0.710686 113.023 0 1
-36.3481 46.9345 93.0781 -0.708656 0.00592179 0.70553 113.23 0 1
-37.0849 46.3917 92.3295 -0.71311 0.00620637 0.701024 113.452 0 1
-37.2557 45.1582 92.154 -0.716664 0.00735972 0.69738 113.643 0 1
-37.3136 44.0809 92.1008 -0.719089 0.0093714 0.694855 113.875 0 1
-37.3019 42.7739 92.1116 -0.720136 0.0120806 0.693728 114.073 0 1
-37.2236 41.6585 92.1921 -0.719595 0.0151835 0.694228 114.27 0 1
-36.7914 40.7429 92.696 -0.717374 0.0182819 0.696448 114.545 0 1
-35.9321 39.856 93.645 -0.713558 0.0209752 0.700282 114.682 0 1
-35.6321 40.538 93.939 -0.708441 0.0229608 0.705396 115.005 0 1
-34.3755 40.9283 95.2286 -0.702535 0.0240916 0.711241 115.182 0 1
-33.6722 41.201 95.9076 -0.696531 0.0243667 0.717113 115.358 0 1
-32.9441 41.4366 96.6071 -0.6912 0.0238814 0.722268 115.543 0 1
-32.1672 41.7473 97.2934 -0.687246 0.0227782 0.726067 115.746 0 1
-31.5723 42.6797 97.8038 -0.685147 0.0212159 0.728096 115.932 0 1
-31.4819 43.7824 97.8787 -0.685069 0.0193525 0.728221 116.189 0 1
-31.4655 45.2499 97.8545 -0.686866 0.0173448 0.726577 116.367 0 1
-31.9164 46.0893 97.4265 -0.690165 0.0153667 0.723489 116.567 0 1
-32.8025 46.2501 96.608 -0.694476 0.0136294 0.719387 116.88 0 1
-34.1297 46.2055 95.3174 -0.699291 0.0123742 0.71473 117.118 0 1
-35.1148 46.1987 94.3428 -0.704127 0.01183 0.709976 117.313 0 1
-35.8956 46.1406 93.5495 -0.708533 0.0121527 0.705573 117.538 0 1
-36.6549 45.4498 92.7786 -0.712095 0.0133706 0.701956 117.783 0 1
-36.7722 44.0673 92.6638 -0.714442 0.0153423 0.699527 118.116 0 1
-36.7199 42.1846 92.7307 -0.715306 0.0177469 0.698586 118.36 0 1
-36.1711 41.0548 93.3452 -0.714598 0.0201339 0.699245 118.435 0 1
-35.9295 40.8162 93.6125 -0.712476 0.0220392 0.70135 118.583 0 1
-35.5636 41.4767 93.9772 -0.709348 0.0231216 0.704479 118.802 0 1
-34.6898 41.5549 94.8694 -0.705797 0.0232512 0.708033 119.037 0 1
-33.7544 41.8946 95.7933 -0.70245 0.0225083 0.711377 119.217 0 1
-33.0126 42.1579 96.4975 -0.699851 0.0211102 0.713976 119.396 0 1
-32.3207 42.6787 97.1262 -0.698363 0.0193221 0.715483 119.568 0 1
-32.0694 43.6421 97.3479 -0.698133 0.0174014 0.715757 119.827 0 1
-32.1656 45.1264 97.2305 -0.699103 0.0155861 0.714851 120.071 0 1
-33.143 45.498 96.2874 -0.701049 0.0140964 0.712973 120.253 0 1
-33.9148 45.4825 95.5365 -0.703616 0.0131111 0.710459 120.436 0 1
-34.6788 45.4516 94.794 -0.706359 0.0127202 0.707739 120.615 0 1
-35.397 45.3888 94.0663 -0.708801 0.0128874 0.705291 120.813 0 1
-36.0868 44.8256 93.3656 -0.710514 0.0134564 0.703555 121.07 0 1
-36.2388 43.3746 93.2211 -0.711228 0.0142007 0.702818 121.251 0 1
-36.1381 42.3516 93.3334 -0.710912 0.0148919 0.703124 121.372 0 1
-35.8727 41.7811 93.6355 -0.709792 0.0153566 0.704244 121.534 0 1
-35.3431 42.33 94.1707 -0.708291 0.0155069 0.70575 121.82 0 1
-34.1881 42.4809 95.3375 -0.706893 0.0153463 0.707154 122.028 0 1
-33.3386 42.7727 96.1519 -0.705997 0.0149545 0.708057 122.223 0 1
-32.6942 43.5086 96.7568 -0.705789 0.0144523 0.708274 122.432 0 1
-32.9887 44.6722 96.4518 -0.706199 0.013962 0.707876 122.615 0 1
-33.7454 44.7616 95.7142 -0.706945 0.0135763 0.707138 122.846 0 1
-34.7119 44.72 94.7728 -0.707676 0.0133429 0.706411 123.041 0 1
-35.4787 44.5109 93.9914 -0.708121 0.0132606 0.705966 123.304 0 1
-35.6777 43.0314 93.8049 -0.708183 0.0132853 0.705904 123.316 0 1
-35.6632 42.9664 93.8214 -0.70793 0.0133486 0.706156 123.527 0 1
-35.0336 43.7886 94.4552 -0.707518 0.0133839 0.706569 123.719 0 1
-34.3552 43.2664 95.1557 -0.707086 0.0133502 0.707002 123.904 0 1
-33.591 43.371 95.8958 -0.706703 0.0132421 0.707386 124.093 0 1
-34.2238 44.0248 95.2645 -0.706368 0.0130837 0.707723 124.168 0 1
-34.5357 44.0106 94.9614 -0.705986 0.0129111 0.707986 124.168 0 1
