-66.7692 29.2626 59.2415 -0.812731 0.0113677 0.582525 0 1 0
-66.309 29.446 59.8818 -0.812801 0.0111684 0.582434 0.239463 0 0
-66.7459 29.6495 59.2653 -0.812884 0.0109869 0.582322 0.354248 0 0
-67.1697 29.8705 58.6686 -0.812982 0.0108418 0.582188 0.575803 0 0
-66.9421 28.4541 59.014 -0.813091 0.0107424 0.582038 0.751412 0 0
-66.2794 28.187 59.9421 -0.813201 0.0106785 0.581884 0.965557 0 0
-65.842 29.4101 60.5362 -0.8133 0.0106226 0.581748 1.14288 0 0
-65.9896 30.5504 60.3085 -0.813372 0.0105443 0.581648 1.34128 0 0
-66.7241 30.8635 59.2732 -0.813407 0.010429 0.581602 1.47958 0 0
-67.1033 30.2107 58.7541 -0.813402 0.0102936 0.581611 1.58638 0 0
-67.5034 30.3818 58.1921 -0.813366 0.010189 0.581663 1.84255 0 0
-67.5547 28.6797 58.1551 -0.813316 0.0101843 0.581733 2.04891 0 0
-67.0472 27.6286 58.8815 -0.813275 0.0103344 0.581787 2.19934 0 0
-66.4937 27.312 59.6574 -0.813257 0.0106502 0.581807 2.38999 0 0
-65.7965 27.7637 60.6221 -0.813264 0.0110903 0.58179 2.61261 0 0
-65.4381 29.1197 61.105 -0.813286 0.0115799 0.581749 2.79201 0 0
-65.4181 30.304 61.1098 -0.813313 0.0120431 0.581701 3.02526 0 0
-65.9934 31.4663 60.2844 -0.813339 0.0124276 0.581658 3.22985 0 0
-66.7638 31.6372 59.195 -0.813355 0.0127102 0.581629 3.42797 0 0
-67.3737 30.8171 58.3646 -0.813353 0.0128851 0.581628 3.45563 0 0
-67.4454 30.6792 58.2668 -0.813328 0.0129473 0.581661 3.56788 0 0
-67.8308 31.0147 57.7236 -0.813282 0.012884 0.581728 3.7822 0 0
-67.2562 32.0642 58.4902 -0.813225 0.0126797 0.581811 4.00472 0 0
-66.4229 32.4616 59.6573 -0.813177 0.0123299 0.581885 4.16876 0 0
-65.8116 32.228 60.5197 -0.813161 0.0118543 0.581917 4.3734 0 0
-65.2302 31.3436 61.3489 -0.813193 0.0112989 0.581884 4.55313 0 0
-64.9588 30.2643 61.7507 -0.813275 0.0107263 0.581781 4.88214 0 0
-65.1692 28.119 61.4942 -0.81339 0.0101997 0.58163 5.08203 0 0
-65.6534 27.0791 60.8328 -0.813504 0.0097703 0.581477 5.32829 0 0
-66.5632 26.5662 59.5715 -0.813579 0.0094723 0.581377 5.49673 0 0
-67.1905 26.8722 58.6895 -0.813588 0.00932431 0.581367 5.7632 0 0
-67.8939 28.1675 57.6857 -0.813526 0.00933403 0.581453 5.92506 0 0
-68.079 29.1983 57.4096 -0.813412 0.00950011 0.581611 6.0802 0 0
-67.9966 30.2277 57.503 -0.813274 0.00980879 0.581798 6.19529 0 0
-68.4302 30.4054 56.8928 -0.813145 0.0102281 0.581971 6.36786 0 0
-68.1767 31.4788 57.2336 -0.813048 0.0107047 0.582098 6.52629 0 0
-67.7922 32.3051 57.7484 -0.812998 0.0111668 0.58216 6.77168 0 0
-66.9511 33.0757 58.8997 -0.812997 0.0115315 0.582154 6.93055 0 0
-66.3472 33.2377 59.7474 -0.813036 0.0117191 0.582096 7.08927 0 0
-65.7544 33.0266 60.5792 -0.813094 0.0116692 0.582016 7.28844 0 0
-65.1129 32.341 61.4886 -0.813147 0.0113587 0.581948 7.44759 0 0
-64.7628 31.4965 61.9966 -0.813182 0.0108108 0.581909 7.60625 0 0
-64.5447 30.529 62.3237 -0.813201 0.0100939 0.581895 7.78865 0 0
-64.5538 29.3272 62.3371 -0.813226 0.00930635 0.581874 7.98011 0 0
-64.6951 28.0895 62.1577 -0.813282 0.00855417 0.581807 8.14606 0 0
-64.9759 27.1015 61.7788 -0.813391 0.00792872 0.581664 8.33295 0 0
-65.4391 26.1487 61.1432 -0.813557 0.00748934 0.581437 8.50544 0 0
-66.0596 25.7175 60.2829 -0.813768 0.00725397 0.581145 8.69 0 0
-66.7671 25.9051 59.2933 -0.814001 0.00719851 0.580818 8.85335 0 0
-67.3824 26.1674 58.4285 -0.814235 0.00726531 0.580489 9.06929 0 0
-67.9977 27.1434 57.5526 -0.814455 0.0073785 0.58018 9.26615 0 0
-68.4 28.2611 56.9707 -0.814651 0.00746153 0.579904 9.44863 0 0
-68.5248 29.4667 56.7769 -0.814813 0.00745231 0.579676 9.46364 0 0
-68.5205 29.5672 56.7815 -0.814926 0.00731359 0.579519 9.57276 0 0
-68.9381 29.6809 56.1917 -0.814967 0.0070382 0.579465 9.73921 0 0
-68.949 28.5615 56.1925 -0.814912 0.00664925 0.579546 9.89346 0 0
-68.7451 27.5869 56.4935 -0.814753 0.00619583 0.579775 10.0677 0 0
-68.3187 26.6782 57.1041 -0.814503 0.00574569 0.580132 10.2164 0 0
-67.9361 25.9304 57.6514 -0.814197 0.00537685 0.580564 10.4171 0 0
-67.2296 25.3598 58.6491 -0.813888 0.0051678 0.580999 10.5703 0 0
-66.6421 25.1712 59.4727 -0.813622 0.00518469 0.581372 10.7604 0 0
-65.9138 24.9436 60.4901 -0.813429 0.00546688 0.581638 10.9094 0 0
-65.3337 24.94 61.2971 -0.813317 0.00601746 0.581789 11.1242 0 0
-64.8675 26.1321 61.9371 -0.813269 0.0068044 0.581848 11.2865 0 0
-64.4286 26.9027 62.5466 -0.813256 0.00777005 0.581854 11.5538 0 0
-64.2019 28.6239 62.8411 -0.813251 0.00884221 0.581846 11.7253 0 0
-64.0157 29.7075 63.0823 -0.813236 0.00994285 0.581849 11.8928 0 0
-64.0397 30.8049 63.026 -0.813213 0.0109941 0.581862 12.0884 0 0
-64.4152 31.8995 62.4745 -0.813197 0.011922 0.581866 12.275 0 0
-64.8005 32.9151 61.9127 -0.813215 0.012661 0.581826 12.429 0 0
-65.2764 33.4882 61.2344 -0.813291 0.0131603 0.581709 12.6279 0 0
-65.9332 34.1107 60.3004 -0.813445 0.013393 0.581487 12.7851 0 0
-66.5353 34.1053 59.4622 -0.813686 0.0133599 0.581151 12.9808 0 0
-67.2522 33.7243 58.4676 -0.81401 0.0130873 0.580704 13.1861 0 0
-67.9861 33.2131 57.4564 -0.814403 0.0126194 0.580162 13.3928 0 0
-68.5371 32.2105 56.7164 -0.814848 0.0120104 0.579551 13.5646 0 0
-68.7211 31.1224 56.473 -0.815322 0.01132 0.578898 13.7319 0 0
-68.9022 30.0469 56.2363 -0.815801 0.010609 0.578233 13.7319 0 0
-65.3113 22.7092 61.3438 -0.811235 0.00133304 0.584711 13.8928 1 0
-64.7322 23.1309 62.1415 -0.81025 0.000190881 0.586085 14.0884 0 0
-63.9769 22.9706 63.1886 -0.809256 -0.000936962 0.587455 14.3429 0 0
-62.9939 22.8296 64.5526 -0.808274 -0.00203921 0.588804 14.5507 0 0
-62.3848 21.9322 65.3773 -0.807332 -0.00309803 0.59009 14.7699 0 0
-61.7355 20.9909 66.2528 -0.806481 -0.00408634 0.591246 14.9327 0 0
-61.5003 19.9948 66.5668 -0.805788 -0.00496912 0.592184 15.0942 0 0
-61.321 18.9793 66.8004 -0.805322 -0.00570676 0.59281 15.2544 0 0
-61.3954 17.9393 66.6904 -0.805132 -0.00625965 0.593062 15.4404 0 0
-61.5902 16.7736 66.4127 -0.805229 -0.00659609 0.592927 15.5986 0 0
-61.9273 15.9128 65.9442 -0.805584 -0.00670206 0.592444 15.7569 0 0
-62.4262 15.3067 65.2627 -0.80614 -0.00658652 0.591688 15.9467 0 0
-63.0194 14.5655 64.4541 -0.806836 -0.00627813 0.590743 16.1646 0 0
-63.8241 14.1656 63.3477 -0.80761 -0.00581714 0.589689 16.3386 0 0
-64.4827 14.4395 62.4427 -0.808406 -0.00524842 0.588602 16.5213 0 0
-65.1601 14.839 61.5094 -0.809173 -0.00461634 0.587553 16.6919 0 0
-65.7038 15.5246 60.763 -0.809865 -0.00395912 0.586603 16.8452 0 0
-65.9998 16.4323 60.3602 -0.810445 -0.00330601 0.585805 17.1067 0 0
-66.2209 18.1611 60.0698 -0.81088 -0.00268324 0.585207 17.2972 0 0
-66.261 19.435 60.0184 -0.811137 -0.00212573 0.584852 17.518 0 0
-66.005 20.8475 60.3761 -0.811193 -0.00168106 0.584777 17.679 0 0
-65.6056 21.6785 60.932 -0.811032 -0.0013987 0.585001 17.7002 0 0
-65.5558 21.7914 61.0017 -0.810661 -0.00131282 0.585514 17.8055 0 0
-65.2019 21.4335 61.4936 -0.810111 -0.00143242 0.586274 18.0417 0 0
-64.4225 22.2745 62.575 -0.809435 -0.00174216 0.587207 18.201 0 0
-63.8093 22.1624 63.4268 -0.808705 -0.00220829 0.58821 18.4301 0 0
-62.962 21.703 64.5883 -0.808014 -0.00278522 0.589157 18.6309 0 0
-62.3257 20.9289 65.4491 -0.807459 -0.00342211 0.589914 18.7932 0 0
-61.9658 20.0481 65.9332 -0.807127 -0.00406656 0.590363 18.9473 0 0
-61.8493 19.0532 66.0869 -0.807072 -0.00466203 0.590434 19.194 0 0
-62.0214 17.4639 65.8399 -0.807298 -0.00514441 0.590122 19.4387 0 0
-62.5491 16.1357 65.1086 -0.807759 -0.00544842 0.589488 19.6178 0 0
-63.0766 15.3688 64.3857 -0.808376 -0.0055256 0.588641 19.8363 0 0
-63.8982 15.0405 63.257 -0.809055 -0.00536354 0.587708 20.1143 0 0
-64.9349 15.56 61.8274 -0.809714 -0.00499636 0.586804 20.286 0 0
-65.4282 16.3627 61.1572 -0.810288 -0.00450417 0.586015 20.4788 0 0
-65.7355 17.5502 60.7475 -0.810739 -0.00399993 0.585395 20.6693 0 0
-65.78 18.8185 60.6899 -0.811047 -0.00360179 0.58497 20.8641 0 0
-65.6361 20.099 60.889 -0.811199 -0.00339745 0.58476 21.0564 0 0
-65.2951 21.2444 61.3635 -0.811184 -0.00341637 0.584781 21.1761 0 0
-64.8506 20.9994 61.9816 -0.81099 -0.00362303 0.585048 21.4186 0 0
-65.2851 19.5706 61.3758 -0.810618 -0.00393351 0.585562 21.6658 0 0
-65.3204 17.9197 61.3296 -0.810092 -0.00424636 0.586288 21.8403 0 0
-65.0917 16.826 61.6308 -0.809469 -0.00447402 0.587146 22.01 0 0
-64.5812 16.0908 62.3233 -0.808835 -0.00456363 0.588017 22.2099 0 0
-63.8123 15.812 63.383 -0.808289 -0.00450293 0.588768 22.4493 0 0
-62.9612 16.4559 64.5545 -0.807913 -0.0043138 0.589286 22.7224 0 0
-62.3708 17.9455 65.3712 -0.807742 -0.0040388 0.589523 22.9164 0 0
-62.3293 19.2167 65.4363 -0.80775 -0.00372738 0.589514 23.1347 0 0
-62.7021 20.5079 64.9342 -0.807861 -0.00342594 0.589363 23.3286 0 0
-63.3432 21.1915 64.0676 -0.807986 -0.00317205 0.589193 23.4914 0 0
-63.9536 21.4429 63.2266 -0.808058 -0.00299018 0.589096 23.6341 0 0
-64.5047 21.4655 62.4649 -0.808052 -0.0028881 0.589104 23.7869 0 0
-64.5136 20.4564 62.4481 -0.807983 -0.00285461 0.589199 23.9446 0 0
-63.9148 20.6674 63.2788 -0.807887 -0.00286153 0.58933 24.1241 0 0
-63.2541 20.2818 64.183 -0.807809 -0.0028733 0.589437 24.2777 0 0
-62.8372 19.5553 64.7476 -0.807789 -0.00286421 0.589465 24.5477 0 0
-62.877 17.7796 64.6826 -0.807851 -0.00283502 0.589381 24.7025 0 0
-63.2563 16.9945 64.1572 -0.807995 -0.00281599 0.589182 24.9614 0 0
-64.2346 16.6341 62.8067 -0.808203 -0.00284962 0.588897 25.1164 0 0
-64.716 17.2752 62.1538 -0.808436 -0.00296216 0.588576 25.3214 0 0
-64.9256 18.5928 61.8734 -0.808655 -0.00314336 0.588275 25.492 0 0
-64.8119 19.709 62.0311 -0.80882 -0.00334929 0.588047 25.514 0 0
-64.7682 19.8344 62.0922 -0.808907 -0.00352689 0.587926 25.6462 0 0
-64.4725 19.1114 62.4939 -0.808912 -0.00364301 0.587919 25.8822 0 0
-63.6665 19.8572 63.6175 -0.808852 -0.00369745 0.588001 26.0399 0 0
-63.2547 19.085 64.1744 -0.808757 -0.00371294 0.588131 26.2844 0 0
-63.5458 17.5541 63.7606 -0.808655 -0.00371313 0.588271 26.435 0 0
-64.1229 17.3762 62.9641 -0.808558 -0.00370642 0.588405 26.6316 0 0
-64.4781 18.5447 62.4848 -0.808454 -0.00368375 0.588548 26.6883 0 0
-64.4978 18.9212 62.4589 -0.80832 -0.00362748 0.588732 26.8339 0 0
-64.0395 18.3393 63.0836 -0.808132 -0.00352259 0.588991 26.9732 0 0
-63.7746 19.1456 63.4595 -0.807878 -0.00336442 0.58934 27.1304 0 0
-63.9242 18.1407 63.2411 -0.807565 -0.00316059 0.589771 27.1482 0 0
-63.993 18.1223 63.1462 -0.807213 -0.00292822 0.590252 27.164 0 0
-64.0336 18.2025 63.0913 -0.806852 -0.00268855 0.590747 27.164 0 0
