81.3091 -44.3349 42.2215 0.828553 -0.0227545 0.559442 0 1 1
81.4897 -45.4657 41.9077 0.827411 -0.0223484 0.561152 0.29977 0 1
81.7784 -44.6576 41.5205 0.826382 -0.0219055 0.562684 0.444708 0 1
81.7563 -43.6296 41.5929 0.825558 -0.0214703 0.563909 0.494373 0 1
81.5937 -43.8417 41.8235 0.825005 -0.0211182 0.564731 0.63498 0 1
82.1371 -43.5354 41.0472 0.824731 -0.0209218 0.565138 0.79852 0 1
82.1472 -44.6937 40.9895 0.824669 -0.0209254 0.565229 0.940255 0 1
82.0862 -45.6968 41.052 0.824696 -0.0211342 0.565182 1.18452 0 1
81.1552 -46.2942 42.3694 0.824682 -0.0215126 0.565187 1.34266 0 1
80.8415 -45.3393 42.8796 0.824534 -0.021985 0.565384 1.57751 0 1
80.8738 -43.6797 42.8938 0.824218 -0.0224431 0.565827 1.7357 0 1
80.9733 -42.5663 42.7938 0.823759 -0.0227699 0.566483 1.90611 0 1
81.4927 -41.7586 42.0621 0.823231 -0.0228753 0.567245 2.09151 0 1
82.0256 -42.6372 41.2467 0.822755 -0.0227263 0.567942 2.13905 0 1
82.0491 -42.9687 41.197 0.822477 -0.0223567 0.568358 2.25904 0 1
82.4724 -42.5177 40.6124 0.822541 -0.021854 0.568286 2.42925 0 1
82.5305 -43.7021 40.4726 0.823031 -0.0213333 0.567596 2.64406 0 1
82.5489 -45.2254 40.3986 0.82394 -0.0209098 0.566292 2.79116 0 1
82.4588 -46.2564 40.5035 0.825156 -0.0206788 0.564527 2.94224 0 1
82.0422 -47.0463 41.0672 0.826489 -0.0207007 0.562572 3.19416 0 1
81.0341 -47.0502 42.5266 0.827714 -0.0209888 0.560758 3.33639 0 1
80.5515 -46.5584 43.2689 0.828621 -0.0215019 0.559397 3.50207 0 1
80.4079 -45.4228 43.5266 0.829058 -0.0221546 0.558723 3.66873 0 1
80.4356 -44.249 43.5313 0.828959 -0.0228426 0.558843 3.84072 0 1
80.4978 -43.0365 43.4841 0.828349 -0.0234657 0.559721 4.00295 0 1
80.6153 -41.9003 43.3584 0.827328 -0.0239376 0.561209 4.17583 0 1
81.1078 -41.0217 42.6636 0.82604 -0.024189 0.563092 4.34985 0 1
81.8013 -40.9516 41.645 0.824643 -0.0241777 0.565136 4.5101 0 1
82.3736 -41.4405 40.7963 0.823284 -0.0239026 0.567126 4.64184 0 1
82.4603 -42.3465 40.638 0.822092 -0.0234013 0.568873 4.75519 0 1
82.8861 -42.0377 40.0433 0.821185 -0.0227317 0.570208 4.90407 0 1
82.9179 -43.0769 39.9474 0.820673 -0.0219552 0.570976 5.05492 0 1
82.9648 -44.139 39.8334 0.820647 -0.0211358 0.571045 5.19506 0 1
82.9604 -45.1417 39.8131 0.821154 -0.0203484 0.570344 5.34646 0 1
82.9127 -46.2151 39.8566 0.822172 -0.0196766 0.568898 5.50718 0 1
82.7772 -47.3237 40.011 0.823601 -0.0191985 0.566845 5.71976 0 1
81.9626 -47.8239 41.1513 0.825273 -0.0189707 0.564415 5.8693 0 1
81.3656 -47.8545 42.0201 0.82699 -0.0190253 0.561894 6.0365 0 1
80.707 -47.7711 42.995 0.828559 -0.0193742 0.559567 6.20854 0 1
80.1076 -47.2261 43.9196 0.829813 -0.0200071 0.557682 6.37899 0 1
79.98 -46.0409 44.1536 0.830634 -0.0208764 0.556427 6.5438 0 1
80.0018 -44.8739 44.1661 0.830947 -0.0218823 0.555921 6.72724 0 1
80.0518 -43.5788 44.141 0.830728 -0.0228815 0.556208 6.90464 0 1
80.1319 -42.3292 44.0659 0.830002 -0.023726 0.557255 7.0792 0 1
80.2462 -41.1032 43.9486 0.828841 -0.0243089 0.558955 7.22367 0 1
80.6087 -40.2876 43.4466 0.827356 -0.0245852 0.56114 7.39053 0 1
81.2671 -40.1554 42.4753 0.825678 -0.0245604 0.563607 7.62332 0 1
82.1915 -40.1915 41.1119 0.823947 -0.0242705 0.566147 7.82605 0 1
82.863 -40.9763 40.1157 0.822292 -0.0237721 0.568569 7.90874 0 1
82.8613 -41.5579 40.097 0.820834 -0.023141 0.570699 8.0247 0 1
83.3279 -41.573 39.4304 0.819684 -0.0224612 0.572375 8.2104 0 1
83.3331 -42.8779 39.3705 0.818955 -0.0218039 0.573443 8.36315 0 1
83.3868 -43.9475 39.2469 0.818744 -0.0212078 0.573766 8.60721 0 1
83.3682 -45.6837 39.2203 0.819106 -0.0206793 0.573269 8.77684 0 1
83.3044 -46.8811 39.2768 0.820029 -0.020212 0.571966 8.94111 0 1
83.1834 -48.0195 39.4102 0.821426 -0.019811 0.569971 9.13244 0 1
82.4558 -48.5077 40.4222 0.823156 -0.0195008 0.56748 9.30088 0 1
81.7779 -48.5869 41.3902 0.825054 -0.0193164 0.564723 9.45708 0 1
81.1538 -48.583 42.3097 0.826961 -0.0192876 0.561929 9.61632 0 1
80.5227 -48.5338 43.2511 0.828737 -0.0194317 0.5593 9.76245 0 1
79.9601 -48.328 44.1065 0.830272 -0.0197556 0.557009 9.93299 0 1
79.607 -47.3069 44.6756 0.831474 -0.0202608 0.555194 10.1446 0 1
79.5445 -45.8041 44.8257 0.83228 -0.0209432 0.553959 10.3503 0 1
79.6173 -44.3428 44.7726 0.832651 -0.0217824 0.553369 10.5271 0 1
79.6547 -43.0909 44.7632 0.832576 -0.0227252 0.553444 10.6797 0 1
79.7294 -42.017 44.6901 0.83207 -0.0236753 0.554165 10.8327 0 1
79.8132 -40.9441 44.6104 0.831173 -0.0245041 0.555474 10.9935 0 1
79.9948 -39.8465 44.3848 0.829952 -0.0250845 0.557271 11.1696 0 1
80.6607 -39.4374 43.4149 0.828494 -0.0253326 0.559425 11.3212 0 1
81.2594 -39.3919 42.5283 0.826894 -0.025233 0.561792 11.4718 0 1
81.8558 -39.4381 41.6478 0.825244 -0.0248319 0.56423 11.6436 0 1
82.5412 -39.4381 40.6445 0.823628 -0.0242094 0.566614 11.8852 0 1
83.3282 -40.4028 39.4727 0.822107 -0.0234548 0.568849 11.9474 0 1
83.33 -40.8424 39.4539 0.82073 -0.0226558 0.570866 12.0866 0 1
83.8931 -40.7618 38.6522 0.819539 -0.0218929 0.572605 12.2537 0 1
83.822 -41.9424 38.7162 0.81859 -0.0212273 0.573985 12.4967 0 1
83.8353 -43.6525 38.6301 0.817967 -0.020682 0.574894 12.6994 0 1
83.8745 -45.0832 38.5169 0.81777 -0.0202309 0.575189 12.9095 0 1
83.7399 -46.5702 38.6713 0.818094 -0.0198036 0.574744 13.0647 0 1
83.8739 -47.6322 38.4508 0.818981 -0.0193147 0.573496 13.2671 0 1
83.5499 -48.9536 38.8639 0.820393 -0.0187102 0.571494 13.4553 0 1
82.8334 -49.4616 39.8463 0.822207 -0.0180113 0.568904 13.6021 0 1
82.2381 -49.505 40.6989 0.824242 -0.01732 0.565972 13.7735 0 1
81.5478 -49.5294 41.6941 0.826311 -0.0167802 0.562964 13.9274 0 1
80.9327 -49.5432 42.6088 0.828257 -0.0165149 0.560104 14.0725 0 1
80.36 -49.5041 43.4707 0.82998 -0.0165777 0.557547 14.217 0 1
79.8084 -49.2546 44.3123 0.831422 -0.0169403 0.555383 14.3819 0 1
79.2454 -48.6822 45.1812 0.832552 -0.017512 0.553669 14.5803 0 1
79.1129 -47.2779 45.4157 0.833348 -0.0181832 0.55245 14.804 0 1
79.0956 -45.6672 45.5127 0.83379 -0.0188717 0.551759 14.9979 0 1
79.2188 -44.2938 45.3827 0.833875 -0.0195538 0.551606 15.1519 0 1
79.1698 -43.2096 45.4985 0.833622 -0.020263 0.551963 15.2997 0 1
79.1991 -42.1657 45.4935 0.833072 -0.0210566 0.552764 15.461 0 1
79.2657 -41.0345 45.4387 0.832274 -0.0219708 0.55393 15.616 0 1
79.3578 -39.9616 45.3389 0.831271 -0.0229883 0.555392 15.7681 0 1
79.5331 -38.9288 45.1134 0.830097 -0.0240325 0.557101 15.9233 0 1
80.1081 -38.4949 44.2784 0.828782 -0.024986 0.559014 16.0792 0 1
80.726 -38.4644 43.3652 0.827362 -0.0257237 0.561079 16.2462 0 1
81.3852 -38.5449 42.3898 0.825883 -0.0261463 0.563235 16.4348 0 1
82.135 -38.4645 41.2917 0.824388 -0.026205 0.565418 16.6154 0 1
82.8395 -38.683 40.2497 0.822906 -0.0259128 0.567586 16.7664 0 1
83.4454 -38.4792 39.3916 0.821448 -0.0253395 0.569721 16.9643 0 1
83.8979 -39.5978 38.6932 0.820004 -0.0245955 0.571829 17.0396 0 1
83.8901 -40.1319 38.6796 0.818556 -0.0238079 0.573925 17.0396 0 1
