-45.1354 -43.5139 93.8368 -0.802507 0.0111075 0.596539 0 1 1
-44.4345 -42.6346 94.7633 -0.802914 0.0117297 0.59598 0.426237 0 1
-44.5782 -43.6634 94.5851 -0.803845 0.0123214 0.594711 0.473338 0 1
-44.7455 -43.6709 94.3643 -0.805428 0.012812 0.592555 0.604144 0 1
-44.9225 -44.3844 94.1385 -0.807605 0.0131311 0.589578 0.78738 0 1
-45.5661 -44.2733 93.2781 -0.810154 0.0132625 0.586067 0.957791 0 1
-46.1698 -44.2371 92.47 -0.812752 0.0132687 0.582459 1.13243 0 1
-46.7591 -44.3065 91.6353 -0.815042 0.0132641 0.579249 1.30505 0 1
-47.3467 -44.3728 90.7952 -0.816711 0.0133514 0.576893 1.59356 0 1
-48.3186 -44.2669 89.3502 -0.817541 0.0135662 0.575711 1.76158 0 1
-48.8709 -43.9051 88.5431 -0.817452 0.0138606 0.575831 1.89657 0 1
-48.3957 -43.89 89.2297 -0.816493 0.014139 0.577182 2.08928 0 1
-47.7282 -43.9096 90.2185 -0.814822 0.0143308 0.579534 2.36278 0 1
-46.7913 -43.663 91.5708 -0.812664 0.0144587 0.582553 2.61435 0 1
-45.9565 -43.219 92.7322 -0.810272 0.0146479 0.58587 2.86666 0 1
-45.1515 -42.5912 93.7978 -0.807891 0.0150588 0.58914 3.04624 0 1
-44.622 -41.9835 94.4907 -0.805734 0.015776 0.592067 3.23452 0 1
-44.0704 -41.3709 95.2308 -0.803988 0.0167244 0.59441 3.4494 0 1
-43.5817 -42.3011 95.8836 -0.802816 0.0176679 0.595965 3.72353 0 1
-43.6491 -43.8934 95.8161 -0.802361 0.0183052 0.596559 3.89951 0 1
-44.2051 -44.3637 95.0907 -0.802728 0.0184108 0.596061 3.92403 0 1
-44.2916 -44.368 94.9762 -0.803947 0.0179387 0.594431 4.05951 0 1
-44.3565 -45.1583 94.9306 -0.805937 0.0170259 0.591757 4.30041 0 1
-45.1954 -45.1528 93.8004 -0.808501 0.0158996 0.588281 4.47247 0 1
-45.8011 -45.1129 92.9886 -0.811353 0.0147588 0.58437 4.64571 0 1
-46.4016 -45.107 92.1591 -0.814176 0.0137022 0.580456 4.82103 0 1
-46.995 -45.1395 91.3121 -0.816679 0.0127329 0.576951 4.99081 0 1
-47.5806 -45.1481 90.4766 -0.818644 0.0118128 0.57418 5.15624 0 1
-48.1364 -45.1043 89.6452 -0.819948 0.0109183 0.572334 5.32038 0 1
-48.6973 -45.0394 88.8045 -0.820565 0.0100652 0.571465 5.58638 0 1
-49.6484 -44.9976 87.4256 -0.820552 0.00929921 0.571496 5.7926 0 1
-50.3702 -45.0239 86.3602 -0.820024 0.00866945 0.572263 6.01544 0 1
-51.17 -45.1476 85.2101 -0.81913 0.00820357 0.57355 6.23212 0 1
-51.9552 -45.0843 84.0872 -0.818024 0.00789705 0.575131 6.47007 0 1
-52.8248 -45.1181 82.8515 -0.816852 0.00771648 0.576796 6.6779 0 1
-53.5892 -45.0086 81.7748 -0.815735 0.00761095 0.578376 6.83841 0 1
-54.1817 -44.9023 80.9453 -0.814752 0.0075247 0.579761 7.09704 0 1
-55.146 -44.8985 79.6027 -0.81394 0.00740876 0.580902 7.2789 0 1
-55.8238 -44.9748 78.6609 -0.813293 0.00723192 0.581809 7.44204 0 1
-56.4338 -45.0356 77.816 -0.812786 0.0069887 0.58252 7.61745 0 1
-57.09 -45.0553 76.9075 -0.812386 0.00669993 0.583082 7.80225 0 1
-57.7745 -45.1758 75.9559 -0.812066 0.00640387 0.583531 7.95881 0 1
-58.3518 -45.2878 75.1507 -0.811808 0.00614294 0.583892 8.11936 0 1
-58.9486 -45.2304 74.3205 -0.811603 0.0059531 0.584178 8.31167 0 1
-59.4535 -44.3639 73.615 -0.811451 0.00586008 0.584391 8.47307 0 1
-59.3342 -43.3542 73.7743 -0.811358 0.00588014 0.58452 8.68801 0 1
-58.5682 -42.9371 74.8309 -0.811347 0.00602153 0.584533 8.86963 0 1
-57.8941 -42.8124 75.7661 -0.811452 0.0062846 0.584385 9.05422 0 1
-57.2072 -42.7631 76.7181 -0.811713 0.00666356 0.584018 9.23657 0 1
-56.5284 -42.8152 77.6589 -0.812168 0.00715108 0.58338 9.43546 0 1
-55.7872 -42.8739 78.6861 -0.812848 0.00774051 0.582424 9.62359 0 1
-55.086 -42.8847 79.6605 -0.813774 0.00842175 0.58112 9.87148 0 1
-54.1622 -42.839 80.9436 -0.814939 0.00917823 0.579474 10.0329 0 1
-53.569 -42.6831 81.7709 -0.81629 0.00999554 0.577556 10.1955 0 1
-52.9668 -42.6929 82.6146 -0.817717 0.0108792 0.575517 10.4544 0 1
-52.0191 -42.7487 83.9666 -0.819074 0.0118662 0.573564 10.6527 0 1
-51.3044 -42.8803 84.9887 -0.820198 0.0130125 0.571931 10.8942 0 1
-50.43 -42.892 86.2395 -0.820936 0.014355 0.57084 11.0691 0 1
-49.8083 -42.9371 87.1428 -0.821163 0.0158717 0.570473 11.247 0 1
-49.1898 -42.9785 88.0686 -0.820804 0.0174788 0.570942 11.4363 0 1
-48.5286 -42.9654 89.027 -0.819845 0.0190767 0.572267 11.6489 0 1
-47.7851 -42.9465 90.0974 -0.818336 0.0205991 0.574371 11.8637 0 1
-47.0458 -42.8944 91.1786 -0.816368 0.0220133 0.577112 12.0352 0 1
-46.4711 -42.6304 91.9803 -0.814054 0.0232694 0.580323 12.2096 0 1
-45.8844 -42.3653 92.7957 -0.811505 0.0242572 0.583842 12.3909 0 1
-45.3185 -41.8791 93.5505 -0.808835 0.0248316 0.587511 12.649 0 1
-44.5534 -41.0563 94.563 -0.806165 0.0249011 0.591167 12.8378 0 1
-44.0372 -40.3494 95.2372 -0.80363 0.0245093 0.594624 13.0084 0 1
-43.6283 -39.6055 95.7372 -0.801377 0.0238342 0.597684 13.1838 0 1
-43.1926 -38.8534 96.2769 -0.799547 0.0230999 0.600159 13.4241 0 1
-43.1692 -40.2404 96.3738 -0.798265 0.0224562 0.601888 13.7505 0 1
-43.0804 -42.1189 96.5382 -0.797626 0.021902 0.602754 13.9519 0 1
-43.0569 -43.2813 96.5834 -0.797694 0.0212961 0.602686 14.1251 0 1
-43.1298 -44.2782 96.4952 -0.798488 0.0204488 0.601664 14.2997 0 1
-43.5562 -45.0534 95.9849 -0.799976 0.019245 0.599724 14.4057 0 1
-43.9248 -45.151 95.5023 -0.802075 0.0177266 0.59696 14.5484 0 1
-43.8918 -45.9781 95.5843 -0.804656 0.0160848 0.593524 14.836 0 1
-44.8973 -46.0002 94.2371 -0.807548 0.0145621 0.589622 15.0654 0 1
-45.6942 -45.9418 93.16 -0.810553 0.0133288 0.585513 15.2834 0 1
-46.4291 -45.9416 92.1183 -0.813455 0.0124125 0.581496 15.4868 0 1
-47.1286 -45.9554 91.1217 -0.816041 0.0117196 0.577875 15.6755 0 1
-47.791 -45.9418 90.1832 -0.818132 0.0111144 0.574923 15.8427 0 1
-48.358 -45.9208 89.3355 -0.819606 0.0104972 0.572831 16.0044 0 1
-48.9246 -45.8772 88.5038 -0.820421 0.00983986 0.571676 16.1874 0 1
-49.5703 -45.8598 87.5576 -0.820607 0.0091751 0.571419 16.4515 0 1
-50.4908 -45.9048 86.1917 -0.82026 0.00856477 0.571927 16.6188 0 1
-51.0942 -45.9474 85.3199 -0.81951 0.00806675 0.573008 16.8178 0 1
-51.8232 -45.9459 84.2832 -0.818504 0.00771357 0.574449 17.0021 0 1
-52.4953 -45.9174 83.3263 -0.817385 0.00750454 0.576043 17.1701 0 1
-53.1135 -45.8651 82.4546 -0.816272 0.00740789 0.57762 17.3296 0 1
-53.7023 -45.8171 81.626 -0.815254 0.00736852 0.579056 17.4868 0 1
-54.2861 -45.7597 80.8114 -0.814376 0.00732022 0.580291 17.6741 0 1
-54.9838 -45.7571 79.8412 -0.813644 0.00720305 0.581319 17.9524 0 1
-56.0194 -45.8233 78.4013 -0.813038 0.00698244 0.582169 18.11 0 1
-56.6091 -45.847 77.5842 -0.812532 0.0066622 0.582879 18.3486 0 1
-57.4987 -45.9425 76.3508 -0.812103 0.0062847 0.583481 18.5142 0 1
-58.1103 -46.0301 75.498 -0.81174 0.00591719 0.583989 18.7906 0 1
-59.1359 -46.0724 74.0686 -0.811442 0.00562939 0.584406 19.0273 0 1
-59.8932 -45.3104 73.0116 -0.811207 0.00547189 0.584733 19.3169 0 1
-59.9485 -43.466 72.9255 -0.811037 0.00546398 0.584969 19.4748 0 1
-59.779 -42.4993 73.1531 -0.810933 0.00559441 0.585112 19.6626 0 1
-59.1109 -42.1195 74.0736 -0.810905 0.00583186 0.585149 19.9272 0 1
-58.1219 -42.0588 75.4416 -0.810976 0.00613991 0.585048 20.1016 0 1
-57.4726 -41.998 76.3417 -0.811178 0.00649114 0.584764 20.3079 0 1
-56.7031 -41.9809 77.4076 -0.811544 0.00687723 0.584251 20.5078 0 1
-55.958 -42.0161 78.4391 -0.812094 0.00731519 0.58348 20.7015 0 1
-55.2353 -42.0504 79.4411 -0.812834 0.00784833 0.582443 20.8629 0 1
-54.6335 -42.0589 80.2769 -0.813752 0.00853594 0.581149 21.0921 0 1
-53.7833 -41.9202 81.4586 -0.814822 0.0094301 0.579634 21.2786 0 1
-53.0922 -41.894 82.427 -0.815993 0.0105552 0.577965 21.5145 0 1
-52.227 -41.9187 83.6551 -0.817182 0.0119098 0.576256 21.6779 0 1
-51.6334 -41.9664 84.5013 -0.818279 0.0134862 0.574663 21.8388 0 1
-51.0506 -42.0601 85.3335 -0.819159 0.0152806 0.573363 22.0646 0 1
-50.2291 -42.079 86.5023 -0.819707 0.0172857 0.572522 22.2632 0 1
-49.5267 -42.1036 87.5397 -0.819829 0.019482 0.572277 22.5151 0 1
-48.6423 -42.1178 88.8374 -0.819474 0.0218506 0.572699 22.7193 0 1
-47.9237 -42.0942 89.8692 -0.818656 0.0243911 0.573766 22.9442 0 1
-47.1411 -42.0153 91.0015 -0.817485 0.0271153 0.575312 23.1186 0 1
-46.5423 -41.8248 91.8354 -0.816191 0.0300053 0.577003 23.3182 0 1
-45.869 -41.4819 92.7616 -0.815116 0.0329599 0.57836 23.5845 0 1
-45.0458 -40.7294 93.8795 -0.814653 0.0357717 0.578844 23.8079 0 1
-44.4167 -39.9306 94.6943 -0.815153 0.0381559 0.577987 23.9798 0 1
-44.0481 -39.1067 95.1435 -0.816824 0.0398204 0.575511 24.2372 0 1
-43.6907 -37.6826 95.5115 -0.819684 0.0405463 0.571379 24.4763 0 1
-43.5223 -36.2841 95.6113 -0.823578 0.0402459 0.565774 24.659 0 1
-43.4225 -35.1931 95.6365 -0.828233 0.0389767 0.559026 24.9526 0 1
-43.225 -33.4162 95.7782 -0.833334 0.036913 0.551536 25.1755 0 1
-43.1781 -32.0444 95.7354 -0.838572 0.034292 0.543711 25.3472 0 1
-43.1154 -30.9687 95.766 -0.843687 0.0313585 0.535918 25.519 0 1
-43.1001 -29.889 95.7254 -0.848481 0.0283283 0.528468 25.7206 0 1
-43.0141 -28.6258 95.8159 -0.852806 0.0253731 0.521612 25.8934 0 1
-43.01 -27.5422 95.7659 -0.856552 0.0226255 0.515565 26.0657 0 1
-43.0279 -26.4537 95.6939 -0.859627 0.0201888 0.510523 26.2414 0 1
-43.0124 -25.3422 95.6792 -0.861953 0.0181423 0.506664 26.4154 0 1
-42.9798 -24.2355 95.7108 -0.863469 0.0165472 0.50413 26.5837 0 1
-42.9224 -23.1727 95.7798 -0.864148 0.0154552 0.503 26.7245 0 1
-42.5171 -22.8126 96.4969 -0.863998 0.0149123 0.503274 26.9035 0 1
-42.5014 -23.9445 96.5401 -0.863045 0.014947 0.504906 27.0809 0 1
-42.4649 -25.0649 96.6293 -0.861309 0.0155503 0.507843 27.2639 0 1
-42.4321 -26.2185 96.7086 -0.858797 0.0166684 0.512045 27.4431 0 1
-42.3991 -27.3466 96.8075 -0.855517 0.0182195 0.517454 27.6462 0 1
-42.4029 -28.6187 96.8186 -0.851511 0.0201166 0.523951 27.8373 0 1
-42.5728 -29.7817 96.572 -0.846863 0.0222637 0.531345 28.0133 0 1
-42.5294 -30.8921 96.7016 -0.841689 0.0245188 0.539405 28.1972 0 1
-42.5684 -32.038 96.6989 -0.836122 0.0266565 0.547896 28.3605 0 1
-42.4733 -33.0088 96.8889 -0.830309 0.0283794 0.556581 28.5296 0 1
-42.5488 -34.0271 96.8256 -0.824419 0.0293964 0.565216 28.711 0 1
-42.5973 -35.1181 96.8186 -0.818643 0.0295381 0.573543 28.9058 0 1
-42.6311 -36.2847 96.8399 -0.813178 0.0288467 0.581299 29.0749 0 1
-42.658 -37.3019 96.8977 -0.808219 0.0275735 0.588236 29.269 0 1
-42.654 -38.4337 96.9621 -0.803942 0.026075 0.594136 29.5374 0 1
-42.6463 -39.9902 97.0408 -0.800499 0.0246693 0.598827 29.7885 0 1
-42.5945 -41.4418 97.1461 -0.798002 0.023541 0.602195 29.9818 0 1
-42.5689 -42.5494 97.2095 -0.796519 0.02274 0.604185 30.1616 0 1
-42.5656 -43.5762 97.2223 -0.796072 0.0222395 0.604793 30.4531 0 1
-42.7184 -45.2493 97.0703 -0.796633 0.0219933 0.604063 30.6581 0 1
-43.3392 -45.9157 96.3156 -0.798116 0.0219519 0.602104 30.7147 0 1
-43.5341 -45.9481 96.0594 -0.80038 0.0220456 0.599088 30.8625 0 1
-43.6256 -46.791 95.9643 -0.80324 0.0221655 0.595243 31.0758 0 1
-44.3696 -46.7795 94.9747 -0.806489 0.0221635 0.590833 31.383 0 1
-45.4403 -46.7746 93.5299 -0.809913 0.0218817 0.586142 31.58 0 1
-46.1077 -46.7705 92.5901 -0.813287 0.0211993 0.581476 31.7811 0 1
-46.7928 -46.7683 91.6101 -0.81638 0.0200744 0.577166 31.9712 0 1
-47.4585 -46.7709 90.6608 -0.818969 0.0185616 0.573538 32.1551 0 1
-48.111 -46.7444 89.728 -0.820875 0.0167963 0.570861 32.3333 0 1
-48.7302 -46.7125 88.8204 -0.822005 0.0149541 0.569284 32.5143 0 1
-49.3592 -46.7034 87.8905 -0.822365 0.0132044 0.568807 32.7147 0 1
-50.0496 -46.7045 86.8574 -0.82205 0.0116764 0.569296 32.882 0 1
-50.6367 -46.7328 85.9848 -0.821214 0.0104432 0.570525 33.0707 0 1
-51.3233 -46.7756 85.0009 -0.820039 0.00952256 0.572228 33.2946 0 1
-52.1433 -46.7583 83.8353 -0.818703 0.00888676 0.574149 33.4756 0 1
-52.809 -46.7066 82.8935 -0.817361 0.00847608 0.576063 33.645 0 1
-53.4324 -46.661 82.0147 -0.816134 0.00821221 0.577804 33.8032 0 1
-54.0193 -46.6322 81.194 -0.815096 0.00800948 0.57927 33.9935 0 1
-54.7275 -46.6282 80.2079 -0.814277 0.0077858 0.580425 34.266 0 1
-55.7435 -46.6525 78.7975 -0.813659 0.00747629 0.581295 34.4361 0 1
-56.3777 -46.665 77.9163 -0.813195 0.00704744 0.581949 34.5995 0 1
-56.9883 -46.687 77.0702 -0.812824 0.00650483 0.582473 34.8243 0 1
-57.8216 -46.8024 75.9111 -0.812493 0.00588885 0.582941 35.0128 0 1
-58.5187 -46.8536 74.9372 -0.812166 0.00526103 0.583403 35.1792 0 1
-59.1342 -46.9027 74.077 -0.811827 0.00468866 0.583879 35.387 0 1
-59.8977 -46.7633 73.0075 -0.811484 0.00423311 0.58436 35.5418 0 1
-60.3308 -46.1073 72.4078 -0.811156 0.00394199 0.584817 35.7215 0 1
-60.4352 -44.9767 72.2603 -0.810867 0.00384276 0.585217 35.8874 0 1
-60.4374 -43.9193 72.2522 -0.810641 0.00393748 0.585531 36.1051 0 1
-60.4076 -42.5308 72.2857 -0.81049 0.00420166 0.585738 36.2895 0 1
-60.124 -41.455 72.6711 -0.81042 0.00458987 0.585831 36.4776 0 1
-59.426 -41.2756 73.6327 -0.81044 0.00504807 0.5858 36.6869 0 1
-58.6422 -41.2652 74.7144 -0.810562 0.00552886 0.585627 36.9514 0 1
-57.6527 -41.2169 76.0816 -0.810808 0.00600397 0.585282 37.117 0 1
-57.0345 -41.1667 76.9378 -0.811202 0.00646894 0.584731 37.3595 0 1
-56.1297 -41.1742 78.1908 -0.811758 0.00694042 0.583953 37.5545 0 1
-55.4024 -41.2133 79.199 -0.812479 0.00745214 0.582943 37.7222 0 1
-54.7765 -41.2332 80.0668 -0.813355 0.0080512 0.581712 37.9077 0 1
-54.0854 -41.1849 81.0272 -0.814364 0.00878952 0.580288 38.082 0 1
-53.439 -41.127 81.9288 -0.81546 0.00970915 0.578732 38.3618 0 1
-52.406 -41.1062 83.3847 -0.816561 0.0108311 0.577158 38.5249 0 1
-51.8093 -41.1401 84.2347 -0.817548 0.0121563 0.575732 38.698 0 1
-51.1788 -41.1802 85.1329 -0.818288 0.0136798 0.574646 38.8914 0 1
-50.4748 -41.2328 86.1351 -0.818663 0.0154116 0.574067 39.1191 0 1
-49.6527 -41.2442 87.3161 -0.8186 0.0173987 0.574101 39.3486 0 1
-48.8388 -41.273 88.5146 -0.818083 0.0197307 0.574762 39.5436 0 1
-48.1494 -41.2614 89.5165 -0.817171 0.0225134 0.575956 39.7774 0 1
-47.3276 -41.202 90.7004 -0.816005 0.0258135 0.577468 39.9838 0 1
-46.6057 -41.0354 91.699 -0.814813 0.0296091 0.578968 40.2422 0 1
-45.7325 -40.5478 92.8966 -0.813896 0.0337667 0.580029 40.4204 0 1
-45.1936 -40.0044 93.6397 -0.813593 0.038039 0.58019 40.6593 0 1
-44.5811 -39.0138 94.4165 -0.814213 0.0420766 0.57904 40.8595 0 1
-44.2586 -37.9361 94.7581 -0.815967 0.0454653 0.576307 41.0552 0 1
-44.0591 -36.8064 94.9238 -0.818916 0.0478037 0.571919 41.2291 0 1
-43.9468 -35.7685 94.9668 -0.822951 0.0488012 0.566012 41.404 0 1
-43.8446 -34.7313 94.9956 -0.827825 0.0483523 0.558899 41.5815 0 1
-43.7449 -33.6636 95.0315 -0.833205 0.0465571 0.551001 41.7562 0 1
-43.6433 -32.6115 95.0414 -0.838747 0.0436871 0.542766 42.0046 0 1
-43.5484 -31.033 95.0721 -0.844156 0.0401092 0.534595 42.1651 0 1
-43.5188 -30.024 95.0558 -0.849221 0.0361997 0.526794 42.4273 0 1
-43.4652 -28.3853 95.0397 -0.853824 0.0322746 0.51956 42.6264 0 1
-43.4391 -27.128 95.0108 -0.857922 0.0285582 0.512985 42.7956 0 1
-43.4182 -26.05 95.0063 -0.861531 0.0251826 0.507081 42.9675 0 1
-43.3817 -24.9642 95.0289 -0.864696 0.0222034 0.501804 43.1352 0 1
-43.3354 -23.9007 95.0779 -0.867481 0.0196192 0.497084 43.2954 0 1
-43.2671 -22.8894 95.1579 -0.869942 0.0173923 0.492848 43.4572 0 1
-43.1885 -21.8667 95.2727 -0.872124 0.0154701 0.48904 43.6461 0 1
-43.1701 -20.6675 95.2705 -0.874058 0.0138024 0.485626 43.8337 0 1
-43.2014 -19.4731 95.1912 -0.87576 0.0123476 0.482589 44.0476 0 1
-43.1935 -18.1195 95.1675 -0.877243 0.0110714 0.479919 44.3077 0 1
-43.1416 -16.4653 95.2285 -0.87852 0.00994261 0.477603 44.5038 0 1
-43.1308 -15.2182 95.2249 -0.879604 0.00893056 0.475622 44.7561 0 1
-43.1584 -13.6127 95.1535 -0.880512 0.00800596 0.473956 44.9214 0 1
-43.185 -12.5642 95.0886 -0.881258 0.00714307 0.472581 45.0788 0 1
-43.1985 -11.5634 95.0482 -0.881853 0.00632261 0.471482 45.2523 0 1
-43.1915 -10.4607 95.0474 -0.882303 0.00553343 0.47065 45.42 0 1
-43.1489 -9.39663 95.1162 -0.88261 0.00477246 0.470081 45.6349 0 1
-43.0113 -8.05986 95.3642 -0.882774 0.00404272 0.46978 45.7953 0 1
-42.9819 -7.04146 95.4116 -0.882793 0.00334962 0.469751 46.0306 0 1
-43.0347 -5.5497 95.3024 -0.882666 0.00269498 0.469994 46.233 0 1
-43.094 -4.26809 95.1873 -0.882395 0.00206959 0.470504 46.4517 0 1
-43.1055 -2.8773 95.1632 -0.881989 0.00144943 0.471269 46.6161 0 1
-43.1077 -1.83192 95.1546 -0.881455 0.000801635 0.472267 46.8564 0 1
-43.1275 -0.299846 95.1217 -0.880807 9.87892e-05 0.473476 47.0788 0 1
-43.1331 1.11261 95.1126 -0.880059 -0.000668757 0.474864 47.2576 0 1
-43.153 2.24922 95.074 -0.879227 -0.00149044 0.476402 47.4216 0 1
-43.1287 3.29261 95.1209 -0.878319 -0.00234106 0.47807 47.611 0 1
-43.1232 4.50037 95.135 -0.877333 -0.00318822 0.479872 47.7965 0 1
-43.1552 5.67893 95.0812 -0.876249 -0.00399944 0.481842 47.9901 0 1
-43.1491 6.91001 95.1142 -0.875038 -0.00474903 0.484031 48.1557 0 1
-43.0989 7.95511 95.2127 -0.873669 -0.00542484 0.48649 48.3212 0 1
-43.0733 9.01058 95.2706 -0.872123 -0.00603585 0.48925 48.4886 0 1
-43.0927 10.0759 95.2512 -0.870392 -0.0066175 0.492314 48.6561 0 1
-43.1423 11.1388 95.1827 -0.868484 -0.00722657 0.495664 48.8192 0 1
-43.1821 12.1703 95.1262 -0.866411 -0.00792146 0.499269 48.9766 0 1
-43.193 13.1727 95.12 -0.864186 -0.00873791 0.503096 49.171 0 1
-43.2233 14.4093 95.0922 -0.86182 -0.00967562 0.507122 49.3724 0 1
-43.2535 15.6874 95.062 -0.859315 -0.0107032 0.511335 49.5525 0 1
-43.2594 16.8341 95.0765 -0.856663 -0.0117768 0.515743 49.7745 0 1
-43.2751 18.2467 95.0608 -0.853848 -0.0128666 0.520363 49.9627 0 1
-43.2882 19.4601 95.0877 -0.850853 -0.0139866 0.525218 50.1313 0 1
-43.2847 20.5317 95.1231 -0.847653 -0.0152198 0.530332 50.3679 0 1
-43.3174 22.0358 95.1059 -0.844207 -0.0167141 0.535757 50.5575 0 1
-43.3603 23.2489 95.0765 -0.840433 -0.0186339 0.541595 50.7674 0 1
-43.3754 24.588 95.0974 -0.836214 -0.0210892 0.547997 50.9806 0 1
-43.3375 25.9398 95.2002 -0.831423 -0.0240797 0.555118 51.141 0 1
-43.4239 26.9451 95.1078 -0.825972 -0.0274837 0.563041 51.4359 0 1
-43.5285 28.8145 95.0241 -0.819855 -0.0310742 0.571728 51.6361 0 1
-43.5925 30.0852 95.0016 -0.813173 -0.0345369 0.580997 51.9226 0 1
-43.7332 31.9008 94.9494 -0.806132 -0.0375007 0.590546 52.1143 0 1
-43.8203 33.0866 94.9257 -0.799025 -0.03961 0.599991 52.3647 0 1
-43.8963 34.6435 94.9492 -0.792213 -0.0406281 0.608891 52.5495 0 1
-43.9503 35.7691 94.9536 -0.786092 -0.0405044 0.616781 52.7341 0 1
-44.0671 36.9158 94.9216 -0.781069 -0.0393561 0.623204 52.9265 0 1
-44.3554 38.0274 94.6615 -0.777494 -0.0373818 0.627778 53.1223 0 1
-44.7554 39.0697 94.2669 -0.775594 -0.0347729 0.630273 53.3043 0 1
-45.2214 39.8911 93.7545 -0.775406 -0.0316749 0.630668 53.4849 0 1
-45.792 40.5258 93.1062 -0.77676 -0.0282028 0.629165 53.6675 0 1
-46.4404 40.9596 92.3503 -0.779327 -0.024481 0.626139 53.8978 0 1
-47.3095 41.1927 91.3152 -0.782707 -0.0206679 0.622047 54.084 0 1
-48.0161 41.2375 90.4443 -0.786512 -0.0169479 0.617342 54.3098 0 1
-48.8439 41.2776 89.3629 -0.790424 -0.0134997 0.612412 54.5023 0 1
-49.5505 41.3095 88.4187 -0.794214 -0.0104619 0.607548 54.7013 0 1
-50.2944 41.2858 87.4284 -0.797738 -0.00791061 0.602953 54.9 0 1
-51.0391 41.281 86.4291 -0.800906 -0.00585373 0.598761 55.0725 0 1
-51.6849 41.2662 85.5471 -0.80367 -0.00423771 0.59506 55.2929 0 1
-52.5085 41.2169 84.4161 -0.806008 -0.00296563 0.591897 55.4504 0 1
-53.0967 41.1803 83.6072 -0.80793 -0.00192231 0.589275 55.6202 0 1
-53.7241 41.1551 82.7326 -0.809474 -0.00100112 0.587155 55.854 0 1
-54.5865 41.1547 81.5238 -0.810699 -0.000125429 0.585463 56.036 0 1
-55.2603 41.1625 80.5799 -0.811674 0.000740068 0.58411 56.2174 0 1
-55.9347 41.1915 79.6399 -0.812462 0.00158874 0.583012 56.4249 0 1
-56.7013 41.2864 78.568 -0.813109 0.00238131 0.582107 56.5831 0 1
-57.1626 41.9093 77.9222 -0.813639 0.00306241 0.581363 56.8169 0 1
-57.2941 43.3792 77.7239 -0.814054 0.00357955 0.580778 57.0475 0 1
-57.3165 44.8511 77.6787 -0.814344 0.003898 0.58037 57.2465 0 1
-57.2438 46.1174 77.7681 -0.814491 0.00400753 0.580163 57.4099 0 1
-56.7801 46.7903 78.4131 -0.814483 0.00392151 0.580175 57.5943 0 1
-56.1024 46.8609 79.3701 -0.814315 0.00367056 0.580411 57.7795 0 1
-55.4217 46.8562 80.333 -0.813983 0.00329263 0.58088 57.956 0 1
-54.7709 46.8528 81.2473 -0.813459 0.00282129 0.581616 58.1152 0 1
-54.1839 46.822 82.0709 -0.812685 0.00227822 0.582699 58.3507 0 1
-53.3148 46.7505 83.2896 -0.811574 0.00167619 0.584247 58.5302 0 1
-52.6494 46.7232 84.2136 -0.810021 0.00102904 0.5864 58.7089 0 1
-51.9847 46.7095 85.1345 -0.807913 0.00035869 0.589302 58.9483 0 1
-51.0943 46.7394 86.365 -0.805136 -0.000304826 0.59309 59.1165 0 1
-50.4741 46.7525 87.2313 -0.801598 -0.000926914 0.597863 59.2776 0 1
-49.8822 46.7431 88.0499 -0.79726 -0.00147604 0.603634 59.4416 0 1
-49.2702 46.7276 88.8521 -0.792163 -0.00193533 0.610306 59.6752 0 1
-48.3852 46.7237 90.0124 -0.786432 -0.00230833 0.617672 59.8936 0 1
-47.5615 46.7093 91.084 -0.78026 -0.00260792 0.625449 60.1013 0 1
-46.7788 46.7255 92.0737 -0.773885 -0.00283599 0.63332 60.2786 0 1
-46.1078 46.7359 92.8739 -0.767567 -0.00297505 0.640962 60.4611 0 1
-45.4039 46.7712 93.6982 -0.761566 -0.00300191 0.64808 60.6316 0 1
-44.7419 46.7935 94.4569 -0.756117 -0.00291032 0.65443 60.8514 0 1
-43.88 46.7608 95.4297 -0.751396 -0.00272502 0.659846 61.0237 0 1
-43.1994 46.7523 96.1792 -0.7475 -0.00250072 0.664257 61.2249 0 1
-42.3995 46.7066 97.0507 -0.744455 -0.00230869 0.667668 61.4203 0 1
-41.6881 46.2393 97.8154 -0.742256 -0.00222019 0.670112 61.5958 0 1
-41.5369 45.2512 97.9825 -0.740925 -0.00230001 0.671584 61.8917 0 1
-41.5171 43.5612 98.0048 -0.740555 -0.0026101 0.671991 62.0736 0 1
-41.5386 42.5093 97.9777 -0.741302 -0.00320637 0.671164 62.2544 0 1
-41.5616 41.4603 97.9526 -0.743326 -0.00411818 0.668917 62.4382 0 1
-41.5635 40.3964 97.9482 -0.746727 -0.00531901 0.665109 62.6218 0 1
-41.5846 39.3374 97.9148 -0.751497 -0.00670445 0.659702 62.8034 0 1
-41.6433 38.2827 97.8435 -0.757503 -0.00808973 0.652782 62.976 0 1
-41.6934 37.2847 97.7736 -0.76451 -0.00923681 0.644545 63.1752 0 1
-41.733 36.1113 97.7527 -0.77222 -0.0099135 0.635277 63.3625 0 1
-41.7049 34.9908 97.7478 -0.780312 -0.00996833 0.62531 63.5341 0 1
-41.7257 33.9376 97.6978 -0.788477 -0.00938707 0.614993 63.7563 0 1
-41.7391 32.5749 97.6544 -0.796437 -0.00829974 0.604664 64.0029 0 1
-41.7544 31.0754 97.5954 -0.803973 -0.00693221 0.594625 64.1907 0 1
-41.7708 29.9061 97.5561 -0.810938 -0.0055269 0.585106 64.3625 0 1
-41.7758 28.8343 97.5437 -0.81727 -0.00427107 0.57624 64.5579 0 1
-41.7446 27.6043 97.5937 -0.822979 -0.00326099 0.568062 64.7214 0 1
-41.719 26.571 97.6334 -0.828126 -0.00250588 0.560536 64.9474 0 1
-41.7493 25.1372 97.5905 -0.832788 -0.00195585 0.553589 65.1917 0 1
-41.8062 23.5891 97.5112 -0.837038 -0.00153546 0.547142 65.3699 0 1
-41.8312 22.4676 97.4591 -0.840945 -0.00117184 0.541119 65.6051 0 1
-41.8362 20.9682 97.4439 -0.844569 -0.000812809 0.535446 65.7685 0 1
-41.8351 19.927 97.442 -0.847961 -0.000433293 0.530059 65.9326 0 1
-41.8213 18.8793 97.4683 -0.85116 -3.16557e-05 0.524907 66.1103 0 1
-41.7976 17.7492 97.5075 -0.85419 0.000378834 0.51996 66.2683 0 1
-41.7646 16.7458 97.5606 -0.857065 0.000778036 0.515208 66.5139 0 1
-41.7898 15.1741 97.5307 -0.859782 0.00114422 0.510661 66.6781 0 1
-41.807 14.1298 97.509 -0.862332 0.00145845 0.50634 66.9051 0 1
-41.8557 12.6949 97.4291 -0.864705 0.00171026 0.502277 67.1228 0 1
-41.9035 11.3197 97.347 -0.866893 0.00190255 0.49849 67.2962 0 1
-41.8909 10.214 97.3714 -0.868898 0.00205114 0.494987 67.4791 0 1
-41.8508 9.05354 97.448 -0.87073 0.00217782 0.491756 67.6613 0 1
-41.874 7.89824 97.4082 -0.872407 0.00230092 0.488775 67.8321 0 1
-41.9138 6.81659 97.3434 -0.873942 0.00242899 0.486025 67.9945 0 1
-41.9157 5.78738 97.3462 -0.875347 0.00256009 0.483488 68.1694 0 1
-41.8882 4.68212 97.399 -0.876631 0.00268598 0.481157 68.3513 0 1
-41.8753 3.52698 97.4305 -0.877794 0.00279821 0.47903 68.5303 0 1
-41.8966 2.39232 97.3957 -0.878837 0.00289284 0.477113 68.7341 0 1
-41.8945 1.09645 97.4082 -0.879757 0.00297214 0.475414 68.9838 0 1
-41.9276 -0.49104 97.3574 -0.880549 0.00304278 0.473946 69.2563 0 1
-41.9434 -2.22442 97.3443 -0.881206 0.00311297 0.472722 69.4758 0 1
-41.9255 -3.61685 97.3847 -0.881724 0.00319111 0.471756 69.6718 0 1
-41.8464 -4.84907 97.5414 -0.882093 0.00328596 0.471063 69.837 0 1
-41.8187 -5.896 97.5996 -0.882308 0.00340492 0.470661 70.1063 0 1
-41.8846 -7.60263 97.4871 -0.882359 0.00354941 0.470563 70.3507 0 1
-41.9965 -9.14028 97.2877 -0.882244 0.00371111 0.470778 70.5798 0 1
-42.0251 -10.5964 97.2456 -0.881965 0.00387394 0.471299 70.8028 0 1
-41.989 -12.0125 97.3246 -0.881532 0.00402083 0.472108 71.0479 0 1
-41.9409 -13.568 97.4278 -0.880952 0.00414164 0.473188 71.2125 0 1
-41.9456 -14.617 97.4291 -0.880228 0.00423947 0.474532 71.4125 0 1
-41.9549 -15.8886 97.4241 -0.879353 0.00433402 0.476151 71.5725 0 1
-41.944 -16.9039 97.4553 -0.878311 0.00445795 0.478069 71.78 0 1
-41.9711 -18.2176 97.4142 -0.877078 0.00464502 0.480326 71.9769 0 1
-41.9561 -19.47 97.4524 -0.875617 0.00491918 0.48298 72.1601 0 1
-41.942 -20.636 97.4902 -0.873878 0.00529588 0.486117 72.3473 0 1
-41.9746 -21.8289 97.4478 -0.871797 0.00579235 0.489833 72.5177 0 1
-42.0352 -22.9049 97.3496 -0.86931 0.00643456 0.494226 72.6975 0 1
-42.0366 -24.0466 97.3573 -0.866356 0.00726003 0.499375 72.8839 0 1
-42.0167 -25.2322 97.4105 -0.862884 0.00832396 0.505333 73.0657 0 1
-42.0024 -26.383 97.4511 -0.858853 0.00969838 0.512131 73.2358 0 1
-41.9804 -27.4575 97.5006 -0.854229 0.0114391 0.519771 73.4945 0 1
-42.0171 -29.0912 97.4615 -0.848993 0.0135203 0.528232 73.7011 0 1
-42.0686 -30.3933 97.4023 -0.843149 0.0157839 0.537449 73.9069 0 1
-42.077 -31.6964 97.448 -0.83675 0.0179539 0.547291 74.0958 0 1
-42.0402 -32.8547 97.5214 -0.829923 0.0197186 0.55753 74.3775 0 1
-42.0675 -34.5877 97.5489 -0.82288 0.0208359 0.567833 74.5641 0 1
-42.1147 -35.7051 97.5375 -0.8159 0.0212136 0.577803 74.7533 0 1
-42.1419 -36.8292 97.5671 -0.809282 0.0209361 0.587047 75.0631 0 1
-42.1428 -38.6443 97.653 -0.803297 0.0202276 0.595234 75.2641 0 1
-42.1406 -39.8027 97.6847 -0.798149 0.0193646 0.602149 75.4448 0 1
-42.1086 -40.8438 97.746 -0.79394 0.0185766 0.607712 75.6218 0 1
-42.0745 -41.8613 97.8168 -0.790658 0.0179776 0.611995 75.7997 0 1
-42.0628 -42.8809 97.8577 -0.788184 0.0175526 0.615189 76.0717 0 1
-42.0869 -44.4372 97.8387 -0.786351 0.0171954 0.617541 76.2647 0 1
-42.1531 -45.5568 97.7874 -0.784993 0.0167796 0.619278 76.5004 0 1
-42.6577 -46.6672 97.1974 -0.783983 0.0162279 0.62057 76.6645 0 1
-43.2399 -46.7827 96.4742 -0.783246 0.0155442 0.621518 76.822 0 1
-43.1041 -47.6432 96.6748 -0.78275 0.0148028 0.622161 77.1073 0 1
-42.0896 -47.4326 97.9206 -0.782515 0.0141176 0.622471 77.3945 0 1
-41.6365 -45.9515 98.445 -0.782621 0.0136178 0.62235 77.5799 0 1
-41.5886 -44.8968 98.4715 -0.7832 0.0134278 0.621625 77.7656 0 1
-41.5683 -43.8248 98.4875 -0.784425 0.0136317 0.620074 77.9516 0 1
-41.5607 -42.755 98.4825 -0.786473 0.0142193 0.617461 78.1307 0 1
-41.5679 -41.7331 98.4491 -0.789484 0.0150504 0.613586 78.3843 0 1
-41.6175 -40.2975 98.3551 -0.793523 0.0158773 0.608333 78.5598 0 1
-41.6193 -39.2813 98.3322 -0.798555 0.0164271 0.601698 78.739 0 1
-41.6191 -38.2443 98.3321 -0.804445 0.016496 0.593797 78.9217 0 1
-41.6276 -37.2055 98.2713 -0.810978 0.0160023 0.584858 79.2304 0 1
-41.5932 -35.391 98.249 -0.817884 0.0149869 0.575188 79.4168 0 1
-41.5669 -34.2702 98.2704 -0.824881 0.013579 0.565143 79.6468 0 1
-41.5688 -32.8917 98.2383 -0.83171 0.0119498 0.555082 79.8245 0 1
-41.5978 -31.8065 98.1936 -0.838161 0.0102696 0.545326 79.9951 0 1
-41.6062 -30.7513 98.1537 -0.844091 0.00867399 0.53613 80.2019 0 1
-41.6032 -29.4574 98.149 -0.849422 0.0072497 0.527664 80.4005 0 1
-41.5589 -28.2088 98.2081 -0.85414 0.00603748 0.520009 80.6282 0 1
-41.5756 -26.7638 98.1795 -0.858272 0.00504624 0.513171 80.8004 0 1
-41.5762 -25.6752 98.1813 -0.861873 0.00426695 0.507107 80.9817 0 1
-41.5863 -24.5247 98.1478 -0.865004 0.00368121 0.501752 81.1449 0 1
-41.6026 -23.4821 98.122 -0.867723 0.00326504 0.497038 81.3325 0 1
-41.5918 -22.2906 98.1314 -0.870084 0.00299108 0.492895 81.5016 0 1
-41.5761 -21.2156 98.1616 -0.872136 0.00283059 0.489254 81.6624 0 1
-41.568 -20.1952 98.1637 -0.873927 0.0027555 0.48605 81.827 0 1
-41.5727 -19.1486 98.151 -0.875494 0.0027404 0.483221 81.9976 0 1
-41.5649 -18.0634 98.1579 -0.876871 0.00276462 0.480718 82.1758 0 1
-41.5612 -16.9322 98.1586 -0.878079 0.00281322 0.478507 82.3463 0 1
-41.5603 -15.8475 98.1515 -0.879133 0.00287621 0.476568 82.5074 0 1
-41.5611 -14.8206 98.147 -0.88004 0.00294671 0.474891 82.7279 0 1
-41.5615 -13.4198 98.1368 -0.880802 0.00301986 0.473476 82.8862 0 1
-41.583 -12.4142 98.0889 -0.881417 0.00309362 0.472329 83.0485 0 1
-41.6016 -11.3815 98.0488 -0.881884 0.00317022 0.471456 83.2086 0 1
-41.6137 -10.3636 98.0184 -0.882202 0.00325549 0.470859 83.4526 0 1
-41.5925 -8.81166 98.047 -0.882374 0.00335602 0.470537 83.6806 0 1
-41.5042 -7.37293 98.203 -0.882404 0.00347697 0.47048 83.9494 0 1
-41.4536 -5.66662 98.2865 -0.882299 0.00362217 0.470676 84.1307 0 1
-41.4664 -4.5154 98.2534 -0.882062 0.00379291 0.471118 84.3507 0 1
-41.5411 -3.12735 98.1044 -0.881697 0.00398328 0.471799 84.5326 0 1
-41.5464 -1.9722 98.0844 -0.881203 0.00417647 0.472719 84.7309 0 1
-41.5145 -0.714359 98.1305 -0.880584 0.00434855 0.473869 84.9228 0 1
-41.4925 0.506274 98.1588 -0.879847 0.00447895 0.475236 85.0882 0 1
-41.4913 1.56039 98.153 -0.879001 0.00455884 0.476799 85.2941 0 1
-41.489 2.8677 98.1495 -0.878056 0.00459082 0.478536 85.4736 0 1
-41.4793 4.00496 98.1465 -0.877019 0.00458338 0.480433 85.6452 0 1
-41.4835 5.09841 98.1329 -0.875895 0.0045487 0.48248 85.8035 0 1
-41.4952 6.10196 98.1034 -0.874681 0.00450589 0.484678 85.9801 0 1
-41.4936 7.22152 98.0994 -0.873371 0.004482 0.487034 86.1524 0 1
-41.4685 8.31498 98.1328 -0.871955 0.00450347 0.489566 86.3169 0 1
-41.4502 9.35732 98.1613 -0.870417 0.00458305 0.492294 86.507 0 1
-41.4708 10.5579 98.1099 -0.868744 0.00471426 0.495239 86.6864 0 1
-41.4539 11.7 98.1308 -0.86692 0.00487599 0.498423 86.8625 0 1
-41.4265 12.8193 98.1738 -0.864928 0.00503937 0.501871 87.0399 0 1
-41.393 13.939 98.2188 -0.862743 0.00517288 0.505616 87.2004 0 1
-41.3633 14.956 98.2572 -0.86034 0.00525151 0.509693 87.4174 0 1
-41.3442 16.3324 98.2643 -0.857701 0.0052742 0.514122 87.6433 0 1
-41.3685 17.7819 98.2141 -0.854821 0.00527886 0.518896 87.8756 0 1
-41.4017 19.2647 98.1599 -0.85171 0.00533162 0.523987 88.0428 0 1
-41.3855 20.3241 98.1673 -0.848374 0.00548227 0.529369 88.2541 0 1
-41.344 21.6749 98.2189 -0.844799 0.00571443 0.535053 88.4613 0 1
-41.3672 23.0065 98.1871 -0.840938 0.00593404 0.541099 88.6516 0 1
-41.3341 24.2141 98.2271 -0.836708 0.00600801 0.547617 88.8411 0 1
-41.3032 25.4167 98.2664 -0.831999 0.00582688 0.554746 89.0895 0 1
-41.2795 26.9979 98.297 -0.826695 0.00535791 0.562624 89.2573 0 1
-41.2712 28.0445 98.2754 -0.820691 0.00466337 0.571353 89.4207 0 1
-41.2875 29.0772 98.2442 -0.813922 0.00387123 0.580961 89.605 0 1
-41.2777 30.2315 98.2436 -0.806398 0.00311226 0.591366 89.7697 0 1
-41.2559 31.25 98.2913 -0.798222 0.00246502 0.602359 89.964 0 1
-41.2218 32.4223 98.3298 -0.789592 0.00194362 0.613629 90.1546 0 1
-41.1908 33.5917 98.358 -0.780763 0.00152787 0.624825 90.3547 0 1
-41.1734 34.8301 98.4068 -0.771992 0.00120697 0.635631 90.5373 0 1
-41.1677 35.9564 98.4217 -0.763487 0.00100379 0.645823 90.8007 0 1
-41.1164 37.5109 98.4169 -0.755401 0.000963748 0.655262 90.9888 0 1
-41.0386 38.6219 98.5113 -0.747874 0.00111833 0.663839 91.1828 0 1
-40.9897 39.7458 98.5707 -0.741092 0.00145063 0.671402 91.3612 0 1
-40.9958 40.7778 98.5655 -0.735322 0.00188777 0.677715 91.5427 0 1
-41.0095 41.8229 98.5506 -0.730881 0.00232548 0.682501 91.7529 0 1
-40.9684 43.0375 98.5964 -0.728047 0.00266752 0.685522 91.9344 0 1
-40.9595 44.0872 98.6007 -0.726972 0.00285597 0.686662 92.1303 0 1
-40.9516 45.197 98.5994 -0.727637 0.00288129 0.685956 92.3362 0 1
-40.959 46.3616 98.5825 -0.729893 0.00277365 0.683556 92.6024 0 1
-41.6326 47.511 97.8715 -0.733527 0.00258054 0.679655 92.779 0 1
-42.3308 47.5437 97.1277 -0.738322 0.00234207 0.674444 93.0592 0 1
-43.4355 47.5854 95.9277 -0.744072 0.00207984 0.668097 93.2872 0 1
-44.3276 47.5674 94.9272 -0.750574 0.00180471 0.660784 93.4576 0 1
-44.9931 47.5798 94.1653 -0.757609 0.00153042 0.652707 93.6369 0 1
-45.6966 47.56 93.3642 -0.764929 0.00127859 0.644113 93.8193 0 1
-46.3882 47.5358 92.543 -0.772257 0.00107309 0.635309 94.013 0 1
-47.1151 47.5341 91.653 -0.77931 0.000932799 0.626638 94.2514 0 1
-47.9964 47.5331 90.5288 -0.785836 0.000868824 0.618434 94.4974 0 1
-48.9073 47.5476 89.3356 -0.791652 0.000885479 0.610971 94.6835 0 1
-49.6054 47.547 88.4155 -0.796663 0.000981903 0.604423 94.9666 0 1
-50.6395 47.5491 86.9994 -0.800859 0.00115313 0.598852 95.1646 0 1
-51.3665 47.548 85.9886 -0.804296 0.00139064 0.594227 95.34 0 1
-52.0169 47.5287 85.0881 -0.807066 0.00168222 0.590458 95.5152 0 1
-52.6681 47.5367 84.187 -0.809264 0.00201246 0.587442 95.6831 0 1
-53.2884 47.5509 83.3225 -0.810962 0.00236608 0.585093 95.8481 0 1
-53.8969 47.5891 82.4696 -0.812216 0.00273323 0.583351 96.0114 0 1
-54.4996 47.6197 81.624 -0.813068 0.00311166 0.58216 96.1835 0 1
-55.1348 47.6316 80.7322 -0.813573 0.00350082 0.581452 96.3722 0 1
-55.8284 47.642 79.7528 -0.813798 0.00389053 0.581134 96.5795 0 1
-56.5853 47.6868 78.6772 -0.813819 0.00425311 0.581102 96.7952 0 1
-57.3833 47.5805 77.5583 -0.813712 0.00454545 0.581251 96.9567 0 1
-57.752 46.765 77.0463 -0.813539 0.00471949 0.581492 97.1671 0 1
-57.8077 45.4225 76.983 -0.813347 0.00473485 0.58176 97.3359 0 1
-57.7976 44.3444 77.0095 -0.813168 0.00456934 0.582011 97.4983 0 1
-57.7704 43.3093 77.06 -0.813024 0.00422533 0.582215 97.6586 0 1
-57.727 42.2912 77.1307 -0.812917 0.00373082 0.582368 97.8187 0 1
-57.6446 41.2831 77.2534 -0.812828 0.0031344 0.582496 97.9822 0 1
-57.2573 40.4846 77.7964 -0.812714 0.00249385 0.582658 98.1428 0 1
-56.6623 40.4168 78.6256 -0.812507 0.00186002 0.582948 98.315 0 1
-56.0221 40.3943 79.5183 -0.812127 0.0012588 0.583479 98.5322 0 1
-55.2147 40.3673 80.6412 -0.811494 0.000677061 0.584361 98.6946 0 1
-54.612 40.3556 81.487 -0.810546 5.74647e-05 0.585675 98.9706 0 1
-53.5902 40.3435 82.9208 -0.809246 -0.00069816 0.58747 99.1315 0 1
-52.9931 40.3658 83.7496 -0.807562 -0.00172118 0.58978 99.3452 0 1
-52.1957 40.4094 84.8449 -0.805453 -0.00316325 0.592651 99.5153 0 1
-51.5584 40.449 85.7197 -0.802869 -0.00517319 0.596133 99.7203 0 1
-50.7879 40.4265 86.7686 -0.799786 -0.00786596 0.600234 99.9055 0 1
-50.0826 40.4438 87.7008 -0.79625 -0.0112955 0.604862 100.098 0 1
-49.3583 40.4731 88.6666 -0.792413 -0.0154413 0.609789 100.284 0 1
-48.6618 40.4131 89.5773 -0.788548 -0.0202073 0.614641 100.453 0 1
-48.0307 40.3791 90.3968 -0.785043 -0.0254227 0.618919 100.702 0 1
-47.0667 40.3174 91.5568 -0.78235 -0.0308453 0.622075 100.881 0 1
-46.3794 40.1105 92.3754 -0.780879 -0.0361726 0.623634 101.074 0 1
-45.7098 39.5561 93.1501 -0.780895 -0.0410653 0.623311 101.258 0 1
-45.2011 38.7464 93.7102 -0.782454 -0.0451803 0.621067 101.461 0 1
-44.822 37.6496 94.0708 -0.785419 -0.0482112 0.617084 101.721 0 1
-44.5413 36.0944 94.2678 -0.78953 -0.0499356 0.611677 101.909 0 1
-44.441 34.9393 94.26 -0.794474 -0.0502616 0.605214 102.12 0 1
-44.3533 33.6141 94.2516 -0.799937 -0.049252 0.59806 102.305 0 1
-44.2732 32.468 94.2466 -0.805628 -0.0471108 0.590545 102.495 0 1
-44.1847 31.2718 94.2611 -0.811304 -0.0441358 0.582956 102.665 0 1
-44.0886 30.1978 94.3045 -0.816776 -0.0406591 0.575521 102.886 0 1
-43.989 28.7976 94.347 -0.821922 -0.0369951 0.568397 103.045 0 1
-43.9378 27.7809 94.3796 -0.82669 -0.0334001 0.561666 103.258 0 1
-43.8723 26.4405 94.4108 -0.831087 -0.0300498 0.55533 103.482 0 1
-43.8563 25.0109 94.3716 -0.835168 -0.0270363 0.54933 103.642 0 1
-43.8463 23.9938 94.3454 -0.839006 -0.0243879 0.543576 103.914 0 1
-43.7831 22.2618 94.384 -0.84267 -0.0220962 0.537977 104.172 0 1
-43.7439 20.619 94.3865 -0.846211 -0.0201342 0.532468 104.353 0 1
-43.7323 19.4627 94.3705 -0.849654 -0.0184585 0.527018 104.571 0 1
-43.7105 18.0785 94.3498 -0.852998 -0.0170069 0.521637 104.854 0 1
-43.6877 16.2583 94.346 -0.85622 -0.0157065 0.516373 105.085 0 1
-43.6433 14.7865 94.3835 -0.85928 -0.0144917 0.511301 105.286 0 1
-43.6241 13.5045 94.3892 -0.862136 -0.0133182 0.506502 105.45 0 1
-43.5956 12.4622 94.4063 -0.864756 -0.0121639 0.502044 105.647 0 1
-43.5486 11.2038 94.4662 -0.867126 -0.0110201 0.497966 105.836 0 1
-43.5094 9.99624 94.5034 -0.869251 -0.00988404 0.494272 106.03 0 1
-43.5197 8.75236 94.4671 -0.87115 -0.00875632 0.490939 106.219 0 1
-43.528 7.54182 94.4367 -0.872849 -0.00764279 0.487931 106.399 0 1
-43.5443 6.39798 94.3906 -0.874375 -0.00655432 0.485206 106.582 0 1
-43.529 5.23723 94.3966 -0.875752 -0.00550358 0.482729 106.81 0 1
-43.5121 3.78505 94.4195 -0.876997 -0.00450014 0.480475 106.969 0 1
-43.5154 2.76978 94.4057 -0.878121 -0.00354653 0.478425 107.16 0 1
-43.5096 1.55285 94.4137 -0.879131 -0.00263713 0.476573 107.336 0 1
-43.5035 0.433845 94.4216 -0.880027 -0.00175966 0.474921 107.505 0 1
-43.4932 -0.642731 94.4393 -0.880804 -0.000898267 0.473479 107.751 0 1
-43.4935 -2.20696 94.4312 -0.881458 -3.75173e-05 0.472263 107.965 0 1
-43.4895 -3.56822 94.4418 -0.881981 0.000832644 0.471284 108.142 0 1
-43.4799 -4.69337 94.4612 -0.88237 0.0017123 0.470552 108.37 0 1
-43.4414 -6.1441 94.538 -0.882628 0.00259183 0.470066 108.536 0 1
-43.4255 -7.19799 94.5748 -0.882755 0.00346025 0.469822 108.781 0 1
-43.486 -8.75196 94.4737 -0.882752 0.0043174 0.469819 108.979 0 1
-43.5459 -10.0083 94.3754 -0.882617 0.00518098 0.470065 109.149 0 1
-43.565 -11.0863 94.3517 -0.882337 0.00608359 0.470578 109.309 0 1
-43.5648 -12.1033 94.3691 -0.8819 0.00706314 0.471383 109.467 0 1
-43.556 -13.108 94.4013 -0.881289 0.00815155 0.472507 109.625 0 1
-43.5454 -14.1131 94.4362 -0.880491 0.00936442 0.473971 109.782 0 1
-43.539 -15.1158 94.4622 -0.879498 0.0106979 0.475783 110.084 0 1
-43.5521 -17.0395 94.477 -0.878311 0.0121414 0.477936 110.311 0 1
-43.6004 -18.4859 94.4311 -0.876933 0.0137049 0.480416 110.519 0 1
-43.61 -19.8073 94.4521 -0.875364 0.0154386 0.483218 110.805 0 1
-43.6182 -21.618 94.4902 -0.873586 0.0174271 0.486357 110.991 0 1
-43.6641 -22.8121 94.4508 -0.871562 0.0197725 0.489887 111.175 0 1
-43.7244 -23.978 94.3919 -0.869225 0.0225864 0.4939 111.362 0 1
-43.782 -25.1636 94.3424 -0.86649 0.0259812 0.498518 111.559 0 1
-43.8332 -26.4067 94.2993 -0.863261 0.0300285 0.503864 111.755 0 1
-43.8743 -27.6605 94.3031 -0.859456 0.0346832 0.510033 111.94 0 1
-43.9024 -28.8261 94.3251 -0.85503 0.0397147 0.517055 112.098 0 1
-43.9397 -29.8319 94.3518 -0.850019 0.0446909 0.524852 112.262 0 1
-43.9695 -30.8582 94.3798 -0.844571 0.0490383 0.533193 112.422 0 1
-44.0327 -31.8641 94.3659 -0.838956 0.0521701 0.541692 112.607 0 1
-44.1297 -33.0305 94.3464 -0.833533 0.0536374 0.54986 112.896 0 1
-44.3296 -34.8372 94.3196 -0.828673 0.0532428 0.557195 113.085 0 1
-44.4376 -35.9501 94.2906 -0.824682 0.0510744 0.563286 113.273 0 1
-44.5951 -37.0621 94.2215 -0.821725 0.0474587 0.567904 113.477 0 1
-44.8463 -38.2195 93.9885 -0.819801 0.0428641 0.571042 113.744 0 1
-45.4722 -39.4445 93.2139 -0.818752 0.0377967 0.572902 113.973 0 1
-46.1856 -40.0547 92.2331 -0.818329 0.0327119 0.573819 114.252 0 1
-47.172 -40.3644 90.8919 -0.818258 0.0279579 0.57417 114.526 0 1
-48.1237 -40.4128 89.5301 -0.818304 0.0237511 0.574295 114.791 0 1
-49.0469 -40.4079 88.1796 -0.818292 0.0201839 0.574448 114.959 0 1
-49.6459 -40.3981 87.3113 -0.818119 0.0172539 0.57479 115.251 0 1
-50.6974 -40.3741 85.8025 -0.817739 0.0149032 0.575396 115.412 0 1
-51.2823 -40.3489 84.9701 -0.817158 0.0130512 0.576266 115.58 0 1
-51.8924 -40.3206 84.1011 -0.816414 0.0116136 0.57735 115.758 0 1
-52.5468 -40.301 83.1737 -0.815566 0.010507 0.578568 115.939 0 1
-53.2123 -40.3186 82.2358 -0.814677 0.0096471 0.579834 116.109 0 1
-53.8462 -40.3563 81.3497 -0.813802 0.00895105 0.581073 116.315 0 1
-54.6136 -40.3931 80.2829 -0.812981 0.00834261 0.582231 116.556 0 1
-55.5102 -40.3803 79.0387 -0.812238 0.00776024 0.583275 116.785 0 1
-56.3664 -40.337 77.8513 -0.811588 0.00716386 0.584186 116.984 0 1
-57.1099 -40.3528 76.8224 -0.811041 0.00653729 0.584953 117.19 0 1
-57.8801 -40.4291 75.7594 -0.810607 0.00588498 0.585561 117.369 0 1
-58.5501 -40.4423 74.8335 -0.810297 0.00522621 0.585996 117.553 0 1
-59.2397 -40.425 73.8822 -0.81012 0.00459127 0.586247 117.786 0 1
-60.1152 -40.4778 72.6785 -0.810081 0.00401997 0.586304 117.967 0 1
-60.7535 -40.8798 71.8019 -0.81018 0.00355827 0.58617 118.151 0 1
-60.8985 -42.0254 71.6072 -0.810405 0.00324952 0.585861 118.392 0 1
-60.9125 -43.5604 71.5938 -0.810725 0.00312195 0.585419 118.564 0 1
-60.9208 -44.6605 71.5875 -0.811094 0.00317854 0.584907 118.827 0 1
-60.8661 -46.3293 71.6652 -0.811459 0.00339517 0.5844 118.992 0 1
-60.6389 -47.3114 71.9807 -0.811771 0.00372827 0.583964 119.242 0 1
-59.7317 -47.6639 73.2461 -0.812003 0.00412768 0.583639 119.418 0 1
-59.0825 -47.7229 74.1551 -0.812157 0.00454868 0.583421 119.64 0 1
-58.2647 -47.6664 75.3024 -0.812268 0.00495869 0.583264 119.819 0 1
-57.6004 -47.6109 76.2286 -0.812392 0.00533844 0.583087 120.013 0 1
-56.8845 -47.5101 77.2244 -0.812595 0.00567958 0.582801 120.198 0 1
-56.1947 -47.5 78.1829 -0.812941 0.00598095 0.582316 120.363 0 1
-55.5802 -47.5011 79.0368 -0.813495 0.00624529 0.581539 120.556 0 1
-54.8611 -47.482 80.0337 -0.814316 0.00647931 0.580386 120.819 0 1
-53.8842 -47.472 81.3938 -0.815436 0.00670123 0.578808 121.023 0 1
-53.1265 -47.5033 82.4548 -0.816828 0.00695577 0.57684 121.199 0 1
-52.4788 -47.5543 83.3711 -0.818377 0.00732507 0.574635 121.385 0 1
-51.799 -47.6064 84.3345 -0.8199 0.00791698 0.572453 121.565 0 1
-51.1375 -47.5953 85.2747 -0.821177 0.00882418 0.570605 121.727 0 1
-50.5517 -47.5645 86.1206 -0.821997 0.0100755 0.569403 121.905 0 1
-49.9233 -47.5164 87.0566 -0.822187 0.0116122 0.569099 122.103 0 1
-49.2312 -47.5524 88.0948 -0.821639 0.0133044 0.569853 122.324 0 1
-48.4646 -47.5508 89.2317 -0.820316 0.0149938 0.571714 122.51 0 1
-47.8171 -47.5665 90.183 -0.818245 0.0165343 0.574632 122.688 0 1
-47.1928 -47.5968 91.0731 -0.81548 0.0178081 0.578511 122.885 0 1
-46.5065 -47.5845 92.0599 -0.812069 0.0187177 0.583262 123.073 0 1
-45.861 -47.6076 92.9746 -0.808036 0.0191754 0.58882 123.299 0 1
-45.0793 -47.5938 94.0457 -0.803417 0.019117 0.59511 123.531 0 1
-44.2656 -47.595 95.1437 -0.798299 0.0185385 0.601976 123.696 0 1
-43.6837 -47.6215 95.9086 -0.792871 0.0175245 0.609138 123.841 0 1
-43.7978 -48.4533 95.7968 -0.787428 0.0162365 0.616193 124.089 0 1
-42.924 -48.5108 96.9251 -0.782336 0.0148568 0.622679 124.368 0 1
-41.9258 -48.366 98.1423 -0.777973 0.0135285 0.628153 124.577 0 1
-41.2053 -47.9446 98.9967 -0.774674 0.0123329 0.632241 124.868 0 1
-41.0904 -46.2962 99.115 -0.772712 0.0113087 0.634655 125.174 0 1
-41.0759 -44.5745 99.1059 -0.77229 0.0104688 0.635184 125.405 0 1
-41.0648 -43.2697 99.1036 -0.773525 0.00978774 0.63369 125.6 0 1
-41.0581 -42.1743 99.0859 -0.776433 0.0091769 0.630133 125.789 0 1
-41.0742 -41.0964 99.0486 -0.780906 0.00849226 0.624591 125.999 0 1
-41.1051 -39.9016 98.9913 -0.786728 0.0075885 0.617253 126.176 0 1
-41.079 -38.8777 99.0283 -0.793604 0.00639114 0.608401 126.36 0 1
-41.0985 -37.8127 99.0048 -0.801203 0.00493779 0.598372 126.545 0 1
-41.1303 -36.7512 98.9349 -0.809188 0.00336319 0.58754 126.867 0 1
-41.0806 -34.8722 98.9759 -0.817232 0.00184348 0.576306 127.047 0 1
-41.0925 -33.7991 98.943 -0.825043 0.000535796 0.56507 127.215 0 1
-41.1078 -32.7801 98.9328 -0.832384 -0.000460933 0.554199 127.428 0 1
-41.1386 -31.4809 98.9101 -0.839095 -0.00111837 0.543983 127.599 0 1
-41.1615 -30.4337 98.8752 -0.845096 -0.00146971 0.534612 127.877 0 1
-41.1388 -28.7206 98.9147 -0.850378 -0.00158608 0.52617 128.1 0 1
-41.1283 -27.3121 98.9339 -0.85498 -0.00154683 0.518658 128.273 0 1
-41.1397 -26.2147 98.9227 -0.858975 -0.00141559 0.512015 128.451 0 1
-41.151 -25.0965 98.9113 -0.862445 -0.00123079 0.50615 128.64 0 1
-41.1687 -23.8996 98.8818 -0.865472 -0.00101069 0.500957 128.825 0 1
-41.1815 -22.7256 98.8625 -0.868126 -0.000764262 0.496343 128.994 0 1
-41.1823 -21.6432 98.865 -0.870462 -0.000499039 0.492235 129.157 0 1
-41.1808 -20.6092 98.8711 -0.872519 -0.000222791 0.48858 129.322 0 1
-41.1794 -19.5678 98.8701 -0.874325 5.84274e-05 0.485341 129.493 0 1
-41.1789 -18.4776 98.8666 -0.875905 0.000342374 0.482484 129.675 0 1
-41.1768 -17.3275 98.8682 -0.87728 0.000630702 0.479978 129.854 0 1
-41.1698 -16.1878 98.8751 -0.878472 0.000926834 0.477793 130.016 0 1
-41.1495 -15.159 98.9133 -0.879497 0.00123298 0.475903 130.2 0 1
-41.1732 -13.9852 98.8662 -0.880367 0.00154809 0.47429 130.37 0 1
-41.191 -12.9104 98.8262 -0.881091 0.00186784 0.472943 130.542 0 1
-41.2032 -11.8144 98.7994 -0.881672 0.00218683 0.471858 130.714 0 1
-41.2094 -10.7218 98.7823 -0.882113 0.00250208 0.471032 130.882 0 1
-41.2141 -9.65112 98.7665 -0.882413 0.00281501 0.470466 131.053 0 1
-41.1901 -8.56642 98.8038 -0.882574 0.00313041 0.470163 131.227 0 1
-41.146 -7.46657 98.8792 -0.882593 0.00345431 0.470126 131.384 0 1
-41.0898 -6.4706 98.9778 -0.882468 0.00379235 0.470357 131.585 0 1
-41.058 -5.19339 99.0271 -0.882201 0.00414678 0.470855 131.797 0 1
-41.1006 -3.85021 98.9358 -0.881792 0.00451263 0.471617 131.99 0 1
-41.1599 -2.63442 98.8138 -0.881239 0.00487771 0.472646 132.233 0 1
-41.1128 -1.08965 98.8858 -0.880535 0.00522734 0.473952 132.488 0 1
-41.0821 0.527323 98.9201 -0.879667 0.00554955 0.475558 132.673 0 1
-41.0782 1.71076 98.9175 -0.878618 0.00583787 0.477489 132.945 0 1
-41.0933 3.43751 98.8641 -0.877379 0.00609385 0.479759 133.113 0 1
-41.0717 4.50161 98.8843 -0.875952 0.00633013 0.482356 133.282 0 1
-41.073 5.5827 98.8711 -0.874353 0.00656792 0.485247 133.589 0 1
-41.0807 7.53345 98.838 -0.872607 0.00682449 0.488376 133.756 0 1
-41.0562 8.58939 98.8688 -0.870743 0.00709971 0.491687 134.037 0 1
-41.042 10.3663 98.866 -0.868784 0.00737608 0.495136 134.205 0 1
-41.0302 11.4382 98.875 -0.866737 0.00763392 0.498707 134.428 0 1
-40.9953 12.8511 98.9144 -0.864583 0.00786668 0.502429 134.648 0 1
-40.9547 14.2457 98.9638 -0.862276 0.00808095 0.506374 134.887 0 1
-40.9238 15.7613 98.986 -0.859764 0.0082831 0.510625 135.063 0 1
-40.9432 16.8792 98.925 -0.857007 0.00847335 0.515235 135.226 0 1
-40.9589 17.929 98.8901 -0.854001 0.00866218 0.5202 135.473 0 1
-40.9489 19.5091 98.8939 -0.850767 0.00889321 0.525467 135.662 0 1
-40.9573 20.7097 98.8567 -0.847336 0.00923922 0.530976 135.837 0 1
-40.9326 21.8243 98.8793 -0.843713 0.00976384 0.536706 136.028 0 1
-40.9102 23.038 98.8883 -0.839858 0.0104793 0.542705 136.209 0 1
-40.8791 24.1943 98.9197 -0.835681 0.0113349 0.549099 136.383 0 1
-40.8559 25.3111 98.9448 -0.831034 0.0122393 0.556087 136.555 0 1
-40.839 26.3962 98.9639 -0.825726 0.0130925 0.563919 136.73 0 1
-40.8189 27.48 98.9584 -0.819558 0.0138024 0.57283 136.901 0 1
-40.81 28.5532 98.9357 -0.812385 0.014286 0.582946 137.064 0 1
-40.8002 29.5719 98.9239 -0.804187 0.0144697 0.5942 137.338 0 1
-40.744 31.2845 98.9656 -0.795102 0.0143041 0.606306 137.524 0 1
-40.7053 32.4188 98.9963 -0.7854 0.0137895 0.618835 137.78 0 1
-40.6828 33.9885 99.0057 -0.775411 0.0129893 0.631323 138.064 0 1
-40.5904 35.7225 99.0923 -0.765455 0.0120189 0.643377 138.381 0 1
-40.5302 37.6042 99.0688 -0.755814 0.0110125 0.654694 138.63 0 1
-40.4107 39.0939 99.2016 -0.746748 0.0100827 0.665031 138.824 0 1
-40.4033 40.2071 99.1972 -0.738548 0.00928923 0.674137 139.042 0 1
-40.4517 41.4567 99.1405 -0.731561 0.00863276 0.681722 139.23 0 1
-40.3877 42.5285 99.202 -0.726152 0.00807882 0.687487 139.53 0 1
-40.3885 44.2529 99.1716 -0.722619 0.00759315 0.691205 139.724 0 1
-40.3757 45.3604 99.1694 -0.721097 0.00716153 0.692797 139.92 0 1
-40.376 46.4841 99.1694 -0.721517 0.00678475 0.692364 140.099 0 1
-40.4016 47.4954 99.1385 -0.723637 0.00645989 0.690151 140.389 0 1
-41.3919 48.3322 98.1167 -0.727141 0.00616447 0.686461 140.586 0 1
-42.1798 48.3633 97.2902 -0.731729 0.00585374 0.681571 140.784 0 1
-42.9611 48.3923 96.4505 -0.737169 0.00547278 0.675687 140.966 0 1
-43.6665 48.4226 95.662 -0.743289 0.00497828 0.668952 141.153 0 1
-44.4063 48.3888 94.8298 -0.749946 0.00436131 0.661484 141.331 0 1
-45.1073 48.3689 94.0343 -0.756989 0.00365977 0.653418 141.504 0 1
-45.7869 48.3563 93.2593 -0.76423 0.0029509 0.644937 141.687 0 1
-46.4729 48.3402 92.4356 -0.771449 0.00232435 0.636287 141.884 0 1
-47.2188 48.3442 91.5197 -0.778403 0.00184929 0.627762 142.095 0 1
-47.9969 48.3453 90.5289 -0.784865 0.00155355 0.619665 142.259 0 1
-48.6091 48.3631 89.733 -0.790657 0.00142339 0.612258 142.526 0 1
-49.5942 48.3625 88.4241 -0.795679 0.00141964 0.605717 142.712 0 1
-50.2865 48.3649 87.4892 -0.799913 0.00149852 0.600114 142.883 0 1
-50.9105 48.3624 86.6219 -0.803404 0.00162668 0.595432 143.05 0 1
-51.5253 48.3552 85.7665 -0.806238 0.00178494 0.591589 143.219 0 1
-52.1501 48.3459 84.9021 -0.808505 0.00196266 0.588486 143.388 0 1
-52.781 48.3451 84.029 -0.810281 0.00215044 0.586037 143.561 0 1
-53.4153 48.3623 83.141 -0.811619 0.00233926 0.584183 143.736 0 1
-54.061 48.391 82.2359 -0.812555 0.00252652 0.582878 143.913 0 1
-54.7138 48.4084 81.3194 -0.813134 0.00272162 0.58207 144.084 0 1
-55.3467 48.4144 80.4308 -0.813414 0.00294259 0.581677 144.249 0 1
-55.9491 48.4238 79.575 -0.813472 0.00320365 0.581596 144.525 0 1
-56.9631 48.48 78.1423 -0.813391 0.00350164 0.581707 144.698 0 1
-57.6045 48.4804 77.2444 -0.813249 0.00381028 0.581904 144.902 0 1
-58.2406 47.7588 76.361 -0.813098 0.0040853 0.582112 145.081 0 1
-58.2996 46.6196 76.2869 -0.812966 0.00427703 0.582295 145.259 0 1
-58.2902 45.4826 76.3098 -0.812859 0.00434538 0.582444 145.439 0 1
-58.284 44.3332 76.3322 -0.812775 0.0042714 0.582561 145.601 0 1
-58.2338 43.3033 76.414 -0.812716 0.00406107 0.582646 145.766 0 1
-58.1948 42.2583 76.4771 -0.812682 0.00374014 0.582695 146.002 0 1
-58.152 40.7564 76.5482 -0.812662 0.00334331 0.582725 146.182 0 1
-57.8381 39.7477 76.9923 -0.812625 0.00290287 0.582779 146.486 0 1
-56.7136 39.5821 78.5575 -0.812516 0.00243947 0.582934 146.667 0 1
-56.0417 39.5932 79.4912 -0.812261 0.00195562 0.58329 146.886 0 1
-55.2258 39.5872 80.626 -0.811785 0.00143097 0.583954 147.075 0 1
-54.5248 39.5669 81.6097 -0.811018 0.000817468 0.585021 147.242 0 1
-53.9088 39.5386 82.4758 -0.809902 3.61272e-05 0.586565 147.402 0 1
-53.3141 39.5301 83.3017 -0.808384 -0.00101822 0.588654 147.579 0 1
-52.6525 39.5575 84.2172 -0.806399 -0.00246257 0.591366 147.764 0 1
-51.963 39.5926 85.1645 -0.803875 -0.00441448 0.594782 147.965 0 1
-51.2085 39.6171 86.2 -0.800781 -0.00699712 0.598916 148.135 0 1
-50.5654 39.5656 87.0552 -0.797196 -0.0103501 0.603632 148.297 0 1
-49.9498 39.6157 87.8686 -0.79335 -0.0146134 0.60859 148.493 0 1
-49.2027 39.6283 88.8533 -0.789619 -0.0198626 0.613276 148.677 0 1
-48.5102 39.5286 89.7535 -0.786455 -0.0260153 0.617099 148.842 0 1
-47.8798 39.526 90.5559 -0.784294 -0.0327692 0.619523 149.105 0 1
-46.8623 39.4594 91.7557 -0.783458 -0.039622 0.62018 149.281 0 1
-46.1912 39.146 92.5427 -0.784095 -0.0459779 0.618935 149.528 0 1
-45.4971 38.0491 93.2959 -0.786161 -0.0512835 0.615891 149.721 0 1
-45.2146 36.9343 93.5282 -0.789449 -0.055131 0.611335 149.899 0 1
-45.0543 35.865 93.587 -0.793659 -0.0573013 0.605658 150.09 0 1
-44.9468 34.6867 93.574 -0.798465 -0.0577628 0.599263 150.275 0 1
-44.8416 33.5383 93.5773 -0.80357 -0.0566485 0.592508 150.44 0 1
-44.7609 32.5 93.5815 -0.808734 -0.0542217 0.58567 150.613 0 1
-44.6848 31.4106 93.5698 -0.813785 -0.0508302 0.578939 150.79 0 1
-44.5876 30.2873 93.6077 -0.818615 -0.0468557 0.572428 151.006 0 1
-44.4614 28.933 93.6724 -0.823172 -0.0426629 0.566187 151.212 0 1
-44.3796 27.623 93.7044 -0.827446 -0.0385549 0.560221 151.367 0 1
-44.3642 26.6215 93.6732 -0.831452 -0.0347424 0.554509 151.623 0 1
-44.3407 24.9909 93.6281 -0.835221 -0.031339 0.54902 151.8 0 1
-44.315 23.8603 93.6156 -0.838791 -0.0283819 0.543714 152.037 0 1
-44.2534 22.3561 93.6448 -0.842202 -0.0258615 0.538542 152.222 0 1
-44.2296 21.1803 93.6375 -0.845492 -0.02374 0.533459 152.518 0 1
-44.1909 19.2888 93.6216 -0.848689 -0.0219562 0.528436 152.68 0 1
-44.1452 18.2588 93.6533 -0.851802 -0.0204284 0.523466 152.932 0 1
-44.129 16.6521 93.6195 -0.854822 -0.0190648 0.51857 153.111 0 1
-44.0845 15.5074 93.6706 -0.857734 -0.0177824 0.513785 153.274 0 1
-44.039 14.476 93.707 -0.860516 -0.0165205 0.509155 153.515 0 1
-44.0375 12.9417 93.6611 -0.863147 -0.0152452 0.504722 153.698 0 1
-43.9812 11.7739 93.7184 -0.865609 -0.0139451 0.500526 153.899 0 1
-43.9312 10.4939 93.7723 -0.86789 -0.0126248 0.496596 154.112 0 1
-43.9423 9.13575 93.7195 -0.869986 -0.0113006 0.492946 154.301 0 1
-43.9573 7.92729 93.676 -0.871901 -0.0099964 0.48958 154.551 0 1
-43.9436 6.34012 93.6647 -0.873642 -0.00873787 0.48649 154.709 0 1
-43.9185 5.33293 93.6909 -0.875218 -0.00754499 0.48367 154.889 0 1
-43.9019 4.19229 93.7059 -0.876634 -0.00642621 0.481114 155.093 0 1
-43.9061 2.89317 93.6891 -0.877895 -0.00537749 0.478824 155.254 0 1
-43.8971 1.86434 93.6949 -0.879001 -0.00438495 0.4768 155.447 0 1
-43.8893 0.632016 93.7048 -0.879956 -0.0034287 0.475043 155.633 0 1
-43.8743 -0.552461 93.7273 -0.880764 -0.00248678 0.473549 155.815 0 1
-43.8699 -1.70342 93.7285 -0.881433 -0.00153989 0.472306 156.013 0 1
-43.8889 -2.96884 93.6888 -0.881972 -0.000575381 0.471301 156.203 0 1
-43.8955 -4.17803 93.678 -0.882389 0.000410522 0.47052 156.361 0 1
-43.89 -5.18172 93.6893 -0.882691 0.00141283 0.469952 156.519 0 1
-43.8853 -6.18795 93.6998 -0.88288 0.00242009 0.469593 156.757 0 1
-43.8723 -7.70017 93.7352 -0.882953 0.00342021 0.469448 156.924 0 1
-43.8996 -8.76242 93.6922 -0.882907 0.00440941 0.469527 157.083 0 1
-43.9271 -9.76971 93.6533 -0.882733 0.00540002 0.469844 157.245 0 1
-43.9348 -10.8012 93.6523 -0.882422 0.00642147 0.470416 157.413 0 1
-43.9385 -11.8682 93.6629 -0.88196 0.00751281 0.471265 157.58 0 1
-43.9392 -12.9323 93.6796 -0.881336 0.00870968 0.47241 157.742 0 1
-43.9411 -13.9663 93.6937 -0.880543 0.0100318 0.473861 157.9 0 1
-43.9537 -14.9694 93.6867 -0.87958 0.0114791 0.475612 158.108 0 1
-43.9452 -16.2923 93.7332 -0.878454 0.0130417 0.477648 158.345 0 1
-43.9961 -17.8029 93.6826 -0.877172 0.0147231 0.47995 158.622 0 1
-44.0202 -19.5621 93.6941 -0.875735 0.0165632 0.482508 158.898 0 1
-44.0371 -21.3206 93.7293 -0.874137 0.0186524 0.485322 159.064 0 1
-44.0631 -22.3761 93.7202 -0.872369 0.0211303 0.48839 159.262 0 1
-44.1156 -23.6365 93.6833 -0.87042 0.0241718 0.491717 159.447 0 1
-44.162 -24.8098 93.6542 -0.868253 0.0279514 0.495334 159.639 0 1
-44.2229 -26.024 93.6055 -0.865786 0.0325797 0.499353 159.833 0 1
-44.2727 -27.2654 93.5953 -0.862879 0.0380219 0.503978 160.008 0 1
-44.3047 -28.3722 93.6145 -0.859366 0.0440322 0.509461 160.201 0 1
-44.3461 -29.5983 93.6511 -0.855122 0.0501351 0.515997 160.381 0 1
-44.3893 -30.723 93.6797 -0.850142 0.0556746 0.523602 160.581 0 1
-44.4774 -31.9839 93.6849 -0.844591 0.0599319 0.532048 160.777 0 1
-44.5921 -33.1971 93.6536 -0.838798 0.0622891 0.540868 160.956 0 1
-44.7255 -34.3048 93.6389 -0.833195 0.062387 0.54945 161.144 0 1
-44.8581 -35.4095 93.6257 -0.828219 0.0602163 0.55716 161.324 0 1
-44.9873 -36.47 93.5924 -0.824211 0.0561079 0.563497 161.501 0 1
-45.1742 -37.4919 93.4771 -0.821331 0.0506322 0.5682 161.704 0 1
-45.523 -38.583 93.0991 -0.819537 0.0444518 0.571299 161.938 0 1
-46.2232 -39.3166 92.1495 -0.818622 0.0381811 0.573063 162.126 0 1
-46.8899 -39.4894 91.2423 -0.818291 0.0322899 0.573896 162.343 0 1
-47.6577 -39.5899 90.1725 -0.818252 0.0270665 0.574222 162.539 0 1
-48.3519 -39.6053 89.1774 -0.818264 0.0226309 0.574396 162.776 0 1
-49.1807 -39.5782 87.9634 -0.818169 0.0189807 0.574664 163.058 0 1
-50.1917 -39.5604 86.5066 -0.817884 0.016044 0.57516 163.237 0 1
-50.8426 -39.5445 85.5804 -0.817388 0.0137216 0.575924 163.411 0 1
-51.4764 -39.5237 84.6786 -0.816706 0.0119102 0.576931 163.594 0 1
-52.148 -39.5026 83.7269 -0.815889 0.0105104 0.578114 163.782 0 1
-52.8353 -39.5001 82.7543 -0.814996 0.00942902 0.579389 163.959 0 1
-53.4928 -39.5246 81.8349 -0.814088 0.00857929 0.580678 164.121 0 1
-54.0957 -39.5534 80.9931 -0.813212 0.00788159 0.581915 164.412 0 1
-55.177 -39.5599 79.4896 -0.812399 0.00726539 0.583056 164.626 0 1
-55.9741 -39.515 78.3828 -0.811674 0.00667431 0.584073 164.809 0 1
-56.6577 -39.5265 77.4366 -0.811055 0.00607315 0.584938 164.971 0 1
-57.2684 -39.542 76.596 -0.810565 0.00545245 0.585623 165.193 0 1
-58.0952 -39.6178 75.4545 -0.81022 0.00482561 0.586105 165.366 0 1
-58.7463 -39.6282 74.5564 -0.810024 0.00421849 0.586382 165.586 0 1
-59.5704 -39.5683 73.4212 -0.809961 0.00365755 0.586473 165.787 0 1
-60.3253 -39.6382 72.3863 -0.810003 0.00316357 0.586418 166.01 0 1
-61.1485 -39.9058 71.2568 -0.810118 0.00275259 0.586261 166.245 0 1
-61.3893 -41.3432 70.9285 -0.810285 0.00243971 0.586031 166.404 0 1
-61.3893 -42.3568 70.9308 -0.810495 0.00224087 0.585742 166.575 0 1
-61.3882 -43.4458 70.9353 -0.810748 0.00217024 0.585391 166.769 0 1
-61.396 -44.6808 70.9294 -0.811041 0.00223444 0.584986 167.013 0 1
-61.3675 -46.2351 70.9709 -0.811355 0.00242737 0.584548 167.198 0 1
-61.2803 -47.4045 71.0913 -0.811663 0.0027292 0.58412 167.392 0 1
-60.8008 -48.3302 71.76 -0.811929 0.00311108 0.583748 167.552 0 1
-60.2063 -48.4143 72.5868 -0.812129 0.00354313 0.583467 167.792 0 1
-59.3185 -48.4879 73.8301 -0.812259 0.00400149 0.583283 167.954 0 1
-58.7211 -48.4953 74.6695 -0.812338 0.00447074 0.58317 168.199 0 1
-57.8145 -48.4597 75.939 -0.812409 0.00494093 0.583068 168.402 0 1
-57.0633 -48.3788 76.984 -0.812526 0.00540224 0.5829 168.564 0 1
-56.4619 -48.3581 77.8207 -0.812752 0.00584179 0.58258 168.726 0 1
-55.8564 -48.3501 78.6622 -0.813155 0.00624557 0.582013 168.884 0 1
-55.2687 -48.3347 79.4781 -0.813806 0.00660375 0.581099 169.071 0 1
-54.5734 -48.3095 80.4429 -0.814762 0.00691673 0.579754 169.345 0 1
-53.5538 -48.3097 81.8658 -0.816036 0.00720158 0.577956 169.502 0 1
-52.9732 -48.3355 82.6821 -0.817559 0.00749956 0.575796 169.66 0 1
-52.3944 -48.3809 83.5001 -0.819176 0.00788072 0.573489 169.916 0 1
-51.4526 -48.4444 84.8378 -0.820659 0.00843729 0.571355 170.083 0 1
-50.8453 -48.4159 85.7031 -0.821761 0.00926021 0.569757 170.309 0 1
-50.037 -48.3227 86.8994 -0.822259 0.0104043 0.569018 170.487 0 1
-49.4156 -48.3792 87.8273 -0.822008 0.0118576 0.569353 170.693 0 1
-48.7008 -48.3574 88.9007 -0.820957 0.01353 0.57083 170.937 0 1
-47.8564 -48.3505 90.1425 -0.819141 0.0152657 0.573389 171.2 0 1
-46.9479 -48.4161 91.4626 -0.81663 0.0168822 0.576914 171.372 0 1
-46.3575 -48.4025 92.3102 -0.813473 0.0182229 0.581317 171.543 0 1
-45.7706 -48.4271 93.1272 -0.809668 0.0191949 0.586574 171.739 0 1
-45.0914 -48.4238 94.0598 -0.80519 0.0197671 0.592688 171.963 0 1
-44.3086 -48.4012 95.1179 -0.800051 0.019937 0.599601 172.012 0 1
-44.1401 -48.4235 95.346 -0.794371 0.0197047 0.607113 172.169 0 1
-44.0947 -49.3243 95.4435 -0.788404 0.0190743 0.614861 172.408 0 1
-43.251 -49.3591 96.5259 -0.782506 0.0180737 0.622381 172.685 0 1
-42.2482 -49.3474 97.7781 -0.777067 0.0167636 0.629195 172.893 0 1
-41.4984 -49.1552 98.6858 -0.772443 0.0152233 0.634901 173.07 0 1
-40.848 -49.2857 99.4272 -0.768907 0.0135234 0.639218 173.279 0 1
-40.5928 -48.1571 99.707 -0.766624 0.0117151 0.641989 173.639 0 1
-40.5565 -46.1096 99.7293 -0.765677 0.00984636 0.64315 173.833 0 1
-40.5191 -45.0149 99.7581 -0.76609 0.0079821 0.642683 174.036 0 1
-40.5043 -43.8631 99.7614 -0.767868 0.00619752 0.640578 174.253 0 1
-40.4874 -42.6284 99.7732 -0.770992 0.00453855 0.636829 174.457 0 1
-40.4691 -41.4747 99.7764 -0.775399 0.0029799 0.631464 174.664 0 1
-40.469 -40.2808 99.7761 -0.78096 0.00141962 0.62458 174.946 0 1
-40.5128 -38.6689 99.7248 -0.787468 -0.000271208 0.616355 175.145 0 1
-40.5916 -37.5091 99.6596 -0.794671 -0.00216469 0.607036 175.323 0 1
-40.6119 -36.4842 99.6128 -0.802298 -0.00421168 0.596908 175.524 0 1
-40.5854 -35.2846 99.6839 -0.81009 -0.0062429 0.586273 175.704 0 1
-40.5992 -34.228 99.6618 -0.817811 -0.00803538 0.575431 175.869 0 1
-40.618 -33.225 99.6658 -0.825263 -0.00939954 0.56467 176.037 0 1
-40.6184 -32.2128 99.6768 -0.832296 -0.0102373 0.554237 176.224 0 1
-40.6449 -31.067 99.6908 -0.838807 -0.0105514 0.544327 176.404 0 1
-40.6871 -29.9758 99.6399 -0.844736 -0.0104174 0.535082 176.676 0 1
-40.6727 -28.2804 99.6911 -0.850062 -0.00994384 0.526589 176.918 0 1
-40.6731 -26.7497 99.7067 -0.854789 -0.00923862 0.518894 177.109 0 1
-40.7279 -25.5521 99.629 -0.858947 -0.00839033 0.511996 177.3 0 1
-40.744 -24.345 99.6275 -0.862583 -0.0074635 0.50586 177.478 0 1
-40.743 -23.2164 99.6327 -0.865757 -0.00650271 0.500422 177.646 0 1
-40.7585 -22.1501 99.6193 -0.868529 -0.00553972 0.495607 177.81 0 1
-40.761 -21.1113 99.6192 -0.870957 -0.00459838 0.491338 177.972 0 1
-40.7538 -20.08 99.6427 -0.873086 -0.00369562 0.487553 178.144 0 1
-40.7511 -18.9904 99.6454 -0.874951 -0.00284014 0.484203 178.334 0 1
-40.7452 -17.7901 99.6641 -0.876578 -0.00203233 0.481255 178.523 0 1
-40.7274 -16.5919 99.6947 -0.877984 -0.00126694 0.478689 178.692 0 1
-40.6558 -15.5236 99.8299 -0.87918 -0.000537372 0.47649 178.998 0 1
-40.7656 -13.5917 99.6226 -0.880177 0.000160916 0.474646 179.186 0 1
-40.7734 -12.3947 99.6088 -0.880985 0.000829899 0.473144 179.374 0 1
-40.7759 -11.1976 99.5998 -0.881614 0.00147112 0.471969 179.563 0 1
-40.7783 -9.99984 99.5902 -0.882075 0.00208787 0.471104 179.736 0 1
-40.7405 -8.90486 99.6544 -0.882375 0.00268521 0.470539 179.956 0 1
-40.7095 -7.50639 99.7028 -0.882517 0.00326848 0.470269 180.134 0 1
-40.6979 -6.37432 99.7157 -0.8825 0.00384214 0.470297 180.323 0 1
-40.6831 -5.17048 99.7333 -0.88232 0.00440869 0.47063 180.594 0 1
-40.7355 -3.45015 99.6179 -0.881974 0.00496824 0.471271 180.76 0 1
-40.7803 -2.40379 99.5237 -0.881464 0.00551982 0.47222 180.917 0 1
-40.6314 -1.44974 99.7914 -0.880788 0.00606295 0.473473 181.143 0 1
-40.5963 -0.0186005 99.8327 -0.879947 0.00659654 0.475026 181.304 0 1
-40.6883 0.982992 99.6448 -0.878944 0.00711559 0.476872 181.564 0 1
-40.7006 2.63758 99.5993 -0.877784 0.00761041 0.478996 181.79 0 1
-40.6431 4.07057 99.6773 -0.876473 0.00807222 0.481383 182.058 0 1
-40.655 5.77355 99.6308 -0.875017 0.00850034 0.484018 182.223 0 1
-40.657 6.8237 99.6092 -0.87342 0.00890213 0.486886 182.387 0 1
-40.6413 7.85709 99.6241 -0.871692 0.00928483 0.489965 182.604 0 1
-40.6328 9.23074 99.6078 -0.869841 0.00965029 0.493238 182.809 0 1
-40.6095 10.5331 99.6236 -0.867864 0.0100012 0.496701 183.062 0 1
-40.4842 12.1261 99.8104 -0.865746 0.0103524 0.500376 183.248 0 1
-40.5642 13.2971 99.6509 -0.86346 0.0107314 0.504303 183.474 0 1
-40.5137 14.7314 99.6981 -0.860976 0.0111619 0.508524 183.709 0 1
-40.4698 16.2242 99.7373 -0.858274 0.0116453 0.513059 183.905 0 1
-40.484 17.4743 99.6824 -0.85535 0.0121639 0.517908 184.082 0 1
-40.4376 18.6092 99.7489 -0.852209 0.0127126 0.523047 184.261 0 1
-40.4624 19.7453 99.6858 -0.848867 0.0133278 0.528438 184.478 0 1
-40.5162 21.1048 99.5442 -0.845337 0.014077 0.534048 184.671 0 1
-40.4406 22.3265 99.6417 -0.841617 0.015013 0.539866 184.845 0 1
-40.3666 23.426 99.715 -0.83768 0.0161368 0.545923 185.02 0 1
-40.3161 24.5366 99.7681 -0.833467 0.0173969 0.552295 185.19 0 1
-40.3542 25.6118 99.6992 -0.828886 0.0187182 0.559104 185.386 0 1
-40.3343 26.8382 99.6882 -0.823806 0.0200344 0.566518 185.575 0 1
-40.3123 28.0241 99.6805 -0.818068 0.0213016 0.574726 185.761 0 1
-40.2692 29.184 99.669 -0.811524 0.0224795 0.583886 185.94 0 1
-40.1897 30.3098 99.7481 -0.80408 0.0234941 0.594056 186.133 0 1
-40.2208 31.5122 99.6752 -0.795736 0.0242234 0.605159 186.314 0 1
-40.1733 32.6131 99.6826 -0.786587 0.024529 0.616992 186.486 0 1
-40.0964 33.6632 99.7595 -0.776811 0.0243163 0.629265 186.654 0 1
-40.0776 34.697 99.7464 -0.766641 0.0235782 0.641643 186.903 0 1
-40.0308 36.1664 99.6968 -0.756357 0.0223948 0.653776 187.11 0 1
-39.9547 37.4 99.717 -0.74626 0.0209014 0.665326 187.28 0 1
-39.7546 38.3664 99.9164 -0.736668 0.0192492 0.67598 187.666 0 1
-39.8335 40.5985 99.7898 -0.72791 0.0175735 0.685448 187.862 0 1
-39.8686 41.7209 99.7383 -0.72034 0.0159741 0.693438 188.056 0 1
-39.6557 42.7962 99.9284 -0.714335 0.0145102 0.699654 188.242 0 1
-39.7201 43.8513 99.8424 -0.710248 0.0132083 0.703827 188.437 0 1
-39.726 44.9596 99.8122 -0.708316 0.012075 0.705792 188.64 0 1
-39.7383 46.111 99.796 -0.708567 0.0111045 0.705556 188.845 0 1
-39.7114 47.2779 99.8127 -0.710795 0.0102827 0.703324 189.084 0 1
-39.7788 48.6371 99.7218 -0.714613 0.00959049 0.699454 189.416 0 1
-41.0687 49.2291 98.4471 -0.719574 0.00900232 0.694358 189.621 0 1
-41.8888 49.2543 97.6005 -0.725289 0.00847819 0.688393 189.801 0 1
-42.5859 49.3418 96.8451 -0.731494 0.00795844 0.681801 189.98 0 1
-43.2874 49.4424 96.0757 -0.738054 0.00737442 0.674702 190.162 0 1
-43.9908 49.2876 95.287 -0.744908 0.00667624 0.667134 190.329 0 1
-44.6568 49.2367 94.5417 -0.752014 0.00586187 0.659121 190.515 0 1
-45.3895 49.2603 93.7093 -0.759299 0.00498619 0.650723 190.705 0 1
-46.122 49.2691 92.8506 -0.766631 0.00414049 0.642075 190.896 0 1
-46.8526 49.3052 91.9727 -0.77382 0.0034145 0.633396 191.086 0 1
-47.5641 49.2741 91.0834 -0.780648 0.00286414 0.624965 191.271 0 1
-48.2517 49.2792 90.2015 -0.786911 0.00250056 0.617061 191.459 0 1
-48.9483 49.315 89.293 -0.792464 0.0022996 0.609915 191.691 0 1
-49.8044 49.2561 88.1461 -0.797237 0.0022212 0.603662 191.884 0 1
-50.5152 49.226 87.1647 -0.80124 0.00222747 0.598339 192.064 0 1
-51.1741 49.2389 86.2486 -0.804534 0.00229155 0.593902 192.245 0 1
-51.8468 49.248 85.3197 -0.807201 0.00239577 0.590272 192.421 0 1
-52.5002 49.2652 84.416 -0.809317 0.00252422 0.587366 192.59 0 1
-53.1265 49.2712 83.5419 -0.810939 0.00265858 0.585125 192.766 0 1
-53.7763 49.2725 82.632 -0.812104 0.00278226 0.583506 192.954 0 1
-54.467 49.2861 81.6623 -0.812848 0.00288938 0.582468 193.137 0 1
-55.1426 49.2984 80.7138 -0.813223 0.00298978 0.581945 193.312 0 1
-55.7837 49.3423 79.8029 -0.813301 0.00310354 0.581835 193.515 0 1
-56.5289 49.3335 78.747 -0.813174 0.00324786 0.582011 193.678 0 1
-57.1329 49.3164 77.901 -0.812943 0.00342525 0.582334 193.95 0 1
-58.1408 49.2824 76.4954 -0.812696 0.0036201 0.582677 194.17 0 1
-58.844 48.5529 75.5205 -0.812499 0.00380377 0.58295 194.374 0 1
-58.7988 47.2487 75.5904 -0.812382 0.00394365 0.583112 194.625 0 1
-58.754 45.6522 75.664 -0.812341 0.00401155 0.583169 194.802 0 1
-58.8577 44.5342 75.5326 -0.812349 0.00398967 0.583158 194.976 0 1
-58.7653 43.4316 75.6702 -0.812375 0.00387417 0.583122 195.165 0 1
-58.7537 42.23 75.6956 -0.8124 0.0036756 0.583089 195.339 0 1
-58.6797 41.1236 75.8075 -0.81242 0.00341469 0.583063 195.55 0 1
-58.7048 39.7836 75.7821 -0.812438 0.00311431 0.583039 195.756 0 1
-58.1887 38.8206 76.5075 -0.812448 0.00279187 0.583027 195.958 0 1
-57.4454 38.702 77.5432 -0.812415 0.00245506 0.583074 196.127 0 1
-56.8163 38.7059 78.4174 -0.812273 0.00209994 0.583273 196.327 0 1
-56.0724 38.6636 79.4493 -0.811931 0.00170839 0.583751 196.529 0 1
-55.3219 38.6371 80.4958 -0.811285 0.00124227 0.58465 196.709 0 1
-54.6533 38.6784 81.4317 -0.810228 0.000633475 0.586114 196.881 0 1
-54.0167 38.6759 82.3248 -0.808652 -0.000229791 0.588287 197.095 0 1
-53.2227 38.7411 83.4286 -0.806448 -0.00152293 0.591304 197.317 0 1
-52.3924 38.7844 84.5748 -0.803546 -0.00350791 0.595232 197.55 0 1
-51.5248 38.6347 85.7661 -0.799997 -0.00653029 0.599968 197.717 0 1
-50.8948 38.7021 86.6142 -0.796051 -0.010943 0.605131 197.96 0 1
-49.9645 38.7668 87.8399 -0.792173 -0.0169459 0.610061 198.133 0 1
-49.3067 38.7965 88.7038 -0.788962 -0.0244111 0.613957 198.377 0 1
-48.3722 38.6294 89.892 -0.786978 -0.0328053 0.616108 198.622 0 1
-47.4192 38.6487 91.0657 -0.78659 -0.041275 0.616094 198.89 0 1
-46.3616 38.4057 92.2958 -0.78789 -0.0488587 0.613874 199.054 0 1
-45.9214 37.6164 92.7256 -0.79072 -0.0547284 0.609727 199.258 0 1
-45.6626 36.3955 92.8911 -0.794762 -0.0583687 0.604108 199.472 0 1
-45.611 35.0932 92.7356 -0.799645 -0.0596477 0.597504 199.75 0 1
-45.2972 33.3743 92.9247 -0.80501 -0.0587807 0.590343 199.954 0 1
-45.2164 32.0652 92.8881 -0.810553 -0.0562227 0.582961 200.205 0 1
-45.0811 30.4726 92.9132 -0.816035 -0.0525384 0.575609 200.419 0 1
-45.0378 29.1092 92.8505 -0.821287 -0.0482869 0.568468 200.624 0 1
-44.85 27.8253 93.019 -0.826196 -0.0439398 0.561666 200.887 0 1
-44.9285 26.1511 92.7932 -0.8307 -0.0398372 0.555292 201.112 0 1
-44.7945 24.7272 92.917 -0.834779 -0.03618 0.549396 201.277 0 1
-44.7862 23.6765 92.8731 -0.838447 -0.0330512 0.54398 201.488 0 1
-44.7246 22.3338 92.9053 -0.841758 -0.0304515 0.538996 201.676 0 1
-44.7783 21.1538 92.7664 -0.844787 -0.0283312 0.534352 201.841 0 1
-44.621 20.1363 92.9652 -0.84762 -0.02661 0.529936 202.012 0 1
-44.7285 19.0772 92.7412 -0.850339 -0.0251894 0.525632 202.173 0 1
-44.5966 18.0807 92.9126 -0.853007 -0.0239633 0.521349 202.33 0 1
-44.5811 17.0796 92.8916 -0.855662 -0.0228319 0.517031 202.517 0 1
-44.5328 15.891 92.9354 -0.858308 -0.0217133 0.512674 202.697 0 1
-44.5208 14.7498 92.9046 -0.86092 -0.0205522 0.508325 202.887 0 1
-44.4773 13.5401 92.9261 -0.863448 -0.0193208 0.504067 203.116 0 1
-44.4136 12.0791 92.9748 -0.865838 -0.0180146 0.5 203.289 0 1
-44.4049 10.9748 92.9533 -0.868047 -0.0166444 0.496203 203.469 0 1
-44.4051 9.82666 92.9166 -0.870053 -0.0152295 0.492723 203.626 0 1
-44.3463 8.83111 92.9966 -0.871858 -0.0137935 0.489565 203.806 0 1
-44.3624 7.68767 92.9363 -0.873476 -0.0123614 0.48671 204.01 0 1
-44.3404 6.39112 92.9465 -0.874931 -0.0109569 0.484123 204.17 0 1
-44.3163 5.37256 92.9692 -0.876245 -0.00959649 0.48177 204.394 0 1
-44.3459 3.95012 92.8924 -0.877435 -0.00828579 0.479623 204.6 0 1
-44.2868 2.64494 92.9846 -0.878514 -0.00701811 0.477664 204.765 0 1
-44.3046 1.59459 92.9387 -0.879489 -0.00577725 0.475885 204.98 0 1
-44.31 0.221663 92.92 -0.880359 -0.00454266 0.474286 205.174 0 1
-44.2947 -1.00957 92.9375 -0.881122 -0.00329452 0.472878 205.351 0 1
-44.322 -2.13735 92.8786 -0.881768 -0.0020178 0.471678 205.51 0 1
-44.3796 -3.14155 92.7659 -0.882289 -0.00070552 0.470709 205.768 0 1
-44.2851 -4.768 92.9433 -0.882672 0.000639162 0.469989 206.018 0 1
-44.3127 -6.35658 92.8944 -0.88291 0.00200478 0.469537 206.211 0 1
-44.2734 -7.58428 92.9765 -0.882998 0.00337915 0.469364 206.378 0 1
-44.3747 -8.62404 92.7928 -0.882935 0.00475825 0.469471 206.653 0 1
-44.3037 -10.3676 92.9497 -0.882723 0.00614963 0.469854 206.828 0 1
-44.3219 -11.484 92.9349 -0.882367 0.00756956 0.470501 207.004 0 1
-44.3362 -12.6039 92.9269 -0.881875 0.00903834 0.471397 207.177 0 1
-44.3711 -13.703 92.8862 -0.881251 0.0105751 0.47253 207.344 0 1
-44.4408 -14.7553 92.7754 -0.880496 0.0121903 0.473897 207.512 0 1
-44.3335 -15.7973 93.0006 -0.879604 0.0138806 0.475504 207.697 0 1
-44.3979 -16.9727 92.9146 -0.878564 0.015636 0.477369 207.921 0 1
-44.4244 -18.3967 92.9144 -0.877362 0.0174639 0.479511 208.093 0 1
-44.4611 -19.4871 92.8881 -0.875986 0.0194142 0.481946 208.321 0 1
-44.4368 -20.9325 92.9868 -0.874425 0.0215858 0.484681 208.519 0 1
-44.5068 -22.1871 92.9165 -0.872675 0.0241119 0.487706 208.692 0 1
-44.5677 -23.2827 92.8648 -0.870738 0.0271427 0.490997 208.883 0 1
-44.565 -24.492 92.9287 -0.868613 0.0308356 0.49453 209.074 0 1
-44.6134 -25.6983 92.9041 -0.866282 0.0353339 0.498305 209.264 0 1
-44.6655 -26.9113 92.8966 -0.863681 0.0407093 0.502393 209.452 0 1
-44.7021 -28.1087 92.9151 -0.86069 0.0468544 0.506969 209.636 0 1
-44.7684 -29.2816 92.9162 -0.857154 0.0533694 0.512287 209.815 0 1
-44.849 -30.3952 92.8816 -0.852958 0.0595298 0.518574 209.978 0 1
-44.9111 -31.4286 92.8986 -0.848115 0.0644127 0.525883 210.16 0 1
-44.9768 -32.5679 92.9293 -0.842821 0.0671609 0.533986 210.353 0 1
-45.1153 -33.7857 92.931 -0.837438 0.067262 0.542377 210.548 0 1
-45.251 -34.9794 92.9313 -0.832395 0.0647018 0.550393 210.724 0 1
-45.4235 -36.0641 92.9346 -0.828065 0.0599307 0.55742 210.896 0 1
-45.5817 -37.0496 92.8612 -0.824664 0.0536859 0.563069 211.101 0 1
-45.9015 -38.1666 92.5483 -0.822218 0.0467727 0.567248 211.34 0 1
-46.7331 -38.4628 91.4199 -0.820591 0.0398897 0.570122 211.507 0 1
-47.3304 -38.6342 90.615 -0.819565 0.0335364 0.572004 211.822 0 1
-48.4313 -38.8117 89.0453 -0.818903 0.0279972 0.573249 212.001 0 1
-49.048 -38.6919 88.1357 -0.818403 0.0233741 0.574169 212.224 0 1
-49.8472 -38.7007 86.9853 -0.81792 0.0196399 0.574997 212.395 0 1
-50.4648 -38.7159 86.1019 -0.817368 0.0166902 0.575874 212.563 0 1
-51.0775 -38.7211 85.2303 -0.816712 0.014385 0.576866 212.752 0 1
-51.7688 -38.7054 84.2499 -0.815957 0.012579 0.577976 212.943 0 1
-52.4713 -38.696 83.2554 -0.815133 0.0111429 0.579167 213.127 0 1
-53.1527 -38.7109 82.2976 -0.814282 0.00997587 0.580383 213.29 0 1
-53.7579 -38.6976 81.4516 -0.813446 0.00900489 0.58157 213.582 0 1
-54.8454 -38.7145 79.9398 -0.812656 0.00817646 0.582686 213.744 0 1
-55.4444 -38.7434 79.1066 -0.811933 0.0074471 0.583704 213.974 0 1
-56.3018 -38.6117 77.9187 -0.811291 0.00677967 0.584604 214.138 0 1
-56.9171 -38.5991 77.0714 -0.81075 0.00614514 0.58536 214.331 0 1
-57.64 -38.6142 76.0746 -0.810333 0.0055262 0.585943 214.495 0 1
-58.248 -38.7307 75.2345 -0.810059 0.00492004 0.586328 214.662 0 1
-58.8716 -38.8245 74.3759 -0.809928 0.00433789 0.586514 214.822 0 1
-59.4481 -38.5341 73.5843 -0.809922 0.003799 0.586525 215.058 0 1
-60.3364 -38.5952 72.3682 -0.810007 0.00332115 0.586411 215.243 0 1
-61.0263 -38.7116 71.4206 -0.81014 0.00291481 0.586229 215.524 0 1
-61.8547 -39.8089 70.2798 -0.810285 0.00258492 0.586031 215.685 0 1
-61.9446 -40.8209 70.1571 -0.810415 0.00233567 0.585851 215.857 0 1
-61.9404 -41.9165 70.1648 -0.810525 0.0021715 0.585701 216.017 0 1
-61.9181 -42.9365 70.198 -0.810626 0.00209359 0.585561 216.182 0 1
-61.9177 -43.9879 70.2049 -0.810748 0.00209675 0.585391 216.421 0 1
-61.8974 -45.5081 70.238 -0.810924 0.00217084 0.585147 216.594 0 1
-61.8406 -46.6045 70.3157 -0.811171 0.00230544 0.584805 216.794 0 1
-61.7825 -47.8817 70.3989 -0.811477 0.00249436 0.584379 216.965 0 1
-61.6166 -48.9326 70.6345 -0.811806 0.00273756 0.583921 217.138 0 1
-60.9941 -49.2075 71.4969 -0.812109 0.00304002 0.583497 217.361 0 1
-60.1643 -49.3317 72.6503 -0.812348 0.00340802 0.583162 217.556 0 1
-59.4417 -49.3259 73.661 -0.812509 0.00384431 0.582936 217.732 0 1
-58.7965 -49.364 74.5718 -0.812607 0.00434399 0.582796 217.953 0 1
-57.9823 -49.2953 75.7114 -0.812684 0.00489284 0.582684 218.161 0 1
-57.2083 -49.2575 76.7902 -0.812799 0.00546883 0.582518 218.446 0 1
-56.1467 -49.2657 78.2681 -0.813016 0.00604716 0.58221 218.606 0 1
-55.5516 -49.2695 79.0957 -0.813402 0.00660655 0.581664 218.765 0 1
-54.9599 -49.2578 79.9177 -0.814031 0.00713186 0.580777 218.923 0 1
-54.3702 -49.2277 80.7382 -0.814962 0.00761012 0.579464 219.108 0 1
-53.6835 -49.2342 81.6969 -0.816216 0.00802545 0.577692 219.272 0 1
-53.0788 -49.2464 82.5472 -0.817743 0.00836491 0.575523 219.453 0 1
-52.4132 -49.331 83.4864 -0.819415 0.00864074 0.573136 219.66 0 1
-51.6563 -49.3009 84.561 -0.821031 0.00891521 0.570814 219.817 0 1
-51.0818 -49.2316 85.3782 -0.822349 0.00930317 0.568907 220.094 0 1
-50.0913 -49.2727 86.8353 -0.823129 0.00994065 0.567768 220.271 0 1
-49.47 -49.2659 87.7607 -0.823176 0.0109361 0.56768 220.491 0 1
-48.7064 -49.3084 88.9046 -0.822384 0.0123343 0.568799 220.67 0 1
-48.0893 -49.3232 89.8166 -0.820739 0.014112 0.571129 220.888 0 1
-47.3351 -49.2947 90.9299 -0.818313 0.0162005 0.574544 221.081 0 1
-46.6753 -49.3046 91.8837 -0.815235 0.0185157 0.578835 221.279 0 1
-46.0022 -49.3159 92.8512 -0.811668 0.0209794 0.583742 221.471 0 1
-45.3428 -49.3241 93.7554 -0.807797 0.023524 0.588992 221.683 0 1
-44.6058 -49.3465 94.756 -0.803816 0.0260875 0.594302 221.683 0 1
-49.4842 -44.1909 87.6434 -0.824589 0.0083663 0.565633 221.863 1 1
-50.0645 -43.718 86.7925 -0.823971 0.00812087 0.566574 221.965 0 1
-49.7064 -43.7579 87.3155 -0.823294 0.00793605 0.56756 222.197 0 1
-50.5257 -43.8078 86.1238 -0.822574 0.00782192 0.568605 222.401 0 1
-51.1578 -44.4532 85.2184 -0.821817 0.00776338 0.569698 222.582 0 1
-51.5924 -43.5951 84.5901 -0.821034 0.00773363 0.570827 222.81 0 1
-50.791 -43.9137 85.7399 -0.820227 0.00771206 0.571986 223.047 0 1
-51.6231 -43.5711 84.5463 -0.819397 0.00769172 0.573175 223.26 0 1
-52.3917 -43.5154 83.4488 -0.818543 0.00767372 0.574394 223.48 0 1
-53.1911 -43.479 82.3116 -0.817672 0.00765706 0.575633 223.657 0 1
-52.8306 -44.4162 82.838 -0.816797 0.00763315 0.576875 223.887 0 1
-51.9993 -44.2 84.0166 -0.815935 0.007587 0.578094 224.237 0 1
-53.1979 -43.4775 82.302 -0.815109 0.00750165 0.579259 224.408 0 1
-53.834 -43.438 81.412 -0.814345 0.0073631 0.580335 224.48 0 1
-53.6937 -43.8282 81.6138 -0.813667 0.00716581 0.581287 224.781 0 1
-54.8109 -43.7996 80.0538 -0.813097 0.00691897 0.582088 224.954 0 1
-55.4544 -43.6798 79.1575 -0.812643 0.00664999 0.582724 225.127 0 1
-56.0894 -43.9052 78.2789 -0.812301 0.00640075 0.583203 225.373 0 1
-56.983 -43.5555 77.0367 -0.812056 0.00621621 0.583546 225.539 0 1
-57.5997 -43.4671 76.1815 -0.811888 0.00613076 0.583781 225.712 0 1
-58.1488 -44.046 75.4235 -0.811781 0.00615942 0.583929 225.878 0 1
-58.7404 -44.3612 74.6034 -0.811728 0.00629713 0.584002 226.051 0 1
-58.1076 -44.5639 75.4844 -0.811724 0.0065249 0.584004 226.205 0 1
-57.617 -44.0608 76.1647 -0.811771 0.00681851 0.583936 226.455 0 1
-56.692 -44.2507 77.4477 -0.811862 0.00715551 0.583806 226.64 0 1
-56.0018 -44.2908 78.4052 -0.811988 0.00751867 0.583625 226.911 0 1
-54.9987 -44.0442 79.7957 -0.812136 0.00789548 0.583415 226.933 0 1
-54.9167 -44.0237 79.9096 -0.812288 0.0082756 0.583197 226.933 0 1
-42.7033 -22.0375 96.144 -0.87354 0.0116337 0.486613 227.081 1 1
-42.2966 -21.5758 96.8631 -0.874233 0.0108386 0.485386 227.24 0 1
-42.2986 -20.5655 96.8447 -0.874844 0.0101668 0.484298 227.403 0 1
-42.3516 -19.5337 96.732 -0.875357 0.00963612 0.48338 227.578 0 1
-42.4437 -18.4335 96.5539 -0.875794 0.00922984 0.482596 227.744 0 1
-42.7834 -17.6674 95.9162 -0.876201 0.00891332 0.481864 227.901 0 1
-42.8438 -18.6602 95.8291 -0.876624 0.00864902 0.481099 228.084 0 1
-42.7613 -19.805 95.9946 -0.877093 0.00840404 0.480248 228.253 0 1
-42.6865 -20.8665 96.1497 -0.877613 0.00815193 0.4793 228.327 0 1
-42.6258 -21.3174 96.2659 -0.878172 0.00787367 0.478281 228.985 0 1
-42.3269 -17.1588 96.7508 -0.878749 0.00755959 0.477224 229.235 0 1
-42.3508 -15.5751 96.6844 -0.879328 0.00721049 0.476162 229.408 0 1
-42.7647 -16.2538 95.9241 -0.879895 0.00683656 0.475119 229.505 0 1
-42.7432 -16.867 95.9739 -0.880441 0.00645535 0.474112 229.777 0 1
-42.7032 -15.1368 96.0216 -0.880952 0.00609004 0.473166 229.946 0 1
-42.2817 -14.5303 96.8011 -0.881412 0.00576702 0.472313 230.166 0 1
-42.3518 -13.1413 96.6551 -0.8818 0.00551064 0.471592 230.393 0 1
-42.4086 -11.7027 96.5336 -0.882094 0.00533662 0.471043 230.62 0 1
-42.4697 -10.2665 96.4057 -0.88228 0.00524764 0.470695 230.773 0 1
-42.4917 -9.29434 96.3551 -0.882354 0.00523414 0.470557 230.892 0 1
-42.8223 -9.58377 95.7338 -0.882322 0.00527943 0.470616 231.1 0 1
-42.8454 -10.9043 95.7045 -0.8822 0.0053657 0.470844 231.339 0 1
-42.814 -12.421 95.7827 -0.882012 0.00547781 0.471195 231.572 0 1
-42.7419 -13.8949 95.9344 -0.881784 0.00560378 0.47162 231.652 0 1
-42.6695 -14.3747 96.0755 -0.881546 0.00573314 0.472063 231.652 0 1
-42.306 -8.50688 96.699 -0.883513 0.00374026 0.468392 231.814 1 1
-42.21 -7.4965 96.8725 -0.883541 0.00354068 0.468341 232.015 0 1
-42.1817 -6.22095 96.9171 -0.883558 0.00335007 0.46831 232.179 0 1
-42.1728 -5.17515 96.9282 -0.883557 0.00316502 0.468313 232.355 0 1
-42.6733 -4.84603 95.9812 -0.883533 0.00298162 0.468359 232.557 0 1
-42.5811 -6.11205 96.1627 -0.883484 0.00279841 0.468453 232.774 0 1
-42.5429 -7.48867 96.2441 -0.883407 0.0026154 0.468599 232.915 0 1
-42.5252 -8.38246 96.2845 -0.883298 0.00243238 0.468806 233.516 0 1
-42.7084 -4.58404 95.9141 -0.883147 0.00224871 0.469091 233.688 0 1
-42.7449 -3.49199 95.8436 -0.882942 0.00206354 0.469478 233.898 0 1
-42.6881 -2.16079 95.9441 -0.88267 0.00187363 0.46999 234.039 0 1
-42.3056 -2.53507 96.665 -0.882325 0.00166915 0.470637 234.282 0 1
-42.3706 -4.06709 96.5498 -0.881907 0.00143211 0.471421 234.661 0 1
-42.6993 -1.76614 95.9211 -0.88142 0.00114321 0.472333 234.873 0 1
-42.7509 -0.420388 95.8237 -0.880869 0.000795743 0.473359 235.079 0 1
-42.6192 0.861273 96.0664 -0.880272 0.000407822 0.474469 235.236 0 1
-42.7718 1.79979 95.7798 -0.87966 2.29263e-05 0.475603 235.407 0 1
-42.7328 2.89099 95.8497 -0.87908 -0.000302306 0.476675 235.613 0 1
-42.6863 4.19626 95.9359 -0.878589 -0.000515743 0.477579 235.787 0 1
-42.7685 5.29077 95.7888 -0.878239 -0.000583687 0.478221 235.958 0 1
-42.8196 6.37554 95.7004 -0.878068 -0.000495915 0.478536 236.166 0 1
-42.3344 7.22778 96.5798 -0.878092 -0.000261981 0.478492 236.348 0 1
-42.3724 6.06482 96.5153 -0.878309 9.71423e-05 0.478093 236.577 0 1
-42.2503 4.63378 96.7371 -0.878706 0.000557091 0.477362 236.744 0 1
-42.2579 3.57644 96.7233 -0.879258 0.00109478 0.476344 236.987 0 1
-42.3298 2.03457 96.5958 -0.879935 0.00168974 0.475092 237.164 0 1
-42.2639 0.920114 96.7249 -0.880699 0.00232364 0.47367 237.4 0 1
-42.3259 -0.580912 96.6146 -0.881514 0.00297949 0.472149 237.526 0 1
-42.3311 -1.37852 96.6114 -0.882337 0.0036408 0.470601 237.526 0 1
-42.3065 7.37337 96.6307 -0.872991 -0.00318671 0.487725 237.732 1 1
-42.5849 8.5596 96.1406 -0.871242 -0.00355841 0.49084 237.908 0 1
-42.6425 9.67071 96.0437 -0.869441 -0.00395559 0.49402 238.085 0 1
-42.7145 10.7849 95.9295 -0.867564 -0.00439939 0.497306 238.259 0 1
-42.7985 11.8795 95.7892 -0.865591 -0.00490058 0.500729 238.466 0 1
-42.7764 13.1949 95.84 -0.86352 -0.00544171 0.504284 238.717 0 1
-42.8229 14.7869 95.7794 -0.861391 -0.00596898 0.507907 238.98 0 1
-42.8175 16.4547 95.8109 -0.859291 -0.00640223 0.511446 239.138 0 1
-42.8254 17.457 95.8027 -0.857354 -0.00666041 0.514685 239.348 0 1
-42.8009 18.7888 95.8607 -0.855731 -0.00669019 0.517377 239.533 0 1
-42.8649 19.97 95.788 -0.854561 -0.00648315 0.51931 239.771 0 1
-42.8197 21.4728 95.8841 -0.853936 -0.00607468 0.520343 239.938 0 1
-42.2594 21.6273 96.7802 -0.853887 -0.00552921 0.520428 240.196 0 1
-42.2909 19.9906 96.7107 -0.854392 -0.00492019 0.519606 240.349 0 1
-42.23 19.0243 96.803 -0.85538 -0.00431187 0.517983 240.536 0 1
-42.2298 17.8409 96.7944 -0.856754 -0.00374719 0.515711 240.723 0 1
-42.1635 16.6542 96.9009 -0.858407 -0.00324542 0.51296 240.924 0 1
-42.232 15.3885 96.7784 -0.860228 -0.00280899 0.509902 241.081 0 1
-42.2328 14.3873 96.7815 -0.862122 -0.00243405 0.506694 241.341 0 1
-42.2931 12.7433 96.6721 -0.864012 -0.00211739 0.503466 241.413 0 1
-42.3563 12.304 96.559 -0.865848 -0.00185667 0.500304 241.616 0 1
-42.3313 11.0126 96.5998 -0.867607 -0.00164684 0.497249 241.817 0 1
-42.2583 9.74335 96.7197 -0.869294 -0.00147724 0.494293 242.001 0 1
-42.2127 8.57813 96.8035 -0.870932 -0.00133206 0.491401 242.061 0 1
-42.2175 8.19788 96.7956 -0.872549 -0.00119307 0.488521 242.061 0 1
-42.8407 21.7185 95.8558 -0.846634 -0.0141764 0.531987 242.268 1 1
-42.9284 23.0347 95.7514 -0.842511 -0.0148412 0.538475 242.447 0 1
-42.887 24.1711 95.8398 -0.83814 -0.0158097 0.545226 242.624 0 1
-42.8708 25.2917 95.895 -0.833429 -0.0172079 0.552358 242.857 0 1
-42.8819 26.7613 95.9054 -0.828317 -0.0190855 0.559934 243.037 0 1
-43.0569 27.8738 95.6795 -0.822771 -0.021387 0.567971 243.196 0 1
-43.1062 28.8818 95.6424 -0.81678 -0.0239305 0.576453 243.361 0 1
-43.0989 29.9209 95.7076 -0.810372 -0.0264171 0.585321 243.527 0 1
-43.1979 30.9425 95.6063 -0.803643 -0.0284893 0.594429 243.796 0 1
-43.2636 32.6404 95.621 -0.796796 -0.0298305 0.603512 244.004 0 1
-43.39 33.9332 95.552 -0.790156 -0.030262 0.612159 244.27 0 1
-43.4181 35.5629 95.6237 -0.784167 -0.0297798 0.619835 244.549 0 1
-43.5518 37.2582 95.5685 -0.779334 -0.0285183 0.62596 244.781 0 1
-43.9431 38.5867 95.2027 -0.776105 -0.0266701 0.63004 244.968 0 1
-44.3468 39.5071 94.7605 -0.774744 -0.0244147 0.631803 245.294 0 1
-45.2473 40.8819 93.7465 -0.775238 -0.021888 0.63129 245.492 0 1
-45.9204 41.4861 92.9844 -0.777306 -0.0191924 0.62883 245.709 0 1
-46.7166 41.9013 92.051 -0.780503 -0.0164221 0.624936 245.93 0 1
-47.5522 42.0869 91.0399 -0.784351 -0.0136784 0.620166 246.136 0 1
-48.3339 42.1117 90.0574 -0.788441 -0.011067 0.615011 246.336 0 1
-49.0615 42.1204 89.0767 -0.792478 -0.00868089 0.609839 246.506 0 1
-49.696 42.1434 88.2302 -0.796272 -0.0065838 0.604904 246.731 0 1
-50.5353 42.1375 87.1039 -0.799712 -0.00480098 0.600365 246.94 0 1
-51.3276 42.1086 86.039 -0.80274 -0.00331879 0.59632 247.143 0 1
-52.0822 42.0799 85.0038 -0.805335 -0.00209194 0.592816 247.347 0 1
-52.8447 42.0188 83.9564 -0.807508 -0.00105785 0.589856 247.543 0 1
-53.5677 41.9727 82.9505 -0.809292 -0.000156285 0.587407 247.73 0 1
-54.2567 41.9601 81.9866 -0.810732 0.000652511 0.585417 247.914 0 1
-54.9379 41.9562 81.0327 -0.811875 0.00137911 0.58383 248.098 0 1
-55.6156 41.9775 80.084 -0.812758 0.00200882 0.582598 248.278 0 1
-56.2796 42.097 79.1549 -0.813405 0.00251385 0.581692 248.485 0 1
-56.7831 43.0888 78.445 -0.813828 0.00286509 0.581099 248.66 0 1
-56.8243 44.2012 78.3779 -0.814033 0.00303548 0.580811 248.899 0 1
-56.6837 45.7081 78.5616 -0.814026 0.00299336 0.580821 249.12 0 1
-55.8951 46.0457 79.6715 -0.813809 0.0026939 0.581126 249.282 0 1
-55.2974 46.0793 80.512 -0.813371 0.00208402 0.581742 249.504 0 1
-54.4789 46.0763 81.6609 -0.812671 0.00113003 0.582722 249.733 0 1
-53.635 45.9767 82.8447 -0.811644 -0.000143404 0.584152 249.911 0 1
-52.9754 45.9096 83.7623 -0.810203 -0.00163102 0.586147 250.116 0 1
-52.2131 45.8961 84.82 -0.808234 -0.00316343 0.588853 250.307 0 1
-51.5003 45.9087 85.8013 -0.805601 -0.00456009 0.59244 250.581 0 1
-50.4862 45.9468 87.2081 -0.802168 -0.00569099 0.597071 250.745 0 1
-49.8742 45.9244 88.0432 -0.797845 -0.00651068 0.602827 250.958 0 1
-49.0744 45.8892 89.0918 -0.792638 -0.00704548 0.609652 251.119 0 1
-48.4653 45.8961 89.8969 -0.786679 -0.00734752 0.617318 251.323 0 1
-47.7 45.9107 90.9049 -0.780218 -0.00745149 0.625464 251.587 0 1
-46.7144 45.9106 92.1491 -0.773579 -0.00736169 0.633658 251.832 0 1
-45.7796 45.9389 93.2524 -0.767104 -0.00707145 0.641484 252.027 0 1
-45.0219 45.9769 94.1281 -0.7611 -0.0065982 0.648601 252.231 0 1
-44.2262 45.9448 95.0354 -0.755816 -0.00601558 0.654756 252.427 0 1
-43.4513 45.9252 95.8916 -0.751467 -0.00546988 0.659748 252.7 0 1
-42.3915 45.6691 97.0582 -0.748271 -0.00517013 0.663373 252.875 0 1
-42.1015 44.7501 97.3719 -0.746474 -0.00534298 0.665393 253.168 0 1
-42.0725 43.0485 97.3942 -0.746315 -0.00615717 0.665564 253.342 0 1
-42.0968 42.0315 97.3676 -0.747955 -0.00764427 0.663706 253.516 0 1
-42.1209 41.0165 97.3432 -0.751412 -0.00965314 0.659763 253.691 0 1
-42.1361 39.999 97.3174 -0.756531 -0.0118656 0.65385 253.867 0 1
-42.1792 38.984 97.2585 -0.763011 -0.0138755 0.646236 254.211 0 1
-42.2664 37.0025 97.1339 -0.770461 -0.0153043 0.637304 254.416 0 1
-42.2687 35.8207 97.0804 -0.778469 -0.0159088 0.627482 254.611 0 1
-42.2144 34.6309 97.1 -0.78666 -0.0156415 0.617188 254.898 0 1
-42.2495 32.8907 96.9797 -0.794735 -0.0146496 0.60678 255.081 0 1
-42.1988 31.7553 97.0054 -0.802481 -0.0132222 0.596532 255.375 0 1
-42.2314 29.9336 96.9114 -0.809772 -0.0117066 0.586627 255.626 0 1
-42.2722 28.3551 96.8346 -0.81656 -0.0104186 0.577167 255.814 0 1
-42.2007 27.1737 96.9168 -0.822855 -0.00957035 0.56817 255.983 0 1
-42.1267 26.1034 97.0224 -0.828717 -0.00923303 0.559592 256.185 0 1
-42.1886 24.8245 96.9247 -0.834238 -0.0093402 0.551325 256.445 0 1
-42.2988 23.1996 96.7383 -0.839529 -0.00972604 0.543228 256.656 0 1
-42.2818 21.8599 96.7495 -0.844692 -0.0101825 0.535128 256.656 0 1
-42.7376 32.7029 96.3155 -0.805126 -0.0243096 0.592585 256.672 1 1
-42.7766 32.7769 96.2653 -0.796803 -0.0228799 0.603806 257.003 0 1
-42.6919 34.8488 96.5082 -0.788616 -0.0211412 0.614522 257.287 0 1
-42.7894 36.5711 96.4612 -0.780794 -0.0191046 0.624497 257.452 0 1
-42.7906 37.5801 96.5261 -0.773573 -0.0169089 0.633482 257.634 0 1
-42.7725 38.6539 96.5676 -0.767203 -0.0147552 0.641234 257.805 0 1
-42.6931 39.652 96.6789 -0.761948 -0.0128335 0.647511 258.079 0 1
-42.6604 41.2503 96.7453 -0.758079 -0.0112729 0.652065 258.318 0 1
-42.6147 42.6233 96.7932 -0.755852 -0.010126 0.654664 258.669 0 1
-42.7284 44.6773 96.6764 -0.755451 -0.00938209 0.655138 258.855 0 1
-43.4024 45.0904 95.9328 -0.756903 -0.00899626 0.653465 259.075 0 1
-44.2634 45.1575 94.9782 -0.760034 -0.00891406 0.649822 259.278 0 1
-45.0557 45.1733 94.0793 -0.764482 -0.00907166 0.644581 259.446 0 1
-45.7125 45.108 93.3269 -0.769774 -0.0093737 0.638248 259.754 0 1
-46.8847 45.091 91.9295 -0.775433 -0.00967718 0.631355 259.924 0 1
-47.5165 45.1107 91.134 -0.781064 -0.0098099 0.624374 260.114 0 1
-48.2013 45.0977 90.2309 -0.786387 -0.00962028 0.617659 260.297 0 1
-48.8813 45.014 89.3314 -0.791244 -0.00902716 0.611435 260.469 0 1
-49.5258 45.0585 88.4777 -0.795562 -0.00803946 0.605819 260.641 0 1
-50.1738 45.1303 87.6091 -0.799329 -0.00673992 0.600856 260.82 0 1
-50.8435 45.1268 86.7 -0.80256 -0.00525015 0.596548 261.086 0 1
-51.8443 45.0725 85.3289 -0.805286 -0.00369921 0.592875 261.279 0 1
-52.5628 45.112 84.3369 -0.807541 -0.00220592 0.589807 261.497 0 1
-53.3728 45.1084 83.2117 -0.80936 -0.000870541 0.587312 261.665 0 1
-53.9906 45.2415 82.3496 -0.810781 0.000232715 0.58535 261.836 0 1
-54.6186 45.3473 81.4688 -0.81184 0.00106429 0.583879 262.04 0 1
-55.3734 45.3215 80.4102 -0.812574 0.00162352 0.582856 262.21 0 1
-55.9912 45.1591 79.5418 -0.81301 0.00194319 0.582246 262.398 0 1
-56.3106 44.091 79.1023 -0.813161 0.0020755 0.582035 262.55 0 1
-56.0664 43.2166 79.4492 -0.813024 0.0020753 0.582226 262.758 0 1
-55.3432 42.7812 80.4636 -0.812589 0.00198731 0.582833 262.918 0 1
-54.7478 42.7609 81.2972 -0.811847 0.00183883 0.583867 263.149 0 1
-53.8952 42.7688 82.4916 -0.810782 0.00163164 0.585346 263.342 0 1
-53.1811 42.7951 83.4862 -0.809349 0.0013292 0.587327 263.5 0 1
-52.5976 42.8681 84.2965 -0.807451 0.000847943 0.589934 263.763 0 1
-51.6142 42.9204 85.6466 -0.804955 6.94796e-05 0.593336 263.938 0 1
-50.9559 42.9342 86.538 -0.801743 -0.00111784 0.597668 264.185 0 1
-50.0174 42.992 87.7997 -0.797782 -0.0027612 0.602939 264.37 0 1
-49.3203 42.9283 88.7359 -0.793176 -0.00480441 0.608974 264.571 0 1
-48.5717 42.9742 89.7394 -0.788167 -0.00710462 0.615421 264.774 0 1
-47.8164 42.9883 90.7382 -0.783118 -0.00950326 0.6218 264.952 0 1
-47.1326 42.9114 91.5803 -0.778456 -0.0118965 0.627586 265.235 0 1
-46.0809 42.433 92.8204 -0.774582 -0.0142447 0.632313 265.431 0 1
-45.385 41.9191 93.6158 -0.771755 -0.0165182 0.635705 265.618 0 1
-44.7817 41.2633 94.2962 -0.769994 -0.0186408 0.637779 265.798 0 1
-44.2579 40.5374 94.8866 -0.769069 -0.0204863 0.638837 266.065 0 1
-43.6275 39.2655 95.5911 -0.768611 -0.0219319 0.63934 266.274 0 1
-42.9644 38.5453 96.3404 -0.76826 -0.0229136 0.639728 266.574 0 1
-42.9499 36.7689 96.2729 -0.767785 -0.0234406 0.640278 266.742 0 1
-42.9748 35.7336 96.19 -0.767102 -0.0235607 0.641092 266.753 0 1
-42.9685 35.67 96.1952 -0.766203 -0.0233146 0.642175 267.525 0 1
-43.5205 40.3305 95.7406 -0.765083 -0.0227146 0.643531 267.772 0 1
-44.1606 41.418 95.0236 -0.763707 -0.0217572 0.645196 267.972 0 1
-44.7834 42.1484 94.3274 -0.762043 -0.0204594 0.647203 268.162 0 1
-45.3826 42.8219 93.6524 -0.760118 -0.0188957 0.64951 268.407 0 1
-46.269 43.3787 92.6248 -0.758049 -0.0172157 0.65197 268.565 0 1
-45.8978 44.1181 93.0924 -0.756031 -0.0156275 0.654349 268.746 0 1
-45.2209 44.404 93.8811 -0.754276 -0.0143426 0.6564 268.991 0 1
-44.257 44.3572 94.9738 -0.752947 -0.0134993 0.657942 269.209 0 1
-43.4118 44.0863 95.9119 -0.752108 -0.0131024 0.65891 269.446 0 1
-43.1651 42.7405 96.182 -0.751752 -0.0130246 0.659318 269.623 0 1
-43.1578 41.6996 96.1906 -0.751887 -0.0130717 0.659163 269.775 0 1
-43.299 40.8465 96.0068 -0.752608 -0.0130682 0.658339 270.029 0 1
-43.7158 42.2123 95.5668 -0.754072 -0.0129138 0.656665 270.203 0 1
-44.3612 42.4679 94.8287 -0.756381 -0.0125905 0.65401 270.381 0 1
-44.8938 43.1396 94.2348 -0.75949 -0.012133 0.650406 270.569 0 1
-44.2017 43.5033 95.0219 -0.763213 -0.0115858 0.646044 270.725 0 1
-43.7903 42.8109 95.4835 -0.76731 -0.0109753 0.641182 271.496 0 1
-46.6031 44.2595 92.2529 -0.771585 -0.0103043 0.636043 271.674 0 1
-47.2769 44.2383 91.4314 -0.775907 -0.00956176 0.630774 271.851 0 1
-47.9181 44.3834 90.5929 -0.780196 -0.00873212 0.625474 272.033 0 1
-47.34 43.7805 91.3484 -0.784385 -0.00780327 0.620225 272.129 0 1
-46.9729 43.7006 91.7897 -0.788399 -0.00677872 0.615126 272.612 0 1
-48.7388 43.981 89.5094 -0.792146 -0.00569341 0.610305 272.802 0 1
-49.4374 43.7249 88.5849 -0.795517 -0.00462126 0.605914 272.963 0 1
-50.0309 43.8864 87.7875 -0.798404 -0.00366207 0.602111 273.134 0 1
-50.6556 44.1441 86.946 -0.800711 -0.00290913 0.599043 273.42 0 1
-51.7085 43.7464 85.5177 -0.802377 -0.002414 0.596813 273.588 0 1
-52.3191 43.9752 84.6756 -0.803381 -0.00216873 0.595462 273.687 0 1
-52.6198 44.333 84.2585 -0.803747 -0.0021139 0.594967 273.907 0 1
-51.8021 44.1834 85.389 -0.803541 -0.00216537 0.595245 274.102 0 1
-51.1284 43.6988 86.3016 -0.802855 -0.00224501 0.596171 274.259 0 1
-50.7124 44.4165 86.8713 -0.801792 -0.00230216 0.597598 274.456 0 1
-49.9711 44.2988 87.8717 -0.800465 -0.00232006 0.599375 274.62 0 1
-49.3597 44.1286 88.6892 -0.798983 -0.00230865 0.601349 274.744 0 1
-48.9157 43.8739 89.2753 -0.797459 -0.0022894 0.603369 274.744 0 1
-52.9248 43.6182 83.8398 -0.811707 0.00180797 0.584062 274.904 1 1
-53.5153 43.5259 83.0194 -0.81213 0.00198651 0.583473 275.082 0 1
-54.1733 43.6087 82.1 -0.812471 0.00214744 0.582998 275.275 0 1
-54.8835 43.5942 81.1053 -0.812701 0.00228064 0.582677 275.44 0 1
-55.4801 43.8144 80.2687 -0.812809 0.00237795 0.582526 275.583 0 1
-55.2208 44.6152 80.6279 -0.8128 0.00243527 0.582537 275.819 0 1
-54.3501 44.5723 81.8488 -0.812693 0.00245426 0.582688 275.98 0 1
-53.7703 44.3588 82.6599 -0.812511 0.00244252 0.582941 276.067 0 1
-53.4629 44.187 83.0892 -0.812286 0.00241207 0.583254 276.144 0 1
-53.1789 44.1488 83.4851 -0.81205 0.00237687 0.583583 276.144 0 1
