68.2669 -18.0454 68.076 0.81291 -0.0152429 0.582191 0 1 0
68.9322 -17.4094 67.1629 0.812938 -0.0154048 0.582146 0.345605 0 0
68.873 -18.3742 67.2203 0.812971 -0.0155863 0.582096 0.460193 0 0
68.4349 -18.3877 67.8326 0.813009 -0.0157785 0.582037 0.59467 0 0
68.029 -18.9413 68.3852 0.813054 -0.0159604 0.581969 0.81568 0 0
67.8568 -17.5314 68.6617 0.813104 -0.0161083 0.581895 0.975621 0 0
68.1903 -16.645 68.2218 0.813149 -0.0162064 0.581829 1.16298 0 0
68.8874 -16.3575 67.2571 0.813174 -0.0162536 0.581794 1.34022 0 0
69.4205 -17.0537 66.4931 0.813158 -0.0162646 0.581815 1.50358 0 0
69.5461 -18.1009 66.2863 0.813092 -0.0162648 0.581908 1.65671 0 0
69.2796 -19.0121 66.6339 0.812982 -0.0162797 0.582061 1.87697 0 0
68.457 -19.384 67.775 0.812858 -0.016325 0.582233 1.9338 0 0
68.2496 -19.2818 68.0682 0.812762 -0.0163995 0.582365 2.06988 0 0
67.9338 -20.0014 68.4911 0.812735 -0.0164856 0.5824 2.24014 0 0
67.4738 -19.2295 69.1489 0.812802 -0.0165582 0.582305 2.42447 0 0
67.3043 -18.0685 69.4155 0.81296 -0.0165973 0.582083 2.62408 0 0
67.516 -16.8101 69.1582 0.813181 -0.0165978 0.581774 2.87161 0 0
68.197 -15.6723 68.2409 0.813425 -0.0165687 0.581434 3.03952 0 0
68.8313 -15.503 67.361 0.813649 -0.0165238 0.581121 3.19665 0 0
69.4088 -15.7618 66.5475 0.813824 -0.0164714 0.580877 3.3604 0 0
69.829 -16.5361 65.9307 0.813929 -0.0164093 0.580732 3.52373 0 0
70.054 -17.5318 65.5854 0.813948 -0.0163301 0.580708 3.72727 0 0
69.9145 -18.8673 65.7471 0.813869 -0.0162317 0.580821 3.96883 0 0
69.2533 -20.0206 66.6428 0.813685 -0.0161247 0.581083 4.12365 0 0
68.6794 -20.3054 67.4384 0.813401 -0.0160279 0.581482 4.15897 0 0
68.5442 -20.322 67.6274 0.813047 -0.0159552 0.581979 4.28983 0 0
68.4098 -21.1575 67.7916 0.81267 -0.0159059 0.582507 4.44966 0 0
67.8232 -20.89 68.624 0.812333 -0.0158667 0.582978 4.60998 0 0
67.3286 -20.2899 69.3225 0.812098 -0.0158233 0.583306 4.86093 0 0
66.8701 -18.8671 69.994 0.81201 -0.0157682 0.583431 5.03693 0 0
66.8112 -17.7268 70.107 0.812079 -0.0157046 0.583336 5.32586 0 0
67.2508 -15.9804 69.5536 0.812283 -0.0156457 0.583053 5.48743 0 0
67.6875 -15.2328 68.9662 0.812573 -0.015613 0.58265 5.6496 0 0
68.2394 -14.752 68.208 0.812894 -0.0156289 0.582201 5.91412 0 0
69.246 -14.7655 66.8021 0.813203 -0.0157078 0.581769 6.0774 0 0
69.811 -15.1981 65.9964 0.813472 -0.0158506 0.581388 6.33639 0 0
70.3961 -16.5436 65.1288 0.813692 -0.0160445 0.581074 6.49356 0 0
70.544 -17.5517 64.8987 0.813859 -0.0162638 0.580834 6.65012 0 0
70.4636 -18.5877 64.9896 0.813965 -0.0164728 0.58068 6.81992 0 0
70.2099 -19.6363 65.3092 0.814 -0.0166315 0.580627 6.99392 0 0
69.7336 -20.4729 65.9542 0.813956 -0.0167071 0.580686 7.1888 0 0
69.0512 -21.0312 66.8968 0.813838 -0.0166874 0.580853 7.21852 0 0
68.9414 -21.0872 67.0492 0.81366 -0.0165869 0.581104 7.34365 0 0
69.0663 -21.8782 66.8502 0.813446 -0.0164404 0.581408 7.57884 0 0
68.1689 -21.9496 68.1111 0.813213 -0.0162851 0.581738 7.8102 0 0
67.3511 -21.4205 69.2648 0.812977 -0.0161393 0.582073 8.00367 0 0
66.8159 -20.5744 70.0254 0.812749 -0.0159951 0.582395 8.18808 0 0
66.4849 -19.5301 70.5138 0.812545 -0.0158287 0.582683 8.35552 0 0
66.3221 -18.4876 70.7682 0.812386 -0.0156231 0.58291 8.52854 0 0
66.3647 -17.367 70.7388 0.812301 -0.0153847 0.583036 8.6849 0 0
66.3866 -16.3516 70.7367 0.81232 -0.0151434 0.583015 8.84946 0 0
66.8425 -15.6008 70.129 0.812471 -0.0149352 0.582811 9.02335 0 0
67.2735 -14.7341 69.5541 0.812755 -0.0147811 0.582418 9.20207 0 0
67.8447 -14.0914 68.7724 0.813147 -0.0146829 0.581874 9.35275 0 0
68.4054 -13.849 67.997 0.813592 -0.0146362 0.581252 9.55102 0 0
69.1643 -13.8471 66.9407 0.814028 -0.0146467 0.580641 9.70949 0 0
69.7365 -14.1611 66.1282 0.814399 -0.0147301 0.580118 9.8766 0 0
70.2597 -14.7755 65.3749 0.814673 -0.0148992 0.579729 10.0606 0 0
70.6801 -15.7268 64.7509 0.814842 -0.0151503 0.579485 10.2438 0 0
70.96 -16.832 64.3253 0.814917 -0.0154612 0.579372 10.4652 0 0
70.976 -18.3166 64.2791 0.814918 -0.0157997 0.579361 10.6152 0 0
70.8964 -19.3056 64.3605 0.814869 -0.0161356 0.579421 10.7778 0 0
70.5826 -20.2567 64.7671 0.814788 -0.0164504 0.579526 10.9552 0 0
70.0705 -21.0639 65.4633 0.814688 -0.0167402 0.579657 11.1823 0 0
69.2995 -21.8008 66.525 0.81458 -0.0170127 0.579802 11.192 0 0
69.2644 -21.8227 66.5738 0.814468 -0.0172807 0.57995 11.192 0 0
