70.0132 8.50328 70.4339 0.821704 -0.00845447 0.569851 0 1 0
70.2315 9.43963 70.1338 0.821607 -0.00840444 0.569992 0.336467 0 0
70.8974 9.18989 69.175 0.821538 -0.00834083 0.570093 0.479522 0 0
70.8093 8.2624 69.2858 0.821509 -0.00825859 0.570136 0.659531 0 0
70.1422 8.05619 70.2416 0.821523 -0.00815233 0.570117 0.764421 0 0
69.8277 7.63991 70.6893 0.821569 -0.00801729 0.570053 0.980352 0 0
69.527 8.94112 71.1412 0.82162 -0.00785466 0.569982 1.25552 0 0
70.216 10.2712 70.1685 0.821642 -0.00767485 0.569952 1.42159 0 0
70.8333 10.1844 69.282 0.821605 -0.00749229 0.570007 1.58716 0 0
71.2517 9.3949 68.6675 0.821495 -0.00731491 0.570168 1.76836 0 0
71.3408 8.21675 68.521 0.821321 -0.00713861 0.570421 1.94358 0 0
70.8962 7.35395 69.1508 0.821118 -0.00695209 0.570716 2.22742 0 0
69.8384 7.60277 70.6733 0.820937 -0.00674673 0.570979 2.3396 0 0
69.5126 7.13803 71.1366 0.820826 -0.00652172 0.57114 2.52868 0 0
69.1362 8.17039 71.6923 0.820811 -0.00628169 0.571166 2.68515 0 0
69.1058 9.18132 71.751 0.820879 -0.00603192 0.571071 2.86724 0 0
69.3776 10.2583 71.3691 0.820993 -0.00577772 0.570909 3.11808 0 0
70.1965 11.0493 70.2043 0.821105 -0.00552867 0.57075 3.27064 0 0
70.7654 11.0255 69.3867 0.821174 -0.00530296 0.570654 3.4804 0 0
71.4201 10.2835 68.4316 0.821172 -0.00512637 0.570658 3.65555 0 0
71.7613 9.30542 67.9203 0.821092 -0.00502348 0.570774 3.85221 0 0
71.7561 7.99869 67.9185 0.820939 -0.00500435 0.570995 4.08891 0 0
71.1817 6.78531 68.7361 0.82073 -0.00505568 0.571293 4.29123 0 0
70.435 6.50664 69.8096 0.820496 -0.00514314 0.571629 4.44225 0 0
69.8884 6.75285 70.5949 0.820274 -0.00522423 0.571946 4.56121 0 0
69.6055 6.15115 70.994 0.820112 -0.00526377 0.572179 4.83789 0 0
68.8633 7.39238 72.0704 0.82005 -0.00524386 0.572268 4.99541 0 0
68.6751 8.35449 72.3539 0.820105 -0.00516471 0.572189 5.15692 0 0
68.6754 9.39562 72.3668 0.820262 -0.0050384 0.571966 5.43425 0 0
69.1613 10.9724 71.6828 0.820472 -0.00488122 0.571665 5.65653 0 0
69.8829 11.6828 70.6571 0.820679 -0.00470976 0.571369 5.85348 0 0
70.6162 11.8041 69.6085 0.820835 -0.00454115 0.571147 6.0165 0 0
71.204 11.5325 68.7596 0.820912 -0.00439368 0.571038 6.18172 0 0
71.6904 10.8826 68.0426 0.820907 -0.00428369 0.571046 6.43546 0 0
72.1797 9.44688 67.3217 0.820834 -0.00422037 0.571151 6.6089 0 0
72.2445 8.30044 67.2208 0.820723 -0.00420325 0.571311 6.78041 0 0
72.0136 7.2328 67.5453 0.820605 -0.00422441 0.571481 6.97242 0 0
71.5259 6.28182 68.2378 0.820512 -0.00427196 0.571614 7.24701 0 0
70.5269 5.78137 69.6725 0.820468 -0.00433143 0.571676 7.4052 0 0
69.9444 5.96883 70.5075 0.820487 -0.00438594 0.571648 7.51686 0 0
69.7846 5.29324 70.7294 0.820571 -0.00441874 0.571527 7.73103 0 0
70.5605 4.95386 69.6183 0.820712 -0.00441824 0.571324 7.89029 0 0
71.143 5.17024 68.7819 0.8209 -0.00438144 0.571055 8.04406 0 0
71.6836 5.53625 68.0066 0.821117 -0.00431291 0.570743 8.25525 0 0
72.2342 6.55753 67.2249 0.821339 -0.0042206 0.570425 8.41906 0 0
72.6002 7.43855 66.7046 0.821525 -0.00411209 0.570158 8.5889 0 0
72.7226 8.5479 66.5359 0.82163 -0.00399381 0.570007 8.84023 0 0
72.501 10.171 66.8634 0.821618 -0.00387455 0.570026 9.00568 0 0
72.2226 11.1548 67.2709 0.821474 -0.00377088 0.570234 9.16316 0 0
71.7637 11.814 67.9435 0.821213 -0.00370876 0.57061 9.31579 0 0
71.2614 12.2894 68.6797 0.820869 -0.003717 0.571105 9.53547 0 0
70.4562 12.5767 69.8436 0.820491 -0.00381483 0.571646 9.6989 0 0
69.8445 12.5938 70.7192 0.820131 -0.00400184 0.572162 9.87705 0 0
69.2451 12.0785 71.5674 0.819831 -0.00425679 0.57259 10.0986 0 0
68.6572 11.0657 72.4054 0.819616 -0.00454559 0.572895 10.299 0 0
68.2796 9.95166 72.9357 0.819495 -0.00483312 0.573066 10.4658 0 0
68.2362 8.88211 72.9855 0.819461 -0.00509332 0.573113 10.6435 0 0
68.289 7.74496 72.8957 0.819497 -0.00531447 0.573059 10.8196 0 0
68.6192 6.77312 72.4137 0.819583 -0.00549917 0.572934 11.0321 0 0
69.0801 5.67002 71.7419 0.819698 -0.00566042 0.572768 11.1319 0 0
69.4301 5.46088 71.238 0.81982 -0.00581563 0.572592 11.1319 0 0
