50.3553 2.67657 17.9805 0.49842 -0.00682857 0.866909 0 1 0
50.9924 3.4369 17.6207 0.49792 -0.00572159 0.867204 0.442333 0 0
51.9137 3.12816 17.101 0.497297 -0.00473457 0.867568 0.673025 0 0
51.153 2.41 17.5244 0.496529 -0.00393638 0.868011 0.837647 0 0
50.4599 2.24813 17.9171 0.495706 -0.00339114 0.868484 0.999997 0 0
49.8727 1.83256 18.2562 0.495035 -0.00313756 0.868867 1.22586 0 0
50.7492 1.39955 17.753 0.494778 -0.00316141 0.869014 1.45232 0 0
51.6219 1.88259 17.2579 0.495139 -0.0033811 0.868807 1.66599 0 0
52.3871 2.4869 16.8374 0.496162 -0.00365961 0.868222 1.95766 0 0
52.9952 3.77049 16.4976 0.497669 -0.00384445 0.867358 2.20282 0 0
52.027 4.33771 17.0381 0.499296 -0.00382351 0.866423 2.55927 0 0
50.5558 3.96549 17.8774 0.500591 -0.00356765 0.865676 2.76826 0 0
49.8815 3.31291 18.2582 0.501158 -0.00313121 0.86535 2.9365 0 0
49.6983 2.52129 18.364 0.500776 -0.00261365 0.865573 3.10881 0 0
49.0899 2.07854 18.7287 0.499476 -0.00211906 0.866325 3.35667 0 0
49.547 1.03149 18.4484 0.497536 -0.00174349 0.867441 3.59281 0 0
50.4277 0.523357 17.9383 0.495417 -0.00158026 0.868654 3.91998 0 0
51.7066 1.14286 17.2099 0.493647 -0.00171026 0.869661 4.12339 0 0
52.475 1.64793 16.7848 0.4927 -0.00216603 0.870196 4.39322 0 0
53.3457 2.56316 16.3085 0.492899 -0.00289503 0.870081 4.6242 0 0
53.7509 3.65839 16.0844 0.494341 -0.00375501 0.86926 4.81204 0 0
53.4825 4.5828 16.2279 0.496862 -0.00454961 0.867818 5.0084 0 0
52.6869 5.01856 16.6666 0.500056 -0.00508519 0.865978 5.35148 0 0
51.1844 4.94789 17.5298 0.503357 -0.00522416 0.864063 5.70631 0 0
49.7945 4.29395 18.3218 0.506169 -0.00491884 0.86242 5.92993 0 0
49.1407 3.51663 18.7075 0.507999 -0.00422079 0.861347 6.08145 0 0
48.977 2.8214 18.8015 0.508536 -0.00326322 0.861034 6.27104 0 0
48.3176 2.36676 19.205 0.50767 -0.00221628 0.861549 6.53703 0 0
48.7672 1.24568 18.921 0.505484 -0.00122828 0.862835 6.86066 0 0
49.4041 -0.0717245 18.5395 0.502242 -0.000385121 0.864727 7.03535 0 0
50.0341 -0.478381 18.1724 0.498372 0.000284504 0.866963 7.26795 0 0
50.9288 -0.0509565 17.6561 0.494415 0.000764164 0.869225 7.47719 0 0
51.7322 0.395897 17.1992 0.490944 0.00100273 0.871191 7.69598 0 0
52.5807 0.878548 16.7213 0.488457 0.0009059 0.872588 7.90817 0 0
53.3629 1.46872 16.293 0.487311 0.000379841 0.873229 8.24023 0 0
54.3266 2.77475 15.7878 0.487686 -0.00059784 0.873019 8.54442 0 0
54.456 4.33541 15.6961 0.489591 -0.00192834 0.87195 8.8174 0 0
53.6741 5.44844 16.1181 0.492875 -0.00339915 0.870094 9.06226 0 0
52.6191 5.8074 16.7127 0.497233 -0.00474941 0.867604 9.31692 0 0
51.4963 5.72585 17.3581 0.502215 -0.00576259 0.864724 9.57661 0 0
50.4173 5.44154 17.9836 0.50726 -0.00634034 0.86177 9.79016 0 0
49.6053 5.01474 18.4504 0.511782 -0.0065163 0.859091 10.0421 0 0
48.7519 4.32066 18.951 0.515283 -0.00640385 0.856996 10.2696 0 0
48.2472 3.42448 19.2548 0.517435 -0.00611388 0.855701 10.3276 0 0
48.2533 3.15327 19.2496 0.518102 -0.00569219 0.8553 10.5166 0 0
47.5472 3.44394 19.6989 0.517294 -0.00510633 0.855792 10.7664 0 0
47.9719 4.47756 19.4334 0.515109 -0.00428317 0.857114 11.0574 0 0
48.8614 5.34917 18.9029 0.511695 -0.00317554 0.859161 11.2871 0 0
49.6766 5.87315 18.4253 0.507263 -0.0018218 0.861789 11.6192 0 0
50.9577 6.38019 17.6644 0.502127 -0.000360847 0.864794 11.9265 0 0
52.2711 6.54768 16.9186 0.496719 0.00101323 0.867911 12.1856 0 0
53.3899 6.45651 16.2768 0.491565 0.00213262 0.870838 12.4092 0 0
54.315 6.02108 15.7611 0.487197 0.00292028 0.873287 12.6221 0 0
54.9471 5.17564 15.4206 0.484048 0.00339738 0.875035 12.8877 0 0
55.1943 3.8081 15.3175 0.48239 0.00363988 0.875949 13.0988 0 0
55.0346 2.74052 15.4093 0.482334 0.0037252 0.875979 13.339 0 0
54.4717 1.6695 15.7135 0.483877 0.00370268 0.875128 13.6963 0 0
53.2359 0.470044 16.356 0.486931 0.00359252 0.873433 13.914 0 0
52.3729 -0.0251488 16.8418 0.49131 0.00339821 0.870978 14.1432 0 0
51.4683 -0.513256 17.3538 0.496709 0.00311931 0.867911 14.3704 0 0
50.6053 -1.02893 17.8492 0.502705 0.00276151 0.864454 14.7182 0 0
49.4431 -2.04458 18.5254 0.508805 0.00234305 0.860879 14.9156 0 0
49.1015 -1.19648 18.7232 0.514508 0.00189451 0.857483 15.139 0 0
48.7441 -0.21824 18.9352 0.519358 0.00145344 0.854556 15.3619 0 0
48.3223 0.715355 19.2022 0.52299 0.00106129 0.852338 15.5954 0 0
47.9041 1.66839 19.4693 0.52517 0.000765458 0.850997 15.8304 0 0
47.5589 2.66495 19.6878 0.525817 0.000618785 0.850598 16.0075 0 0
46.8694 2.68785 20.126 0.524986 0.000669417 0.851111 16.2439 0 0
46.8837 3.76881 20.1185 0.522828 0.000947901 0.852437 16.5918 0 0
47.5934 5.11367 19.6635 0.519526 0.00146383 0.854453 16.8117 0 0
48.2659 5.78041 19.2571 0.515243 0.00220926 0.857041 17.1838 0 0
49.5843 6.63063 18.4813 0.510133 0.00315279 0.86009 17.4335 0 0
50.5401 7.03272 17.9101 0.504377 0.00422018 0.863473 17.6892 0 0
51.603 7.2551 17.2959 0.498227 0.00528142 0.867031 18.0284 0 0
53.0576 7.30857 16.4626 0.492013 0.00616799 0.870566 18.2377 0 0
53.9638 7.11064 15.9434 0.48613 0.0067221 0.873861 18.4652 0 0
54.8901 6.55463 15.4385 0.480997 0.00685105 0.876695 18.7054 0 0
55.5523 5.52924 15.0972 0.47702 0.00655191 0.878868 18.9607 0 0
55.8996 4.24048 14.9473 0.474521 0.0058929 0.880224 19.2031 0 0
55.867 2.99314 14.9741 0.473672 0.0049713 0.880687 19.4332 0 0
55.4923 1.88627 15.1758 0.474441 0.00387964 0.880279 19.6595 0 0
54.8385 0.98791 15.5185 0.476603 0.00269277 0.879115 19.924 0 0
53.9243 0.0942595 15.9935 0.479812 0.00147012 0.87737 20.1233 0 0
53.1401 -0.401584 16.4101 0.483731 0.000267957 0.875217 20.3846 0 0
52.0848 -0.942758 17.0059 0.488129 -0.000844337 0.872771 20.6117 0 0
51.2044 -1.44662 17.5086 0.492906 -0.00177876 0.870081 20.9606 0 0
50.0525 -2.53132 18.1627 0.498017 -0.00244654 0.867164 21.1676 0 0
49.5608 -3.35656 18.445 0.503378 -0.00279287 0.864062 21.3797 0 0
49.1826 -4.27899 18.6561 0.508814 -0.00282503 0.860872 21.4065 0 0
49.147 -4.15604 18.6773 0.514085 -0.00261197 0.857736 21.7476 0 0
48.7851 -2.56429 18.9127 0.518947 -0.00225374 0.854804 21.9755 0 0
48.5173 -1.52632 19.0819 0.523199 -0.00184335 0.852209 22.2672 0 0
48.0729 -0.266465 19.3644 0.526679 -0.00144561 0.850063 22.5929 0 0
47.4732 1.04326 19.7448 0.529238 -0.00109503 0.848473 22.8036 0 0
47.0996 1.89076 19.9812 0.530734 -0.000796892 0.847538 22.9775 0 0
46.6046 1.35932 20.2949 0.531056 -0.000523986 0.847337 23.2123 0 0
46.2516 2.33501 20.5184 0.530163 -0.000219603 0.847896 23.443 0 0
46.1398 3.37392 20.595 0.528108 0.000181005 0.849177 23.7165 0 0
46.4075 4.56725 20.4209 0.525022 0.000716219 0.851088 24.1336 0 0
47.4585 5.99535 19.7473 0.521065 0.00137524 0.853516 24.3659 0 0
48.2114 6.62455 19.2961 0.516377 0.00210834 0.856359 24.6193 0 0
49.1062 7.17868 18.7636 0.511051 0.00286137 0.859545 24.8716 0 0
50.0335 7.64789 18.2094 0.505166 0.00360007 0.863015 25.1911 0 0
51.3163 7.98466 17.4536 0.49884 0.00430291 0.866684 25.4239 0 0
52.313 8.06055 16.8845 0.492287 0.00493687 0.870419 25.7546 0 0
53.7394 7.97528 16.0668 0.48583 0.00544633 0.874036 25.9472 0 0
54.573 7.6717 15.6078 0.47986 0.00576806 0.877326 26.1878 0 0
55.5283 7.01191 15.0953 0.474781 0.00585922 0.880085 26.4182 0 0
56.1489 6.00682 14.7835 0.470956 0.00571519 0.882138 26.6159 0 0
56.4447 5.00775 14.6508 0.468652 0.00536561 0.883367 26.9561 0 0
56.6825 3.23781 14.5495 0.46798 0.00485813 0.883726 27.1489 0 0
56.4318 2.25788 14.6841 0.468862 0.00424695 0.883261 27.4811 0 0
55.613 0.793122 15.1172 0.471042 0.00359101 0.882103 27.6953 0 0
54.9282 -0.00353733 15.4712 0.474155 0.00295123 0.880436 27.9988 0 0
53.7825 -0.862706 16.0714 0.477796 0.00238 0.878468 28.2815 0 0
52.6431 -1.42472 16.691 0.481581 0.00190873 0.876399 28.5052 0 0
51.7507 -1.89416 17.1971 0.485162 0.0015417 0.874423 28.7157 0 0
50.9962 -2.46907 17.6288 0.48822 0.00125769 0.87272 29.0434 0 0
50.1096 -3.69171 18.1216 0.490494 0.0010177 0.871444 29.269 0 0
49.6901 -4.67697 18.3645 0.491841 0.000776916 0.870685 29.4758 0 0
49.4963 -5.64755 18.4805 0.49231 0.000495234 0.87042 29.7166 0 0
49.8098 -6.74198 18.2992 0.492171 0.000140392 0.870499 29.9404 0 0
50.288 -7.66307 18.0222 0.491861 -0.00031104 0.870674 30.2881 0 0
51.1922 -8.96406 17.5004 0.491879 -0.000865093 0.870663 30.5259 0 0
51.7865 -9.90655 17.1701 0.492653 -0.00150021 0.870225 30.7329 0 0
52.1769 -10.8211 16.956 0.494435 -0.00217402 0.869212 30.9552 0 0
52.2287 -11.9004 16.9217 0.497216 -0.00284863 0.867622 31.2411 0 0
51.7635 -13.1956 17.174 0.500703 -0.00351211 0.865612 31.5396 0 0
50.9313 -14.321 17.6387 0.504361 -0.00417865 0.863483 31.8675 0 0
49.9318 -15.4343 18.2263 0.507555 -0.0048739 0.861605 32.0861 0 0
49.3978 -16.2977 18.5377 0.509714 -0.00562159 0.860325 32.3341 0 0
49.0478 -17.435 18.739 0.510472 -0.00644025 0.85987 32.6426 0 0
48.9715 -18.9222 18.7927 0.509735 -0.00735061 0.8603 32.8686 0 0
49.217 -19.9408 18.6192 0.50768 -0.00838697 0.861505 33.1785 0 0
49.9009 -21.195 18.1908 0.504706 -0.00959843 0.863238 33.5126 0 0
50.8676 -22.3693 17.6148 0.501357 -0.011029 0.86517 33.7572 0 0
51.6146 -23.2121 17.1789 0.498238 -0.0126817 0.866948 33.966 0 0
52.2422 -23.9563 16.8169 0.495912 -0.0144831 0.868252 34.1763 0 0
52.8267 -24.7453 16.4768 0.494808 -0.0162696 0.86885 34.4001 0 0
53.4007 -25.6392 16.1497 0.495167 -0.0178042 0.868615 34.7598 0 0
53.8992 -27.3224 15.8421 0.497053 -0.0188312 0.867516 34.9646 0 0
53.8448 -28.3538 15.8497 0.500406 -0.0191527 0.865579 35.1623 0 0
53.4101 -29.2408 16.0585 0.505106 -0.0186953 0.862855 35.3694 0 0
52.7126 -29.9653 16.4512 0.510996 -0.0175259 0.859405 35.5745 0 0
51.8945 -30.3925 16.9278 0.51785 -0.0158032 0.855325 35.8313 0 0
50.787 -30.4967 17.5847 0.525343 -0.0136981 0.85078 36.098 0 0
49.6753 -30.2308 18.2838 0.533049 -0.011338 0.846009 36.3384 0 0
48.7635 -29.7617 18.8625 0.540486 -0.00880735 0.841307 36.5981 0 0
47.852 -29.0936 19.4321 0.547177 -0.00618218 0.836994 36.8145 0 0
47.1251 -28.4926 19.9368 0.55269 -0.00355461 0.833379 37.0534 0 0
46.3909 -27.786 20.4523 0.556662 -0.00102631 0.830739 37.2843 0 0
45.7973 -26.9662 20.8759 0.558837 0.00131019 0.829277 37.6306 0 0
45.1383 -25.5631 21.3317 0.559126 0.00337646 0.829076 37.8572 0 0
44.8608 -24.5782 21.5114 0.557673 0.00509913 0.830045 38.2159 0 0
44.7607 -22.9476 21.5606 0.554893 0.00640823 0.831897 38.4424 0 0
45.081 -21.9857 21.3315 0.551435 0.00725846 0.834186 38.6718 0 0
45.5181 -21.0559 21.0308 0.548046 0.00766271 0.836413 38.9776 0 0
46.0754 -19.7935 20.6682 0.545385 0.00770526 0.83815 39.224 0 0
46.3729 -18.7333 20.4551 0.543852 0.00751212 0.839147 39.5713 0 0
46.4392 -17.1465 20.3892 0.543524 0.00719506 0.839363 39.8633 0 0
46.2718 -15.8144 20.482 0.544196 0.00681037 0.83893 40.1068 0 0
45.8802 -14.786 20.7213 0.545488 0.00635447 0.838094 40.3453 0 0
45.4197 -13.8251 21.0145 0.54695 0.00578287 0.837146 40.6551 0 0
44.7804 -12.6142 21.4609 0.548148 0.0050287 0.836366 40.928 0 0
44.218 -11.5846 21.8187 0.548742 0.00401959 0.835982 41.1769 0 0
43.8363 -10.5558 22.0522 0.548538 0.00271037 0.836121 41.5841 0 0
44.0025 -8.72711 21.9486 0.547532 0.00113195 0.836784 41.8148 0 0
44.5381 -7.92922 21.586 0.545891 -0.000578106 0.837856 42.0565 0 0
45.2605 -7.25953 21.1064 0.543888 -0.00220018 0.839155 42.3429 0 0
46.1419 -6.4846 20.5291 0.541806 -0.00350843 0.840496 42.7397 0 0
47.2629 -5.2311 19.8158 0.539858 -0.00435585 0.841745 43.0601 0 0
47.8747 -3.91561 19.446 0.538141 -0.00472911 0.842841 43.3189 0 0
48.0988 -2.72004 19.3317 0.536647 -0.00475507 0.843793 43.5453 0 0
47.9109 -1.69265 19.4726 0.535302 -0.00465536 0.844648 43.8809 0 0
47.4103 -0.296379 19.7896 0.534046 -0.00465901 0.845442 44.1048 0 0
46.9804 0.575413 20.0565 0.532902 -0.00490702 0.846163 44.236 0 0
46.7303 1.0884 20.2157 0.532003 -0.00539655 0.846725 44.4109 0 0
46.0819 0.899167 20.6239 0.531566 -0.0059924 0.846996 44.6521 0 0
46.5588 -0.0324001 20.3219 0.531804 -0.00649512 0.846842 44.9172 0 0
47.0486 -1.07525 20.0192 0.532857 -0.00672508 0.846178 45.1551 0 0
47.3326 -2.07698 19.8216 0.534745 -0.00657895 0.844988 45.4058 0 0
47.3473 -3.22229 19.7895 0.537371 -0.00603748 0.843324 45.6472 0 0
47.0268 -4.27387 19.9709 0.540549 -0.00513887 0.841297 46.0205 0 0
46.0964 -5.60988 20.5623 0.544035 -0.00394982 0.839053 46.2605 0 0
45.3518 -6.25919 21.0462 0.547569 -0.00255328 0.836757 46.5277 0 0
44.5341 -6.9888 21.5867 0.550898 -0.00104626 0.834572 46.7687 0 0
43.8096 -7.64547 22.0736 0.553767 0.000473187 0.832672 47.0146 0 0
43.3044 -8.56215 22.4179 0.555916 0.00194024 0.831236 47.3383 0 0
43.1277 -9.98109 22.5396 0.55712 0.00335682 0.830425 47.5797 0 0
43.2734 -11.0376 22.4407 0.557295 0.00478315 0.830301 47.9695 0 0
44.0046 -12.5655 21.9821 0.556594 0.00627715 0.830761 48.2481 0 0
44.5388 -13.6227 21.6183 0.555418 0.00782654 0.831535 48.6365 0 0
45.3154 -15.0915 21.0987 0.554302 0.00933175 0.832264 48.8553 0 0
45.66 -16.0045 20.8798 0.553735 0.0106496 0.832625 49.0764 0 0
45.7976 -16.9922 20.7827 0.554014 0.0116517 0.832426 49.4395 0 0
45.7148 -18.665 20.8571 0.55519 0.0122479 0.831634 49.704 0 0
45.3782 -19.824 21.1148 0.5571 0.0123742 0.830353 49.9616 0 0
44.8851 -20.839 21.4415 0.559441 0.0119845 0.828783 50.1929 0 0
44.4521 -21.7879 21.7663 0.561833 0.0110688 0.827176 50.4799 0 0
44.0944 -23.0208 22.0211 0.563855 0.00967009 0.825817 50.7035 0 0
44.1223 -24.0278 22.0151 0.565083 0.00786357 0.824997 50.926 0 0
44.291 -25.0107 21.9153 0.565141 0.00570719 0.824975 51.2747 0 0
44.7826 -26.4603 21.5915 0.563761 0.0032152 0.825932 51.5177 0 0
45.262 -27.3756 21.2478 0.560826 0.000384315 0.827934 51.7459 0 0
45.8108 -28.1779 20.8543 0.556368 -0.00275355 0.830931 52.0754 0 0
46.8042 -29.1485 20.155 0.550546 -0.00609903 0.834783 52.3905 0 0
47.8372 -29.9747 19.4423 0.543611 -0.0094886 0.839284 52.6643 0 0
48.8264 -30.6588 18.8153 0.53589 -0.0127165 0.844192 52.9249 0 0
49.8203 -31.1199 18.1739 0.527769 -0.0155613 0.849245 53.2158 0 0
51.0445 -31.2561 17.4085 0.519668 -0.017818 0.854183 53.5169 0 0
52.3338 -31.0379 16.6423 0.512 -0.0193356 0.858768 53.7754 0 0
53.3313 -30.3966 16.0692 0.50514 -0.0200461 0.862804 53.9995 0 0
54.0757 -29.5694 15.6751 0.499395 -0.0199746 0.866144 54.191 0 0
54.482 -28.6673 15.4841 0.494999 -0.0192311 0.868681 54.4287 0 0
54.6061 -27.4457 15.4509 0.492113 -0.0179912 0.870345 54.681 0 0
54.3818 -26.1895 15.604 0.490817 -0.0164661 0.871107 54.8882 0 0
53.9762 -25.2563 15.8421 0.491064 -0.0148656 0.870997 55.1494 0 0
53.278 -24.2291 16.236 0.492635 -0.0133608 0.870134 55.3765 0 0
52.6269 -23.384 16.608 0.495116 -0.012061 0.868743 55.5869 0 0
51.9867 -22.6399 16.9709 0.497939 -0.011008 0.867142 55.8145 0 0
51.2734 -21.8548 17.3854 0.500484 -0.0101861 0.865686 56.1515 0 0
50.2821 -20.6355 17.9709 0.502209 -0.00954057 0.864693 56.4512 0 0
49.7204 -19.332 18.3129 0.502767 -0.00899801 0.864375 56.7252 0 0
49.6178 -18.0026 18.3886 0.50206 -0.00848377 0.864791 57.1046 0 0
50.1372 -16.2785 18.0902 0.500245 -0.00793642 0.865847 57.3207 0 0
50.7436 -15.46 17.7479 0.49768 -0.00731848 0.86733 57.5734 0 0
51.5417 -14.6617 17.2892 0.494835 -0.00662008 0.868962 57.804 0 0
52.2254 -13.8311 16.9139 0.492173 -0.00585058 0.870478 58.0113 0 0
52.7103 -12.9643 16.6515 0.490037 -0.0050213 0.871687 58.3443 0 0
52.9899 -11.3364 16.5096 0.488575 -0.00413273 0.872512 58.5639 0 0
52.7697 -10.2793 16.636 0.487727 -0.00318094 0.872991 58.8513 0 0
52.1267 -9.07506 16.9855 0.487274 -0.00218028 0.873247 59.1364 0 0
51.3404 -7.99894 17.4176 0.4869 -0.00117892 0.873457 59.4369 0 0
50.5603 -6.84578 17.8667 0.486264 -0.00024693 0.873812 59.6925 0 0
50.2035 -5.68296 18.0784 0.485056 0.000556808 0.874483 59.9352 0 0
50.395 -4.54603 17.9644 0.483047 0.00121236 0.875594 60.1757 0 0
50.9497 -3.57982 17.6518 0.480123 0.00174265 0.8772 60.5308 0 0
52.0995 -2.47625 17.0031 0.476324 0.00220069 0.879267 60.8031 0 0
53.1747 -1.94519 16.396 0.47187 0.00265568 0.881664 61.0111 0 0
54.0329 -1.55717 15.9363 0.467137 0.00317827 0.884179 61.3506 0 0
55.3055 -0.649703 15.2771 0.462601 0.00381587 0.886558 61.5647 0 0
56.0142 0.0992952 14.911 0.458753 0.00456521 0.888552 61.7719 0 0
56.6137 0.929974 14.5969 0.456025 0.0053656 0.889951 61.989 0 0
57.083 1.93813 14.3621 0.45474 0.00612667 0.890603 62.1825 0 0
57.3587 2.89705 14.2139 0.455078 0.00677862 0.890426 62.3714 0 0
57.4084 3.89594 14.1869 0.457067 0.00731439 0.889402 62.5751 0 0
57.182 4.93881 14.2788 0.460593 0.00779201 0.887577 62.8777 0 0
56.7616 6.47632 14.4645 0.465418 0.00828891 0.885052 63.1142 0 0
56.1084 7.50944 14.7844 0.471219 0.00883935 0.881972 63.408 0 0
54.9257 8.37455 15.4142 0.477637 0.00940331 0.878507 63.6133 0 0
54.0337 8.75899 15.8899 0.484353 0.00988387 0.874817 63.9434 0 0
52.5186 8.83052 16.7601 0.49114 0.010167 0.871021 64.2168 0 0
51.3284 8.75234 17.4362 0.497871 0.0101533 0.867192 64.4476 0 0
50.3541 8.56606 17.9957 0.504449 0.00977668 0.863386 64.6847 0 0
49.4253 8.17505 18.5654 0.510746 0.00901804 0.859684 64.8991 0 0
48.6407 7.75494 19.0369 0.516578 0.00791137 0.856204 65.1964 0 0
47.61 7.06348 19.6563 0.521754 0.00653591 0.853071 65.4778 0 0
46.7458 6.24537 20.1878 0.526154 0.0049984 0.850375 65.7326 0 0
46.0443 5.40131 20.6483 0.529776 0.00341993 0.84813 66.1057 0 0
45.4853 3.83314 21.0167 0.532717 0.001932 0.846291 66.3382 0 0
45.4932 2.78926 21.0058 0.53508 0.000670099 0.844801 66.587 0 0
45.7219 1.69943 20.853 0.536871 -0.000245407 0.843664 66.6055 0 0
45.7524 1.62417 20.8338 0.53797 -0.000733708 0.842964 66.7885 0 0
45.1419 1.21961 21.219 0.538189 -0.000766899 0.842824 67.0762 0 0
44.8759 2.47797 21.4024 0.537369 -0.000369063 0.843347 67.4475 0 0
44.8671 4.15205 21.4212 0.535448 0.000388281 0.844568 67.7067 0 0
45.1915 5.25276 21.2064 0.53247 0.0013894 0.846448 68.089 0 0
46.1104 6.57942 20.5927 0.528568 0.00248531 0.848887 68.3775 0 0
46.9757 7.44371 20.0365 0.523919 0.00351994 0.851761 68.6022 0 0
47.7317 8.02045 19.578 0.518682 0.00436476 0.854956 68.8798 0 0
48.7079 8.6369 18.9905 0.512958 0.00494883 0.8584 69.1485 0 0
49.6995 9.10363 18.3799 0.506782 0.00527615 0.862058 69.397 0 0
50.6861 9.42703 17.7889 0.500177 0.00542762 0.865906 69.6905 0 0
51.9448 9.55453 17.0795 0.493211 0.00554221 0.869892 69.9501 0 0
53.0651 9.6103 16.4404 0.486011 0.00576964 0.873934 70.1669 0 0
54.024 9.58144 15.8886 0.478745 0.00620085 0.877932 70.4488 0 0
55.2506 9.02437 15.238 0.471602 0.00681257 0.881785 70.6716 0 0
56.1465 8.42703 14.7665 0.464813 0.00746902 0.885377 70.9065 0 0
57.015 7.61945 14.3264 0.458682 0.00798483 0.888565 71.104 0 0
57.4971 6.70426 14.0918 0.453571 0.00820844 0.891183 71.3978 0 0
57.8425 5.17575 13.9436 0.44983 0.00807995 0.893077 71.6159 0 0
58.1272 4.04342 13.8241 0.44773 0.00764465 0.894136 71.8682 0 0
58.0187 2.69162 13.9012 0.447397 0.00702517 0.894308 72.071 0 0
57.7404 1.65423 14.0545 0.448788 0.00636422 0.893615 72.334 0 0
57.1717 0.421817 14.3179 0.451683 0.00576038 0.89216 72.546 0 0
56.526 -0.455484 14.647 0.455715 0.00522934 0.890111 72.7629 0 0
55.7807 -1.21837 15.0369 0.460419 0.00471388 0.887689 73.0815 0 0
54.5544 -2.08976 15.6608 0.465284 0.00413368 0.885152 73.286 0 0
53.7012 -2.47788 16.1094 0.469797 0.00343624 0.882768 73.5074 0 0
52.7891 -2.85724 16.6224 0.473514 0.00261462 0.880782 73.717 0 0
52.0042 -3.35521 17.0671 0.476143 0.00169238 0.879366 73.9516 0 0
51.3249 -4.18003 17.4447 0.477604 0.000702369 0.878575 74.2102 0 0
50.8511 -5.30339 17.7134 0.478049 -0.000322289 0.878333 74.5643 0 0
51.3658 -6.89425 17.4043 0.477812 -0.00135075 0.878461 74.8142 0 0
52.0982 -7.78951 17.0017 0.477336 -0.0023596 0.878718 75.0994 0 0
52.8676 -8.88393 16.5826 0.477086 -0.00333421 0.87885 75.3079 0 0
53.3645 -9.75281 16.3215 0.477464 -0.00425869 0.878641 75.6484 0 0
53.7396 -11.3801 16.1102 0.478704 -0.00510427 0.877961 75.8696 0 0
53.5605 -12.4624 16.1931 0.4808 -0.00583245 0.876811 76.1041 0 0
53.1924 -13.5715 16.3858 0.483484 -0.00641339 0.87533 76.3131 0 0
52.6643 -14.425 16.6676 0.486308 -0.0068446 0.87376 76.6402 0 0
51.649 -15.5716 17.2199 0.48877 -0.00715744 0.872383 76.893 0 0
50.8306 -16.4062 17.6808 0.490452 -0.0074135 0.871437 77.194 0 0
50.3267 -17.7818 17.9608 0.491109 -0.00769958 0.871064 77.4036 0 0
50.239 -18.7984 18.0112 0.490707 -0.0081221 0.871287 77.7641 0 0
50.876 -20.374 17.6218 0.489404 -0.00879249 0.872013 78.0011 0 0
51.5747 -21.2252 17.2177 0.487501 -0.00979849 0.873067 78.2199 0 0
52.2744 -21.9604 16.8165 0.485369 -0.0111669 0.874238 78.4299 0 0
52.9283 -22.6985 16.449 0.483377 -0.0128347 0.875318 78.6412 0 0
53.5611 -23.464 16.0944 0.481846 -0.01465 0.876133 78.9157 0 0
54.3316 -24.5146 15.6598 0.481039 -0.0164161 0.876546 79.1648 0 0
54.8984 -25.5759 15.3353 0.481172 -0.0179599 0.876442 79.4268 0 0
55.2261 -26.8439 15.1268 0.482439 -0.0191802 0.87572 79.6696 0 0
55.2751 -28.093 15.0674 0.485013 -0.0200412 0.874277 79.915 0 0
55.0108 -29.3312 15.1711 0.489012 -0.0205233 0.872036 80.1182 0 0
54.4991 -30.2351 15.4195 0.494441 -0.0205853 0.868968 80.3209 0 0
53.8082 -30.9836 15.7877 0.50116 -0.0201704 0.865119 80.5424 0 0
52.93 -31.5749 16.2776 0.508908 -0.0192442 0.860606 80.7508 0 0
52.0437 -31.9025 16.7865 0.517347 -0.0178273 0.85559 80.9636 0 0
51.1151 -32.0127 17.3433 0.526108 -0.0159966 0.850267 81.2786 0 0
49.7616 -31.8906 18.1835 0.53482 -0.0138539 0.844852 81.4903 0 0
48.9105 -31.5744 18.7581 0.543133 -0.0114877 0.839568 81.7532 0 0
47.9427 -31.0089 19.3769 0.550757 -0.00895777 0.834618 81.9924 0 0
47.1312 -30.3533 19.923 0.557493 -0.00631464 0.830158 82.2238 0 0
46.3782 -29.7047 20.446 0.563231 -0.0036291 0.826292 82.4475 0 0
45.6659 -29.0883 20.9499 0.567907 -0.00100464 0.823092 82.7334 0 0
44.9176 -28.0981 21.481 0.571477 0.00142893 0.820617 83.0107 0 0
44.3067 -27.0734 21.9386 0.573935 0.00352584 0.818893 83.3443 0 0
43.807 -25.7383 22.2634 0.575349 0.00514114 0.817892 83.6053 0 0
43.5567 -24.6105 22.419 0.575869 0.00616782 0.817518 83.8584 0 0
43.431 -23.4824 22.4935 0.575693 0.00658364 0.81764 84.0903 0 0
43.4955 -22.4469 22.438 0.575007 0.00647192 0.818123 84.3301 0 0
43.8552 -21.4626 22.1786 0.573963 0.00599653 0.818859 84.6943 0 0
44.5398 -20.0723 21.663 0.572684 0.00534638 0.819759 84.9366 0 0
44.9456 -19.0664 21.3653 0.571307 0.00468115 0.820723 85.2041 0 0
45.1818 -17.8747 21.1907 0.569986 0.00410023 0.821644 85.5042 0 0
45.1097 -16.5033 21.2577 0.568863 0.0036389 0.822425 85.7452 0 0
44.8098 -15.5025 21.4492 0.568003 0.00328206 0.82302 86.0298 0 0
44.2237 -14.4509 21.8368 0.567354 0.00298368 0.823469 86.271 0 0
43.7555 -13.534 22.1537 0.566758 0.00268569 0.82388 86.5623 0 0
43.1435 -12.4778 22.5577 0.565996 0.0023321 0.824405 86.8753 0 0
42.6501 -11.2208 22.8771 0.564844 0.00187287 0.825195 87.2468 0 0
42.4882 -9.57833 22.9846 0.563111 0.00125904 0.82638 87.508 0 0
42.6329 -8.44504 22.8835 0.560675 0.00044696 0.828036 87.7391 0 0
42.9851 -7.53426 22.6322 0.557533 -0.000574862 0.830155 87.9789 0 0
43.5822 -6.75359 22.2263 0.553836 -0.00175212 0.832624 88.2861 0 0
44.5307 -5.99966 21.5918 0.549882 -0.00296105 0.835237 88.5558 0 0
45.3635 -5.31063 21.0427 0.546057 -0.00405227 0.837738 88.78 0 0
46.0358 -4.68196 20.6045 0.542743 -0.00491603 0.839885 89.1143 0 0
46.655 -3.34048 20.2155 0.54024 -0.0055214 0.841493 89.442 0 0
46.6642 -1.84193 20.2343 0.538722 -0.00590496 0.842463 89.7568 0 0
46.0897 -0.580798 20.6168 0.538228 -0.00612746 0.842777 90.0251 0 0
45.5636 0.449129 20.9498 0.538687 -0.00623346 0.842483 90.1283 0 0
45.3384 0.829939 21.0935 0.539961 -0.0062331 0.841667 90.3141 0 0
45.012 0.0849454 21.2979 0.541892 -0.00610386 0.840426 90.5386 0 0
45.3202 -0.862236 21.1052 0.544348 -0.00580165 0.838839 90.7678 0 0
45.9045 -1.60176 20.7074 0.547246 -0.00527285 0.836955 91.075 0 0
45.9918 -3.01636 20.6355 0.55055 -0.00446626 0.83479 91.3349 0 0
45.544 -4.08281 20.9311 0.554231 -0.00334868 0.832356 91.6814 0 0
44.4763 -4.99693 21.634 0.558195 -0.00192506 0.829707 91.9639 0 0
43.5635 -5.63018 22.2425 0.562222 -0.000256501 0.826986 92.2608 0 0
42.7931 -6.54842 22.7621 0.56599 0.00153343 0.824411 92.5372 0 0
42.247 -7.56587 23.1464 0.569175 0.00327334 0.82221 92.9139 0 0
41.8738 -9.1317 23.4121 0.571584 0.00478451 0.82053 93.2372 0 0
41.7658 -10.5298 23.5031 0.573229 0.00593362 0.819374 93.5689 0 0
42.0531 -11.9278 23.3075 0.574312 0.00667036 0.818609 93.8536 0 0
42.6192 -12.9794 22.915 0.575147 0.00703483 0.81802 94.2232 0 0
43.4352 -14.3056 22.3704 0.576036 0.00714108 0.817393 94.4554 0 0
43.7977 -15.2468 22.1386 0.577183 0.00714673 0.816584 94.8264 0 0
44.428 -16.7066 21.7312 0.578629 0.00720718 0.815559 95.1818 0 0
44.4841 -18.2533 21.6825 0.580267 0.00741592 0.814393 95.4073 0 0
44.1782 -19.1868 21.9039 0.581903 0.00775697 0.813221 95.748 0 0
43.3267 -20.3028 22.5373 0.583347 0.00810543 0.812183 96.0878 0 0
42.9532 -21.766 22.8255 0.584474 0.00828113 0.81137 96.3664 0 0
42.7184 -22.989 23.0057 0.585212 0.00812167 0.810839 96.6614 0 0
42.8846 -24.2947 22.9058 0.58548 0.00753525 0.810652 96.9975 0 0
42.9299 -25.7815 22.9025 0.585137 0.00651352 0.810908 97.238 0 0
43.4843 -26.6055 22.509 0.583993 0.00510758 0.811743 97.4685 0 0
43.6707 -27.6057 22.3962 0.58185 0.003387 0.813289 97.6965 0 0
44.2856 -28.2459 21.9392 0.578536 0.00140946 0.815656 98.043 0 0
45.0755 -29.4555 21.3714 0.573925 -0.000779964 0.818907 98.3991 0 0
46.1168 -30.5128 20.6286 0.567956 -0.0031248 0.823053 98.6472 0 0
46.841 -31.2868 20.1086 0.560663 -0.00553671 0.828026 98.98 0 0
47.9914 -32.1753 19.3511 0.552193 -0.00790366 0.833679 99.2514 0 0
49.0428 -32.4772 18.6546 0.542786 -0.0101244 0.83981 99.4994 0 0
49.9919 -32.8723 18.0124 0.53275 -0.0121432 0.846185 99.7028 0 0
50.8773 -32.9029 17.4622 0.522457 -0.0139593 0.852551 99.9556 0 0
51.9812 -32.7856 16.8023 0.512332 -0.0156019 0.858646 100.18 0 0
52.9473 -32.5078 16.2513 0.502831 -0.017083 0.864216 100.388 0 0
53.7328 -31.948 15.8193 0.494374 -0.0183569 0.869055 100.646 0 0
54.6861 -31.1822 15.2997 0.487286 -0.0193138 0.873029 100.877 0 0
55.4194 -30.2844 14.9203 0.481752 -0.0198152 0.876083 101.066 0 0
55.8263 -29.3903 14.7298 0.477826 -0.0197534 0.878232 101.267 0 0
55.9632 -28.3568 14.6843 0.475458 -0.0191032 0.879531 101.593 0 0
55.922 -26.6602 14.7627 0.474532 -0.0179394 0.880055 101.816 0 0
55.7299 -25.5346 14.8945 0.474872 -0.0164196 0.879902 102.015 0 0
55.339 -24.6257 15.1244 0.476217 -0.0147414 0.879204 102.256 0 0
54.7118 -23.6626 15.4669 0.47821 -0.0130929 0.878148 102.57 0 0
53.7873 -22.4905 15.9802 0.480405 -0.0116137 0.87697 102.821 0 0
52.9867 -21.6129 16.4265 0.482345 -0.0103806 0.87592 103.039 0 0
52.2512 -20.9267 16.8371 0.483645 -0.00941724 0.875213 103.246 0 0
51.616 -20.194 17.204 0.484072 -0.00870872 0.874985 103.582 0 0
50.9262 -18.7323 17.6089 0.483574 -0.00820895 0.875265 103.901 0 0
51.2636 -17.2243 17.4215 0.482272 -0.00783978 0.875986 104.173 0 0
52.1488 -16.3387 16.9342 0.480413 -0.00749688 0.87701 104.456 0 0
53.0364 -15.3669 16.4607 0.478335 -0.00707618 0.878149 104.751 0 0
53.8599 -14.245 16.0197 0.476419 -0.00651545 0.879194 104.975 0 0
54.2681 -13.2073 15.8097 0.475021 -0.00581667 0.879955 105.3 0 0
54.4548 -11.5505 15.7308 0.474376 -0.00501831 0.880308 105.504 0 0
54.394 -10.5279 15.7722 0.474502 -0.00413804 0.880245 105.785 0 0
54.0643 -9.17545 15.9543 0.475169 -0.00314697 0.879889 106.024 0 0
53.3407 -8.30161 16.3351 0.475956 -0.00200651 0.879467 106.238 0 0
52.7479 -7.4732 16.6424 0.476383 -0.000732946 0.879238 106.504 0 0
52.0372 -6.41477 17.026 0.476047 0.0005705 0.87942 106.792 0 0
51.5019 -5.1031 17.3449 0.474694 0.00174477 0.880149 107.044 0 0
52.2147 -4.18275 16.9554 0.472206 0.00265577 0.881484 107.329 0 0
53.2091 -3.43366 16.396 0.468579 0.00327861 0.883416 107.534 0 0
54.061 -3.18086 15.9192 0.463935 0.00372802 0.885862 107.749 0 0
54.9669 -2.77577 15.4526 0.458557 0.00420198 0.888655 107.949 0 0
55.7896 -2.32619 15.0387 0.452892 0.00486406 0.891552 108.152 0 0
56.4457 -1.61246 14.6935 0.447492 0.00574014 0.89427 108.452 0 0
57.4181 -0.507568 14.1966 0.442911 0.0066982 0.89654 108.675 0 0
58.116 0.398645 13.8729 0.439618 0.00751886 0.898153 108.9 0 0
58.4753 1.52691 13.7173 0.437933 0.00800305 0.898972 109.133 0 0
58.7904 2.68094 13.54 0.438024 0.00805217 0.898927 109.416 0 0
59.008 4.17949 13.405 0.439911 0.00769199 0.898009 109.742 0 0
58.413 5.8419 13.6507 0.443472 0.00705011 0.89626 109.98 0 0
58.129 7.08904 13.7743 0.448461 0.00630991 0.89378 110.242 0 0
57.581 8.36566 14.0461 0.454549 0.00565658 0.890704 110.54 0 0
56.4475 9.21129 14.6089 0.461391 0.00522185 0.887181 110.763 0 0
55.565 9.88641 15.067 0.468687 0.00503844 0.88335 110.953 0 0
54.7076 10.1793 15.521 0.476216 0.00502925 0.879314 111.227 0 0
53.4567 10.3522 16.2165 0.483854 0.00504997 0.875134 111.452 0 0
52.4497 10.4404 16.7925 0.491552 0.00496581 0.870834 111.665 0 0
51.5197 10.4011 17.3103 0.499273 0.00470941 0.866432 111.967 0 0
50.2236 10.3256 18.0431 0.506921 0.00428166 0.861982 112.168 0 0
49.5037 9.7822 18.4904 0.514295 0.0037082 0.857605 112.541 0 0
48.0862 9.13256 19.3599 0.521112 0.00299932 0.853483 112.82 0 0
47.0467 8.62754 19.9974 0.527071 0.00214805 0.849819 113.038 0 0
46.2955 8.09789 20.4635 0.531935 0.00115968 0.846784 113.251 0 0
45.8094 7.28392 20.7876 0.535593 7.85788e-05 0.844476 113.548 0 0
44.9852 6.32926 21.3376 0.538065 -0.00101496 0.842903 113.867 0 0
44.3963 5.06946 21.7324 0.539481 -0.00203641 0.841996 114.107 0 0
44.1946 4.0147 21.8574 0.540042 -0.00293365 0.841633 114.344 0 0
44.178 2.94356 21.857 0.53999 -0.0037054 0.841663 114.623 0 0
44.3146 1.6953 21.7548 0.539583 -0.00439384 0.841921 114.857 0 0
44.4552 0.648028 21.6542 0.539084 -0.00506058 0.842229 114.857 0 0
48.2474 -4.65845 19.2007 0.514348 0.00406083 0.857462 115.068 1 0
48.7487 -5.50095 18.9127 0.511494 0.0034623 0.85928 115.304 0 0
49.0599 -6.56683 18.7365 0.50885 0.00276328 0.860851 115.604 0 0
49.6432 -7.82181 18.3952 0.506768 0.00191798 0.862081 115.844 0 0
50.2237 -8.74582 18.064 0.50559 0.000911325 0.862774 116.124 0 0
50.9104 -9.81922 17.6687 0.50559 -0.000223308 0.862774 116.407 0 0
51.4596 -11.0295 17.3507 0.506882 -0.001398 0.862014 116.759 0 0
51.2463 -12.7308 17.4661 0.509374 -0.00247755 0.860542 116.997 0 0
50.6203 -13.6474 17.8235 0.512772 -0.00330258 0.858519 117.262 0 0
49.825 -14.5708 18.2961 0.516607 -0.00373626 0.856214 117.513 0 0
49.1257 -15.4722 18.7178 0.520296 -0.0037265 0.853978 117.743 0 0
48.5956 -16.3807 19.0306 0.523235 -0.00334795 0.852182 118.067 0 0
48.3504 -17.908 19.1831 0.524917 -0.00279272 0.851149 118.343 0 0
48.2849 -19.1961 19.225 0.525047 -0.00231597 0.85107 118.575 0 0
48.6424 -20.2066 18.9803 0.523601 -0.00216652 0.851961 118.809 0 0
49.1351 -21.18 18.6553 0.52084 -0.00252422 0.853651 119.016 0 0
49.6848 -21.968 18.3183 0.517268 -0.00345299 0.855816 119.417 0 0
50.8697 -23.3535 17.6035 0.513538 -0.00487891 0.858053 119.627 0 0
51.5028 -24.0912 17.2318 0.510332 -0.006604 0.859952 119.841 0 0
52.1054 -24.8781 16.8778 0.508256 -0.00835753 0.861165 120.102 0 0
52.7628 -25.9164 16.498 0.507772 -0.00986943 0.861435 120.346 0 0
53.1478 -27.0332 16.2672 0.509154 -0.0109347 0.860606 120.605 0 0
53.0894 -28.3308 16.2731 0.512457 -0.0114407 0.858637 120.848 0 0
52.4036 -29.2663 16.6497 0.517482 -0.0113545 0.855619 121.178 0 0
51.0122 -29.7311 17.4658 0.523768 -0.0106954 0.851794 121.394 0 0
50.0886 -29.5977 18.0349 0.530654 -0.00952121 0.847535 121.755 0 0
48.713 -28.8627 18.8939 0.537409 -0.00794014 0.843284 121.992 0 0
47.8913 -28.2305 19.4081 0.543392 -0.00612354 0.839457 122.216 0 0
47.1622 -27.5715 19.9198 0.548163 -0.0042866 0.836361 122.471 0 0
46.4508 -26.7216 20.4161 0.551515 -0.00262955 0.834161 122.689 0 0
45.9695 -25.8771 20.7601 0.553429 -0.00127393 0.832896 122.952 0 0
45.5736 -24.7287 21.0181 0.55399 -0.000237326 0.832524 123.243 0 0
45.4005 -23.3819 21.1268 0.55335 0.000539806 0.832948 123.478 0 0
45.652 -22.3405 20.9468 0.551742 0.00114315 0.834014 123.754 0 0
46.1644 -21.202 20.6052 0.549509 0.00164813 0.835486 124.014 0 0
46.6595 -20.1179 20.2821 0.547107 0.00210951 0.83706 124.268 0 0
46.9698 -18.9909 20.0806 0.545017 0.00255902 0.838421 124.563 0 0
47.1731 -17.6607 19.9403 0.543621 0.00299748 0.839325 124.786 0 0
47.0369 -16.6546 20.0166 0.543087 0.00339056 0.83967 125.059 0 0
46.8055 -15.4257 20.1495 0.543321 0.00368323 0.839517 125.379 0 0
46.2585 -14.0884 20.4852 0.544007 0.00383069 0.839072 125.605 0 0
45.8073 -13.1875 20.7581 0.544695 0.003827 0.838626 125.822 0 0
45.3529 -12.3372 21.0708 0.544928 0.00371335 0.838474 126.232 0 0
44.584 -10.7082 21.5563 0.54435 0.00356312 0.83885 126.453 0 0
44.4699 -9.70523 21.632 0.542766 0.0034536 0.839877 126.695 0 0
44.8363 -8.70715 21.3906 0.540162 0.00343538 0.841554 126.956 0 0
45.5656 -7.91305 20.9075 0.53669 0.00350785 0.843772 127.344 0 0
46.7542 -6.85543 20.1314 0.532625 0.00361121 0.846344 127.599 0 0
47.4993 -6.06943 19.6714 0.528311 0.00364398 0.849043 127.743 0 0
47.8684 -5.55447 19.4399 0.52411 0.0035023 0.851643 127.95 0 0
48.2892 -6.40529 19.1845 0.520365 0.00312152 0.853938 128.223 0 0
48.7845 -7.57718 18.8991 0.517368 0.00250085 0.85576 128.495 0 0
49.403 -8.64772 18.5434 0.515321 0.00170569 0.856996 128.8 0 0
50.1387 -9.81813 18.1244 0.514305 0.000849329 0.857607 129.013 0 0
50.5668 -10.7054 17.8701 0.514266 5.61773e-05 0.857631 129.235 0 0
50.7609 -11.7425 17.7532 0.515042 -0.000581203 0.857165 129.451 0 0
50.4389 -12.7274 17.9352 0.516419 -0.00102428 0.856335 129.711 0 0
49.7289 -13.6875 18.3624 0.518206 -0.00127204 0.855255 129.98 0 0
48.9697 -14.6285 18.8173 0.520256 -0.00132505 0.854009 130.245 0 0
48.2416 -15.5631 19.2617 0.522442 -0.00116986 0.852674 130.39 0 0
47.6644 -15.6382 19.618 0.524607 -0.000797683 0.851344 130.767 0 0
46.9666 -14.0765 20.0462 0.526557 -0.000230787 0.85014 131.159 0 0
46.1541 -12.5237 20.5375 0.5281 0.000470842 0.849182 131.379 0 0
45.7082 -11.6504 20.8244 0.529126 0.00121976 0.848543 131.786 0 0
45.1702 -9.89187 21.1681 0.529646 0.00191347 0.848216 132.119 0 0
45.8747 -8.6245 20.7108 0.529778 0.00245047 0.848133 132.397 0 0
46.6924 -7.8177 20.1699 0.529666 0.00275732 0.848202 132.657 0 0
47.5033 -7.09137 19.6706 0.529414 0.00281565 0.848359 132.826 0 0
48.108 -6.74375 19.2986 0.529042 0.00266583 0.848591 133.087 0 0
48.0932 -7.97589 19.3132 0.528495 0.00238086 0.848933 133.477 0 0
46.6795 -8.73723 20.1904 0.527675 0.00203228 0.849444 133.834 0 0
45.9403 -10.1247 20.6734 0.526488 0.00167559 0.850181 134.159 0 0
46.3456 -11.534 20.4299 0.524909 0.00135963 0.851157 134.393 0 0
46.8067 -12.4502 20.1334 0.523018 0.00113819 0.852321 134.628 0 0
47.3125 -13.3703 19.8277 0.520986 0.00106196 0.853565 134.93 0 0
48.1594 -14.3707 19.3156 0.51901 0.00115425 0.854768 135.322 0 0
49.3305 -13.147 18.6015 0.517249 0.00139547 0.855834 135.647 0 0
50.0115 -11.8144 18.1931 0.515803 0.00173234 0.856705 135.912 0 0
49.7554 -10.5764 18.3481 0.514744 0.00210237 0.857341 136.191 0 0
49.15 -9.44941 18.6999 0.514148 0.00245696 0.857698 136.565 0 0
48.282 -7.99347 19.1977 0.51409 0.00277686 0.857732 136.812 0 0
47.8909 -9.05975 19.4466 0.514613 0.0030779 0.857417 137.156 0 0
48.859 -10.2026 18.873 0.515671 0.00340051 0.85678 137.367 0 0
49.2494 -11.1008 18.6427 0.517117 0.00378394 0.855906 137.686 0 0
48.9479 -12.5848 18.8296 0.518724 0.00424133 0.854931 137.923 0 0
48.1782 -13.2563 19.2986 0.520267 0.00475339 0.85399 138.187 0 0
47.4436 -12.3575 19.74 0.521602 0.00528378 0.853173 138.542 0 0
46.7591 -10.9125 20.1738 0.522711 0.00580335 0.85249 138.788 0 0
46.723 -9.80103 20.1781 0.52367 0.00630614 0.851898 139.057 0 0
47.4703 -8.95325 19.7047 0.524581 0.0068094 0.851334 139.285 0 0
47.5016 -10.0108 19.6952 0.525515 0.00734133 0.850753 139.519 0 0
48.316 -10.5228 19.1905 0.5265 0.00792603 0.850138 139.828 0 0
48.513 -11.9897 19.087 0.527534 0.00857329 0.849491 140.073 0 0
47.6262 -11.4845 19.6291 0.528601 0.00927588 0.84882 140.29 0 0
47.2926 -10.5515 19.8322 0.529686 0.0100135 0.848135 140.351 0 0
47.2961 -10.2735 19.8252 0.530768 0.0107599 0.847434 140.351 0 0
47.5526 -19.9051 19.6964 0.549748 -0.0083733 0.835289 140.566 1 0
47.11 -20.7882 19.9788 0.550594 -0.00683424 0.834745 140.864 0 0
46.4885 -22.0203 20.3891 0.550595 -0.00566285 0.834753 141.267 0 0
46.0938 -23.8792 20.6715 0.549417 -0.00496434 0.835534 141.632 0 0
46.5157 -25.4741 20.3755 0.546898 -0.00476714 0.837186 141.928 0 0
47.2233 -26.5941 19.8859 0.543067 -0.00503382 0.839675 142.175 0 0
47.9464 -27.3545 19.3799 0.538146 -0.00566226 0.842833 142.388 0 0
48.6703 -27.9638 18.9228 0.532551 -0.00648755 0.846373 142.594 0 0
49.4114 -28.471 18.4599 0.526862 -0.00729785 0.849919 142.862 0 0
50.4778 -28.879 17.8091 0.52175 -0.00787058 0.853062 143.174 0 0
51.7924 -28.7465 17.0195 0.517851 -0.00802675 0.855433 143.393 0 0
52.4137 -27.9192 16.6612 0.515632 -0.00768374 0.856776 143.624 0 0
52.3646 -26.7517 16.7138 0.515284 -0.00687431 0.856992 143.831 0 0
51.9458 -25.8529 16.9591 0.516683 -0.00571978 0.856158 144.185 0 0
51.0048 -24.5146 17.5195 0.51943 -0.00438467 0.854502 144.441 0 0
50.2559 -23.6083 17.9631 0.522948 -0.0030462 0.852359 144.677 0 0
49.5608 -22.7986 18.4083 0.526582 -0.0018791 0.850122 144.909 0 0
48.9261 -21.9838 18.7989 0.529699 -0.00103489 0.848185 145.13 0 0
48.3686 -21.1485 19.1511 0.531775 -0.000608925 0.846885 145.393 0 0
47.9143 -19.9851 19.4575 0.532501 -0.000611986 0.846429 145.724 0 0
47.6057 -21.5392 19.6495 0.531858 -0.000966884 0.846833 145.938 0 0
48.3157 -22.1491 19.1954 0.530134 -0.00153817 0.847913 146.162 0 0
48.908 -22.9702 18.8241 0.527858 -0.00218666 0.84933 146.413 0 0
49.6108 -23.7964 18.3612 0.525671 -0.00282238 0.850684 146.676 0 0
50.3629 -24.7103 17.8972 0.52418 -0.0034195 0.851601 147.103 0 0
51.4567 -26.3546 17.2326 0.523825 -0.00397799 0.851816 147.343 0 0
51.7344 -27.4975 17.0632 0.524789 -0.00446278 0.851221 147.538 0 0
51.1099 -28.1468 17.428 0.526973 -0.00477511 0.849869 147.742 0 0
50.2444 -28.0425 17.9522 0.530046 -0.00478719 0.847955 147.982 0 0
49.3171 -27.5728 18.5209 0.533548 -0.00442115 0.845758 148.335 0 0
48.1343 -26.5511 19.269 0.536998 -0.0037171 0.843575 148.545 0 0
47.5185 -25.8487 19.694 0.539964 -0.00283963 0.841684 148.82 0 0
46.952 -24.7369 20.0909 0.542086 -0.00201468 0.84032 149.073 0 0
46.7585 -23.577 20.225 0.543107 -0.00143647 0.839662 149.326 0 0
47.0085 -22.4357 20.0491 0.542917 -0.00119968 0.839786 149.466 0 0
47.3012 -21.8679 19.8514 0.541617 -0.00129199 0.840624 149.702 0 0
47.557 -22.9689 19.6972 0.539545 -0.00163911 0.841955 149.956 0 0
48.4945 -23.4082 19.0874 0.537217 -0.00215739 0.843441 150.345 0 0
49.5833 -24.6719 18.3647 0.535195 -0.00277591 0.844724 150.594 0 0
50.2304 -25.6314 17.9689 0.533926 -0.00343525 0.845524 150.856 0 0
50.7841 -26.7386 17.6351 0.533631 -0.00409587 0.845708 150.996 0 0
50.4125 -27.2712 17.8554 0.534276 -0.00476098 0.845297 151.206 0 0
49.5889 -26.9195 18.3525 0.535643 -0.00548288 0.844427 151.451 0 0
48.7868 -26.1672 18.8576 0.537431 -0.00633153 0.843284 151.677 0 0
48.0924 -25.4456 19.3217 0.539358 -0.00734676 0.842045 151.976 0 0
47.4959 -24.2098 19.7352 0.54122 -0.00851393 0.840838 152.165 0 0
47.47 -23.331 19.7576 0.542907 -0.00977908 0.839736 152.485 0 0
48.4409 -24.2789 19.116 0.544391 -0.0110844 0.838758 152.737 0 0
49.1247 -25.1199 18.6593 0.545702 -0.0123946 0.837887 152.87 0 0
48.6026 -24.9581 19.0016 0.546906 -0.0137 0.837082 152.916 0 0
48.475 -24.8071 19.0892 0.548062 -0.0150033 0.836264 152.916 0 0
