-52.6252 44.1868 95.9057 -0.795353 -0.0169693 0.605901 0 1 1
-52.4689 43.2259 96.0934 -0.794709 -0.016882 0.606756 0.370298 0 1
-52.1343 44.1597 96.5428 -0.79397 -0.0168006 0.607725 0.524577 0 1
-52.5653 44.6777 96.0006 -0.793168 -0.0167169 0.608773 0.660204 0 1
-53.0146 44.5134 95.4042 -0.792408 -0.016617 0.609765 0.955054 0 1
-52.5782 45.9814 96.0209 -0.791838 -0.016489 0.610509 1.1449 0 1
-51.9198 45.9393 96.8674 -0.79159 -0.0163292 0.610835 1.37372 0 1
-51.6037 44.7383 97.2421 -0.791728 -0.0161444 0.610661 1.61672 0 1
-51.5348 43.3699 97.2921 -0.792208 -0.0159607 0.610042 1.83124 0 1
-51.8575 42.2745 96.8583 -0.79288 -0.0158347 0.609172 2.0941 0 1
-52.7671 42.3989 95.6801 -0.793514 -0.0158516 0.608345 2.27722 0 1
-53.004 43.3664 95.3898 -0.793878 -0.0160913 0.607864 2.46165 0 1
-53.0284 44.4004 95.3824 -0.793809 -0.0165807 0.607941 2.60232 0 1
-53.474 44.6818 94.7973 -0.793273 -0.0172631 0.608621 2.88021 0 1
-53.4452 43.1289 94.7984 -0.792376 -0.0180039 0.609767 3.09908 0 1
-53.3056 41.9264 94.9647 -0.791335 -0.0186243 0.611099 3.28364 0 1
-52.8191 41.2665 95.5908 -0.79042 -0.0189471 0.612272 3.55472 0 1
-51.8785 41.1806 96.7868 -0.789884 -0.0188422 0.612967 3.75535 0 1
-51.2218 41.632 97.6304 -0.789895 -0.01826 0.612971 3.93759 0 1
-51.0636 42.6393 97.8686 -0.7905 -0.0172369 0.61222 4.24398 0 1
-51.0896 44.3729 97.8873 -0.791626 -0.0158729 0.6108 4.56545 0 1
-51.2271 46.1573 97.7631 -0.79311 -0.0142995 0.60891 4.83583 0 1
-52.0709 46.8403 96.6966 -0.794739 -0.0126576 0.60682 5.02767 0 1
-52.7255 46.8389 95.8315 -0.796262 -0.011091 0.60485 5.20636 0 1
-53.2924 46.4917 95.0656 -0.797413 -0.00973756 0.603356 5.44711 0 1
-53.4605 45.1561 94.8274 -0.797941 -0.00871344 0.602673 5.59385 0 1
-53.9467 45.2762 94.1751 -0.797675 -0.00809898 0.603033 5.79663 0 1
-53.9066 46.4096 94.2384 -0.796576 -0.00794167 0.604487 6.01923 0 1
-53.5134 47.4755 94.7743 -0.794744 -0.00826949 0.606889 6.19458 0 1
-52.9251 47.6358 95.5686 -0.792383 -0.0090961 0.609956 6.45753 0 1
-52.0291 47.665 96.772 -0.789749 -0.0104102 0.613341 6.63936 0 1
-51.3985 47.5748 97.5726 -0.787111 -0.0121592 0.616691 6.83359 0 1
-50.8105 47.0161 98.2984 -0.784743 -0.0142397 0.619658 7.02784 0 1
-50.662 45.9598 98.4591 -0.782928 -0.016496 0.621893 7.27956 0 1
-50.6092 44.5567 98.5034 -0.78194 -0.0187231 0.623073 7.46243 0 1
-50.5759 43.5535 98.5088 -0.78198 -0.0206861 0.62296 7.68371 0 1
-50.5515 42.3215 98.4897 -0.783108 -0.0221653 0.621491 7.88738 0 1
-50.5389 41.1679 98.4549 -0.785196 -0.0230185 0.618819 8.09761 0 1
-51.1048 40.4303 97.7242 -0.787964 -0.0232243 0.615283 8.4268 0 1
-52.2586 40.3667 96.272 -0.791073 -0.0228816 0.611294 8.62268 0 1
-52.945 40.4466 95.3924 -0.794236 -0.0221677 0.607205 8.81886 0 1
-53.5925 40.7192 94.5482 -0.797281 -0.0212857 0.603233 9.05709 0 1
-53.8482 41.9635 94.2251 -0.800127 -0.0204337 0.599483 9.25315 0 1
-53.9174 43.0519 94.1486 -0.802698 -0.0197988 0.596058 9.52104 0 1
-53.927 44.5578 94.184 -0.804853 -0.0195504 0.593152 9.57989 0 1
-53.936 44.8867 94.1842 -0.806379 -0.0198104 0.591068 9.72609 0 1
-54.4207 44.9148 93.5293 -0.807028 -0.0206161 0.590154 9.97321 0 1
-54.384 43.5416 93.516 -0.806596 -0.0219083 0.590697 10.1904 0 1
-54.3531 42.3223 93.5338 -0.804983 -0.0235547 0.59283 10.4065 0 1
-54.2571 41.1327 93.635 -0.80223 -0.0253812 0.596475 10.6339 0 1
-54.022 39.9203 93.9143 -0.798527 -0.0271877 0.601344 10.8797 0 1
-53.2151 39.628 94.9865 -0.794182 -0.0287519 0.606999 11.0692 0 1
-52.5672 39.5733 95.8309 -0.789561 -0.0298394 0.612947 11.2856 0 1
-51.8038 39.5486 96.804 -0.785021 -0.0302358 0.618731 11.4747 0 1
-51.1437 39.5893 97.6336 -0.780877 -0.029801 0.623973 11.7343 0 1
-50.2286 39.7792 98.7337 -0.777401 -0.0285279 0.628358 11.9395 0 1
-49.9854 40.8368 99.1027 -0.774845 -0.026573 0.631593 12.2181 0 1
-50.0528 42.3862 99.0987 -0.773446 -0.0242246 0.633399 12.4686 0 1
-50.0615 43.7928 99.1409 -0.773387 -0.0218052 0.633559 12.7574 0 1
-50.1347 45.3932 99.0954 -0.774729 -0.0195542 0.631991 13.0788 0 1
-50.1714 47.1704 99.0773 -0.777366 -0.0175607 0.628803 13.2822 0 1
-50.4727 48.1846 98.7333 -0.781033 -0.0157869 0.62429 13.4726 0 1
-51.1181 48.3801 97.9384 -0.785378 -0.0141634 0.618855 13.6563 0 1
-51.7546 48.4321 97.1398 -0.790043 -0.0126889 0.61292 13.8507 0 1
-52.408 48.4477 96.2761 -0.794732 -0.0114613 0.606852 14.0458 0 1
-53.0693 48.4305 95.3844 -0.799222 -0.0106197 0.600942 14.2412 0 1
-53.7309 48.3631 94.4812 -0.803348 -0.0102407 0.595422 14.4671 0 1
-54.3269 47.5555 93.6633 -0.806958 -0.0102749 0.59052 14.7671 0 1
-54.4278 45.85 93.5187 -0.809879 -0.0105773 0.586502 14.8825 0 1
-54.4284 45.1983 93.5227 -0.811922 -0.0110127 0.583663 15.0603 0 1
-54.9849 45.0575 92.7137 -0.812915 -0.0115545 0.582267 15.2368 0 1
-54.811 44.0858 92.9363 -0.812751 -0.0123039 0.582482 15.5098 0 1
-54.8319 42.5502 92.8435 -0.811393 -0.013422 0.584347 15.6946 0 1
-54.8163 41.506 92.8434 -0.808869 -0.0150357 0.587796 15.9662 0 1
-54.7286 39.9817 92.9268 -0.805248 -0.0171838 0.59269 16.1531 0 1
-54.4618 39.0113 93.295 -0.800647 -0.0198106 0.598809 16.4003 0 1
-53.6561 38.6264 94.3589 -0.795265 -0.0227716 0.605835 16.7123 0 1
-52.5994 38.7607 95.7497 -0.789403 -0.0258227 0.613332 16.8994 0 1
-51.9423 38.7142 96.589 -0.783452 -0.0286206 0.620793 17.0898 0 1
-51.2722 38.7437 97.4316 -0.777821 -0.0307713 0.627732 17.2749 0 1
-50.6096 38.7401 98.2312 -0.772849 -0.0319239 0.633787 17.4636 0 1
-49.934 38.8458 99.0322 -0.768726 -0.0318633 0.638784 17.6825 0 1
-49.4296 39.7704 99.6646 -0.765491 -0.0305577 0.642721 17.8709 0 1
-49.4163 40.8314 99.7553 -0.763083 -0.0281573 0.645687 18.0687 0 1
-49.4837 41.9466 99.7561 -0.761449 -0.0249606 0.647744 18.3723 0 1
-49.559 43.6538 99.7298 -0.760628 -0.0213676 0.648836 18.5755 0 1
-49.5499 44.7845 99.7623 -0.760785 -0.0178138 0.648759 18.7553 0 1
-49.6111 45.783 99.7149 -0.762142 -0.0146823 0.647244 18.9539 0 1
-49.6553 46.8729 99.6723 -0.764851 -0.0122158 0.644092 19.1439 0 1
-49.5904 47.9149 99.7528 -0.768885 -0.0104675 0.639302 19.3435 0 1
-49.7678 48.982 99.549 -0.774009 -0.0093224 0.633106 19.6403 0 1
-50.8163 49.2805 98.3239 -0.779853 -0.00857725 0.625903 19.8678 0 1
-51.5994 49.2992 97.3484 -0.786025 -0.00803828 0.618142 20.0605 0 1
-52.2643 49.3053 96.5036 -0.792196 -0.00758838 0.61022 20.2476 0 1
-52.8798 49.2884 95.6681 -0.798142 -0.0072009 0.602426 20.4272 0 1
-53.4737 49.2573 94.8362 -0.803744 -0.00690927 0.594935 20.6791 0 1
-54.3316 49.1541 93.6668 -0.808965 -0.00676 0.587818 20.8814 0 1
-54.7907 48.3144 93.018 -0.813834 -0.00677465 0.581057 21.1392 0 1
-54.8819 46.8407 92.8874 -0.818423 -0.00693423 0.574575 21.2863 0 1
-54.9303 46.0036 92.8061 -0.822825 -0.00718553 0.568249 21.3398 0 1
-54.9289 45.6962 92.8033 -0.827145 -0.00746009 0.561937 21.3398 0 1
