74.3111 -34.4907 66.5627 0.818732 -0.0150892 0.573975 0 1 0
74.7704 -33.5448 65.9356 0.818868 -0.0151154 0.573783 0.37941 0 0
74.908 -34.8059 65.7031 0.819035 -0.0151647 0.573542 0.536293 0 0
74.3225 -34.6349 66.5431 0.819238 -0.0152394 0.573251 0.656547 0 0
74.0092 -35.2249 66.9764 0.819463 -0.0153317 0.572927 0.82375 0 0
73.8973 -34.1457 67.1621 0.819685 -0.0154257 0.572607 1.00335 0 0
74.2649 -33.127 66.6692 0.819883 -0.0155027 0.572321 1.24655 0 0
75.1876 -33.0805 65.3511 0.820052 -0.0155475 0.572078 1.4014 0 0
75.5097 -33.9253 64.8657 0.820211 -0.0155526 0.57185 1.61898 0 0
75.2629 -35.313 65.1787 0.820388 -0.0155186 0.571597 1.77446 0 0
74.7314 -35.7848 65.9287 0.820603 -0.0154542 0.571289 1.86905 0 0
74.3736 -35.797 66.4423 0.82085 -0.0153763 0.570937 1.99756 0 0
74.107 -36.5148 66.8057 0.821093 -0.0153102 0.570589 2.25894 0 0
75.087 -36.5152 65.3969 0.82129 -0.015284 0.570306 2.4521 0 0
75.6578 -35.6834 64.6014 0.821406 -0.0153169 0.570139 2.65717 0 0
75.9067 -34.3793 64.2773 0.82142 -0.0154076 0.570116 2.8771 0 0
75.7234 -32.9575 64.5818 0.821328 -0.0155307 0.570245 3.02737 0 0
75.3036 -32.2979 65.2029 0.821141 -0.0156432 0.570512 3.19661 0 0
74.683 -32.0344 66.1022 0.82088 -0.0156962 0.570885 3.35129 0 0
74.1288 -32.3924 66.8876 0.820582 -0.0156457 0.571314 3.53878 0 0
73.6353 -33.3046 67.5653 0.82029 -0.0154647 0.571739 3.74599 0 0
73.4652 -34.6447 67.7679 0.82005 -0.0151526 0.572092 3.91812 0 0
73.6404 -35.7271 67.4911 0.81991 -0.0147411 0.572302 4.06007 0 0
73.9906 -36.4152 66.9733 0.819914 -0.0142901 0.572308 4.18112 0 0
73.7003 -37.0401 67.3692 0.820083 -0.0138728 0.572077 4.37626 0 0
74.3905 -37.4584 66.3754 0.820399 -0.0135563 0.571631 4.58606 0 0
75.1771 -37.3123 65.2477 0.820804 -0.0133876 0.571053 4.78711 0 0
75.8365 -36.6019 64.3228 0.821214 -0.0133879 0.570464 4.9981 0 0
76.2579 -35.3906 63.7443 0.821546 -0.0135553 0.569982 5.20688 0 0
76.3791 -34.008 63.5944 0.82174 -0.0138676 0.569694 5.36801 0 0
76.226 -32.9658 63.846 0.821766 -0.0142838 0.569646 5.55869 0 0
75.7855 -31.9702 64.5173 0.821623 -0.0147472 0.56984 5.74358 0 0
75.1889 -31.3463 65.3933 0.821333 -0.0151922 0.570247 6.00487 0 0
74.1993 -31.5145 66.8104 0.820932 -0.0155556 0.570814 6.16817 0 0
73.6607 -32.0676 67.5679 0.820465 -0.0157842 0.571478 6.43025 0 0
73.0862 -33.4976 68.3491 0.819985 -0.0158399 0.572166 6.66329 0 0
73.0606 -35.0186 68.3386 0.819544 -0.0157032 0.572801 6.8681 0 0
73.3063 -36.272 67.9513 0.819194 -0.0153765 0.57331 7.0089 0 0
73.6399 -36.973 67.4565 0.81898 -0.0148866 0.573629 7.12888 0 0
73.2793 -37.4636 67.9553 0.818935 -0.0142836 0.573709 7.28047 0 0
73.727 -38.0664 67.3047 0.819078 -0.0136381 0.573521 7.43687 0 0
74.2961 -38.328 66.4909 0.819405 -0.0130318 0.573068 7.66694 0 0
75.156 -38.1291 65.2637 0.819889 -0.0125435 0.572386 7.81761 0 0
75.7176 -37.9112 64.4656 0.820475 -0.0122344 0.571552 8.05964 0 0
76.3493 -36.7187 63.5865 0.821086 -0.0121377 0.570675 8.23242 0 0
76.6805 -35.7125 63.1294 0.821635 -0.0122573 0.569883 8.38378 0 0
76.7823 -34.7161 62.9988 0.822039 -0.0125718 0.569292 8.58313 0 0
76.7488 -33.3813 63.0719 0.822242 -0.0130432 0.568989 8.78539 0 0
76.5025 -32.0989 63.4638 0.822214 -0.0136239 0.569015 8.96356 0 0
75.9968 -31.3239 64.2237 0.821966 -0.0142596 0.569359 9.1188 0 0
75.5301 -30.719 64.9193 0.821538 -0.0148933 0.56996 9.36563 0 0
74.6394 -30.2594 66.2144 0.820994 -0.0154716 0.570727 9.52515 0 0
74.109 -30.7886 66.9606 0.820406 -0.0159527 0.571559 9.81091 0 0
73.1831 -31.8035 68.2625 0.819835 -0.016313 0.572367 10.0655 0 0
72.5828 -33.1334 69.0784 0.819322 -0.0165486 0.573095 10.3324 0 0
72.6001 -34.8698 68.9963 0.818883 -0.016673 0.573719 10.5073 0 0
72.7022 -35.9909 68.8186 0.818509 -0.0167127 0.57425 10.5267 0 0
72.7418 -36.0952 68.7592 0.818177 -0.0167022 0.574723 10.6547 0 0
72.9741 -36.8153 68.408 0.817856 -0.0166789 0.575181 10.6547 0 0
