71.3873 -18.744 71.2591 0.822836 -0.0146038 0.56809 0 1 0
72.1067 -19.2369 70.2019 0.822889 -0.0149442 0.568005 0.407762 0 0
71.563 -18.3931 71.0146 0.822959 -0.0152882 0.567896 0.538727 0 0
71.3079 -17.6767 71.4038 0.823034 -0.0156185 0.567778 0.692828 0 0
70.9606 -18.4875 71.8838 0.823096 -0.0159121 0.56768 0.860489 0 0
71.0858 -19.5496 71.6771 0.82313 -0.0161516 0.567623 1.06959 0 0
71.72 -20.2718 70.7255 0.823133 -0.0163291 0.567614 1.32283 0 0
72.5567 -19.4588 69.5427 0.823113 -0.0164441 0.56764 1.506 0 0
72.59 -18.2583 69.5333 0.823088 -0.0165015 0.567674 1.73591 0 0
71.9365 -17.3174 70.5105 0.823079 -0.0165112 0.567686 1.85524 0 0
71.5001 -17.4819 71.131 0.823104 -0.0164875 0.567651 1.98093 0 0
71.4255 -16.6755 71.2615 0.823171 -0.016443 0.567555 2.18127 0 0
70.7918 -17.3822 72.161 0.823284 -0.0163828 0.567394 2.33834 0 0
70.5269 -18.298 72.5172 0.823437 -0.0163007 0.567174 2.5113 0 0
70.5397 -19.4172 72.4712 0.823613 -0.0161841 0.566921 2.69682 0 0
70.9116 -20.4022 71.9058 0.823779 -0.0160245 0.566685 2.93638 0 0
71.6882 -21.066 70.7469 0.823893 -0.0158287 0.566525 3.11373 0 0
72.336 -20.7933 69.818 0.823926 -0.0156221 0.566483 3.36939 0 0
73.0181 -19.5852 68.8682 0.823875 -0.0154429 0.566561 3.5673 0 0
73.0716 -18.2861 68.8206 0.823764 -0.0153314 0.566725 3.73292 0 0
72.8386 -17.2806 69.1942 0.823623 -0.0153169 0.566931 3.9313 0 0
72.2154 -16.6042 70.1239 0.823474 -0.0154078 0.567145 4.13182 0 0
71.4687 -16.6388 71.2001 0.823327 -0.0155857 0.567353 4.13532 0 0
71.456 -16.6446 71.2182 0.823188 -0.015808 0.567549 4.26134 0 0
71.2776 -15.8914 71.4974 0.823068 -0.0160189 0.567717 4.42052 0 0
70.7518 -16.3752 72.251 0.822982 -0.0161694 0.567837 4.58528 0 0
70.3287 -17.1509 72.8418 0.822942 -0.0162343 0.567894 4.78359 0 0
70.0778 -18.3593 73.1675 0.822945 -0.0162168 0.56789 5.02585 0 0
70.1514 -19.9112 73.0181 0.82298 -0.0161365 0.567841 5.27554 0 0
70.6823 -21.1951 72.2163 0.823035 -0.0160145 0.567765 5.43395 0 0
71.1719 -21.7079 71.4849 0.823103 -0.0158655 0.56767 5.59114 0 0
71.7422 -21.8513 70.6495 0.823191 -0.0157016 0.567547 5.77658 0 0
72.4172 -21.5816 69.677 0.823303 -0.0155382 0.56739 5.95143 0 0
72.9992 -21.0273 68.8524 0.823429 -0.0153953 0.567211 6.16037 0 0
73.424 -19.8537 68.2707 0.823549 -0.015293 0.567039 6.33676 0 0
73.5467 -18.7062 68.1201 0.823639 -0.0152441 0.566909 6.49263 0 0
73.4826 -17.6822 68.2394 0.823683 -0.0152524 0.566846 6.65674 0 0
73.1934 -16.732 68.6876 0.823672 -0.0153165 0.566859 6.85164 0 0
72.6241 -15.9495 69.5457 0.823609 -0.015436 0.566948 7.09968 0 0
71.7238 -15.6041 70.8603 0.823495 -0.0156145 0.567109 7.10391 0 0
71.7081 -15.6071 70.8829 0.823328 -0.0158553 0.567344 7.2307 0 0
71.6408 -14.7885 71.0034 0.823113 -0.0161554 0.567648 7.48466 0 0
70.768 -15.4503 72.2509 0.822861 -0.0164974 0.568003 7.64973 0 0
70.2275 -15.9471 73.0267 0.822602 -0.0168453 0.568368 7.82303 0 0
69.9087 -16.92 73.4592 0.822375 -0.0171467 0.568688 8.07144 0 0
69.6193 -18.4406 73.8308 0.822212 -0.0173453 0.568917 8.23009 0 0
69.5652 -19.455 73.8751 0.82213 -0.0174004 0.569034 8.40124 0 0
69.7622 -20.4892 73.5572 0.82212 -0.0173008 0.569051 8.63902 0 0
70.2734 -21.7102 72.7859 0.822161 -0.0170666 0.568999 8.81326 0 0
70.7762 -22.389 72.0431 0.822231 -0.0167366 0.568908 9.02736 0 0
71.5466 -22.6057 70.9171 0.822315 -0.016352 0.568797 9.205 0 0
72.1989 -22.5286 69.9705 0.822416 -0.015945 0.568663 9.37388 0 0
72.7888 -22.127 69.1253 0.822548 -0.0155394 0.568484 9.60843 0 0
73.5301 -21.2638 68.0767 0.822729 -0.0151565 0.568231 9.77933 0 0
73.8353 -20.2557 67.6628 0.822969 -0.0148217 0.567893 9.96429 0 0
73.959 -19.0444 67.5153 0.823251 -0.0145644 0.567491 10.1376 0 0
73.965 -17.8928 67.5373 0.823534 -0.0144121 0.567084 10.3025 0 0
73.8881 -16.8083 67.6727 0.823764 -0.0143826 0.56675 10.4772 0 0
73.4387 -15.9727 68.3438 0.823896 -0.0144788 0.566556 10.6406 0 0
72.9492 -15.3316 69.0803 0.823909 -0.0146879 0.566532 10.7935 0 0
72.4156 -14.9882 69.871 0.823816 -0.0149838 0.566659 10.8552 0 0
72.2357 -14.7467 70.1427 0.823656 -0.0153315 0.566882 10.8965 0 0
72.0851 -14.7058 70.3633 0.823477 -0.0156922 0.567129 10.8965 0 0
