-71.527 -9.38723 71.4379 -0.828688 -0.0120746 0.55958 0 1 0
-71.0411 -8.85792 72.1673 -0.828927 -0.0118145 0.559232 0.345929 0 0
-70.7688 -10.0041 72.5472 -0.829173 -0.011515 0.558874 0.493995 0 0
-71.3092 -10.0427 71.7456 -0.829406 -0.0111972 0.558534 0.563082 0 0
-71.5011 -9.7418 71.4681 -0.829598 -0.0109126 0.558255 0.670398 0 0
-71.8452 -10.0677 70.9502 -0.829725 -0.0107195 0.558069 0.88634 0 0
-71.2284 -10.9684 71.8474 -0.829786 -0.0106564 0.55798 1.04493 0 0
-70.6591 -10.8163 72.7006 -0.829799 -0.0107287 0.55796 1.23931 0 0
-70.1894 -9.88445 73.4107 -0.829793 -0.0109101 0.557965 1.40296 0 0
-70.2795 -8.82931 73.2933 -0.829796 -0.0111547 0.557955 1.59276 0 0
-70.816 -8.02265 72.5169 -0.829828 -0.0114073 0.557903 1.75507 0 0
-71.4094 -8.10797 71.6392 -0.829899 -0.0116106 0.557792 1.93807 0 0
-71.8725 -8.95716 70.9358 -0.830017 -0.0117173 0.557616 1.97271 0 0
-71.9156 -9.16838 70.8666 -0.830184 -0.0117129 0.557367 2.09807 0 0
-72.3127 -8.75312 70.2817 -0.830395 -0.0116361 0.557054 2.25536 0 0
-72.3323 -9.78519 70.2318 -0.830629 -0.0115748 0.556706 2.44208 0 0
-72.0097 -10.8744 70.6864 -0.830852 -0.0116279 0.556372 2.67511 0 0
-71.2919 -11.7157 71.7398 -0.831026 -0.0118544 0.556107 2.89147 0 0
-70.5088 -11.6233 72.9138 -0.831129 -0.0122431 0.555945 3.13645 0 0
-69.8753 -10.5378 73.8746 -0.831158 -0.0127249 0.55589 3.30098 0 0
-69.7419 -9.50727 74.0827 -0.831128 -0.0132173 0.555924 3.53197 0 0
-70.0491 -8.09978 73.6636 -0.831055 -0.0136692 0.556022 3.71635 0 0
-70.5791 -7.35964 72.8909 -0.830954 -0.0140726 0.556163 3.91805 0 0
-71.3122 -7.26917 71.8064 -0.830836 -0.0144387 0.55633 4.11903 0 0
-71.9567 -7.87188 70.8364 -0.830709 -0.014764 0.556511 4.23166 0 0
-72.2029 -8.44989 70.4536 -0.830573 -0.0150194 0.556706 4.36673 0 0
-72.5083 -7.74396 70.0133 -0.830421 -0.0151662 0.55693 4.53033 0 0
-72.0541 -7.06192 70.7105 -0.830239 -0.0151803 0.5572 4.78833 0 0
-71.1929 -6.42195 72.0131 -0.830027 -0.0150615 0.55752 4.95122 0 0
-70.6056 -6.5397 72.8812 -0.829804 -0.0148273 0.557858 5.1535 0 0
-69.9606 -7.1732 73.8244 -0.829609 -0.014503 0.558156 5.31417 0 0
-69.5626 -7.93542 74.3978 -0.829483 -0.0141174 0.558354 5.55662 0 0
-69.3404 -9.44856 74.6924 -0.829446 -0.0137029 0.558419 5.74332 0 0
-69.4006 -10.6387 74.5867 -0.829502 -0.0132941 0.558346 5.93783 0 0
-69.782 -11.6531 73.9974 -0.829637 -0.0129232 0.558154 6.09627 0 0
-70.2324 -12.2466 73.3154 -0.829834 -0.0126137 0.557868 6.26579 0 0
-70.8053 -12.5728 72.4497 -0.83008 -0.0123766 0.557508 6.44667 0 0
-71.4521 -12.3758 71.488 -0.830357 -0.0122085 0.557097 6.68427 0 0
-72.2196 -11.6315 70.3577 -0.830645 -0.0120957 0.55667 6.90214 0 0
-72.6602 -10.4248 69.7285 -0.830909 -0.0120232 0.556278 7.07034 0 0
-72.7802 -9.34015 69.5718 -0.831104 -0.0119828 0.555989 7.20699 0 0
-72.7221 -8.44917 69.676 -0.831185 -0.0119713 0.555867 7.34635 0 0
-73.189 -8.79939 68.9664 -0.831128 -0.0119812 0.555952 7.54542 0 0
-72.9728 -7.5472 69.3193 -0.830943 -0.0119991 0.556228 7.81027 0 0
-72.2913 -6.32864 70.3736 -0.830669 -0.0120202 0.556637 8.07631 0 0
-71.4364 -5.54719 71.6733 -0.830354 -0.0120651 0.557105 8.23647 0 0
-70.8598 -5.48014 72.5353 -0.830026 -0.0121792 0.557592 8.4048 0 0
-70.2978 -5.91381 73.3573 -0.829684 -0.0124079 0.558096 8.56214 0 0
-69.8073 -6.44016 74.0679 -0.829319 -0.0127653 0.55863 8.74097 0 0
-69.3263 -7.22106 74.7594 -0.82894 -0.0132148 0.559181 8.91214 0 0
-68.9904 -8.15252 75.2449 -0.828592 -0.0136768 0.559686 9.06802 0 0
-68.9391 -9.14256 75.3034 -0.828338 -0.0140594 0.560053 9.2467 0 0
-68.9126 -10.2731 75.3095 -0.82824 -0.0142941 0.560191 9.44653 0 0
-69.0754 -11.4999 75.0299 -0.828337 -0.0143566 0.560047 9.62427 0 0
-69.4995 -12.3391 74.3902 -0.828634 -0.0142644 0.559609 9.79254 0 0
-70.0073 -12.9025 73.6278 -0.829106 -0.0140583 0.558915 9.95715 0 0
-70.535 -13.3688 72.8377 -0.829705 -0.0137819 0.558031 10.1342 0 0
-71.1678 -13.4793 71.8904 -0.830372 -0.0134706 0.557046 10.3048 0 0
-71.7477 -13.0686 71.0333 -0.83105 -0.0131476 0.556043 10.4663 0 0
-72.2885 -12.6334 70.2343 -0.831694 -0.0128261 0.555086 10.7051 0 0
-72.9132 -11.5221 69.3212 -0.832286 -0.0125114 0.554206 10.9526 0 0
-73.1449 -9.93795 69.0094 -0.832826 -0.0122041 0.553401 10.9874 0 0
-73.1632 -9.71004 68.9862 -0.833331 -0.0119017 0.552646 11.1082 0 0
-73.1974 -8.91383 68.9513 -0.833828 -0.0116006 0.551903 11.1082 0 0
