-55.035 -43.5247 95.9617 -0.85557 0.0251876 0.517073 0 1 1
-54.7933 -43.2855 96.333 -0.854522 0.0257693 0.518776 0.269322 0 1
-54.5738 -44.1548 96.7357 -0.853386 0.0263562 0.520612 0.496044 0 1
-55.0181 -45.1097 96.0643 -0.85217 0.0269357 0.522571 0.65205 0 1
-54.9812 -44.2484 96.0845 -0.850965 0.0274627 0.524504 0.800424 0 1
-55.4054 -44.3256 95.3872 -0.849929 0.0278705 0.52616 1.17498 0 1
-55.2187 -42.266 95.6011 -0.849231 0.0281004 0.527273 1.43459 0 1
-54.4911 -41.8269 96.7283 -0.848979 0.0281265 0.527677 1.7147 0 1
-54.1851 -43.2145 97.2761 -0.849183 0.0279634 0.527358 2.03848 0 1
-54.2896 -44.9796 97.232 -0.849747 0.0276575 0.526465 2.23063 0 1
-54.552 -45.9237 96.8678 -0.850494 0.0272763 0.525276 2.41906 0 1
-55.0776 -46.1378 96.0179 -0.851201 0.0268968 0.52415 2.60881 0 1
-55.4066 -45.3341 95.4341 -0.851643 0.0265919 0.523447 2.72097 0 1
-55.4091 -44.7132 95.4007 -0.851647 0.0264202 0.523449 2.85242 0 1
-55.7747 -44.5683 94.7867 -0.851128 0.0264237 0.524292 3.06515 0 1
-55.7302 -43.386 94.801 -0.850116 0.026625 0.525921 3.34127 0 1
-55.5973 -41.8658 94.9528 -0.84876 0.0270153 0.528088 3.52305 0 1
-55.2527 -41.0958 95.4902 -0.847305 0.0275383 0.530392 3.74232 0 1
-54.6184 -41.0125 96.4859 -0.846041 0.0280942 0.532377 4.01806 0 1
-53.8672 -41.4866 97.6856 -0.845223 0.028571 0.53365 4.25774 0 1
-53.7801 -42.7561 97.8846 -0.845 0.0288859 0.533985 4.49433 0 1
-53.8197 -44.0312 97.8917 -0.845389 0.0290084 0.533363 4.70808 0 1
-53.9011 -45.1883 97.8415 -0.846288 0.0289517 0.531938 4.93648 0 1
-54.0371 -46.4157 97.7186 -0.847527 0.0287468 0.529974 5.13276 0 1
-54.5133 -46.9637 96.9763 -0.848911 0.028426 0.527771 5.44246 0 1
-55.38 -46.9033 95.5537 -0.850245 0.0280313 0.52564 5.72219 0 1
-55.7959 -45.6243 94.8082 -0.851338 0.0276347 0.52389 5.77009 0 1
-55.7814 -45.36 94.8162 -0.852014 0.0273363 0.522804 5.90185 0 1
-56.1445 -45.1852 94.2066 -0.85215 0.0272237 0.522589 6.17893 0 1
-56.1049 -43.6473 94.1934 -0.851693 0.0273185 0.523328 6.3856 0 1
-56.0531 -42.5084 94.224 -0.850668 0.0275561 0.52498 6.65477 0 1
-55.907 -41.0381 94.3973 -0.849139 0.0278149 0.527436 6.82219 0 1
-55.5271 -40.4463 95.0014 -0.847187 0.027965 0.530559 7.13499 0 1
-54.6214 -40.2537 96.4338 -0.84492 0.0279047 0.534164 7.32799 0 1
-54.0549 -40.2842 97.3096 -0.842532 0.0275783 0.53794 7.52772 0 1
-53.5017 -40.5683 98.1924 -0.840325 0.0269845 0.54141 7.77576 0 1
-53.3854 -41.8583 98.4576 -0.838667 0.0261816 0.544014 7.99581 0 1
-53.3754 -43.027 98.506 -0.837869 0.0252862 0.545286 8.32912 0 1
-53.4684 -44.8063 98.4726 -0.838073 0.0244545 0.54501 8.59035 0 1
-53.5332 -46.1857 98.4367 -0.839214 0.0238411 0.543278 8.8101 0 1
-53.6772 -47.3284 98.281 -0.841061 0.023547 0.540427 9.01819 0 1
-54.2462 -47.7394 97.449 -0.843308 0.0235812 0.536913 9.32995 0 1
-55.1008 -47.7579 96.0487 -0.84566 0.0238545 0.533188 9.57131 0 1
-55.7789 -47.6154 94.9236 -0.847893 0.0242078 0.529615 9.84638 0 1
-56.189 -46.3524 94.1997 -0.84985 0.0244596 0.526457 9.95238 0 1
-56.1767 -45.7714 94.1887 -0.851416 0.0244528 0.52392 10.0916 0 1
-56.5747 -45.8261 93.5347 -0.852481 0.0240943 0.522203 10.3165 0 1
-56.5168 -44.5914 93.5601 -0.852922 0.0233862 0.521514 10.5062 0 1
-56.5066 -43.5448 93.5243 -0.852621 0.0224415 0.522047 10.7109 0 1
-56.4378 -42.4247 93.5832 -0.851482 0.0214596 0.523944 11.0218 0 1
-56.3525 -40.7255 93.6488 -0.849462 0.0206555 0.527245 11.2141 0 1
-56.1045 -39.7734 94.0239 -0.846599 0.0201769 0.531848 11.4815 0 1
-55.3558 -39.5248 95.252 -0.843031 0.0200579 0.537492 11.7249 0 1
-54.6541 -39.5211 96.3537 -0.838987 0.0202308 0.543775 11.9465 0 1
-54.0068 -39.5351 97.3488 -0.834779 0.0205704 0.550201 12.1507 0 1
-53.4115 -39.5945 98.2682 -0.830772 0.0209386 0.556218 12.367 0 1
-52.9728 -40.3396 98.989 -0.827374 0.0212151 0.56125 12.6399 0 1
-52.9748 -41.7455 99.0544 -0.824999 0.0213179 0.564733 12.8412 0 1
-52.9754 -42.7984 99.0936 -0.823994 0.021213 0.566202 13.0558 0 1
-52.995 -43.9287 99.1074 -0.82455 0.0209132 0.565403 13.3575 0 1
-53.0667 -45.5162 99.0657 -0.826629 0.0204681 0.562374 13.5539 0 1
-53.093 -46.5564 99.0712 -0.829971 0.0199532 0.55745 13.8829 0 1
-53.3384 -48.2562 98.7985 -0.834154 0.0194582 0.551188 14.1116 0 1
-53.993 -48.5148 97.8385 -0.838702 0.0190761 0.544256 14.3795 0 1
-54.7615 -48.4915 96.6401 -0.843164 0.0188917 0.537325 14.6492 0 1
-55.5086 -48.469 95.3996 -0.847184 0.0189655 0.530961 14.965 0 1
-56.3953 -48.2539 93.9201 -0.850542 0.0193112 0.525552 15.2658 0 1
-56.5956 -46.6398 93.5499 -0.853163 0.0198749 0.521265 15.2676 0 1
-56.5958 -46.6301 93.5493 -0.855089 0.0205375 0.518075 15.4117 0 1
-56.9595 -46.9467 92.9324 -0.856419 0.0211491 0.515849 15.6184 0 1
-56.9821 -45.8077 92.8567 -0.857246 0.0215781 0.514455 15.8346 0 1
-57.0054 -44.6261 92.7528 -0.857604 0.0217478 0.51385 16.0342 0 1
-57.0241 -43.5251 92.6681 -0.857447 0.021656 0.514116 16.2543 0 1
-56.9055 -42.3303 92.7995 -0.85666 0.0213948 0.515437 16.5388 0 1
-56.7593 -40.7927 92.9661 -0.855103 0.0211575 0.518026 16.7421 0 1
-56.6975 -39.6863 93.0303 -0.852664 0.0211933 0.522029 16.9666 0 1
-56.2149 -38.8772 93.8122 -0.849328 0.0216975 0.52742 17.1885 0 1
-55.5993 -38.6567 94.8231 -0.845215 0.0226952 0.533944 17.4063 0 1
-54.9859 -38.6515 95.8164 -0.840585 0.024005 0.541148 17.6321 0 1
-54.3424 -38.684 96.8215 -0.835779 0.0253148 0.548482 17.8435 0 1
-53.7236 -38.7195 97.75 -0.83114 0.0263133 0.555441 18.0589 0 1
-53.1077 -38.8046 98.6933 -0.826938 0.0267804 0.561655 18.3539 0 1
-52.5004 -39.8254 99.617 -0.823339 0.0266016 0.566926 18.5618 0 1
-52.4582 -40.886 99.7369 -0.820427 0.0257474 0.571172 18.7636 0 1
-52.4773 -41.9259 99.7613 -0.818266 0.0242798 0.574326 18.9788 0 1
-52.5106 -43.0454 99.7599 -0.816976 0.0223767 0.576238 19.1916 0 1
-52.5538 -44.1686 99.729 -0.816742 0.0203216 0.576645 19.4577 0 1
-52.6079 -45.5841 99.7049 -0.817759 0.0184308 0.575265 19.7026 0 1
-52.5772 -46.8882 99.8111 -0.820121 0.0169469 0.571939 19.9652 0 1
-52.6781 -48.2675 99.7043 -0.82374 0.0159661 0.566744 20.1793 0 1
-53.084 -49.1731 99.1465 -0.82834 0.0154359 0.560013 20.3988 0 1
-53.7599 -49.339 98.2036 -0.833529 0.0152172 0.552267 20.5926 0 1
-54.3299 -49.3876 97.3635 -0.838892 0.0151606 0.544087 20.819 0 1
-54.9519 -49.4177 96.3582 -0.844089 0.015158 0.535988 21.0301 0 1
-55.5357 -49.2417 95.3834 -0.848908 0.0151534 0.528323 21.32 0 1
-56.3601 -49.2146 94.0132 -0.853279 0.0151284 0.521236 21.6071 0 1
-56.9421 -48.1323 92.9892 -0.857254 0.0150832 0.514672 21.8074 0 1
-56.9603 -47.0207 92.9334 -0.860969 0.0150252 0.508435 21.8091 0 1
-56.9606 -47.0115 92.9327 -0.864584 0.0149633 0.502263 21.8091 0 1
