-9.62966 -44.8606 46.8145 -0.202381 -0.00255743 0.979281 0 1 1
-8.9554 -45.5321 46.9556 -0.201879 -0.00388764 0.979403 0.647953 0 1
-8.77797 -44.1762 46.995 -0.201486 -0.00496215 0.979479 1.05447 0 1
-8.83967 -42.7227 46.996 -0.201233 -0.00574604 0.979527 1.22252 0 1
-9.4417 -42.7608 46.8739 -0.201055 -0.00628824 0.97956 1.52592 0 1
-9.52122 -43.8749 46.8452 -0.200742 -0.00668736 0.979621 1.7184 0 1
-9.62877 -44.5711 46.8174 -0.199956 -0.00705127 0.97978 1.9319 0 1
-10.3202 -44.898 46.6721 -0.198353 -0.00746106 0.980102 2.20828 0 1
-10.3436 -43.8747 46.6765 -0.195763 -0.00793766 0.980619 2.492 0 1
-10.3249 -42.8333 46.687 -0.192337 -0.00841233 0.981293 2.81915 0 1
-10.0647 -41.6542 46.7521 -0.188541 -0.00872493 0.982027 3.08754 0 1
-9.23179 -41.1472 46.9309 -0.185014 -0.00867579 0.982698 3.46381 0 1
-8.11832 -41.9407 47.1482 -0.18235 -0.00812022 0.9832 3.88109 0 1
-7.98365 -43.4502 47.1487 -0.180938 -0.00705212 0.983469 4.22726 0 1
-8.0618 -44.7191 47.1172 -0.180916 -0.00562116 0.983482 4.74558 0 1
-8.32034 -46.5352 47.0469 -0.182217 -0.00407359 0.98325 5.04129 0 1
-9.34064 -46.7856 46.8816 -0.184616 -0.00265893 0.982807 5.43403 0 1
-10.1949 -45.6909 46.7048 -0.187742 -0.0015617 0.982217 5.61311 0 1
-10.311 -45.0515 46.6753 -0.191063 -0.000890761 0.981577 5.84487 0 1
-11.0076 -45.5303 46.544 -0.193921 -0.000710386 0.981017 6.15016 0 1
-11.0687 -44.4166 46.5218 -0.195633 -0.00106243 0.980677 6.43481 0 1
-11.1063 -43.3655 46.5212 -0.195663 -0.00194203 0.980669 6.85249 0 1
-10.9945 -41.831 46.5523 -0.193794 -0.00324486 0.981037 7.21852 0 1
-10.5544 -40.5542 46.6492 -0.190237 -0.00474538 0.981727 7.51051 0 1
-9.52288 -40.3239 46.8736 -0.18562 -0.0061423 0.982602 7.83674 0 1
-8.35071 -40.4023 47.1197 -0.180835 -0.00714629 0.983487 8.13688 0 1
-7.50775 -41.0625 47.2594 -0.176796 -0.0075565 0.984218 8.54607 0 1
-7.23778 -42.5406 47.2698 -0.174223 -0.00729713 0.984679 8.93924 0 1
-7.21944 -43.991 47.2589 -0.17351 -0.00641927 0.984811 9.39545 0 1
-7.26474 -45.6637 47.2243 -0.174717 -0.00507923 0.984606 9.90591 0 1
-7.78493 -47.4386 47.1375 -0.177623 -0.00349594 0.984092 10.1993 0 1
-8.79996 -47.6296 46.9739 -0.18182 -0.00189558 0.98333 10.6069 0 1
-10.2346 -47.54 46.7078 -0.186807 -0.000463155 0.982396 10.9049 0 1
-10.8952 -46.7089 46.5796 -0.192039 0.000681301 0.981387 11.1921 0 1
-11.0015 -45.685 46.5461 -0.196935 0.0014783 0.980415 11.4195 0 1
-11.795 -45.5003 46.3881 -0.200864 0.00190193 0.979617 11.7918 0 1
-11.8239 -44.1504 46.3659 -0.203175 0.00192275 0.979141 12.1256 0 1
-11.8763 -42.9143 46.3591 -0.203299 0.00148648 0.979116 12.5594 0 1
-11.7301 -41.3135 46.3853 -0.200916 0.000536172 0.979608 12.892 0 1
-11.4338 -40.1094 46.449 -0.196095 -0.000926142 0.980584 13.2149 0 1
-10.389 -39.5314 46.6856 -0.18933 -0.00277868 0.98191 13.5354 0 1
-9.22077 -39.5272 46.9385 -0.181432 -0.00476327 0.983392 13.9896 0 1
-7.5826 -39.6476 47.2524 -0.173335 -0.00653156 0.984841 14.2978 0 1
-6.72527 -40.3529 47.3949 -0.165921 -0.00774518 0.986109 14.5953 0 1
-6.55491 -41.4001 47.4126 -0.159911 -0.00819535 0.987097 14.8789 0 1
-6.48682 -42.4007 47.392 -0.155839 -0.00788603 0.987751 15.1599 0 1
-6.4467 -43.4106 47.3691 -0.154051 -0.00702677 0.988038 15.4943 0 1
-6.43928 -44.6481 47.3603 -0.154671 -0.00592529 0.987948 15.7896 0 1
-6.44467 -45.7299 47.3457 -0.15756 -0.00483617 0.987498 16.1952 0 1
-6.52776 -47.1996 47.3254 -0.162326 -0.00385934 0.98673 16.5331 0 1
-7.18915 -48.2124 47.2344 -0.168419 -0.00294898 0.985711 16.8263 0 1
-8.20733 -48.4334 47.0769 -0.175248 -0.00200971 0.984522 17.2774 0 1
-9.79065 -48.455 46.7912 -0.182272 -0.000997263 0.983248 17.5755 0 1
-10.8361 -48.3963 46.5757 -0.189034 3.98835e-05 0.981971 17.8568 0 1
-11.6221 -47.7507 46.4182 -0.195176 0.000980526 0.980768 18.3132 0 1
-11.7683 -46.0914 46.3979 -0.200448 0.00168153 0.979703 18.348 0 1
-11.7767 -45.9662 46.3946 -0.204709 0.00203523 0.978821 18.5851 0 1
-12.577 -45.7217 46.2111 -0.20789 0.00202104 0.97815 18.8715 0 1
-12.584 -44.6658 46.1934 -0.209902 0.0017367 0.977721 19.2113 0 1
-12.6586 -43.3872 46.1882 -0.21054 0.00138461 0.977584 19.5516 0 1
-12.6654 -42.1226 46.1833 -0.209465 0.00119201 0.977815 19.8339 0 1
-12.6014 -41.0745 46.1858 -0.206319 0.00128579 0.978484 20.3023 0 1
-12.2902 -39.3406 46.2636 -0.200933 0.00159877 0.979604 20.5659 0 1
-11.4948 -38.7582 46.4401 -0.193494 0.00188593 0.9811 20.9386 0 1
-10.1066 -38.6867 46.7493 -0.184595 0.00185148 0.982813 21.2234 0 1
-9.07003 -38.7457 46.97 -0.175108 0.001305 0.984548 21.646 0 1
-7.54669 -38.7349 47.2612 -0.165961 0.000254483 0.986132 21.9529 0 1
-6.45574 -38.8183 47.4202 -0.157904 -0.00109998 0.987454 22.2929 0 1
-5.82702 -39.8707 47.5129 -0.151379 -0.00244821 0.988473 22.5839 0 1
-5.73843 -40.9126 47.5168 -0.146545 -0.00348137 0.989198 22.881 0 1
-5.68203 -41.9737 47.509 -0.143418 -0.0039928 0.989654 23.1719 0 1
-5.67634 -43.0082 47.4816 -0.142013 -0.00393583 0.989857 23.4931 0 1
-5.61187 -44.1852 47.4793 -0.142382 -0.00341305 0.989806 23.7881 0 1
-5.55718 -45.2717 47.4775 -0.144545 -0.00260211 0.989495 24.2094 0 1
-5.47469 -46.7983 47.4716 -0.148384 -0.00166696 0.988928 24.5096 0 1
-5.68391 -47.8596 47.4515 -0.153606 -0.000710308 0.988132 24.8256 0 1
-5.95378 -48.9444 47.4199 -0.159809 0.000221506 0.987148 25.3501 0 1
-7.76474 -49.2828 47.1581 -0.166599 0.00111335 0.986024 25.6548 0 1
-8.82595 -49.3378 46.969 -0.173674 0.00196557 0.984801 26.0138 0 1
-10.0918 -49.2694 46.7258 -0.180862 0.00278926 0.983505 26.3223 0 1
-11.182 -49.2142 46.498 -0.188083 0.00360154 0.982147 26.6022 0 1
-12.1553 -48.9215 46.3033 -0.195312 0.00441737 0.980731 26.8905 0 1
-12.5716 -47.9485 46.2128 -0.202543 0.00524333 0.979259 27.316 0 1
-12.6 -46.371 46.2157 -0.20977 0.00607734 0.977732 27.3337 0 1
-12.6007 -46.3062 46.2157 -0.216975 0.00691294 0.976096 27.3337 0 1
