-75.6007 33.3645 67.1641 -0.831107 -0.00224243 0.556109 0 1 0
-75.0765 33.5929 67.9545 -0.83145 -0.00334445 0.555589 0.283829 0 0
-75.5277 33.9569 67.2756 -0.831744 -0.00423349 0.555144 0.419259 0 0
-76.0136 34.1537 66.5501 -0.831957 -0.00485413 0.554818 0.618891 0 0
-75.4971 35.0846 67.3396 -0.832069 -0.00522612 0.554647 0.826505 0 0
-74.7713 34.7111 68.4316 -0.832073 -0.00543372 0.554639 1.01254 0 0
-74.6319 33.5274 68.6263 -0.831976 -0.00558269 0.554783 1.1767 0 0
-74.9187 32.595 68.1809 -0.831796 -0.00574298 0.555051 1.32916 0 0
-75.4324 32.2146 67.4096 -0.831557 -0.00591379 0.555407 1.49889 0 0
-75.981 32.7474 66.5935 -0.831287 -0.00603574 0.555811 1.65587 0 0
-76.0628 33.7738 66.475 -0.831019 -0.00603936 0.556212 1.77913 0 0
-76.4889 34.0579 65.8391 -0.830794 -0.00589369 0.556549 1.92978 0 0
-76.2923 34.989 66.155 -0.830652 -0.00562541 0.556764 2.08838 0 0
-75.8709 35.6982 66.7988 -0.830621 -0.00530435 0.556813 2.26701 0 0
-75.2329 35.9144 67.7511 -0.830714 -0.00501125 0.556676 2.48867 0 0
-74.4956 35.3425 68.8482 -0.830927 -0.00480818 0.556361 2.66349 0 0
-74.1937 34.3434 69.293 -0.831243 -0.00472378 0.555889 2.86438 0 0
-74.2472 33.0408 69.1997 -0.831637 -0.00475236 0.555299 3.06003 0 0
-74.6448 31.9909 68.5896 -0.832069 -0.00485897 0.554651 3.23365 0 0
-75.1854 31.4132 67.771 -0.832479 -0.00498603 0.554034 3.38858 0 0
-75.7555 31.473 66.9212 -0.832796 -0.00506405 0.553557 3.58012 0 0
-76.3401 32.1761 66.0479 -0.832954 -0.00502835 0.553319 3.76591 0 0
-76.5322 33.3558 65.772 -0.832917 -0.00483878 0.553377 3.9016 0 0
-76.9521 33.8399 65.1414 -0.832697 -0.00449565 0.553711 4.08829 0 0
-76.8021 35.0474 65.383 -0.832359 -0.00404419 0.554223 4.24367 0 0
-76.4753 35.8829 65.8904 -0.831997 -0.00356342 0.554768 4.46171 0 0
-75.8129 36.6756 66.8907 -0.831706 -0.00314353 0.555207 4.6861 0 0
-74.9948 36.6922 68.1056 -0.831551 -0.00286184 0.555442 4.87921 0 0
-74.3579 36.1604 69.0531 -0.831557 -0.00276663 0.555433 5.06626 0 0
-73.8747 35.2998 69.7614 -0.831718 -0.00287206 0.555191 5.30861 0 0
-73.6987 33.7534 70.0281 -0.832002 -0.00316165 0.554764 5.58008 0 0
-74.0062 32.082 69.555 -0.832366 -0.00359509 0.554215 5.73354 0 0
-74.3787 31.3492 68.986 -0.832764 -0.00411555 0.553612 5.98069 0 0
-75.1737 30.6086 67.7838 -0.833159 -0.00465755 0.553014 6.16715 0 0
-75.8569 30.6691 66.7575 -0.833517 -0.00515537 0.55247 6.34455 0 0
-76.4355 31.2209 65.8925 -0.833816 -0.0055512 0.552015 6.49598 0 0
-76.8028 31.9783 65.3421 -0.834039 -0.00580282 0.551675 6.63638 0 0
-76.9703 32.8658 65.0995 -0.834177 -0.00588925 0.551465 6.75098 0 0
-77.3706 32.6395 64.4903 -0.834225 -0.00580967 0.551394 6.92454 0 0
-77.1993 31.5228 64.7343 -0.83418 -0.00557461 0.551464 7.18282 0 0
-76.5177 30.3123 65.7578 -0.83404 -0.0051981 0.551679 7.33337 0 0
-76.0061 29.9203 66.524 -0.833802 -0.00470009 0.552044 7.55672 0 0
-75.19 29.7515 67.7557 -0.833464 -0.00411623 0.552558 7.72729 0 0
-74.6021 30.1172 68.6427 -0.833037 -0.00350224 0.553207 7.91031 0 0
-74.0084 30.6617 69.539 -0.832548 -0.00292577 0.553945 8.19777 0 0
-73.4269 32.2147 70.4311 -0.832051 -0.00245132 0.554694 8.4006 0 0
-73.283 33.4986 70.648 -0.831621 -0.00212849 0.555339 8.55686 0 0
-73.3144 34.5101 70.5981 -0.83134 -0.00198705 0.55576 8.75573 0 0
-73.4174 35.784 70.4372 -0.831269 -0.00203607 0.555866 9.01473 0 0
-74.1616 36.8305 69.3437 -0.831426 -0.00226573 0.555631 9.1765 0 0
-74.7018 37.2483 68.5424 -0.831775 -0.00265253 0.555106 9.39354 0 0
-75.4283 37.8109 67.4647 -0.832246 -0.00316702 0.554398 9.58107 0 0
-76.0495 37.2973 66.5406 -0.832755 -0.00378067 0.553629 9.76288 0 0
-76.6232 36.7152 65.6749 -0.833234 -0.00446912 0.552903 9.94005 0 0
-77.0852 35.9154 64.9613 -0.833647 -0.00521216 0.552273 10.1607 0 0
-77.3206 34.5153 64.5874 -0.833992 -0.00599226 0.551745 10.3308 0 0
-77.4838 33.4231 64.3303 -0.83429 -0.00679324 0.551284 10.3624 0 0
-77.4745 33.2134 64.3418 -0.834575 -0.00759941 0.550841 10.3624 0 0
