9.32762 44.7043 48.58 0.142453 0.0285075 0.989391 0 1 1
9.38087 43.6806 48.602 0.143268 0.0253761 0.989359 0.59773 0 1
9.63613 42.6029 48.5638 0.143868 0.022643 0.989338 0.817728 0 1
10.2388 43.12 48.463 0.144533 0.0203196 0.989291 1.24134 0 1
10.1331 44.6592 48.4637 0.145686 0.0183027 0.989162 1.5668 0 1
9.60059 45.6975 48.5222 0.147655 0.0164607 0.988902 1.75259 0 1
9.3388 45.0864 48.5674 0.150493 0.0147102 0.988502 1.94969 0 1
8.67663 45.3137 48.6533 0.153899 0.0130667 0.988 2.41158 0 1
9.3999 46.7518 48.5493 0.157265 0.0116543 0.987488 2.72713 0 1
10.4849 46.7269 48.3809 0.15983 0.0106703 0.987087 3.14896 0 1
11.1054 45.3523 48.293 0.160899 0.0103081 0.986917 3.58137 0 1
11.0713 43.7788 48.3155 0.160053 0.0106639 0.987051 3.91568 0 1
11.1093 42.5456 48.3033 0.157294 0.0116694 0.987483 4.26289 0 1
10.7731 41.2789 48.375 0.153087 0.0130957 0.988126 4.69408 0 1
9.18871 41.4441 48.6546 0.148292 0.0146289 0.988835 5.15127 0 1
8.77645 43.0512 48.7032 0.143962 0.0159754 0.989454 5.50815 0 1
8.65214 44.3016 48.6853 0.141065 0.0169321 0.989856 5.55465 0 1
8.64926 44.4643 48.681 0.140208 0.0173973 0.989969 5.7733 0 1
7.94253 44.7469 48.7568 0.141506 0.0173492 0.989785 6.27895 0 1
8.03472 42.9969 48.7873 0.144605 0.016832 0.989346 6.73295 0 1
8.33078 41.429 48.7759 0.148838 0.0159533 0.988733 7.11917 0 1
9.30174 40.4614 48.6459 0.153402 0.0148662 0.988052 7.47637 0 1
10.5618 40.3138 48.425 0.157496 0.0137318 0.987424 7.78352 0 1
11.5948 40.7541 48.2382 0.160408 0.0126839 0.986969 8.24245 0 1
11.9124 42.4491 48.1561 0.161605 0.0118231 0.986785 8.51015 0 1
11.8842 43.4748 48.1664 0.160824 0.0112348 0.986919 8.96022 0 1
11.9061 45.1529 48.1533 0.158124 0.0110017 0.987358 9.44085 0 1
11.7971 46.9397 48.1521 0.153856 0.0111857 0.98803 9.73999 0 1
10.9056 47.5239 48.2987 0.148541 0.0117942 0.988836 10.0765 0 1
9.72631 47.6285 48.4947 0.142749 0.0127658 0.989677 10.4396 0 1
8.52312 47.2708 48.666 0.137037 0.0139904 0.990467 10.8693 0 1
7.95496 45.9167 48.7288 0.131978 0.0153389 0.991134 11.1603 0 1
7.93928 44.9015 48.7529 0.128197 0.0166741 0.991609 11.1641 0 1
7.93946 44.8883 48.7531 0.126325 0.0178476 0.991828 11.3986 0 1
7.20981 44.5443 48.8478 0.12685 0.0186998 0.991746 11.7489 0 1
7.19346 45.7471 48.8258 0.129937 0.0190777 0.991339 12.24 0 1
7.26555 47.4238 48.7954 0.13533 0.0188761 0.990621 12.5773 0 1
7.9852 48.3128 48.7061 0.1424 0.0180932 0.989644 13.0865 0 1
9.71164 48.4451 48.491 0.150304 0.0168649 0.988496 13.5723 0 1
11.3642 48.3481 48.2083 0.158153 0.0154423 0.987294 14.0365 0 1
12.6685 47.3495 47.9846 0.165126 0.0141103 0.986171 14.4494 0 1
12.6907 45.8545 48.0011 0.170511 0.0130899 0.985269 14.8875 0 1
12.6749 44.2413 48.0265 0.17372 0.0124797 0.984716 15.1882 0 1
12.6784 43.1329 48.0142 0.174354 0.0122607 0.984607 15.5564 0 1
12.7332 41.7356 48.0165 0.172292 0.0123493 0.984968 15.8555 0 1
12.6822 40.5946 48.0421 0.16776 0.0126579 0.985747 16.1218 0 1
12.1502 39.7359 48.1613 0.161307 0.0131284 0.986817 16.6303 0 1
10.2967 39.489 48.4853 0.153684 0.013729 0.988025 17.0076 0 1
8.94137 39.5883 48.7211 0.145682 0.0144263 0.989226 17.3389 0 1
7.82343 39.9139 48.8559 0.137984 0.015159 0.990318 17.6282 0 1
7.60529 40.9054 48.8677 0.131082 0.0158318 0.991245 18.0178 0 1
7.34285 42.2529 48.8754 0.125295 0.0163388 0.991985 18.3027 0 1
7.28285 43.2556 48.8652 0.120848 0.0166036 0.992532 18.6085 0 1
7.21465 44.3213 48.8537 0.117989 0.0166041 0.992876 18.8833 0 1
6.27591 44.3119 48.955 0.117037 0.0163674 0.992993 19.2098 0 1
6.34681 43.2069 48.9681 0.118317 0.01595 0.992848 19.6003 0 1
6.53108 41.8743 48.9731 0.122039 0.0154202 0.992406 20.0383 0 1
6.57374 40.3636 48.9882 0.128163 0.0148371 0.991642 20.3956 0 1
6.87556 39.1649 48.9697 0.136323 0.0142189 0.990562 20.7703 0 1
8.10104 38.7625 48.838 0.145847 0.0135273 0.989215 21.0884 0 1
9.17956 38.556 48.7031 0.155871 0.0126996 0.987696 21.5806 0 1
10.8566 38.75 48.3897 0.165536 0.0117193 0.986134 21.8534 0 1
11.8568 38.7579 48.2148 0.17417 0.0106665 0.984658 22.1234 0 1
12.8314 38.9464 48.0381 0.181381 0.00970163 0.983365 22.4124 0 1
13.6127 39.6712 47.851 0.18703 0.00899549 0.982313 22.6785 0 1
13.5543 40.71 47.8542 0.191093 0.00866764 0.981534 23.0571 0 1
13.5394 42.1891 47.8563 0.193507 0.00877238 0.98106 23.4114 0 1
13.5617 43.5434 47.8495 0.194096 0.00931564 0.980938 23.6997 0 1
13.5218 44.632 47.8531 0.192603 0.0102616 0.981223 23.994 0 1
13.5641 45.7331 47.8293 0.18879 0.0115176 0.98195 24.4366 0 1
13.5615 47.3911 47.8022 0.182566 0.0129298 0.983109 24.7154 0 1
13.4406 48.4202 47.8154 0.174105 0.0143228 0.984623 24.9886 0 1
12.7194 49.108 47.9562 0.163909 0.0155653 0.986353 25.4802 0 1
10.984 49.2429 48.2615 0.152784 0.0166109 0.98812 25.8235 0 1
9.77448 49.2933 48.4553 0.141706 0.0174851 0.989754 26.1664 0 1
8.59051 49.343 48.6105 0.131615 0.0182389 0.991133 26.4683 0 1
7.56573 49.1627 48.7325 0.123208 0.0189107 0.992201 26.9033 0 1
6.50928 48.1028 48.8514 0.116824 0.0195171 0.992961 27.263 0 1
6.43498 46.8695 48.8673 0.112408 0.020065 0.99346 27.5808 0 1
6.43322 45.7672 48.905 0.109569 0.0205646 0.993766 27.8364 0 1
6.36614 44.9023 48.9326 0.107688 0.0210343 0.993962 27.8591 0 1
6.36704 44.8252 48.9342 0.106049 0.0214962 0.994129 27.8591 0 1
