-73.7282 21.4009 72.1542 -0.837619 -0.0076693 0.546199 0 1 0
-73.0156 20.8958 73.2433 -0.837536 -0.00785574 0.546326 0.374932 0 0
-73.1152 21.9232 73.1023 -0.837431 -0.00801281 0.546484 0.543072 0 0
-73.7033 21.7855 72.1986 -0.837287 -0.00810379 0.546704 0.642988 0 0
-74.0147 22.1087 71.7273 -0.837095 -0.00809226 0.546998 0.794972 0 0
-74.1354 21.146 71.5262 -0.836865 -0.00795821 0.547351 0.949108 0 0
-73.8785 20.2432 71.9048 -0.836624 -0.00770584 0.547724 1.10384 0 0
-73.3602 19.8726 72.6969 -0.836398 -0.00736166 0.548074 1.27691 0 0
-72.7926 20.3014 73.5747 -0.836207 -0.00696831 0.54837 1.49276 0 0
-72.5059 21.5912 74.0221 -0.836061 -0.00657927 0.548596 1.67528 0 0
-72.856 22.5905 73.5019 -0.83596 -0.00625347 0.548754 1.87182 0 0
-73.5471 22.7676 72.4518 -0.835897 -0.00604663 0.548853 1.91655 0 0
-73.7008 22.6959 72.2171 -0.835866 -0.00599852 0.548901 2.03998 0 0
-73.7034 23.4955 72.2192 -0.83587 -0.00612097 0.548893 2.24642 0 0
-72.9684 23.4815 73.3378 -0.835916 -0.0063928 0.548821 2.40131 0 0
-72.4808 23.0112 74.0749 -0.836009 -0.00676414 0.548674 2.56825 0 0
-72.1348 22.1329 74.5931 -0.836147 -0.00716662 0.548459 2.75504 0 0
-72.123 20.9299 74.5935 -0.836314 -0.00752758 0.548199 2.921 0 0
-72.3941 19.9811 74.1712 -0.836485 -0.00778867 0.547934 3.202 0 0
-73.2645 19.1141 72.8294 -0.836639 -0.00792448 0.547697 3.44994 0 0
-74.1213 19.5371 71.5209 -0.836759 -0.00794988 0.547513 3.60789 0 0
-74.4566 20.386 71.0218 -0.836842 -0.00790789 0.547387 3.78998 0 0
-74.5122 21.5803 70.9548 -0.836892 -0.00784337 0.547312 4.03295 0 0
-74.1578 23.0307 71.5231 -0.836915 -0.00777986 0.547278 4.03881 0 0
-74.1413 23.0537 71.5486 -0.836915 -0.00771631 0.547279 4.1643 0 0
-74.2177 23.858 71.4378 -0.83689 -0.00764455 0.547318 4.33485 0 0
-74.6466 23.0758 70.7746 -0.836831 -0.00757055 0.547409 4.51417 0 0
-74.8613 21.9774 70.4268 -0.836733 -0.00751913 0.54756 4.69411 0 0
-74.9214 20.8015 70.3155 -0.836601 -0.00751727 0.547761 4.87805 0 0
-74.7069 19.6512 70.6262 -0.836454 -0.00757035 0.547984 5.08687 0 0
-74.1751 18.6691 71.4278 -0.836316 -0.00765074 0.548194 5.3142 0 0
-73.3772 18.3328 72.6466 -0.836203 -0.00770641 0.548366 5.52141 0 0
-72.6611 18.6519 73.7478 -0.836123 -0.00768247 0.548489 5.68231 0 0
-72.203 19.2707 74.4487 -0.836072 -0.00754351 0.548567 5.84484 0 0
-71.8596 20.1129 74.9802 -0.836048 -0.00728887 0.548608 6.02635 0 0
-71.6888 21.2403 75.2631 -0.836044 -0.00695689 0.548618 6.2466 0 0
-71.8154 22.6347 75.0881 -0.836057 -0.0066154 0.548603 6.44123 0 0
-72.2485 23.5994 74.433 -0.836081 -0.00633985 0.54857 6.61715 0 0
-72.7767 24.2027 73.6356 -0.836113 -0.00618627 0.548523 6.79815 0 0
-73.4162 24.3068 72.6626 -0.836157 -0.00616981 0.548455 7.00642 0 0
-74.1288 23.9448 71.574 -0.836224 -0.00625853 0.548352 7.11581 0 0
-74.2804 24.6029 71.3472 -0.836322 -0.00638683 0.548202 7.38302 0 0
-75.0049 23.4725 70.2325 -0.836443 -0.00648453 0.548016 7.53646 0 0
-75.238 22.5672 69.861 -0.836562 -0.00650846 0.547833 7.72744 0 0
-75.4065 21.3509 69.5854 -0.83664 -0.00646127 0.547714 7.95571 0 0
-75.2414 19.8732 69.8158 -0.836639 -0.00638878 0.547718 8.14867 0 0
-74.8559 18.8118 70.3859 -0.836537 -0.00635674 0.547874 8.2983 0 0
-74.4978 18.0766 70.9294 -0.836342 -0.00641572 0.548171 8.47899 0 0
-73.8908 17.6641 71.8569 -0.836083 -0.00657074 0.548563 8.67069 0 0
-73.2079 17.6282 72.9022 -0.835801 -0.00677523 0.548991 8.84158 0 0
-72.6007 17.6974 73.825 -0.835533 -0.00695438 0.549397 9.00935 0 0
-72.143 18.389 74.5247 -0.835308 -0.0070411 0.549737 9.17713 0 0
-71.7156 19.144 75.1811 -0.835148 -0.00700077 0.549981 9.34147 0 0
-71.4258 20.0616 75.6385 -0.835061 -0.00683413 0.550115 9.50699 0 0
-71.306 21.1006 75.8434 -0.835049 -0.00656514 0.550136 9.66378 0 0
-71.167 22.0647 76.0702 -0.835106 -0.00622583 0.550053 9.826 0 0
-71.4747 22.931 75.6076 -0.835219 -0.0058456 0.549887 9.99394 0 0
-71.7346 23.8912 75.2144 -0.835372 -0.00544617 0.549659 10.1554 0 0
-72.186 24.5285 74.5378 -0.835551 -0.00504073 0.54939 10.3692 0 0
-72.8568 25.159 73.5221 -0.835747 -0.00463526 0.549096 10.6315 0 0
-73.7861 25.1111 72.1044 -0.83595 -0.00423092 0.548789 10.7349 0 0
-74.0974 24.7538 71.6273 -0.836156 -0.00382696 0.548479 10.7349 0 0
