73.803 -19.2244 73.3129 0.830655 -0.0151585 0.556581 0 1 0
74.373 -19.6312 72.4511 0.830741 -0.0151883 0.556452 0.313869 0 0
74.1735 -18.7718 72.7724 0.830796 -0.0152663 0.556368 0.444017 0 0
74.1487 -17.9231 72.8321 0.830823 -0.0153875 0.556324 0.596269 0 0
74.6645 -18.255 72.0487 0.830833 -0.015526 0.556305 0.78092 0 0
74.9231 -19.3646 71.6336 0.830839 -0.0156533 0.556292 0.966209 0 0
74.5654 -20.4088 72.1429 0.830846 -0.0157556 0.556279 1.18597 0 0
73.7825 -20.7306 73.2981 0.830852 -0.0158414 0.556268 1.34024 0 0
73.382 -20.0532 73.9183 0.830849 -0.0159333 0.556269 1.59754 0 0
73.5607 -18.4119 73.6984 0.830833 -0.0160484 0.55629 1.72366 0 0
73.9577 -17.9874 73.116 0.830808 -0.0161817 0.556323 1.84265 0 0
73.826 -17.2528 73.3327 0.830789 -0.0163039 0.556349 2.09553 0 0
73.0765 -18.2327 74.4277 0.830792 -0.0163767 0.556342 2.34308 0 0
72.9185 -19.8191 74.6154 0.830831 -0.0163721 0.556284 2.52431 0 0
73.121 -20.921 74.2803 0.830906 -0.0162835 0.556175 2.74966 0 0
73.8395 -21.5428 73.1846 0.831004 -0.0161258 0.556033 3.01867 0 0
74.7903 -21.0881 71.7881 0.83111 -0.0159281 0.555881 3.24999 0 0
75.2722 -19.835 71.1008 0.831211 -0.0157229 0.555735 3.44598 0 0
75.2927 -18.552 71.0984 0.831302 -0.0155347 0.555604 3.6545 0 0
74.8424 -17.4683 71.8044 0.831384 -0.0153737 0.555486 3.81321 0 0
74.3004 -17.1278 72.6264 0.831454 -0.0152389 0.555384 3.85396 0 0
74.1526 -17.1485 72.847 0.831504 -0.0151294 0.555313 3.99504 0 0
74.4193 -16.3517 72.4692 0.831516 -0.0150545 0.555296 4.15602 0 0
74.965 -16.7048 71.6424 0.831477 -0.015035 0.555355 4.36586 0 0
75.5261 -17.6135 70.7742 0.831384 -0.0150945 0.555494 4.52512 0 0
75.7489 -18.5692 70.4132 0.831246 -0.0152477 0.555695 4.71799 0 0
75.7338 -19.8368 70.4053 0.831089 -0.0154925 0.555923 4.8793 0 0
75.5112 -20.8268 70.7188 0.830943 -0.0158085 0.556132 5.0623 0 0
75.0658 -21.7392 71.3581 0.830838 -0.0161608 0.55628 5.23839 0 0
74.4757 -22.2261 72.2182 0.830799 -0.0165058 0.556328 5.40248 0 0
73.8786 -22.362 73.0986 0.830841 -0.016798 0.556257 5.56035 0 0
73.3245 -22.1407 73.9355 0.830962 -0.0169972 0.55607 5.7193 0 0
72.8615 -21.5624 74.6469 0.831145 -0.0170751 0.555793 5.97913 0 0
72.4892 -20.051 75.2464 0.831364 -0.0170185 0.555467 6.19078 0 0
72.5242 -18.6909 75.2395 0.831588 -0.0168323 0.555138 6.40293 0 0
72.83 -17.4301 74.8222 0.83179 -0.0165399 0.554844 6.69366 0 0
73.7421 -16.4899 73.4795 0.831947 -0.016179 0.55462 6.72268 0 0
73.8413 -16.4265 73.3317 0.832042 -0.0157945 0.554487 6.84442 0 0
73.6818 -15.6946 73.5948 0.832067 -0.0154311 0.55446 7.06633 0 0
74.4782 -15.5983 72.3997 0.832015 -0.0151302 0.554546 7.22618 0 0
75.0547 -15.7112 71.5359 0.831886 -0.0149274 0.554746 7.40184 0 0
75.5702 -16.3626 70.7413 0.831681 -0.0148507 0.555055 7.59948 0 0
76.0224 -17.3578 70.0373 0.831406 -0.0149175 0.555465 7.86127 0 0
76.2741 -19.0067 69.6164 0.831073 -0.015134 0.555958 8.03586 0 0
76.1199 -20.1322 69.8201 0.830698 -0.0154937 0.556507 8.31416 0 0
75.6606 -21.7898 70.4679 0.830317 -0.0159718 0.557062 8.57877 0 0
74.8609 -22.8115 71.6312 0.829977 -0.01652 0.557552 8.78803 0 0
74.1439 -23.3185 72.6781 0.829733 -0.0170701 0.5579 9.03883 0 0
73.2703 -22.9031 73.9908 0.829627 -0.0175508 0.558042 9.20797 0 0
72.7182 -22.4687 74.8307 0.829683 -0.017909 0.557948 9.48715 0 0
72.1456 -21.0184 75.7216 0.829897 -0.0181226 0.557623 9.6676 0 0
71.9396 -19.9304 76.0658 0.830247 -0.0181995 0.557098 9.82603 0 0
72.0341 -18.9294 75.9662 0.830705 -0.0181663 0.556417 10.0805 0 0
72.3278 -17.388 75.5777 0.831238 -0.0180547 0.555624 10.2651 0 0
72.7565 -16.4796 74.9621 0.83182 -0.0178931 0.554758 10.3929 0 0
73.1308 -15.9957 74.4153 0.832428 -0.0177043 0.553851 10.4384 0 0
73.2931 -15.9932 74.1707 0.833041 -0.0175089 0.552933 10.4384 0 0
