74.584 -3.89594 72.5118 0.836039 -0.013637 0.548501 0 1 0
75.1494 -4.07641 71.6453 0.835829 -0.0134769 0.548824 0.320684 0 0
74.8115 -3.25171 72.181 0.835659 -0.0133194 0.549088 0.459247 0 0
74.6102 -2.43271 72.5055 0.83554 -0.013154 0.549273 0.710523 0 0
74.0854 -3.78674 73.2693 0.835475 -0.0129685 0.549376 0.893217 0 0
74.4189 -4.79612 72.7405 0.835454 -0.0127584 0.549412 1.07964 0 0
75.0756 -4.96415 71.7355 0.83546 -0.0125313 0.549409 1.2507 0 0
75.556 -4.24971 71.022 0.835468 -0.0123056 0.549402 1.40758 0 0
75.5201 -3.22133 71.1014 0.835458 -0.012105 0.54942 1.60942 0 0
74.9818 -2.35985 71.9432 0.835421 -0.0119521 0.549481 1.72601 0 0
74.9919 -1.59978 71.9432 0.835349 -0.0118613 0.549592 1.93726 0 0
75.6514 -2.2549 70.9253 0.835242 -0.0118337 0.549754 2.12146 0 0
75.9682 -3.29694 70.4167 0.835105 -0.011854 0.549962 2.29615 0 0
75.9449 -4.44996 70.4293 0.834946 -0.0118911 0.550203 2.45615 0 0
75.5882 -5.29762 70.9521 0.834775 -0.0119058 0.550462 2.69393 0 0
74.7591 -5.75615 72.1982 0.834596 -0.0118643 0.550735 2.87762 0 0
74.1398 -5.37897 73.15 0.834401 -0.0117543 0.551032 3.03549 0 0
73.7731 -4.61868 73.7236 0.834184 -0.0115912 0.551365 3.22874 0 0
73.7139 -3.37815 73.839 0.833945 -0.0114099 0.55173 3.40387 0 0
73.9942 -2.35461 73.4412 0.833705 -0.011247 0.552096 3.5951 0 0
74.5718 -1.69038 72.5789 0.833498 -0.0111245 0.55241 3.7194 0 0
74.2442 -1.15427 73.0864 0.833362 -0.0110461 0.552617 3.92012 0 0
73.6621 -1.92065 73.9478 0.833318 -0.0110024 0.552685 4.18515 0 0
73.2711 -3.47864 74.5035 0.833366 -0.0109798 0.552613 4.34279 0 0
73.2922 -4.48991 74.4502 0.833492 -0.0109633 0.552423 4.51476 0 0
73.5862 -5.44649 73.9885 0.833674 -0.0109319 0.552149 4.67121 0 0
73.9775 -6.14278 73.3802 0.833894 -0.0108545 0.551818 4.90763 0 0
74.7887 -6.49659 72.1396 0.834141 -0.010693 0.551447 5.11926 0 0
75.5256 -6.14506 71.0298 0.83441 -0.0104136 0.551046 5.27902 0 0
76.0109 -5.55609 70.3071 0.834694 -0.0100031 0.550623 5.43921 0 0
76.3383 -4.66809 69.8293 0.834982 -0.00948081 0.550195 5.62099 0 0
76.3758 -3.46112 69.7959 0.835258 -0.00890174 0.549787 5.86979 0 0
76.0676 -1.90955 70.2963 0.835498 -0.00834691 0.54943 6.02227 0 0
75.6683 -1.23036 70.9187 0.835683 -0.00790224 0.549155 6.17828 0 0
75.143 -0.885288 71.719 0.835797 -0.00763506 0.548985 6.31258 0 0
74.6617 -0.846341 72.457 0.835833 -0.00757817 0.548931 6.43976 0 0
74.5026 -0.0750404 72.7077 0.835795 -0.00772574 0.548987 6.70179 0 0
75.4282 -0.260458 71.2925 0.835697 -0.0080392 0.549132 6.87733 0 0
75.9871 -0.803216 70.4397 0.835562 -0.00846013 0.549331 7.04426 0 0
76.4883 -1.39417 69.6646 0.835408 -0.00892687 0.549557 7.26922 0 0
76.7484 -2.80551 69.243 0.835245 -0.0093888 0.549798 7.44045 0 0
76.7771 -3.9533 69.1778 0.835064 -0.00981158 0.550066 7.59736 0 0
76.8146 -4.99997 69.1024 0.834842 -0.0101726 0.550395 7.84574 0 0
76.1937 -6.2395 70.0142 0.834557 -0.0104523 0.550823 8.09207 0 0
75.3887 -6.99923 71.2213 0.834197 -0.0106288 0.551364 8.2797 0 0
74.7403 -7.37637 72.197 0.833776 -0.0106791 0.552 8.44361 0 0
74.1708 -7.13713 73.0655 0.833336 -0.0105837 0.552666 8.68401 0 0
73.4715 -6.25761 74.1422 0.832942 -0.0103317 0.553264 8.84281 0 0
73.1198 -5.47028 74.6873 0.83267 -0.0099237 0.553681 9.0318 0 0
72.8248 -4.39498 75.1531 0.832583 -0.00937068 0.553822 9.19376 0 0
72.8676 -3.36624 75.1057 0.832717 -0.00869208 0.55363 9.45223 0 0
73.1223 -1.76814 74.755 0.83307 -0.00791303 0.553111 9.62895 0 0
73.5691 -0.958117 74.0993 0.833599 -0.00706207 0.552324 9.84899 0 0
74.272 -0.309196 73.054 0.834236 -0.0061696 0.551374 9.90032 0 0
74.4078 -0.0834603 72.8527 0.834889 -0.00526665 0.550375 9.90032 0 0
