-58.8652 44.5149 96.0207 -0.827803 -0.00793415 0.560963 0 1 1
-58.841 43.5056 96.0423 -0.82816 -0.00792677 0.560436 0.334208 0 1
-58.6286 42.7267 96.3531 -0.828477 -0.00788264 0.559967 0.554015 0 1
-58.4192 43.8949 96.6698 -0.828647 -0.00779183 0.559718 0.761514 0 1
-58.5137 45.0446 96.5502 -0.82851 -0.00766284 0.559923 0.877218 0 1
-58.8517 44.8245 96.0448 -0.827927 -0.00750856 0.560786 1.01055 0 1
-59.2413 45.1106 95.4739 -0.826864 -0.00732364 0.562354 1.21805 0 1
-59.2802 43.9578 95.3969 -0.825456 -0.00707295 0.564422 1.48412 0 1
-59.2024 42.4667 95.5007 -0.823994 -0.006701 0.566559 1.67369 0 1
-58.7511 41.7689 96.1661 -0.822844 -0.00615798 0.568234 1.85617 0 1
-58.1899 41.9655 96.996 -0.82232 -0.00542871 0.569 2.07473 0 1
-57.9812 43.1066 97.3004 -0.822578 -0.00455035 0.568635 2.27768 0 1
-57.9913 44.2346 97.2982 -0.823569 -0.00361054 0.567205 2.47162 0 1
-58.0203 45.3107 97.2637 -0.825065 -0.00272941 0.565031 2.66312 0 1
-58.4631 46.0553 96.645 -0.826738 -0.00203688 0.562583 2.8783 0 1
-59.0979 45.8226 95.6795 -0.828238 -0.00165092 0.560374 3.00975 0 1
-59.2407 45.1233 95.4749 -0.829259 -0.00165156 0.558862 3.15423 0 1
-59.63 45.4546 94.8531 -0.829579 -0.00205064 0.558385 3.34908 0 1
-59.672 44.3488 94.8104 -0.829092 -0.00277412 0.559106 3.52944 0 1
-59.6767 43.3415 94.792 -0.827823 -0.00367422 0.560978 3.72118 0 1
-59.6343 42.2611 94.8506 -0.825944 -0.00456443 0.563733 3.9378 0 1
-59.3255 41.1735 95.3103 -0.823768 -0.00525358 0.566902 4.23409 0 1
-58.3969 41.002 96.6751 -0.821718 -0.00556795 0.569867 4.4376 0 1
-57.7682 41.281 97.5646 -0.820254 -0.00537139 0.571974 4.63762 0 1
-57.5535 42.3257 97.8843 -0.819758 -0.00459268 0.572692 4.81897 0 1
-57.5312 43.3317 97.9267 -0.820416 -0.00325392 0.571758 5.07714 0 1
-57.5482 44.7616 97.9133 -0.82215 -0.00148506 0.56927 5.25998 0 1
-57.5729 45.7787 97.8917 -0.824637 0.000487296 0.565663 5.44673 0 1
-57.8297 46.7141 97.5378 -0.827406 0.00237915 0.561599 5.71238 0 1
-58.6568 46.9339 96.3467 -0.829973 0.00390757 0.55779 5.95306 0 1
-59.3564 46.5725 95.2575 -0.831954 0.00484987 0.554824 6.13392 0 1
-59.6046 45.6414 94.8891 -0.833111 0.00508351 0.553082 6.27484 0 1
-60.026 45.7844 94.2202 -0.833345 0.00459597 0.552734 6.44859 0 1
-60.0639 44.7841 94.1881 -0.832653 0.00347139 0.553785 6.75499 0 1
-60.0856 43.0387 94.1751 -0.831101 0.00186997 0.556118 6.93417 0 1
-60.062 42.0267 94.2134 -0.828829 4.91308e-06 0.559502 7.1689 0 1
-59.894 40.7395 94.4659 -0.826054 -0.00188813 0.563588 7.39798 0 1
-59.2254 40.2662 95.448 -0.823066 -0.00358346 0.567934 7.63011 0 1
-58.4925 40.2163 96.5192 -0.820222 -0.00488412 0.572024 7.81666 0 1
-57.8944 40.2759 97.3624 -0.817919 -0.00562649 0.575306 8.00485 0 1
-57.3088 40.5867 98.1825 -0.816543 -0.00568884 0.577257 8.20314 0 1
-57.1133 41.6281 98.4749 -0.816392 -0.00501449 0.577477 8.53329 0 1
-57.0922 43.4605 98.5305 -0.81759 -0.00363826 0.57579 8.84723 0 1
-57.1061 45.2019 98.5251 -0.820047 -0.00169637 0.572293 9.15569 0 1
-57.1917 46.9122 98.434 -0.823489 0.000590105 0.567332 9.37415 0 1
-57.7663 47.5925 97.633 -0.827529 0.00295207 0.561415 9.65277 0 1
-58.6291 47.7075 96.365 -0.831754 0.00511256 0.555121 9.85434 0 1
-59.2463 47.6396 95.4134 -0.835766 0.00681495 0.549043 10.0379 0 1
-59.7785 47.3073 94.5698 -0.839207 0.00784151 0.543755 10.2399 0 1
-59.9806 46.1919 94.2831 -0.841762 0.00803855 0.539789 10.3822 0 1
-60.4121 46.0974 93.5935 -0.843185 0.00735142 0.537574 10.5639 0 1
-60.4465 45.052 93.5657 -0.84332 0.005848 0.537379 10.7782 0 1
-60.4442 43.8199 93.596 -0.842129 0.00370705 0.539264 11.0302 0 1
-60.4886 42.3916 93.5453 -0.839688 0.0011749 0.543068 11.272 0 1
-60.4555 41.0316 93.6234 -0.836189 -0.00148314 0.548439 11.5508 0 1
-60.0666 39.6482 94.1879 -0.831916 -0.00401831 0.554887 11.754 0 1
-59.4404 39.4884 95.1234 -0.827216 -0.00622514 0.561849 11.9858 0 1
-58.7072 39.4341 96.1913 -0.822465 -0.00796702 0.56876 12.2069 0 1
-58.0009 39.4656 97.2021 -0.818029 -0.00919151 0.575103 12.4027 0 1
-57.365 39.56 98.0835 -0.814237 -0.00992292 0.580447 12.5952 0 1
-56.8134 40.0423 98.8383 -0.811365 -0.0102377 0.58445 12.7813 0 1
-56.6602 41.0237 99.0733 -0.809636 -0.0102359 0.586842 13.0941 0 1
-56.6244 42.7276 99.1488 -0.809214 -0.0100075 0.587429 13.3772 0 1
-56.656 44.3096 99.1256 -0.810173 -0.00959034 0.586112 13.561 0 1
-56.6586 45.3285 99.1332 -0.812468 -0.00894057 0.582937 13.7939 0 1
-56.674 46.6215 99.1351 -0.815911 -0.00794848 0.578123 14.0197 0 1
-56.7961 47.8504 98.9956 -0.82019 -0.0065056 0.572055 14.2217 0 1
-57.3631 48.3648 98.202 -0.824922 -0.00458586 0.565228 14.5238 0 1
-58.311 48.4747 96.8344 -0.829725 -0.00229282 0.558168 14.7483 0 1
-59.0092 48.4541 95.7748 -0.834274 0.000148571 0.551349 14.9502 0 1
-59.6231 48.396 94.7976 -0.838335 0.00244289 0.54515 15.1542 0 1
-60.2077 47.9722 93.8651 -0.841742 0.00429025 0.539863 15.3658 0 1
-60.3604 46.7715 93.6562 -0.844368 0.00544438 0.535736 15.5368 0 1
-60.8575 46.472 92.8592 -0.84609 0.00575345 0.533008 15.7203 0 1
-60.8993 45.4089 92.8177 -0.8468 0.00518389 0.531886 15.8938 0 1
-60.9583 44.4058 92.7476 -0.846423 0.00382565 0.532498 16.2378 0 1
-60.9964 42.4157 92.7209 -0.844939 0.00187247 0.53486 16.4119 0 1
-60.957 41.4182 92.7974 -0.842391 -0.000424812 0.538867 16.7254 0 1
-60.811 39.6504 93.0318 -0.838879 -0.00281934 0.544311 16.955 0 1
-60.2944 38.764 93.8268 -0.834561 -0.00511631 0.550892 17.1414 0 1
-59.7194 38.6818 94.6915 -0.829656 -0.0071868 0.558228 17.3278 0 1
-59.1288 38.6058 95.5566 -0.824452 -0.00895334 0.565861 17.5097 0 1
-58.5508 38.4879 96.3984 -0.819282 -0.0103731 0.573297 17.7889 0 1
-57.659 38.6612 97.6638 -0.814495 -0.011429 0.580059 18.0222 0 1
-56.9024 38.6625 98.6865 -0.8104 -0.0121169 0.585752 18.2218 0 1
-56.3225 39.1319 99.4723 -0.807218 -0.0124276 0.590122 18.4147 0 1
-56.1125 40.1057 99.7747 -0.805067 -0.0123458 0.593055 18.6244 0 1
-56.1415 41.2347 99.7727 -0.80399 -0.0118798 0.594525 18.9376 0 1
-56.0526 42.9216 99.9062 -0.80402 -0.0110949 0.594498 19.2381 0 1
-56.1621 44.5723 99.7862 -0.805216 -0.0101084 0.592896 19.4731 0 1
-56.1583 45.8779 99.8125 -0.807626 -0.00903719 0.589626 19.7791 0 1
-56.244 47.5624 99.7491 -0.811214 -0.0079327 0.584696 19.9656 0 1
-56.349 48.5624 99.6006 -0.815791 -0.00675058 0.578307 20.197 0 1
-56.9253 49.3879 98.8132 -0.821017 -0.00537439 0.570878 20.5033 0 1
-57.9162 49.3355 97.4326 -0.826463 -0.0036752 0.562979 20.7122 0 1
-58.5641 49.2614 96.4718 -0.831714 -0.00156833 0.555203 20.9642 0 1
-59.3311 49.2277 95.2702 -0.83645 0.000961841 0.548042 21.1982 0 1
-60.044 49.2759 94.1328 -0.840504 0.00387116 0.541791 21.3799 0 1
-60.5496 48.9076 93.3014 -0.843866 0.00708141 0.536507 21.5759 0 1
-60.7579 47.8343 92.981 -0.84666 0.0105027 0.532031 21.6418 0 1
-60.8107 47.4643 92.9032 -0.849097 0.0140441 0.52805 21.6791 0 1
-60.8155 47.2481 92.9032 -0.851423 0.017615 0.524181 21.6791 0 1
