-59.8264 43.8446 95.897 -0.829199 -0.00328285 0.558943 0 1 1
-59.3779 43.047 96.5577 -0.829632 -0.00303422 0.558302 0.356348 0 1
-59.4094 43.9037 96.5174 -0.829951 -0.00282365 0.557829 0.610591 0 1
-59.3227 45.3174 96.6568 -0.830057 -0.00272154 0.557672 0.776884 0 1
-59.7148 44.7077 96.0696 -0.829883 -0.00278185 0.55793 0.874129 0 1
-59.8194 44.203 95.9095 -0.82947 -0.00297754 0.558543 0.994288 0 1
-60.1862 44.0723 95.3645 -0.829003 -0.0031706 0.559235 1.19688 0 1
-60.1391 42.9505 95.4279 -0.828778 -0.00314822 0.559568 1.45824 0 1
-59.6487 41.79 96.1512 -0.829094 -0.00270871 0.559103 1.69267 0 1
-58.9609 42.2434 97.1633 -0.830127 -0.00174624 0.557572 1.93578 0 1
-58.8881 43.5882 97.2722 -0.831855 -0.000292552 0.554993 2.16476 0 1
-58.8741 44.8688 97.3219 -0.834054 0.00149052 0.551681 2.43083 0 1
-59.1313 46.2636 96.9413 -0.836345 0.00334964 0.548193 2.72172 0 1
-60.0312 46.0761 95.5615 -0.838288 0.00499353 0.545205 2.90495 0 1
-60.1736 45.0698 95.3585 -0.839483 0.00615696 0.543352 2.98031 0 1
-60.1819 44.6451 95.3544 -0.839666 0.00666877 0.543062 3.10893 0 1
-60.5629 44.6254 94.7416 -0.838771 0.00649998 0.544446 3.32946 0 1
-60.528 45.882 94.768 -0.836937 0.0057629 0.547269 3.60082 0 1
-59.9828 47.0561 95.613 -0.83448 0.00465796 0.551019 3.81455 0 1
-59.3344 47.1069 96.6372 -0.831824 0.00340238 0.555029 4.0552 0 1
-58.6087 46.7401 97.7125 -0.829422 0.00218471 0.558619 4.30203 0 1
-58.4692 45.3908 97.8962 -0.827676 0.00116182 0.561206 4.53136 0 1
-58.461 44.1151 97.8914 -0.826877 0.000474391 0.562383 4.79031 0 1
-58.4765 42.6784 97.8511 -0.82716 0.000244303 0.561967 4.9885 0 1
-58.5755 41.5724 97.7189 -0.828485 0.000541395 0.560011 5.1755 0 1
-59.0635 41.0114 97.0043 -0.83065 0.00133927 0.556793 5.36517 0 1
-59.6591 41.0068 96.1307 -0.833318 0.00249055 0.552788 5.54812 0 1
-60.2147 41.2033 95.3015 -0.836061 0.0037407 0.548623 5.83412 0 1
-60.5423 42.6925 94.8265 -0.838412 0.00478278 0.545016 6.02751 0 1
-60.5689 43.7604 94.7574 -0.839937 0.00533917 0.542658 6.1776 0 1
-60.5631 44.6113 94.7415 -0.840316 0.00524056 0.542072 6.30464 0 1
-60.9446 44.6219 94.1258 -0.839417 0.00446716 0.54347 6.56068 0 1
-60.9451 43.1563 94.1617 -0.837329 0.00313474 0.54669 6.78333 0 1
-60.9095 41.8906 94.2431 -0.834346 0.00143995 0.551239 7.07631 0 1
-60.4933 40.4178 94.8805 -0.830894 -0.000397533 0.55643 7.38541 0 1
-59.535 40.2345 96.3073 -0.827455 -0.00216337 0.561527 7.62547 0 1
-58.7804 40.2717 97.4028 -0.8245 -0.00364695 0.56585 7.81246 0 1
-58.2192 40.616 98.198 -0.822449 -0.00464038 0.56882 8.11894 0 1
-58.0502 42.2705 98.4459 -0.821623 -0.00496451 0.57001 8.32379 0 1
-58.0409 43.4117 98.47 -0.822182 -0.00451621 0.569206 8.5514 0 1
-58.043 44.6825 98.4839 -0.824077 -0.00330719 0.566468 8.75814 0 1
-58.0448 45.8339 98.4963 -0.827052 -0.00147046 0.562123 8.94544 0 1
-58.0895 46.8694 98.4588 -0.830719 0.000766841 0.556691 9.24082 0 1
-58.8303 47.808 97.3787 -0.834655 0.00312777 0.550764 9.5268 0 1
-59.709 47.8509 96.0375 -0.838492 0.00532827 0.544888 9.75348 0 1
-60.38 47.7617 94.9562 -0.841951 0.00711162 0.539507 9.99429 0 1
-60.835 46.6824 94.2425 -0.844821 0.00827898 0.534984 10.2034 0 1
-60.927 45.4862 94.1298 -0.846926 0.00871763 0.53164 10.29 0 1
-60.9434 44.9882 94.1195 -0.848093 0.00841673 0.52978 10.4181 0 1
-61.3151 44.79 93.5186 -0.84817 0.00746002 0.529672 10.6255 0 1
-61.3303 43.5966 93.5227 -0.847059 0.00599941 0.531465 10.911 0 1
-61.3195 41.9584 93.5734 -0.844764 0.00422201 0.535123 11.1078 0 1
-61.2975 40.8383 93.6186 -0.841411 0.0023179 0.540391 11.2952 0 1
-61.1135 39.8345 93.9221 -0.837247 0.000448424 0.546825 11.5628 0 1
-60.2981 39.6176 95.171 -0.832601 -0.00128166 0.553871 11.7852 0 1
-59.613 39.5005 96.1875 -0.827834 -0.00283488 0.560966 12.0874 0 1
-58.6625 39.5302 97.5526 -0.823283 -0.00422039 0.567615 12.3111 0 1
-57.9532 39.6579 98.5514 -0.819236 -0.00544859 0.573431 12.5045 0 1
-57.6333 40.5547 98.9988 -0.815926 -0.00649348 0.578121 12.7685 0 1
-57.6141 42.0038 99.0395 -0.813556 -0.00729122 0.581441 12.9578 0 1
-57.6069 43.0582 99.0582 -0.812316 -0.00776983 0.583166 13.1493 0 1
-57.6128 44.1295 99.0674 -0.812361 -0.00787874 0.583101 13.3422 0 1
-57.6174 45.1999 99.0791 -0.813767 -0.0075932 0.581141 13.5292 0 1
-57.6237 46.2332 99.1006 -0.816473 -0.00689696 0.577342 13.7381 0 1
-57.6651 47.3739 99.0643 -0.820257 -0.00577043 0.571965 13.9738 0 1
-58.0823 48.4359 98.4708 -0.82477 -0.00420637 0.565453 14.1587 0 1
-58.6563 48.5388 97.6313 -0.829607 -0.00224744 0.558343 14.3412 0 1
-59.2345 48.5685 96.7851 -0.834404 -1.76717e-05 0.551153 14.5527 0 1
-59.8592 48.5747 95.792 -0.838893 0.00227634 0.544291 14.8811 0 1
-60.835 48.4289 94.2161 -0.842908 0.00437903 0.53804 15.1037 0 1
-61.2008 47.3589 93.6302 -0.846352 0.00603831 0.53259 15.373 0 1
-61.2792 45.8125 93.5432 -0.849145 0.00705386 0.528113 15.4369 0 1
-61.2936 45.4431 93.5323 -0.851191 0.00730855 0.524806 15.588 0 1
-61.7268 45.1506 92.8326 -0.85237 0.0067847 0.522895 15.8324 0 1
-61.7074 43.7383 92.8942 -0.85256 0.00556789 0.5226 16.066 0 1
-61.8054 42.3979 92.7474 -0.851674 0.00383288 0.524058 16.2501 0 1
-61.698 41.3501 92.9512 -0.849694 0.00180616 0.527272 16.5043 0 1
-61.6955 39.8908 92.9606 -0.846692 -0.000285312 0.532084 16.7017 0 1
-61.3492 38.9789 93.5354 -0.842824 -0.00225641 0.538184 16.8867 0 1
-60.8132 38.6967 94.3629 -0.838325 -0.00398242 0.545156 17.0699 0 1
-60.2524 38.6242 95.2201 -0.833479 -0.00540013 0.552525 17.2841 0 1
-59.6016 38.6527 96.2033 -0.828589 -0.00650342 0.55982 17.4867 0 1
-58.9711 38.69 97.1032 -0.823938 -0.00733163 0.566632 17.6767 0 1
-58.3699 38.6931 97.9523 -0.819759 -0.0079405 0.572654 17.8637 0 1
-57.7756 38.8092 98.7814 -0.816221 -0.00836168 0.577679 18.1866 0 1
-57.0868 40.1009 99.7344 -0.813449 -0.0085777 0.581573 18.3761 0 1
-57.0734 41.1253 99.7687 -0.81155 -0.0085334 0.58422 18.6706 0 1
-57.089 42.7308 99.7568 -0.810653 -0.00817587 0.58547 18.889 0 1
-57.0805 43.9481 99.7871 -0.810896 -0.00749261 0.585142 19.1831 0 1
-57.1347 45.5799 99.7462 -0.812388 -0.00652205 0.583081 19.3789 0 1
-57.1774 46.6551 99.7199 -0.815126 -0.00533163 0.57926 19.5752 0 1
-57.2179 47.7224 99.6833 -0.818945 -0.00398068 0.573858 19.7795 0 1
-57.3369 48.8188 99.511 -0.823521 -0.00249345 0.567281 20.0283 0 1
-58.0957 49.2409 98.4465 -0.828433 -0.00085697 0.560088 20.3365 0 1
-59.0674 49.354 97.0419 -0.833269 0.000960522 0.552868 20.5923 0 1
-59.8274 49.3596 95.8438 -0.83771 0.00298586 0.546107 20.8784 0 1
-60.6845 49.3009 94.4639 -0.841582 0.00522471 0.540104 21.1896 0 1
-61.5371 48.6097 93.0683 -0.844861 0.00765635 0.534931 21.4101 0 1
-61.673 47.3706 92.8571 -0.847647 0.0102367 0.530461 21.6133 0 1
-61.676 46.1946 92.8822 -0.850125 0.0129057 0.526422 21.6554 0 1
-61.6798 45.9504 92.8822 -0.852503 0.0155968 0.522481 21.6554 0 1
