-74.9486 21.7785 73.7664 -0.842802 -0.00987225 0.538132 0 1 0
-74.4623 21.4829 74.5225 -0.842335 -0.00948563 0.53887 0.281787 0 0
-74.7432 22.1921 74.0956 -0.841943 -0.00921835 0.539487 0.405259 0 0
-74.8581 22.9614 73.9262 -0.841636 -0.00908126 0.539969 0.565415 0 0
-74.3011 22.8302 74.7885 -0.841398 -0.00903978 0.54034 0.72486 0 0
-74.0054 21.9536 75.2364 -0.841204 -0.00903412 0.540643 0.910991 0 0
-74.1901 20.81 74.9354 -0.84103 -0.00900578 0.540913 1.13418 0 0
-74.9292 20.4094 73.771 -0.840867 -0.00891881 0.541169 1.38593 0 0
-75.4476 21.7311 72.9868 -0.840716 -0.00877032 0.541406 1.55638 0 0
-75.1403 22.6695 73.4845 -0.840589 -0.00858894 0.541605 1.60854 0 0
-75.007 22.8959 73.6958 -0.840503 -0.00842267 0.541741 1.72718 0 0
-75.2302 23.5474 73.3603 -0.840472 -0.00832102 0.54179 1.88591 0 0
-74.6903 23.7968 74.1954 -0.840503 -0.00831827 0.541742 2.04344 0 0
-74.1478 23.603 75.0372 -0.840591 -0.00842319 0.541606 2.22492 0 0
-73.7324 22.7142 75.6682 -0.840714 -0.00861606 0.541411 2.43646 0 0
-73.6199 21.3702 75.8261 -0.840845 -0.00885388 0.541204 2.64404 0 0
-73.9462 20.1919 75.3025 -0.840958 -0.00908439 0.541025 2.83695 0 0
-74.5451 19.662 74.3581 -0.841041 -0.00926532 0.540892 2.99525 0 0
-75.0947 19.7087 73.4991 -0.841101 -0.00938 0.540796 3.25316 0 0
-75.7786 20.8143 72.4511 -0.841157 -0.00943958 0.540709 3.42859 0 0
-75.8228 21.9543 72.4078 -0.841225 -0.00947077 0.540603 3.5939 0 0
-75.6008 22.9404 72.773 -0.841313 -0.00949779 0.540466 3.73541 0 0
-75.2332 23.5457 73.3555 -0.841418 -0.0095295 0.540301 3.857 0 0
-75.4445 24.2327 73.0387 -0.84153 -0.00955781 0.540125 4.02492 0 0
-75.877 23.5116 72.3531 -0.841634 -0.00956523 0.539964 4.1845 0 0
-76.1418 22.6078 71.9238 -0.841708 -0.00953519 0.539848 4.34182 0 0
-76.2604 21.6124 71.7174 -0.841736 -0.00945977 0.539806 4.55517 0 0
-76.0851 20.2517 71.9631 -0.841709 -0.00934149 0.539851 4.71429 0 0
-75.7195 19.4504 72.5194 -0.841628 -0.00918819 0.53998 4.8678 0 0
-75.2332 19.0011 73.2707 -0.841504 -0.00900453 0.540175 5.0499 0 0
-74.5986 18.8732 74.261 -0.841352 -0.00878745 0.540417 5.32797 0 0
-73.7035 19.5465 75.6671 -0.841183 -0.00853156 0.540684 5.6321 0 0
-73.1653 21.2062 76.5278 -0.841017 -0.00824224 0.540945 5.88303 0 0
-73.3158 22.7844 76.3148 -0.840883 -0.00794618 0.541158 6.05854 0 0
-73.5787 23.8037 75.9253 -0.840811 -0.00768845 0.541274 6.29363 0 0
-74.3014 24.5005 74.8109 -0.840821 -0.00751486 0.541261 6.46401 0 0
-74.8934 24.5291 73.8907 -0.840907 -0.00745075 0.541128 6.51893 0 0
-75.0785 24.4293 73.6045 -0.841042 -0.0074909 0.540917 6.6376 0 0
-75.2324 25.1453 73.3748 -0.841191 -0.00760481 0.540685 6.87441 0 0
-75.9533 24.4063 72.2478 -0.841325 -0.00774957 0.540473 7.03338 0 0
-76.367 23.7272 71.5902 -0.841438 -0.00788193 0.540296 7.21465 0 0
-76.5547 22.6011 71.2755 -0.841528 -0.00796789 0.540154 7.42433 0 0
-76.6464 21.2396 71.105 -0.841596 -0.00799054 0.540048 7.5803 0 0
-76.5373 20.2305 71.2594 -0.841634 -0.00795312 0.53999 7.74107 0 0
-76.2294 19.3325 71.7247 -0.841632 -0.00787447 0.539994 7.96883 0 0
-75.5627 18.4709 72.7461 -0.841586 -0.00777731 0.540068 8.16298 0 0
-74.9228 17.9969 73.7353 -0.841497 -0.00767391 0.540207 8.34168 0 0
-74.306 18.1333 74.712 -0.841375 -0.00755788 0.540399 8.51523 0 0
-73.769 18.6232 75.5532 -0.841232 -0.0074093 0.540624 8.70779 0 0
-73.2553 19.3947 76.3583 -0.841078 -0.00721053 0.540866 8.89562 0 0
-72.8994 20.3864 76.926 -0.840916 -0.0069609 0.541122 9.08225 0 0
-72.7684 21.5446 77.1496 -0.840736 -0.00668018 0.541404 9.30398 0 0
-72.7574 22.9496 77.1841 -0.840522 -0.0063999 0.54174 9.57088 0 0
-73.2543 24.3869 76.4378 -0.840258 -0.00614939 0.542152 9.7487 0 0
-73.727 25.1088 75.7144 -0.839938 -0.00594456 0.54265 10.0502 0 0
-74.749 25.3855 74.1227 -0.839569 -0.00578393 0.543223 10.0627 0 0
-74.7927 25.3871 74.0548 -0.839168 -0.00565219 0.543843 10.1723 0 0
-75.1599 25.1841 73.4867 -0.838759 -0.00552793 0.544475 10.1723 0 0
