-88.2869 -44.4413 52.5168 -0.860546 -0.0102006 0.509271 0 1 1
-88.2136 -43.1376 52.6668 -0.860546 -0.0108918 0.509256 0.290505 0 1
-87.8588 -43.4679 53.2641 -0.860564 -0.0114385 0.509215 0.449774 0 1
-87.9849 -44.5774 53.025 -0.860617 -0.0118146 0.509116 0.548073 0 1
-88.218 -45.1009 52.6154 -0.860724 -0.0120414 0.50893 0.598066 0 1
-88.2817 -44.761 52.5192 -0.860888 -0.0121727 0.508648 0.689064 0 1
-88.5899 -44.9921 51.9938 -0.86109 -0.0122702 0.508305 0.832279 0 1
-88.6127 -43.9664 51.9754 -0.861283 -0.0123781 0.507975 0.99252 0 1
-88.5768 -42.8189 52.0584 -0.861417 -0.0125061 0.507744 1.21496 0 1
-87.9898 -41.7399 53.0784 -0.861461 -0.0126286 0.507667 1.45842 0 1
-87.4995 -43.2036 53.8852 -0.861413 -0.012703 0.507745 1.61805 0 1
-87.5251 -44.3476 53.8127 -0.861304 -0.0126961 0.507931 1.83721 0 1
-87.5683 -45.9143 53.6938 -0.861176 -0.0126002 0.508151 2.05046 0 1
-88.3324 -46.1834 52.3904 -0.861071 -0.0124322 0.508332 2.19398 0 1
-88.5464 -45.2241 52.0595 -0.86103 -0.0122197 0.508407 2.29663 0 1
-88.9201 -45.3267 51.4321 -0.861083 -0.0119912 0.508323 2.43932 0 1
-88.9502 -44.3053 51.3961 -0.861248 -0.011774 0.508048 2.58516 0 1
-88.9579 -43.2552 51.4031 -0.861523 -0.0115941 0.507586 2.74862 0 1
-88.9291 -42.0797 51.4799 -0.861878 -0.0114685 0.506986 2.88999 0 1
-88.6949 -41.1841 51.897 -0.862258 -0.0113948 0.50634 3.08054 0 1
-88.0124 -40.9755 53.0582 -0.86259 -0.0113526 0.505776 3.22107 0 1
-87.5059 -41.1009 53.9154 -0.862798 -0.0113178 0.505422 3.41527 0 1
-87.1662 -42.3229 54.4779 -0.862825 -0.0112769 0.505377 3.67538 0 1
-87.166 -44.1824 54.4356 -0.862655 -0.0112272 0.505669 3.84753 0 1
-87.1732 -45.4124 54.387 -0.862318 -0.0111684 0.506245 4.00919 0 1
-87.2269 -46.562 54.264 -0.861881 -0.0111009 0.506988 4.1526 0 1
-87.6616 -47.1015 53.5045 -0.861427 -0.011034 0.507762 4.31302 0 1
-88.2514 -47.0919 52.5075 -0.86102 -0.0109931 0.508452 4.4581 0 1
-88.7258 -46.589 51.7228 -0.860702 -0.011012 0.508989 4.55774 0 1
-88.8595 -45.9133 51.5166 -0.860492 -0.011112 0.509343 4.66885 0 1
-89.261 -45.7188 50.8519 -0.860396 -0.0112831 0.509502 4.81053 0 1
-89.2938 -44.7031 50.8095 -0.860423 -0.0114845 0.50945 4.95964 0 1
-89.3027 -43.6245 50.8109 -0.860582 -0.0116666 0.509179 5.11642 0 1
-89.2972 -42.4867 50.8473 -0.860868 -0.0118 0.508692 5.28962 0 1
-89.2218 -41.2465 51.0043 -0.861257 -0.011888 0.508031 5.41663 0 1
-88.9834 -40.4705 51.4297 -0.861704 -0.0119548 0.507271 5.67573 0 1
-88.0491 -40.2207 53.0131 -0.862146 -0.0120154 0.506517 5.88045 0 1
-87.3098 -40.3139 54.2688 -0.862516 -0.0120528 0.505887 6.04362 0 1
-86.8682 -41.0918 55.0136 -0.862746 -0.0120222 0.505495 6.26501 0 1
-86.7937 -42.6612 55.1119 -0.862781 -0.0118776 0.505438 6.45551 0 1
-86.8118 -44.023 55.05 -0.862585 -0.0115989 0.505778 6.62461 0 1
-86.819 -45.2306 55.0022 -0.86215 -0.0112026 0.506529 6.8233 0 1
-86.835 -46.6477 54.9329 -0.861497 -0.0107365 0.507649 7.00181 0 1
-87.186 -47.7096 54.3061 -0.860674 -0.0102705 0.509053 7.20392 0 1
-87.918 -47.9103 53.0613 -0.859736 -0.00988575 0.510643 7.39737 0 1
-88.6232 -47.7492 51.8724 -0.858742 -0.00965718 0.512318 7.58285 0 1
-89.1634 -46.8974 50.9849 -0.857749 -0.00962771 0.513978 7.63129 0 1
-89.2027 -46.5527 50.9258 -0.856833 -0.0097834 0.515502 7.75246 0 1
-89.6142 -46.1657 50.2529 -0.856084 -0.0100505 0.516739 7.89394 0 1
-89.644 -45.1424 50.2161 -0.855606 -0.0103244 0.517525 8.042 0 1
-89.6533 -44.0702 50.2157 -0.855489 -0.0105158 0.517714 8.19369 0 1
-89.6592 -42.9674 50.2365 -0.855791 -0.0105842 0.517214 8.35268 0 1
-89.6531 -41.823 50.2742 -0.85652 -0.0105426 0.516007 8.51517 0 1
-89.6194 -40.6582 50.3646 -0.857633 -0.0104425 0.514156 8.69285 0 1
-89.2416 -39.6374 51.0222 -0.859035 -0.010355 0.511811 8.88863 0 1
-88.529 -39.4774 52.2059 -0.860585 -0.0103518 0.509201 9.06114 0 1
-87.9036 -39.4455 53.2768 -0.862118 -0.010482 0.506599 9.24595 0 1
-87.2376 -39.4573 54.4128 -0.863479 -0.0107458 0.50427 9.39784 0 1
-86.7042 -39.7081 55.3195 -0.864552 -0.011082 0.502422 9.57622 0 1
-86.4978 -40.924 55.6627 -0.865272 -0.0113812 0.501174 9.7182 0 1
-86.4604 -41.9313 55.7103 -0.865625 -0.0115223 0.50056 9.86596 0 1
-86.4456 -42.9792 55.7123 -0.86563 -0.0114197 0.500554 10.0067 0 1
-86.4534 -43.9853 55.6692 -0.865321 -0.0110565 0.501096 10.2111 0 1
-86.4473 -45.4439 55.6341 -0.864736 -0.0104884 0.502117 10.392 0 1
-86.4449 -46.7371 55.6011 -0.863907 -0.00981057 0.503557 10.5606 0 1
-86.4909 -47.9459 55.4926 -0.862857 -0.00910977 0.505366 10.7735 0 1
-87.207 -48.517 54.2604 -0.861613 -0.00843012 0.507496 10.9403 0 1
-87.8148 -48.6156 53.2288 -0.860221 -0.00777244 0.509863 11.1212 0 1
-88.4749 -48.5638 52.1123 -0.858776 -0.00712114 0.512302 11.2601 0 1
-88.9878 -48.4242 51.2566 -0.857428 -0.00647685 0.514563 11.4895 0 1
-89.5564 -47.1583 50.3309 -0.856352 -0.00587608 0.516359 11.4914 0 1
-89.5573 -47.1443 50.3296 -0.855704 -0.00538861 0.517437 11.6102 0 1
-89.9828 -46.8173 49.6447 -0.855582 -0.00509377 0.517642 11.7593 0 1
-89.894 -47.8866 49.7792 -0.856006 -0.00504971 0.516941 11.9538 0 1
-89.4758 -49.0741 50.4458 -0.856917 -0.00527725 0.515427 12.106 0 1
-88.8981 -49.2755 51.3916 -0.858192 -0.00576496 0.513296 12.3237 0 1
-88.0904 -49.5217 52.7565 -0.859672 -0.00647931 0.510805 12.5304 0 1
-87.3427 -49.2822 54.0226 -0.861201 -0.00736365 0.508211 12.7298 0 1
-86.6164 -49.2349 55.2549 -0.862663 -0.00833247 0.505711 12.8772 0 1
-86.1274 -48.8354 56.1013 -0.863984 -0.00927775 0.503433 13.0894 0 1
-86.0175 -47.3396 56.3355 -0.86512 -0.0100897 0.501463 13.2432 0 1
-86.0176 -46.2405 56.3512 -0.866028 -0.0106792 0.499881 13.4207 0 1
-85.9976 -44.9638 56.4212 -0.866651 -0.0109911 0.498793 13.5767 0 1
-86.0932 -43.8569 56.2999 -0.866924 -0.0110109 0.498319 13.8094 0 1
-86.0463 -42.2106 56.4366 -0.866784 -0.0107713 0.498567 13.992 0 1
-86.0645 -40.9229 56.4299 -0.866199 -0.0103567 0.499592 14.2305 0 1
-86.2475 -39.272 56.1393 -0.865178 -0.00989657 0.501367 14.4188 0 1
-86.8051 -38.5353 55.171 -0.863785 -0.00953772 0.503771 14.5698 0 1
-87.3422 -38.7024 54.2489 -0.862135 -0.00939854 0.506592 14.7706 0 1
-88.0626 -38.7111 53.0112 -0.860381 -0.00951948 0.509562 15.005 0 1
-88.9214 -38.7005 51.5608 -0.858693 -0.0098312 0.512396 15.1478 0 1
-89.4442 -38.8678 50.6942 -0.857226 -0.0101612 0.514841 15.3118 0 1
-89.9448 -39.539 49.8659 -0.856084 -0.0102832 0.516734 15.5072 0 1
-90.0822 -40.9041 49.6075 -0.855308 -0.00998751 0.518024 15.6677 0 1
-90.0818 -42.0634 49.5736 -0.854871 -0.0091383 0.51876 15.8276 0 1
-90.0798 -43.2232 49.5466 -0.854708 -0.00769799 0.519052 15.9803 0 1
-90.0647 -44.3313 49.5357 -0.854739 -0.00572071 0.519027 16.1381 0 1
-90.0355 -45.484 49.5625 -0.854892 -0.0033301 0.518795 16.2925 0 1
-90.0084 -46.6092 49.6029 -0.855108 -0.000693092 0.518449 16.2997 0 1
-90.0087 -46.6621 49.6033 -0.85532 0.00200625 0.518062 16.2997 0 1
