77.2451 -4.22895 75.378 0.844664 -0.0126675 0.535145 0 1 0
77.4249 -3.02882 75.1262 0.844911 -0.0127267 0.534756 0.356272 0 0
77.9605 -3.37491 74.2703 0.845195 -0.012734 0.534306 0.506681 0 0
78.0312 -4.33788 74.1351 0.845528 -0.0126673 0.533781 0.71091 0 0
77.3245 -4.33152 75.2497 0.84589 -0.0125185 0.533211 0.729416 0 0
77.2651 -4.28939 75.345 0.846236 -0.0123017 0.532666 0.871201 0 0
77.0468 -5.11942 75.6723 0.846511 -0.0120515 0.532234 1.09867 0 0
77.8093 -5.40942 74.4543 0.846672 -0.0118115 0.531983 1.35306 0 0
78.5159 -4.39453 73.3642 0.846702 -0.011619 0.53194 1.51282 0 0
78.4967 -3.36081 73.4168 0.846609 -0.0114934 0.532091 1.72024 0 0
78.0434 -2.32693 74.1597 0.84642 -0.0114318 0.532393 1.94891 0 0
77.2511 -2.33277 75.4163 0.84617 -0.0114097 0.53279 2.14886 0 0
76.7793 -3.29748 76.1378 0.845904 -0.0113857 0.533214 2.44298 0 0
77.0447 -5.1179 75.6758 0.845672 -0.0113148 0.533584 2.57632 0 0
76.8526 -5.90459 75.963 0.845528 -0.0111656 0.533814 2.73499 0 0
76.4634 -5.20553 76.5921 0.845525 -0.0109362 0.533823 2.90332 0 0
76.2909 -4.1813 76.8854 0.84569 -0.0106563 0.533568 3.08854 0 0
76.3826 -3.00093 76.7707 0.846007 -0.0103761 0.533071 3.25952 0 0
76.7243 -2.09271 76.2544 0.846415 -0.0101433 0.532426 3.42297 0 0
77.1911 -1.49533 75.5241 0.846829 -0.00998377 0.531772 3.65357 0 0
77.9892 -1.43298 74.2594 0.847163 -0.00989377 0.531241 3.87748 0 0
78.6325 -2.2268 73.2224 0.847363 -0.0098478 0.530923 4.06396 0 0
78.9222 -3.29172 72.7245 0.847413 -0.00981179 0.530844 4.28689 0 0
78.8946 -4.76084 72.7467 0.847333 -0.00975375 0.530973 4.44419 0 0
78.5764 -5.60982 73.2319 0.847165 -0.00964945 0.531242 4.65569 0 0
77.9183 -6.24381 74.2646 0.846964 -0.00948806 0.531566 4.82869 0 0
77.3211 -6.31366 75.2117 0.846785 -0.00927952 0.531854 4.94262 0 0
76.9697 -6.00051 75.7749 0.846682 -0.00905531 0.532023 5.07661 0 0
76.6902 -6.69055 76.2068 0.846686 -0.00885531 0.532019 5.30606 0 0
77.4157 -7.2233 75.0469 0.8468 -0.00870783 0.53184 5.58666 0 0
78.3586 -6.81067 73.5594 0.846987 -0.00861914 0.531544 5.77072 0 0
78.8991 -6.1621 72.7109 0.84718 -0.00858028 0.531236 6.05893 0 0
79.4122 -4.53252 71.913 0.847308 -0.00858315 0.531032 6.22515 0 0
79.4436 -3.42979 71.8746 0.847317 -0.00863096 0.531017 6.38776 0 0
79.2245 -2.43174 72.2536 0.847188 -0.00873463 0.531221 6.62163 0 0
78.7295 -1.22086 73.0799 0.846937 -0.00889898 0.531618 6.7976 0 0
78.2037 -0.653624 73.9279 0.846606 -0.00910969 0.532142 7.06573 0 0
77.2784 -0.520711 75.4013 0.846243 -0.00933065 0.532716 7.28627 0 0
76.6209 -1.25926 76.4322 0.845891 -0.00951336 0.533271 7.45607 0 0
76.1495 -1.92199 77.1609 0.845579 -0.00961224 0.533764 7.6546 0 0
75.8821 -3.09974 77.5539 0.845321 -0.00959719 0.534172 7.82304 0 0
75.8475 -4.17437 77.5862 0.845119 -0.00945902 0.534495 7.98191 0 0
75.9431 -5.16913 77.4139 0.844965 -0.00920825 0.534742 8.15398 0 0
76.2468 -6.09654 76.9155 0.844848 -0.00887047 0.534933 8.16197 0 0
76.2673 -6.12968 76.8826 0.844751 -0.00848074 0.535092 8.17358 0 0
76.3037 -6.15836 76.8248 0.84466 -0.00807786 0.535242 8.17358 0 0
