-79.382 35.6014 70.5785 -0.838529 -0.00933925 0.544775 0 1 0
-78.859 35.8017 71.3905 -0.838764 -0.00950883 0.544412 0.344817 0 0
-79.1511 34.6766 70.9169 -0.838985 -0.0095905 0.54407 0.380404 0 0
-79.2649 34.7799 70.7426 -0.839205 -0.0095749 0.543731 0.518418 0 0
-79.6617 34.2599 70.1227 -0.839441 -0.00948717 0.543368 0.703072 0 0
-79.8875 35.3945 69.7967 -0.839706 -0.00937263 0.542961 0.9155 0 0
-79.4995 36.5727 70.4119 -0.839997 -0.00927447 0.542512 1.08571 0 0
-78.914 36.8284 71.3187 -0.840296 -0.0092143 0.542049 1.23869 0 0
-78.5038 36.1773 71.9484 -0.840575 -0.00918528 0.541617 1.42988 0 0
-78.4876 34.9418 71.9561 -0.840801 -0.00916057 0.541266 1.61567 0 0
-78.913 34.0432 71.2781 -0.84095 -0.00911144 0.541036 1.7221 0 0
-79.2732 33.8648 70.7125 -0.841015 -0.00902662 0.540937 1.83792 0 0
-79.337 33.1176 70.5972 -0.841011 -0.00892698 0.540945 2.04557 0 0
-78.6347 33.4845 71.7031 -0.84098 -0.00886897 0.540994 2.30406 0 0
-78.0849 34.808 72.5797 -0.840977 -0.0089289 0.540998 2.48286 0 0
-78.0449 35.9578 72.6595 -0.841052 -0.00916887 0.540876 2.64868 0 0
-78.2696 36.9432 72.3227 -0.841232 -0.00960097 0.54059 2.80845 0 0
-78.7257 37.5444 71.6208 -0.841507 -0.010173 0.540151 3.08117 0 0
-79.6749 37.2763 70.1525 -0.841835 -0.0107854 0.539626 3.26781 0 0
-80.1403 36.4221 69.4224 -0.842154 -0.0113274 0.539119 3.44793 0 0
-80.3144 35.3011 69.1333 -0.842393 -0.0117109 0.538736 3.65356 0 0
-80.1186 34.0075 69.3973 -0.842498 -0.0118865 0.538568 3.8182 0 0
-79.6652 33.3105 70.0837 -0.842441 -0.0118437 0.538659 3.93362 0 0
-79.8574 32.648 69.7652 -0.842226 -0.0116034 0.539 4.09695 0 0
-79.2967 32.3672 70.644 -0.84189 -0.0112103 0.539533 4.2514 0 0
-78.76 32.5073 71.491 -0.841484 -0.0107264 0.540175 4.41615 0 0
-78.2721 33.0738 72.2599 -0.841069 -0.0102249 0.540832 4.62394 0 0
-77.7991 34.0876 73.0102 -0.840701 -0.00978419 0.541411 4.78623 0 0
-77.645 35.0948 73.2647 -0.840444 -0.00948208 0.541816 4.94605 0 0
-77.6245 36.1216 73.3073 -0.840354 -0.0093872 0.541957 5.10284 0 0
-77.8097 37.076 73.0385 -0.840469 -0.00954476 0.541776 5.26836 0 0
-78.213 37.8403 72.4215 -0.840787 -0.00996066 0.541274 5.49488 0 0
-78.9404 38.4341 71.3036 -0.841264 -0.0105936 0.540521 5.67578 0 0
-79.5639 38.2051 70.3386 -0.84183 -0.011363 0.539623 5.91892 0 0
-80.2871 37.3657 69.2094 -0.842422 -0.0121703 0.538681 6.09931 0 0
-80.6112 36.3609 68.6899 -0.842992 -0.0129213 0.537771 6.37063 0 0
-80.6849 34.6085 68.5232 -0.843509 -0.0135397 0.536945 6.53896 0 0
-80.4569 33.5749 68.848 -0.843932 -0.0139711 0.536268 6.66685 0 0
-80.1561 32.9255 69.3003 -0.844207 -0.0141821 0.53583 6.78708 0 0
-80.4873 32.4345 68.7653 -0.844277 -0.0141605 0.53572 7.05746 0 0
-81.047 33.9236 67.927 -0.844112 -0.0139152 0.535986 7.24251 0 0
-81.1185 35.1482 67.8472 -0.843729 -0.0134736 0.5366 7.40766 0 0
-81.0144 36.2195 68.0431 -0.843188 -0.0128763 0.537465 7.57534 0 0
-80.8835 37.2906 68.2817 -0.842571 -0.0121707 0.538448 7.7516 0 0
-80.4519 38.1117 68.9703 -0.841958 -0.0114082 0.539422 7.90927 0 0
-79.9836 38.6604 69.7032 -0.84141 -0.0106445 0.540292 8.13141 0 0
-79.2505 39.1729 70.8374 -0.840963 -0.00993873 0.541002 8.2948 0 0
-78.6749 39.1136 71.7253 -0.840635 -0.00934862 0.541521 8.46633 0 0
-78.1308 38.634 72.5605 -0.84044 -0.00891968 0.541831 8.66605 0 0
-77.6004 37.7971 73.3715 -0.84039 -0.00867649 0.541913 8.95683 0 0
-77.1066 36.1648 74.1044 -0.840493 -0.00862112 0.541753 9.18294 0 0
-77.2527 34.7424 73.8632 -0.840749 -0.00873938 0.541355 9.36624 0 0
-77.3301 33.57 73.734 -0.841133 -0.00901001 0.540754 9.56392 0 0
-77.8527 32.7595 72.9013 -0.841607 -0.00941104 0.540009 9.71966 0 0
-78.2872 32.1516 72.2192 -0.842129 -0.0099213 0.539185 9.93932 0 0
-78.965 31.4993 71.1483 -0.842667 -0.0105189 0.538333 10.2169 0 0
-79.9303 31.7355 69.6304 -0.843202 -0.0111797 0.53748 10.3836 0 0
-80.4391 32.3071 68.8382 -0.843733 -0.0118773 0.536632 10.393 0 0
-80.468 32.3397 68.7931 -0.844258 -0.0125841 0.535784 10.393 0 0
