65.8772 44.6451 96.594 0.858798 0.0103183 0.512172 0 1 1
65.8846 43.6358 96.6126 0.858588 0.0102919 0.512562 0.386533 0 1
66.0294 42.5154 96.4139 0.858277 0.0102278 0.513084 0.538288 0 1
66.2491 43.2272 96.0133 0.857886 0.0102915 0.513738 0.782703 0 1
66.259 44.5926 95.9585 0.857476 0.0106696 0.514413 0.951846 0 1
66.0858 45.4796 96.2388 0.857151 0.0114328 0.514938 1.10905 0 1
66.0454 46.3521 96.3004 0.857016 0.0124727 0.515139 1.28862 0 1
65.5707 45.9677 97.0956 0.857146 0.0135538 0.514895 1.49611 0 1
65.4707 44.8256 97.2626 0.857571 0.0144304 0.514164 1.81209 0 1
65.5194 43.0612 97.2412 0.858257 0.0149409 0.513003 2.12765 0 1
66.0469 41.5775 96.4373 0.8591 0.0150311 0.511586 2.30975 0 1
66.5049 41.984 95.6374 0.859929 0.014737 0.5102 2.63788 0 1
66.6211 43.7861 95.3625 0.860542 0.0141745 0.509183 2.83976 0 1
66.5984 44.9161 95.3895 0.860772 0.0135378 0.508811 3.03327 0 1
66.4709 45.9678 95.5924 0.860559 0.0130644 0.509183 3.1801 0 1
66.8472 46.2603 94.9282 0.859981 0.0129489 0.510162 3.36141 0 1
66.4719 46.9317 95.5813 0.85924 0.0132501 0.511401 3.54349 0 1
65.9625 47.1115 96.4315 0.858598 0.0138594 0.512462 3.84583 0 1
65.1703 46.393 97.7505 0.858282 0.0145571 0.512971 4.18898 0 1
65.1002 44.4732 97.8628 0.858409 0.0151162 0.512743 4.37162 0 1
65.1268 43.4488 97.8525 0.858965 0.0153983 0.511803 4.55219 0 1
65.1943 42.4392 97.8184 0.859853 0.0153993 0.510309 4.80244 0 1
65.4933 41.1732 97.3934 0.860968 0.0152305 0.508431 5.00476 0 1
66.0277 40.8416 96.489 0.862231 0.0150454 0.506292 5.20706 0 1
66.5888 40.9393 95.5121 0.863578 0.0149445 0.503994 5.48057 0 1
66.9398 42.2943 94.8805 0.864921 0.0149063 0.501687 5.67149 0 1
66.969 43.354 94.7852 0.866118 0.0147835 0.499622 5.8582 0 1
66.9607 44.3989 94.7741 0.866988 0.0143677 0.498123 6.09038 0 1
66.8951 45.6933 94.8755 0.867361 0.0134927 0.497497 6.23667 0 1
67.2814 45.4988 94.1911 0.867132 0.012129 0.497931 6.42293 0 1
67.2182 46.54 94.2462 0.866293 0.0104376 0.499427 6.62216 0 1
66.9756 47.5636 94.6531 0.864935 0.00875298 0.501808 6.89526 0 1
66.2295 47.8241 95.9816 0.863227 0.00748378 0.50476 7.0754 0 1
65.7196 47.8127 96.8435 0.861391 0.00695558 0.507894 7.28402 0 1
65.1246 47.6315 97.832 0.859673 0.007272 0.510793 7.45641 0 1
64.7857 46.9214 98.3859 0.858316 0.00826919 0.513055 7.64545 0 1
64.7367 45.874 98.4643 0.857518 0.00958776 0.514365 7.83362 0 1
64.7346 44.8342 98.4602 0.857384 0.0108245 0.514564 8.01604 0 1
64.7469 43.8202 98.4449 0.857884 0.0116884 0.513711 8.30558 0 1
64.8222 42.1984 98.447 0.858873 0.0120883 0.512045 8.61464 0 1
65.0588 40.5841 98.1267 0.860164 0.0121214 0.509873 8.81545 0 1
65.5946 40.2068 97.255 0.861609 0.0119761 0.507432 9.11602 0 1
66.4242 40.1301 95.8222 0.863144 0.0118069 0.50482 9.34337 0 1
67.0292 40.3768 94.7308 0.864774 0.0116521 0.502026 9.58522 0 1
67.2655 41.6642 94.3021 0.866512 0.0114423 0.499025 9.80943 0 1
67.3195 42.9208 94.2037 0.86832 0.0110828 0.49588 10.0961 0 1
67.3103 44.5214 94.1728 0.870079 0.0105411 0.4928 10.1832 0 1
67.2996 45.0104 94.1871 0.871587 0.00988327 0.49014 10.3155 0 1
67.6481 44.8064 93.5698 0.872598 0.00925307 0.488351 10.5605 0 1
67.6658 43.4275 93.5758 0.872859 0.00882503 0.487894 10.8259 0 1
67.6383 41.936 93.6301 0.872167 0.00876336 0.489131 11.0705 0 1
67.5901 40.5492 93.7061 0.870428 0.0091821 0.49221 11.2561 0 1
67.2872 39.6972 94.2738 0.867704 0.0100877 0.496979 11.4957 0 1
66.6396 39.4274 95.4468 0.864222 0.0113209 0.502983 11.7238 0 1
66.0015 39.4273 96.5711 0.860345 0.0125583 0.509557 12.0141 0 1
65.1728 39.5257 97.9693 0.856498 0.0134081 0.515976 12.2016 0 1
64.6591 39.868 98.8055 0.853094 0.0135636 0.521581 12.4387 0 1
64.496 41.1057 99.0069 0.850479 0.0129273 0.52585 12.6393 0 1
64.4436 42.1842 99.0498 0.848903 0.0116415 0.528421 12.8282 0 1
64.3995 43.1975 99.0436 0.848505 0.0100245 0.529093 13.116 0 1
64.3642 44.7801 99.0482 0.849306 0.00846295 0.527833 13.3077 0 1
64.3651 45.8543 99.0549 0.851198 0.00731214 0.524794 13.5235 0 1
64.3933 47.053 99.0207 0.853946 0.006832 0.520317 13.7812 0 1
64.7331 48.3321 98.4789 0.857223 0.00715459 0.514896 14.0211 0 1
65.4188 48.5152 97.3589 0.860671 0.00827112 0.509094 14.2284 0 1
65.9947 48.5517 96.3726 0.863981 0.010032 0.503424 14.4222 0 1
66.5291 48.5309 95.4313 0.866946 0.0121664 0.498254 14.6324 0 1
67.098 48.3933 94.4064 0.869472 0.0143317 0.493775 14.8107 0 1
67.506 47.8249 93.6724 0.871543 0.0161883 0.490052 15.0242 0 1
67.5937 46.6084 93.5618 0.873159 0.0174764 0.487122 15.2032 0 1
67.6204 45.5765 93.5747 0.874285 0.018062 0.485077 15.3494 0 1
67.9735 45.9375 92.9141 0.874835 0.0179374 0.484088 15.5934 0 1
67.9146 47.3471 92.94 0.87469 0.0171844 0.484378 15.7932 0 1
67.9304 48.5006 92.8545 0.873739 0.0159276 0.486135 16.015 0 1
67.4084 49.1768 93.8087 0.871936 0.0142977 0.489411 16.1952 0 1
66.9253 49.3551 94.6996 0.869345 0.0124167 0.49405 16.3808 0 1
66.4195 49.3789 95.6159 0.866147 0.010411 0.49968 16.5827 0 1
65.8569 49.3494 96.5945 0.862611 0.00844342 0.505797 16.7887 0 1
65.2804 49.3063 97.5891 0.859024 0.00673264 0.511891 16.9938 0 1
64.6936 49.2316 98.5514 0.855613 0.00552323 0.517587 17.1836 0 1
64.1621 48.958 99.3892 0.8525 0.00500554 0.522703 17.3578 0 1
63.9448 48.0997 99.7318 0.849717 0.00522841 0.527213 17.5634 0 1
63.9216 46.9681 99.764 0.847285 0.00605963 0.531103 17.7829 0 1
63.9214 45.765 99.7493 0.8453 0.00722254 0.534243 17.9871 0 1
63.9173 44.6405 99.7451 0.843964 0.00839526 0.536334 18.1669 0 1
63.9379 43.6387 99.7399 0.843537 0.00932568 0.53699 18.349 0 1
63.9695 42.635 99.7513 0.844232 0.00990464 0.535887 18.5494 0 1
63.998 41.5645 99.7356 0.84612 0.0101605 0.532895 18.7451 0 1
64.0428 40.5091 99.7044 0.849094 0.0101857 0.528143 19.0619 0 1
64.4209 38.9322 99.1881 0.852884 0.0100548 0.522004 19.3959 0 1
65.3591 38.7136 97.6783 0.857122 0.00979559 0.51502 19.5792 0 1
65.8675 38.6053 96.8134 0.861426 0.00942833 0.507795 19.7611 0 1
66.3782 38.4893 95.9364 0.865456 0.00902708 0.500904 20.0343 0 1
67.1165 38.6768 94.6015 0.86896 0.00874728 0.494805 20.2178 0 1
67.6164 38.801 93.6852 0.87179 0.0087978 0.489801 20.3867 0 1
67.969 39.4141 93.0156 0.873898 0.00937605 0.486019 20.6619 0 1
68.0378 40.9998 92.8748 0.875318 0.0106014 0.483432 20.8756 0 1
68.0438 42.2266 92.8767 0.87615 0.0124755 0.481877 21.1533 0 1
68.0547 43.8317 92.8475 0.876542 0.0148807 0.481095 21.3436 0 1
68.0155 44.9264 92.8905 0.876672 0.0176113 0.480767 21.3793 0 1
68.0125 45.1309 92.8905 0.876697 0.0204242 0.480533 21.3793 0 1
