-65.4291 -42.7142 95.8961 -0.895436 0.00709166 0.445134 0 1 1
-65.3938 -44.1129 95.9929 -0.895736 0.00692795 0.444532 0.470568 0 1
-65.3506 -45.2518 96.0788 -0.89602 0.00677258 0.443962 0.666992 0 1
-64.9794 -44.5921 96.8404 -0.896307 0.00669032 0.443385 0.92437 0 1
-65.0371 -43.2113 96.6981 -0.896608 0.00676542 0.442773 1.11408 0 1
-65.4207 -42.6784 95.9126 -0.896913 0.00704455 0.44215 1.11859 0 1
-65.4282 -42.696 95.8975 -0.897188 0.00749365 0.441586 1.27104 0 1
-65.7796 -42.9459 95.1947 -0.897392 0.00800333 0.441161 1.48777 0 1
-65.7685 -44.1134 95.2369 -0.897508 0.00843643 0.440917 1.85774 0 1
-65.702 -46.1009 95.3536 -0.89755 0.00868363 0.440827 2.0758 0 1
-65.2395 -46.5904 96.3514 -0.897563 0.0086983 0.4408 2.36602 0 1
-64.7119 -45.5539 97.4119 -0.897598 0.00850167 0.440733 2.57745 0 1
-64.6584 -44.4283 97.485 -0.897681 0.00816273 0.440569 2.84934 0 1
-64.6704 -42.9655 97.4373 -0.897797 0.00776667 0.440342 3.15938 0 1
-64.9873 -41.4695 96.7787 -0.897884 0.00738984 0.44017 3.37151 0 1
-65.4868 -41.4134 95.7657 -0.897867 0.00709091 0.44021 3.5368 0 1
-65.7412 -42.094 95.2588 -0.89768 0.00691171 0.440595 3.70105 0 1
-66.11 -42.292 94.4797 -0.897294 0.00687992 0.441379 3.90837 0 1
-66.0141 -41.1811 94.6867 -0.896732 0.00701568 0.442518 4.10621 0 1
-65.6414 -40.5244 95.4367 -0.896064 0.00734517 0.443865 4.38969 0 1
-64.9717 -40.5169 96.796 -0.8954 0.00791209 0.445192 4.64073 0 1
-64.4085 -40.9381 97.9206 -0.894871 0.00876851 0.44624 4.87631 0 1
-64.2996 -42.1544 98.1605 -0.894589 0.00993254 0.44678 5.17754 0 1
-64.2993 -43.7505 98.1961 -0.894626 0.0113292 0.446672 5.37153 0 1
-64.3048 -44.7704 98.1987 -0.895003 0.0127635 0.445878 5.69408 0 1
-64.3604 -46.4789 98.1161 -0.895699 0.0139627 0.444441 5.89645 0 1
-64.6608 -47.3714 97.5889 -0.896669 0.0146695 0.442459 6.09121 0 1
-65.1101 -47.4911 96.6735 -0.897837 0.0147263 0.440083 6.29473 0 1
-65.5756 -47.4656 95.6955 -0.8991 0.0141179 0.437515 6.50817 0 1
-66.0272 -47.0045 94.735 -0.900333 0.0129697 0.435009 6.68803 0 1
-66.0982 -46.052 94.5376 -0.901401 0.0115118 0.432833 6.93701 0 1
-66.1187 -44.6765 94.4956 -0.902185 0.0100136 0.431234 7.13316 0 1
-66.1226 -43.6015 94.4796 -0.902589 0.00871468 0.430414 7.34 0 1
-66.1181 -42.478 94.4668 -0.902543 0.00778178 0.430529 7.49885 0 1
-66.4698 -42.7129 93.7095 -0.901997 0.00729673 0.431681 7.68603 0 1
-66.4634 -41.6834 93.7376 -0.900935 0.00725585 0.433894 7.89517 0 1
-66.414 -40.5594 93.8559 -0.899392 0.00757308 0.437078 8.15592 0 1
-65.9319 -39.6851 94.8166 -0.897464 0.00810513 0.441013 8.34845 0 1
-65.4833 -39.5978 95.7454 -0.895305 0.00871072 0.445369 8.55208 0 1
-65.006 -39.6404 96.7133 -0.893112 0.00931546 0.449738 8.76951 0 1
-64.4967 -39.7234 97.7388 -0.891112 0.00993131 0.453676 9.00463 0 1
-63.9824 -40.213 98.7285 -0.889528 0.0106113 0.456758 9.20014 0 1
-63.907 -41.2154 98.9111 -0.888555 0.0113767 0.458628 9.52748 0 1
-63.8872 -42.9318 98.9575 -0.888326 0.0121759 0.459051 9.80934 0 1
-63.9379 -44.4228 98.9016 -0.888887 0.0128994 0.457945 10.0295 0 1
-63.9482 -45.5842 98.8943 -0.890181 0.0134285 0.45541 10.2252 0 1
-63.9673 -46.6307 98.8838 -0.892056 0.0136772 0.451718 10.49 0 1
-64.1571 -48.0166 98.6079 -0.894299 0.0136061 0.447262 10.7995 0 1
-64.8813 -48.3513 97.175 -0.896695 0.0132167 0.442452 11.0344 0 1
-65.4323 -48.3566 96.0477 -0.899082 0.0125447 0.437602 11.2588 0 1
-65.9511 -48.403 94.9612 -0.901374 0.0116688 0.432885 11.4625 0 1
-66.3764 -47.9363 94.0507 -0.903536 0.0107233 0.428379 11.7571 0 1
-66.4895 -46.3806 93.7468 -0.905527 0.00988488 0.424173 11.9727 0 1
-66.465 -45.2147 93.7503 -0.907261 0.00931871 0.420464 12.1768 0 1
-66.4607 -44.085 93.7496 -0.908593 0.00911652 0.417582 12.3992 0 1
-66.4706 -42.8648 93.711 -0.909347 0.00928049 0.415936 12.5572 0 1
-66.8081 -42.6223 92.9475 -0.909354 0.00976555 0.415908 12.865 0 1
-66.808 -40.9106 92.956 -0.908507 0.0105309 0.417736 13.0513 0 1
-66.7642 -39.8881 93.026 -0.9068 0.0115436 0.421404 13.2417 0 1
-66.5303 -38.9802 93.5038 -0.904349 0.0127317 0.426603 13.4862 0 1
-65.9783 -38.619 94.6772 -0.901383 0.01394 0.432798 13.7424 0 1
-65.3854 -38.6832 95.9309 -0.898186 0.0149489 0.439362 13.9951 0 1
-64.7967 -38.8091 97.1296 -0.895035 0.015569 0.445723 14.2304 0 1
-64.2248 -38.7645 98.1991 -0.892159 0.0157528 0.451446 14.4236 0 1
-63.7662 -38.9724 99.0783 -0.889719 0.0156383 0.45624 14.6332 0 1
-63.4849 -39.8626 99.6463 -0.887826 0.015482 0.459918 14.8366 0 1
-63.473 -40.9096 99.7088 -0.88656 0.0155218 0.462353 15.11 0 1
-63.4256 -42.3226 99.8325 -0.885977 0.0158607 0.463458 15.3685 0 1
-63.4722 -43.6675 99.7628 -0.886108 0.0164356 0.463188 15.5942 0 1
-63.5008 -44.8445 99.7109 -0.886954 0.0170653 0.461542 15.8066 0 1
-63.5473 -45.9754 99.6412 -0.888483 0.0175357 0.458574 16.12 0 1
-63.5317 -47.6645 99.7942 -0.890619 0.0176788 0.454407 16.3211 0 1
-63.757 -48.6292 99.4228 -0.893231 0.0174234 0.44926 16.5154 0 1
-64.1675 -49.1642 98.6531 -0.896141 0.0168033 0.443451 16.8844 0 1
-65.0297 -49.2947 96.8977 -0.899145 0.0159221 0.437361 17.0986 0 1
-65.5382 -49.2098 95.8636 -0.902055 0.0148925 0.431364 17.2902 0 1
-65.9659 -49.4615 94.9604 -0.904732 0.0137839 0.425759 17.6058 0 1
-66.6581 -49.073 93.439 -0.907098 0.0126031 0.420731 17.8361 0 1
-66.8669 -47.9221 92.9399 -0.909133 0.0113118 0.416352 18.039 0 1
-66.8796 -46.7933 92.8935 -0.910858 0.00986367 0.412601 18.2506 0 1
-66.8411 -45.6299 92.9375 -0.912325 0.00823908 0.409384 18.4386 0 1
-66.7854 -44.5911 93.0234 -0.9136 0.00645982 0.406563 18.6965 0 1
-66.8096 -43.1609 92.9432 -0.91476 0.00458285 0.403972 18.7008 0 1
-66.8098 -43.137 92.9423 -0.915875 0.0026807 0.401433 18.7008 0 1
