-90.2213 -43.306 56.0531 -0.870236 -0.0142961 0.492418 0 1 1
-89.9362 -43.2879 56.5556 -0.870081 -0.0150737 0.492679 0.233679 0 1
-89.8486 -44.3731 56.6726 -0.86993 -0.0156954 0.492926 0.381098 0 1
-89.9912 -45.3729 56.3789 -0.869832 -0.0161227 0.493084 0.529225 0 1
-90.2045 -44.3874 56.0424 -0.869843 -0.0163565 0.493058 0.582155 0 1
-90.2193 -44.0087 56.0328 -0.869995 -0.016415 0.492788 0.684646 0 1
-90.5713 -43.8101 55.4219 -0.870278 -0.016309 0.49229 0.947331 0 1
-90.4336 -45.6755 55.5821 -0.870639 -0.0160379 0.491662 1.0896 0 1
-90.0036 -46.2457 56.329 -0.870987 -0.0156067 0.491058 1.2428 0 1
-89.5286 -45.7553 57.1909 -0.871226 -0.0150506 0.490651 1.40648 0 1
-89.4754 -44.5893 57.3249 -0.871271 -0.0144412 0.49059 1.56372 0 1
-89.497 -43.4637 57.3268 -0.87108 -0.0138686 0.490945 1.71729 0 1
-89.5674 -42.3681 57.2418 -0.87068 -0.0134107 0.491667 1.85629 0 1
-89.9556 -41.7507 56.5564 -0.870167 -0.0131144 0.492582 2.05773 0 1
-90.5066 -42.6641 55.5622 -0.869686 -0.0129958 0.493435 2.19962 0 1
-90.573 -43.6818 55.421 -0.869375 -0.0130478 0.49398 2.30497 0 1
-90.9146 -43.3625 54.8287 -0.869327 -0.0132421 0.49406 2.55988 0 1
-90.8623 -45.2009 54.8665 -0.869562 -0.0135204 0.493638 2.74751 0 1
-90.6458 -46.4954 55.2042 -0.870037 -0.013788 0.492794 2.93821 0 1
-89.9975 -46.9898 56.3233 -0.870652 -0.0139284 0.491703 3.0998 0 1
-89.4326 -46.9185 57.3266 -0.871279 -0.0138425 0.490594 3.33889 0 1
-89.1311 -45.3399 57.9184 -0.871789 -0.0134927 0.489696 3.49716 0 1
-89.1404 -44.2099 57.9396 -0.872084 -0.012921 0.489186 3.65793 0 1
-89.1643 -43.0575 57.9384 -0.872113 -0.0122271 0.489151 3.81733 0 1
-89.2245 -41.9163 57.8789 -0.871868 -0.0115247 0.489605 3.96483 0 1
-89.521 -41.0617 57.3478 -0.871365 -0.0109049 0.490514 4.15325 0 1
-90.1806 -40.919 56.1675 -0.870634 -0.0104265 0.49182 4.31289 0 1
-90.7061 -41.3706 55.2335 -0.869729 -0.0101285 0.493426 4.47793 0 1
-90.8823 -42.5223 54.9043 -0.868746 -0.0100426 0.495156 4.57874 0 1
-90.9104 -43.2556 54.8384 -0.867833 -0.0101909 0.496751 4.68912 0 1
-91.269 -42.8991 54.2212 -0.867159 -0.0105708 0.49792 4.83421 0 1
-91.2555 -43.9576 54.2249 -0.866857 -0.0111469 0.498432 5.05835 0 1
-91.2094 -45.568 54.2706 -0.866982 -0.0118586 0.498198 5.26148 0 1
-91.083 -47.0105 54.4548 -0.867498 -0.0126345 0.497279 5.42291 0 1
-90.5667 -47.6125 55.3113 -0.868304 -0.0133918 0.495851 5.57386 0 1
-90.0166 -47.7263 56.2644 -0.869276 -0.014024 0.494128 5.82919 0 1
-89.1218 -47.6409 57.8628 -0.870294 -0.0144006 0.492322 5.98167 0 1
-88.7996 -46.7983 58.4691 -0.871252 -0.0143995 0.490625 6.13112 0 1
-88.7734 -45.7331 58.5479 -0.872052 -0.0139621 0.489214 6.28845 0 1
-88.7936 -44.6065 58.5493 -0.872605 -0.0131375 0.488251 6.44342 0 1
-88.8162 -43.4955 58.547 -0.872841 -0.0120845 0.487855 6.60003 0 1
-88.8468 -42.3711 58.5399 -0.87273 -0.0110242 0.488078 6.79037 0 1
-89.0037 -41.0412 58.2962 -0.872286 -0.0101592 0.48889 6.93154 0 1
-89.3482 -40.3373 57.6717 -0.871561 -0.00960297 0.490194 7.08793 0 1
-89.884 -40.163 56.6987 -0.870626 -0.00935367 0.491857 7.22766 0 1
-90.3805 -40.181 55.8216 -0.869557 -0.00932455 0.493745 7.43919 0 1
-91.0668 -40.8445 54.6125 -0.868418 -0.00940464 0.495744 7.60444 0 1
-91.211 -42.0132 54.3479 -0.86727 -0.00951447 0.497748 7.69028 0 1
-91.2581 -42.6291 54.2463 -0.866184 -0.0096345 0.499633 7.79602 0 1
-91.6459 -42.5686 53.5799 -0.86526 -0.00980188 0.501228 7.93622 0 1
-91.6136 -43.5939 53.6116 -0.864632 -0.0100807 0.502305 8.12486 0 1
-91.5787 -44.9608 53.6561 -0.86444 -0.01052 0.502626 8.34042 0 1
-91.5489 -46.5018 53.6784 -0.86479 -0.0111209 0.50201 8.48695 0 1
-91.4994 -47.5527 53.7419 -0.865709 -0.0118335 0.500408 8.62908 0 1
-91.1741 -48.3719 54.2742 -0.867125 -0.0125815 0.497932 8.81505 0 1
-90.4807 -48.4278 55.4387 -0.868883 -0.0132973 0.494839 9.00592 0 1
-89.7788 -48.4987 56.6509 -0.870785 -0.0139381 0.491466 9.16998 0 1
-89.2006 -48.5343 57.6877 -0.872635 -0.0144729 0.488158 9.3246 0 1
-88.6807 -48.3029 58.6379 -0.87428 -0.014855 0.485194 9.47307 0 1
-88.413 -47.4215 59.1585 -0.875625 -0.0150103 0.482759 9.63326 0 1
-88.4233 -46.2847 59.1705 -0.876617 -0.0148552 0.480959 9.80014 0 1
-88.4504 -45.0967 59.161 -0.877227 -0.0143321 0.479861 9.9585 0 1
-88.4713 -43.9602 59.1624 -0.87743 -0.0134414 0.479517 10.1128 0 1
-88.4879 -42.8555 59.1729 -0.877207 -0.0122568 0.479956 10.273 0 1
-88.5182 -41.7128 59.1675 -0.876566 -0.0109204 0.481158 10.4611 0 1
-88.6211 -40.3992 59.0005 -0.875552 -0.00961686 0.483028 10.6235 0 1
-89.0365 -39.6367 58.24 -0.874253 -0.00852656 0.485396 10.7741 0 1
-89.5504 -39.4547 57.3067 -0.872781 -0.00777205 0.48805 10.9378 0 1
-90.1227 -39.4151 56.2796 -0.871252 -0.00738135 0.49078 11.1218 0 1
-90.7752 -39.5234 55.1275 -0.869764 -0.00729109 0.493414 11.305 0 1
-91.4242 -39.863 54.0034 -0.868378 -0.00738712 0.495848 11.5396 0 1
-91.5695 -41.5588 53.7381 -0.867117 -0.00755834 0.498047 11.574 0 1
-91.5883 -41.8057 53.7007 -0.865979 -0.00773805 0.50002 11.6777 0 1
-91.9585 -41.6086 53.071 -0.864964 -0.0079201 0.501771 11.8811 0 1
-92.0339 -43.0711 52.9012 -0.864108 -0.00814849 0.503241 12.03 0 1
-92.0093 -44.1552 52.9209 -0.863499 -0.00848662 0.504278 12.192 0 1
-91.9985 -45.3313 52.9378 -0.863272 -0.00897963 0.504659 12.432 0 1
-91.9757 -47.0461 52.946 -0.863557 -0.00962784 0.50416 12.5902 0 1
-91.8933 -48.18 53.0647 -0.864423 -0.0103849 0.502658 12.757 0 1
-91.5195 -49.1535 53.6834 -0.865842 -0.011179 0.500193 13.0151 0 1
-90.563 -49.3657 55.2782 -0.867684 -0.0119413 0.496974 13.1908 0 1
-89.9174 -49.1778 56.3843 -0.86975 -0.0126247 0.493331 13.3411 0 1
-89.3775 -49.2838 57.3397 -0.871824 -0.0132056 0.489642 13.5118 0 1
-88.7798 -49.3302 58.4173 -0.873715 -0.0136742 0.486247 13.6655 0 1
-88.2927 -48.9885 59.3429 -0.875298 -0.0140213 0.483381 13.8507 0 1
-87.9851 -47.8663 59.9392 -0.876528 -0.0142326 0.481141 14.0351 0 1
-88.0244 -46.5655 59.9041 -0.877424 -0.0142893 0.479502 14.21 0 1
-88.0572 -45.33 59.8856 -0.878038 -0.0141719 0.47838 14.3688 0 1
-88.0711 -44.2049 59.8969 -0.878405 -0.0138633 0.477716 14.5219 0 1
-88.0792 -43.1176 59.9121 -0.878518 -0.0133532 0.477522 14.6884 0 1
-88.0929 -41.9308 59.9341 -0.878335 -0.0126437 0.477879 14.8607 0 1
-88.1136 -40.7161 59.9355 -0.877802 -0.0117552 0.478879 15.0132 0 1
-88.1836 -39.658 59.8203 -0.876897 -0.0107292 0.480558 15.1852 0 1
-88.6518 -38.9307 58.9657 -0.875645 -0.00962771 0.482859 15.3665 0 1
-89.2558 -38.7576 57.8484 -0.874123 -0.00852908 0.48563 15.5065 0 1
-89.7386 -38.6631 56.9751 -0.87244 -0.00751804 0.488664 15.7124 0 1
-90.4578 -38.5957 55.6893 -0.870707 -0.00666965 0.491756 15.8804 0 1
-91.0629 -38.705 54.6349 -0.869015 -0.00603091 0.494749 16.0391 0 1
-91.6314 -38.9283 53.6516 -0.867408 -0.0056077 0.497565 16.1758 0 1
-91.9074 -39.7647 53.1732 -0.86589 -0.00536329 0.500206 16.3239 0 1
-91.9894 -40.8361 53.0262 -0.864428 -0.00522914 0.50273 16.3677 0 1
-91.9353 -41.1379 53.115 -0.862975 -0.00512311 0.50522 16.3677 0 1
