78.5059 10.1695 78.3992 0.854067 -0.00332571 0.520149 0 1 0
78.9996 9.43774 77.5853 0.854121 -0.00358862 0.520061 0.369856 0 0
78.6748 10.4156 78.1247 0.854236 -0.00380819 0.519872 0.488989 0 0
78.5768 11.1515 78.2919 0.854416 -0.00394829 0.519574 0.645716 0 0
79.0907 11.0125 77.4494 0.85464 -0.0039861 0.519207 0.812232 0 0
79.3778 10.1059 76.9689 0.854862 -0.00392731 0.51884 1.03828 0 0
79.1115 8.73986 77.3903 0.855038 -0.00380614 0.518552 1.19804 0 0
78.582 8.69677 78.2686 0.855131 -0.00367062 0.5184 1.35991 0 0
78.1984 9.41283 78.9035 0.855124 -0.00356464 0.518411 1.52325 0 0
78.1297 10.4436 79.0198 0.855021 -0.00351895 0.518582 1.55617 0 0
78.1912 10.6166 78.9187 0.854841 -0.00355197 0.518879 1.6679 0 0
77.9587 11.1665 79.3066 0.854624 -0.0036699 0.519235 1.88033 0 0
78.5509 11.8931 78.3376 0.854425 -0.00385902 0.51956 2.05095 0 0
79.1148 11.798 77.4169 0.854301 -0.00407655 0.519763 2.21095 0 0
79.5241 11.1523 76.7381 0.854292 -0.00425431 0.519775 2.38122 0 0
79.794 10.186 76.2895 0.854412 -0.00432061 0.519579 2.54767 0 0
79.7642 9.10978 76.334 0.85464 -0.00423119 0.519204 2.70654 0 0
79.4332 8.29898 76.861 0.854937 -0.0039916 0.518717 2.92282 0 0
78.7393 7.88694 77.9967 0.855255 -0.00365753 0.518195 3.0857 0 0
78.2361 8.24738 78.8374 0.855549 -0.00331262 0.517711 3.27239 0 0
77.8593 9.17795 79.469 0.855784 -0.00303682 0.517325 3.43013 0 0
77.7644 10.1552 79.6274 0.855927 -0.00288146 0.517088 3.51139 0 0
77.781 10.667 79.5987 0.855961 -0.00285883 0.517033 3.62495 0 0
77.4221 10.8483 80.1945 0.855878 -0.0029461 0.51717 3.91727 0 0
77.4614 9.02093 80.1302 0.855691 -0.00309832 0.517477 4.12713 0 0
77.8457 7.95411 79.4804 0.855429 -0.00326338 0.51791 4.32745 0 0
78.396 7.2764 78.5622 0.855127 -0.00339373 0.518407 4.51954 0 0
79.0266 7.24937 77.5132 0.854827 -0.00345488 0.518902 4.7189 0 0
79.6569 7.70982 76.4913 0.854571 -0.0034318 0.519323 4.91145 0 0
80.0652 8.68695 75.8381 0.854397 -0.00333201 0.519611 5.10469 0 0
80.2276 9.89876 75.5787 0.854328 -0.00318313 0.519724 5.29273 0 0
80.0182 11.0548 75.9254 0.854368 -0.00302446 0.519659 5.45953 0 0
79.6862 11.9274 76.4812 0.854492 -0.00289514 0.519457 5.69254 0 0
78.9861 12.6099 77.6257 0.854653 -0.00282447 0.519192 5.86875 0 0
78.3986 12.5531 78.5909 0.854797 -0.00282757 0.518955 6.13674 0 0
77.6454 11.6673 79.8284 0.854882 -0.00290441 0.518814 6.14723 0 0
77.627 11.6116 79.8587 0.85489 -0.0030406 0.5188 6.26419 0 0
77.2699 11.8613 80.4512 0.854828 -0.00321188 0.518901 6.49797 0 0
77.742 12.9943 79.6754 0.854721 -0.00339274 0.519076 6.76921 0 0
78.6047 13.3304 78.2492 0.854599 -0.00356356 0.519277 6.93184 0 0
79.1494 13.2732 77.3619 0.854483 -0.00371236 0.519465 7.12584 0 0
79.7518 12.777 76.3839 0.854391 -0.00383394 0.519617 7.27784 0 0
80.0951 12.059 75.8105 0.854328 -0.00393156 0.519719 7.45108 0 0
80.4127 11.1164 75.2798 0.854292 -0.00401921 0.519777 7.66257 0 0
80.6409 9.80346 74.8996 0.854259 -0.00411865 0.519831 7.86058 0 0
80.4257 8.57102 75.2405 0.854186 -0.00424819 0.51995 8.03265 0 0
80.1594 7.56976 75.6716 0.854019 -0.00440832 0.520223 8.19233 0 0
79.7801 6.82938 76.2828 0.853717 -0.00457293 0.520718 8.35886 0 0
79.2296 6.603 77.1772 0.853273 -0.00469287 0.521443 8.60209 0 0
78.4206 6.46997 78.5131 0.852736 -0.00471107 0.522321 8.8064 0 0
77.7926 6.9319 79.5549 0.852196 -0.00458097 0.523202 8.98333 0 0
77.339 7.62165 80.309 0.851761 -0.00427899 0.523912 9.14153 0 0
77.1608 8.54432 80.608 0.851519 -0.00380715 0.52431 9.30005 0 0
76.9802 9.4679 80.9046 0.851503 -0.00318848 0.524339 9.52907 0 0
76.9585 10.8944 80.952 0.851689 -0.00246013 0.524043 9.57974 0 0
77.0059 11.1964 80.8773 0.852 -0.0016673 0.523539 9.66679 0 0
77.2013 11.5904 80.5638 0.85232 -0.00085818 0.522968 9.66679 0 0
