-78.3582 22.531 76.7495 -0.851343 -0.00850757 0.524541 0 1 0
-78.067 23.4378 77.2374 -0.851633 -0.00835361 0.524072 0.330588 0 0
-77.6223 22.8034 77.9487 -0.851935 -0.00819733 0.523584 0.541237 0 0
-78.0876 21.8007 77.1781 -0.852233 -0.00805007 0.5231 0.610696 0 0
-78.2945 22.0107 76.8445 -0.852496 -0.00793163 0.522673 0.741127 0 0
-78.5888 21.3968 76.3567 -0.852691 -0.00786534 0.522356 0.945947 0 0
-77.928 21.0248 77.4274 -0.852799 -0.00787235 0.52218 1.13556 0 0
-77.3657 21.5667 78.3546 -0.852825 -0.00796586 0.522136 1.29157 0 0
-77.1645 22.4745 78.6991 -0.852801 -0.00814677 0.522173 1.52578 0 0
-77.3581 23.9104 78.401 -0.852765 -0.00840258 0.522227 1.72144 0 0
-77.9793 24.3007 77.396 -0.852757 -0.00870717 0.522236 1.89017 0 0
-78.5029 23.9092 76.5368 -0.852802 -0.0090191 0.522157 2.05005 0 0
-78.7988 23.0564 76.0439 -0.852916 -0.00928179 0.521966 2.21032 0 0
-78.7988 22.0253 76.027 -0.853101 -0.00943362 0.52166 2.27706 0 0
-78.7132 21.6259 76.1557 -0.853339 -0.00942954 0.521271 2.408 0 0
-79.0706 21.1509 75.5602 -0.853592 -0.00926291 0.52086 2.57514 0 0
-78.6437 20.4419 76.2501 -0.853809 -0.00897165 0.520508 2.73843 0 0
-78.1173 20.1514 77.1028 -0.853946 -0.00862511 0.52029 2.92832 0 0
-77.4903 20.2864 78.1314 -0.853978 -0.00830286 0.520243 3.10073 0 0
-77.0344 20.9321 78.8952 -0.853911 -0.00807712 0.520357 3.28175 0 0
-76.7624 21.9389 79.3567 -0.85378 -0.0080007 0.520572 3.54158 0 0
-76.7297 23.5608 79.4224 -0.853638 -0.0080987 0.520804 3.77905 0 0
-77.1761 24.7952 78.7152 -0.853534 -0.00836438 0.52097 4.03841 0 0
-78.0101 25.1812 77.3591 -0.853501 -0.00875855 0.521018 4.21768 0 0
-78.586 24.8863 76.4165 -0.85355 -0.00921213 0.52093 4.49866 0 0
-79.1912 23.5155 75.4121 -0.853673 -0.00963313 0.520721 4.73531 0 0
-79.3034 22.0066 75.2019 -0.853846 -0.00992142 0.52043 4.86335 0 0
-79.1212 21.2514 75.4787 -0.854036 -0.00999165 0.520119 4.9972 0 0
-79.4961 20.7879 74.8534 -0.854193 -0.00980029 0.519864 5.16103 0 0
-79.1439 19.9648 75.4177 -0.854268 -0.00936596 0.519748 5.32282 0 0
-78.6645 19.4675 76.1935 -0.854227 -0.00876988 0.519827 5.60167 0 0
-77.736 19.3003 77.7072 -0.854061 -0.0081305 0.52011 5.80608 0 0
-77.0956 19.6972 78.7777 -0.853796 -0.00756307 0.520552 6.051 0 0
-76.5335 20.7833 79.7244 -0.853481 -0.0071448 0.521076 6.26516 0 0
-76.2831 22.0242 80.1455 -0.853168 -0.0069019 0.521591 6.45789 0 0
-76.1843 23.2092 80.3092 -0.85291 -0.00681973 0.522014 6.64928 0 0
-76.39 24.3397 79.9874 -0.852754 -0.00686706 0.522267 6.85985 0 0
-76.7948 25.4102 79.3487 -0.852738 -0.00702012 0.522292 7.04594 0 0
-77.3456 25.905 78.4572 -0.852872 -0.00727312 0.522069 7.21941 0 0
-77.9075 26.072 77.5416 -0.853133 -0.00763124 0.521638 7.40388 0 0
-78.513 25.9422 76.5501 -0.853458 -0.00809524 0.521099 7.57955 0 0
-79.0485 25.4809 75.6752 -0.853769 -0.00865198 0.52058 7.74946 0 0
-79.3771 24.5997 75.1239 -0.853998 -0.00927723 0.520193 7.92614 0 0
-79.6562 23.5988 74.6497 -0.85411 -0.00994529 0.519997 8.12157 0 0
-79.782 22.3619 74.4181 -0.854112 -0.0106367 0.519981 8.35529 0 0
-79.5491 20.906 74.7685 -0.854041 -0.0113393 0.520083 8.35964 0 0
-79.5427 20.8804 74.7783 -0.853946 -0.0120445 0.520211 8.35964 0 0
