82.4179 -38.0478 73.4898 0.836626 -0.00957358 0.54769 0 1 0
82.973 -38.1719 72.6431 0.83646 -0.00958726 0.547945 0.301189 0 0
82.7411 -37.3381 73.0089 0.83629 -0.00959507 0.548203 0.363033 0 0
82.5498 -37.5447 73.2971 0.836127 -0.00960767 0.548451 0.492265 0 0
82.2487 -36.9166 73.768 0.835986 -0.00963768 0.548667 0.648419 0 0
82.7442 -36.4428 73.0207 0.835881 -0.00969122 0.548825 0.888574 0 0
83.4805 -37.2276 71.8862 0.835823 -0.00976664 0.548912 1.04864 0 0
83.5196 -38.2652 71.8117 0.835804 -0.00986108 0.54894 1.22584 0 0
83.1776 -39.2432 72.3145 0.835803 -0.00997814 0.548938 1.42857 0 0
82.4717 -39.5697 73.3802 0.835794 -0.0101292 0.54895 1.59266 0 0
82.0192 -38.9129 74.0833 0.835754 -0.0103269 0.549007 1.77022 0 0
81.948 -37.7765 74.2123 0.83568 -0.010574 0.549114 1.89942 0 0
82.1737 -37.0425 73.8802 0.835592 -0.0108521 0.549243 2.03057 0 0
81.8658 -36.4111 74.3616 0.835525 -0.0111131 0.54934 2.18902 0 0
81.5307 -37.2471 74.8578 0.835524 -0.0112816 0.549339 2.44501 0 0
81.4312 -38.8973 74.9729 0.83562 -0.0112747 0.549193 2.61876 0 0
81.7335 -39.8665 74.4952 0.835824 -0.0110374 0.548887 2.77749 0 0
82.1842 -40.4655 73.7971 0.836115 -0.0105772 0.548452 3.00602 0 0
82.9963 -40.4866 72.5605 0.83645 -0.0099737 0.547953 3.20864 0 0
83.6003 -39.7262 71.6633 0.836773 -0.00935512 0.54747 3.41096 0 0
83.9634 -38.5771 71.1281 0.837035 -0.00885545 0.547077 3.57935 0 0
84.0136 -37.4797 71.0676 0.837201 -0.00857445 0.546829 3.77309 0 0
83.7048 -36.356 71.551 0.837247 -0.00855721 0.546758 3.9497 0 0
83.1883 -35.7072 72.3501 0.837164 -0.00879427 0.546881 4.10279 0 0
82.6475 -35.6252 73.1835 0.836954 -0.00923493 0.547195 4.2566 0 0
82.1291 -35.9524 73.9688 0.836639 -0.00980574 0.547667 4.40113 0 0
81.7277 -35.3791 74.5936 0.83626 -0.0104287 0.548234 4.59277 0 0
81.2725 -36.3178 75.2704 0.835877 -0.0110342 0.548807 4.75022 0 0
81.0029 -37.2201 75.6618 0.835553 -0.0115636 0.549289 4.92873 0 0
80.9007 -38.3632 75.7895 0.835348 -0.0119598 0.549591 5.19962 0 0
81.1784 -40.0272 75.3279 0.835307 -0.0121576 0.54965 5.36107 0 0
81.5004 -40.8817 74.8227 0.835446 -0.0120912 0.549439 5.52986 0 0
82.0367 -41.3571 74.0006 0.835756 -0.0117204 0.548976 5.68333 0 0
82.576 -41.4938 73.1788 0.836193 -0.0110612 0.548324 5.91889 0 0
83.4041 -41.2336 71.9227 0.836692 -0.0101964 0.547579 6.15072 0 0
84.0118 -40.1738 71.0227 0.83718 -0.0092593 0.54685 6.34845 0 0
84.36 -39.036 70.5107 0.83759 -0.00839701 0.546235 6.6425 0 0
84.5042 -37.1231 70.3097 0.837874 -0.00773208 0.545809 6.84425 0 0
84.1587 -35.966 70.8502 0.83801 -0.00733524 0.545605 7.04303 0 0
83.6356 -35.0928 71.6629 0.838004 -0.007215 0.545616 7.25157 0 0
82.9155 -34.7835 72.7799 0.837884 -0.00732304 0.545799 7.44436 0 0
82.2334 -34.8926 73.8283 0.837695 -0.00757138 0.546086 7.47409 0 0
82.132 -34.9447 73.9837 0.837486 -0.00785547 0.546397 7.47409 0 0
