-80.3732 -33.1131 74.7286 -0.845216 -0.00441883 0.534406 0 1 0
-79.7559 -32.6045 75.7211 -0.845691 -0.00524801 0.533647 0.364285 0 0
-79.5929 -31.565 76.0021 -0.846175 -0.00586642 0.532872 0.494102 0 0
-79.8118 -30.8312 75.6655 -0.846681 -0.00624416 0.532064 0.725365 0 0
-79.8858 -32.3096 75.5183 -0.847209 -0.00642312 0.531221 0.88623 0 0
-80.3358 -32.9032 74.7896 -0.847738 -0.00647803 0.530375 0.990505 0 0
-80.6578 -32.5873 74.283 -0.848226 -0.00646893 0.529596 1.17121 0 0
-80.427 -31.5018 74.6692 -0.848615 -0.00641383 0.528972 1.3937 0 0
-80.0865 -30.2192 75.2257 -0.848855 -0.0062944 0.528588 1.59632 0 0
-79.4205 -29.8885 76.3082 -0.84892 -0.00608332 0.528486 1.75545 0 0
-79.1198 -30.7472 76.7786 -0.848815 -0.0057704 0.528658 1.91912 0 0
-79.1795 -31.7886 76.6609 -0.848574 -0.00536997 0.529049 2.09152 0 0
-79.4048 -32.8054 76.2826 -0.848254 -0.00490991 0.529567 2.36493 0 0
-79.9726 -34.1955 75.3582 -0.847919 -0.00441659 0.530107 2.61913 0 0
-80.65 -35.23 74.2787 -0.847626 -0.00390826 0.53058 2.81334 0 0
-81.1253 -36.1191 73.5269 -0.847402 -0.00339693 0.53094 2.99957 0 0
-81.3596 -34.9955 73.1576 -0.847242 -0.00289137 0.531199 3.1542 0 0
-81.017 -34.2269 73.7031 -0.847112 -0.00239686 0.531408 3.33431 0 0
-80.7612 -33.1673 74.1145 -0.846976 -0.00191454 0.531628 3.44816 0 0
-81.1367 -32.9355 73.5213 -0.846804 -0.00144549 0.531903 3.611 0 0
-81.3974 -33.8699 73.102 -0.846587 -0.000999209 0.532249 3.76761 0 0
-81.6784 -34.734 72.6485 -0.846335 -0.000599967 0.532651 4.03341 0 0
-82.1666 -36.199 71.863 -0.846065 -0.000284976 0.533079 4.18585 0 0
-82.5474 -36.908 71.2647 -0.8458 -9.57443e-05 0.533499 4.46345 0 0
-83.0456 -38.4745 70.4764 -0.845558 -6.82344e-05 0.533884 4.63191 0 0
-83.0467 -39.5841 70.4801 -0.845352 -0.000225414 0.534209 4.79885 0 0
-82.68 -40.4366 71.0647 -0.845204 -0.000572568 0.534444 4.99176 0 0
-82.0092 -40.2538 72.121 -0.845143 -0.00109656 0.534539 5.24414 0 0
-81.5555 -38.8459 72.8362 -0.845211 -0.00177132 0.534429 5.4021 0 0
-81.3416 -37.8988 73.1719 -0.845448 -0.00256797 0.534051 5.55805 0 0
-81.0279 -37.0743 73.6762 -0.845876 -0.00346185 0.533368 5.75719 0 0
-80.5701 -36.1133 74.3988 -0.846489 -0.00442706 0.532388 5.94415 0 0
-80.074 -35.3405 75.1849 -0.847243 -0.00541868 0.531178 6.1248 0 0
-79.6269 -34.5444 75.9101 -0.848064 -0.00635735 0.529856 6.30228 0 0
-79.2549 -33.6577 76.5148 -0.848858 -0.00713557 0.528573 6.46433 0 0
-78.9779 -32.7693 76.9736 -0.849542 -0.00764927 0.527466 6.66588 0 0
-78.7356 -31.5719 77.3856 -0.850059 -0.00783792 0.526629 6.82389 0 0
-78.722 -30.5637 77.433 -0.850394 -0.00771301 0.52609 7.09486 0 0
-79.2204 -29.1137 76.6453 -0.850565 -0.00736474 0.525819 7.31551 0 0
-79.9622 -28.9921 75.44 -0.850616 -0.00694307 0.525741 7.52128 0 0
-80.4745 -29.908 74.5986 -0.850609 -0.00661454 0.525758 7.69898 0 0
-80.7527 -30.9463 74.1535 -0.850601 -0.00651048 0.525772 7.9235 0 0
-80.9991 -32.3174 73.7384 -0.850633 -0.00669249 0.525717 8.03334 0 0
-81.3565 -32.0882 73.1624 -0.850714 -0.00714864 0.52558 8.2777 0 0
-81.1068 -30.565 73.5871 -0.850816 -0.00781185 0.525406 8.43989 0 0
-80.8569 -29.624 73.9866 -0.850886 -0.00858487 0.525281 8.63561 0 0
-80.4337 -28.6327 74.6719 -0.850867 -0.00936259 0.525298 8.87231 0 0
-79.6942 -28.0298 75.9069 -0.850715 -0.0100479 0.52553 9.06424 0 0
-79.0599 -28.3432 76.9192 -0.850411 -0.0105594 0.526012 9.3039 0 0
-78.5009 -29.4573 77.8264 -0.849957 -0.0108329 0.526741 9.49721 0 0
-78.3243 -30.6348 78.0796 -0.849373 -0.010825 0.527681 9.70231 0 0
-78.3681 -31.9266 77.9694 -0.848694 -0.0105213 0.52878 9.87078 0 0
-78.5767 -32.9203 77.6163 -0.847956 -0.00994063 0.529973 10.0305 0 0
-78.841 -33.7983 77.1763 -0.847197 -0.00912803 0.5312 10.2156 0 0
-79.1987 -34.7559 76.5857 -0.84645 -0.00813829 0.532406 10.3733 0 0
-79.5566 -35.4954 76.0008 -0.845748 -0.00702275 0.533537 10.544 0 0
-80.0013 -36.211 75.2908 -0.845128 -0.00582881 0.534533 10.7342 0 0
-80.4837 -37.0432 74.5283 -0.844626 -0.00460957 0.535336 10.9444 0 0
-80.9469 -38.0883 73.7987 -0.844268 -0.00343098 0.535909 11.1022 0 0
-81.1727 -39.0102 73.4354 -0.844057 -0.00236558 0.536248 11.2625 0 0
-81.3706 -39.9766 73.1158 -0.843978 -0.00147372 0.536375 11.4214 0 0
-81.6822 -40.8396 72.6337 -0.844013 -0.000784546 0.536322 11.6762 0 0
-82.517 -41.4274 71.3262 -0.844157 -0.000289129 0.536097 11.9164 0 0
-83.2256 -40.5871 70.202 -0.844418 4.90351e-05 0.535685 12.0802 0 0
-83.4746 -39.6199 69.8028 -0.844814 0.000271048 0.53506 12.2966 0 0
-83.4596 -38.1948 69.8254 -0.84535 0.000398867 0.534213 12.4846 0 0
-83.1422 -37.1104 70.3263 -0.84601 0.000421304 0.533167 12.6774 0 0
-82.6858 -36.1739 71.0456 -0.846752 0.000293622 0.531988 12.8613 0 0
-82.261 -35.2583 71.713 -0.84752 -4.78714e-05 0.530763 13.0766 0 0
-81.8828 -34.0349 72.3196 -0.848259 -0.000656413 0.52958 13.2501 0 0
-81.5865 -33.0449 72.7924 -0.848931 -0.00154069 0.528502 13.3917 0 0
-81.3833 -32.202 73.1193 -0.849521 -0.00264771 0.527549 13.5006 0 0
-81.7391 -31.9766 72.5435 -0.850036 -0.00387917 0.52671 13.6971 0 0
-81.5583 -30.7289 72.8482 -0.850489 -0.00513326 0.525968 13.9221 0 0
-81.2441 -29.3893 73.3711 -0.850877 -0.00634217 0.525327 14.1033 0 0
-80.8942 -28.4211 73.9352 -0.851178 -0.00747969 0.524824 14.3736 0 0
-80.1596 -27.3848 75.168 -0.851359 -0.00854015 0.524514 14.6135 0 0
-79.3572 -27.2022 76.4664 -0.851389 -0.00951039 0.524449 14.8004 0 0
-78.7785 -27.709 77.3908 -0.851249 -0.0103548 0.524659 14.9575 0 0
-78.3808 -28.3733 78.0379 -0.850937 -0.0110179 0.525152 15.119 0 0
-78.1119 -29.265 78.4671 -0.850462 -0.0114392 0.525913 15.3008 0 0
-77.9324 -30.3689 78.7199 -0.84984 -0.0115711 0.526914 15.4635 0 0
-77.9255 -31.3989 78.6986 -0.849095 -0.011393 0.528118 15.6407 0 0
-78.0385 -32.4929 78.485 -0.848258 -0.0109145 0.52947 15.8019 0 0
-78.2667 -33.4152 78.1016 -0.847373 -0.0101667 0.5309 16.0378 0 0
-78.6686 -34.6981 77.4314 -0.846492 -0.00919023 0.532322 16.2701 0 0
-79.1636 -35.837 76.6176 -0.845676 -0.00802968 0.533636 16.5451 0 0
-79.8732 -36.9973 75.4855 -0.844985 -0.00673625 0.534747 16.7138 0 0
-80.2913 -37.7546 74.8261 -0.844466 -0.00537427 0.535583 16.8712 0 0
-80.6499 -38.5139 74.26 -0.84414 -0.00402002 0.536108 17.1304 0 0
-80.9753 -40.0608 73.7329 -0.844005 -0.00274649 0.536328 17.3666 0 0
-81.3824 -41.3979 73.1006 -0.84404 -0.00160227 0.536278 17.6289 0 0
-82.1987 -42.1953 71.8319 -0.844213 -0.000602341 0.536007 17.7948 0 0
-82.7765 -42.1679 70.9199 -0.844493 0.000260595 0.535567 18.0453 0 0
-83.4968 -41.2325 69.7766 -0.844852 0.000994488 0.534999 18.2164 0 0
-83.7898 -40.2518 69.307 -0.845269 0.00159416 0.534339 18.4028 0 0
-83.926 -39.0497 69.0853 -0.845718 0.00204572 0.533626 18.5963 0 0
-83.8271 -37.7825 69.2471 -0.846171 0.00234471 0.532906 18.8655 0 0
-83.2997 -36.3106 70.0738 -0.846596 0.00251586 0.53223 19.0813 0 0
-82.7749 -35.276 70.8986 -0.84697 0.00262155 0.531635 19.281 0 0
-82.3726 -34.1895 71.5305 -0.847281 0.00274836 0.531138 19.4567 0 0
-82.047 -33.2026 72.0516 -0.847528 0.00297064 0.530743 19.6034 0 0
-81.8235 -32.3353 72.4075 -0.847707 0.00331044 0.530454 19.7344 0 0
-82.2542 -32.0433 71.7171 -0.847808 0.00372358 0.530291 19.9684 0 0
-82.6606 -33.3864 71.0673 -0.847813 0.00412425 0.53028 20.1413 0 0
-82.9799 -34.3623 70.565 -0.847712 0.00443058 0.530439 20.3231 0 0
-83.3698 -35.3195 69.9522 -0.847507 0.00460047 0.530765 20.5019 0 0
-83.7748 -36.2233 69.3106 -0.847211 0.00463871 0.531236 20.659 0 0
-84.0975 -37.0789 68.8131 -0.846839 0.00457808 0.531829 20.8493 0 0
-84.3747 -38.2225 68.3795 -0.846403 0.00445027 0.532525 21.019 0 0
-84.3923 -39.3466 68.3494 -0.845911 0.00426284 0.533307 21.2518 0 0
-84.1336 -40.8146 68.766 -0.845382 0.00399164 0.534148 21.461 0 0
-83.7162 -41.9529 69.4337 -0.844844 0.00359096 0.535001 21.6355 0 0
-83.2277 -42.6466 70.2116 -0.844334 0.00301463 0.535809 21.8402 0 0
-82.5402 -43.029 71.3009 -0.843895 0.00223525 0.536504 22.0093 0 0
-81.9506 -42.885 72.2226 -0.843568 0.0012517 0.537021 22.2305 0 0
-81.2698 -42.1815 73.2767 -0.84339 8.51936e-05 0.537302 22.4084 0 0
-80.7686 -41.4885 74.0554 -0.843384 -0.00123019 0.53731 22.668 0 0
-80.5192 -39.8723 74.4492 -0.843554 -0.00265828 0.537038 22.8302 0 0
-80.3061 -38.9062 74.7938 -0.843881 -0.00416923 0.536515 23.0045 0 0
-79.8868 -38.1025 75.4543 -0.844333 -0.00573852 0.535789 23.1608 0 0
-79.5124 -37.378 76.0466 -0.84488 -0.00733286 0.534905 23.3922 0 0
-78.8636 -36.5187 77.0811 -0.845506 -0.008893 0.533891 23.5509 0 0
-78.579 -35.6607 77.5528 -0.846203 -0.0103319 0.53276 23.7585 0 0
-78.0757 -34.7523 78.3763 -0.846961 -0.0115532 0.53153 23.9933 0 0
-77.8086 -33.3542 78.8344 -0.847755 -0.0124763 0.530241 24.2134 0 0
-77.5343 -32.0661 79.3083 -0.848552 -0.0130507 0.528951 24.3888 0 0
-77.4815 -30.9685 79.4264 -0.84932 -0.0132554 0.527712 24.6856 0 0
-77.7253 -29.1479 79.0972 -0.850041 -0.0130938 0.526554 24.8709 0 0
-77.9163 -28.0338 78.8057 -0.850706 -0.0125909 0.525491 25.0323 0 0
-78.292 -27.2945 78.2006 -0.851302 -0.0117961 0.524543 25.1923 0 0
-78.7537 -26.7739 77.4548 -0.851801 -0.0107809 0.523754 25.427 0 0
-79.5262 -26.4277 76.2089 -0.852159 -0.00962931 0.523194 25.6066 0 0
-80.1311 -26.5393 75.2267 -0.852325 -0.00841917 0.522945 25.7733 0 0
-80.6519 -26.9296 74.3694 -0.852258 -0.00720797 0.523072 25.9378 0 0
-81.0863 -27.5702 73.646 -0.851946 -0.00602802 0.523595 26.106 0 0
-81.4139 -28.4543 73.0986 -0.851409 -0.00489322 0.524479 26.2637 0 0
-81.6714 -29.3524 72.6741 -0.850702 -0.00381269 0.525635 26.4758 0 0
-81.9276 -30.6443 72.2454 -0.849897 -0.0028052 0.526941 26.6628 0 0
-82.2087 -31.7567 71.7903 -0.849077 -0.00190685 0.528266 27.3688 0 0
-81.6389 -36.2969 72.7063 -0.848314 -0.00116618 0.529492 27.5389 0 0
-82.098 -36.9904 71.9724 -0.847669 -0.000628172 0.530525 27.7146 0 0
-82.3752 -38.023 71.5363 -0.847178 -0.000316882 0.531309 27.8631 0 0
-82.6954 -38.7929 71.0319 -0.846856 -0.000227588 0.531822 28.0089 0 0
-82.416 -39.5937 71.478 -0.846698 -0.000331292 0.532073 28.1743 0 0
-81.97 -38.9022 72.1801 -0.84668 -0.000585782 0.532102 28.394 0 0
-81.8356 -37.4872 72.3887 -0.846767 -0.000945168 0.531963 28.5399 0 0
-81.4489 -36.8691 73.0077 -0.846916 -0.00136406 0.531726 28.6697 0 0
-81.1537 -36.2347 73.4811 -0.847078 -0.0017978 0.531463 28.6697 0 0
