82.887 -38.4565 73.9211 0.836534 -0.00979498 0.547828 0 1 0
83.3803 -38.095 73.1716 0.836593 -0.0096817 0.54774 0.274693 0 0
82.9337 -38.1257 73.8554 0.836654 -0.00956282 0.547649 0.371829 0 0
82.5884 -38.1153 74.3827 0.836707 -0.00944915 0.547569 0.591862 0 0
82.8072 -39.4786 74.0236 0.83674 -0.00936165 0.54752 0.814717 0 0
83.5868 -39.2102 72.839 0.836741 -0.00932408 0.547519 0.99358 0 0
83.8582 -38.1507 72.4386 0.83671 -0.00934977 0.547567 1.18208 0 0
83.4675 -37.1546 73.0533 0.836659 -0.00942818 0.547643 1.4008 0 0
82.7249 -37.6111 74.1827 0.836615 -0.00952131 0.547708 1.43242 0 0
82.6402 -37.7483 74.3098 0.83661 -0.00957721 0.547716 1.54068 0 0
82.3276 -37.3462 74.7936 0.836665 -0.00955609 0.547631 1.82775 0 0
82.1684 -39.1909 75.0018 0.836786 -0.00945293 0.547448 2.13414 0 0
83.0213 -40.3982 73.679 0.836953 -0.00930052 0.547195 2.31194 0 0
83.6344 -40.107 72.7489 0.837136 -0.00914979 0.546918 2.48729 0 0
84.0646 -39.2684 72.108 0.83731 -0.00903957 0.546654 2.65477 0 0
84.2542 -38.2267 71.8303 0.837468 -0.00897402 0.546413 2.89019 0 0
83.9437 -36.7953 72.3244 0.837621 -0.00892109 0.546179 3.05662 0 0
83.4111 -36.3259 73.1512 0.837785 -0.00883426 0.545928 3.26823 0 0
82.6752 -36.6451 74.2747 0.837967 -0.00868597 0.545652 3.30027 0 0
82.5898 -36.7858 74.4023 0.838151 -0.00849241 0.545373 3.40941 0 0
82.3434 -36.2452 74.7903 0.838304 -0.00831305 0.545139 3.56317 0 0
82.8013 -35.6886 74.1003 0.838385 -0.008225 0.545017 3.84189 0 0
83.786 -35.7197 72.5802 0.838354 -0.00828933 0.545064 3.9963 0 0
84.2324 -36.2999 71.8833 0.83819 -0.00852904 0.545312 4.15126 0 0
84.5392 -37.1438 71.4001 0.837899 -0.00892662 0.545752 4.39221 0 0
84.5994 -38.7316 71.2931 0.83752 -0.00943588 0.546325 4.64523 0 0
84.187 -40.223 71.9026 0.837117 -0.00999729 0.546933 4.80131 0 0
83.7393 -40.8424 72.5735 0.836765 -0.0105489 0.54746 5.06868 0 0
82.7932 -41.0784 74.0111 0.836529 -0.0110291 0.547811 5.22833 0 0
82.2781 -40.6553 74.8002 0.836447 -0.0113735 0.547929 5.39236 0 0
81.903 -39.8535 75.3881 0.836531 -0.0115113 0.547799 5.5807 0 0
81.7245 -38.6853 75.685 0.83677 -0.0113742 0.547436 5.80582 0 0
81.9199 -37.2658 75.4147 0.837141 -0.0109213 0.546878 5.91289 0 0
82.1348 -36.683 75.1002 0.837598 -0.010172 0.546193 6.0321 0 0
81.7521 -36.3735 75.6974 0.838078 -0.00922267 0.545473 6.25579 0 0
82.327 -35.3679 74.8347 0.83851 -0.00823238 0.544824 6.4143 0 0
82.8083 -34.8339 74.1018 0.838833 -0.00738108 0.544338 6.57531 0 0
83.3785 -34.8527 73.2249 0.839008 -0.00681963 0.544077 6.74181 0 0
83.9586 -34.9547 72.317 0.839019 -0.00663146 0.544061 6.95429 0 0
84.5235 -35.876 71.4366 0.838876 -0.00681777 0.544279 7.14945 0 0
84.999 -36.8056 70.6922 0.838602 -0.00730866 0.544695 7.36765 0 0
84.9824 -38.2455 70.7103 0.838229 -0.00799389 0.545259 7.58539 0 0
84.8989 -39.6719 70.8185 0.837799 -0.00876241 0.545909 7.74113 0 0
84.5657 -40.4983 71.3151 0.837362 -0.00953528 0.546566 7.97639 0 0
83.9009 -41.4589 72.3118 0.836975 -0.0102786 0.547144 8.19583 0 0
83.1522 -41.897 73.4434 0.836696 -0.0109926 0.547558 8.36714 0 0
82.5572 -41.6871 74.3566 0.836568 -0.011689 0.547738 8.52265 0 0
82.0731 -41.2182 75.0994 0.836616 -0.0123736 0.54765 8.72363 0 0
81.5289 -40.3935 75.9414 0.83684 -0.0130437 0.547292 8.88246 0 0
81.3868 -39.4059 76.178 0.837219 -0.0136944 0.546696 9.0508 0 0
81.3489 -38.3206 76.2589 0.837715 -0.014326 0.54592 9.25793 0 0
81.5635 -37.0207 75.9719 0.838278 -0.0149447 0.545037 9.28693 0 0
81.6111 -36.8527 75.9045 0.838853 -0.01556 0.544123 9.28693 0 0
