82.388 35.7182 75.772 0.842763 -0.00209054 0.53828 0 1 0
82.7941 35.8592 75.1361 0.842861 -0.00199096 0.538128 0.230099 0 0
82.523 35.3333 75.5592 0.842936 -0.00185831 0.538011 0.363027 0 0
82.298 34.5767 75.9088 0.842989 -0.00169262 0.537928 0.565156 0 0
83.0028 34.6156 74.8018 0.843033 -0.00150847 0.53786 0.734363 0 0
83.1588 35.6789 74.5631 0.843082 -0.00133102 0.537783 0.937438 0 0
82.8184 36.8344 75.1029 0.84315 -0.00119316 0.537677 1.11685 0 0
82.1898 36.8209 76.0846 0.843234 -0.0011316 0.537546 1.29068 0 0
81.9547 35.7892 76.4505 0.843311 -0.00117492 0.537424 1.33332 0 0
81.9676 35.514 76.4298 0.843348 -0.00132272 0.537366 1.44957 0 0
81.5709 35.6668 77.0527 0.843312 -0.00152921 0.537423 1.60576 0 0
81.7205 34.699 76.8155 0.843186 -0.00170919 0.53762 1.85509 0 0
82.3996 33.6886 75.7465 0.842977 -0.00176802 0.537947 2.03482 0 0
83.0245 33.7288 74.7603 0.842706 -0.00163747 0.538371 2.30704 0 0
83.5548 35.2112 73.9394 0.8424 -0.00129965 0.538852 2.46783 0 0
83.5113 36.2535 74.018 0.842077 -0.000795559 0.539356 2.71505 0 0
82.9735 37.5073 74.8691 0.841757 -0.000220773 0.539857 2.89032 0 0
82.3597 37.6176 75.8144 0.841456 0.000293386 0.540326 3.06879 0 0
81.8127 37.0752 76.6721 0.841204 0.000614096 0.540717 3.21108 0 0
81.5906 36.2613 77.0228 0.841041 0.000647497 0.540971 3.3296 0 0
81.1813 36.3773 77.6556 0.841004 0.000368893 0.541028 3.49513 0 0
81.3733 37.3812 77.349 0.841119 -0.000169533 0.54085 3.73376 0 0
82.0524 38.2538 76.289 0.841383 -0.000854362 0.540439 3.90236 0 0
82.6388 38.3831 75.3864 0.841768 -0.00154206 0.539837 4.11022 0 0
83.3216 37.9217 74.3317 0.842223 -0.00209418 0.539126 4.26991 0 0
83.6808 37.1405 73.7629 0.842683 -0.00240483 0.538405 4.51506 0 0
83.9439 35.6289 73.3315 0.843084 -0.00241315 0.537776 4.73947 0 0
83.7836 34.1946 73.5692 0.843376 -0.00210318 0.53732 4.9126 0 0
83.4105 33.2999 74.1496 0.843526 -0.00150001 0.537086 5.0749 0 0
82.8797 32.9218 74.9859 0.84352 -0.000666835 0.537098 5.2512 0 0
82.2671 33.0054 75.955 0.843355 0.00030118 0.537357 5.46073 0 0
81.6614 33.7552 76.9138 0.843042 0.00128955 0.537846 5.65994 0 0
81.2663 34.8166 77.5289 0.84261 0.00217944 0.53852 5.79858 0 0
81.1924 35.704 77.642 0.842116 0.0028594 0.539289 5.90723 0 0
80.8119 35.7382 78.2309 0.841645 0.00323509 0.540022 6.17331 0 0
80.9418 37.4452 78.0162 0.841288 0.00324185 0.540577 6.36785 0 0
81.386 38.3795 77.3193 0.841121 0.00285937 0.54084 6.53478 0 0
81.8196 39.0866 76.6437 0.841176 0.00212192 0.540758 6.69739 0 0
82.3868 39.1112 75.7685 0.841441 0.00111813 0.540348 6.91262 0 0
83.1389 38.9302 74.6193 0.841873 -2.05481e-05 0.539675 7.11934 0 0
83.7872 38.3672 73.6076 0.842412 -0.00114038 0.538833 7.31276 0 0
84.0792 37.2374 73.1401 0.842998 -0.0020897 0.537913 7.48543 0 0
84.4002 36.2961 72.62 0.843583 -0.00274114 0.536992 7.68015 0 0
84.295 35.0388 72.7722 0.844133 -0.00300663 0.536126 7.86506 0 0
84.1929 33.8461 72.9178 0.844625 -0.00284359 0.535351 8.02725 0 0
83.8907 32.9437 73.3862 0.845045 -0.00225323 0.53469 8.18128 0 0
83.4124 32.4758 74.1401 0.845379 -0.00127277 0.534165 8.40255 0 0
82.6576 32.1663 75.3342 0.845615 3.69093e-05 0.533793 8.57171 0 0
82.0734 32.2878 76.2613 0.845748 0.00160498 0.53358 8.75285 0 0
81.5745 32.9988 77.0545 0.845784 0.00336189 0.533515 8.92349 0 0
81.0832 33.608 77.8316 0.845741 0.00524496 0.533567 9.04755 0 0
80.9481 34.3678 78.0389 0.84565 0.00719826 0.53369 9.15273 0 0
80.73 34.9113 78.3752 0.845543 0.00916895 0.533828 9.15273 0 0
