-69.6375 -44.5917 95.9421 -0.919073 -0.000872635 0.394031 0 1 1
-69.519 -45.6818 96.2008 -0.919394 0.00113554 0.393336 0.435432 0 1
-69.3797 -44.5567 96.5378 -0.919638 0.00272373 0.392758 0.632808 0 1
-69.3644 -43.5197 96.5603 -0.919722 0.00379444 0.392553 0.838666 0 1
-69.5576 -42.5792 96.0702 -0.919536 0.00439752 0.39298 1.09471 0 1
-69.6367 -43.9351 95.9358 -0.919039 0.00471253 0.394138 1.23332 0 1
-69.8981 -44.2527 95.33 -0.918303 0.00499061 0.395848 1.42637 0 1
-69.8736 -45.2702 95.3748 -0.917508 0.00546776 0.39768 1.71465 0 1
-69.5212 -46.5171 96.2018 -0.916886 0.00628204 0.399099 1.90296 0 1
-69.1798 -46.0379 97.0132 -0.916634 0.00742821 0.399658 2.22697 0 1
-69.0735 -44.3626 97.2277 -0.916843 0.00876477 0.399152 2.45388 0 1
-69.0824 -43.1716 97.2025 -0.917476 0.0100713 0.397664 2.65825 0 1
-69.1089 -42.1138 97.094 -0.918387 0.0111391 0.395526 2.82992 0 1
-69.3838 -41.5572 96.4368 -0.91937 0.0118523 0.393216 3.04277 0 1
-69.7814 -42.0905 95.5187 -0.920202 0.0122094 0.391253 3.23436 0 1
-69.8687 -43.1066 95.3586 -0.920683 0.0122744 0.390117 3.2393 0 1
-69.8696 -43.1329 95.3572 -0.920665 0.0121074 0.390165 3.36011 0 1
-70.1098 -43.062 94.7635 -0.920087 0.0117409 0.391538 3.67139 0 1
-70.1403 -44.7508 94.7529 -0.919002 0.0112163 0.394093 3.87834 0 1
-70.097 -45.8464 94.8331 -0.917586 0.0106346 0.397395 4.13696 0 1
-69.8726 -47.0971 95.4111 -0.916105 0.01016 0.40081 4.44856 0 1
-69.2179 -47.2016 96.9371 -0.914855 0.00996645 0.403661 4.76024 0 1
-68.8271 -45.8403 97.7578 -0.914084 0.0101636 0.405397 4.94947 0 1
-68.7926 -44.8387 97.8247 -0.913937 0.0107504 0.405714 5.15668 0 1
-68.7796 -43.7389 97.8482 -0.914423 0.0116137 0.404592 5.42793 0 1
-68.8035 -42.3032 97.7915 -0.915433 0.0125637 0.402274 5.63907 0 1
-68.8948 -41.2287 97.5363 -0.916772 0.0133945 0.399186 5.85905 0 1
-69.3114 -40.747 96.5593 -0.918212 0.0139592 0.395844 6.09766 0 1
-69.8042 -40.9962 95.4074 -0.919537 0.0142281 0.392746 6.33575 0 1
-70.0666 -42.1292 94.8316 -0.92058 0.0142903 0.390292 6.34477 0 1
-70.073 -42.1763 94.8188 -0.921226 0.0142896 0.388766 6.47745 0 1
-70.3329 -42.4178 94.188 -0.921399 0.0143312 0.388353 6.70745 0 1
-70.3703 -43.6879 94.1469 -0.921061 0.014417 0.389151 6.98354 0 1
-70.3828 -45.1931 94.1687 -0.92021 0.0144419 0.391158 7.20361 0 1
-70.3561 -46.3709 94.241 -0.918902 0.0142528 0.394227 7.41818 0 1
-70.2495 -47.4819 94.5392 -0.91726 0.0137403 0.398052 7.61222 0 1
-69.8815 -47.8611 95.4339 -0.915465 0.0129218 0.402189 7.8731 0 1
-69.3341 -47.9457 96.7 -0.913736 0.011969 0.406131 8.10267 0 1
-68.8318 -47.8008 97.7912 -0.912292 0.0111556 0.409388 8.3746 0 1
-68.5611 -46.495 98.3255 -0.911318 0.010747 0.411562 8.56709 0 1
-68.5204 -45.4811 98.4048 -0.910938 0.0108921 0.412399 8.76697 0 1
-68.5038 -44.4254 98.4386 -0.911198 0.0115742 0.411806 9.02468 0 1
-68.5077 -43.0627 98.4371 -0.912072 0.0126356 0.409836 9.35405 0 1
-68.5476 -41.3379 98.3291 -0.913475 0.0138517 0.406659 9.55727 0 1
-68.6775 -40.3393 97.9809 -0.915286 0.0150095 0.402526 9.75891 0 1
-69.0887 -40.0578 97.031 -0.917353 0.0159553 0.397755 9.94912 0 1
-69.4954 -40.0466 96.0953 -0.91951 0.0166078 0.392715 10.1745 0 1
-69.9656 -40.2013 94.9857 -0.921593 0.0169565 0.387787 10.4198 0 1
-70.2642 -41.3223 94.3093 -0.923449 0.0170551 0.383341 10.4521 0 1
-70.2882 -41.4944 94.2607 -0.924943 0.0170028 0.379725 10.5822 0 1
-70.5451 -41.6965 93.6139 -0.925947 0.0169048 0.377275 10.7808 0 1
-70.5848 -42.7988 93.5654 -0.92634 0.0168306 0.376313 10.966 0 1
-70.6121 -43.8193 93.5521 -0.926027 0.0167886 0.377084 11.1712 0 1
-70.6261 -44.9354 93.5588 -0.924971 0.0167228 0.37967 11.429 0 1
-70.6313 -46.3239 93.5779 -0.923225 0.0165245 0.383903 11.7314 0 1
-70.5897 -47.9471 93.757 -0.920944 0.0160589 0.389365 11.9292 0 1
-70.2602 -48.5197 94.5799 -0.91836 0.0152107 0.395453 12.2314 0 1
-69.6314 -48.6361 96.0455 -0.915749 0.0139466 0.401509 12.4761 0 1
-69.1108 -48.6285 97.2252 -0.913365 0.0123694 0.406954 12.7615 0 1
-68.482 -48.3724 98.5634 -0.911405 0.0107248 0.41137 12.9556 0 1
-68.2937 -47.435 98.9222 -0.909987 0.0093362 0.414533 13.2078 0 1
-68.2432 -46.1047 98.996 -0.909156 0.00849354 0.41637 13.4062 0 1
-68.2263 -45.0622 99.0265 -0.908919 0.00835314 0.416888 13.6099 0 1
-68.22 -43.9881 99.0447 -0.90927 0.00889878 0.416113 13.8104 0 1
-68.2277 -42.9323 99.0454 -0.910191 0.00996951 0.414069 14.0429 0 1
-68.2377 -41.7221 99.0114 -0.911648 0.0113263 0.410815 14.2603 0 1
-68.2599 -40.5862 98.923 -0.913567 0.0127268 0.406489 14.5129 0 1
-68.516 -39.4424 98.2838 -0.915823 0.0139865 0.401337 14.7095 0 1
-68.946 -39.3789 97.3227 -0.918252 0.0150071 0.395712 15.0425 0 1
-69.6561 -39.3582 95.6873 -0.92067 0.0157616 0.390023 15.2513 0 1
-70.0839 -39.4161 94.6479 -0.922909 0.0162573 0.384674 15.4388 0 1
-70.4197 -39.9837 93.8479 -0.924844 0.0165133 0.379988 15.6411 0 1
-70.5232 -41.0896 93.6493 -0.926404 0.016566 0.376167 15.7851 0 1
-70.8121 -41.0032 92.9068 -0.927558 0.0164794 0.373317 16.022 0 1
-70.8656 -42.3178 92.8139 -0.928289 0.0163384 0.371501 16.2151 0 1
-70.882 -43.3941 92.831 -0.928571 0.0162265 0.3708 16.4108 0 1
-70.9111 -44.4795 92.8308 -0.928364 0.0162053 0.371319 16.6467 0 1
-70.9355 -45.7609 92.8049 -0.927621 0.0163011 0.373168 16.8353 0 1
-70.9293 -46.7876 92.8413 -0.926307 0.0164928 0.37641 17.1501 0 1
-70.8791 -48.4925 93.0511 -0.924427 0.0167006 0.380992 17.3543 0 1
-70.6914 -49.4394 93.5934 -0.922057 0.0167914 0.386689 17.5435 0 1
-70.3039 -49.2441 94.5109 -0.91935 0.0166046 0.39309 17.7309 0 1
-69.9158 -49.3594 95.4209 -0.916523 0.0159922 0.399662 17.9591 0 1
-69.4354 -49.3972 96.5271 -0.913814 0.0148681 0.405861 18.1554 0 1
-69.014 -49.4355 97.4735 -0.911436 0.0132616 0.411228 18.4607 0 1
-68.3262 -49.2251 98.9138 -0.909542 0.0113504 0.415458 18.6545 0 1
-68.0001 -48.5011 99.5617 -0.908207 0.00943469 0.418415 18.9434 0 1
-67.9026 -46.9839 99.7218 -0.90744 0.00784715 0.420108 19.1346 0 1
-67.8837 -45.9764 99.7567 -0.9072 0.00684635 0.420644 19.3364 0 1
-67.8713 -44.9192 99.7784 -0.907425 0.00655383 0.420163 19.5482 0 1
-67.887 -43.8067 99.7545 -0.908054 0.00694996 0.418796 19.7681 0 1
-67.8988 -42.6559 99.7599 -0.909041 0.00790463 0.416633 19.989 0 1
-67.8839 -41.5116 99.7929 -0.910354 0.00921855 0.413727 20.2514 0 1
-67.9083 -40.1532 99.6604 -0.911966 0.0106692 0.410127 20.449 0 1
-68.0068 -39.1326 99.4065 -0.913832 0.0120588 0.405913 20.6675 0 1
-68.4334 -38.6338 98.4434 -0.91589 0.0132513 0.401211 20.9198 0 1
-68.9763 -38.5733 97.2142 -0.918059 0.0141863 0.39619 21.1358 0 1
-69.4358 -38.5959 96.1551 -0.920261 0.014867 0.391023 21.3345 0 1
-69.8612 -38.6059 95.1669 -0.922435 0.0153346 0.385848 21.5296 0 1
-70.2563 -38.6707 94.1903 -0.924547 0.015644 0.380746 21.807 0 1
-70.7313 -39.5985 93.044 -0.926592 0.0158478 0.375734 21.8378 0 1
-70.7625 -39.7513 92.9714 -0.928582 0.015993 0.370781 21.9988 0 1
-70.8074 -40.6478 92.9068 -0.930529 0.0161232 0.365833 21.9988 0 1
