-80.2685 22.9728 78.5877 -0.861146 -0.0104815 0.508249 0 1 0
-79.5751 23.309 79.7594 -0.860935 -0.0102401 0.508613 0.393181 0 0
-80.0748 23.7865 78.9294 -0.860722 -0.00997766 0.508978 0.530797 0 0
-80.2618 23.0045 78.5996 -0.860519 -0.00971075 0.509326 0.671607 0 0
-80.6385 22.5187 77.9512 -0.860352 -0.00948087 0.509612 0.940002 0 0
-80.5085 24.2083 78.2047 -0.860253 -0.00934024 0.509781 1.10737 0 0
-80.0423 24.7399 79.0002 -0.860254 -0.00932679 0.509781 1.27861 0 0
-79.4917 24.6265 79.9208 -0.860366 -0.00944211 0.509589 1.48555 0 0
-79.1046 23.5656 80.5506 -0.860571 -0.00964353 0.509239 1.72458 0 0
-79.3693 22.1721 80.0839 -0.860818 -0.00985224 0.508818 1.90347 0 0
-79.8788 21.6736 79.2177 -0.861039 -0.0099743 0.508441 2.10495 0 0
-80.479 22.182 78.2147 -0.861175 -0.0099305 0.508212 2.24718 0 0
-80.87 21.7261 77.5353 -0.861197 -0.00968712 0.508179 2.41154 0 0
-81.1008 22.686 77.1653 -0.861117 -0.00927437 0.508322 2.58842 0 0
-81.0825 23.8213 77.2205 -0.860974 -0.00878152 0.508573 2.76622 0 0
-80.8139 24.8239 77.697 -0.860815 -0.00832959 0.50885 3.02917 0 0
-80.074 25.6411 78.9626 -0.860684 -0.00803323 0.509076 3.22708 0 0
-79.4352 25.5734 80.0264 -0.860614 -0.0079673 0.509195 3.50902 0 0
-78.7485 24.416 81.1581 -0.860623 -0.00814956 0.509178 3.67939 0 0
-78.6245 23.3831 81.3628 -0.86071 -0.00854127 0.509024 3.86698 0 0
-78.7476 22.2543 81.1362 -0.860863 -0.00905833 0.508756 4.05993 0 0
-79.1286 21.33 80.4757 -0.861056 -0.0095882 0.508419 4.2254 0 0
-79.6029 20.8885 79.6674 -0.86126 -0.0100142 0.508065 4.46406 0 0
-80.3672 20.9346 78.3731 -0.861446 -0.010245 0.507746 4.62637 0 0
-80.8054 21.5288 77.6399 -0.861586 -0.010233 0.507508 4.76689 0 0
-80.9749 20.6986 77.33 -0.86166 -0.0099703 0.507387 4.94668 0 0
-80.4785 20.0571 78.1612 -0.861655 -0.00947064 0.507406 5.17045 0 0
-79.7482 19.9154 79.3971 -0.861561 -0.00875847 0.507578 5.33875 0 0
-79.2379 20.245 80.2791 -0.861374 -0.00787465 0.50791 5.50744 0 0
-78.7383 20.612 81.1313 -0.861099 -0.00689105 0.50839 5.69974 0 0
-78.425 21.631 81.6698 -0.86076 -0.00591876 0.508977 5.88616 0 0
-78.2061 22.6993 82.0596 -0.860407 -0.00509763 0.509582 6.08295 0 0
-78.1792 23.9124 82.1201 -0.860114 -0.00456549 0.510082 6.24094 0 0
-78.2943 24.8571 81.9289 -0.859955 -0.00441943 0.51035 6.44797 0 0
-78.7637 25.7501 81.1449 -0.859986 -0.00468787 0.510297 6.63789 0 0
-79.2539 26.4492 80.33 -0.860216 -0.00532699 0.509902 6.85385 0 0
-79.9452 26.5506 79.1777 -0.860609 -0.00624102 0.509228 7.03743 0 0
-80.5445 26.4986 78.1882 -0.861094 -0.00731444 0.508394 7.27925 0 0
-81.1629 25.6023 77.1176 -0.861588 -0.00844236 0.507538 7.46783 0 0
-81.4045 24.5011 76.6814 -0.862026 -0.00955017 0.506774 7.64225 0 0
-81.5516 23.4177 76.4022 -0.862373 -0.0106006 0.506163 7.7983 0 0
-81.5214 22.4037 76.4315 -0.862632 -0.0115904 0.505699 7.9644 0 0
-81.2806 21.4335 76.8255 -0.862834 -0.0125396 0.505332 7.97979 0 0
-81.2529 21.3492 76.8703 -0.863019 -0.0134782 0.50499 7.97979 0 0
