71.6468 44.5297 96.9042 0.878346 0.00495511 0.477971 0 1 1
71.8901 45.5647 96.4139 0.880602 0.00524931 0.473828 0.376057 0 1
72.0334 44.7134 96.1531 0.882405 0.00552154 0.470458 0.590241 0 1
72.1962 43.5893 95.8426 0.883745 0.00579499 0.467933 0.775906 0 1
72.0486 42.6115 96.1405 0.884735 0.00610216 0.466054 0.903088 0 1
71.8099 43.1114 96.6021 0.885548 0.00646441 0.464504 1.07035 0 1
71.7031 44.0233 96.8117 0.886326 0.00688084 0.463011 1.19594 0 1
71.3833 44.2291 97.3938 0.887129 0.0073254 0.461462 1.48945 0 1
71.4767 42.6018 97.2543 0.887915 0.0077466 0.459941 1.69081 0 1
71.7275 41.6109 96.7878 0.88856 0.00807315 0.45869 1.88795 0 1
72.2284 41.7421 95.8158 0.888909 0.00823194 0.45801 2.13129 0 1
72.4618 43.013 95.3211 0.888839 0.00817449 0.458146 2.32069 0 1
72.4802 44.0755 95.2695 0.888312 0.00789848 0.459173 2.60496 0 1
72.3822 45.6434 95.4362 0.887397 0.00745335 0.460946 2.78656 0 1
72.1001 46.4359 95.9782 0.886277 0.00692729 0.463105 2.97039 0 1
71.6345 46.409 96.8798 0.885203 0.006421 0.465161 3.1858 0 1
71.3713 45.3801 97.4117 0.88443 0.0060199 0.466634 3.35894 0 1
71.3608 44.4312 97.4308 0.884144 0.00577751 0.467178 3.47689 0 1
71.0472 44.3774 98.005 0.884408 0.00571344 0.46668 3.66922 0 1
71.0501 45.457 98.0024 0.885148 0.00581977 0.465274 3.85201 0 1
71.1066 46.4599 97.8952 0.886181 0.00607015 0.4633 4.16301 0 1
71.8064 47.2222 96.5353 0.887268 0.00643293 0.461209 4.48464 0 1
72.5869 46.7567 95.011 0.888181 0.00688781 0.459442 4.74006 0 1
72.7341 45.3792 94.7451 0.888758 0.00743378 0.458317 4.93758 0 1
72.7763 44.2936 94.6729 0.888933 0.00807529 0.457965 5.27727 0 1
72.7467 42.4131 94.7671 0.888739 0.00879294 0.458329 5.49401 0 1
72.6379 41.2305 95.0115 0.888274 0.00952399 0.459216 5.80519 0 1
71.8682 40.8016 96.5315 0.887676 0.0101722 0.460357 6.00612 0 1
71.3602 41.0601 97.5012 0.887093 0.0106431 0.461467 6.28633 0 1
71.141 42.5427 97.8905 0.886669 0.0108824 0.462276 6.47571 0 1
71.0921 43.5894 97.9385 0.886516 0.0108941 0.46257 6.60184 0 1
70.7842 43.3618 98.5372 0.886697 0.0107297 0.462227 6.85638 0 1
70.8441 41.9497 98.462 0.88721 0.0104555 0.461248 7.07658 0 1
70.9596 40.762 98.2631 0.88799 0.0101241 0.459752 7.29958 0 1
71.4626 40.158 97.3236 0.888928 0.00976528 0.457943 7.49394 0 1
71.9551 40.0895 96.3736 0.889897 0.00939645 0.456064 7.76382 0 1
72.6422 40.1972 95.0269 0.890772 0.00903705 0.454361 7.96904 0 1
72.9719 41.0703 94.3494 0.891435 0.00871091 0.453064 8.24394 0 1
73.0573 42.5942 94.1412 0.891776 0.0084329 0.452399 8.42771 0 1
73.0842 43.6127 94.0614 0.89169 0.00819343 0.452573 8.68013 0 1
73.0601 45.0165 94.0972 0.8911 0.0079678 0.453737 8.93492 0 1
73.0069 46.4162 94.1867 0.889994 0.00776156 0.455906 9.16838 0 1
72.8274 47.6465 94.5214 0.888445 0.00765795 0.45892 9.34692 0 1
72.3951 47.9049 95.3702 0.886607 0.00780812 0.462457 9.65866 0 1
71.611 47.9306 96.9048 0.884683 0.00834605 0.466118 9.84546 0 1
71.1392 47.7613 97.8008 0.882881 0.00928707 0.469506 10.0297 0 1
70.798 47.0517 98.4506 0.881379 0.0104959 0.472293 10.2153 0 1
70.7192 46.0531 98.5939 0.880308 0.011754 0.474257 10.4511 0 1
70.7184 44.7571 98.6001 0.879739 0.0128719 0.475283 10.6068 0 1
70.7537 43.8946 98.5705 0.879693 0.0137575 0.475344 10.7439 0 1
70.4071 44.2052 99.1751 0.880151 0.0144029 0.474475 10.9444 0 1
70.4736 43.088 99.1287 0.881069 0.0148253 0.472756 11.1417 0 1
70.5066 42.0064 99.0931 0.882368 0.0150238 0.470319 11.4688 0 1
70.6094 40.2227 98.9396 0.88394 0.014979 0.46736 11.6884 0 1
71.055 39.4873 98.11 0.885649 0.0146758 0.464123 11.8971 0 1
71.593 39.4094 97.1057 0.887358 0.0141243 0.460866 12.0903 0 1
72.0766 39.3882 96.1671 0.888948 0.0133708 0.457814 12.3977 0 1
72.842 39.4007 94.6415 0.890336 0.0124967 0.455133 12.5892 0 1
73.2641 39.9071 93.7838 0.891471 0.0116061 0.452929 12.8125 0 1
73.3599 41.1499 93.5685 0.892326 0.0108005 0.451262 13.0457 0 1
73.3588 42.461 93.5427 0.892879 0.010145 0.450182 13.2589 0 1
73.3877 43.6455 93.4531 0.893101 0.00964329 0.449753 13.471 0 1
73.3875 44.8266 93.4428 0.892943 0.0092398 0.450076 13.7421 0 1
73.3351 46.3217 93.5333 0.892345 0.0088508 0.451268 13.9579 0 1
73.2987 47.5127 93.5831 0.89126 0.00841251 0.453415 14.1798 0 1
72.9839 48.5373 94.19 0.889695 0.00793149 0.456486 14.4006 0 1
72.4327 48.6335 95.2812 0.887735 0.00751628 0.460293 14.6137 0 1
71.8955 48.6404 96.3321 0.885538 0.00735917 0.464508 14.8251 0 1
71.3661 48.6073 97.3706 0.883313 0.00765221 0.468721 15.0187 0 1
70.8683 48.4812 98.2975 0.881276 0.00846915 0.472526 15.2008 0 1
70.5002 47.8639 98.984 0.879607 0.00968465 0.475603 15.4372 0 1
70.3948 46.6052 99.1742 0.878411 0.010995 0.477779 15.6856 0 1
70.3819 45.2477 99.2004 0.877711 0.0120463 0.479039 15.8352 0 1
70.3936 44.4227 99.1848 0.877463 0.012599 0.47948 15.9888 0 1
70.045 43.9918 99.8432 0.877611 0.0126261 0.479207 16.1722 0 1
70.0902 42.9723 99.8254 0.87813 0.0122882 0.478263 16.3708 0 1
70.1165 41.8855 99.8157 0.879027 0.011818 0.476625 16.5983 0 1
70.1504 40.6402 99.7999 0.880306 0.0113974 0.474269 16.7934 0 1
70.2513 39.6053 99.6266 0.881925 0.0110942 0.47126 17.0219 0 1
70.6091 38.6322 98.9588 0.883773 0.0108728 0.467789 17.2179 0 1
71.109 38.5393 98.0248 0.885693 0.0106486 0.46415 17.4803 0 1
71.7945 38.5132 96.7649 0.887519 0.0103459 0.460656 17.6662 0 1
72.2452 38.5332 95.8724 0.889123 0.0099318 0.45756 17.9647 0 1
72.9728 38.6006 94.3991 0.890437 0.00942299 0.455009 18.2041 0 1
73.5485 38.9534 93.2301 0.891453 0.00887587 0.453026 18.3767 0 1
73.714 39.8519 92.88 0.892211 0.0083677 0.451542 18.5631 0 1
73.7567 40.9046 92.7792 0.89277 0.0079751 0.450441 18.7437 0 1
73.6642 41.9095 92.9477 0.893185 0.00775559 0.449622 18.9496 0 1
73.7271 43.0501 92.7847 0.893481 0.00773522 0.449034 19.1477 0 1
73.7421 44.1624 92.7444 0.893652 0.00790032 0.448691 19.402 0 1
73.7506 45.5723 92.7147 0.893661 0.00819335 0.448668 19.6137 0 1
73.6387 46.7206 92.9129 0.893435 0.00852131 0.449112 19.8263 0 1
73.7319 47.882 92.7003 0.892869 0.00878264 0.450231 20.0186 0 1
73.5182 48.8548 93.1143 0.891855 0.00889993 0.452234 20.2009 0 1
73.1142 49.3414 93.9119 0.890332 0.0088389 0.455225 20.4025 0 1
72.6105 49.4458 94.9092 0.888333 0.00861224 0.45912 20.5881 0 1
72.1428 49.464 95.8284 0.885992 0.00828486 0.463626 20.8032 0 1
71.6018 49.4737 96.8877 0.88352 0.00798526 0.468325 21.0238 0 1
71.0513 49.4692 97.9682 0.881142 0.00790179 0.472785 21.2571 0 1
70.4579 49.2361 99.0341 0.879045 0.00824195 0.476668 21.5734 0 1
70.0372 47.762 99.7979 0.877334 0.00916235 0.479794 21.7887 0 1
70.0356 46.5911 99.8116 0.876021 0.0107056 0.482154 21.9903 0 1
69.997 45.4935 99.8866 0.875037 0.012779 0.483888 22.0774 0 1
69.9989 45.0151 99.8865 0.87425 0.0151829 0.485238 22.1608 0 1
69.9614 44.5593 99.956 0.87341 0.0176697 0.486433 22.1608 0 1
