-84.5886 -40.4078 72.7527 -0.849642 0.00329582 0.52735 0 1 0
-84.2625 -39.1725 73.2712 -0.849649 0.00304811 0.52734 0.301718 0 0
-83.987 -39.435 73.7155 -0.849669 0.00265141 0.52731 0.539042 0 0
-84.3025 -40.8631 73.2164 -0.849712 0.002052 0.527243 0.660864 0 0
-83.9125 -41.1388 73.8474 -0.849802 0.00124335 0.5271 0.922932 0 0
-83.6255 -39.5312 74.2969 -0.849976 0.000267627 0.526821 1.13988 0 0
-83.4092 -38.1827 74.6402 -0.850269 -0.000798514 0.526349 1.38789 0 0
-83.2611 -36.5998 74.8732 -0.850694 -0.00186312 0.525659 1.54562 0 0
-82.8097 -36.0566 75.6168 -0.851231 -0.00283223 0.524783 1.74548 0 0
-82.3864 -35.0686 76.3056 -0.851829 -0.00361729 0.523807 1.94581 0 0
-81.9255 -34.1319 77.0568 -0.852416 -0.00414561 0.522848 2.117 0 0
-81.5313 -33.3391 77.7167 -0.852927 -0.00437607 0.522012 2.37228 0 0
-81.1779 -31.8623 78.3177 -0.853316 -0.0043094 0.521377 2.54217 0 0
-81.2146 -30.7805 78.2701 -0.853556 -0.00398295 0.520985 2.70262 0 0
-81.7375 -30.5639 77.41 -0.853637 -0.00345348 0.520857 2.91242 0 0
-82.2681 -31.4205 76.5192 -0.853555 -0.0027801 0.520995 3.18543 0 0
-82.611 -33.0438 75.9426 -0.853321 -0.00201518 0.521382 3.33865 0 0
-82.6793 -34.0315 75.8366 -0.852957 -0.00120395 0.52198 3.52326 0 0
-82.9848 -35.0681 75.3405 -0.852498 -0.000389392 0.522731 3.74206 0 0
-83.3441 -36.2813 74.7398 -0.851981 0.000384381 0.523573 3.92585 0 0
-83.6036 -37.3704 74.3232 -0.851439 0.00107641 0.524452 4.14318 0 0
-84.2345 -38.1292 73.3111 -0.850902 0.00165917 0.525322 4.39747 0 0
-84.8391 -39.3301 72.3426 -0.850395 0.002126 0.526141 4.59512 0 0
-85.0025 -40.5833 72.0873 -0.84994 0.00248928 0.526873 4.78611 0 0
-84.704 -41.6876 72.5768 -0.849563 0.00277139 0.52748 4.94035 0 0
-84.1767 -41.717 73.4269 -0.849283 0.00299511 0.527929 5.06626 0 0
-83.8155 -42.1596 74.0067 -0.849116 0.00317699 0.528197 5.25696 0 0
-84.397 -42.7295 73.0806 -0.849073 0.00332359 0.528264 5.42608 0 0
-84.9494 -42.4291 72.1891 -0.849171 0.00342977 0.528107 5.59568 0 0
-85.2823 -41.5331 71.6446 -0.849428 0.00347873 0.527694 5.78157 0 0
-85.4132 -40.3477 71.4263 -0.849856 0.00344248 0.527004 5.97369 0 0
-85.2272 -39.1403 71.7163 -0.850449 0.0032819 0.526047 6.18018 0 0
-84.7909 -38.0654 72.4143 -0.851175 0.00294867 0.524873 6.40158 0 0
-84.2026 -37.1427 73.3553 -0.851982 0.00239267 0.523565 6.55605 0 0
-83.8242 -36.4276 73.9581 -0.852811 0.0015778 0.522217 6.70863 0 0
-83.53 -35.6034 74.4408 -0.853608 0.000502821 0.520916 6.91247 0 0
-83.216 -34.4256 74.9501 -0.854324 -0.000783299 0.519741 7.14993 0 0
-82.9535 -32.9747 75.38 -0.854916 -0.00218361 0.518762 7.3289 0 0
-82.7704 -31.867 75.6867 -0.855344 -0.00357383 0.518048 7.56398 0 0
-82.3783 -30.5481 76.3466 -0.855568 -0.00482978 0.517668 7.8009 0 0
-81.7917 -29.5445 77.3342 -0.855554 -0.00584762 0.51768 7.95915 0 0
-81.284 -29.2949 78.1816 -0.855288 -0.0065514 0.518112 8.1927 0 0
-80.7904 -30.4687 78.9855 -0.854782 -0.00689263 0.518941 8.45231 0 0
-80.824 -32.1196 78.8962 -0.854084 -0.00685137 0.52009 8.65023 0 0
-81.0711 -33.2812 78.4756 -0.853266 -0.0064433 0.521436 8.87236 0 0
-81.4984 -34.412 77.7527 -0.852407 -0.00572601 0.522848 9.06599 0 0
-81.941 -35.3105 77.0164 -0.851575 -0.00479351 0.524211 9.26506 0 0
-82.4105 -36.2331 76.2538 -0.850817 -0.00375737 0.525448 9.4518 0 0
-82.7922 -37.1868 75.6338 -0.850156 -0.00272747 0.526524 9.63788 0 0
-83.0411 -38.2867 75.2343 -0.849596 -0.00180461 0.527431 9.82253 0 0
-83.2388 -39.4122 74.917 -0.849143 -0.0010825 0.528162 9.98048 0 0
-83.3572 -40.4076 74.7347 -0.848819 -0.000645511 0.528683 10.2154 0 0
-83.6608 -41.8102 74.2533 -0.848666 -0.0005542 0.52893 10.3388 0 0
-83.3829 -42.4101 74.6986 -0.848732 -0.000827976 0.528823 10.5453 0 0
-83.0839 -41.2008 75.1763 -0.849052 -0.00144056 0.528307 10.7434 0 0
-82.9207 -39.9653 75.4304 -0.849631 -0.00233325 0.527372 10.986 0 0
-82.6772 -38.4767 75.8144 -0.850445 -0.0034374 0.526053 11.2762 0 0
-82.1695 -36.8818 76.6317 -0.851442 -0.00469167 0.524428 11.5523 0 0
-81.5248 -35.6107 77.6938 -0.852548 -0.00604082 0.522614 11.7555 0 0
-81.0785 -34.6419 78.4397 -0.853675 -0.00741586 0.520754 11.9618 0 0
-80.7031 -33.5563 79.0799 -0.854731 -0.0087138 0.518999 12.1259 0 0
-80.4943 -32.6049 79.4319 -0.855634 -0.00979932 0.517489 12.3619 0 0
-80.3496 -31.1375 79.6996 -0.856326 -0.0105328 0.516328 12.5715 0 0
-80.4534 -29.8149 79.5655 -0.85678 -0.010808 0.515569 12.7557 0 0
-80.7907 -28.8357 79.0196 -0.857 -0.0105775 0.515207 12.9185 0 0
-81.2888 -28.4042 78.2064 -0.857012 -0.00985786 0.515201 13.096 0 0
-81.8514 -28.6534 77.2533 -0.856846 -0.00871828 0.515499 13.2543 0 0
-82.2737 -29.2471 76.5382 -0.856524 -0.00726299 0.516057 13.4515 0 0
-82.7255 -30.16 75.7753 -0.856061 -0.0056141 0.516844 13.6108 0 0
-82.9998 -31.0392 75.3131 -0.855476 -0.00389707 0.517828 13.8149 0 0
-83.2318 -32.2872 74.9258 -0.854791 -0.00222846 0.518967 14.009 0 0
-83.4156 -33.4975 74.6132 -0.854038 -0.000704722 0.520209 14.2186 0 0
-83.7089 -34.7462 74.1353 -0.853253 0.000606321 0.521496 14.3727 0 0
-83.9931 -35.5992 73.6794 -0.852472 0.00166744 0.522771 14.5318 0 0
-84.3492 -36.3966 73.1115 -0.851725 0.00246609 0.523984 14.6851 0 0
-84.7489 -37.0598 72.4737 -0.851032 0.0030057 0.525105 14.9787 0 0
-85.5065 -38.3318 71.2557 -0.850405 0.00330206 0.526118 15.23 0 0
-85.7927 -39.9055 70.8156 -0.849844 0.00338853 0.527023 15.3995 0 0
-85.81 -41.0175 70.7964 -0.849349 0.00332498 0.527821 15.5562 0 0
-85.6264 -41.9806 71.0954 -0.848919 0.00319861 0.528513 15.7352 0 0
-85.2898 -42.9581 71.6469 -0.848557 0.00310722 0.529095 15.9007 0 0
-84.7981 -43.4963 72.442 -0.848267 0.00312839 0.52956 16.0738 0 0
-84.2023 -43.4746 73.3934 -0.848055 0.00329241 0.529898 16.2961 0 0
-83.5397 -42.7535 74.4471 -0.847923 0.00357747 0.530107 16.4168 0 0
-83.3273 -43.4263 74.7857 -0.847868 0.00392926 0.530193 16.5861 0 0
-83.804 -44.0584 74.0294 -0.84788 0.00428951 0.530171 16.8342 0 0
-84.6406 -44.3667 72.6957 -0.84795 0.00461501 0.530056 17.035 0 0
-85.295 -43.9242 71.6494 -0.848073 0.00488049 0.529857 17.2073 0 0
-85.7319 -43.1691 70.9387 -0.848246 0.00507094 0.529578 17.3849 0 0
-86.0225 -42.1493 70.4617 -0.848466 0.00517209 0.529224 17.6095 0 0
-86.2368 -40.7317 70.1113 -0.848728 0.00516404 0.528805 17.795 0 0
-86.1702 -39.5217 70.2071 -0.849027 0.00501987 0.528325 17.9574 0 0
-86.0102 -38.4943 70.4517 -0.849374 0.00471054 0.527771 18.13 0 0
-85.6973 -37.5141 70.9396 -0.849789 0.00421275 0.527106 18.364 0 0
-85.0452 -36.5827 71.9879 -0.850304 0.00351292 0.52628 18.5393 0 0
-84.5897 -35.8182 72.7172 -0.850947 0.00260233 0.525246 18.7241 0 0
-84.2014 -34.8548 73.3392 -0.851731 0.00146747 0.523978 18.8777 0 0
-83.9347 -33.9853 73.7645 -0.852649 8.71024e-05 0.522484 19.0679 0 0
-83.6838 -32.8349 74.1756 -0.853676 -0.00155471 0.520803 19.2651 0 0
-83.5175 -31.5914 74.4577 -0.854766 -0.00344242 0.519002 19.4728 0 0
-83.2446 -30.3489 74.9139 -0.855862 -0.00550327 0.517175 19.6506 0 0
-82.9119 -29.3893 75.4706 -0.85689 -0.00759884 0.515443 19.9217 0 0
-82.2693 -28.1576 76.5625 -0.857768 -0.00954531 0.513949 20.0794 0 0
-81.8105 -27.6945 77.3473 -0.858412 -0.0111598 0.512839 20.2587 0 0
-81.2291 -27.605 78.3388 -0.85876 -0.0123096 0.512231 20.4174 0 0
-80.7323 -27.9152 79.1592 -0.858777 -0.0129362 0.512186 20.6919 0 0
-80.1152 -29.206 80.1567 -0.858466 -0.0130442 0.512704 20.9556 0 0
-79.9591 -30.8514 80.3666 -0.857854 -0.0126717 0.513737 21.115 0 0
-80.0075 -31.848 80.2475 -0.856987 -0.0118707 0.515202 21.2931 0 0
-80.1538 -32.9461 79.9888 -0.855922 -0.0107091 0.516993 21.5261 0 0
-80.4662 -34.2889 79.4591 -0.854733 -0.00928426 0.518984 21.7334 0 0
-80.8427 -35.3566 78.8117 -0.853497 -0.00772727 0.52104 22.0061 0 0
-81.4703 -36.5955 77.7675 -0.852289 -0.00618204 0.523035 22.1663 0 0
-81.8532 -37.3027 77.1362 -0.851166 -0.00477053 0.524875 22.3758 0 0
-82.2267 -38.4454 76.5292 -0.85017 -0.0035666 0.526496 22.5448 0 0
-82.455 -39.4458 76.1697 -0.849333 -0.00259747 0.527851 22.7601 0 0
-82.6067 -40.7959 75.9357 -0.848688 -0.0018703 0.52889 22.9532 0 0
-82.8159 -41.9684 75.6076 -0.84827 -0.00140273 0.529563 23.1079 0 0
-83.062 -42.8406 75.2117 -0.848103 -0.00123515 0.52983 23.2425 0 0
-82.6032 -42.9021 75.944 -0.848192 -0.0014162 0.529687 23.4052 0 0
-82.3965 -41.9361 76.2735 -0.848522 -0.00197261 0.529156 23.6271 0 0
-82.1933 -40.5708 76.5926 -0.849071 -0.00288741 0.528271 23.8282 0 0
-82.0613 -39.3102 76.7965 -0.849822 -0.00410206 0.527055 24.099 0 0
-81.5866 -37.8304 77.5651 -0.850767 -0.00553568 0.525514 24.2597 0 0
-81.1844 -37.1522 78.2262 -0.851895 -0.00710408 0.523664 24.4774 0 0
-80.6823 -36.1713 79.06 -0.853176 -0.00873058 0.52155 24.7277 0 0
-80.1765 -34.9326 79.9157 -0.854548 -0.0103489 0.519269 24.8936 0 0
-79.8607 -34.0933 80.4551 -0.855928 -0.0118982 0.516958 25.1202 0 0
-79.7 -32.7052 80.7412 -0.857224 -0.0133118 0.514771 25.2799 0 0
-79.5741 -31.7274 80.9845 -0.858357 -0.0145055 0.512848 25.4485 0 0
-79.55 -30.6614 81.0636 -0.859271 -0.0153767 0.511289 25.6427 0 0
-79.6638 -29.451 80.9226 -0.859944 -0.0158177 0.510143 25.823 0 0
-79.9025 -28.4137 80.5474 -0.860375 -0.0157418 0.509418 25.994 0 0
-80.2827 -27.6088 79.9356 -0.860578 -0.0151129 0.509095 26.2091 0 0
-80.9039 -26.9825 78.9086 -0.860563 -0.0139639 0.509152 26.3875 0 0
-81.4558 -26.6587 77.9796 -0.860338 -0.0123897 0.509573 26.589 0 0
-82.0823 -26.9961 76.9079 -0.85991 -0.0105156 0.510337 26.7552 0 0
-82.5487 -27.537 76.1074 -0.859301 -0.00846083 0.511401 26.9614 0 0
-83.0486 -28.4236 75.243 -0.858551 -0.00631585 0.512689 27.1831 0 0
-83.4452 -29.6627 74.587 -0.857718 -0.00414485 0.514104 27.3605 0 0
-83.7765 -30.6165 74.0299 -0.856857 -0.00200664 0.515551 27.6124 0 0
-83.9729 -32.2134 73.7073 -0.85601 2.29002e-05 0.51696 27.8135 0 0
-84.1826 -33.4503 73.3604 -0.855195 0.00184651 0.518303 28.0664 0 0
-84.6406 -34.861 72.6293 -0.854414 0.00336738 0.519582 28.2277 0 0
-85.0278 -35.6139 72.007 -0.853657 0.00452569 0.520816 28.3832 0 0
-85.4726 -36.1771 71.2869 -0.852918 0.00532614 0.522018 28.5401 0 0
-85.9001 -36.8134 70.5974 -0.852198 0.00583713 0.523188 28.7612 0 0
-86.4343 -37.8881 69.7541 -0.851501 0.00615892 0.524316 28.9256 0 0
-86.5315 -38.9665 69.6215 -0.850836 0.00637716 0.525392 29.1418 0 0
-86.6632 -40.3688 69.4187 -0.850208 0.00652689 0.526406 29.4062 0 0
-86.4896 -42.0793 69.7135 -0.849621 0.00658402 0.527352 29.5797 0 0
-86.2687 -43.1403 70.0766 -0.849083 0.00648465 0.52822 29.7338 0 0
-85.9513 -43.951 70.5958 -0.848598 0.00615894 0.529003 29.9898 0 0
-85.2161 -44.8711 71.7919 -0.848169 0.00556337 0.529696 30.1809 0 0
-84.5817 -45.2161 72.8066 -0.847792 0.00469982 0.530307 30.4128 0 0
-83.7885 -44.9382 74.0601 -0.847456 0.00361773 0.530853 30.578 0 0
-83.2908 -44.4166 74.8515 -0.847144 0.0024018 0.531357 30.7409 0 0
-82.8594 -43.7444 75.5317 -0.846832 0.00115175 0.531848 30.7409 0 0
-82.2476 -33.1763 76.5381 -0.854231 -0.0055883 0.519863 30.9363 1 0
-81.9676 -32.035 77.0103 -0.854425 -0.00555711 0.519545 31.0841 0 0
-81.8143 -32.9394 77.2536 -0.854618 -0.00552575 0.519228 31.1336 0 0
-81.9316 -33.1617 77.0576 -0.85481 -0.00549434 0.518911 31.1336 0 0
