84.7708 -39.7538 75.6483 0.840668 -0.0130807 0.541393 0 1 0
85.1756 -38.5346 75.0495 0.84058 -0.0128405 0.541535 0.362885 0 0
85.5019 -39.2272 74.5267 0.840505 -0.0125755 0.541658 0.544922 0 0
84.9564 -39.8645 75.3583 0.840455 -0.0122682 0.541742 0.593255 0 0
84.7879 -39.8297 75.62 0.840446 -0.0119232 0.541765 0.721012 0 0
84.4709 -40.4253 76.0977 0.840481 -0.011578 0.541717 0.882097 0 0
84.9876 -40.8224 75.2891 0.840553 -0.0112923 0.541611 1.06806 0 0
85.6144 -40.4645 74.3256 0.840639 -0.011123 0.541481 1.27278 0 0
85.8876 -39.2256 73.9294 0.840713 -0.0111012 0.541368 1.44173 0 0
85.7192 -38.1766 74.2044 0.840752 -0.0112227 0.541304 1.64634 0 0
85.0679 -37.6421 75.234 0.84075 -0.0114523 0.541303 1.83439 0 0
84.5044 -38.2774 76.0979 0.84071 -0.011733 0.541359 2.02798 0 0
84.2827 -39.4597 76.4134 0.840647 -0.0119926 0.54145 2.04189 0 0
84.2741 -39.5479 76.4246 0.840585 -0.0121505 0.541543 2.17629 0 0
83.8171 -39.3825 77.1382 0.840553 -0.0121342 0.541593 2.45802 0 0
84.1574 -41.0583 76.5656 0.840577 -0.011909 0.54156 2.73975 0 0
85.0835 -41.6522 75.1218 0.840671 -0.0115019 0.541423 2.90885 0 0
85.6612 -41.3887 74.2305 0.840821 -0.0110023 0.541202 3.12771 0 0
86.1998 -40.3511 73.4201 0.840988 -0.0105317 0.540951 3.28507 0 0
86.3475 -39.3601 73.2141 0.841128 -0.010202 0.54074 3.54815 0 0
86.1378 -37.7006 73.5616 0.8412 -0.0100818 0.54063 3.72878 0 0
85.6559 -36.9458 74.3154 0.841186 -0.0101839 0.54065 4.00099 0 0
84.7097 -36.9758 75.8103 0.841087 -0.010472 0.540799 4.2057 0 0
84.125 -37.7475 76.6997 0.840925 -0.0108805 0.541042 4.39992 0 0
83.8772 -38.9177 77.056 0.840733 -0.0113377 0.541331 4.529 0 0
83.4815 -38.5411 77.6772 0.840549 -0.0117785 0.541608 4.76636 0 0
83.3529 -40.0496 77.8427 0.840405 -0.0121413 0.541823 4.92543 0 0
83.5637 -40.9772 77.4883 0.840332 -0.0123502 0.541932 5.20571 0 0
84.242 -42.2447 76.4083 0.840357 -0.012307 0.541894 5.36471 0 0
84.7905 -42.4107 75.5581 0.840502 -0.0119136 0.541678 5.55312 0 0
85.45 -42.3652 74.5345 0.840776 -0.0111229 0.541269 5.72271 0 0
86.0079 -41.9573 73.6774 0.841169 -0.0099847 0.54068 5.92896 0 0
86.5008 -40.9453 72.9398 0.841638 -0.00865561 0.539972 6.08325 0 0
86.7175 -40.0164 72.6227 0.842112 -0.00736247 0.539252 6.26382 0 0
86.7799 -38.8428 72.5535 0.842507 -0.00633765 0.538648 6.45481 0 0
86.6167 -37.6385 72.81 0.842751 -0.00575557 0.538273 6.62783 0 0
86.2723 -36.7135 73.3422 0.8428 -0.00569663 0.538197 6.81364 0 0
85.7158 -36.0848 74.2235 0.842647 -0.0061485 0.538431 7.01931 0 0
85.0075 -35.9019 75.3478 0.842312 -0.0070353 0.538944 7.1742 0 0
84.5077 -36.2838 76.1336 0.841832 -0.00825372 0.539677 7.37444 0 0
83.8955 -36.9216 77.076 0.841247 -0.00969822 0.540564 7.59736 0 0
83.5352 -38.2026 77.6022 0.840601 -0.0112696 0.541537 7.63038 0 0
83.5012 -38.4064 77.6498 0.839937 -0.0128724 0.542531 7.63038 0 0
