-11.1269 43.653 49.3869 -0.212786 0.00758436 0.977069 0 1 1
-11.0646 45.1292 49.3918 -0.208861 0.00541974 0.97793 0.643967 0 1
-10.2664 45.5229 49.5611 -0.205972 0.00359849 0.978551 1.03205 0 1
-10.2277 44.1098 49.5656 -0.204299 0.00216053 0.978906 1.24638 0 1
-10.1806 43.3263 49.5719 -0.20366 0.00102173 0.979041 1.5903 0 1
-10.7063 42.1803 49.4614 -0.203611 4.52305e-05 0.979052 1.92947 0 1
-11.0849 43.374 49.3982 -0.203605 -0.000877434 0.979053 2.12386 0 1
-11.7818 43.4015 49.2463 -0.203191 -0.00179622 0.979138 2.41592 0 1
-11.8404 44.4823 49.225 -0.202186 -0.00273616 0.979343 2.69599 0 1
-11.8015 45.5284 49.2302 -0.200751 -0.00374418 0.979635 2.97029 0 1
-11.6014 46.5263 49.2775 -0.199336 -0.00489003 0.979919 3.35584 0 1
-10.2526 46.8564 49.5698 -0.198495 -0.0062186 0.980082 3.63277 0 1
-9.67844 46.0381 49.67 -0.198671 -0.0077045 0.980036 3.97448 0 1
-9.47815 44.8061 49.7037 -0.200011 -0.00925336 0.97975 4.45359 0 1
-9.39224 43.0427 49.7216 -0.202287 -0.0107447 0.979267 4.87417 0 1
-9.61578 41.5151 49.6636 -0.204944 -0.0120729 0.978699 5.30664 0 1
-11.1521 41.1813 49.3447 -0.207256 -0.0131538 0.978198 5.57655 0 1
-11.6668 42.0476 49.2571 -0.208536 -0.0139073 0.977916 5.75889 0 1
-11.7168 42.727 49.2593 -0.208338 -0.0142567 0.977953 5.97143 0 1
-12.4809 42.68 49.0795 -0.206588 -0.014163 0.978325 6.37572 0 1
-12.335 41.1634 49.082 -0.203598 -0.0136676 0.978959 6.69618 0 1
-11.4785 40.3419 49.2605 -0.19995 -0.0129029 0.979721 7.11549 0 1
-9.94802 40.3313 49.5764 -0.196335 -0.0120518 0.980463 7.51354 0 1
-8.79429 41.2108 49.8197 -0.193384 -0.0112807 0.981058 7.91827 0 1
-8.64278 42.6949 49.8498 -0.19156 -0.0106786 0.981423 8.26701 0 1
-8.66545 43.9904 49.8504 -0.191105 -0.010233 0.981516 8.54434 0 1
-8.73194 45.0089 49.8415 -0.19205 -0.00985298 0.981336 8.84379 0 1
-8.7937 46.1025 49.8419 -0.194251 -0.00942487 0.980907 9.12133 0 1
-8.96087 47.0988 49.8238 -0.197453 -0.00886949 0.980272 9.44386 0 1
-9.92444 47.721 49.6448 -0.201334 -0.00817358 0.979489 9.77838 0 1
-11.1001 47.7169 49.3987 -0.205544 -0.00738741 0.97862 10.1906 0 1
-12.3848 47.0174 49.1122 -0.209736 -0.00659831 0.977736 10.4802 0 1
-12.5568 45.9722 49.065 -0.213584 -0.00589559 0.976907 10.8168 0 1
-12.6122 44.7195 49.0558 -0.216811 -0.00534095 0.976199 11.1184 0 1
-12.5407 43.5946 49.0682 -0.2192 -0.00495554 0.975667 11.2766 0 1
-12.4972 43.0003 49.0766 -0.220589 -0.00472956 0.975355 11.5001 0 1
-13.2448 42.653 48.8995 -0.220851 -0.00464838 0.975296 11.9261 0 1
-13.3272 44.2668 48.8852 -0.219882 -0.00471651 0.975515 12.2373 0 1
-13.3932 45.4477 48.877 -0.217627 -0.00495888 0.976019 12.6997 0 1
-13.213 47.1805 48.9294 -0.214135 -0.00539251 0.976789 13.0028 0 1
-12.8344 48.228 49.0185 -0.209592 -0.00598699 0.977771 13.3278 0 1
-11.7208 48.5282 49.2696 -0.204316 -0.00665175 0.978882 13.6747 0 1
-10.5071 48.5331 49.5339 -0.198719 -0.00727651 0.98003 14.0346 0 1
-9.24378 48.4843 49.7851 -0.193259 -0.0078055 0.981117 14.328 0 1
-8.31629 48.0204 49.9575 -0.1884 -0.00828703 0.982057 14.7472 0 1
-8.03231 46.5351 49.9882 -0.184573 -0.00885348 0.982779 15.0486 0 1
-7.9862 45.452 49.9805 -0.182145 -0.00964175 0.983224 15.4104 0 1
-7.9059 44.147 49.9805 -0.181383 -0.0107092 0.983354 15.7065 0 1
-7.90102 43.0559 49.9753 -0.182407 -0.0119971 0.98315 15.9982 0 1
-7.84781 41.9698 49.9858 -0.185144 -0.0133526 0.982621 16.4168 0 1
-8.07235 40.41 49.938 -0.189318 -0.0145828 0.981807 16.7804 0 1
-9.15047 39.6599 49.7145 -0.19448 -0.0155107 0.980784 17.0562 0 1
-10.1476 39.5559 49.5194 -0.200081 -0.01602 0.979648 17.3418 0 1
-11.1871 39.5115 49.3095 -0.205555 -0.0160789 0.978514 17.6899 0 1
-12.4515 39.6068 49.0279 -0.210405 -0.0157328 0.977488 17.9528 0 1
-13.1506 40.2916 48.8756 -0.214283 -0.0150697 0.976655 18.314 0 1
-13.2206 41.6523 48.8846 -0.217047 -0.0141834 0.976058 18.5769 0 1
-13.2444 42.6434 48.8996 -0.218747 -0.0131542 0.975693 18.7857 0 1
-14.0149 42.6189 48.7178 -0.219551 -0.0120435 0.975527 19.1381 0 1
-14.1858 43.9561 48.6821 -0.219607 -0.0108891 0.975528 19.4076 0 1
-14.192 44.9957 48.6909 -0.218935 -0.00970595 0.975691 19.7388 0 1
-14.1372 46.2567 48.7188 -0.217406 -0.00850425 0.976044 20.0487 0 1
-14.1855 47.4162 48.7153 -0.214846 -0.00732109 0.976621 20.3362 0 1
-14.0122 48.4685 48.7551 -0.211175 -0.00624116 0.977428 20.6413 0 1
-13.1491 49.1733 48.9525 -0.206517 -0.00538074 0.978428 20.9725 0 1
-12.0203 49.532 49.2082 -0.201194 -0.00483873 0.97954 21.4678 0 1
-10.2886 49.3844 49.5817 -0.195632 -0.00465472 0.980666 21.8076 0 1
-9.10189 49.3261 49.8196 -0.190231 -0.00481487 0.981728 22.114 0 1
-8.02962 49.2317 50.0094 -0.185269 -0.00530108 0.982673 22.3754 0 1
-7.32543 48.6047 50.1275 -0.180912 -0.00613138 0.98348 22.7814 0 1
-7.0962 47.1395 50.158 -0.177281 -0.00734584 0.984133 23.1495 0 1
-7.07431 45.8088 50.1452 -0.174545 -0.00894747 0.984608 23.5924 0 1
-7.15116 44.212 50.1115 -0.172946 -0.0108509 0.984871 23.9613 0 1
-7.05066 42.8704 50.121 -0.172752 -0.0128796 0.984881 24.4079 0 1
-6.93685 41.2197 50.1392 -0.17417 -0.0148139 0.984604 24.7207 0 1
-7.23904 40.1367 50.0733 -0.177259 -0.01646 0.984027 25.002 0 1
-7.38308 39.128 50.0256 -0.181886 -0.0177104 0.98316 25.3044 0 1
-8.36226 38.6516 49.8429 -0.187729 -0.0185645 0.982045 25.6432 0 1
-9.5822 38.5686 49.6064 -0.194324 -0.019105 0.980751 25.9301 0 1
-10.634 38.5593 49.4029 -0.201148 -0.019448 0.979368 26.2407 0 1
-11.7742 38.5561 49.1596 -0.207725 -0.0196976 0.977989 26.5403 0 1
-12.8693 38.636 48.9145 -0.213721 -0.0199233 0.976692 26.9187 0 1
-13.9974 39.5202 48.6677 -0.219009 -0.0201599 0.975514 27.387 0 1
-14.1481 41.3057 48.655 -0.22367 -0.020417 0.974451 27.4742 0 1
-14.1528 41.6388 48.663 -0.227932 -0.0206889 0.973457 27.633 0 1
-14.0092 42.2261 48.7111 -0.232087 -0.0209644 0.972463 27.633 0 1
