-86.6915 -41.1769 74.186 -0.852348 0.00424448 0.522958 0 1 0
-86.0479 -40.1282 75.2263 -0.852435 0.00421812 0.522815 0.447191 0 0
-86.1407 -41.3926 75.0861 -0.85253 0.00416536 0.522662 0.567314 0 0
-86.4328 -41.933 74.6137 -0.852636 0.00409259 0.522489 0.69769 0 0
-86.1542 -42.5793 75.0746 -0.85275 0.00401698 0.522304 0.974659 0 0
-85.7273 -40.9869 75.7581 -0.852859 0.00395638 0.522126 1.14796 0 0
-85.6418 -39.8858 75.8858 -0.852948 0.00392145 0.521981 1.42449 0 0
-85.5489 -38.1143 76.0348 -0.853002 0.00391229 0.521892 1.47743 0 0
-85.6509 -37.8379 75.8664 -0.853013 0.00391949 0.521875 1.71891 0 0
-86.2775 -38.8145 74.8414 -0.852974 0.00392807 0.521939 1.90876 0 0
-86.7681 -39.6023 74.0468 -0.852884 0.00392113 0.522087 2.19052 0 0
-87.1645 -41.2672 73.415 -0.85275 0.00388009 0.522305 2.37928 0 0
-87.0883 -42.4791 73.5484 -0.852589 0.00378098 0.522568 2.57006 0 0
-86.4991 -42.9713 74.5142 -0.852427 0.00359082 0.522834 2.64174 0 0
-86.2669 -42.8423 74.8928 -0.852295 0.00326884 0.523052 2.77061 0 0
-85.937 -43.3762 75.4367 -0.852228 0.00277417 0.523164 3.03978 0 0
-85.4742 -41.8901 76.1788 -0.852266 0.00207553 0.523105 3.22558 0 0
-85.3052 -40.7445 76.4433 -0.852455 0.00115547 0.522799 3.4847 0 0
-85.1817 -39.1085 76.633 -0.852849 7.62399e-06 0.522158 3.68114 0 0
-85.0578 -37.8696 76.8317 -0.853491 -0.00136331 0.521105 3.86762 0 0
-84.8725 -36.7254 77.1323 -0.854399 -0.00292537 0.519609 4.03016 0 0
-84.5693 -35.8617 77.6339 -0.855545 -0.00459029 0.517708 4.18715 0 0
-84.0912 -35.4591 78.4211 -0.856851 -0.00619731 0.515528 4.3435 0 0
-83.7329 -34.7409 79.0193 -0.858203 -0.00753473 0.513255 4.57828 0 0
-83.2882 -33.5214 79.7816 -0.859479 -0.00839654 0.511102 4.76878 0 0
-82.9907 -32.4696 80.3084 -0.860564 -0.00864406 0.509269 4.97301 0 0
-82.8433 -31.2156 80.6087 -0.86137 -0.00824184 0.507911 5.1463 0 0
-82.9914 -30.1569 80.3961 -0.861841 -0.00725661 0.507127 5.41665 0 0
-83.8128 -30.4234 78.9489 -0.861952 -0.00582903 0.506956 5.57469 0 0
-84.1672 -31.154 78.3437 -0.861716 -0.00413558 0.507374 5.78437 0 0
-84.4912 -32.3215 77.7834 -0.861174 -0.00235333 0.508305 5.95276 0 0
-84.67 -33.3356 77.4782 -0.860391 -0.000633375 0.509633 6.11018 0 0
-84.8498 -34.2741 77.1754 -0.859444 0.000914706 0.511228 6.34846 0 0
-85.2315 -35.6034 76.5371 -0.85841 0.00222564 0.51296 6.50669 0 0
-85.5658 -36.3998 75.9941 -0.857357 0.00327066 0.514712 6.67946 0 0
-85.9668 -37.2036 75.338 -0.856348 0.00404555 0.516384 6.94615 0 0
-86.6729 -38.27 74.1878 -0.855429 0.00456075 0.5179 7.18968 0 0
-87.2259 -39.4419 73.298 -0.854629 0.00483776 0.519217 7.35969 0 0
-87.4882 -40.4267 72.8771 -0.853956 0.00491202 0.520322 7.60622 0 0
-87.6218 -42.012 72.674 -0.8534 0.00483678 0.521235 7.77607 0 0
-87.4749 -43.0762 72.9246 -0.85294 0.00468006 0.521988 7.95723 0 0
-87.0308 -43.8833 73.6525 -0.852554 0.00451325 0.52262 8.12415 0 0
-86.4721 -44.0295 74.5672 -0.852222 0.00439708 0.523162 8.25999 0 0
-86.0612 -43.6453 75.2361 -0.851937 0.0043708 0.523627 8.39457 0 0
-85.8168 -44.3708 75.6334 -0.851705 0.00444831 0.524003 8.55861 0 0
-86.3109 -44.8363 74.836 -0.851545 0.00462274 0.52426 8.71875 0 0
-86.8435 -44.9795 73.9678 -0.851484 0.00487573 0.524358 8.90327 0 0
-87.4063 -44.4605 73.0502 -0.851541 0.0051849 0.524262 9.12122 0 0
-87.9094 -43.4294 72.2241 -0.85173 0.00552599 0.523952 9.27794 0 0
-88.0665 -42.46 71.9627 -0.852052 0.0058711 0.523425 9.43341 0 0
-88.0828 -41.4555 71.9177 -0.852505 0.00618511 0.522683 9.67003 0 0
-87.8592 -39.9735 72.2652 -0.853088 0.00642263 0.521727 9.83183 0 0
-87.6258 -39.0179 72.6407 -0.853806 0.00652918 0.52055 10.0623 0 0
-87.1113 -37.8849 73.4618 -0.854662 0.00644651 0.519144 10.2619 0 0
-86.5806 -37.082 74.324 -0.855656 0.00611811 0.517509 10.4202 0 0
-86.158 -36.4633 75.0132 -0.856775 0.00549237 0.515662 10.581 0 0
-85.7865 -35.709 75.6188 -0.857996 0.00452618 0.513637 10.7368 0 0
-85.4518 -34.9319 76.1605 -0.859283 0.00319207 0.511491 10.9543 0 0
-85.1703 -33.6327 76.6283 -0.860584 0.00149045 0.509306 11.1227 0 0
-84.9804 -32.6165 76.949 -0.86183 -0.000533175 0.507196 11.3032 0 0
-84.7558 -31.5505 77.3294 -0.862937 -0.00277045 0.505304 11.4794 0 0
-84.4543 -30.5926 77.8526 -0.863811 -0.00504565 0.50379 11.6432 0 0
-84.1085 -29.8041 78.4521 -0.864366 -0.00713808 0.502812 11.8311 0 0
-83.6243 -29.1233 79.3159 -0.864536 -0.00882953 0.502493 11.9921 0 0
-83.1309 -28.9389 80.185 -0.864287 -0.009956 0.5029 12.2549 0 0
-82.4842 -29.9745 81.2856 -0.863628 -0.0104396 0.504021 12.5105 0 0
-82.428 -31.5662 81.3139 -0.862608 -0.010291 0.505768 12.7325 0 0
-82.6244 -32.8908 80.9228 -0.86131 -0.009591 0.50799 12.9912 0 0
-83.0498 -34.2796 80.1685 -0.859834 -0.00846622 0.510504 13.1859 0 0
-83.4327 -35.2633 79.5158 -0.858286 -0.00706773 0.513123 13.3538 0 0
-83.8215 -36.0127 78.8587 -0.856763 -0.00555367 0.515681 13.518 0 0
-84.2081 -36.749 78.2208 -0.85534 -0.00407216 0.51805 13.699 0 0
-84.5382 -37.7137 77.6754 -0.854068 -0.00274453 0.520154 13.8651 0 0
-84.7096 -38.7276 77.3986 -0.85297 -0.00165067 0.521957 14.0797 0 0
-84.8304 -40.0844 77.206 -0.852051 -0.000820422 0.523457 14.3105 0 0
-84.9823 -41.5335 76.9705 -0.851309 -0.000236685 0.524665 14.4702 0 0
-85.1541 -42.4974 76.6977 -0.850741 0.000145452 0.525586 14.6385 0 0
-85.3911 -43.4761 76.3182 -0.850355 0.000367492 0.526209 14.7598 0 0
-85.6566 -44.0648 75.8913 -0.850173 0.000437389 0.526503 14.8994 0 0
-85.2852 -44.6077 76.4905 -0.850229 0.000314932 0.526414 15.0871 0 0
-84.9231 -43.6254 77.0704 -0.85057 -8.10452e-05 0.525861 15.2834 0 0
-84.6937 -42.4516 77.4391 -0.851248 -0.000845925 0.524763 15.4561 0 0
-84.5015 -41.4111 77.7455 -0.852291 -0.00204894 0.523064 15.7416 0 0
-84.3659 -39.6102 77.956 -0.853689 -0.00368951 0.52077 15.919 0 0
-84.218 -38.51 78.1942 -0.855377 -0.00566891 0.517976 16.1886 0 0
-83.7135 -37.0815 79.027 -0.857245 -0.00779601 0.51485 16.4704 0 0
-83.0982 -35.7492 80.0641 -0.859159 -0.00982809 0.511614 16.776 0 0
-82.5315 -34.1803 81.051 -0.860982 -0.011526 0.508504 17.0744 0 0
-82.1012 -32.5301 81.8448 -0.862594 -0.0126991 0.505737 17.2393 0 0
-81.98 -31.5363 82.0938 -0.8639 -0.0132299 0.503489 17.4479 0 0
-81.9944 -30.2337 82.1286 -0.864835 -0.01308 0.501886 17.6272 0 0
-82.1465 -29.1495 81.8983 -0.865364 -0.0122828 0.500994 17.8964 0 0
-82.8279 -28.1494 80.7353 -0.865484 -0.0109247 0.500818 18.0622 0 0
-83.3407 -28.0175 79.8412 -0.865224 -0.00912247 0.501303 18.3483 0 0
-84.1552 -28.7233 78.399 -0.864639 -0.00700531 0.502345 18.5068 0 0
-84.5096 -29.4239 77.7623 -0.863802 -0.00470413 0.503809 18.776 0 0
-85.0208 -30.8233 76.8761 -0.862792 -0.0023475 0.505553 18.9516 0 0
-85.2754 -31.8411 76.4435 -0.861688 -5.94788e-05 0.507438 19.1362 0 0
-85.4736 -32.9651 76.1119 -0.860559 0.00204574 0.509347 19.3282 0 0
-85.7203 -34.1076 75.7042 -0.859462 0.00387557 0.511185 19.5193 0 0
-86.0587 -35.1635 75.1572 -0.858433 0.00537174 0.512898 19.6829 0 0
-86.4457 -35.9213 74.528 -0.857484 0.00651433 0.51447 19.8395 0 0
-86.8761 -36.5089 73.8274 -0.856609 0.00731587 0.515914 20.0841 0 0
-87.5332 -37.4659 72.762 -0.855792 0.00781269 0.517261 20.253 0 0
-87.9245 -38.2749 72.1374 -0.855019 0.00805651 0.518535 20.4113 0 0
-88.1719 -39.19 71.7439 -0.854282 0.00810159 0.519746 20.5892 0 0
-88.383 -40.275 71.4069 -0.853584 0.00798872 0.520894 20.7629 0 0
-88.5329 -41.3795 71.1863 -0.852929 0.00773844 0.52197 20.9381 0 0
-88.5255 -42.5163 71.2212 -0.852319 0.00736404 0.522971 21.2011 0 0
-88.2401 -44.1175 71.6953 -0.851754 0.00689797 0.523896 21.3584 0 0
-87.8727 -44.8555 72.2986 -0.851236 0.00641103 0.524744 21.5855 0 0
-87.2335 -45.6775 73.3435 -0.850769 0.0060049 0.525505 21.7861 0 0
-86.5552 -45.8184 74.4463 -0.850373 0.00577545 0.526149 21.9623 0 0
-85.9816 -45.4894 75.3691 -0.85008 0.00576781 0.526621 22.1079 0 0
-85.5426 -45.0613 76.0762 -0.849937 0.00595563 0.526851 22.2614 0 0
-85.5551 -46.0437 76.0599 -0.849979 0.00626064 0.526779 22.4386 0 0
-86.0981 -46.5237 75.1855 -0.850221 0.00659673 0.526385 22.6019 0 0
-86.6442 -46.7563 74.3172 -0.850636 0.00690842 0.52571 22.7943 0 0
-87.2885 -46.5947 73.2732 -0.851169 0.00718561 0.524842 22.952 0 0
-87.7809 -46.199 72.4707 -0.851757 0.00745636 0.523884 23.2053 0 0
-88.3988 -45.0643 71.4486 -0.852349 0.00776527 0.522916 23.3631 0 0
-88.7869 -44.3622 70.8075 -0.852918 0.00814439 0.521981 23.6274 0 0
-88.9588 -42.6765 70.5098 -0.853467 0.00858599 0.521077 23.9184 0 0
-89.0056 -40.797 70.3976 -0.854016 0.00903106 0.520169 24.0837 0 0
-88.8034 -39.7794 70.7117 -0.854594 0.00938191 0.519212 24.2465 0 0
-88.6082 -38.7772 71.0198 -0.855231 0.00953102 0.518159 24.4625 0 0
-88.2241 -37.567 71.6269 -0.855949 0.00938744 0.516975 24.7358 0 0
-87.603 -36.2301 72.6136 -0.856761 0.00888754 0.515637 24.9517 0 0
-86.9306 -35.6826 73.7163 -0.857676 0.00799176 0.514128 25.1415 0 0
-86.4681 -34.8236 74.4683 -0.858698 0.00667875 0.512438 25.3916 0 0
-86.0249 -33.4334 75.1885 -0.859823 0.00494666 0.510569 25.5544 0 0
-85.8514 -32.4335 75.4698 -0.861031 0.00282309 0.508544 25.717 0 0
-85.6561 -31.4547 75.7978 -0.862288 0.000376217 0.506418 25.8728 0 0
-85.4237 -30.5569 76.1854 -0.863544 -0.00228527 0.504269 26.0267 0 0
-85.217 -29.6456 76.5449 -0.864744 -0.00503115 0.502188 26.27 0 0
-84.6738 -28.5088 77.4974 -0.865833 -0.00773862 0.500274 26.4303 0 0
-84.2745 -27.873 78.2105 -0.866751 -0.01031 0.498635 26.5836 0 0
-83.8783 -27.3285 78.9223 -0.86744 -0.0126668 0.497381 26.8371 0 0
-83.0833 -27.1967 80.3222 -0.867844 -0.0147304 0.496618 27.0161 0 0
-82.5355 -27.4336 81.275 -0.867919 -0.0164072 0.496434 27.2538 0 0
-81.9187 -28.271 82.3365 -0.867636 -0.0175902 0.496888 27.429 0 0
-81.6276 -29.2017 82.8168 -0.866985 -0.0181744 0.498002 27.6779 0 0
-81.5624 -30.7338 82.8618 -0.865977 -0.0180853 0.499756 27.8658 0 0
-81.567 -31.8929 82.7978 -0.864645 -0.0173091 0.502086 28.0458 0 0
-81.7385 -32.943 82.455 -0.86304 -0.0159122 0.504885 28.2997 0 0
-82.1037 -34.3252 81.778 -0.861239 -0.0140397 0.508006 28.4784 0 0
-82.3877 -35.2726 81.2618 -0.859338 -0.0118897 0.51127 28.6743 0 0
-82.766 -36.2499 80.6053 -0.857441 -0.0096746 0.514491 28.9695 0 0
-83.3496 -37.7293 79.6225 -0.855645 -0.0075799 0.517508 29.2539 0 0
-83.9055 -39.1726 78.7008 -0.854019 -0.00573544 0.52021 29.4149 0 0
-83.9707 -40.1967 78.5983 -0.852602 -0.00420488 0.522544 29.5977 0 0
-84.0241 -41.3585 78.5111 -0.851396 -0.00299322 0.524514 29.757 0 0
-84.1856 -42.3323 78.2554 -0.850381 -0.00206468 0.526163 29.9271 0 0
-84.3664 -43.3626 77.9651 -0.84952 -0.00136164 0.527555 30.1053 0 0
-84.6051 -44.4021 77.5787 -0.848769 -0.000818081 0.528763 30.2763 0 0
-84.9734 -45.2383 76.9885 -0.848081 -0.000365839 0.529866 30.4006 0 0
-85.1684 -45.9409 76.6758 -0.847407 6.35709e-05 0.530942 30.4006 0 0
-84.1872 -34.5876 78.2739 -0.854699 -0.00626642 0.519086 30.638 1 0
-83.7393 -33.3478 79.0246 -0.855115 -0.00629241 0.5184 30.8612 0 0
-83.3776 -32.1152 79.6592 -0.855374 -0.0062453 0.517974 31.0189 0 0
-83.7 -31.3232 79.1292 -0.85545 -0.00611455 0.51785 31.2541 0 0
-84.1062 -32.5891 78.4266 -0.855368 -0.00591217 0.517988 31.4279 0 0
-84.2186 -33.6792 78.2317 -0.855187 -0.00566523 0.518288 31.4937 0 0
-84.2921 -34.0739 78.1069 -0.854981 -0.00540688 0.518631 31.4937 0 0
