-94.1973 -44.0139 63.193 -0.899726 0.00312496 0.436433 0 1 1
-94.1301 -45.266 63.3373 -0.899314 0.00215887 0.437299 0.341873 0 1
-93.8442 -44.2869 63.9224 -0.899015 0.00144674 0.437916 0.504957 0 1
-93.854 -43.1349 63.8957 -0.898862 0.00101467 0.438231 0.595621 0 1
-94.0642 -43.5659 63.4602 -0.898834 0.000773714 0.438289 0.752911 0 1
-94.5577 -43.7587 62.4634 -0.898866 0.000560473 0.438223 0.958534 0 1
-94.5351 -45.2354 62.4959 -0.898876 0.000212448 0.438203 1.12671 0 1
-94.1934 -46.1611 63.2129 -0.898789 -0.000360549 0.438381 1.27328 0 1
-93.7433 -46.0461 64.1482 -0.898562 -0.00114277 0.438845 1.41578 0 1
-93.5654 -45.1161 64.5102 -0.898196 -0.00202511 0.43959 1.70137 0 1
-93.5276 -43.0948 64.5611 -0.897744 -0.00284771 0.440509 1.86163 0 1
-93.7255 -42.0331 64.1806 -0.8973 -0.00344814 0.441408 2.00857 0 1
-94.1838 -41.9539 63.2484 -0.89698 -0.00369884 0.442055 2.19523 0 1
-94.546 -42.9933 62.5 -0.896885 -0.00353123 0.44225 2.25347 0 1
-94.5681 -43.4065 62.4466 -0.897063 -0.00295134 0.441892 2.36128 0 1
-94.9082 -43.2359 61.7719 -0.897497 -0.00204474 0.441017 2.59055 0 1
-94.8904 -44.8818 61.7914 -0.898106 -0.00095834 0.439778 2.8059 0 1
-94.7638 -46.4045 62.0301 -0.898776 0.000143488 0.438408 2.94162 0 1
-94.409 -46.9431 62.7705 -0.899387 0.0011256 0.437152 3.09089 0 1
-93.9507 -46.9857 63.7315 -0.89984 0.00190174 0.436215 3.25099 0 1
-93.4737 -46.7611 64.7283 -0.900072 0.00242331 0.435734 3.46837 0 1
-93.2547 -45.3135 65.1604 -0.900054 0.00266211 0.43577 3.70129 0 1
-93.2142 -43.6726 65.222 -0.899789 0.00261028 0.436318 3.91469 0 1
-93.2759 -42.1755 65.098 -0.899305 0.00229639 0.437316 4.08277 0 1
-93.5534 -41.1601 64.5429 -0.898661 0.00179852 0.438641 4.22494 0 1
-93.9875 -41.0566 63.6477 -0.897943 0.0012356 0.44011 4.40684 0 1
-94.5551 -41.2109 62.4938 -0.897265 0.00073262 0.441491 4.58936 0 1
-94.8774 -42.3093 61.8473 -0.896747 0.000375134 0.442542 4.66573 0 1
-94.9146 -42.8507 61.7614 -0.896491 0.000182894 0.443063 4.76612 0 1
-95.2365 -42.9439 61.1201 -0.896549 0.000123552 0.442945 4.95857 0 1
-95.201 -41.5568 61.1936 -0.896917 0.000157398 0.442199 5.12711 0 1
-94.902 -40.5203 61.7893 -0.897537 0.000279011 0.440938 5.29379 0 1
-94.37 -40.3108 62.862 -0.898322 0.000523302 0.439337 5.4839 0 1
-93.7642 -40.2696 64.0948 -0.899179 0.000930604 0.43758 5.63928 0 1
-93.2854 -40.4191 65.0864 -0.900027 0.00149737 0.435832 5.80704 0 1
-92.9817 -41.3859 65.7202 -0.900795 0.00214932 0.43424 5.97613 0 1
-92.93 -42.5712 65.8168 -0.901418 0.00275392 0.43294 6.13768 0 1
-92.9027 -43.7067 65.8748 -0.901835 0.00316086 0.432069 6.38242 0 1
-92.9407 -45.4175 65.82 -0.901989 0.00324833 0.431747 6.52927 0 1
-92.9835 -46.4482 65.7597 -0.901844 0.00295915 0.432052 6.66978 0 1
-93.1108 -47.3989 65.5111 -0.901393 0.00231788 0.432996 6.91075 0 1
-93.8212 -47.7604 64.009 -0.900662 0.00142373 0.434518 7.06151 0 1
-94.2738 -47.7661 63.054 -0.899704 0.00041968 0.4365 7.25447 0 1
-94.8613 -47.5501 61.8333 -0.898593 -0.000550114 0.438783 7.44085 0 1
-95.1644 -46.403 61.2176 -0.897416 -0.00137338 0.441184 7.61799 0 1
-95.2102 -45.1145 61.1437 -0.896275 -0.001979 0.443494 7.83047 0 1
-95.2273 -43.5851 61.1339 -0.895291 -0.00232936 0.445476 7.85202 0 1
-95.2284 -43.4301 61.1334 -0.894589 -0.00241561 0.446884 7.95536 0 1
-95.557 -43.5773 60.4827 -0.894276 -0.00226374 0.44751 8.1409 0 1
-95.5711 -42.242 60.4616 -0.894406 -0.00193611 0.447252 8.35653 0 1
-95.5185 -40.6752 60.5737 -0.894959 -0.00150916 0.446146 8.57069 0 1
-94.9978 -39.6057 61.6047 -0.895845 -0.00103138 0.444365 8.71928 0 1
-94.5105 -39.5404 62.5728 -0.896935 -0.000492999 0.442161 8.89289 0 1
-93.9512 -39.4632 63.7043 -0.898104 0.000160698 0.439783 9.14609 0 1
-93.1594 -39.5737 65.3485 -0.899258 0.00097342 0.437418 9.35813 0 1
-92.6677 -40.5501 66.3861 -0.900341 0.00191847 0.435181 9.51009 0 1
-92.6255 -41.616 66.4632 -0.901322 0.00287948 0.433139 9.66891 0 1
-92.612 -42.7307 66.4851 -0.902169 0.00368406 0.431368 9.85646 0 1
-92.589 -44.0432 66.5383 -0.902825 0.00416704 0.429987 10.102 0 1
-92.6384 -45.7599 66.4583 -0.903214 0.00422576 0.42917 10.2537 0 1
-92.6575 -46.8307 66.4607 -0.903242 0.00384161 0.429114 10.4072 0 1
-92.7451 -47.8957 66.3023 -0.902837 0.00306922 0.429971 10.5766 0 1
-93.1942 -48.4639 65.3508 -0.901973 0.00201577 0.431787 10.7257 0 1
-93.6363 -48.5302 64.4045 -0.900697 0.00082438 0.434448 10.9304 0 1
-94.2496 -48.5282 63.1072 -0.899124 -0.000347426 0.437693 11.1117 0 1
-94.7981 -48.4789 61.9568 -0.897417 -0.00136602 0.441182 11.2558 0 1
-95.2437 -48.2916 61.0476 -0.895732 -0.00216335 0.444589 11.4236 0 1
-95.5005 -47.2189 60.547 -0.894187 -0.00275142 0.447685 11.5771 0 1
-95.53 -46.0871 60.5033 -0.892846 -0.00319572 0.450351 11.7206 0 1
-95.5374 -45.0422 60.5044 -0.891735 -0.0035648 0.452545 11.8657 0 1
-95.5574 -43.9973 60.4768 -0.890875 -0.00388749 0.454232 11.9908 0 1
-95.9601 -43.8136 59.6934 -0.890307 -0.00413711 0.455342 12.132 0 1
-96.0162 -42.7915 59.5827 -0.890089 -0.00424395 0.455767 12.3534 0 1
-95.9403 -41.1621 59.7521 -0.890283 -0.00412806 0.455389 12.5129 0 1
-95.8956 -39.9899 59.8538 -0.890921 -0.00374155 0.454143 12.6614 0 1
-95.6868 -39.0018 60.2728 -0.891979 -0.00310434 0.452066 12.8266 0 1
-95.139 -38.7718 61.3298 -0.893371 -0.00231183 0.449314 12.9704 0 1
-94.6649 -38.7385 62.272 -0.894963 -0.00150008 0.446138 13.1096 0 1
-94.2125 -38.6311 63.1688 -0.896605 -0.000778153 0.44283 13.318 0 1
-93.5444 -38.6513 64.5326 -0.898167 -0.000166095 0.439654 13.4591 0 1
-93.1121 -38.7644 65.4407 -0.899564 0.000414642 0.43679 13.615 0 1
-92.6373 -38.8739 66.4336 -0.900761 0.00108114 0.434313 13.8084 0 1
-92.3394 -40.0454 67.0758 -0.901767 0.00189674 0.432218 13.9643 0 1
-92.3016 -41.1341 67.1516 -0.902608 0.00281202 0.430455 14.1213 0 1
-92.2782 -42.2365 67.1877 -0.90331 0.00367663 0.428972 14.2695 0 1
-92.2522 -43.2788 67.2386 -0.903888 0.00430508 0.427747 14.4825 0 1
-92.2696 -44.7734 67.2204 -0.904329 0.00455022 0.426812 14.6809 0 1
-92.2665 -46.1691 67.2597 -0.904586 0.00434791 0.426268 14.8468 0 1
-92.3039 -47.3381 67.2352 -0.904579 0.00372345 0.42629 14.9941 0 1
-92.3671 -48.3591 67.1273 -0.904208 0.00276854 0.427083 15.2043 0 1
-92.8128 -49.389 66.1789 -0.903393 0.0016061 0.428811 15.3797 0 1
-93.3254 -49.4939 65.0667 -0.902108 0.000364485 0.431511 15.6151 0 1
-94.0275 -49.325 63.5743 -0.900414 -0.000825707 0.435034 15.7731 0 1
-94.4998 -49.3451 62.575 -0.898456 -0.00182062 0.43906 15.9217 0 1
-94.9507 -49.364 61.6303 -0.896435 -0.00246235 0.443168 16.0654 0 1
-95.4113 -49.299 60.7014 -0.894555 -0.0026047 0.446951 16.2345 0 1
-95.8293 -48.4831 59.89 -0.892963 -0.00215764 0.450124 16.4092 0 1
-95.9481 -47.2387 59.6737 -0.891719 -0.00112495 0.452587 16.5804 0 1
-95.9423 -45.9785 59.7121 -0.890783 0.000386846 0.45443 16.728 0 1
-95.9418 -44.8992 59.7386 -0.890038 0.00219261 0.455881 16.7817 0 1
-95.9408 -44.5116 59.737 -0.889339 0.00407331 0.45723 16.7817 0 1
