87.0387 38.0577 80.4148 0.849164 -0.00176741 0.528127 0 1 0
87.4339 37.3411 79.771 0.849328 -0.00224034 0.527861 0.320235 0 0
87.7187 38.1711 79.3125 0.849509 -0.00255152 0.527567 0.472563 0 0
87.3077 38.7443 79.9848 0.849688 -0.00262513 0.527279 0.611871 0 0
87.3762 39.6188 79.8776 0.84983 -0.00242473 0.527051 0.87658 0 0
88.0428 38.5161 78.794 0.849915 -0.00195723 0.526916 1.04358 0 0
88.0599 37.4464 78.7509 0.849959 -0.00126893 0.526848 1.23978 0 0
87.5947 36.5431 79.5031 0.850012 -0.000443876 0.526763 1.51951 0 0
86.7415 37.2643 80.892 0.850135 0.000398001 0.526564 1.68743 0 0
86.6446 38.3125 81.0494 0.85036 0.00111416 0.526201 1.88855 0 0
86.9907 39.403 80.488 0.850664 0.00157022 0.525708 2.01512 0 0
86.6631 39.922 81.008 0.850979 0.00168098 0.525198 2.30583 0 0
86.2402 38.2641 81.6968 0.851215 0.00144255 0.524815 2.49232 0 0
86.3589 37.0973 81.5226 0.851292 0.000937799 0.524691 2.65886 0 0
86.6792 36.2337 81.0082 0.851164 0.000311794 0.5249 2.8537 0 0
87.266 35.7474 80.0411 0.850827 -0.000269255 0.525445 3.0867 0 0
88.0139 36.1008 78.814 0.850328 -0.000656627 0.526252 3.25 0 0
88.3666 36.9126 78.2506 0.849754 -0.000744703 0.527179 3.53463 0 0
88.4038 38.7422 78.2165 0.849218 -0.000486294 0.528043 3.80061 0 0
87.8905 40.1362 79.0541 0.848836 9.59439e-05 0.528657 4.01881 0 0
87.1605 40.3586 80.2202 0.848702 0.000903788 0.528871 4.10245 0 0
86.8866 40.2177 80.6539 0.848865 0.00177068 0.528607 4.22831 0 0
86.7541 40.9776 80.863 0.84932 0.00248674 0.527872 4.43422 0 0
86.2313 40.1172 81.697 0.85001 0.00284394 0.526759 4.60885 0 0
85.9459 39.1532 82.161 0.85083 0.00269763 0.525434 4.82152 0 0
85.865 37.8147 82.3207 0.85165 0.00202401 0.524107 4.98213 0 0
86.0072 36.8324 82.1032 0.852338 0.000941979 0.52299 5.28313 0 0
86.6294 35.3436 81.0932 0.852789 -0.000319525 0.522255 5.44103 0 0
87.1048 34.9442 80.309 0.852945 -0.00149583 0.521999 5.71828 0 0
88.0066 35.213 78.8199 0.852794 -0.00236728 0.522243 5.90237 0 0
88.4991 35.9199 78.0246 0.852367 -0.00281314 0.522937 6.10221 0 0
88.8117 37.0639 77.5379 0.851728 -0.00282484 0.523976 6.34024 0 0
88.8179 38.5918 77.5494 0.850967 -0.00248549 0.525213 6.54971 0 0
88.5859 39.8564 77.9359 0.850185 -0.00193341 0.52648 6.71638 0 0
88.2146 40.6583 78.5331 0.849482 -0.00132852 0.527616 6.92248 0 0
87.5705 41.1616 79.569 0.848937 -0.000830985 0.528494 7.11206 0 0
86.9248 41.1263 80.5925 0.848603 -0.000588657 0.52903 7.24268 0 0
86.8518 41.9457 80.7047 0.848514 -0.000722494 0.529172 7.41122 0 0
87.4204 42.0725 79.8039 0.848685 -0.00130016 0.528897 7.56893 0 0
87.9334 41.8011 78.9849 0.849116 -0.00229998 0.528202 7.74134 0 0
88.4502 41.2915 78.1535 0.849784 -0.00358571 0.527119 7.93078 0 0
88.9148 40.452 77.4075 0.85064 -0.00491922 0.525726 8.09613 0 0
89.076 39.4386 77.1415 0.851606 -0.00601802 0.524147 8.30177 0 0
89.3816 38.2554 76.6385 0.852587 -0.00663352 0.522543 8.45947 0 0
89.2151 37.2894 76.8764 0.853482 -0.00661247 0.52108 8.63213 0 0
89.0646 36.2087 77.0997 0.854206 -0.0059185 0.519901 8.82685 0 0
88.6519 35.2182 77.7487 0.854694 -0.004619 0.519112 9.04121 0 0
88.0743 34.4025 78.7024 0.854905 -0.00285928 0.518777 9.19747 0 0
87.5778 34.1413 79.5263 0.854816 -0.000839662 0.518931 9.48306 0 0
86.6474 34.3777 81.0716 0.85442 0.0012079 0.519581 9.65596 0 0
86.1689 34.9675 81.8607 0.853733 0.00305285 0.520702 9.81388 0 0
85.8442 35.7504 82.3866 0.852797 0.00450633 0.522223 10.0317 0 0
85.5857 37.0389 82.7907 0.851681 0.00545318 0.524033 10.2349 0 0
85.4771 38.3073 82.9415 0.850468 0.00586168 0.525994 10.3983 0 0
85.5032 39.3365 82.8708 0.849233 0.00577101 0.527986 10.6463 0 0
85.9177 40.6886 82.187 0.848025 0.00526803 0.52993 10.8328 0 0
86.3761 41.4996 81.4574 0.846858 0.00446587 0.5318 10.8546 0 0
86.4403 41.5671 81.3561 0.845719 0.00349018 0.533617 10.8665 0 0
86.481 41.5709 81.2921 0.844584 0.00247094 0.535416 10.8665 0 0
