-87.9499 39.2627 78.5585 -0.856698 -0.0173899 0.515525 0 1 0
-87.4409 39.0132 79.396 -0.856685 -0.0160694 0.515589 0.318909 0 0
-87.823 39.7428 78.7856 -0.856694 -0.014979 0.515608 0.455765 0 0
-87.9658 40.5721 78.5678 -0.856708 -0.0141656 0.515607 0.646975 0 0
-87.3418 40.394 79.5943 -0.856703 -0.0135908 0.51563 0.803979 0 0
-87.0361 39.5779 80.0788 -0.85666 -0.0131565 0.515713 0.997703 0 0
-87.0582 38.345 80.0152 -0.856578 -0.012757 0.515859 1.26581 0 0
-87.8508 37.6337 78.6763 -0.856482 -0.0123262 0.51603 1.43541 0 0
-88.3021 38.2859 77.9405 -0.856408 -0.0118589 0.516164 1.63755 0 0
-88.4053 39.5751 77.8142 -0.856397 -0.0114012 0.516193 1.79274 0 0
-88.146 40.4179 78.2685 -0.856471 -0.0110288 0.516077 1.92043 0 0
-88.3758 41.1016 77.8993 -0.856631 -0.0108222 0.515816 2.11457 0 0
-87.7734 41.5148 78.8984 -0.856848 -0.0108432 0.515456 2.40539 0 0
-86.8945 40.7416 80.3374 -0.857076 -0.0111067 0.51507 2.58947 0 0
-86.6235 39.6885 80.7724 -0.857268 -0.01156 0.514741 2.76137 0 0
-86.5878 38.6009 80.8094 -0.857385 -0.0120877 0.514533 2.95454 0 0
-86.8377 37.486 80.3664 -0.857408 -0.0125459 0.514484 3.15827 0 0
-87.4013 36.8216 79.4075 -0.857336 -0.0128107 0.514598 3.3218 0 0
-87.9329 36.8447 78.5125 -0.85718 -0.0128136 0.514857 3.59561 0 0
-88.6819 37.8553 77.2952 -0.856967 -0.0125517 0.515219 3.78867 0 0
-88.8527 39.0679 77.0564 -0.856728 -0.012074 0.515626 3.97901 0 0
-88.7322 40.2653 77.291 -0.856509 -0.0114615 0.516005 4.13378 0 0
-88.4249 41.0459 77.8177 -0.856354 -0.0108131 0.516276 4.26167 0 0
-88.6957 41.6777 77.3799 -0.856307 -0.0102388 0.516365 4.45413 0 0
-88.1321 42.2427 78.3181 -0.856393 -0.00985143 0.516231 4.61892 0 0
-87.5864 42.3097 79.2179 -0.856611 -0.00974741 0.515871 4.8387 0 0
-86.908 41.7828 80.3311 -0.85693 -0.00998354 0.515337 5.07165 0 0
-86.3668 40.7172 81.2109 -0.857291 -0.0105589 0.514724 5.33861 0 0
-86.1625 39.0635 81.5306 -0.857622 -0.0114104 0.514154 5.52452 0 0
-86.2237 37.8956 81.4056 -0.857854 -0.0124227 0.513743 5.75065 0 0
-86.5979 36.6813 80.7495 -0.857937 -0.0134475 0.513579 6.03482 0 0
-87.4438 35.9906 79.3084 -0.857851 -0.0143338 0.513699 6.19609 0 0
-87.9678 36.0479 78.4249 -0.857609 -0.0149667 0.514085 6.36076 0 0
-88.4846 36.3867 77.5687 -0.857251 -0.015304 0.514671 6.5278 0 0
-88.8971 37.1362 76.9116 -0.856839 -0.0153959 0.515354 6.74495 0 0
-89.2348 38.3991 76.3984 -0.856443 -0.0153767 0.516013 6.93193 0 0
-89.2585 39.6122 76.4033 -0.856132 -0.0154252 0.516528 7.10953 0 0
-89.0932 40.7038 76.7031 -0.855965 -0.0157059 0.516796 7.24899 0 0
-88.813 41.4097 77.1795 -0.855981 -0.0163078 0.516749 7.386 0 0
-89.2382 41.7523 76.4903 -0.856194 -0.017204 0.516369 7.57173 0 0
-89.6196 40.8255 75.8444 -0.856582 -0.0182509 0.515688 7.79855 0 0
-89.6892 39.3797 75.6821 -0.8571 -0.0192298 0.514792 8.03618 0 0
-89.5977 37.8514 75.7767 -0.857684 -0.0199109 0.513792 8.223 0 0
-89.328 36.7466 76.1757 -0.858266 -0.0201166 0.51281 8.42946 0 0
-88.788 35.8799 77.0341 -0.858782 -0.019761 0.51196 8.585 0 0
-88.409 35.1662 77.6338 -0.859174 -0.0188634 0.511335 8.7643 0 0
-87.8253 35.2195 78.6364 -0.859401 -0.017536 0.511002 9.00666 0 0
-87.0354 35.2482 79.9724 -0.85944 -0.0159512 0.510988 9.16606 0 0
-86.5556 35.609 80.7934 -0.859294 -0.0142983 0.511283 9.42026 0 0
-86.0025 36.7937 81.757 -0.858985 -0.0127449 0.511843 9.64834 0 0
-85.7831 38.1648 82.1543 -0.858549 -0.011412 0.512605 9.81104 0 0
-85.733 39.1849 82.248 -0.858027 -0.0103652 0.513501 10.0302 0 0
-85.8761 40.5509 82.0217 -0.85746 -0.0096198 0.51446 10.2086 0 0
-86.1123 41.5935 81.6456 -0.856886 -0.00915157 0.515424 10.3815 0 0
-86.5138 42.3813 80.9922 -0.856332 -0.00891291 0.516349 10.6432 0 0
-87.3151 43.0157 79.6755 -0.855814 -0.00884808 0.517208 10.8199 0 0
-87.8941 43.224 78.7269 -0.855337 -0.00890482 0.517995 11.0059 0 0
-88.4908 42.9311 77.7392 -0.854895 -0.00903958 0.518723 11.0595 0 0
-88.6282 42.7155 77.5093 -0.854474 -0.00921678 0.519412 11.1831 0 0
-88.97 42.284 76.9397 -0.854058 -0.00940442 0.520092 11.1831 0 0
