85.5982 -22.2044 85.0707 0.886665 -0.0286286 0.461525 0 1 0
86.0622 -22.038 84.1882 0.88619 -0.0281229 0.462468 0.318452 0 0
86.2717 -22.8603 83.7511 0.885733 -0.0275413 0.463377 0.522664 0 0
85.7071 -23.3105 84.7941 0.885324 -0.0268441 0.464199 0.572093 0 0
85.6604 -23.0258 84.8988 0.885004 -0.0260399 0.464854 0.735051 0 0
85.2062 -23.308 85.754 0.884817 -0.0252033 0.465256 0.928488 0 0
85.583 -24.119 84.9777 0.88479 -0.0244568 0.465348 1.11156 0 0
86.1178 -24.0584 83.9776 0.884922 -0.0239273 0.465123 1.27245 0 0
86.4778 -23.3667 83.3367 0.885184 -0.0236974 0.464637 1.48857 0 0
86.5542 -22.0215 83.244 0.885509 -0.0237679 0.464013 1.67114 0 0
86.2036 -21.1929 83.953 0.885806 -0.0240446 0.463432 1.86006 0 0
85.6606 -21.1506 85.0003 0.885976 -0.0243611 0.46309 2.05972 0 0
85.2578 -22.0685 85.7323 0.885947 -0.0245363 0.463137 2.16963 0 0
85.1299 -22.6949 85.9405 0.885703 -0.0244434 0.463609 2.30566 0 0
84.7518 -22.8655 86.6592 0.885295 -0.024054 0.464407 2.48816 0 0
84.8816 -23.9143 86.3399 0.884832 -0.0234387 0.46532 2.70478 0 0
85.3317 -24.748 85.421 0.88444 -0.022734 0.4661 2.94578 0 0
86.0221 -24.9494 84.1223 0.884222 -0.0220971 0.466544 3.20849 0 0
86.6874 -24.071 82.923 0.884234 -0.0216634 0.466541 3.50526 0 0
87.0002 -22.3174 82.4049 0.884479 -0.0215117 0.466084 3.68045 0 0
86.8338 -21.2758 82.7503 0.884915 -0.0216393 0.46525 3.86339 0 0
86.4424 -20.4969 83.5235 0.885476 -0.0219613 0.464165 4.02395 0 0
85.9927 -20.2718 84.3989 0.886085 -0.0223375 0.462984 4.22479 0 0
85.4292 -20.5957 85.4733 0.88666 -0.0226211 0.461869 4.50295 0 0
84.8803 -21.8823 86.4685 0.887124 -0.0227038 0.460973 4.54904 0 0
84.8399 -22.1525 86.53 0.887411 -0.0225382 0.460429 4.69385 0 0
84.439 -22.2082 87.3104 0.887473 -0.0221338 0.460327 4.91823 0 0
84.7271 -20.9852 86.8196 0.88729 -0.0215421 0.460709 5.09634 0 0
85.0593 -20.1709 86.2087 0.886864 -0.0208428 0.46156 5.28029 0 0
85.5314 -19.6895 85.3138 0.886229 -0.0201403 0.462809 5.52083 0 0
86.2092 -19.4744 84.0103 0.885448 -0.0195611 0.464327 5.73557 0 0
86.778 -20.0195 82.9145 0.884618 -0.0192417 0.465919 5.93901 0 0
87.1606 -20.9721 82.1473 0.883869 -0.0192986 0.467336 6.19825 0 0
87.348 -22.5881 81.7508 0.883337 -0.019787 0.46832 6.38103 0 0
87.2008 -23.718 81.9847 0.883131 -0.0206745 0.468671 6.56275 0 0
86.8862 -24.6709 82.5325 0.883294 -0.0218528 0.46831 6.74675 0 0
86.4585 -25.4173 83.2995 0.883791 -0.0231852 0.467307 6.987 0 0
85.7551 -25.7381 84.5723 0.884515 -0.0245544 0.465865 7.16365 0 0
85.2434 -25.6035 85.5265 0.885313 -0.025876 0.464274 7.3709 0 0
84.7685 -24.9199 86.4937 0.886025 -0.0270762 0.462847 7.67255 0 0
84.4056 -23.3319 87.3103 0.886506 -0.0280703 0.461865 7.84377 0 0
84.4208 -22.3065 87.3401 0.886659 -0.028767 0.461529 7.97739 0 0
84.1193 -21.887 87.955 0.886449 -0.029091 0.461912 8.26565 0 0
84.0807 -23.6173 87.9278 0.885912 -0.0289997 0.462945 8.43354 0 0
84.1685 -24.5842 87.6788 0.885152 -0.0284856 0.464429 8.63332 0 0
84.4961 -25.4805 86.9748 0.88431 -0.0275731 0.466085 8.84294 0 0
84.9189 -26.2854 86.1084 0.883533 -0.0263222 0.467628 9.01116 0 0
85.3754 -26.5338 85.2307 0.882936 -0.0248367 0.468836 9.22192 0 0
85.9898 -26.4887 84.1042 0.882579 -0.0232599 0.469589 9.45714 0 0
86.6768 -26.1798 82.8664 0.882468 -0.021751 0.469869 9.61972 0 0
87.0544 -25.5339 82.1892 0.882573 -0.0204486 0.46973 9.89149 0 0
87.5032 -24.087 81.4066 0.882856 -0.0194412 0.469241 10.055 0 0
87.6689 -23.1038 81.1315 0.883287 -0.0187584 0.468457 10.3251 0 0
87.7387 -21.3896 81.0454 0.883846 -0.0183858 0.467416 10.481 0 0
87.4524 -20.5971 81.6065 0.884514 -0.0182932 0.466154 10.6716 0 0
87.1577 -19.5729 82.2197 0.88526 -0.0184616 0.464731 10.8727 0 0
86.6448 -18.9777 83.2082 0.886039 -0.0188929 0.463226 11.0471 0 0
86.1632 -18.6331 84.1282 0.886805 -0.0196 0.461729 11.2261 0 0
85.6507 -18.6124 85.1277 0.887519 -0.0205868 0.460311 11.4325 0 0
85.1215 -19.2001 86.1287 0.888164 -0.0218308 0.459008 11.6145 0 0
84.6649 -19.7293 86.9943 0.888743 -0.0232773 0.457814 11.8732 0 0
84.209 -20.9673 87.8322 0.889279 -0.0248461 0.456689 11.9917 0 0
84.1583 -21.6765 87.8914 0.889801 -0.0264458 0.45558 11.9917 0 0
