79.0588 44.5418 96.839 0.914541 0.0123357 0.404306 0 1 1
79.3121 45.6768 96.2302 0.915107 0.011102 0.403058 0.410234 0 1
79.4371 44.733 95.9602 0.915497 0.0100882 0.402199 0.655068 0 1
79.5676 43.3874 95.681 0.915699 0.00935338 0.401756 0.904364 0 1
79.3129 42.1421 96.2922 0.915766 0.00889029 0.401613 1.11199 0 1
79.1579 43.2448 96.6429 0.915782 0.0086461 0.401582 1.23084 0 1
79.1096 43.8998 96.7429 0.915818 0.00856062 0.401501 1.38685 0 1
78.772 44.1873 97.4911 0.915902 0.00859308 0.401309 1.61929 0 1
78.7845 45.4779 97.4292 0.916005 0.00871729 0.401071 1.88125 0 1
79.0809 46.7317 96.7223 0.916057 0.00889564 0.400949 2.07983 0 1
79.5368 46.6504 95.6966 0.915975 0.00906214 0.401132 2.26167 0 1
79.7623 45.7791 95.1846 0.915697 0.0091318 0.401767 2.55647 0 1
79.8252 44.0999 95.0658 0.915198 0.0090281 0.402903 2.75183 0 1
79.8499 42.9853 95.0336 0.914504 0.00871114 0.404482 3.04962 0 1
79.6695 41.3687 95.5104 0.913686 0.00819908 0.406339 3.33314 0 1
79.0198 41.2757 96.9714 0.912846 0.00758148 0.408235 3.52398 0 1
78.8441 42.2629 97.3582 0.912103 0.00701339 0.4099 3.72477 0 1
78.8074 43.3793 97.4224 0.911568 0.00667505 0.411096 3.87589 0 1
78.4587 43.4221 98.1861 0.911312 0.00670155 0.411662 4.10281 0 1
78.4998 42.1673 98.1086 0.911365 0.00711728 0.411538 4.30434 0 1
78.5902 41.0667 97.9175 0.911709 0.00781721 0.410763 4.50696 0 1
78.9709 40.3954 97.0891 0.912291 0.00861 0.409452 4.7541 0 1
79.5507 40.3564 95.8235 0.913033 0.00929854 0.407779 4.96962 0 1
80.0122 40.7158 94.7648 0.913837 0.00975326 0.405964 5.14964 0 1
80.1393 41.6672 94.4303 0.914599 0.00994274 0.40424 5.33314 0 1
80.1444 42.7082 94.3711 0.915225 0.00991413 0.402821 5.5184 0 1
80.1287 43.7669 94.3691 0.915646 0.00974429 0.401868 5.70085 0 1
80.1085 44.815 94.3955 0.915817 0.00949331 0.401483 5.93229 0 1
80.0555 46.1416 94.4963 0.915724 0.00918316 0.401704 6.12553 0 1
79.878 47.1649 94.8944 0.915372 0.0088062 0.402512 6.33748 0 1
79.4275 47.6487 95.9155 0.914798 0.00835435 0.403826 6.57174 0 1
78.8881 47.7071 97.131 0.914063 0.0078501 0.405497 6.76406 0 1
78.515 47.1671 97.9945 0.913256 0.00735717 0.407319 7.00587 0 1
78.4708 45.8295 98.1312 0.912483 0.00695996 0.409055 7.21593 0 1
78.4474 44.6712 98.1927 0.91185 0.00672434 0.410468 7.31842 0 1
78.4489 44.1075 98.1972 0.911453 0.00666585 0.411349 7.47463 0 1
78.1079 43.8581 98.9487 0.911364 0.00674452 0.411545 7.73216 0 1
78.1324 45.2572 98.8826 0.911624 0.00688829 0.410967 7.9328 0 1
78.1503 46.3503 98.8319 0.912233 0.00703475 0.409611 8.12333 0 1
78.1371 47.4009 98.84 0.913146 0.0071714 0.40757 8.37422 0 1
78.4727 48.4705 98.0469 0.914269 0.00734923 0.40504 8.6774 0 1
79.1539 48.4862 96.5166 0.915481 0.00765498 0.402289 8.86396 0 1
79.5795 48.3945 95.5588 0.916649 0.00815506 0.399611 9.08121 0 1
80.0626 48.1775 94.4473 0.917652 0.00884406 0.397287 9.37721 0 1
80.3653 46.6454 93.7641 0.918386 0.00962693 0.395569 9.56184 0 1
80.3993 45.5883 93.6842 0.918764 0.0103431 0.394671 9.73577 0 1
80.4052 44.5755 93.6967 0.918726 0.0108193 0.394747 9.92354 0 1
80.4243 43.4849 93.692 0.918245 0.010924 0.395863 10.1173 0 1
80.4427 42.3697 93.703 0.917337 0.0105995 0.397971 10.3103 0 1
80.4503 41.2678 93.7314 0.916065 0.00986215 0.400908 10.5003 0 1
80.4058 40.1977 93.8781 0.91453 0.00878433 0.404424 10.8006 0 1
79.7851 39.5542 95.3242 0.912854 0.00747558 0.408218 11.099 0 1
79.0824 39.5261 96.8445 0.911164 0.00607142 0.412 11.377 0 1
78.4304 39.6604 98.2829 0.909569 0.0047251 0.415527 11.647 0 1
78.1963 41.0639 98.7623 0.908155 0.00359213 0.41862 11.9276 0 1
78.1337 42.63 98.8906 0.906987 0.00280597 0.42115 12.11 0 1
78.1101 43.6314 98.9425 0.906119 0.00245352 0.423016 12.1259 0 1
78.1083 43.7176 98.9467 0.9056 0.00256121 0.424125 12.2729 0 1
77.7679 43.8048 99.6662 0.905477 0.00309732 0.424385 12.5758 0 1
77.7686 42.1735 99.6605 0.905789 0.00398668 0.42371 12.8011 0 1
77.7673 40.944 99.6734 0.906555 0.00512862 0.422056 12.9934 0 1
77.8084 39.8881 99.5961 0.90775 0.00641388 0.419463 13.2215 0 1
78.1377 38.8728 98.9244 0.909289 0.00774228 0.416093 13.5354 0 1
78.8484 38.5294 97.3764 0.911037 0.009035 0.412226 13.8059 0 1
79.4755 38.7343 96.0031 0.912837 0.0102281 0.408197 14.0726 0 1
80.1058 38.7946 94.6127 0.914553 0.0112501 0.40431 14.2817 0 1
80.5769 38.7297 93.5294 0.916098 0.0120107 0.400774 14.4594 0 1
80.7583 39.6049 93.0607 0.917439 0.0124225 0.397683 14.6571 0 1
80.7881 40.7277 92.946 0.918572 0.0124423 0.395057 14.8633 0 1
80.7781 41.9106 92.9355 0.919502 0.0120943 0.392899 15.0712 0 1
80.7657 43.1003 92.9139 0.920212 0.0114632 0.391252 15.2757 0 1
80.7547 44.276 92.8763 0.920666 0.0106661 0.390205 15.4695 0 1
80.7741 45.4026 92.7866 0.920815 0.00982582 0.389875 15.656 0 1
80.673 46.4683 93.0271 0.920621 0.00905351 0.390352 15.8497 0 1
80.6922 47.5863 92.9743 0.920067 0.00843747 0.39167 16.0417 0 1
80.6243 48.675 93.1108 0.919166 0.0080318 0.393788 16.2138 0 1
80.2907 49.1628 93.9002 0.917962 0.00783882 0.396592 16.4091 0 1
79.8525 49.2261 94.9261 0.916527 0.00779256 0.399898 16.5882 0 1
79.4427 49.2009 95.8555 0.914954 0.00776105 0.403483 16.7684 0 1
79.0386 49.4429 96.7577 0.91334 0.00757768 0.407128 17.036 0 1
78.4279 49.444 98.1245 0.911761 0.00708954 0.41066 17.3449 0 1
77.8289 48.6347 99.4664 0.910268 0.00619814 0.413972 17.537 0 1
77.7634 47.6076 99.6435 0.908881 0.00487655 0.417027 17.723 0 1
77.7643 46.5971 99.6652 0.907593 0.00316456 0.419839 17.957 0 1
77.8021 45.3189 99.6004 0.90638 0.00115227 0.422461 18.1329 0 1
77.7031 44.3944 99.8085 0.905208 -0.001039 0.424967 18.2321 0 1
77.7677 43.8838 99.6673 0.904038 -0.0032755 0.42744 18.2321 0 1
