-89.4662 39.743 79.7964 -0.857026 -0.0106348 0.515164 0 1 0
-89.0223 39.1361 80.5248 -0.857384 -0.0109681 0.514561 0.346368 0 0
-89.3608 40.1016 79.979 -0.85768 -0.0113063 0.514059 0.485416 0 0
-89.619 40.8438 79.566 -0.857879 -0.0116289 0.513721 0.679665 0 0
-88.986 40.7455 80.6269 -0.857956 -0.0119023 0.513585 0.840971 0 0
-88.6669 39.9249 81.1464 -0.857917 -0.0120906 0.513647 1.05704 0 0
-88.6189 38.5615 81.1881 -0.857797 -0.0121671 0.513844 1.21841 0 0
-89.1023 38.1805 80.3668 -0.85766 -0.0121259 0.514075 1.43143 0 0
-89.6959 38.9123 79.3956 -0.857572 -0.0119872 0.514225 1.60381 0 0
-89.8333 39.981 79.1906 -0.857586 -0.011794 0.514205 1.60993 0 0
-89.8307 40.0196 79.1959 -0.857729 -0.0116028 0.513972 1.73119 0 0
-90.2184 40.2244 78.5592 -0.85799 -0.0114782 0.513538 1.90835 0 0
-90.0081 41.2714 78.9306 -0.858335 -0.0114874 0.512961 2.06849 0 0
-89.5663 41.8219 79.6694 -0.858712 -0.0116883 0.512325 2.25691 0 0
-88.9568 41.6717 80.6956 -0.859063 -0.012107 0.511727 2.4195 0 0
-88.5527 41.0013 81.3604 -0.859336 -0.0127176 0.511253 2.66352 0 0
-88.2321 39.5848 81.8702 -0.859498 -0.0134364 0.510963 2.88814 0 0
-88.2549 38.1708 81.794 -0.859533 -0.0141361 0.510885 3.14603 0 0
-88.9546 37.3011 80.5952 -0.859449 -0.0146748 0.511012 3.42601 0 0
-89.7929 38.0186 79.2052 -0.859271 -0.014932 0.511303 3.62555 0 0
-90.1707 39.0703 78.6098 -0.859038 -0.0148399 0.511697 3.64018 0 0
-90.18 39.1619 78.5973 -0.858792 -0.0144003 0.512122 3.7639 0 0
-90.4932 38.6895 78.0529 -0.858573 -0.0136849 0.512509 3.93537 0 0
-90.624 39.7587 77.8702 -0.858416 -0.0128169 0.512794 4.16107 0 0
-90.4954 41.1698 78.1232 -0.858355 -0.0119417 0.512917 4.35091 0 0
-90.1584 42.1832 78.6971 -0.858414 -0.0111973 0.512836 4.55808 0 0
-89.5208 42.63 79.7627 -0.858601 -0.010696 0.512533 4.79181 0 0
-88.7754 42.3271 81.0135 -0.858902 -0.01052 0.512031 4.97625 0 0
-88.313 41.5796 81.7694 -0.859279 -0.0107204 0.511394 5.13523 0 0
-88.0336 40.731 82.2208 -0.859672 -0.0113114 0.510722 5.39482 0 0
-87.8191 39.1418 82.557 -0.860012 -0.0122606 0.510127 5.56021 0 0
-87.8537 38.1044 82.4745 -0.860241 -0.0134805 0.509709 5.74972 0 0
-88.1463 37.0591 81.9559 -0.86033 -0.0148281 0.509522 5.94085 0 0
-88.7064 36.5648 80.9982 -0.860276 -0.016118 0.509573 6.10096 0 0
-89.2174 36.6447 80.1273 -0.860102 -0.0171516 0.509834 6.31483 0 0
-89.8528 37.2007 79.0679 -0.859836 -0.0177588 0.510261 6.48017 0 0
-90.2594 37.9187 78.4099 -0.859515 -0.0178373 0.510799 6.50137 0 0
-90.2954 38.0372 78.3549 -0.859171 -0.0173763 0.511393 6.61831 0 0
-90.6332 37.7085 77.7751 -0.858836 -0.0164501 0.511986 6.80194 0 0
-90.9267 38.7526 77.3264 -0.858535 -0.0151898 0.51253 7.06267 0 0
-90.9941 40.4167 77.2682 -0.858283 -0.0137452 0.512992 7.28643 0 0
-90.801 41.7891 77.6278 -0.858096 -0.0122559 0.513343 7.55923 0 0
-90.2282 43.1203 78.595 -0.857995 -0.0108367 0.513543 7.77013 0 0
-89.5555 43.4364 79.7157 -0.858018 -0.00957576 0.51353 7.94361 0 0
-88.9917 43.3571 80.6629 -0.858208 -0.00854795 0.51323 8.12202 0 0
-88.4725 42.8489 81.5249 -0.858591 -0.00783435 0.512601 8.33496 0 0
-87.9709 41.9136 82.3415 -0.859153 -0.00753077 0.511663 8.55733 0 0
-87.6211 40.681 82.9109 -0.85983 -0.00773037 0.510522 8.73646 0 0
-87.4708 39.5918 83.1564 -0.860521 -0.00848745 0.509343 8.93258 0 0
-87.4142 38.3663 83.2264 -0.861126 -0.00978471 0.508297 9.22549 0 0
-87.7709 36.6679 82.5946 -0.861577 -0.0115195 0.507496 9.45966 0 0
-88.3932 35.8483 81.5222 -0.861866 -0.0135081 0.506955 9.62687 0 0
-88.9137 35.7442 80.6136 -0.862048 -0.0155016 0.506589 9.82813 0 0
-89.5446 36.0545 79.542 -0.86221 -0.0172139 0.506258 10.0789 0 0
-90.2525 36.8975 78.3759 -0.862437 -0.0183687 0.505831 10.1236 0 0
-90.3632 37.0903 78.1964 -0.862772 -0.0187586 0.505245 10.2562 0 0
-90.7977 37.0867 77.4649 -0.863203 -0.0183009 0.504526 10.4325 0 0
-90.4938 36.0972 77.9255 -0.863661 -0.0170621 0.503785 10.6934 0 0
-89.7142 35.3903 79.2207 -0.864041 -0.0152397 0.503191 10.8623 0 0
-89.2166 34.9424 80.0676 -0.864234 -0.0131065 0.502919 11.043 0 0
-88.6433 34.9836 81.065 -0.864159 -0.0109457 0.5031 11.2747 0 0
-87.9438 35.3814 82.2924 -0.863787 -0.00899652 0.503777 11.4732 0 0
-87.4024 36.0134 83.2277 -0.863148 -0.00742136 0.504896 11.668 0 0
-87.1391 37.1208 83.6911 -0.862323 -0.00629473 0.506319 11.8373 0 0
-86.9953 38.1428 83.9286 -0.861416 -0.00561097 0.507868 11.9981 0 0
-87.007 39.1591 83.9286 -0.860529 -0.00530698 0.509374 12.1659 0 0
-87.1533 40.173 83.6887 -0.859731 -0.00529304 0.51072 12.3596 0 0
-87.321 41.3469 83.4157 -0.859054 -0.0054839 0.511855 12.5372 0 0
-87.5744 42.3556 83.0046 -0.858505 -0.00582338 0.512771 12.7697 0 0
-88.1527 43.3209 82.0625 -0.858082 -0.00629659 0.513474 12.9279 0 0
-88.5584 43.9368 81.393 -0.857785 -0.00692841 0.513962 13.1271 0 0
-89.1916 44.2075 80.3394 -0.857616 -0.00777111 0.514231 13.3061 0 0
-89.7716 44.2577 79.3656 -0.857573 -0.00888502 0.514286 13.5171 0 0
-90.4254 43.8064 78.2786 -0.857642 -0.0103167 0.514143 13.6639 0 0
-90.7949 43.2058 77.6611 -0.857806 -0.012082 0.513832 13.8603 0 0
-91.2278 42.2869 76.9255 -0.85804 -0.0141611 0.513388 14.0521 0 0
-91.3266 41.0826 76.7293 -0.858323 -0.0165064 0.512844 14.2887 0 0
-91.4269 39.5824 76.5175 -0.858637 -0.0190568 0.51223 14.451 0 0
-91.4169 38.5441 76.4962 -0.858968 -0.021749 0.511568 14.6827 0 0
-90.9164 37.3947 77.2816 -0.859304 -0.0245211 0.510878 14.7249 0 0
-90.8332 37.1715 77.4093 -0.859635 -0.027313 0.510177 14.7249 0 0
