96.5404 43.3644 68.8296 0.90452 -0.00129878 0.426429 0 1 1
96.6052 44.3645 68.6956 0.904297 -0.00125845 0.426901 0.301156 0 1
97.081 44.3236 67.6952 0.904041 -0.00125407 0.427443 0.471857 0 1
96.9336 43.158 68.0003 0.903732 -0.00131204 0.428097 0.596624 0 1
96.5639 42.964 68.7787 0.903376 -0.00144726 0.428848 0.68812 0 1
96.2954 42.8233 69.3479 0.903019 -0.00164939 0.429597 0.877177 0 1
96.6716 41.8287 68.552 0.902745 -0.00188044 0.430173 1.05048 0 1
97.1847 42.0905 67.4753 0.902647 -0.00208661 0.430377 1.27356 0 1
97.3439 43.6265 67.1502 0.9028 -0.00221668 0.430055 1.45005 0 1
97.3464 44.8836 67.157 0.903226 -0.00223722 0.42916 1.60942 0 1
97.1573 45.9245 67.5609 0.903873 -0.00214079 0.427795 1.75967 0 1
96.6988 46.0067 68.515 0.904623 -0.00194853 0.426207 1.94471 0 1
96.3476 44.9961 69.2483 0.905319 -0.00170733 0.424729 2.11148 0 1
96.2648 43.8389 69.4163 0.905807 -0.00147936 0.423688 2.16142 0 1
96.2519 43.4884 69.4444 0.905981 -0.00132382 0.423316 2.26792 0 1
95.9729 43.8119 70.0594 0.905808 -0.00127604 0.423686 2.41419 0 1
95.9725 42.7899 70.0591 0.905329 -0.0013326 0.424709 2.62068 0 1
96.1542 41.4124 69.6623 0.904647 -0.00145032 0.42616 2.86326 0 1
96.8577 41.0302 68.1577 0.903903 -0.00156002 0.427736 3.02142 0 1
97.3342 41.1812 67.1582 0.903252 -0.00158908 0.429107 3.2355 0 1
97.6278 42.5452 66.5618 0.902833 -0.0014828 0.429989 3.42307 0 1
97.6667 43.871 66.4879 0.902733 -0.00121697 0.430201 3.68196 0 1
97.633 45.7276 66.5755 0.902965 -0.000800676 0.429713 3.826 0 1
97.4289 46.6378 66.9971 0.903464 -0.000273722 0.428665 4.06185 0 1
96.7153 46.9287 68.4803 0.904097 0.000299814 0.427328 4.24589 0 1
96.177 46.5716 69.6071 0.904706 0.000845017 0.426036 4.41252 0 1
96.0375 45.446 69.9054 0.905149 0.00129516 0.425092 4.61459 0 1
95.9826 44.0284 70.0382 0.905334 0.00160599 0.424697 4.71868 0 1
95.6799 43.9764 70.6985 0.905233 0.00175606 0.424911 4.96072 0 1
95.7301 45.6657 70.5736 0.904874 0.00173732 0.425676 5.10701 0 1
95.7633 46.685 70.4859 0.904322 0.00154871 0.426849 5.31178 0 1
96.2059 47.6861 69.5452 0.903656 0.0012002 0.428257 5.51515 0 1
96.8242 47.6822 68.2535 0.902957 0.000722464 0.42973 5.68478 0 1
97.3423 47.6115 67.1774 0.902297 0.000172123 0.431115 5.84171 0 1
97.8 47.279 66.2296 0.901742 -0.000372758 0.432275 6.02569 0 1
97.9611 46.0318 65.9007 0.901356 -0.000826717 0.433078 6.17488 0 1
97.9884 44.9679 65.8366 0.901205 -0.00111782 0.433392 6.33084 0 1
97.976 43.8438 65.853 0.901337 -0.00120996 0.433116 6.50084 0 1
97.9558 42.6158 65.8852 0.901773 -0.00111517 0.432208 6.64143 0 1
97.9155 41.6089 65.9604 0.902489 -0.000884391 0.430713 6.78744 0 1
97.7717 40.6174 66.2514 0.903421 -0.000578349 0.428754 7.00384 0 1
97.12 40.2641 67.6048 0.904486 -0.00023655 0.426503 7.15118 0 1
96.6717 40.2929 68.5457 0.905592 0.000134642 0.42415 7.29477 0 1
96.2507 40.453 69.4598 0.906652 0.000548451 0.42188 7.46568 0 1
95.7793 40.854 70.4856 0.907584 0.00101169 0.419869 7.64964 0 1
95.6916 42.126 70.6734 0.908317 0.00150692 0.418279 7.80446 0 1
95.6641 43.2075 70.7385 0.90879 0.00199437 0.417249 7.81914 0 1
95.6654 43.3099 70.7359 0.90896 0.0024299 0.416877 7.92462 0 1
95.3679 43.4473 71.3944 0.908812 0.00278535 0.417198 8.12709 0 1
95.3967 44.8572 71.3126 0.908365 0.003059 0.418168 8.27598 0 1
95.431 45.8923 71.2229 0.907667 0.00327232 0.419679 8.49093 0 1
95.4423 47.3962 71.1727 0.906776 0.00345563 0.421599 8.62933 0 1
95.6411 48.2406 70.7376 0.905736 0.00362645 0.423827 8.79475 0 1
96.1292 48.4639 69.706 0.904564 0.00376744 0.426322 8.94765 0 1
96.592 48.4602 68.7336 0.903261 0.00381824 0.429074 9.09719 0 1
97.0475 48.4132 67.7856 0.901841 0.00369415 0.432053 9.24103 0 1
97.4825 48.3736 66.8776 0.90035 0.00332746 0.435153 9.43994 0 1
98.0796 48.1427 65.6393 0.898889 0.00270848 0.438168 9.58944 0 1
98.2511 47.1715 65.2929 0.897594 0.00190143 0.440819 9.7614 0 1
98.2956 45.9506 65.2277 0.896617 0.0010282 0.442805 9.93732 0 1
98.3039 44.7032 65.2096 0.896092 0.000231756 0.443869 10.1149 0 1
98.2934 43.43 65.2241 0.8961 -0.000364608 0.443852 10.2723 0 1
98.2784 42.3007 65.2385 0.896659 -0.000690566 0.442722 10.4122 0 1
98.2499 41.2932 65.2788 0.897715 -0.000745619 0.440576 10.5539 0 1
98.1765 40.2845 65.4185 0.89916 -0.000591629 0.437619 10.7016 0 1
97.8096 39.6331 66.171 0.900857 -0.000320602 0.434116 10.8799 0 1
97.2587 39.5139 67.311 0.902662 -9.65395e-06 0.430351 11.027 0 1
96.8115 39.4747 68.2513 0.904446 0.000315434 0.426587 11.2262 0 1
96.2237 39.6326 69.5278 0.906108 0.00068594 0.423046 11.4402 0 1
95.6044 39.8216 70.8749 0.907565 0.00115709 0.41991 11.6493 0 1
95.3925 41.1928 71.3289 0.908753 0.00175505 0.417332 11.8132 0 1
95.3821 42.338 71.3594 0.909614 0.00244165 0.415448 11.9358 0 1
95.3622 43.1944 71.4105 0.910103 0.0031231 0.414369 12.0643 0 1
94.997 43.1559 72.2253 0.9102 0.00369493 0.414152 12.213 0 1
95.0513 44.176 72.0918 0.909914 0.00409064 0.414776 12.4413 0 1
95.0595 45.7624 72.0473 0.909292 0.00430502 0.416136 12.5968 0 1
95.0601 46.8415 72.0146 0.908404 0.00438783 0.418071 12.8061 0 1
95.0682 48.2965 71.9798 0.907331 0.00442315 0.420393 12.9799 0 1
95.4607 49.0598 71.1244 0.906147 0.00450336 0.422938 13.2415 0 1
96.2363 49.3104 69.4747 0.904903 0.00469255 0.425591 13.3953 0 1
96.7036 49.2893 68.4955 0.903621 0.004983 0.428304 13.5712 0 1
97.2366 49.3251 67.3822 0.9023 0.00527187 0.431076 13.7783 0 1
97.86 49.2503 66.0809 0.900942 0.00538693 0.433907 13.9345 0 1
98.3301 49.1532 65.1084 0.899568 0.00515966 0.436751 14.1007 0 1
98.5947 48.1642 64.5757 0.898239 0.00450919 0.439484 14.2899 0 1
98.6538 46.8411 64.4632 0.897052 0.00348905 0.441912 14.4449 0 1
98.6892 45.7246 64.4403 0.89612 0.00227082 0.443807 14.6042 0 1
98.7017 44.5809 64.4323 0.895556 0.00107871 0.444947 14.7708 0 1
98.6939 43.3905 64.4371 0.895448 0.000113742 0.445165 14.9383 0 1
98.6719 42.1925 64.4667 0.895835 -0.000499593 0.444386 15.0929 0 1
98.6327 41.0885 64.5212 0.896694 -0.000733494 0.44265 15.2432 0 1
98.5822 40.0122 64.6118 0.897944 -0.00064858 0.440109 15.4431 0 1
98.3403 38.6987 65.0862 0.899464 -0.000367402 0.436994 15.6466 0 1
97.7038 38.6962 66.3873 0.901127 -3.90598e-05 0.433555 15.809 0 1
97.2029 38.7048 67.4263 0.902821 0.000196491 0.430016 15.9827 0 1
96.6889 38.4903 68.5267 0.904466 0.000235875 0.426547 16.1529 0 1
96.1981 38.69 69.5958 0.906013 2.52057e-05 0.42325 16.3103 0 1
95.7391 38.7821 70.5833 0.907446 -0.000441655 0.420169 16.4951 0 1
95.2499 39.3195 71.6525 0.908769 -0.00113374 0.417297 16.6869 0 1
95.0152 40.5281 72.1624 0.910005 -0.00199549 0.414592 16.9128 0 1
95.0548 42.1003 72.0866 0.911185 -0.00295737 0.411986 16.9638 0 1
95.056 42.4564 72.088 0.912345 -0.00394446 0.409402 16.9638 0 1
