-96.8213 43.5841 67.5295 -0.908638 -0.00572443 0.417545 0 1 1
-96.52 42.9592 68.1779 -0.908386 -0.00682115 0.418077 0.286654 0 1
-96.4293 44.0045 68.389 -0.908159 -0.007832 0.418552 0.456651 0 1
-96.6308 45.1131 67.977 -0.907976 -0.00868189 0.418933 0.607905 0 1
-96.7912 44.13 67.6022 -0.907852 -0.00929067 0.419187 0.730718 0 1
-97.1577 44.1606 66.8139 -0.907797 -0.00960121 0.419299 0.880666 0 1
-97.1223 45.2132 66.9221 -0.907807 -0.00960853 0.419279 1.07843 0 1
-96.6967 46.1455 67.8649 -0.907859 -0.00936981 0.41917 1.21789 0 1
-96.2998 45.8682 68.7159 -0.907921 -0.008984 0.419045 1.39566 0 1
-96.1525 44.6635 68.9989 -0.907955 -0.00855114 0.41898 1.55128 0 1
-96.1295 43.566 69.0355 -0.907942 -0.00813653 0.419018 1.74514 0 1
-96.2439 42.2314 68.7719 -0.907886 -0.00775913 0.419145 1.96398 0 1
-96.8726 41.9441 67.3966 -0.907819 -0.00740426 0.419297 2.14161 0 1
-97.1295 43.0362 66.8506 -0.907782 -0.00704901 0.419384 2.22286 0 1
-97.1537 43.6087 66.8058 -0.907804 -0.00668737 0.419341 2.32815 0 1
-97.4678 43.5554 66.1305 -0.907891 -0.00634375 0.419159 2.48888 0 1
-97.4314 42.4204 66.1908 -0.908015 -0.00606754 0.418894 2.64987 0 1
-97.2119 41.4054 66.6515 -0.90813 -0.0059146 0.418646 2.81712 0 1
-96.7367 41.1081 67.6836 -0.908189 -0.00592931 0.418517 2.95998 0 1
-96.3189 41.1318 68.5954 -0.908158 -0.00613543 0.418582 3.14421 0 1
-95.9041 41.9439 69.5141 -0.908026 -0.0065326 0.418863 3.38755 0 1
-95.8209 43.6394 69.7063 -0.907801 -0.00709315 0.419342 3.60601 0 1
-95.8415 45.1797 69.6876 -0.907505 -0.00775875 0.41997 3.78048 0 1
-95.9621 46.3815 69.4579 -0.907168 -0.00844242 0.420684 3.93265 0 1
-96.3507 46.925 68.6291 -0.906825 -0.00904221 0.42141 4.10446 0 1
-96.8611 46.941 67.5356 -0.906517 -0.00946721 0.422064 4.26964 0 1
-97.325 46.6093 66.5296 -0.906285 -0.00966477 0.422557 4.43418 0 1
-97.451 45.5032 66.2245 -0.906171 -0.00963308 0.422802 4.60871 0 1
-97.4728 44.2732 66.1414 -0.906205 -0.00941082 0.422735 4.71958 0 1
-97.7916 44.0679 65.4553 -0.906399 -0.00905166 0.422326 4.88331 0 1
-97.778 42.9098 65.458 -0.90675 -0.00860158 0.421582 5.04727 0 1
-97.7451 41.7515 65.5124 -0.907241 -0.00809416 0.420533 5.20481 0 1
-97.6028 40.6902 65.8038 -0.907844 -0.00756339 0.419239 5.42687 0 1
-96.9579 40.3491 67.187 -0.908507 -0.00705716 0.417809 5.57942 0 1
-96.5113 40.3369 68.1612 -0.909153 -0.006635 0.41641 5.72582 0 1
-96.0849 40.3691 69.0984 -0.909687 -0.00635079 0.415246 5.92723 0 1
-95.6119 41.1875 70.1519 -0.910026 -0.00623705 0.414505 6.0718 0 1
-95.5391 42.183 70.3217 -0.910118 -0.00630306 0.414301 6.28172 0 1
-95.5039 43.6534 70.4122 -0.90996 -0.00654253 0.414643 6.4282 0 1
-95.5076 44.6762 70.4171 -0.90959 -0.00693789 0.415448 6.58643 0 1
-95.5485 45.7838 70.3357 -0.909069 -0.00745736 0.416578 6.82191 0 1
-95.7105 47.4162 70.0164 -0.908464 -0.00805366 0.417887 6.99503 0 1
-96.2045 47.7541 68.9564 -0.907827 -0.00867162 0.419255 7.16699 0 1
-96.7117 47.7689 67.8676 -0.907198 -0.00925754 0.420601 7.37867 0 1
-97.3414 47.6721 66.5291 -0.906604 -0.00976018 0.421869 7.58174 0 1
-97.7418 46.6508 65.6386 -0.906069 -0.0101273 0.423009 7.78793 0 1
-97.7956 45.2038 65.4802 -0.905619 -0.0103112 0.423966 7.82944 0 1
-97.7941 44.9104 65.4751 -0.905287 -0.0102866 0.424676 7.94969 0 1
-98.1159 44.5441 64.7789 -0.905103 -0.0100661 0.425073 8.10962 0 1
-98.122 45.6772 64.798 -0.905099 -0.00969641 0.425091 8.26102 0 1
-98.1228 46.748 64.8297 -0.905308 -0.00923203 0.424656 8.47872 0 1
-97.8978 48.1809 65.348 -0.905765 -0.00871119 0.423691 8.62555 0 1
-97.4853 48.5206 66.2318 -0.906492 -0.00815553 0.422144 8.77334 0 1
-97.0456 48.5402 67.1707 -0.907481 -0.00758961 0.420024 8.93919 0 1
-96.5549 48.5857 68.2186 -0.908671 -0.00705441 0.417452 9.11604 0 1
-96.0359 48.5168 69.3326 -0.90995 -0.00660044 0.414665 9.26049 0 1
-95.6187 48.439 70.2442 -0.911174 -0.00626911 0.411975 9.40761 0 1
-95.3042 47.7281 70.9117 -0.912201 -0.00607918 0.409698 9.6053 0 1
-95.2502 46.3404 71.0211 -0.912927 -0.00602547 0.408079 9.81143 0 1
-95.2121 44.8988 71.1075 -0.913299 -0.00608586 0.407245 9.97188 0 1
-95.1877 43.7856 71.1342 -0.913316 -0.00622926 0.407205 10.1415 0 1
-95.2167 42.5972 71.045 -0.913013 -0.00642176 0.407881 10.2974 0 1
-95.2372 41.5054 70.989 -0.912442 -0.00663254 0.409151 10.4657 0 1
-95.2621 40.3326 70.9072 -0.911661 -0.00683929 0.410886 10.6846 0 1
-95.8035 39.5468 69.705 -0.910721 -0.00702846 0.412963 10.8473 0 1
-96.2752 39.5747 68.6652 -0.909673 -0.00718963 0.415264 10.9979 0 1
-96.7152 39.5676 67.7006 -0.908569 -0.00731245 0.41767 11.1518 0 1
-97.1684 39.5838 66.7152 -0.907468 -0.00739205 0.420055 11.3006 0 1
-97.6128 39.6033 65.7622 -0.906425 -0.00743273 0.422301 11.4372 0 1
-97.9612 40.1164 65.0262 -0.905488 -0.0074374 0.424307 11.691 0 1
-98.0892 41.8876 64.7772 -0.904689 -0.00739307 0.426009 11.8618 0 1
-98.1055 43.0949 64.7715 -0.904048 -0.00727587 0.427368 12.031 0 1
-98.1156 44.292 64.7773 -0.903582 -0.00707829 0.428357 12.164 0 1
-98.4875 44.665 63.9983 -0.903313 -0.00683245 0.428929 12.3297 0 1
-98.4868 43.4802 63.9895 -0.903271 -0.00660508 0.42902 12.5024 0 1
-98.4753 42.2605 63.983 -0.903482 -0.00646886 0.428576 12.6752 0 1
-98.4605 41.0359 63.9765 -0.903945 -0.00647447 0.427599 12.84 0 1
-98.449 39.8553 63.9949 -0.904625 -0.0066385 0.426157 13.0314 0 1
-98.0577 38.8447 64.8172 -0.905463 -0.0069451 0.424368 13.2269 0 1
-97.474 38.6597 66.041 -0.906402 -0.00735347 0.422352 13.4332 0 1
-96.871 38.6093 67.3414 -0.9074 -0.00780266 0.420195 13.5878 0 1
-96.419 38.5872 68.3278 -0.908433 -0.00821045 0.417949 13.7348 0 1
-95.9914 38.5724 69.272 -0.909478 -0.00847926 0.415665 13.9736 0 1
-95.303 38.7795 70.7927 -0.9105 -0.00852719 0.413422 14.1194 0 1
-94.9673 39.393 71.5379 -0.91144 -0.00833374 0.411349 14.3215 0 1
-94.8662 40.7798 71.8076 -0.912226 -0.00796102 0.409609 14.4704 0 1
-94.8571 41.8087 71.8484 -0.912784 -0.00752543 0.408374 14.6304 0 1
-94.8553 42.9181 71.8692 -0.913052 -0.00713837 0.40778 14.8518 0 1
-94.8772 44.4743 71.8748 -0.913 -0.00685785 0.407903 15.0725 0 1
-94.8653 46.0102 71.9046 -0.912627 -0.00667982 0.408739 15.2402 0 1
-94.8759 47.1778 71.852 -0.911964 -0.00656848 0.410218 15.3859 0 1
-94.9383 48.1999 71.7364 -0.91106 -0.00650359 0.412221 15.5764 0 1
-95.2384 49.335 71.099 -0.909981 -0.00651324 0.4146 15.8063 0 1
-95.8989 49.4489 69.6447 -0.908801 -0.00666635 0.417177 15.9862 0 1
-96.4289 49.4055 68.5047 -0.90761 -0.00702316 0.419756 16.2251 0 1
-97.126 49.2851 67.0047 -0.906502 -0.00757484 0.422134 16.4055 0 1
-97.6502 49.5435 65.8872 -0.905562 -0.00821728 0.424134 16.5655 0 1
-98.1028 49.1857 64.9239 -0.904851 -0.0087825 0.425638 16.7326 0 1
-98.426 48.2824 64.236 -0.904393 -0.00911 0.426604 16.8851 0 1
-98.5032 47.2243 64.0549 -0.904173 -0.00911508 0.42707 17.0371 0 1
-98.4955 46.1524 64.0224 -0.90414 -0.00881799 0.427145 17.0822 0 1
-98.4916 45.8292 64.0158 -0.904221 -0.00832544 0.426985 17.1975 0 1
-98.4882 45.0017 63.9996 -0.904319 -0.0077823 0.42676 17.1975 0 1
