89.753 38.4362 82.2074 0.85322 -0.00171069 0.521533 0 1 0
90.1069 38.3127 81.6258 0.853279 -0.0019491 0.521452 0.295775 0 0
90.2389 39.4541 81.416 0.85334 -0.00222586 0.521351 0.460618 0 0
89.7651 38.9461 82.1856 0.853397 -0.00249775 0.521255 0.589071 0 0
89.3625 39.1811 82.8415 0.853424 -0.00268631 0.52121 0.821549 0 0
89.3462 37.7313 82.8668 0.853386 -0.00270987 0.521272 1.02792 0 0
89.7241 36.6647 82.2348 0.853258 -0.00251526 0.521483 1.27739 0 0
90.3416 37.7251 81.2345 0.853036 -0.00209755 0.521848 1.44241 0 0
90.5698 38.669 80.864 0.852757 -0.00150023 0.522305 1.72912 0 0
90.5245 40.4799 80.9544 0.8525 -0.000797623 0.522727 1.92197 0 0
89.9506 41.0151 81.8806 0.852363 -7.33871e-05 0.52295 2.11419 0 0
89.5486 40.0828 82.5372 0.852431 0.000589235 0.522839 2.18415 0 0
89.4397 39.6974 82.7134 0.852728 0.00110686 0.522354 2.30596 0 0
89.0863 40.0591 83.283 0.853208 0.00140085 0.52157 2.47018 0 0
88.9573 39.066 83.5003 0.85377 0.00141666 0.520649 2.64048 0 0
88.9488 38.0068 83.5216 0.8543 0.00114887 0.519778 2.80583 0 0
88.9851 36.9744 83.4633 0.854702 0.000655452 0.519118 3.07879 0 0
89.0772 35.2593 83.3171 0.854913 5.13057e-05 0.518772 3.23051 0 0
89.4835 35.8056 82.636 0.854903 -0.000517865 0.518787 3.39559 0 0
89.9879 36.1679 81.7945 0.854675 -0.000912078 0.519163 3.61658 0 0
90.5533 37.0745 80.8798 0.854249 -0.00103141 0.519863 3.79551 0 0
90.8467 38.0534 80.4043 0.85367 -0.000836443 0.520813 4.00129 0 0
90.9698 39.3309 80.209 0.852996 -0.000348162 0.521918 4.19299 0 0
90.9208 40.5477 80.3064 0.8523 0.000369561 0.523054 4.42949 0 0
90.5226 41.8369 80.9489 0.851675 0.00123336 0.524069 4.5922 0 0
89.9839 41.9331 81.8227 0.851241 0.00216036 0.524771 4.77388 0 0
89.4663 41.3485 82.6593 0.851137 0.00308492 0.524935 4.94149 0 0
89.1789 40.4527 83.1307 0.851506 0.0039762 0.52433 5.07294 0 0
88.8851 41.0625 83.5962 0.852457 0.0048525 0.522774 5.25588 0 0
88.6499 40.0117 83.9839 0.854031 0.00577833 0.52019 5.41807 0 0
88.5545 39.0163 84.1472 0.856183 0.00683447 0.516628 5.58164 0 0
88.5542 37.9924 84.1645 0.858796 0.00807186 0.512254 5.74282 0 0
88.603 36.9826 84.1015 0.861715 0.00947428 0.507304 5.99695 0 0
88.6668 35.3917 84.0185 0.864782 0.0109498 0.502028 6.25592 0 0
88.4474 33.8264 84.4194 0.867858 0.0123528 0.496658 6.42806 0 0
88.1748 32.9146 84.9297 0.870835 0.013523 0.491389 6.6803 0 0
87.783 31.5772 85.6615 0.873632 0.0143215 0.486377 6.8705 0 0
87.4891 30.5926 86.263 0.876191 0.0146507 0.481742 7.03485 0 0
87.3158 29.6706 86.6118 0.878478 0.0144626 0.477564 7.26021 0 0
87.1521 28.3493 86.9584 0.880478 0.0137663 0.473887 7.43262 0 0
87.0403 27.3323 87.2226 0.88218 0.0126356 0.470742 7.62494 0 0
86.9576 26.1727 87.4215 0.883564 0.0112027 0.468176 7.79714 0 0
86.9919 25.1171 87.3842 0.884589 0.0096336 0.466272 7.96051 0 0
87.173 24.1846 87.0563 0.8852 0.0080976 0.465141 8.15712 0 0
87.6273 23.4628 86.1997 0.885341 0.00674286 0.464893 8.35814 0 0
88.19 23.5477 85.1016 0.884971 0.00567695 0.465611 8.54618 0 0
88.6345 24.2047 84.2374 0.884068 0.00494489 0.467333 8.71094 0 0
88.8773 25.0993 83.7722 0.882632 0.00450745 0.470043 8.98701 0 0
89.0373 26.7826 83.4403 0.880701 0.00423215 0.473653 9.20327 0 0
89.0554 28.157 83.4043 0.878359 0.00391496 0.477985 9.41801 0 0
88.9995 29.5231 83.5131 0.875734 0.00334355 0.482782 9.60178 0 0
88.9199 30.6655 83.6453 0.872977 0.00238357 0.487756 9.91093 0 0
88.9042 32.6103 83.6306 0.870228 0.00104208 0.492648 10.0694 0 0
89.066 33.5664 83.3498 0.867593 -0.000529136 0.497275 10.2588 0 0
89.4511 34.4814 82.6936 0.865135 -0.00209087 0.501535 10.4346 0 0
89.8886 35.1954 81.9591 0.862883 -0.00340032 0.505392 10.5969 0 0
90.3281 35.7646 81.224 0.860842 -0.00428001 0.508854 10.8458 0 0
90.9475 36.8065 80.2134 0.859001 -0.00464728 0.511953 11.0145 0 0
91.2075 37.7619 79.8096 0.85734 -0.00450692 0.514731 11.1994 0 0
91.3414 38.8988 79.5947 0.855839 -0.00392511 0.517227 11.3761 0 0
91.3514 40.0232 79.594 0.854482 -0.00300255 0.519472 11.5543 0 0
91.2558 41.1416 79.7587 0.85326 -0.00185623 0.521483 11.7239 0 0
91.0133 42.116 80.1541 0.852174 -0.000611515 0.523259 11.8817 0 0
90.6008 42.7409 80.825 0.851233 0.000600449 0.524788 12.1387 0 0
89.7402 42.7256 82.2065 0.850453 0.00164856 0.526048 12.3393 0 0
89.1971 41.9974 83.0855 0.849854 0.00241511 0.527013 12.496 0 0
88.9166 41.1735 83.5445 0.849449 0.00281235 0.527663 12.6193 0 0
88.5688 41.5861 84.0969 0.849246 0.00279201 0.52799 12.908 0 0
89.1347 43.0301 83.1746 0.849248 0.00234048 0.527989 13.08 0 0
89.6226 43.5855 82.3871 0.849461 0.00146567 0.527649 13.2766 0 0
90.2761 43.6895 81.3422 0.849898 0.000192901 0.526947 13.4668 0 0
90.9033 43.4864 80.3397 0.850578 -0.00141908 0.525848 13.6788 0 0
91.3712 42.4895 79.5735 0.851508 -0.00325373 0.524332 13.8408 0 0
91.6223 41.5759 79.1639 0.852678 -0.0051289 0.522411 14.013 0 0
91.7287 40.4992 78.985 0.854056 -0.00682061 0.520136 14.1756 0 0
91.7426 39.4639 78.9472 0.855603 -0.00811372 0.517569 14.454 0 0
91.6217 37.7007 79.1148 0.857292 -0.00885901 0.514754 14.7215 0 0
91.1925 36.1932 79.7778 0.859122 -0.00901075 0.511691 14.8818 0 0
90.7967 35.5053 80.4256 0.861108 -0.00862655 0.50835 15.059 0 0
90.3158 34.8834 81.231 0.863257 -0.00783354 0.504703 15.2204 0 0
89.9009 34.2633 81.922 0.865555 -0.00678205 0.500768 15.3977 0 0
89.5082 33.4478 82.5883 0.867959 -0.00560768 0.496604 15.5564 0 0
89.3091 32.5263 82.9249 0.870414 -0.0044095 0.492301 15.8549 0 0
89.3267 30.6195 82.9143 0.872862 -0.00324399 0.487956 16.0126 0 0
89.3513 29.6211 82.8647 0.875247 -0.00213012 0.483672 16.1798 0 0
89.4004 28.5655 82.7631 0.877507 -0.00105826 0.479562 16.3833 0 0
89.4 27.2605 82.7661 0.879584 4.18915e-06 0.475743 16.6235 0 0
89.34 25.7328 82.8816 0.881428 0.00111141 0.472316 16.8186 0 0
89.1358 24.5812 83.2702 0.883 0.00233589 0.469366 17.0748 0 0
88.711 23.2506 84.0852 0.884262 0.00375556 0.466977 17.3339 0 0
88.0289 22.5924 85.4272 0.885168 0.00543121 0.46524 17.4954 0 0
87.5714 22.6182 86.3149 0.885668 0.00738005 0.46426 17.6605 0 0
87.1439 23.0485 87.132 0.885716 0.00955276 0.46413 17.8275 0 0
86.815 23.8009 87.7484 0.885282 0.011824 0.464904 18.1385 0 0
86.5879 25.6546 88.1444 0.884365 0.0140089 0.466586 18.3129 0 0
86.6155 26.7147 88.06 0.88299 0.0159074 0.469121 18.4848 0 0
86.7365 27.7146 87.7777 0.881201 0.0173587 0.472423 18.6619 0 0
86.8478 28.7597 87.5077 0.87904 0.0182755 0.476397 18.9444 0 0
87.0771 30.4096 87.029 0.876551 0.0186456 0.480949 19.1189 0 0
87.2673 31.3569 86.6161 0.873778 0.0185108 0.485972 19.3263 0 0
87.5934 32.4045 85.9744 0.870788 0.0179445 0.491331 19.4896 0 0
87.8533 33.2581 85.4885 0.86767 0.0170388 0.496848 19.7342 0 0
88.1711 34.6109 84.8888 0.864531 0.0159011 0.502328 19.9316 0 0
88.2815 35.8035 84.6629 0.861483 0.0146471 0.507576 20.1414 0 0
88.2127 37.1181 84.7462 0.858627 0.0133838 0.512426 20.3399 0 0
88.1571 38.3576 84.8054 0.856048 0.0121877 0.516753 20.5648 0 0
88.2075 39.7625 84.6994 0.853808 0.0110875 0.52047 20.7506 0 0
88.3752 40.8791 84.4153 0.851953 0.0100621 0.523522 20.7853 0 0
88.4238 41.0746 84.335 0.85051 0.00905319 0.525882 20.9119 0 0
88.078 41.5307 84.8806 0.849486 0.00799098 0.52755 21.1027 0 0
88.3929 42.554 84.3612 0.848865 0.00682016 0.528565 21.2707 0 0
88.6974 43.4306 83.8642 0.848605 0.00551354 0.528999 21.4495 0 0
89.1514 44.1474 83.1306 0.848647 0.00406629 0.528943 21.6944 0 0
89.9452 44.5206 81.8652 0.848936 0.00247801 0.528489 21.9822 0 0
90.9039 44.4161 80.3327 0.849433 0.000740896 0.527695 22.1889 0 0
91.4789 43.6866 79.4075 0.850127 -0.00114883 0.526576 22.3498 0 0
91.7907 42.8612 78.8972 0.851027 -0.00315602 0.525112 22.5071 0 0
92.0403 41.9849 78.4896 0.852153 -0.00517442 0.523268 22.7041 0 0
92.1496 40.7525 78.3033 0.85352 -0.00703139 0.521012 22.9473 0 0
92.1382 39.2034 78.3006 0.855145 -0.00853798 0.518319 23.1196 0 0
92.0942 38.1083 78.3436 0.857036 -0.00955404 0.515169 23.3343 0 0
91.8687 36.7954 78.6795 0.859187 -0.0100277 0.511564 23.6254 0 0
91.2516 35.3294 79.6419 0.86157 -0.00999355 0.507541 23.8931 0 0
90.5787 34.2197 80.7612 0.86413 -0.00954426 0.503178 24.0705 0 0
90.1 33.6054 81.5723 0.866798 -0.00879755 0.498581 24.2437 0 0
89.7719 32.7157 82.124 0.8695 -0.00786858 0.49387 24.4459 0 0
89.7449 31.4324 82.1637 0.872168 -0.00684885 0.489159 24.6911 0 0
89.765 29.8703 82.1086 0.87474 -0.00579298 0.484558 24.8872 0 0
89.7818 28.6102 82.0603 0.87716 -0.00471807 0.480176 25.0707 0 0
89.7673 27.4354 82.0849 0.879375 -0.00361563 0.476116 25.299 0 0
89.72 25.9798 82.1776 0.881348 -0.00246591 0.472461 25.481 0 0
89.5665 24.8741 82.4479 0.883065 -0.00124072 0.469248 25.6493 0 0
89.3885 23.8776 82.7917 0.884536 0.000106992 0.466472 25.8227 0 0
89.117 22.945 83.3118 0.885767 0.00164926 0.464127 26.0747 0 0
88.5432 21.9683 84.4287 0.88674 0.00346706 0.462255 26.3183 0 0
87.856 21.7115 85.77 0.887401 0.00561668 0.460964 26.5598 0 0
87.1913 22.133 87.0493 0.887678 0.00809912 0.460393 26.748 0 0
86.7242 22.7207 87.9409 0.887512 0.0108453 0.460657 27.0123 0 0
86.351 24.1292 88.66 0.886875 0.0137178 0.461806 27.1806 0 0
86.2355 25.1244 88.8604 0.885769 0.0165282 0.463833 27.4948 0 0
86.2697 27.0103 88.7085 0.884208 0.0190691 0.466704 27.7176 0 0
86.3891 28.3245 88.4013 0.882209 0.0211512 0.470382 27.9017 0 0
86.5434 29.3734 88.0476 0.879793 0.0226317 0.474818 28.079 0 0
86.6779 30.4036 87.757 0.876999 0.0234274 0.479921 28.2584 0 0
86.8634 31.3924 87.3512 0.873899 0.0235168 0.485538 28.4345 0 0
87.089 32.3348 86.8781 0.870592 0.0229339 0.49147 28.6179 0 0
87.3178 33.3391 86.4202 0.867186 0.0217561 0.497509 28.851 0 0
87.7594 34.4522 85.6114 0.863774 0.0200873 0.503479 29.1006 0 0
87.8713 35.9639 85.3472 0.860417 0.0180394 0.509271 29.2649 0 0
87.8059 36.9865 85.4171 0.857139 0.0157178 0.514845 29.4396 0 0
87.7798 38.0792 85.4259 0.853929 0.0132146 0.520222 29.6954 0 0
87.7608 39.6851 85.4241 0.850748 0.0106107 0.525466 29.9758 0 0
88.0262 41.3528 84.9653 0.847546 0.00798147 0.530659 29.9758 0 0
88.5803 31.7777 84.2335 0.873892 0.0118281 0.485973 30.1353 1 0
88.1583 31.2905 85.0033 0.875897 0.0121109 0.482347 30.3352 0 0
87.8034 30.3037 85.6903 0.877832 0.0121392 0.478814 30.4987 0 0
87.6366 29.3635 86.0262 0.879651 0.0118438 0.475472 30.713 0 0
87.479 28.0959 86.3608 0.881286 0.0112461 0.472449 30.8975 0 0
87.3589 26.9939 86.6251 0.882654 0.0104455 0.469907 31.1194 0 0
87.3293 25.6199 86.7261 0.88366 0.00958088 0.468031 31.282 0 0
87.5054 24.6844 86.4081 0.88423 0.00878978 0.466969 31.4619 0 0
87.9975 24.3153 85.4799 0.884349 0.00818033 0.466754 31.6488 0 0
88.4363 24.9556 84.6248 0.884089 0.00781586 0.467253 31.8453 0 0
88.6455 26.0847 84.2081 0.883597 0.00770815 0.468184 32.0426 0 0
88.7153 27.3026 84.0532 0.883052 0.00782389 0.46921 32.254 0 0
88.699 28.6418 84.0687 0.882601 0.00810709 0.470053 32.436 0 0
88.6044 29.7725 84.2219 0.882317 0.0085057 0.470579 32.6228 0 0
88.385 30.8617 84.6059 0.882197 0.00898528 0.470796 32.8621 0 0
88.1008 29.4937 85.1611 0.882181 0.00952437 0.470814 33.0607 0 0
88.3804 28.3906 84.6705 0.882196 0.0101022 0.470774 33.2626 0 0
88.4069 27.1299 84.6458 0.882179 0.0106926 0.470793 33.552 0 0
88.0814 25.4688 85.2981 0.882093 0.0112694 0.47094 33.7363 0 0
87.6536 26.168 86.0967 0.881929 0.0118153 0.471233 33.9284 0 0
87.7565 27.3309 85.8674 0.881699 0.0123283 0.471652 34.1389 0 0
87.8797 28.6054 85.5978 0.881427 0.0128189 0.472147 34.219 0 0
88.0528 28.9304 85.2651 0.881143 0.0133036 0.472662 34.219 0 0
