-82.4419 -43.6573 95.7677 -0.955176 0.00829124 0.295921 0 1 1
-82.1851 -44.2459 96.6014 -0.955288 0.00872068 0.295548 0.399362 0 1
-82.3757 -45.2754 96.015 -0.955372 0.00896868 0.295269 0.543575 0 1
-82.15 -45.4729 96.7767 -0.955431 0.00901577 0.295078 0.76657 0 1
-82.1164 -44.2207 96.8205 -0.955474 0.00889317 0.294941 0.998756 0 1
-82.1558 -42.9204 96.6635 -0.955516 0.0086692 0.294813 1.16112 0 1
-82.3744 -42.3871 95.9535 -0.95557 0.00844542 0.294644 1.33499 0 1
-82.4379 -43.346 95.7719 -0.955647 0.00834646 0.294395 1.46217 0 1
-82.6346 -43.0969 95.1298 -0.955756 0.00848814 0.294039 1.66498 0 1
-82.6061 -41.9592 95.1967 -0.955892 0.0089301 0.293581 1.92776 0 1
-82.2393 -41.124 96.3598 -0.956044 0.00963896 0.293065 2.18658 0 1
-81.9187 -42.071 97.4142 -0.956187 0.0104886 0.29257 2.44599 0 1
-81.9146 -43.5215 97.4587 -0.956297 0.0113042 0.292177 2.64874 0 1
-81.9088 -44.6568 97.5145 -0.956363 0.0119297 0.291937 2.83088 0 1
-81.9405 -45.6746 97.4899 -0.956388 0.0122821 0.291842 3.02981 0 1
-82.108 -46.6479 97 -0.956387 0.0123691 0.291839 3.25996 0 1
-82.4685 -46.8762 95.7979 -0.95638 0.0122639 0.291869 3.43322 0 1
-82.6278 -46.0914 95.2394 -0.956369 0.0120616 0.291914 3.69254 0 1
-82.6267 -44.6235 95.1963 -0.956341 0.0118453 0.292013 3.83412 0 1
-82.6441 -43.8293 95.12 -0.956274 0.0116742 0.292238 3.97062 0 1
-82.865 -43.9585 94.3969 -0.956156 0.0115773 0.292629 4.3032 0 1
-82.8694 -45.8239 94.4431 -0.955997 0.0115364 0.293149 4.59954 0 1
-82.7769 -47.4565 94.8152 -0.955832 0.0114666 0.29369 4.86808 0 1
-82.3479 -47.713 96.2474 -0.955703 0.0112276 0.29412 5.07372 0 1
-82.0204 -47.5923 97.3371 -0.955642 0.0106808 0.294338 5.27314 0 1
-81.7634 -46.8759 98.1211 -0.955658 0.00976843 0.294317 5.48335 0 1
-81.7156 -45.7307 98.2249 -0.955738 0.00856219 0.294095 5.67862 0 1
-81.6926 -44.6657 98.2246 -0.955855 0.00724653 0.293748 5.87976 0 1
-81.6904 -43.5575 98.192 -0.955986 0.00604461 0.293349 6.20322 0 1
-81.695 -41.7627 98.1444 -0.956112 0.00512809 0.292956 6.47484 0 1
-81.9121 -40.4467 97.4521 -0.956219 0.00455631 0.292617 6.67418 0 1
-82.2239 -40.3114 96.4149 -0.956293 0.00426867 0.292378 6.99522 0 1
-82.7346 -40.6999 94.749 -0.956326 0.00412402 0.292273 7.17311 0 1
-82.829 -41.6558 94.4652 -0.956318 0.00396584 0.292301 7.45509 0 1
-82.862 -43.2418 94.3807 -0.956278 0.00368845 0.292435 7.48522 0 1
-82.8632 -43.4114 94.3825 -0.956214 0.00327795 0.292652 7.61499 0 1
-83.0666 -43.2201 93.7084 -0.956126 0.00280931 0.292943 7.91332 0 1
-83.0471 -41.5455 93.7499 -0.956013 0.00240662 0.293315 8.11258 0 1
-83.0244 -40.4264 93.8275 -0.955874 0.00219358 0.293767 8.29305 0 1
-82.8329 -39.6458 94.4366 -0.955712 0.00225593 0.294295 8.53817 0 1
-82.4331 -39.4882 95.7318 -0.955523 0.00262139 0.294906 8.84215 0 1
-81.9527 -39.5485 97.345 -0.955301 0.00325728 0.295618 9.10869 0 1
-81.5475 -40.0867 98.6061 -0.955047 0.0040862 0.296425 9.31042 0 1
-81.4775 -41.148 98.8589 -0.954785 0.00501521 0.297255 9.50738 0 1
-81.4663 -42.2173 98.896 -0.954557 0.00596504 0.297967 9.74844 0 1
-81.4721 -43.5394 98.9033 -0.954416 0.00688512 0.298402 9.96754 0 1
-81.4789 -44.7423 98.9147 -0.954396 0.00775003 0.298445 10.2335 0 1
-81.5074 -46.1974 98.9033 -0.954504 0.00854443 0.298077 10.5042 0 1
-81.5353 -47.6623 98.8457 -0.954717 0.0092486 0.297372 10.697 0 1
-81.7927 -48.328 98.0641 -0.954995 0.00983313 0.296459 10.8933 0 1
-82.121 -48.4561 97.0432 -0.955295 0.0102636 0.295477 11.0773 0 1
-82.4089 -48.5032 96.0788 -0.955581 0.0105077 0.294542 11.3468 0 1
-82.8428 -48.466 94.6397 -0.955831 0.0105367 0.293729 11.5516 0 1
-83.0861 -47.6935 93.8142 -0.956034 0.0103218 0.293075 11.7896 0 1
-83.0928 -46.3525 93.7322 -0.956189 0.00983511 0.292583 11.9854 0 1
-83.092 -45.2426 93.6907 -0.956301 0.00906153 0.292244 12.191 0 1
-83.0863 -44.0804 93.6707 -0.956374 0.00801861 0.292036 12.2445 0 1
-83.0778 -43.7807 93.6896 -0.956412 0.00677638 0.291942 12.3991 0 1
-83.3071 -44.1682 92.9484 -0.956413 0.00546789 0.291966 12.62 0 1
-83.3134 -42.9311 92.892 -0.95636 0.0042798 0.292158 12.8052 0 1
-83.2956 -41.8988 92.9382 -0.956229 0.00341411 0.292601 13.0455 0 1
-83.2683 -40.5563 93.0273 -0.955998 0.0030266 0.293357 13.242 0 1
-83.2757 -39.4513 93.0108 -0.955673 0.00316781 0.294414 13.4835 0 1
-82.9272 -38.7971 94.1329 -0.955284 0.00376103 0.295666 13.7177 0 1
-82.5459 -38.6409 95.366 -0.954882 0.00463372 0.296951 13.9245 0 1
-82.223 -38.6643 96.4551 -0.95451 0.005587 0.298128 14.1163 0 1
-81.9127 -38.7473 97.4348 -0.954191 0.00646666 0.299129 14.4173 0 1
-81.4156 -38.9248 98.9639 -0.953923 0.00720093 0.299965 14.6062 0 1
-81.2578 -39.7835 99.4964 -0.953693 0.00779162 0.30068 14.793 0 1
-81.237 -40.7922 99.6102 -0.953495 0.00827532 0.301297 15.0771 0 1
-81.2222 -42.3298 99.6844 -0.953339 0.00868813 0.301778 15.3981 0 1
-81.1944 -44.0738 99.8117 -0.953254 0.00905363 0.302033 15.5837 0 1
-81.2355 -45.0739 99.6982 -0.953278 0.00938623 0.301948 15.9139 0 1
-81.2559 -46.8717 99.6938 -0.953436 0.00969331 0.301439 16.2115 0 1
-81.2975 -48.4922 99.6125 -0.953731 0.00997294 0.300497 16.4145 0 1
-81.5553 -49.2546 98.8483 -0.954136 0.0102136 0.299199 16.6117 0 1
-81.8801 -49.2847 97.8246 -0.954604 0.010398 0.297695 16.8007 0 1
-82.1917 -49.2643 96.8352 -0.955081 0.0105074 0.29616 16.9839 0 1
-82.4807 -49.2864 95.8699 -0.955515 0.0105242 0.294753 17.2007 0 1
-82.8323 -49.2877 94.7092 -0.955876 0.0104349 0.293584 17.3951 0 1
-83.145 -49.1201 93.6736 -0.956149 0.0102349 0.2927 17.6214 0 1
-83.3114 -48.0059 93.083 -0.956339 0.00993209 0.292091 17.8333 0 1
-83.316 -46.814 93.0193 -0.956462 0.00954814 0.291699 18.1511 0 1
-83.3597 -45.0218 92.8018 -0.956546 0.00911513 0.291439 18.2865 0 1
-83.308 -44.2751 92.9484 -0.956619 0.00866967 0.291212 18.2865 0 1
