-97.3846 -44.209 68.6318 -0.916255 0.00613652 0.400548 0 1 1
-97.1415 -44.9834 69.2001 -0.915751 0.0050645 0.401715 0.311936 0 1
-97.0766 -43.7683 69.3321 -0.915375 0.00420869 0.40258 0.429928 0 1
-97.3725 -43.3862 68.6471 -0.915153 0.00362381 0.403091 0.534643 0 1
-97.6727 -43.2022 67.9872 -0.915055 0.00328678 0.403317 0.686772 0 1
-97.5112 -42.1931 68.3449 -0.915011 0.0031058 0.403417 0.887415 0 1
-96.9298 -42.2516 69.6463 -0.914936 0.0029557 0.403587 1.08198 0 1
-96.7692 -43.5653 70.0363 -0.914761 0.00272604 0.403987 1.29091 0 1
-96.7876 -45.0393 70.015 -0.914459 0.00236022 0.404672 1.44368 0 1
-97.0214 -45.9431 69.4835 -0.914061 0.0018707 0.405572 1.66978 0 1
-97.6439 -45.5788 68.0622 -0.913652 0.00132933 0.406496 1.83125 0 1
-97.6956 -44.4359 67.9244 -0.913336 0.00084049 0.407205 1.9509 0 1
-97.6813 -43.5749 67.9645 -0.913208 0.000505941 0.407494 2.06862 0 1
-97.9832 -43.1519 67.3044 -0.913308 0.000393521 0.40727 2.22241 0 1
-97.9508 -42.0609 67.3786 -0.913609 0.000523132 0.406593 2.37134 0 1
-97.6592 -41.2736 68.021 -0.914024 0.000871931 0.405658 2.51938 0 1
-97.2295 -41.1689 68.9756 -0.914424 0.00138495 0.404756 2.72094 0 1
-96.6643 -41.4612 70.2544 -0.91467 0.00198014 0.404197 2.90765 0 1
-96.4851 -42.6913 70.6813 -0.914652 0.00255643 0.404233 3.15847 0 1
-96.4598 -44.4454 70.7614 -0.914317 0.00301816 0.404989 3.31724 0 1
-96.4845 -45.5641 70.7203 -0.913677 0.00330788 0.406429 3.54842 0 1
-96.9194 -46.766 69.7225 -0.912815 0.00342157 0.40836 3.79483 0 1
-97.6228 -46.7993 68.1335 -0.911866 0.0033936 0.410473 3.98113 0 1
-97.9828 -45.8306 67.314 -0.910993 0.00326689 0.41241 4.2248 0 1
-98.007 -44.0898 67.2431 -0.910348 0.00307307 0.413831 4.24208 0 1
-98.0035 -43.9654 67.2506 -0.910049 0.00283397 0.414492 4.35022 0 1
-98.3336 -44.0229 66.5467 -0.910144 0.0025759 0.414283 4.51251 0 1
-98.3508 -45.1818 66.5129 -0.910617 0.00233848 0.413244 4.69001 0 1
-98.3273 -46.4537 66.5772 -0.91139 0.00216681 0.411537 4.87396 0 1
-97.9853 -47.482 67.3278 -0.912351 0.00209214 0.409404 5.04098 0 1
-97.5023 -47.6463 68.408 -0.913373 0.00211571 0.407119 5.20831 0 1
-97.0233 -47.5887 69.4921 -0.914334 0.00220558 0.404954 5.39192 0 1
-96.5088 -47.4914 70.6753 -0.915124 0.0023063 0.403166 5.5506 0 1
-96.2195 -46.651 71.3414 -0.915646 0.00235605 0.401978 5.80799 0 1
-96.1572 -44.8566 71.4659 -0.915833 0.00230584 0.401553 5.96466 0 1
-96.1566 -43.7539 71.4524 -0.915652 0.00213586 0.401966 6.15971 0 1
-96.1797 -42.381 71.3841 -0.915117 0.00186246 0.403184 6.37982 0 1
-96.3391 -40.8947 71.0023 -0.914278 0.00153201 0.405083 6.5286 0 1
-96.72 -40.472 70.1257 -0.913219 0.00120343 0.407467 6.72281 0 1
-97.2746 -40.3654 68.8761 -0.91204 0.000927753 0.410101 6.98581 0 1
-98.0453 -40.5273 67.1822 -0.910854 0.000735299 0.412728 7.13487 0 1
-98.2814 -41.4149 66.6614 -0.909781 0.000634889 0.415089 7.28057 0 1
-98.2925 -42.4529 66.6306 -0.908938 0.000619384 0.416931 7.46405 0 1
-98.3248 -43.7607 66.5655 -0.908429 0.000668569 0.418038 7.5803 0 1
-98.6488 -43.4404 65.8723 -0.908327 0.000749935 0.418259 7.76119 0 1
-98.6884 -44.7294 65.7904 -0.908655 0.000827153 0.417547 7.93931 0 1
-98.6728 -46.0102 65.8337 -0.90938 0.00087874 0.415966 8.14774 0 1
-98.5971 -47.494 65.9996 -0.910423 0.00091268 0.413678 8.3407 0 1
-98.1473 -48.3862 66.9652 -0.911681 0.000961932 0.410898 8.47978 0 1
-97.7397 -48.4464 67.8786 -0.913049 0.00106444 0.407848 8.68741 0 1
-97.1405 -48.3967 69.2283 -0.914434 0.00124369 0.404733 8.90805 0 1
-96.5162 -48.3789 70.6545 -0.915746 0.00149878 0.401755 9.08571 0 1
-96.0339 -48.1038 71.7751 -0.916892 0.0018027 0.399131 9.25295 0 1
-95.8889 -46.9933 72.1124 -0.917773 0.00210752 0.397101 9.49924 0 1
-95.8622 -45.2708 72.1566 -0.918292 0.00235651 0.395896 9.64454 0 1
-95.8532 -44.2442 72.161 -0.91838 0.00250046 0.395692 9.85857 0 1
-95.855 -42.7242 72.1559 -0.918007 0.00251208 0.396556 10.0178 0 1
-95.8869 -41.6121 72.0796 -0.917197 0.0023939 0.398427 10.2517 0 1
-96.0225 -40.035 71.7207 -0.916022 0.00217635 0.401121 10.4266 0 1
-96.4895 -39.6414 70.6477 -0.914593 0.00190637 0.40437 10.6037 0 1
-96.9917 -39.5886 69.5046 -0.913036 0.00163011 0.407876 10.8294 0 1
-97.6471 -39.6398 68.0448 -0.911473 0.00137681 0.411358 11.0855 0 1
-98.4113 -39.7562 66.386 -0.910015 0.00115368 0.414573 11.2424 0 1
-98.6224 -40.7532 65.9266 -0.908761 0.000957231 0.417316 11.4453 0 1
-98.6217 -42.2022 65.9273 -0.907794 0.000792704 0.419416 11.5843 0 1
-98.636 -43.1941 65.8989 -0.907182 0.000681517 0.420738 11.6964 0 1
-98.9733 -43.3158 65.1822 -0.906965 0.00064597 0.421206 11.9376 0 1
-99.0467 -45.0391 65.0352 -0.907149 0.000683846 0.420808 12.1209 0 1
-99.0023 -46.3592 65.1335 -0.907712 0.000757872 0.419594 12.2712 0 1
-99.0171 -47.4424 65.1023 -0.908609 0.000812023 0.417647 12.5043 0 1
-98.7948 -49.0481 65.5646 -0.909786 0.000802608 0.415076 12.6497 0 1
-98.3604 -49.2729 66.5032 -0.911182 0.000721475 0.412003 12.7892 0 1
-97.9496 -49.2845 67.4178 -0.91273 0.00059825 0.408563 13.0326 0 1
-97.2428 -49.3318 69.0025 -0.914364 0.000483912 0.404894 13.2069 0 1
-96.7443 -49.2276 70.1283 -0.916023 0.000426226 0.401125 13.3999 0 1
-96.2044 -49.2577 71.3713 -0.917656 0.000446807 0.397376 13.5704 0 1
-95.7467 -48.9863 72.4455 -0.91921 0.00052617 0.393766 13.7218 0 1
-95.6005 -47.9925 72.7916 -0.920634 0.000603792 0.390425 13.9045 0 1
-95.5602 -46.7175 72.8868 -0.921861 0.000600189 0.38752 14.0512 0 1
-95.5691 -45.6926 72.872 -0.922803 0.000456274 0.385271 14.2301 0 1
-95.5674 -44.4492 72.8639 -0.923362 0.000168202 0.383931 14.3776 0 1
-95.556 -43.4169 72.8859 -0.923445 -0.000207163 0.383731 14.5914 0 1
-95.5524 -41.9242 72.888 -0.922996 -0.000582239 0.38481 14.7796 0 1
-95.5497 -40.6252 72.8863 -0.92201 -0.000883662 0.387166 14.9314 0 1
-95.6526 -39.6103 72.6334 -0.920544 -0.00108063 0.390638 15.0871 0 1
-95.9393 -38.8237 71.9497 -0.918711 -0.0011807 0.394929 15.3392 0 1
-96.6266 -38.6736 70.3304 -0.916661 -0.00120416 0.399664 15.5049 0 1
-97.1029 -38.7011 69.2562 -0.914558 -0.00116049 0.404453 15.6695 0 1
-97.5799 -38.699 68.1909 -0.912549 -0.00104159 0.408965 15.8203 0 1
-98.0285 -38.767 67.2114 -0.910743 -0.000830236 0.412973 16.0559 0 1
-98.7416 -38.7907 65.6917 -0.909193 -0.00051371 0.416375 16.2654 0 1
-99.0501 -40.0816 65.0178 -0.907899 -9.38586e-05 0.419189 16.4047 0 1
-99.0274 -41.0832 65.0628 -0.906813 0.000410145 0.421534 16.5753 0 1
-99.0278 -42.3073 65.0626 -0.905852 0.000965692 0.423594 16.662 0 1
-98.9671 -42.9105 65.194 -0.904919 0.00153437 0.425581 16.662 0 1
