98.7849 44.2136 72.395 0.911576 0.000152465 0.411089 0 1 1
99.1491 44.8282 71.5767 0.911616 -0.000315555 0.411042 0.368056 0 1
99.1533 43.3448 71.5692 0.911646 -0.000558857 0.410977 0.457907 0 1
98.8963 43.2105 72.1351 0.911655 -0.000525911 0.410957 0.553867 0 1
98.7891 43.8316 72.3803 0.911612 -0.000240251 0.411052 0.667201 0 1
98.4953 44.1648 73.0346 0.911503 0.000209694 0.411293 0.821094 0 1
98.521 45.2348 72.9711 0.911347 0.000694774 0.411639 0.984526 0 1
98.8585 46.0102 72.2106 0.911192 0.00107838 0.411982 1.16566 0 1
99.3615 45.7388 71.0879 0.911095 0.00125296 0.412194 1.39142 0 1
99.4725 44.1659 70.8664 0.911097 0.00117235 0.41219 1.59385 0 1
99.4617 42.7316 70.9004 0.911197 0.000869327 0.411969 1.73779 0 1
99.1966 41.9451 71.4802 0.911355 0.00044715 0.411622 1.90437 0 1
98.711 42.0908 72.5378 0.911503 4.41295e-05 0.411293 2.07804 0 1
98.5054 43.2101 73.003 0.911576 -0.000211407 0.411132 2.11065 0 1
98.5007 43.4392 73.0156 0.911522 -0.000232933 0.411252 2.2184 0 1
98.2001 43.5927 73.6927 0.911316 1.0856e-05 0.411709 2.36397 0 1
98.2184 42.5755 73.6417 0.91096 0.000491772 0.412495 2.52138 0 1
98.3083 41.4934 73.4252 0.910495 0.00112642 0.413519 2.68673 0 1
98.769 41.0959 72.4203 0.909999 0.00179794 0.414605 2.83972 0 1
99.2182 41.1467 71.4402 0.909577 0.00239097 0.415527 2.99867 0 1
99.6577 41.5049 70.4771 0.909328 0.00281967 0.41607 3.23611 0 1
99.7958 43.1357 70.1702 0.909317 0.00303699 0.416094 3.42447 0 1
99.7844 44.4647 70.1932 0.90956 0.00303463 0.415562 3.61609 0 1
99.7233 45.8145 70.282 0.910029 0.00284635 0.414534 3.80078 0 1
99.3857 46.8556 71.0381 0.910665 0.0025519 0.413138 4.04175 0 1
98.6941 46.874 72.5776 0.911385 0.00226703 0.411548 4.21144 0 1
98.2757 46.304 73.5101 0.912089 0.00210924 0.409986 4.39704 0 1
98.2046 45.0249 73.6854 0.912664 0.0021474 0.408705 4.57771 0 1
98.1989 43.7623 73.6971 0.912996 0.00236411 0.407962 4.68255 0 1
97.9021 43.8 74.3662 0.912995 0.00265964 0.407962 4.9295 0 1
97.8934 45.5259 74.384 0.912622 0.00289765 0.408794 5.14674 0 1
97.9687 47.0323 74.2064 0.911911 0.00296546 0.410377 5.29042 0 1
98.2924 47.5888 73.4478 0.910971 0.0028187 0.412462 5.45863 0 1
98.7737 47.6832 72.3823 0.90996 0.00249399 0.414689 5.64518 0 1
99.3106 47.6972 71.2044 0.909042 0.00208847 0.4167 5.81228 0 1
99.7884 47.5188 70.1591 0.908344 0.00171741 0.418221 5.99222 0 1
100.024 46.3734 69.6593 0.90794 0.00146912 0.419098 6.1608 0 1
100.092 45.1863 69.5216 0.907858 0.00137484 0.419276 6.39036 0 1
100.108 43.5651 69.5025 0.908094 0.00140281 0.418764 6.56483 0 1
100.097 42.3382 69.5155 0.908619 0.00147736 0.417623 6.72628 0 1
100.045 41.2082 69.6326 0.909382 0.0015149 0.415959 6.87653 0 1
99.7369 40.4643 70.3147 0.910311 0.00146097 0.413923 7.08389 0 1
99.1349 40.2946 71.6306 0.911316 0.00131127 0.411705 7.32595 0 1
98.4266 40.3555 73.1748 0.912292 0.00110972 0.409538 7.47328 0 1
98.0211 40.6907 74.0705 0.913124 0.00093085 0.407681 7.63363 0 1
97.9132 41.7932 74.3193 0.913702 0.000857235 0.406383 7.82671 0 1
97.9059 43.1461 74.3498 0.913952 0.000954966 0.405821 7.93299 0 1
97.6076 43.0513 75.0252 0.913849 0.00124574 0.406052 8.08453 0 1
97.6086 41.9945 75.0258 0.913423 0.00168422 0.407009 8.36582 0 1
97.7301 40.0685 74.746 0.91274 0.00216072 0.408536 8.56738 0 1
98.2633 39.586 73.5383 0.911879 0.0025389 0.410452 8.72818 0 1
98.7341 39.5132 72.5094 0.910906 0.00271033 0.412605 8.96755 0 1
99.4379 39.5293 70.9783 0.909865 0.00263386 0.414896 9.1251 0 1
99.8981 39.6496 69.9795 0.908783 0.00234372 0.417263 9.27565 0 1
100.308 40.0201 69.083 0.907692 0.0019336 0.419633 9.48194 0 1
100.389 41.4463 68.888 0.906654 0.00153235 0.421873 9.64311 0 1
100.43 42.5677 68.8029 0.905769 0.00127713 0.423769 9.85571 0 1
100.428 44.0578 68.8244 0.905166 0.00128045 0.425057 10.0314 0 1
100.427 45.2797 68.8274 0.904966 0.00159161 0.425481 10.1756 0 1
100.394 46.2877 68.8909 0.905244 0.0021669 0.424886 10.3214 0 1
100.362 47.3163 68.9657 0.905998 0.00286961 0.423271 10.4717 0 1
100.144 48.2467 69.4227 0.907142 0.00350963 0.420809 10.6815 0 1
99.5156 48.4805 70.7409 0.908532 0.00391021 0.417797 10.8697 0 1
98.9633 48.469 71.9449 0.910007 0.00397201 0.414574 11.0656 0 1
98.4002 48.448 73.1888 0.911432 0.00370381 0.411434 11.2115 0 1
97.9977 48.3653 74.1219 0.912719 0.00320512 0.408574 11.4163 0 1
97.6288 47.3154 74.9871 0.913829 0.00261203 0.406092 11.6362 0 1
97.5996 45.8065 75.0593 0.914742 0.00203913 0.404033 11.8833 0 1
97.6047 44.0815 75.0425 0.915439 0.00155189 0.402454 11.9285 0 1
97.6039 43.7671 75.0412 0.915878 0.00117911 0.401455 12.0559 0 1
97.2614 43.5154 75.8208 0.916011 0.00094424 0.401153 12.2011 0 1
97.2895 42.5131 75.7608 0.915808 0.000883407 0.401615 12.3485 0 1
97.2989 41.4937 75.7418 0.915284 0.00103273 0.402809 12.506 0 1
97.2874 40.4044 75.7761 0.914498 0.00139282 0.404589 12.6784 0 1
97.4929 39.331 75.2983 0.91354 0.00189735 0.406745 12.9105 0 1
98.0798 38.6811 73.9471 0.912501 0.00241325 0.409067 13.0552 0 1
98.5023 38.7363 73.0204 0.911453 0.00277886 0.411394 13.278 0 1
99.1526 38.5386 71.6103 0.910435 0.00286175 0.413643 13.5424 0 1
99.9207 38.8029 69.9459 0.909451 0.00260844 0.415802 13.7195 0 1
100.44 38.903 68.8204 0.908487 0.00206561 0.417908 13.8694 0 1
100.706 39.7234 68.2223 0.907523 0.00136566 0.420001 14.0413 0 1
100.76 40.9218 68.0892 0.906562 0.000684134 0.422073 14.2197 0 1
100.795 42.1778 68.0219 0.90565 0.000189963 0.424026 14.4106 0 1
100.791 43.5217 68.0432 0.90488 8.70545e-06 0.425666 14.5681 0 1
100.762 44.6266 68.121 0.904379 0.000202472 0.42673 14.8191 0 1
100.736 46.3822 68.1832 0.904275 0.000757487 0.42695 14.9653 0 1
100.773 47.4101 68.1195 0.904656 0.00157804 0.42614 15.1635 0 1
100.63 48.7694 68.4132 0.905528 0.00249854 0.42428 15.3135 0 1
100.215 49.2494 69.2662 0.906805 0.00332119 0.421537 15.524 0 1
99.5737 49.2383 70.6112 0.908331 0.00386825 0.418233 15.693 0 1
99.076 49.4399 71.6732 0.909922 0.00402562 0.414759 15.9047 0 1
98.4657 49.2525 73.0224 0.911415 0.00375943 0.411472 16.1724 0 1
97.7165 49.1944 74.7483 0.912698 0.00310388 0.408624 16.3723 0 1
97.3439 48.216 75.6419 0.913721 0.00213263 0.406336 16.6096 0 1
97.2651 46.6193 75.8273 0.914493 0.000930203 0.404601 16.7607 0 1
97.2854 45.5761 75.7822 0.915064 -0.000425135 0.403309 16.9092 0 1
97.2756 44.5408 75.7978 0.915513 -0.0018649 0.402285 16.9419 0 1
97.2752 44.3139 75.7972 0.915928 -0.00332555 0.401328 16.9419 0 1
