92.9616 38.5867 84.471 0.857526 -0.00201666 0.514414 0 1 0
93.155 39.902 84.1495 0.85719 -0.00246842 0.514995 0.390759 0 0
93.2049 40.9807 84.0706 0.857017 -0.00293597 0.51528 0.6123 0 0
93.5944 42.1556 83.4374 0.857035 -0.00341822 0.515247 0.81245 0 0
93.6871 40.9153 83.2797 0.857195 -0.00389107 0.514977 0.987234 0 0
93.497 39.8752 83.5835 0.857404 -0.00430045 0.514625 1.18513 0 0
93.1096 38.8762 84.2245 0.85756 -0.00457117 0.514363 1.20369 0 0
93.072 38.7857 84.287 0.857584 -0.00462775 0.514323 1.33356 0 0
93.3599 38.2039 83.7972 0.857438 -0.00441772 0.514569 1.5448 0 0
92.8854 37.2302 84.5798 0.857124 -0.00393334 0.515095 1.70416 0 0
92.5505 36.4576 85.1293 0.856679 -0.00322903 0.51584 1.8696 0 0
92.3645 37.4363 85.4516 0.856161 -0.00242413 0.516704 2.06458 0 0
92.4697 38.6438 85.2824 0.855638 -0.00168033 0.517571 2.24059 0 0
92.5394 39.7382 85.166 0.85518 -0.00115704 0.518331 2.49228 0 0
92.7654 41.2514 84.7935 0.85484 -0.000965179 0.51889 2.7631 0 0
93.1509 42.7706 84.1541 0.854655 -0.00114062 0.519195 2.94326 0 0
93.6767 43.2677 83.2906 0.854629 -0.00164266 0.519237 3.13347 0 0
94.1016 42.3851 82.6061 0.854737 -0.00236708 0.519056 3.29212 0 0
94.1701 41.4001 82.4917 0.85493 -0.00316347 0.518733 3.45163 0 0
94.045 40.4237 82.6888 0.855144 -0.00385673 0.518376 3.7057 0 0
93.654 39.006 83.3134 0.855306 -0.00427741 0.518105 3.76442 0 0
93.5607 38.6785 83.4631 0.855354 -0.00429841 0.518026 3.89156 0 0
93.9241 38.2877 82.8574 0.855245 -0.00386558 0.518209 4.08998 0 0
94.2233 39.4071 82.3776 0.854959 -0.00301006 0.518686 4.32541 0 0
94.5484 40.7626 81.8632 0.854506 -0.00183925 0.519438 4.50912 0 0
94.6252 41.9097 81.7447 0.853926 -0.000512202 0.520394 4.68016 0 0
94.4999 42.9572 81.954 0.853298 0.000797891 0.521422 4.85451 0 0
94.1759 43.8601 82.4701 0.852743 0.00195451 0.522327 5.10885 0 0
93.3478 44.1174 83.8157 0.852415 0.00291388 0.522858 5.31899 0 0
92.7772 43.3898 84.7551 0.852483 0.00376135 0.522741 5.49932 0 0
92.5222 42.3841 85.1783 0.853101 0.00469973 0.521724 5.6871 0 0
92.2785 41.3139 85.5849 0.854376 0.00598165 0.519621 5.88536 0 0
92.0804 40.1359 85.9126 0.856355 0.00781037 0.516329 6.09108 0 0
92.0243 38.8547 86.0133 0.859029 0.0102515 0.511824 6.25546 0 0
91.9909 37.8289 86.0673 0.862345 0.01319 0.50615 6.48057 0 0
91.929 36.4136 86.1854 0.866201 0.0163455 0.499429 6.6471 0 0
91.7923 35.4084 86.4402 0.870449 0.0193367 0.491878 6.92182 0 0
91.3793 33.9407 87.2604 0.874903 0.0217785 0.483808 7.1169 0 0
91.1189 32.8863 87.7914 0.879354 0.0233802 0.475594 7.28694 0 0
90.9485 31.9177 88.177 0.883603 0.0240112 0.467621 7.45943 0 0
90.8208 30.9134 88.4869 0.887481 0.0237133 0.460234 7.71386 0 0
90.6907 29.3932 88.8623 0.890864 0.022666 0.453705 7.88149 0 0
90.5397 28.4654 89.2306 0.893669 0.0211229 0.44823 8.05367 0 0
90.3855 27.511 89.6018 0.895854 0.0193465 0.443927 8.26215 0 0
90.2174 26.3297 89.9882 0.897412 0.0175618 0.440844 8.45594 0 0
90.239 25.1604 89.9786 0.898358 0.0159371 0.438974 8.65727 0 0
90.5365 24.1461 89.3798 0.898716 0.0145788 0.438288 8.87533 0 0
91.0756 23.711 88.2514 0.898494 0.0135286 0.438776 9.06412 0 0
91.4897 24.3666 87.3822 0.897683 0.012763 0.440456 9.33906 0 0
91.7685 25.9204 86.7611 0.896266 0.0121968 0.44335 9.5067 0 0
91.7619 26.9686 86.7463 0.894236 0.0116873 0.447442 9.7851 0 0
91.745 28.7132 86.7545 0.891621 0.0110494 0.452647 9.95901 0 0
91.7831 29.781 86.6508 0.888488 0.0100936 0.458788 10.131 0 0
91.8948 30.81 86.3942 0.884955 0.00868284 0.465596 10.2995 0 0
92.1106 31.7769 85.9881 0.881183 0.00678199 0.472727 10.5047 0 0
92.3142 32.9921 85.6106 0.877363 0.00447401 0.479806 10.6775 0 0
92.4931 33.9905 85.2505 0.873686 0.00193728 0.486486 10.8582 0 0
92.7304 35.0216 84.8292 0.870313 -0.000599984 0.492498 11.0771 0 0
93.0512 36.2376 84.2813 0.867354 -0.00290725 0.497684 11.2363 0 0
93.3885 37.0075 83.7297 0.864857 -0.00478777 0.501996 11.3894 0 0
93.7296 37.716 83.1705 0.86281 -0.00610061 0.505491 11.5216 0 0
94.0278 37.1301 82.6569 0.861149 -0.00677124 0.508308 11.7066 0 0
94.365 38.1063 82.1155 0.859772 -0.00679275 0.510633 11.8735 0 0
94.5967 39.0678 81.7515 0.858568 -0.00621902 0.512662 12.0507 0 0
94.8659 40.0652 81.3235 0.857439 -0.0051517 0.51456 12.2259 0 0
95.0596 41.1089 81.0159 0.856316 -0.00372393 0.516439 12.3868 0 0
95.052 42.1234 81.0367 0.855173 -0.0020844 0.518339 12.5746 0 0
94.9164 43.2776 81.2648 0.854029 -0.000383034 0.520226 12.8753 0 0
94.3469 44.8247 82.1886 0.852949 0.00124691 0.521993 13.0964 0 0
93.6391 45.1931 83.3296 0.852039 0.00271935 0.523471 13.2601 0 0
93.1169 44.9382 84.1806 0.851439 0.00403486 0.524439 13.43 0 0
92.6252 44.4424 84.9852 0.851303 0.00530565 0.524647 13.659 0 0
92.205 43.2679 85.6708 0.851773 0.00674151 0.523867 13.8262 0 0
92.0128 42.2922 85.9906 0.852939 0.00859109 0.52194 14.0093 0 0
91.7637 41.2544 86.4088 0.85483 0.0110555 0.51879 14.2369 0 0
91.5759 39.8822 86.7326 0.857425 0.0142034 0.514413 14.4445 0 0
91.5694 38.5812 86.7523 0.860666 0.0179167 0.508854 14.701 0 0
91.5364 36.969 86.846 0.864467 0.0218874 0.502213 14.899 0 0
91.3731 35.7902 87.1666 0.868701 0.0256727 0.494672 15.1233 0 0
91.0649 34.5574 87.7827 0.873197 0.0287991 0.486516 15.2929 0 0
90.8157 33.662 88.2819 0.877753 0.0308878 0.478116 15.4546 0 0
90.6497 32.7482 88.6851 0.882163 0.0317523 0.469872 15.6363 0 0
90.493 31.7202 89.0605 0.88625 0.031426 0.46214 15.8093 0 0
90.4282 30.6824 89.3048 0.889891 0.0301122 0.455178 15.9997 0 0
90.3176 29.5925 89.6093 0.893022 0.028093 0.449135 16.2521 0 0
90.1163 28.1805 90.1295 0.895621 0.0256467 0.444079 16.4285 0 0
89.9487 27.2168 90.5138 0.897693 0.0230003 0.440021 16.6586 0 0
89.8206 25.8759 90.8273 0.899257 0.0203231 0.436948 16.8255 0 0
89.8528 24.8693 90.7901 0.900334 0.0177437 0.434837 17.1086 0 0
90.2833 23.4465 89.9489 0.900937 0.0153622 0.433678 17.2785 0 0
90.652 22.8728 89.1879 0.901067 0.0132422 0.433478 17.4441 0 0
91.0626 22.6734 88.2947 0.900711 0.0113935 0.434269 17.6088 0 0
91.4612 23.1186 87.4659 0.899847 0.00977457 0.436096 17.7764 0 0
91.7989 23.7876 86.7537 0.898449 0.00831599 0.439 17.955 0 0
92.0812 24.6591 86.1416 0.896495 0.00694209 0.442999 18.1509 0 0
92.1665 25.8649 85.9599 0.893987 0.00557577 0.448059 18.4474 0 0
92.1127 27.7252 86.0288 0.890962 0.00413804 0.45406 18.702 0 0
92.1561 29.316 85.9091 0.887509 0.00255805 0.460783 18.9014 0 0
92.305 30.5298 85.6059 0.883771 0.000794329 0.467918 19.1416 0 0
92.5906 31.9411 85.0965 0.879927 -0.00114186 0.475108 19.3706 0 0
92.8275 33.2932 84.6718 0.876158 -0.00317178 0.482014 19.5703 0 0
93.0569 34.4522 84.2588 0.872619 -0.00515231 0.488375 19.7387 0 0
93.2824 35.4006 83.8676 0.869423 -0.00690144 0.494021 20.0151 0 0
93.8683 36.7591 82.9149 0.866641 -0.00824036 0.498864 20.0262 0 0
93.8932 36.81 82.874 0.864308 -0.00903719 0.502882 20.1626 0 0
94.1374 36.1085 82.4402 0.862416 -0.00923556 0.506115 20.4205 0 0
94.6646 37.392 81.5984 0.860913 -0.0088598 0.508675 20.6137 0 0
94.9249 38.5068 81.1918 0.859702 -0.00799873 0.510734 20.8346 0 0
95.2835 39.7319 80.6265 0.858666 -0.00677743 0.512491 20.9977 0 0
95.4856 40.6859 80.3036 0.857699 -0.00532675 0.514125 21.1565 0 0
95.5314 41.6827 80.2376 0.856722 -0.0037598 0.515764 21.3208 0 0
95.4501 42.7013 80.3746 0.855697 -0.00216057 0.517473 21.543 0 0
95.221 44.0321 80.757 0.854617 -0.000584091 0.519259 21.7477 0 0
94.8631 45.134 81.3523 0.853504 0.000938536 0.521085 21.9534 0 0
94.3037 45.8801 82.251 0.852413 0.00239666 0.522864 22.1119 0 0
93.7947 46.1404 83.0711 0.851434 0.0038017 0.524447 22.2711 0 0
93.2772 45.9651 83.9108 0.850704 0.00519418 0.52562 22.4464 0 0
92.7353 45.5998 84.7931 0.85038 0.0066529 0.526127 22.6191 0 0
92.2355 45.0889 85.5958 0.850616 0.00830057 0.525722 22.883 0 0
91.7774 43.6984 86.3449 0.851525 0.0102986 0.524214 23.0468 0 0
91.6143 42.7281 86.6182 0.853167 0.0128186 0.52148 23.3279 0 0
91.202 41.1609 87.309 0.85556 0.015979 0.517458 23.6176 0 0
91.0996 39.3632 87.5108 0.858671 0.019762 0.512146 23.8778 0 0
91.1482 37.7379 87.4815 0.862417 0.0239574 0.505631 24.0639 0 0
91.0711 36.589 87.6487 0.866652 0.0281758 0.498116 24.2246 0 0
90.8878 35.6753 88.0254 0.871185 0.0319315 0.489915 24.4396 0 0
90.5575 34.5604 88.6799 0.875809 0.034761 0.481404 24.6043 0 0
90.3571 33.6607 89.1266 0.880333 0.0363377 0.472962 24.8006 0 0
90.1599 32.5791 89.6358 0.884602 0.0365496 0.464912 24.9945 0 0
90.0918 31.4315 89.902 0.888495 0.0355111 0.45751 25.1647 0 0
90.0342 30.4316 90.1248 0.891929 0.0334998 0.450934 25.3364 0 0
89.929 29.4566 90.4202 0.894855 0.0308498 0.44529 25.5311 0 0
89.7616 28.3893 90.8529 0.897263 0.0278554 0.440617 25.7277 0 0
89.592 27.3111 91.2554 0.899174 0.024724 0.436893 25.9818 0 0
89.4683 25.8284 91.5619 0.90063 0.021577 0.43405 26.1585 0 0
89.4909 24.7626 91.5525 0.901679 0.0184827 0.432011 26.359 0 0
89.6832 23.6274 91.198 0.902346 0.0154986 0.430734 26.6418 0 0
90.2296 22.4616 90.1028 0.902622 0.0126952 0.430246 26.8456 0 0
90.6786 21.8501 89.1438 0.902473 0.0101416 0.430626 27.1015 0 0
91.3442 21.8915 87.7259 0.901869 0.00786394 0.431938 27.308 0 0
91.7918 22.6178 86.7888 0.900811 0.00581627 0.434173 27.624 0 0
92.3753 23.9619 85.5126 0.899335 0.00389385 0.437242 27.7948 0 0
92.5424 24.9836 85.1825 0.897484 0.00198101 0.441042 28.0303 0 0
92.5273 26.4808 85.221 0.895273 -1.73333e-06 0.445518 28.1976 0 0
92.4908 27.544 85.2766 0.892693 -0.00208123 0.45066 28.4731 0 0
92.5635 29.2783 85.1237 0.889749 -0.00424835 0.45643 28.64 0 0
92.726 30.2678 84.7993 0.886501 -0.00648466 0.46268 28.805 0 0
92.9035 31.2644 84.5013 0.883071 -0.00876816 0.469157 29.0281 0 0
93.1476 32.5759 84.0652 0.879613 -0.011045 0.475562 29.2083 0 0
93.3356 33.6565 83.7615 0.876273 -0.0131888 0.481634 29.4056 0 0
93.5883 34.7797 83.3239 0.873165 -0.0149898 0.487195 29.6224 0 0
94.029 35.8818 82.6186 0.870363 -0.0162023 0.492145 29.7645 0 0
94.2316 35.0998 82.2395 0.867909 -0.0166318 0.496445 29.9575 0 0
94.6782 35.9498 81.5094 0.865809 -0.016211 0.500111 30.1524 0 0
95.0347 36.9659 80.9326 0.864033 -0.0150196 0.503212 30.3098 0 0
95.2614 37.8886 80.6185 0.862513 -0.0132443 0.505862 30.5129 0 0
95.5941 38.9999 80.0956 0.861165 -0.0111116 0.508203 30.7154 0 0
95.8702 40.1658 79.6605 0.859905 -0.00882943 0.510378 30.9124 0 0
95.9599 41.3829 79.5106 0.858665 -0.00655486 0.512496 31.1814 0 0
95.9179 43.0679 79.5933 0.857406 -0.00438656 0.514621 31.373 0 0
95.6683 44.1723 80.0131 0.856117 -0.00237397 0.516776 31.5834 0 0
95.3403 45.3459 80.5618 0.854806 -0.000533391 0.518948 31.7565 0 0
94.954 46.16 81.1957 0.853498 0.0011387 0.521095 31.9215 0 0
94.5003 46.7466 81.9261 0.852237 0.00266074 0.523149 32.1011 0 0
93.9244 47.0503 82.8555 0.85108 0.00407048 0.52502 32.2902 0 0
93.2984 46.9528 83.8641 0.850097 0.00543744 0.526598 32.4634 0 0
92.7698 46.5456 84.7228 0.849361 0.00687983 0.527767 32.6501 0 0
92.1937 46.1328 85.646 0.848963 0.00857762 0.528383 32.9376 0 0
91.4859 44.9455 86.7876 0.849029 0.0107649 0.528237 33.2278 0 0
91.2123 43.2178 87.2475 0.849738 0.0136788 0.527027 33.388 0 0
90.9773 42.3264 87.6415 0.851297 0.0174607 0.524394 33.6528 0 0
90.691 40.7698 88.1359 0.853859 0.0220484 0.520037 33.8893 0 0
90.6788 39.2905 88.1984 0.857451 0.0271264 0.513849 34.094 0 0
90.6862 38.014 88.2392 0.861934 0.0321793 0.505999 34.3893 0 0
90.5424 36.2198 88.5878 0.867032 0.0366226 0.496904 34.5518 0 0
90.2677 35.4008 89.1067 0.872421 0.0399483 0.48712 34.7405 0 0
90.0453 34.3753 89.626 0.877799 0.0418313 0.4772 34.9926 0 0
89.7837 33.0409 90.3296 0.882938 0.0421769 0.467591 35.1611 0 0
89.7125 32.0699 90.592 0.887684 0.0411118 0.458614 35.4875 0 0
89.6438 30.1507 90.9422 0.891928 0.0389266 0.450498 35.6664 0 0
89.4957 29.1724 91.3265 0.895591 0.0359872 0.443421 35.8363 0 0
89.3042 28.2996 91.8077 0.898623 0.0326432 0.437506 36.013 0 0
89.1807 27.3193 92.1212 0.901021 0.0291615 0.432794 36.1897 0 0
89.1421 26.2858 92.2595 0.902832 0.0256984 0.429225 36.4019 0 0
89.0855 25.0547 92.4325 0.90414 0.0223147 0.426654 36.5803 0 0
89.1894 24.0195 92.2504 0.905043 0.019018 0.424894 36.8604 0 0
89.5715 22.5982 91.4709 0.905629 0.0158075 0.423777 37.0431 0 0
89.9394 21.8798 90.7278 0.90595 0.012695 0.423195 37.2145 0 0
90.3157 21.321 89.9472 0.906019 0.00970612 0.423126 37.3854 0 0
90.7035 20.8586 89.1088 0.905816 0.00687994 0.423615 37.6275 0 0
91.3276 20.9137 87.7528 0.905309 0.0042757 0.424731 37.7888 0 0
91.7264 21.2768 86.9123 0.904472 0.00196883 0.426529 38.0019 0 0
92.1576 22.118 85.9963 0.903302 1.91477e-05 0.429006 38.2303 0 0
92.603 23.0697 85.0252 0.901825 -0.00157986 0.432098 38.4211 0 0
92.8509 24.1511 84.5208 0.900085 -0.00293388 0.435705 38.5816 0 0
92.931 25.1601 84.3767 0.89811 -0.00422401 0.439751 38.7544 0 0
92.9168 26.2563 84.4293 0.895899 -0.00561925 0.444221 38.9224 0 0
92.8775 27.3255 84.5197 0.893423 -0.00716603 0.449159 39.1021 0 0
92.8895 28.4617 84.4873 0.890654 -0.00872424 0.454599 39.2862 0 0
93.0388 29.5821 84.1966 0.887615 -0.00999592 0.460478 39.4612 0 0
93.2177 30.6329 83.8685 0.884417 -0.0106347 0.466576 39.6696 0 0
93.4938 31.8314 83.3758 0.881262 -0.0103797 0.472513 39.8512 0 0
93.6235 32.9683 83.1935 0.878416 -0.00914845 0.477809 40.0543 0 0
93.892 34.148 82.788 0.876152 -0.00705072 0.481983 40.2048 0 0
94.1527 34.9543 82.369 0.874701 -0.00432886 0.484644 40.7826 0 0
92.3769 35.6705 85.4283 0.874205 -0.00127625 0.485555 40.94 0 0
92.2499 34.7037 85.6624 0.874709 0.00182219 0.484646 41.0801 0 0
92.2583 35.5858 85.6331 0.876153 0.00472069 0.48201 41.397 0 0
91.804 33.8224 86.4972 0.878392 0.00723083 0.477886 41.5613 0 0
91.8082 32.7934 86.5404 0.881207 0.00923643 0.47264 41.7257 0 0
91.671 31.8196 86.7978 0.884338 0.0107039 0.466725 41.9002 0 0
91.4764 30.8172 87.2119 0.887515 0.0116868 0.460631 42.081 0 0
91.1642 29.9562 87.8658 0.890496 0.0123231 0.454824 42.2569 0 0
91.4073 28.9957 87.4321 0.893086 0.0128129 0.449703 42.4526 0 0
91.3866 27.8034 87.5024 0.895142 0.0133644 0.445581 42.6785 0 0
91.3792 26.4192 87.5539 0.896563 0.0141236 0.442691 42.8478 0 0
91.3184 25.3834 87.7174 0.89728 0.015125 0.441202 43.0934 0 0
90.6838 25.0773 89.0504 0.89725 0.0162982 0.441222 43.3895 0 0
90.6334 26.872 89.1087 0.896462 0.0175187 0.442774 43.5629 0 0
90.8261 27.8077 88.6835 0.89495 0.0186661 0.445776 43.7301 0 0
90.9677 28.7411 88.3391 0.892788 0.0196607 0.450048 43.9305 0 0
91.0917 29.892 88.0139 0.890081 0.0204721 0.455342 44.1349 0 0
91.255 31.0764 87.6304 0.886945 0.0211105 0.461393 44.3033 0 0
91.415 32.0415 87.267 0.883493 0.021614 0.467946 44.4662 0 0
91.5879 33.0025 86.9314 0.879837 0.0220361 0.474765 44.5712 0 0
91.7289 33.5692 86.6432 0.876081 0.0224364 0.481625 44.5712 0 0
