-99.4472 44.4353 71.5532 -0.914863 -0.0106645 0.403614 0 1 1
-99.1232 45.3004 72.319 -0.915011 -0.0103167 0.403298 0.303248 0 1
-99.03 44.3657 72.5061 -0.915134 -0.00996719 0.403027 0.43982 0 1
-98.8622 43.4799 72.8655 -0.915258 -0.00963705 0.402753 0.578749 0 1
-99.1296 42.7622 72.2399 -0.915411 -0.009354 0.402413 0.798267 0 1
-99.4441 44.134 71.5542 -0.915603 -0.00913823 0.401979 0.899607 0 1
-99.7004 43.7992 70.9683 -0.91582 -0.00899852 0.401489 1.06149 0 1
-99.6377 42.6505 71.0871 -0.91602 -0.00894203 0.401033 1.22052 0 1
-99.3107 41.8363 71.8094 -0.916157 -0.00898374 0.400718 1.38805 0 1
-98.8355 42.0229 72.8913 -0.916188 -0.00914192 0.400645 1.61666 0 1
-98.6036 43.5354 73.4651 -0.916077 -0.00942084 0.400892 1.76279 0 1
-98.6453 44.5713 73.3995 -0.915806 -0.00979185 0.401501 1.92817 0 1
-98.7389 45.7272 73.2155 -0.915387 -0.0101844 0.402446 2.07124 0 1
-99.0987 46.1998 72.4048 -0.914876 -0.0104972 0.403599 2.22737 0 1
-99.5315 46.0068 71.4191 -0.914372 -0.0106301 0.404735 2.37841 0 1
-99.6785 45.0164 71.0465 -0.914 -0.0105219 0.405577 2.42381 0 1
-99.7098 44.703 70.965 -0.913872 -0.0101686 0.405876 2.52691 0 1
-99.9947 44.4612 70.3264 -0.914042 -0.00961405 0.405506 2.71243 0 1
-99.9719 45.789 70.4277 -0.914486 -0.00892863 0.404519 2.90211 0 1
-99.6618 46.8872 71.1536 -0.915099 -0.00819313 0.403146 3.14967 0 1
-98.9467 46.9664 72.7491 -0.915723 -0.00749148 0.40174 3.33505 0 1
-98.4843 46.3446 73.8111 -0.9162 -0.00690571 0.400663 3.55532 0 1
-98.354 44.8292 74.085 -0.916409 -0.00650989 0.400189 3.83041 0 1
-98.3162 42.8827 74.1293 -0.916298 -0.00636126 0.400446 3.99536 0 1
-98.3604 41.7204 74.0166 -0.915878 -0.00648636 0.401405 4.24282 0 1
-98.9816 41.0384 72.5435 -0.915214 -0.00686764 0.40291 4.39249 0 1
-99.4109 41.0396 71.5679 -0.914406 -0.00743995 0.40473 4.63443 0 1
-99.9404 42.1987 70.4024 -0.913567 -0.00809869 0.406608 4.79662 0 1
-99.9822 43.3604 70.3334 -0.912803 -0.00871311 0.408307 4.89041 0 1
-99.9912 44.0297 70.3261 -0.912204 -0.00914296 0.409635 4.99138 0 1
-100.289 44.028 69.668 -0.911836 -0.00926546 0.41045 5.13457 0 1
-100.305 45.0636 69.6856 -0.911746 -0.00901393 0.410656 5.30797 0 1
-100.285 46.2956 69.7617 -0.911956 -0.00840988 0.410201 5.4745 0 1
-100.125 47.4062 70.1408 -0.912464 -0.00756098 0.409088 5.63526 0 1
-99.6705 47.6996 71.1523 -0.913236 -0.00661886 0.407378 5.79402 0 1
-99.2086 47.7513 72.1809 -0.914211 -0.00572539 0.405198 5.94428 0 1
-98.7717 47.7216 73.1453 -0.915297 -0.00498255 0.402748 6.08621 0 1
-98.3726 47.5822 74.0609 -0.916376 -0.00445254 0.400293 6.2519 0 1
-98.1143 46.6163 74.659 -0.917314 -0.00416812 0.398143 6.46325 0 1
-98.0717 45.1319 74.7548 -0.917985 -0.00413612 0.396593 6.68859 0 1
-98.0406 43.5516 74.7974 -0.9183 -0.00433602 0.395861 6.87739 0 1
-98.0345 42.2215 74.7964 -0.918226 -0.00472375 0.396028 7.02727 0 1
-98.0615 41.1704 74.7277 -0.917783 -0.00524406 0.397047 7.25563 0 1
-98.5811 40.3016 73.489 -0.917028 -0.00584467 0.398779 7.44966 0 1
-99.102 40.2181 72.2472 -0.916035 -0.00648409 0.401045 7.65677 0 1
-99.7058 40.2884 70.8937 -0.914892 -0.00713221 0.403635 7.8372 0 1
-100.19 40.8249 69.8231 -0.913705 -0.0077696 0.406303 7.97911 0 1
-100.251 41.8338 69.7033 -0.912596 -0.00838681 0.408777 8.13078 0 1
-100.275 42.924 69.6748 -0.911694 -0.00897672 0.410771 8.18885 0 1
-100.279 43.3406 69.6757 -0.911122 -0.00951612 0.412027 8.29783 0 1
-100.585 43.6192 69.0098 -0.910974 -0.00994817 0.412344 8.44806 0 1
-100.575 42.5273 69.0038 -0.911297 -0.0101846 0.411624 8.58646 0 1
-100.565 41.5237 69.002 -0.912071 -0.0101347 0.409907 8.73631 0 1
-100.533 40.4421 69.0481 -0.913209 -0.00974867 0.407375 8.88326 0 1
-100.249 39.6173 69.6635 -0.914567 -0.00904785 0.404333 9.10869 0 1
-99.5853 39.4473 71.1398 -0.915977 -0.00812141 0.401149 9.26652 0 1
-99.1244 39.3942 72.1723 -0.917277 -0.00708725 0.398187 9.43745 0 1
-98.6534 39.471 73.3079 -0.918341 -0.00604365 0.395743 9.58637 0 1
-98.2563 39.5085 74.2612 -0.919092 -0.00504593 0.39401 9.82401 0 1
-97.7828 40.6221 75.3954 -0.919498 -0.00412039 0.393073 9.98682 0 1
-97.7397 41.7582 75.499 -0.919557 -0.00329806 0.392942 10.1481 0 1
-97.759 42.8843 75.4583 -0.919289 -0.00264095 0.393575 10.3363 0 1
-97.7688 44.2043 75.4497 -0.918723 -0.00224399 0.394897 10.4976 0 1
-97.7796 45.3374 75.4453 -0.917907 -0.00220951 0.396791 10.6682 0 1
-97.7892 46.5283 75.4144 -0.916905 -0.00260502 0.399097 10.8614 0 1
-97.8585 47.8752 75.24 -0.915795 -0.0034275 0.401632 11.0323 0 1
-98.2949 48.3823 74.2357 -0.914648 -0.00459706 0.404226 11.1896 0 1
-98.7417 48.4814 73.2202 -0.913515 -0.00598194 0.406762 11.3449 0 1
-99.1977 48.503 72.2135 -0.91242 -0.00743561 0.409188 11.4938 0 1
-99.6376 48.5041 71.2525 -0.911368 -0.00882547 0.411497 11.6371 0 1
-100.057 48.4745 70.3274 -0.910362 -0.0100447 0.413691 11.7877 0 1
-100.468 48.102 69.4084 -0.909413 -0.0110106 0.415749 11.9436 0 1
-100.599 47.0352 69.0824 -0.908548 -0.0116636 0.417618 12.2048 0 1
-100.614 45.1512 69.0183 -0.907808 -0.0119785 0.419214 12.3849 0 1
-100.589 43.8723 69.0106 -0.907255 -0.0119838 0.420411 12.5083 0 1
-100.943 44.2337 68.2713 -0.906966 -0.0117605 0.421039 12.658 0 1
-100.919 43.1566 68.2868 -0.907036 -0.0114066 0.420899 12.8047 0 1
-100.908 42.0928 68.2826 -0.907545 -0.0109851 0.419811 12.9497 0 1
-100.871 41.0442 68.3296 -0.908531 -0.010494 0.417685 13.0936 0 1
-100.862 40.0005 68.3285 -0.909957 -0.00987961 0.414585 13.2376 0 1
-100.692 39.0302 68.6845 -0.91171 -0.00908145 0.410734 13.3857 0 1
-100.257 38.6995 69.6123 -0.913625 -0.00807762 0.406477 13.615 0 1
-99.5732 38.7057 71.1398 -0.915524 -0.00690646 0.402204 13.7871 0 1
-99.081 38.4619 72.2503 -0.917248 -0.00565705 0.398277 13.9369 0 1
-98.6873 38.7099 73.2183 -0.91868 -0.00444016 0.394977 14.1331 0 1
-98.1624 38.6247 74.483 -0.919762 -0.00335918 0.392462 14.2948 0 1
-97.739 38.8563 75.5057 -0.920491 -0.00249323 0.390757 14.4402 0 1
-97.4954 39.657 76.0888 -0.920911 -0.00189008 0.389769 14.5857 0 1
-97.3782 40.6299 76.3671 -0.921086 -0.00156303 0.389355 14.8103 0 1
-97.4127 42.1969 76.2825 -0.921064 -0.00149247 0.389408 15.009 0 1
-97.4271 43.5781 76.2479 -0.920851 -0.00163726 0.389912 15.1811 0 1
-97.4404 44.7872 76.2308 -0.920415 -0.00195584 0.390938 15.349 0 1
-97.4409 45.9631 76.2247 -0.919718 -0.00242893 0.392573 15.5176 0 1
-97.4345 47.1538 76.2379 -0.918747 -0.00306974 0.394834 15.6652 0 1
-97.4995 48.1793 76.0954 -0.917538 -0.00390936 0.39763 15.908 0 1
-97.9894 49.3247 74.9436 -0.916164 -0.00496105 0.400772 16.0549 0 1
-98.4027 49.3594 73.9875 -0.914721 -0.0061879 0.404038 16.209 0 1
-98.8517 49.3721 72.9876 -0.913291 -0.00750161 0.407238 16.361 0 1
-99.2963 49.3819 72.0031 -0.911931 -0.00879494 0.410249 16.5112 0 1
-99.7495 49.3814 71.0303 -0.910667 -0.00998341 0.41302 16.6764 0 1
-100.238 49.362 69.9632 -0.9095 -0.0110284 0.415557 16.8383 0 1
-100.702 49.0733 68.9417 -0.908416 -0.0119338 0.417897 16.9759 0 1
-100.875 48.1917 68.5296 -0.907395 -0.0127273 0.420087 17.2027 0 1
-100.94 46.5683 68.3357 -0.906415 -0.0134435 0.422175 17.3611 0 1
-100.939 45.428 68.3226 -0.905456 -0.0141162 0.424204 17.4921 0 1
-100.945 44.499 68.2752 -0.904499 -0.0147781 0.426218 17.4921 0 1
