91.9069 26.3462 89.6138 0.901338 0.0141245 0.432886 0 1 0
91.9703 27.3476 89.4497 0.90222 0.0145614 0.43103 0.357802 0 0
92.1106 28.4134 89.1054 0.903094 0.0148229 0.429186 0.55679 0 0
92.2792 29.5325 88.7038 0.903963 0.0148837 0.427352 0.727138 0 0
92.2579 28.5212 88.7891 0.904828 0.0147366 0.425522 0.900047 0 0
92.1946 27.4938 88.9673 0.90568 0.0143757 0.423719 1.09158 0 0
92.0446 26.4108 89.3169 0.906479 0.0138128 0.422024 1.16038 0 0
91.9261 26.1159 89.5814 0.907153 0.0131031 0.420598 1.29199 0 0
91.6056 25.8623 90.2571 0.907588 0.012354 0.419681 1.4675 0 0
91.7352 24.8376 90.0342 0.90764 0.0117043 0.419587 1.6335 0 0
92.0765 24.2943 89.2794 0.907147 0.0112817 0.420662 1.83606 0 0
92.3819 25.2696 88.5985 0.905962 0.0111567 0.423212 2.03068 0 0
92.495 26.4263 88.3328 0.903986 0.0113031 0.427412 2.21169 0 0
92.5854 27.5053 88.1144 0.901201 0.0115787 0.433247 2.39576 0 0
92.6339 28.6173 87.982 0.897677 0.0117401 0.440498 2.63146 0 0
92.7625 30.0187 87.6889 0.893566 0.0115063 0.448784 2.89336 0 0
93.0072 31.4833 87.1177 0.889077 0.0106569 0.457634 3.0664 0 0
93.1062 32.5515 86.9267 0.884441 0.00912517 0.466562 3.25107 0 0
93.2876 33.614 86.5427 0.879877 0.00703857 0.475149 3.42419 0 0
93.4291 34.6516 86.2533 0.87556 0.00468553 0.483087 3.62301 0 0
93.4448 35.8935 86.1728 0.871604 0.00242364 0.490204 3.79611 0 0
93.8885 36.591 85.434 0.868069 0.000573043 0.496443 3.95991 0 0
94.0998 37.5476 85.096 0.864973 -0.00066628 0.501818 4.12926 0 0
94.452 38.3749 84.5185 0.862315 -0.00125187 0.50637 4.35518 0 0
94.8227 39.6099 83.9276 0.860095 -0.00128823 0.510133 4.57906 0 0
95.05 40.9265 83.5519 0.858318 -0.000977078 0.513118 4.74555 0 0
95.0855 41.9638 83.4912 0.857001 -0.000539486 0.515314 4.96587 0 0
94.9428 43.3199 83.7247 0.85618 -0.000124813 0.516678 5.12469 0 0
94.4702 43.7296 84.4982 0.85591 0.000261589 0.517125 5.36602 0 0
93.8923 42.7117 85.4509 0.856268 0.000773975 0.516531 5.63328 0 0
93.7202 41.0789 85.7429 0.857336 0.0016699 0.514754 5.86119 0 0
93.7592 39.6627 85.6811 0.859178 0.00320143 0.511667 6.04131 0 0
93.652 38.5595 85.8585 0.861814 0.00549625 0.507194 6.23926 0 0
93.5133 37.3547 86.084 0.865196 0.00847698 0.501361 6.406 0 0
93.3633 36.3405 86.3194 0.869193 0.0118565 0.494331 6.62051 0 0
93.1968 35.0267 86.654 0.873596 0.0152188 0.486413 6.80263 0 0
93.1145 33.9015 86.8436 0.878159 0.0181525 0.478025 6.98052 0 0
92.6178 33.5331 87.7744 0.882645 0.0203717 0.469599 7.2924 0 0
92.3158 31.7554 88.4846 0.886883 0.0217659 0.461482 7.46647 0 0
92.1211 30.8325 88.9369 0.890777 0.0223719 0.45389 7.74847 0 0
91.863 29.2963 89.5796 0.894287 0.0223061 0.446937 7.92904 0 0
91.7175 28.2885 89.937 0.897383 0.0217033 0.440718 8.11903 0 0
91.5996 27.1899 90.2265 0.900012 0.0206852 0.435374 8.28107 0 0
91.576 26.2167 90.3069 0.9021 0.0193553 0.431093 8.41697 0 0
91.2321 26.12 91.0436 0.903582 0.0178059 0.428044 8.71678 0 0
91.4405 24.3734 90.6905 0.904426 0.0161209 0.426325 9.00176 0 0
91.8558 22.9929 89.8148 0.904637 0.0143724 0.42594 9.22632 0 0
92.3503 23.5086 88.6811 0.904235 0.0126243 0.426849 9.41101 0 0
92.6386 24.4119 88.0496 0.903233 0.0109426 0.429011 9.61922 0 0
92.7975 25.6375 87.6867 0.901633 0.00939349 0.4324 9.81262 0 0
92.9106 26.8009 87.4285 0.899433 0.00801258 0.436986 10.0475 0 0
93.0124 28.235 87.1975 0.896643 0.00676613 0.442702 10.2392 0 0
93.1193 29.3875 86.964 0.893309 0.0055478 0.449409 10.4113 0 0
93.2563 30.3908 86.6693 0.889522 0.00422811 0.456874 10.6683 0 0
93.4522 31.9187 86.2642 0.885422 0.00273221 0.464779 10.8525 0 0
93.6192 33.0149 85.9683 0.881189 0.0010972 0.472764 11.0273 0 0
93.7684 34.0436 85.6614 0.877004 -0.000527304 0.480483 11.2119 0 0
93.9346 35.1361 85.3229 0.873031 -0.00193421 0.487661 11.3922 0 0
94.2349 36.1508 84.8391 0.869389 -0.0029345 0.494119 11.5707 0 0
94.5292 37.1286 84.3614 0.866145 -0.00341348 0.499781 11.7985 0 0
94.9352 38.3394 83.7037 0.863314 -0.00334826 0.504655 11.972 0 0
95.2262 39.2864 83.2408 0.860874 -0.00279429 0.508811 12.1632 0 0
95.4513 40.4065 82.8916 0.858781 -0.00186285 0.512339 12.3785 0 0
95.519 41.7384 82.7771 0.856998 -0.00070501 0.515319 12.538 0 0
95.4989 42.7405 82.8124 0.855512 0.000504076 0.517782 12.7983 0 0
95.2029 44.2718 83.2945 0.854354 0.00160124 0.51969 12.9927 0 0
94.6208 44.767 84.2431 0.853602 0.00250068 0.52092 13.1799 0 0
94.0472 44.3533 85.1785 0.853388 0.00326093 0.521266 13.3919 0 0
93.5392 43.4531 86.0081 0.853871 0.00410232 0.520469 13.5672 0 0
93.3259 42.4428 86.3684 0.855195 0.00534477 0.518278 13.8665 0 0
93.2837 40.5844 86.4623 0.857437 0.00728599 0.514537 14.0366 0 0
93.2893 39.5277 86.4554 0.860566 0.0100762 0.509239 14.328 0 0
93.1326 37.7363 86.7102 0.864437 0.013641 0.502555 14.4981 0 0
93.0074 36.6859 86.9253 0.868821 0.0176777 0.49481 14.686 0 0
92.8017 35.5794 87.3352 0.87346 0.0217237 0.486411 14.9044 0 0
92.4582 34.4232 88.0181 0.878127 0.0252802 0.47776 15.1364 0 0
92.0974 33.2324 88.7579 0.882659 0.0279485 0.469182 15.3024 0 0
91.9445 32.2919 89.157 0.886953 0.0295201 0.460915 15.4895 0 0
91.7889 31.2633 89.5732 0.890933 0.0299847 0.453144 15.7011 0 0
91.61 30.1033 90.0408 0.894532 0.0294684 0.446031 15.8933 0 0
91.4542 29.039 90.4502 0.897698 0.0281538 0.43971 16.0859 0 0
91.308 27.9617 90.8014 0.900407 0.0262288 0.434258 16.2927 0 0
91.2278 26.7389 91.0152 0.902666 0.0238733 0.42968 16.4351 0 0
90.8802 26.9492 91.7735 0.9045 0.0212612 0.425943 16.6417 0 0
90.9077 25.7244 91.7669 0.90593 0.0185547 0.423022 16.8291 0 0
91.0265 24.6288 91.5724 0.906953 0.015894 0.420931 17.0418 0 0
91.2349 23.4569 91.1685 0.907551 0.0133918 0.419729 17.2124 0 0
91.4878 22.6385 90.6414 0.907688 0.0111292 0.419498 17.4569 0 0
91.9821 21.8144 89.5584 0.907334 0.00914271 0.420311 17.6568 0 0
92.4078 22.3818 88.5882 0.906464 0.00741069 0.422218 17.9164 0 0
92.874 23.5108 87.5767 0.905069 0.00586621 0.425225 18.0826 0 0
93.0825 24.3984 87.109 0.903147 0.00443417 0.429309 18.3381 0 0
93.2334 25.9385 86.7679 0.900703 0.0030609 0.434424 18.5396 0 0
93.334 27.1636 86.552 0.897743 0.00171394 0.440516 18.8252 0 0
93.4631 28.8992 86.2652 0.894286 0.000365917 0.447495 18.9901 0 0
93.587 29.8762 86.0021 0.890387 -0.00100726 0.455204 19.2217 0 0
93.7715 31.2676 85.6475 0.886148 -0.00240235 0.463396 19.3998 0 0
93.938 32.3328 85.3519 0.881725 -0.00375822 0.471749 19.5754 0 0
94.1013 33.3895 85.0667 0.87731 -0.00495169 0.479899 19.737 0 0
94.2545 34.3464 84.7562 0.873098 -0.00583341 0.487509 20.0079 0 0
94.6834 35.9169 84.0726 0.869256 -0.00628345 0.494321 20.1719 0 0
94.9637 36.8088 83.6209 0.865886 -0.00625016 0.500202 20.4132 0 0
95.3686 38.1208 82.9688 0.863013 -0.00575325 0.505149 20.69 0 0
95.8176 39.6606 82.2808 0.860592 -0.00485998 0.509271 20.8535 0 0
95.9367 40.6438 82.0886 0.858539 -0.00365748 0.512736 21.0247 0 0
95.9582 41.7101 82.0533 0.856758 -0.00223787 0.515715 21.2245 0 0
95.9324 42.9644 82.0968 0.855178 -0.000699877 0.518334 21.4601 0 0
95.7392 44.3945 82.4196 0.853774 0.000845833 0.520642 21.6296 0 0
95.3986 45.2325 82.973 0.852576 0.0022917 0.522597 21.8302 0 0
94.7896 45.7135 83.9591 0.851678 0.00358052 0.524054 22.1129 0 0
93.8922 45.2664 85.422 0.851231 0.00476128 0.524769 22.3736 0 0
93.2627 44.1656 86.4386 0.851426 0.00601086 0.52444 22.5442 0 0
92.9613 43.2675 86.9345 0.852442 0.00759617 0.522766 22.7362 0 0
92.8137 42.1045 87.194 0.854403 0.00978405 0.519518 22.97 0 0
92.8339 40.651 87.1859 0.857334 0.0127318 0.514603 23.1741 0 0
92.8148 39.3773 87.2288 0.861143 0.0164023 0.508097 23.4232 0 0
92.6814 37.8471 87.4501 0.865637 0.0205403 0.500251 23.6305 0 0
92.5443 36.5717 87.7403 0.870568 0.0247202 0.491427 23.8456 0 0
92.2647 35.3774 88.31 0.875698 0.0284537 0.482019 24.0353 0 0
91.9455 34.4498 88.9575 0.880837 0.0313148 0.472382 24.2804 0 0
91.6501 33.1472 89.6633 0.885845 0.0330358 0.462804 24.4991 0 0
91.4771 31.9498 90.1345 0.890607 0.0335416 0.453534 24.6884 0 0
91.3411 30.8944 90.5166 0.895011 0.0329227 0.444828 24.8835 0 0
91.1859 29.8111 90.9269 0.898937 0.0313735 0.436953 25.0694 0 0
91.0493 28.7754 91.3288 0.902286 0.029126 0.430154 25.292 0 0
90.9073 27.5249 91.6728 0.905009 0.0264061 0.424572 25.4369 0 0
90.5639 27.7553 92.4306 0.907128 0.02342 0.420204 25.7096 0 0
90.5328 26.1652 92.5935 0.908725 0.0203613 0.416898 25.8805 0 0
90.6004 25.173 92.489 0.909923 0.0174151 0.414411 26.0708 0 0
90.7303 24.0934 92.2303 0.910849 0.0147404 0.412475 26.3257 0 0
91.016 22.717 91.6569 0.91161 0.0124316 0.410868 26.5148 0 0
91.3221 21.8429 91.017 0.912266 0.0104879 0.409464 26.7055 0 0
91.6202 20.959 90.3614 0.912827 0.00882272 0.408251 26.8711 0 0
91.919 20.2712 89.692 0.913273 0.00731418 0.407281 27.0421 0 0
91.7401 19.3286 90.1135 0.913595 0.00587055 0.406583 27.2521 0 0
91.5235 18.1844 90.6128 0.91382 0.00446873 0.406096 27.4958 0 0
91.2079 16.9744 91.3495 0.914017 0.0031476 0.405664 27.6717 0 0
91.0059 16.0713 91.844 0.914267 0.00197032 0.405108 27.9677 0 0
90.8022 14.3976 92.2799 0.914617 0.000988234 0.404321 28.1464 0 0
90.7573 13.346 92.3777 0.915062 0.000225851 0.403314 28.3838 0 0
90.6753 11.9514 92.5482 0.91555 -0.000318703 0.402204 28.6139 0 0
90.5927 10.5958 92.7164 0.916011 -0.00067404 0.401152 28.7934 0 0
90.5405 9.53911 92.8325 0.916382 -0.000900676 0.400305 28.9797 0 0
90.5633 8.43599 92.7848 0.916617 -0.00108694 0.399765 29.2715 0 0
90.8592 6.87043 92.0914 0.916694 -0.00132209 0.399587 29.4956 0 0
91.3128 6.20724 91.0265 0.91661 -0.00165641 0.39978 29.76 0 0
91.9466 6.08078 89.5682 0.916379 -0.002078 0.400307 30.0098 0 0
92.4362 6.98694 88.4493 0.916035 -0.00252524 0.401091 30.1811 0 0
92.6668 7.86242 87.9156 0.915626 -0.00292336 0.402021 30.4738 0 0
92.9498 9.52792 87.268 0.915206 -0.00321573 0.402973 30.6416 0 0
93.0426 10.5694 87.0882 0.914826 -0.00337315 0.403834 30.8066 0 0
93.1011 11.5991 86.9872 0.914519 -0.00338876 0.404528 30.9709 0 0
93.1361 12.6205 86.9168 0.914292 -0.00327517 0.405042 31.1338 0 0
93.1111 13.6398 86.9779 0.914123 -0.00306729 0.405425 31.3367 0 0
93.0146 14.8938 87.1965 0.913968 -0.00282217 0.405776 31.5535 0 0
92.8504 16.1986 87.5835 0.91377 -0.00260919 0.406225 31.7145 0 0
92.6326 17.0539 88.08 0.91346 -0.00249017 0.406921 31.9837 0 0
92.2898 18.5005 88.8691 0.912962 -0.00249558 0.408036 32.2167 0 0
92.1887 19.9039 89.0899 0.912197 -0.00261455 0.409743 32.4203 0 0
92.3529 21.0859 88.7249 0.911091 -0.00281493 0.412195 32.6107 0 0
92.7153 21.8297 87.9097 0.909589 -0.00308415 0.415498 32.8471 0 0
93.1688 22.8347 86.9267 0.907666 -0.00346007 0.419679 33.0234 0 0
93.4076 23.7898 86.4045 0.905334 -0.00403129 0.424681 33.3081 0 0
93.5908 25.5392 86.0083 0.902638 -0.00490948 0.430373 33.4678 0 0
93.6853 26.5203 85.8299 0.899637 -0.00618451 0.436596 33.74 0 0
93.7839 28.1966 85.6212 0.896379 -0.00787373 0.443218 33.9255 0 0
93.9174 29.3129 85.3486 0.892892 -0.00988507 0.450162 34.1445 0 0
94.0837 30.6306 85.0279 0.889185 -0.0120153 0.457391 34.3282 0 0
94.2683 31.7294 84.714 0.885285 -0.0139876 0.464838 34.4937 0 0
94.4245 32.7224 84.4455 0.881275 -0.015512 0.472348 34.6569 0 0
94.578 33.7045 84.1832 0.877302 -0.0163523 0.47966 34.8265 0 0
94.805 34.6936 83.8229 0.873545 -0.0163801 0.486467 35.0184 0 0
95.1432 35.7435 83.2914 0.870163 -0.0156017 0.492517 35.2355 0 0
95.5137 36.9088 82.6957 0.86724 -0.0141431 0.49769 35.4052 0 0
95.8041 37.8331 82.2381 0.86477 -0.0122027 0.50202 35.6435 0 0
96.2011 39.1471 81.6391 0.862677 -0.00999202 0.505656 35.8371 0 0
96.3572 40.299 81.3875 0.860854 -0.00768969 0.508794 36.0164 0 0
96.388 41.4142 81.3353 0.859197 -0.0054211 0.511616 36.2184 0 0
96.3807 42.6851 81.3521 0.85763 -0.00326044 0.514257 36.3815 0 0
96.3335 43.7097 81.4278 0.856119 -0.00124379 0.516778 36.6827 0 0
95.9613 45.4649 82.0542 0.85467 0.00061629 0.519171 36.8461 0 0
95.5534 46.1232 82.7156 0.853325 0.00231766 0.521374 37.0248 0 0
95.0077 46.5376 83.5983 0.852146 0.00385954 0.52329 37.2425 0 0
94.2911 46.6081 84.7595 0.851213 0.00524809 0.524794 37.4172 0 0
93.7695 46.1452 85.6026 0.850628 0.00652446 0.525728 37.6303 0 0
93.2097 45.3389 86.5054 0.850507 0.00780048 0.525907 37.9146 0 0
92.6217 43.9583 87.4637 0.850968 0.00927017 0.525136 38.0811 0 0
92.4142 42.9993 87.8121 0.852107 0.0111752 0.523248 38.2442 0 0
92.3465 41.9912 87.9427 0.853986 0.0137286 0.520115 38.4223 0 0
92.3949 40.8848 87.8898 0.856625 0.0170246 0.515659 38.6134 0 0
92.3845 39.6949 87.9219 0.859989 0.0209747 0.509881 38.8134 0 0
92.2459 38.4708 88.1545 0.863983 0.0253039 0.502885 38.9801 0 0
92.2105 37.4207 88.2683 0.868451 0.0296073 0.49489 39.1485 0 0
92.0514 36.4304 88.6198 0.873209 0.0334439 0.486197 39.3804 0 0
91.6757 35.2722 89.3858 0.878078 0.0364367 0.477128 39.5574 0 0
91.3985 34.394 89.9571 0.882906 0.0383529 0.46798 39.8565 0 0
91.1704 32.7167 90.6769 0.887576 0.0391308 0.458997 40.0473 0 0
91.0495 31.6435 91.0304 0.891992 0.0388497 0.450378 40.2317 0 0
90.9229 30.607 91.3909 0.896078 0.0376707 0.442295 40.4175 0 0
90.7787 29.5765 91.8091 0.89976 0.0357891 0.434914 40.5938 0 0
90.6559 28.6108 92.1762 0.902977 0.0334071 0.428388 40.6331 0 0
90.6294 28.3913 92.2402 0.905687 0.0307116 0.422833 40.7936 0 0
90.2437 28.4113 93.1039 0.907886 0.027854 0.418291 41.034 0 0
90.1471 27.059 93.4176 0.909613 0.024943 0.414706 41.2727 0 0
90.2175 25.6845 93.3361 0.91095 0.0220527 0.411926 41.4839 0 0
90.2818 24.4656 93.2316 0.911993 0.0192318 0.409754 41.6629 0 0
90.461 23.5012 92.8574 0.912821 0.016504 0.408025 41.9955 0 0
90.8973 21.7948 91.9685 0.913475 0.013872 0.406659 42.1667 0 0
91.1604 21.0117 91.393 0.913963 0.0113402 0.405638 42.3332 0 0
91.362 20.143 90.9522 0.914298 0.00894231 0.404944 42.5146 0 0
91.304 19.0594 91.0951 0.914517 0.00674928 0.404491 42.6986 0 0
91.0561 18.2518 91.666 0.914693 0.0048442 0.40412 42.967 0 0
90.7828 16.8221 92.3472 0.914908 0.00328264 0.40365 43.1514 0 0
90.52 15.9602 92.9433 0.915217 0.00206659 0.402955 43.4045 0 0
90.4796 14.4894 93.0033 0.91563 0.00114817 0.40202 43.6018 0 0
90.4337 13.3304 93.0897 0.916108 0.000455106 0.400932 43.8441 0 0
90.2815 11.944 93.4245 0.916589 -8.45296e-05 0.39983 44.1217 0 0
90.2576 10.307 93.4954 0.917019 -0.000532935 0.398843 44.3446 0 0
90.1934 9.01954 93.6541 0.917362 -0.00094451 0.398053 44.5343 0 0
90.2485 7.92283 93.5301 0.917596 -0.00136753 0.397512 44.8098 0 0
90.5063 6.45184 92.9137 0.9177 -0.00183956 0.397269 45.0981 0 0
91.0359 5.43227 91.664 0.917652 -0.00237621 0.397379 45.2911 0 0
91.47 5.0497 90.6611 0.917434 -0.00295906 0.397876 45.533 0 0
92.0567 5.00622 89.3177 0.917058 -0.003535 0.398738 45.8464 0 0
92.6455 6.22399 87.9554 0.916559 -0.0040352 0.39988 46.0429 0 0
92.9442 7.18382 87.2613 0.915992 -0.00440375 0.401173 46.3455 0 0
93.2356 8.94719 86.6206 0.915416 -0.004616 0.402483 46.5093 0 0
93.3334 9.96115 86.423 0.914881 -0.00467623 0.403697 46.6747 0 0
93.4149 10.9953 86.2706 0.914424 -0.00460344 0.404733 46.8882 0 0
93.4691 12.3321 86.168 0.914067 -0.00442352 0.405539 47.0881 0 0
93.4663 13.5928 86.1814 0.913818 -0.00417555 0.406103 47.27 0 0
93.4533 14.7446 86.2147 0.913658 -0.00392022 0.406465 47.4738 0 0
93.2769 15.9608 86.6227 0.913538 -0.00373301 0.406735 47.6405 0 0
93.1325 16.9483 86.9619 0.913378 -0.00368118 0.407096 47.8039 0 0
92.8692 17.7473 87.5522 0.913077 -0.00379829 0.40777 47.9721 0 0
92.6465 18.645 88.0545 0.91254 -0.00407045 0.408967 48.1981 0 0
92.5725 20.0327 88.2281 0.911702 -0.00444544 0.410829 48.3627 0 0
92.7983 20.8768 87.7206 0.910533 -0.00486863 0.413407 48.5274 0 0
93.1407 21.461 86.9546 0.90904 -0.00532994 0.416676 48.7236 0 0
93.5227 22.3136 86.1308 0.907243 -0.00589475 0.420566 48.8906 0 0
93.7609 23.228 85.6221 0.905164 -0.00669915 0.425009 49.1495 0 0
93.9295 24.8459 85.2862 0.902801 -0.00790195 0.429985 49.3086 0 0
94.0355 25.8348 85.085 0.900115 -0.00960058 0.435547 49.5901 0 0
94.1225 27.6044 84.9397 0.89704 -0.0117466 0.441794 49.7702 0 0
94.2159 28.709 84.7489 0.893527 -0.0141119 0.448787 49.9994 0 0
94.4142 30.0906 84.3712 0.889599 -0.0163337 0.456449 50.1937 0 0
94.5953 31.269 84.0637 0.885381 -0.0180199 0.464516 50.3647 0 0
94.7945 32.2783 83.7202 0.881089 -0.0188658 0.472573 50.6407 0 0
95.0909 33.9484 83.2734 0.876978 -0.018733 0.480165 50.9291 0 0
95.5745 35.5291 82.5202 0.873274 -0.0176638 0.486909 51.1118 0 0
95.888 36.5466 82.0496 0.870123 -0.0158386 0.49258 51.3889 0 0
96.4066 38.0096 81.2565 0.867563 -0.013508 0.497144 51.5604 0 0
96.6721 38.9529 80.8479 0.865519 -0.0109273 0.500757 51.7252 0 0
96.7883 39.9416 80.6549 0.863835 -0.00831133 0.503706 51.9166 0 0
96.8646 41.1302 80.5267 0.86232 -0.00581152 0.50633 52.0815 0 0
96.8524 42.1724 80.552 0.860808 -0.00351351 0.508918 52.2606 0 0
96.7986 43.3017 80.6464 0.859202 -0.00144911 0.511634 52.4475 0 0
96.6896 44.4654 80.826 0.857495 0.000386259 0.514491 52.7229 0 0
96.3346 46.0732 81.4176 0.855755 0.00201681 0.517377 53.0239 0 0
95.5115 47.1159 82.7761 0.854091 0.00347217 0.520112 53.3113 0 0
94.6036 47.6372 84.2439 0.852613 0.0047788 0.522521 53.5726 0 0
93.7743 47.1788 85.5797 0.851412 0.00596725 0.524464 53.7695 0 0
93.2232 46.526 86.467 0.850557 0.00710018 0.525835 53.9594 0 0
92.7606 45.7261 87.2132 0.850119 0.00830301 0.526525 54.1761 0 0
92.3062 44.6851 87.9553 0.85019 0.00976506 0.526385 54.3468 0 0
92.0335 43.7593 88.4071 0.850887 0.0116995 0.525219 54.5207 0 0
91.8807 42.7171 88.6764 0.852341 0.0142796 0.522792 54.697 0 0
91.8644 41.6205 88.7278 0.854678 0.0175734 0.518861 54.8598 0 0
91.9659 40.6249 88.5829 0.857975 0.0214962 0.513241 55.0569 0 0
91.865 39.4153 88.7634 0.86221 0.0258001 0.505894 55.237 0 0
91.7979 38.3052 88.9483 0.867236 0.0301222 0.496986 55.4117 0 0
91.7042 37.2602 89.1664 0.872798 0.0340771 0.48689 55.6314 0 0
91.446 36.0628 89.7244 0.878583 0.0373537 0.476126 55.8801 0 0
91.0182 34.9242 90.6223 0.884286 0.0397759 0.465249 56.1627 0 0
90.8303 33.3459 91.2897 0.889668 0.0413108 0.454735 56.3457 0 0
90.755 32.3217 91.5851 0.894596 0.0420386 0.444894 56.5296 0 0
90.6465 31.2942 91.908 0.899048 0.0421092 0.43582 56.7091 0 0
90.5289 30.3033 92.2835 0.903098 0.0417073 0.427405 56.8999 0 0
90.3753 29.2937 92.7226 0.906878 0.0410315 0.419391 56.905 0 0
90.3717 29.266 92.733 0.910536 0.0402847 0.411457 56.905 0 0
91.9296 17.9105 89.6952 0.916245 -0.0010909 0.400612 57.1137 1 0
91.6094 16.9421 90.4264 0.915805 -0.00155795 0.40162 57.3574 0 0
91.3236 15.6861 91.1064 0.91549 -0.00198306 0.402336 57.5864 0 0
91.1436 14.4027 91.5087 0.915345 -0.00233346 0.402664 57.8393 0 0
91.0527 12.9224 91.7239 0.915371 -0.00258137 0.402603 58.1126 0 0
90.9596 11.3162 91.9018 0.915529 -0.002717 0.402244 58.281 0 0
90.9052 10.3207 92.0123 0.915751 -0.00275961 0.401736 58.4958 0 0
90.8739 9.04282 92.0613 0.915963 -0.00275577 0.401254 58.6915 0 0
91.0159 7.91947 91.7392 0.916095 -0.00275959 0.400952 58.8689 0 0
91.3208 7.20952 91.0189 0.916104 -0.00280649 0.400931 59.0988 0 0
91.8648 7.03786 89.7599 0.91598 -0.00290051 0.401214 59.2632 0 0
92.1841 7.62873 89.0224 0.915753 -0.00302191 0.40173 59.5352 0 0
92.5284 9.05371 88.233 0.915485 -0.003144 0.402339 59.7194 0 0
92.6654 10.145 87.9279 0.915253 -0.00324439 0.402866 59.8918 0 0
92.7397 11.2119 87.788 0.91513 -0.00330659 0.403146 60.0653 0 0
92.7742 12.2873 87.7228 0.915162 -0.00331774 0.403072 60.242 0 0
92.756 13.3845 87.7728 0.915364 -0.00326968 0.402614 60.4086 0 0
92.6983 14.4123 87.9066 0.915713 -0.00316611 0.40182 60.578 0 0
92.5757 15.4289 88.1877 0.916161 -0.00303142 0.400798 60.7978 0 0
92.3143 16.6436 88.7939 0.916646 -0.00291092 0.399689 60.994 0 0
92.0585 17.6709 89.3972 0.917103 -0.0028558 0.398639 61.025 0 0
92.0266 17.8395 89.4726 0.917482 -0.00290009 0.397767 61.3001 0 0
91.9596 16.1851 89.6204 0.91776 -0.00304723 0.397125 61.5185 0 0
91.6096 15.214 90.4386 0.917948 -0.00327555 0.396688 61.7763 0 0
91.4112 13.76 90.8992 0.918085 -0.00355403 0.396368 61.9821 0 0
91.339 12.5482 91.063 0.918215 -0.00385166 0.396064 62.2976 0 0
91.2436 10.6837 91.2524 0.91837 -0.00413376 0.395702 62.4695 0 0
91.21 9.66115 91.3092 0.918556 -0.00435563 0.395266 62.6872 0 0
91.3433 8.41042 90.9795 0.918764 -0.0044675 0.394783 62.8782 0 0
91.7728 8.05548 89.9781 0.91897 -0.00443248 0.394302 63.1016 0 0
92.1484 9.02983 89.1155 0.919156 -0.00424646 0.393871 63.4038 0 0
92.3774 10.7912 88.6013 0.919309 -0.00394764 0.393517 63.578 0 0
92.4189 11.8631 88.5215 0.919427 -0.00361033 0.393244 63.7588 0 0
92.4143 12.978 88.5525 0.919514 -0.00332501 0.393044 63.9549 0 0
92.3585 14.1751 88.6845 0.919573 -0.00317109 0.392907 64.1204 0 0
92.2466 15.1581 88.944 0.919606 -0.00319116 0.39283 64.2751 0 0
92.0625 15.9891 89.3785 0.919611 -0.00337577 0.392816 64.5911 0 0
91.8208 14.167 89.9428 0.919589 -0.00366469 0.392864 64.8493 0 0
92.0543 12.7378 89.3894 0.919549 -0.0039648 0.392954 65.0385 0 0
92.0761 11.5997 89.3218 0.919503 -0.00417738 0.39306 65.2065 0 0
92.0398 10.5877 89.3959 0.919465 -0.00422367 0.39315 65.4858 0 0
91.6361 9.23197 90.3178 0.919443 -0.00405984 0.393202 65.6792 0 0
91.5278 10.3549 90.5894 0.919443 -0.00367932 0.393207 65.8637 0 0
91.5932 11.4471 90.4498 0.919462 -0.00310664 0.393166 66.0655 0 0
91.6406 12.6531 90.356 0.919498 -0.0023882 0.393088 66.2959 0 0
91.7455 14.004 90.1193 0.919542 -0.00158344 0.392989 66.3252 0 0
91.7683 14.169 90.0663 0.919587 -0.000756886 0.392883 66.3252 0 0
94.3335 39.5914 84.7331 0.854995 -0.000195899 0.518636 66.5388 1 0
94.5613 40.8496 84.3584 0.855036 -0.00011233 0.518569 66.7308 0 0
94.6625 42.0323 84.1915 0.855072 -2.48415e-05 0.518509 66.84 0 0
94.3094 42.0158 84.7754 0.855105 6.82488e-05 0.518455 67.0025 0 0
94.1378 41.0602 85.0559 0.855135 0.000166818 0.518406 67.1145 0 0
94.1682 40.3646 85.0056 0.855163 0.000269002 0.518358 67.1652 0 0
94.1775 40.049 84.9907 0.855192 0.000372125 0.518312 67.1652 0 0
