-95.9855 -39.7993 82.646 -0.868501 0.0132779 0.495492 0 1 0
-95.8408 -38.3973 82.8488 -0.869018 0.0134759 0.494597 0.389497 0 0
-95.4277 -37.8309 83.567 -0.869606 0.0137189 0.493556 0.572204 0 0
-95.4977 -38.964 83.4759 -0.870321 0.0139643 0.492286 0.734617 0 0
-95.7788 -39.8201 83.0086 -0.871165 0.0141091 0.490788 0.812348 0 0
-95.9789 -40.0926 82.663 -0.872059 0.0140359 0.489199 0.939833 0 0
-96.3552 -39.874 81.9991 -0.872864 0.0136695 0.487772 1.20217 0 0
-96.368 -38.2421 81.9049 -0.873424 0.0130045 0.486787 1.44801 0 0
-95.7764 -37.2595 82.9176 -0.873621 0.0120931 0.486456 1.65245 0 0
-95.1902 -36.8292 83.9586 -0.873416 0.0110073 0.48685 1.80617 0 0
-94.7493 -36.6432 84.784 -0.872844 0.0098034 0.487902 2.04806 0 0
-94.9024 -38.0927 84.5228 -0.871996 0.00850842 0.489439 2.21414 0 0
-95.1426 -39.0007 84.1103 -0.870994 0.00713451 0.491241 2.39017 0 0
-95.3632 -40.0007 83.7388 -0.869961 0.00570551 0.493087 2.60479 0 0
-95.5167 -41.3041 83.49 -0.869001 0.00427633 0.494791 2.82215 0 0
-95.5347 -42.6552 83.4715 -0.868186 0.00293519 0.496231 2.99923 0 0
-95.6473 -43.734 83.2847 -0.867552 0.00179127 0.497343 3.19209 0 0
-95.6504 -44.9334 83.2754 -0.867113 0.000953667 0.498111 3.39025 0 0
-95.7211 -46.1603 83.1478 -0.866869 0.000507216 0.498535 3.64071 0 0
-95.9554 -47.6471 82.7285 -0.86682 0.00049679 0.498622 3.79779 0 0
-96.4285 -47.3419 81.9166 -0.86696 0.000935691 0.498377 3.97711 0 0
-96.3895 -46.2212 81.9941 -0.867281 0.00183667 0.497815 4.14365 0 0
-96.4148 -45.1833 81.9581 -0.867769 0.00323275 0.496957 4.32052 0 0
-96.4326 -44.0875 81.9224 -0.868409 0.00514507 0.495821 4.5603 0 0
-96.32 -42.613 82.1082 -0.869201 0.00749379 0.494402 4.73092 0 0
-96.3279 -41.548 82.0738 -0.870158 0.0100104 0.492671 4.87185 0 0
-96.3421 -40.6653 82.0348 -0.871304 0.012233 0.49059 4.99499 0 0
-96.7221 -40.6761 81.3636 -0.872661 0.0136186 0.488136 5.18749 0 0
-96.7473 -39.4665 81.2845 -0.874237 0.0137196 0.485305 5.3965 0 0
-96.7726 -38.1516 81.1761 -0.876033 0.0123204 0.482094 5.64166 0 0
-96.3481 -36.7962 81.8202 -0.878067 0.0094608 0.478444 5.9147 0 0
-95.5508 -36.2968 83.2742 -0.880404 0.00535952 0.474194 6.10362 0 0
-95.0196 -35.9025 84.2601 -0.883159 0.000307788 0.469074 6.35314 0 0
-94.3859 -35.2019 85.489 -0.886457 -0.00541198 0.46278 6.56094 0 0
-93.967 -34.342 86.3046 -0.890348 -0.0115638 0.455134 6.74333 0 0
-93.7344 -33.3731 86.774 -0.894713 -0.0179479 0.446281 6.9132 0 0
-93.5721 -32.4223 87.1174 -0.899221 -0.024347 0.436817 7.11677 0 0
-93.3834 -31.268 87.5219 -0.903382 -0.0304584 0.427754 7.2818 0 0
-93.2199 -30.3582 87.9612 -0.906678 -0.0358627 0.420296 7.56724 0 0
-92.7503 -29.1872 89.1574 -0.908708 -0.040068 0.415505 7.81777 0 0
-92.175 -29.1538 90.5306 -0.909273 -0.04262 0.414013 8.0582 0 0
-91.8133 -30.3071 91.2789 -0.90839 -0.0432271 0.415883 8.33566 0 0
-91.8582 -31.8876 90.8781 -0.906247 -0.0418401 0.420673 8.51148 0 0
-92.0715 -32.6312 90.2198 -0.903128 -0.0386625 0.427626 8.79004 0 0
-92.6544 -33.5612 88.9587 -0.899353 -0.0340997 0.435891 8.99972 0 0
-93.049 -34.3109 88.1014 -0.895222 -0.0286764 0.444697 9.21937 0 0
-93.4392 -35.2075 87.2633 -0.890992 -0.0229468 0.453439 9.40188 0 0
-93.7993 -35.996 86.5648 -0.886868 -0.0174179 0.461695 9.60128 0 0
-94.1686 -36.9111 85.852 -0.883001 -0.0124952 0.469205 9.80977 0 0
-94.4865 -38.0142 85.2756 -0.879494 -0.00845118 0.475836 9.99011 0 0
-94.7373 -38.9845 84.825 -0.876402 -0.00541055 0.481549 10.1524 0 0
-94.9463 -39.8999 84.4733 -0.873751 -0.00335701 0.486362 10.332 0 0
-95.0854 -40.9757 84.2341 -0.871548 -0.00216185 0.490306 10.574 0 0
-95.1453 -42.4751 84.1461 -0.869804 -0.00162939 0.493394 10.7643 0 0
-95.1801 -43.652 84.0944 -0.868539 -0.0015433 0.495618 11.0278 0 0
-95.2353 -45.2795 83.9961 -0.86777 -0.00170067 0.496963 11.2607 0 0
-95.378 -46.6909 83.7296 -0.867492 -0.00192864 0.497447 11.4344 0 0
-95.5128 -47.7405 83.4879 -0.867659 -0.00208639 0.497155 11.6215 0 0
-95.8256 -48.7334 82.9446 -0.868175 -0.00206211 0.496254 11.8212 0 0
-96.3407 -49.457 82.056 -0.868907 -0.00177324 0.494973 11.9922 0 0
-96.7631 -48.7922 81.3221 -0.869703 -0.00116281 0.493573 12.2758 0 0
-96.7776 -47.0086 81.2953 -0.870419 -0.000177131 0.492311 12.4669 0 0
-96.7768 -45.798 81.3106 -0.870939 0.0012678 0.49139 12.6372 0 0
-96.7856 -44.729 81.2938 -0.871212 0.00329092 0.490896 12.8206 0 0
-96.7718 -43.5767 81.3183 -0.871286 0.00598303 0.490739 13.0124 0 0
-96.7225 -42.3797 81.3942 -0.871318 0.00928897 0.490631 13.2655 0 0
-96.722 -40.7973 81.3667 -0.871535 0.0129121 0.490164 13.3873 0 0
-97.0833 -40.9912 80.7182 -0.872157 0.0163281 0.488954 13.6361 0 0
-97.1199 -39.4093 80.6269 -0.873317 0.0189269 0.486785 13.8089 0 0
-97.1636 -38.3208 80.5097 -0.875011 0.0202049 0.483682 14.0132 0 0
-97.1797 -37.0185 80.3684 -0.877114 0.0199012 0.47987 14.244 0 0
-96.5906 -36.0786 81.3144 -0.879446 0.0180225 0.475657 14.4878 0 0
-95.8668 -35.6976 82.6377 -0.881867 0.0147777 0.471267 14.6563 0 0
-95.3995 -35.3634 83.5419 -0.884346 0.0104755 0.466715 14.8537 0 0
-94.8837 -34.8494 84.5274 -0.886981 0.00543517 0.461773 15.0344 0 0
-94.4712 -34.219 85.3297 -0.889945 -6.18779e-05 0.456067 15.2026 0 0
-94.179 -33.4362 85.9056 -0.893385 -0.00578676 0.449255 15.3796 0 0
-93.9684 -32.485 86.342 -0.897336 -0.0115745 0.441197 15.5584 0 0
-93.7925 -31.4934 86.7098 -0.901679 -0.0173396 0.432058 15.7456 0 0
-93.6055 -30.4493 87.1271 -0.906149 -0.023066 0.422329 15.9081 0 0
-93.4279 -29.5752 87.5845 -0.910369 -0.0287423 0.412798 16.1832 0 0
-92.9526 -28.4968 88.7538 -0.913903 -0.0342683 0.404484 16.4544 0 0
-92.3684 -28.0821 90.2031 -0.916335 -0.0393917 0.398471 16.675 0 0
-91.9045 -28.6147 91.2693 -0.917353 -0.0437217 0.395666 16.8466 0 0
-91.6344 -29.3455 91.8958 -0.916816 -0.0468163 0.396555 17.1366 0 0
-91.4817 -30.9773 92.0022 -0.914769 -0.0483038 0.401078 17.3179 0 0
-91.5324 -31.9713 91.6829 -0.911418 -0.0479844 0.408673 17.4991 0 0
-91.6896 -32.8357 91.1193 -0.907081 -0.0458765 0.41845 17.7614 0 0
-92.1226 -33.7434 90.0015 -0.902124 -0.0422052 0.429408 17.9867 0 0
-92.5661 -34.4847 89.0294 -0.896914 -0.0373512 0.440624 18.2244 0 0
-93.0014 -35.3989 88.0864 -0.891769 -0.0317863 0.451373 18.4036 0 0
-93.3473 -36.1711 87.3974 -0.886929 -0.0260102 0.461172 18.579 0 0
-93.6783 -36.9682 86.7563 -0.882548 -0.0204924 0.469776 18.7658 0 0
-93.9984 -37.8901 86.1594 -0.878698 -0.0156177 0.477123 18.9528 0 0
-94.2838 -38.8675 85.6428 -0.875396 -0.0116373 0.483267 19.1344 0 0
-94.5335 -39.8556 85.2008 -0.872624 -0.00864145 0.488316 19.3423 0 0
-94.6979 -41.0929 84.9176 -0.870353 -0.00657049 0.492384 19.5271 0 0
-94.7325 -42.2296 84.8598 -0.868559 -0.00526335 0.495557 19.7504 0 0
-94.7437 -43.6098 84.8498 -0.867225 -0.00452086 0.497895 19.916 0 0
-94.7514 -44.6297 84.8352 -0.866339 -0.00415525 0.49944 20.0985 0 0
-94.8415 -45.7369 84.6644 -0.865881 -0.00401148 0.500233 20.3475 0 0
-95.0161 -47.2422 84.3423 -0.865821 -0.00396677 0.500339 20.5121 0 0
-95.1275 -48.2443 84.1402 -0.866109 -0.00392519 0.49984 20.8115 0 0
-95.7201 -49.712 83.1227 -0.866685 -0.00381684 0.498841 20.9831 0 0
-96.182 -50.2678 82.3247 -0.867482 -0.0035971 0.497456 21.1435 0 0
-96.6595 -50.5658 81.488 -0.868422 -0.00323782 0.495815 21.3309 0 0
-97.193 -50.0753 80.5494 -0.869428 -0.00271352 0.494052 21.5505 0 0
-97.1577 -48.6825 80.6279 -0.870427 -0.00199754 0.492294 21.7102 0 0
-97.1452 -47.6742 80.6494 -0.871356 -0.00107871 0.49065 21.9148 0 0
-97.1397 -46.3785 80.6555 -0.872175 1.06899e-05 0.489193 22.0807 0 0
-97.1434 -45.3227 80.6475 -0.87286 0.00117993 0.48797 22.251 0 0
-97.1449 -44.2395 80.6441 -0.873395 0.00229636 0.487007 22.4246 0 0
-97.1291 -43.1372 80.6735 -0.873769 0.00322767 0.48633 22.6124 0 0
-97.0838 -41.9579 80.7388 -0.873974 0.00388198 0.485958 22.7253 0 0
-97.0829 -41.245 80.7246 -0.874007 0.00421831 0.485895 22.8517 0 0
-97.4546 -41.4933 80.0579 -0.873885 0.00422494 0.486114 23.0244 0 0
-97.4918 -42.5986 80.0148 -0.873647 0.00389349 0.486546 23.1997 0 0
-97.508 -43.7105 79.9886 -0.873339 0.00322058 0.487102 23.3695 0 0
-97.507 -44.7937 79.9928 -0.872997 0.0022376 0.48772 23.5377 0 0
-97.5024 -45.8702 80.0037 -0.87262 0.00103692 0.488398 23.7055 0 0
-97.5046 -46.9437 80.0056 -0.872172 -0.000236654 0.4892 23.8868 0 0
-97.5319 -48.1019 79.9662 -0.871597 -0.00143015 0.49022 24.0724 0 0
-97.5444 -49.278 79.9344 -0.87086 -0.00243493 0.491525 24.3029 0 0
-97.7433 -50.6836 79.5593 -0.869958 -0.00321392 0.493115 24.5531 0 0
-97.0439 -51.4272 80.8006 -0.868935 -0.00378748 0.494911 24.7388 0 0
-96.4608 -51.3588 81.8249 -0.867866 -0.00419072 0.496781 24.9022 0 0
-95.9692 -51.0476 82.6866 -0.866839 -0.00443531 0.498568 25.1315 0 0
-95.3795 -50.2194 83.7057 -0.865944 -0.00450515 0.500121 25.3479 0 0
-94.893 -49.2694 84.5377 -0.865258 -0.00438961 0.501307 25.5925 0 0
-94.623 -47.8388 85.0058 -0.864848 -0.00412984 0.502017 25.8067 0 0
-94.4942 -46.5296 85.2437 -0.864773 -0.00384805 0.502148 26.0145 0 0
-94.2972 -45.305 85.6018 -0.865092 -0.00374793 0.5016 26.1888 0 0
-94.322 -44.2331 85.5696 -0.865857 -0.00409154 0.500274 26.4104 0 0
-94.3003 -42.8768 85.6099 -0.867119 -0.00516153 0.498074 26.5872 0 0
-94.3351 -41.7977 85.5442 -0.86892 -0.00721815 0.494901 26.7613 0 0
-94.2689 -40.7334 85.661 -0.87131 -0.0104577 0.490621 26.9728 0 0
-94.0082 -39.546 86.1256 -0.874367 -0.0149646 0.485035 27.2342 0 0
-93.6169 -38.1695 86.8363 -0.878169 -0.0206469 0.477905 27.4089 0 0
-93.3191 -37.3109 87.4025 -0.882743 -0.0271751 0.469069 27.6079 0 0
-92.935 -36.4256 88.1468 -0.887996 -0.0339748 0.458594 27.8098 0 0
-92.5473 -35.6019 88.9468 -0.893696 -0.0403092 0.446859 28.0019 0 0
-92.1871 -34.8852 89.7404 -0.899515 -0.0454382 0.434521 28.2011 0 0
-91.7871 -34.2539 90.6125 -0.905102 -0.0487953 0.422385 28.392 0 0
-91.485 -33.6148 91.47 -0.910151 -0.0501109 0.411235 28.7244 0 0
-91.211 -32.0266 92.486 -0.914428 -0.0494308 0.401719 28.9479 0 0
-91.1822 -30.7781 92.7946 -0.917766 -0.0470396 0.394326 29.1559 0 0
-91.2643 -29.5966 92.7767 -0.92004 -0.0433497 0.389419 29.3689 0 0
-91.4966 -28.5082 92.3231 -0.921152 -0.0388139 0.387263 29.5631 0 0
-91.8213 -27.7835 91.5562 -0.921046 -0.0338578 0.387978 29.7724 0 0
-92.2498 -27.2506 90.5519 -0.919751 -0.0288084 0.391443 30.0643 0 0
-92.8903 -27.4372 88.9877 -0.917405 -0.0238221 0.397242 30.294 0 0
-93.3199 -28.1239 87.8981 -0.914243 -0.018848 0.404727 30.4712 0 0
-93.6358 -28.8544 87.1625 -0.91056 -0.0136424 0.413153 30.7926 0 0
-94.0118 -30.5761 86.3245 -0.90666 -0.00783568 0.421789 30.9776 0 0
-94.1961 -31.5915 85.9199 -0.90283 -0.00107058 0.429997 31.1576 0 0
-94.3973 -32.5674 85.4952 -0.89928 0.00677993 0.437321 31.4368 0 0
-94.8796 -33.8627 84.5377 -0.896095 0.0153944 0.443596 31.7011 0 0
-95.5207 -34.6115 83.2755 -0.893218 0.0239439 0.448986 31.8626 0 0
-95.951 -34.9345 82.4213 -0.890522 0.0312941 0.453863 32.1193 0 0
-96.7261 -35.3283 80.9972 -0.8879 0.0363943 0.458594 32.278 0 0
-97.2197 -35.571 80.1431 -0.885325 0.038643 0.463364 32.4814 0 0
-97.758 -36.1771 79.1824 -0.882844 0.038049 0.468122 32.5872 0 0
-97.8497 -36.8629 79.1671 -0.880546 0.0351488 0.472655 32.801 0 0
-97.5929 -38.0468 79.7481 -0.87852 0.0307703 0.476713 32.9946 0 0
-97.5135 -39.2744 79.9591 -0.876826 0.0257706 0.480117 33.1722 0 0
-97.4645 -40.3785 80.0296 -0.875478 0.0208379 0.482808 33.264 0 0
-97.4529 -40.9646 80.0539 -0.874473 0.0163761 0.484797 33.4068 0 0
-97.9009 -40.9885 79.2552 -0.87385 0.0124591 0.486037 33.5815 0 0
-97.9171 -42.1132 79.2361 -0.873753 0.00886256 0.486289 33.8763 0 0
-97.9062 -44.0103 79.2677 -0.874409 0.00520068 0.485162 34.0474 0 0
-97.9125 -45.1122 79.269 -0.87597 0.00114827 0.482364 34.2127 0 0
-97.9234 -46.1721 79.2552 -0.878337 -0.00334706 0.47803 34.3747 0 0
-97.9515 -47.2103 79.2147 -0.881094 -0.00798304 0.472874 34.5338 0 0
-98.0105 -48.2229 79.1183 -0.883634 -0.0122036 0.468019 34.7392 0 0
-97.9956 -49.534 79.1423 -0.885378 -0.0154238 0.464617 34.9155 0 0
-98.247 -50.5166 78.6435 -0.885953 -0.0172546 0.463453 35.0958 0 0
-98.513 -51.3922 77.9151 -0.885267 -0.0176205 0.46475 35.3004 0 0
-97.9549 -51.8999 79.1007 -0.883468 -0.0167455 0.468191 35.5175 0 0
-97.3248 -52.2699 80.265 -0.880872 -0.0150431 0.473115 35.7146 0 0
-96.7258 -52.2881 81.3612 -0.877853 -0.0129748 0.478754 35.9027 0 0
-96.1435 -52.1473 82.3826 -0.874763 -0.0109303 0.484427 36.1223 0 0
-95.5367 -51.4829 83.4279 -0.871876 -0.00915679 0.489642 36.3104 0 0
-95.0624 -50.7824 84.2473 -0.86937 -0.00774889 0.494102 36.4807 0 0
-94.6534 -50.0942 84.9412 -0.867344 -0.00668997 0.497664 36.6936 0 0
-94.232 -49.0598 85.6604 -0.86584 -0.00592485 0.500286 36.8518 0 0
-94.1705 -48.0829 85.7745 -0.864853 -0.00544716 0.501995 37.0912 0 0
-93.9989 -46.6414 86.088 -0.864332 -0.00539071 0.502894 37.322 0 0
-93.767 -45.2979 86.5017 -0.864184 -0.00609894 0.503139 37.5621 0 0
-93.9122 -43.9554 86.2675 -0.864333 -0.00811863 0.502855 37.7314 0 0
-93.8207 -42.9382 86.4297 -0.864809 -0.0120655 0.501955 37.9567 0 0
-93.8795 -41.573 86.3306 -0.865828 -0.0183694 0.500004 38.1633 0 0
-93.7681 -40.3255 86.5359 -0.867751 -0.0270014 0.496264 38.3366 0 0
-93.5291 -39.3906 86.97 -0.870934 -0.037334 0.489981 38.5955 0 0
-93.1112 -38.098 87.7573 -0.875531 -0.0482316 0.480749 38.8724 0 0
-92.5875 -36.8815 88.7567 -0.881399 -0.0583408 0.468756 39.1438 0 0
-92.0478 -35.8086 89.8168 -0.888126 -0.0664462 0.454772 39.3172 0 0
-91.7035 -35.1886 90.551 -0.895159 -0.0717471 0.439934 39.5132 0 0
-91.3459 -34.6445 91.5339 -0.901961 -0.0739748 0.425434 39.6923 0 0
-91.1096 -33.9982 92.2667 -0.90811 -0.0733458 0.412258 39.9032 0 0
-90.9808 -32.9701 92.868 -0.913347 -0.0703995 0.401051 40.0915 0 0
-90.88 -32.0014 93.3157 -0.917562 -0.065798 0.392111 40.3354 0 0
-90.8904 -30.63 93.5562 -0.920751 -0.0601621 0.385484 40.5334 0 0
-90.9594 -29.5185 93.5434 -0.922962 -0.0539789 0.381086 40.7284 0 0
-91.1231 -28.4692 93.2618 -0.924258 -0.0475781 0.378791 40.9056 0 0
-91.3837 -27.689 92.6845 -0.924706 -0.0411546 0.378452 41.1768 0 0
-91.8667 -26.7631 91.5477 -0.924379 -0.0348161 0.379883 41.4368 0 0
-92.4148 -26.3169 90.2144 -0.923371 -0.0286269 0.382841 41.6274 0 0
-92.8292 -26.4283 89.1869 -0.921789 -0.0226292 0.38703 41.9167 0 0
-93.3778 -27.2851 87.7945 -0.919746 -0.0168348 0.392153 42.099 0 0
-93.7615 -27.8322 86.8887 -0.91734 -0.0111966 0.397948 42.2694 0 0
-94.0034 -28.6856 86.331 -0.914656 -0.00556791 0.404195 42.4428 0 0
-94.1874 -29.6704 85.9306 -0.911797 0.000333479 0.410641 42.6181 0 0
-94.3802 -30.6444 85.518 -0.908923 0.00690631 0.416906 42.7943 0 0
-94.5914 -31.6334 85.0929 -0.906271 0.0145481 0.422447 42.9692 0 0
-94.8573 -32.5269 84.5439 -0.904113 0.0234666 0.426648 43.1809 0 0
-95.2626 -33.4666 83.7408 -0.902669 0.0335046 0.429029 43.3771 0 0
-95.7543 -34.0201 82.7701 -0.901971 0.044041 0.429545 43.6196 0 0
-96.4552 -34.3742 81.4258 -0.901786 0.0540051 0.428795 43.7984 0 0
-96.993 -34.5766 80.431 -0.90167 0.0620636 0.427948 43.9716 0 0
-97.4514 -34.9181 79.5153 -0.90113 0.0669851 0.428342 44.1425 0 0
-97.9214 -35.1725 78.5589 -0.899803 0.0680501 0.430956 44.327 0 0
-98.4311 -35.8287 77.61 -0.897544 0.0652914 0.436065 44.5162 0 0
-98.6293 -37.1108 77.4827 -0.894428 0.059437 0.443244 44.6891 0 0
-98.2111 -37.4774 78.5578 -0.890691 0.0515975 0.451672 44.881 0 0
-97.9355 -38.5731 79.2215 -0.88662 0.0428683 0.460507 45.0598 0 0
-97.8861 -39.6851 79.2952 -0.882449 0.0340237 0.469175 45.2152 0 0
-97.9011 -40.6706 79.2556 -0.878286 0.0254064 0.477459 45.8545 0 0
-95.9425 -41.6131 82.7547 -0.874114 0.0170097 0.485423 45.8566 0 0
-95.9423 -41.6259 82.7553 -0.869845 0.0086731 0.493248 45.8566 0 0
-93.4561 -34.0846 87.2877 -0.897536 -0.0336708 0.439654 46.1453 1 0
-92.9311 -32.8442 88.411 -0.901239 -0.0365476 0.431778 46.3197 0 0
-92.5553 -32.376 89.2568 -0.904187 -0.0382774 0.425418 46.5771 0 0
-92.1399 -31.3957 90.3102 -0.906227 -0.0386976 0.421017 46.7487 0 0
-92.1461 -30.4081 90.4399 -0.907396 -0.0380621 0.418549 46.9266 0 0
-92.5382 -29.945 89.5643 -0.907866 -0.036861 0.417638 47.1056 0 0
-92.8479 -30.5716 88.7565 -0.907853 -0.0355741 0.417776 47.2932 0 0
-93.097 -31.5081 88.125 -0.907557 -0.0345032 0.418509 47.5856 0 0
-93.3113 -33.2277 87.6371 -0.907117 -0.0337478 0.419524 47.6147 0 0
-93.3384 -33.3881 87.5813 -0.906616 -0.0332762 0.420643 48.0737 0 0
-92.574 -31.4313 89.2891 -0.906094 -0.0330075 0.421786 48.1098 0 0
-92.4831 -31.4624 89.4849 -0.905566 -0.0328538 0.422931 48.1229 0 0
-92.5122 -31.5007 89.4219 -0.904915 -0.0327242 0.424018 48.1229 0 0
