-92.8463 -6.68515 89.8174 -0.92487 -0.0053315 0.380246 0 1 0
-92.6779 -7.99759 90.2068 -0.92575 -0.00504759 0.378103 0.404431 0 0
-92.5576 -6.98474 90.5315 -0.926579 -0.00488545 0.376067 0.608359 0 0
-92.7257 -5.83008 90.1277 -0.92736 -0.00492789 0.374138 0.640541 0 0
-92.7985 -5.82663 89.9455 -0.928095 -0.005235 0.372307 0.76191 0 0
-93.0527 -5.5581 89.3028 -0.92878 -0.00581752 0.370587 1.05498 0 0
-93.0295 -7.35495 89.3622 -0.929397 -0.00662333 0.369022 1.32193 0 0
-92.7966 -8.85649 89.8852 -0.929923 -0.00754315 0.367678 1.56241 0 0
-92.4674 -9.99238 90.7142 -0.930333 -0.008437 0.366618 1.72321 0 0
-92.631 -10.821 90.2727 -0.930617 -0.00917497 0.36588 1.92428 0 0
-92.5023 -11.9806 90.5614 -0.930778 -0.00967534 0.365456 2.10445 0 0
-92.3952 -13.0251 90.7872 -0.930842 -0.00991991 0.365287 2.19427 0 0
-92.2771 -12.6098 91.1067 -0.930845 -0.00993949 0.36528 2.37885 0 0
-92.3599 -11.5274 90.9415 -0.930823 -0.00978032 0.36534 2.59202 0 0
-92.2993 -10.2796 91.1375 -0.930799 -0.00947341 0.365409 2.78221 0 0
-92.277 -9.16137 91.2081 -0.930774 -0.00903206 0.365484 3.01824 0 0
-92.269 -7.767 91.2461 -0.930731 -0.00848281 0.365606 3.27302 0 0
-92.2404 -6.24944 91.3518 -0.930652 -0.00789961 0.36582 3.47287 0 0
-92.3777 -5.10241 91.0353 -0.930538 -0.00740173 0.366121 3.70226 0 0
-92.87 -4.83969 89.7773 -0.930412 -0.00711097 0.366446 3.70672 0 0
-92.8798 -4.84095 89.752 -0.93031 -0.00709987 0.366706 3.83946 0 0
-93.0113 -4.11169 89.4278 -0.930257 -0.00736454 0.366835 4.14739 0 0
-93.3605 -5.7327 88.533 -0.930256 -0.00783222 0.366827 4.31719 0 0
-93.3413 -6.76843 88.6104 -0.930293 -0.00839134 0.36672 4.58064 0 0
-93.1385 -8.29332 89.0295 -0.930348 -0.00892516 0.366569 4.79638 0 0
-92.9766 -9.54433 89.4119 -0.930411 -0.00933914 0.366399 4.99653 0 0
-92.8783 -10.7283 89.6369 -0.93049 -0.00958136 0.366192 5.31572 0 0
-92.7126 -12.6124 89.9964 -0.930611 -0.00965324 0.365882 5.5024 0 0
-92.6626 -13.733 90.0737 -0.930801 -0.00960316 0.365399 5.70659 0 0
-92.6791 -14.9717 90.0009 -0.931072 -0.00950156 0.364711 5.87446 0 0
-92.6758 -15.9883 89.9858 -0.931404 -0.0094081 0.363866 6.09228 0 0
-92.5902 -17.2853 90.1682 -0.931746 -0.00934639 0.36299 6.31901 0 0
-92.4029 -18.5594 90.6207 -0.932035 -0.00929907 0.362248 6.55793 0 0
-92.0774 -17.4634 91.4667 -0.932215 -0.00922679 0.361787 6.75283 0 0
-91.9737 -16.3518 91.7747 -0.932255 -0.00910008 0.361686 7.03362 0 0
-91.9605 -14.702 91.8652 -0.93216 -0.00892438 0.361936 7.31345 0 0
-92.0069 -13.0655 91.7991 -0.931965 -0.0087441 0.362443 7.48574 0 0
-92.0534 -12.0632 91.7054 -0.931723 -0.00862615 0.363067 7.66403 0 0
-92.0805 -11.0151 91.6694 -0.931491 -0.00863381 0.363662 7.89713 0 0
-92.0357 -9.65465 91.8143 -0.931308 -0.00880251 0.364126 8.11146 0 0
-92.0095 -8.40102 91.8878 -0.931188 -0.00912422 0.364424 8.38107 0 0
-91.972 -6.81663 92.0206 -0.931116 -0.00954482 0.364597 8.62063 0 0
-92.0088 -5.40781 91.9643 -0.931059 -0.00997799 0.364733 8.83119 0 0
-92.2141 -4.27604 91.4758 -0.930981 -0.0103323 0.36492 9.01423 0 0
-92.538 -3.62641 90.6637 -0.930867 -0.0105395 0.365205 9.19511 0 0
-92.9079 -3.9636 89.6965 -0.930725 -0.0105687 0.365568 9.33427 0 0
-93.1563 -3.42724 89.0802 -0.93058 -0.0104244 0.365939 9.54864 0 0
-92.7558 -2.76533 90.1373 -0.930465 -0.010136 0.36624 9.71676 0 0
-92.3874 -2.86577 91.0768 -0.9304 -0.00974857 0.366416 9.96673 0 0
-91.9678 -3.8531 92.1061 -0.930392 -0.00931882 0.366449 10.1455 0 0
-91.7767 -4.7787 92.564 -0.930441 -0.00890927 0.366334 10.3334 0 0
-91.707 -5.86575 92.71 -0.930552 -0.00857918 0.36606 10.5362 0 0
-91.7115 -7.05166 92.6816 -0.930737 -0.00837218 0.365592 10.7453 0 0
-91.7323 -8.25849 92.5968 -0.931008 -0.00830722 0.364905 10.9418 0 0
-91.7691 -9.39928 92.4896 -0.931356 -0.00837896 0.364013 11.2135 0 0
-91.8018 -10.9834 92.3785 -0.931749 -0.008565 0.363002 11.4268 0 0
-91.7769 -12.2276 92.4087 -0.932126 -0.00883285 0.362027 11.6419 0 0
-91.7294 -13.4811 92.5062 -0.932413 -0.00914368 0.361278 11.8535 0 0
-91.6909 -14.7066 92.5752 -0.932543 -0.00945669 0.360935 12.157 0 0
-91.6999 -16.4646 92.4937 -0.932473 -0.009737 0.361109 12.3707 0 0
-91.7983 -17.6687 92.1981 -0.932201 -0.00996476 0.361804 12.6468 0 0
-92.0252 -19.1439 91.5786 -0.931772 -0.0101403 0.362903 12.8344 0 0
-92.3709 -19.6572 90.6685 -0.931269 -0.0102801 0.364187 13.0129 0 0
-92.6588 -18.9422 89.9496 -0.930792 -0.0104046 0.3654 13.1902 0 0
-92.8057 -17.9401 89.6089 -0.93043 -0.01053 0.366318 13.3871 0 0
-92.8902 -16.7589 89.4285 -0.930233 -0.0106679 0.366813 13.5695 0 0
-92.9316 -15.6517 89.3597 -0.930203 -0.0108217 0.366887 13.753 0 0
-92.9427 -14.5377 89.3614 -0.930293 -0.0109693 0.366654 13.9394 0 0
-92.9519 -13.408 89.3493 -0.930433 -0.0110509 0.366294 14.1171 0 0
-93.0076 -12.3238 89.2568 -0.930556 -0.0109912 0.365986 14.2932 0 0
-93.0887 -11.2751 89.0787 -0.930615 -0.0107486 0.365841 14.4773 0 0
-93.1874 -10.1839 88.8507 -0.930603 -0.0103486 0.365885 14.689 0 0
-93.3327 -8.94491 88.509 -0.930538 -0.00987025 0.366064 14.8598 0 0
-93.4591 -7.92639 88.251 -0.930453 -0.00940168 0.36629 15.0703 0 0
-93.6169 -6.68224 87.9254 -0.930376 -0.00900331 0.366496 15.328 0 0
-93.5977 -5.12342 87.9348 -0.930312 -0.00869777 0.366665 15.5035 0 0
-93.4087 -4.18111 88.4209 -0.930251 -0.00847895 0.366827 15.558 0 0
-93.3299 -3.93238 88.6241 -0.930177 -0.0083233 0.367016 15.6845 0 0
-93.5647 -3.4843 88.0456 -0.93009 -0.00819788 0.367241 15.8552 0 0
-93.3068 -2.74482 88.7221 -0.930006 -0.00806791 0.367457 16.1668 0 0
-92.712 -1.80829 90.2693 -0.929955 -0.00790748 0.367587 16.3664 0 0
-92.2854 -2.12577 91.3479 -0.92997 -0.00771106 0.367555 16.5546 0 0
-91.9393 -2.74863 92.1999 -0.930063 -0.00749925 0.367323 16.7313 0 0
-91.6948 -3.5554 92.7962 -0.930226 -0.00731131 0.366913 16.9843 0 0
-91.4816 -4.917 93.3016 -0.930429 -0.00718618 0.366403 17.1735 0 0
-91.4447 -6.00559 93.376 -0.930634 -0.0071445 0.365882 17.3508 0 0
-91.4496 -7.02432 93.3531 -0.930819 -0.00718515 0.36541 17.5273 0 0
-91.4668 -8.02934 93.2863 -0.930984 -0.00729803 0.364988 17.7737 0 0
-91.5134 -9.44024 93.1469 -0.931147 -0.00748102 0.364569 17.9846 0 0
-91.5346 -10.6581 93.0704 -0.931326 -0.00774599 0.364103 18.2107 0 0
-91.5216 -11.97 93.0662 -0.931525 -0.00810841 0.363588 18.4996 0 0
-91.4445 -13.6463 93.2237 -0.931715 -0.00856812 0.363089 18.6884 0 0
-91.414 -14.7425 93.2828 -0.93185 -0.00909596 0.362729 18.8817 0 0
-91.4015 -15.8631 93.2974 -0.931876 -0.00963574 0.362649 19.1085 0 0
-91.4599 -17.1571 93.1096 -0.931754 -0.0101187 0.36295 19.3788 0 0
-91.6277 -18.6327 92.6309 -0.931477 -0.0104804 0.36365 19.5783 0 0
-91.7823 -19.6846 92.1828 -0.931077 -0.0106744 0.364665 19.7696 0 0
-92.0613 -20.4704 91.437 -0.930622 -0.0106842 0.365825 19.9774 0 0
-92.4995 -20.4145 90.3103 -0.930193 -0.0105307 0.366919 20.2485 0 0
-92.9205 -19.2513 89.2834 -0.929859 -0.0102725 0.367772 20.4689 0 0
-93.0815 -17.9764 88.9228 -0.929652 -0.0099977 0.368302 20.6837 0 0
-93.1582 -16.6743 88.7625 -0.929564 -0.00980407 0.368531 20.9175 0 0
-93.1979 -15.2369 88.7134 -0.929556 -0.00976224 0.368553 21.0939 0 0
-93.208 -14.1605 88.7035 -0.929581 -0.00987254 0.368487 21.2711 0 0
-93.2306 -13.0781 88.6528 -0.929598 -0.0100475 0.368438 21.451 0 0
-93.2942 -11.9753 88.5274 -0.929582 -0.0101398 0.368476 21.6426 0 0
-93.3934 -10.8211 88.3008 -0.929527 -0.0100024 0.368619 21.852 0 0
-93.5415 -9.57002 87.9696 -0.929447 -0.00955098 0.368832 22.0414 0 0
-93.658 -8.42455 87.7036 -0.929368 -0.00880728 0.36905 22.2102 0 0
-93.7789 -7.39121 87.4667 -0.929309 -0.00790141 0.369218 22.394 0 0
-93.9129 -6.29747 87.1867 -0.929272 -0.00702553 0.36933 22.6097 0 0
-93.8943 -4.99546 87.2061 -0.929231 -0.00635937 0.369445 22.8016 0 0
-93.6949 -3.9454 87.7007 -0.92915 -0.0060059 0.369655 22.931 0 0
-93.9726 -3.69146 87.0007 -0.929001 -0.00596533 0.370029 23.1362 0 0
-94.1839 -4.85374 86.4835 -0.928785 -0.00615406 0.370567 23.3074 0 0
-94.193 -5.91999 86.4819 -0.928534 -0.00645501 0.371192 23.5192 0 0
-94.0724 -7.17915 86.7238 -0.928294 -0.00677111 0.371785 23.7314 0 0
-93.9285 -8.45563 87.0353 -0.928108 -0.00705574 0.372244 24.0123 0 0
-93.7535 -10.1748 87.4339 -0.927993 -0.0073124 0.372525 24.2291 0 0
-93.6077 -11.4883 87.7543 -0.927945 -0.00757642 0.37264 24.4305 0 0
-93.5063 -12.7246 87.9728 -0.927947 -0.00789719 0.372628 24.6051 0 0
-93.4727 -13.8063 88.0431 -0.927993 -0.00832859 0.372506 24.7764 0 0
-93.4609 -14.8638 88.0676 -0.928089 -0.0089199 0.372251 24.9412 0 0
-93.4529 -15.8736 88.0554 -0.928255 -0.00969671 0.371817 25.1052 0 0
-93.4183 -16.8837 88.1085 -0.928504 -0.0106357 0.371171 25.2923 0 0
-93.359 -18.0322 88.2324 -0.928828 -0.01165 0.370328 25.5188 0 0
-93.2088 -19.3695 88.5672 -0.929201 -0.0126006 0.369359 25.7185 0 0
-92.9575 -20.3997 89.1503 -0.929586 -0.0133327 0.368365 25.9174 0 0
-92.6143 -21.1843 89.9921 -0.929945 -0.0137249 0.367443 26.175 0 0
-92.055 -21.3898 91.4113 -0.930255 -0.0137299 0.366657 26.3645 0 0
-91.7226 -20.8283 92.2948 -0.930511 -0.0133866 0.366019 26.6541 0 0
-91.4302 -19.3945 93.1087 -0.930722 -0.0127945 0.365504 26.8802 0 0
-91.2819 -18.1706 93.5376 -0.930903 -0.0120633 0.365067 27.1425 0 0
-91.1204 -16.7491 93.988 -0.931065 -0.0112681 0.364681 27.3282 0 0
-91.1143 -15.6788 94.036 -0.931197 -0.0104363 0.364367 27.5783 0 0
-91.1414 -14.2457 93.9822 -0.931271 -0.00957112 0.3642 27.8121 0 0
-91.2162 -12.9023 93.8208 -0.93125 -0.00868837 0.364277 28.0131 0 0
-91.2659 -11.7402 93.7286 -0.931105 -0.00783969 0.364666 28.2386 0 0
-91.2738 -10.4335 93.7503 -0.930837 -0.00710663 0.365365 28.4157 0 0
-91.2591 -9.41662 93.8032 -0.930479 -0.00657203 0.366287 28.5911 0 0
-91.2204 -8.41724 93.916 -0.93009 -0.00628311 0.367278 28.7839 0 0
-91.1926 -7.31784 94.0053 -0.929745 -0.0062257 0.368151 28.9621 0 0
-91.1823 -6.30408 94.0313 -0.929514 -0.00632673 0.368732 29.1456 0 0
-91.1897 -5.25867 94.021 -0.929442 -0.00648558 0.368912 29.3452 0 0
-91.2652 -4.1319 93.8587 -0.929532 -0.00661306 0.368682 29.544 0 0
-91.4529 -3.10331 93.4115 -0.929742 -0.0066546 0.368151 29.8735 0 0
-91.9595 -1.76667 92.17 -0.929997 -0.00659317 0.367509 30.0581 0 0
-92.3214 -1.26924 91.2873 -0.930216 -0.00644579 0.366956 30.2623 0 0
-92.7408 -0.9859 90.1986 -0.930349 -0.00626096 0.366623 30.4812 0 0
-93.1835 -1.48487 89.0618 -0.930383 -0.00610741 0.366539 30.6709 0 0
-93.5189 -2.19426 88.1974 -0.930332 -0.00604788 0.366669 30.845 0 0
-93.773 -2.98599 87.5279 -0.930214 -0.00611351 0.366968 30.98 0 0
-94.0623 -2.7651 86.7828 -0.930034 -0.00629829 0.367419 31.1427 0 0
-94.3229 -3.53893 86.1493 -0.929789 -0.00657251 0.368035 31.3447 0 0
-94.504 -4.71542 85.6725 -0.929476 -0.00689939 0.368819 31.5226 0 0
-94.4908 -5.84873 85.7134 -0.929108 -0.00724646 0.369737 31.6985 0 0
-94.4111 -6.92905 85.8899 -0.928716 -0.00759232 0.370714 31.8595 0 0
-94.3002 -7.90299 86.1209 -0.928334 -0.00792795 0.371663 32.1124 0 0
-94.1634 -9.45571 86.4459 -0.927989 -0.00825153 0.372517 32.2864 0 0
-93.9896 -10.4605 86.8482 -0.927697 -0.00856363 0.373236 32.4549 0 0
-93.9157 -11.5067 86.9985 -0.927464 -0.0088702 0.373808 32.6201 0 0
-93.8035 -12.5092 87.2476 -0.92729 -0.00919273 0.374231 32.7981 0 0
-93.7605 -13.617 87.3245 -0.927178 -0.00957824 0.374498 32.9727 0 0
-93.7423 -14.7066 87.3602 -0.927136 -0.0100992 0.374588 33.2454 0 0
-93.7513 -16.3947 87.2957 -0.927179 -0.0108328 0.374461 33.407 0 0
-93.678 -17.3803 87.4554 -0.927325 -0.0118189 0.374071 33.6092 0 0
-93.6406 -18.624 87.5215 -0.927581 -0.0130197 0.373395 33.8047 0 0
-93.472 -19.7475 87.9017 -0.927936 -0.0143127 0.372463 33.9895 0 0
-93.286 -20.7784 88.3215 -0.928353 -0.0155261 0.371375 34.1645 0 0
-92.9963 -21.521 89.0224 -0.928781 -0.0164935 0.370262 34.352 0 0
-92.625 -22.1015 89.92 -0.929176 -0.0170956 0.369241 34.5953 0 0
-92.0832 -22.2164 91.2818 -0.929519 -0.0172778 0.36837 34.7786 0 0
-91.717 -21.9442 92.2521 -0.929814 -0.0170495 0.367634 34.9625 0 0
-91.4504 -21.2207 92.9727 -0.930088 -0.016473 0.366967 35.1989 0 0
-91.2136 -20.0557 93.6261 -0.930365 -0.015638 0.3663 35.3747 0 0
-91.0914 -19.1115 93.9757 -0.930658 -0.0146281 0.365596 35.5634 0 0
-90.9394 -18.1239 94.4035 -0.930953 -0.0134944 0.364889 35.7583 0 0
-90.8694 -17.0363 94.6195 -0.93121 -0.0122599 0.364277 36.0393 0 0
-90.8164 -15.447 94.8027 -0.931375 -0.0109549 0.363896 36.3266 0 0
-90.804 -13.8154 94.8572 -0.931402 -0.00965459 0.363863 36.6236 0 0
-90.9951 -12.1808 94.4192 -0.931275 -0.00848207 0.364219 36.8013 0 0
-90.9845 -11.1643 94.4744 -0.931013 -0.00756976 0.364908 37.0776 0 0
-90.9878 -9.584 94.5014 -0.930668 -0.00700418 0.365797 37.2713 0 0
-90.9659 -8.48412 94.5689 -0.930307 -0.00678924 0.366718 37.5937 0 0
-90.8918 -6.66385 94.7492 -0.929995 -0.00684693 0.367507 37.7733 0 0
-90.88 -5.63942 94.7788 -0.92978 -0.00705282 0.368048 37.9614 0 0
-90.8967 -4.56378 94.7653 -0.92968 -0.00728704 0.368297 38.1765 0 0
-91.0521 -3.41034 94.4043 -0.929682 -0.00747602 0.368288 38.4595 0 0
-91.3859 -2.05867 93.6023 -0.929761 -0.00760586 0.368086 38.6401 0 0
-91.6587 -1.3191 92.9347 -0.929899 -0.00770496 0.367735 38.8161 0 0
-91.9817 -0.771961 92.1457 -0.930097 -0.007812 0.367232 39.0912 0 0
-92.5187 -0.11309 90.7915 -0.930371 -0.00795174 0.366533 39.2968 0 0
-92.9452 -0.162085 89.6665 -0.930737 -0.00812914 0.365599 39.4556 0 0
-93.2648 -0.58947 88.8632 -0.931198 -0.00833685 0.364419 39.6405 0 0
-93.5771 -1.33879 88.0742 -0.931737 -0.00856443 0.363034 39.8037 0 0
-93.8772 -1.88312 87.2802 -0.932323 -0.00880271 0.361519 39.8513 0 0
-93.9252 -2.14245 87.1459 -0.932911 -0.00904351 0.359968 39.8513 0 0
-92.235 -14.1028 91.1715 -0.933609 -0.0136581 0.358034 40.0927 1 0
-92.2754 -15.5208 91.0226 -0.933296 -0.0129693 0.358874 40.2877 0 0
-92.4005 -16.6143 90.666 -0.933043 -0.0123812 0.359552 40.4745 0 0
-92.4553 -15.5017 90.5624 -0.932851 -0.0118958 0.360065 40.6013 0 0
-92.4179 -14.7532 90.6752 -0.932701 -0.0114785 0.360469 40.6584 0 0
-92.4114 -14.4126 90.6997 -0.932553 -0.0110789 0.360842 40.6584 0 0
