90.6845 -44.022 96.8563 0.950833 -0.0208379 0.309002 0 1 1
90.9015 -42.8111 96.2512 0.950961 -0.0202523 0.308646 0.440589 0 1
90.9001 -43.8312 96.1965 0.951055 -0.0195777 0.308402 0.639362 0 1
90.9569 -44.8823 95.9551 0.951113 -0.0188064 0.30827 0.795253 0 1
90.7123 -45.2238 96.6921 0.951153 -0.0179948 0.308195 0.899351 0 1
90.7162 -44.6565 96.7174 0.951202 -0.0172504 0.308086 1.04893 0 1
90.4696 -44.5333 97.4843 0.95129 -0.0166822 0.307845 1.25357 0 1
90.4933 -43.4192 97.4818 0.951438 -0.0163472 0.307407 1.57352 0 1
90.5889 -41.7063 97.2456 0.951643 -0.0162283 0.306778 1.82841 0 1
90.9988 -41.2853 96.0063 0.951879 -0.0162558 0.306042 2.01524 0 1
91.2207 -41.9805 95.3118 0.952104 -0.01635 0.305336 2.23026 0 1
91.226 -43.1328 95.2181 0.952275 -0.0164449 0.304797 2.42111 0 1
91.1888 -44.1656 95.2656 0.952367 -0.0164848 0.304507 2.60702 0 1
91.1794 -45.179 95.2315 0.952382 -0.0164195 0.304464 2.93237 0 1
90.9639 -46.837 95.8216 0.95235 -0.0162185 0.304577 3.14896 0 1
90.6128 -46.7366 96.9432 0.952316 -0.0158967 0.3047 3.42464 0 1
90.4594 -45.346 97.4605 0.952327 -0.0155258 0.304685 3.4981 0 1
90.4607 -44.9464 97.4827 0.952411 -0.0152171 0.304437 3.65056 0 1
90.2399 -44.5731 98.1912 0.952569 -0.01508 0.303948 3.88062 0 1
90.2294 -45.8183 98.1572 0.952775 -0.0151743 0.303297 4.0792 0 1
90.2594 -46.8857 98.0453 0.952988 -0.015475 0.302614 4.39528 0 1
90.6957 -47.6991 96.6308 0.953163 -0.0158701 0.30204 4.58326 0 1
91.0003 -47.6866 95.6594 0.953265 -0.0161965 0.3017 4.79266 0 1
91.2972 -47.0891 94.7319 0.953267 -0.0162982 0.301689 5.05186 0 1
91.3947 -45.6879 94.5067 0.953155 -0.0160852 0.302054 5.26428 0 1
91.4208 -44.5251 94.5069 0.952933 -0.0155721 0.302781 5.4575 0 1
91.4459 -43.47 94.5051 0.952624 -0.0148802 0.303787 5.66564 0 1
91.4614 -42.339 94.5326 0.952264 -0.0141945 0.304946 5.9067 0 1
91.4083 -41.0565 94.7498 0.951891 -0.0136891 0.306132 6.08345 0 1
91.1835 -40.4612 95.4627 0.951529 -0.0134619 0.307264 6.33047 0 1
90.7695 -40.4404 96.7305 0.951189 -0.0135175 0.308313 6.67724 0 1
90.3098 -41.6332 98.0902 0.950873 -0.013798 0.309274 6.92392 0 1
90.273 -42.9544 98.1774 0.950596 -0.0142268 0.310103 7.19921 0 1
90.2426 -44.428 98.1927 0.950395 -0.0147358 0.310695 7.21285 0 1
90.2414 -44.5018 98.1915 0.95032 -0.0152711 0.310899 7.35192 0 1
90.0164 -44.3118 98.8843 0.950414 -0.0157939 0.310586 7.59178 0 1
89.9882 -45.6075 98.8992 0.95069 -0.0162838 0.309716 7.78862 0 1
89.9882 -46.6624 98.8751 0.95112 -0.0167414 0.308369 8.07496 0 1
90.0814 -48.1373 98.5161 0.951644 -0.0171767 0.306723 8.31961 0 1
90.4669 -48.4632 97.3175 0.95219 -0.0175832 0.304999 8.57223 0 1
90.8729 -48.5129 96.0182 0.952695 -0.0179136 0.303398 8.77295 0 1
91.198 -48.4624 94.9753 0.953115 -0.0180785 0.302068 8.98222 0 1
91.5108 -47.9702 93.991 0.953422 -0.017976 0.301104 9.17741 0 1
91.6005 -46.9284 93.7566 0.953597 -0.0175375 0.300574 9.41577 0 1
91.6299 -45.6119 93.762 0.953625 -0.0167629 0.30053 9.72981 0 1
91.6674 -43.8863 93.7733 0.95349 -0.0157237 0.301015 9.94214 0 1
91.6886 -42.7273 93.788 0.953185 -0.0145363 0.302037 10.1484 0 1
91.691 -41.6098 93.8328 0.952718 -0.0133254 0.303564 10.3637 0 1
91.6579 -40.453 93.9814 0.95211 -0.0121984 0.305513 10.5606 0 1
91.4369 -39.6923 94.6949 0.951399 -0.0112339 0.307756 10.7903 0 1
91.0584 -39.6002 95.8712 0.950632 -0.0104771 0.310142 11.0841 0 1
90.5632 -39.6694 97.375 0.949862 -0.00994001 0.312512 11.3134 0 1
90.1879 -40.0204 98.4972 0.949139 -0.00961255 0.314711 11.5307 0 1
90.074 -41.1384 98.8102 0.948516 -0.00948394 0.316586 11.7443 0 1
90.0494 -42.2843 98.8588 0.948042 -0.00955363 0.318001 11.9484 0 1
90.0334 -43.3782 98.8853 0.947755 -0.00981634 0.318849 12.0103 0 1
90.0284 -43.7093 98.8913 0.947671 -0.0102315 0.319086 12.1779 0 1
89.7591 -44.0745 99.6659 0.947785 -0.0107074 0.318731 12.3759 0 1
89.7826 -43.017 99.6245 0.948075 -0.0111208 0.317854 12.5973 0 1
89.7897 -41.8358 99.6292 0.948511 -0.0113658 0.31654 12.8179 0 1
89.8072 -40.6466 99.6197 0.949065 -0.0114032 0.314873 13.0174 0 1
89.8567 -39.583 99.506 0.949709 -0.0112826 0.312931 13.2759 0 1
90.2057 -38.681 98.489 0.95041 -0.0111271 0.310801 13.5691 0 1
90.7005 -38.8199 96.9854 0.951131 -0.0110891 0.308589 13.845 0 1
91.1641 -38.7126 95.5731 0.951827 -0.0112977 0.306429 14.0318 0 1
91.4652 -38.8528 94.6214 0.952456 -0.0118136 0.304447 14.2748 0 1
91.8394 -39.2761 93.4319 0.952989 -0.012603 0.302742 14.5397 0 1
91.971 -40.6284 92.9782 0.953414 -0.0135428 0.301362 14.7513 0 1
91.9647 -41.7749 92.9503 0.953732 -0.0144639 0.300309 14.9473 0 1
91.9543 -42.8373 92.9265 0.953952 -0.0152148 0.299572 15.1728 0 1
91.9302 -44.0629 92.9182 0.954074 -0.0157129 0.299157 15.3941 0 1
91.8915 -45.2772 92.9564 0.954084 -0.0159578 0.299114 15.59 0 1
91.8402 -46.3529 93.0319 0.953954 -0.0160112 0.299525 15.7874 0 1
91.8761 -47.4307 92.833 0.95366 -0.0159591 0.300464 15.9642 0 1
91.775 -48.3689 93.1133 0.953193 -0.0158758 0.301947 16.1844 0 1
91.5326 -49.2965 93.8561 0.952572 -0.0157973 0.303904 16.5154 0 1
90.9936 -49.2641 95.5844 0.951838 -0.0157111 0.306198 16.8374 0 1
90.4715 -49.4602 97.2499 0.951043 -0.0155642 0.308668 17.1165 0 1
90.0056 -49.286 98.6658 0.95023 -0.015287 0.311173 17.3241 0 1
89.7626 -48.5131 99.4324 0.949433 -0.0148242 0.313621 17.5294 0 1
89.6696 -47.4783 99.7755 0.948663 -0.0141589 0.31597 17.8252 0 1
89.7273 -45.9138 99.6749 0.947922 -0.01332 0.318225 18.0114 0 1
89.7051 -44.9332 99.793 0.947195 -0.0123727 0.320418 18.1197 0 1
89.7565 -44.3728 99.6658 0.946459 -0.0113973 0.32259 18.1197 0 1
