91.4848 -44.1845 96.8301 0.949825 -0.0211528 0.312066 0 1 1
91.5369 -42.9575 96.7467 0.950442 -0.0210008 0.310192 0.412526 0 1
91.7144 -42.1136 96.2437 0.950973 -0.020791 0.308574 0.673635 0 1
91.8645 -43.4057 95.7124 0.951407 -0.0204979 0.307255 0.891813 0 1
91.8045 -44.5743 95.8031 0.951761 -0.0201257 0.306179 1.08451 0 1
91.7206 -45.5991 95.9907 0.952072 -0.0197184 0.305238 1.20581 0 1
91.5462 -45.3075 96.5594 0.952368 -0.0193447 0.304336 1.31989 0 1
91.4955 -44.7215 96.7613 0.952658 -0.0190571 0.303445 1.46304 0 1
91.2654 -44.9923 97.4513 0.95292 -0.0188514 0.302635 1.67571 0 1
91.2987 -46.1427 97.3 0.953111 -0.0186646 0.302045 1.87642 0 1
91.5307 -46.8722 96.5229 0.953187 -0.0184173 0.30182 2.09357 0 1
91.8829 -46.6747 95.4118 0.953124 -0.01807 0.302039 2.3202 0 1
91.9961 -45.478 95.1216 0.952929 -0.0176464 0.30268 2.53142 0 1
92.0324 -44.3262 95.0992 0.952638 -0.0172102 0.30362 2.86466 0 1
92.0816 -42.5173 95.0826 0.952306 -0.0168167 0.304681 3.13815 0 1
91.9043 -41.1929 95.6971 0.951996 -0.0164825 0.305668 3.32966 0 1
91.5844 -41.2247 96.675 0.951762 -0.0161911 0.30641 3.61976 0 1
91.3021 -42.5273 97.4821 0.951648 -0.0159225 0.306778 3.90689 0 1
91.2677 -44.0752 97.4985 0.951675 -0.0156839 0.306705 3.94516 0 1
91.266 -44.2832 97.4913 0.951844 -0.0155205 0.306189 4.08718 0 1
91.0317 -44.1713 98.2196 0.952132 -0.0155007 0.305295 4.38322 0 1
91.0341 -45.7777 98.1316 0.952498 -0.015677 0.304143 4.57226 0 1
91.0723 -46.7909 97.9767 0.952895 -0.0160395 0.302876 4.73567 0 1
91.2392 -47.4586 97.421 0.953275 -0.01649 0.301653 4.92807 0 1
91.5393 -47.7182 96.4518 0.95359 -0.0168644 0.300636 5.14496 0 1
91.8912 -47.5602 95.3332 0.953793 -0.016998 0.299983 5.44173 0 1
92.1984 -46.2649 94.4143 0.953846 -0.0167968 0.299825 5.62525 0 1
92.2273 -45.2612 94.3949 0.953727 -0.016274 0.300232 5.88862 0 1
92.2758 -43.8235 94.3607 0.95344 -0.0155392 0.301181 6.13461 0 1
92.3091 -42.488 94.3531 0.953018 -0.0147522 0.302553 6.43668 0 1
92.262 -40.8727 94.5874 0.952518 -0.0140638 0.304159 6.65049 0 1
91.9518 -40.3788 95.5763 0.952005 -0.0135668 0.305781 6.84521 0 1
91.6296 -40.2885 96.5648 0.951547 -0.0132756 0.307218 7.05538 0 1
91.2827 -40.4937 97.6173 0.951197 -0.0131437 0.308305 7.31026 0 1
91.0767 -41.716 98.1911 0.950993 -0.0131058 0.308935 7.56938 0 1
91.0407 -43.1107 98.2467 0.950956 -0.0131173 0.309049 7.68692 0 1
91.0369 -43.7482 98.229 0.951086 -0.013172 0.308646 7.8328 0 1
90.7956 -43.6055 98.9696 0.951365 -0.0132963 0.307779 8.07029 0 1
90.7944 -44.8974 98.9062 0.951758 -0.0135317 0.306553 8.35654 0 1
90.8079 -46.4502 98.8144 0.952215 -0.0139151 0.305111 8.56951 0 1
90.8188 -47.5939 98.7388 0.952688 -0.0144547 0.303607 8.73587 0 1
91.0072 -48.2136 98.1224 0.953131 -0.0151053 0.30218 9.04293 0 1
91.4926 -48.4867 96.5626 0.953515 -0.0157591 0.300933 9.2485 0 1
91.8253 -48.4953 95.494 0.953819 -0.0162669 0.299942 9.44713 0 1
92.1436 -48.3307 94.4737 0.954026 -0.0164889 0.299269 9.7724 0 1
92.4094 -46.7566 93.7025 0.954121 -0.0163491 0.298975 10.0541 0 1
92.4609 -45.216 93.648 0.954086 -0.0158639 0.299112 10.4021 0 1
92.5198 -43.3099 93.6217 0.953912 -0.0151301 0.299703 10.5955 0 1
92.5331 -42.2632 93.6418 0.953604 -0.0142848 0.300723 10.8484 0 1
92.5251 -40.8969 93.7353 0.953185 -0.0134617 0.302088 11.0712 0 1
92.3536 -39.8543 94.3146 0.952694 -0.0127613 0.303664 11.3253 0 1
91.9525 -39.5611 95.5924 0.95218 -0.0122378 0.305292 11.5159 0 1
91.6373 -39.5213 96.5643 0.951695 -0.0119013 0.306814 11.7208 0 1
91.2958 -39.5592 97.6068 0.95128 -0.0117304 0.308104 12.0108 0 1
90.9173 -40.5777 98.7177 0.950958 -0.0116891 0.309098 12.2027 0 1
90.8379 -41.5829 98.9154 0.950737 -0.0117395 0.309775 12.3913 0 1
90.8065 -42.5963 98.9759 0.950621 -0.0118432 0.310127 12.5348 0 1
90.7971 -43.3739 98.9769 0.950621 -0.0119632 0.310124 12.7021 0 1
90.5124 -43.355 99.8427 0.95075 -0.0120728 0.309722 13.0251 0 1
90.5583 -45.0766 99.6323 0.951017 -0.0121672 0.308899 13.2873 0 1
90.5701 -46.4812 99.5486 0.951406 -0.012271 0.307695 13.4884 0 1
90.4843 -47.5283 99.7654 0.95188 -0.0124362 0.30622 13.7614 0 1
90.6134 -48.9039 99.3098 0.952385 -0.0127299 0.304632 13.9669 0 1
90.9399 -49.1618 98.2984 0.95287 -0.0132096 0.30309 14.1711 0 1
91.2631 -49.245 97.262 0.953297 -0.0138881 0.301715 14.372 0 1
91.5844 -49.2815 96.2216 0.953645 -0.0147028 0.300575 14.6814 0 1
92.0854 -49.1659 94.6167 0.953911 -0.015516 0.29969 14.9117 0 1
92.4586 -49.0019 93.4281 0.954099 -0.0161517 0.299055 15.2687 0 1
92.6252 -47.1126 92.9875 0.954215 -0.0164564 0.298668 15.4541 0 1
92.6576 -46.1001 92.9545 0.954255 -0.0163534 0.298545 15.7268 0 1
92.6894 -44.6025 92.9673 0.954209 -0.0158695 0.298719 15.9952 0 1
92.7867 -43.1459 92.7809 0.954064 -0.0151263 0.299221 16.2704 0 1
92.8053 -41.6603 92.8019 0.95381 -0.0142973 0.300069 16.5762 0 1
92.746 -40.0276 93.0586 0.95345 -0.0135457 0.301248 16.8131 0 1
92.5457 -38.9575 93.7325 0.952995 -0.0129685 0.302709 17.0579 0 1
92.157 -38.7295 94.9743 0.952474 -0.0125766 0.30436 17.2533 0 1
91.8372 -38.6863 95.9734 0.951926 -0.0123149 0.306082 17.4578 0 1
91.4977 -38.6682 97.0176 0.951392 -0.0121035 0.307744 17.7115 0 1
91.078 -38.7666 98.307 0.950911 -0.0118751 0.309237 17.9369 0 1
90.7227 -39.1889 99.3719 0.950505 -0.0115909 0.310493 18.1353 0 1
90.6526 -40.2283 99.5286 0.95018 -0.0112402 0.311498 18.3983 0 1
90.6027 -41.6286 99.6237 0.949923 -0.0108328 0.312295 18.5309 0 1
90.5626 -42.3303 99.7246 0.949708 -0.0103905 0.312963 18.5714 0 1
90.5605 -42.5471 99.7246 0.949503 -0.00993918 0.313598 18.5714 0 1
