-104.819 43.7391 81.4943 -0.931442 0.00206976 0.363884 0 1 1
-104.801 44.8587 81.5381 -0.931625 0.00192143 0.363416 0.282036 0 1
-104.549 44.3345 82.1822 -0.93182 0.00173063 0.362918 0.465813 0 1
-104.644 43.0577 81.9453 -0.932027 0.0014686 0.362385 0.540815 0 1
-104.814 43.3054 81.5085 -0.932242 0.00113136 0.361835 0.648342 0 1
-105.069 43.0141 80.8549 -0.932451 0.000753352 0.361296 0.821599 0 1
-104.739 42.1991 81.7076 -0.932645 0.000397899 0.360794 1.02307 0 1
-104.322 43.0469 82.7726 -0.932823 0.000128425 0.360335 1.18684 0 1
-104.274 44.2024 82.8908 -0.932993 -2.42519e-05 0.359894 1.38638 0 1
-104.448 45.5371 82.4497 -0.933168 -8.00486e-05 0.359439 1.58269 0 1
-104.95 45.5571 81.1622 -0.933358 -9.89472e-05 0.358947 1.74988 0 1
-105.072 44.4458 80.8453 -0.933559 -0.000143376 0.358424 1.8288 0 1
-105.081 43.8921 80.8237 -0.933753 -0.000236027 0.357917 1.93359 0 1
-105.326 44.1761 80.1873 -0.933915 -0.000341925 0.357496 2.15545 0 1
-105.28 45.7313 80.288 -0.934018 -0.000388086 0.357226 2.35454 0 1
-104.87 46.5003 81.3689 -0.934051 -0.00030894 0.35714 2.53941 0 1
-104.414 46.4193 82.5637 -0.934019 -8.81641e-05 0.357223 2.72602 0 1
-104.09 45.4697 83.3907 -0.933942 0.000231407 0.357424 2.89602 0 1
-104.047 44.2754 83.4855 -0.933844 0.000575891 0.35768 3.09941 0 1
-104.069 42.8335 83.4307 -0.933749 0.000883094 0.357928 3.24047 0 1
-104.184 41.8811 83.1393 -0.933677 0.00112641 0.358113 3.49722 0 1
-104.828 41.4874 81.4873 -0.933647 0.00130599 0.358191 3.68225 0 1
-105.243 42.0821 80.3998 -0.933668 0.00142155 0.358137 3.84216 0 1
-105.322 43.2007 80.1922 -0.933735 0.00145274 0.357961 3.88302 0 1
-105.326 43.4917 80.1818 -0.933832 0.00136249 0.35771 3.9803 0 1
-105.567 43.3208 79.5553 -0.933931 0.00112161 0.357452 4.21305 0 1
-105.57 44.9878 79.5376 -0.93401 0.000739205 0.357246 4.43472 0 1
-105.509 46.5298 79.677 -0.934053 0.000279206 0.357134 4.57647 0 1
-105.243 47.1686 80.378 -0.934051 -0.000149669 0.357139 4.83547 0 1
-104.611 47.1908 82.0542 -0.934002 -0.000427909 0.357268 4.99806 0 1
-104.211 47.0862 83.1001 -0.933908 -0.000465399 0.357514 5.17717 0 1
-103.884 46.2203 83.9423 -0.933773 -0.000228716 0.357866 5.35088 0 1
-103.82 45.0075 84.0958 -0.933604 0.000252903 0.358307 5.55163 0 1
-103.813 43.5873 84.0953 -0.933405 0.000901703 0.358822 5.78059 0 1
-103.859 41.9609 83.9818 -0.933188 0.00161968 0.359385 5.93624 0 1
-104.055 40.9992 83.4812 -0.932971 0.00231939 0.359945 6.08209 0 1
-104.423 40.7978 82.5394 -0.932784 0.00294171 0.360424 6.25252 0 1
-104.858 40.7813 81.4188 -0.932668 0.00345327 0.36072 6.3995 0 1
-105.228 40.8675 80.4543 -0.932657 0.00383199 0.360744 6.53993 0 1
-105.52 41.4406 79.6903 -0.932769 0.00405545 0.360452 6.72642 0 1
-105.563 42.7731 79.5603 -0.932995 0.00409907 0.359867 6.82718 0 1
-105.81 42.5232 78.9255 -0.933297 0.00394083 0.359083 7.07116 0 1
-105.809 44.2895 78.9353 -0.933623 0.00356855 0.358241 7.23775 0 1
-105.803 45.4614 78.9183 -0.933911 0.00298855 0.357494 7.45805 0 1
-105.76 47.0063 79.0101 -0.934115 0.00223458 0.356966 7.65952 0 1
-105.366 47.8742 80.0481 -0.93421 0.00137248 0.35672 7.81893 0 1
-104.976 47.9192 81.0834 -0.934196 0.000496088 0.35676 7.96466 0 1
-104.62 47.893 82.0276 -0.934088 -0.000286712 0.357044 8.1144 0 1
-104.254 47.8178 82.9943 -0.933908 -0.000874798 0.357513 8.28112 0 1
-103.848 47.568 84.0529 -0.93368 -0.00119461 0.358107 8.49226 0 1
-103.603 46.2337 84.6676 -0.933423 -0.00121109 0.358777 8.64779 0 1
-103.58 45.1267 84.7163 -0.933144 -0.000922451 0.359501 8.86275 0 1
-103.579 43.5956 84.7121 -0.932842 -0.000345342 0.360286 9.04034 0 1
-103.573 42.3383 84.717 -0.932509 0.000492446 0.361147 9.22501 0 1
-103.65 41.0452 84.5213 -0.932146 0.00154289 0.362081 9.42046 0 1
-104.044 40.1787 83.5165 -0.931768 0.00272297 0.363043 9.65889 0 1
-104.656 40.0688 81.9519 -0.931411 0.00391194 0.363949 9.88489 0 1
-105.224 40.1195 80.4717 -0.931115 0.00496734 0.364692 10.0675 0 1
-105.686 40.4451 79.3001 -0.930921 0.00575395 0.365175 10.2406 0 1
-105.801 41.6264 78.9796 -0.93086 0.0061736 0.365324 10.2856 0 1
-105.809 41.947 78.9508 -0.93095 0.00618123 0.365093 10.3849 0 1
-106.06 41.7187 78.3239 -0.931197 0.0057784 0.364471 10.6382 0 1
-106.053 43.5288 78.307 -0.931585 0.00499107 0.36349 10.8549 0 1
-106.045 45.0817 78.2997 -0.932076 0.00385343 0.362242 11.0447 0 1
-106.039 46.432 78.2819 -0.932609 0.00241528 0.360879 11.2085 0 1
-106.021 47.5876 78.3272 -0.933113 0.000766899 0.359583 11.3589 0 1
-105.793 48.4372 78.9187 -0.93352 -0.000945893 0.358525 11.532 0 1
-105.367 48.6313 80.0458 -0.933789 -0.00253919 0.357816 11.7101 0 1
-104.928 48.6388 81.2075 -0.933911 -0.00383727 0.357486 11.9442 0 1
-104.356 48.5449 82.7356 -0.933905 -0.00471932 0.35749 12.0891 0 1
-103.999 48.4968 83.6797 -0.933805 -0.00513942 0.357745 12.2552 0 1
-103.589 48.258 84.7419 -0.933647 -0.00511744 0.358157 12.4418 0 1
-103.358 47.0975 85.3168 -0.933458 -0.00471847 0.358655 12.6097 0 1
-103.364 45.9051 85.279 -0.933258 -0.00403592 0.359183 12.7585 0 1
-103.341 44.8452 85.3331 -0.933058 -0.00317817 0.359711 12.9414 0 1
-103.338 43.5435 85.3371 -0.93286 -0.00225146 0.360233 13.0893 0 1
-103.32 42.4976 85.3757 -0.93265 -0.00133697 0.36078 13.2371 0 1
-103.351 41.4562 85.2859 -0.932409 -0.000468347 0.361405 13.4382 0 1
-103.444 40.049 85.0611 -0.932116 0.00037653 0.36216 13.5967 0 1
-103.787 39.4461 84.185 -0.931766 0.00125655 0.363056 13.7916 0 1
-104.285 39.3839 82.9078 -0.931379 0.00222386 0.364044 14.0071 0 1
-104.833 39.3571 81.494 -0.930994 0.00328031 0.365021 14.188 0 1
-105.291 39.3766 80.3047 -0.930657 0.00436177 0.365866 14.3382 0 1
-105.688 39.4169 79.3095 -0.930405 0.00535701 0.366494 14.4798 0 1
-106.016 39.8886 78.4846 -0.930244 0.00614362 0.36689 14.6366 0 1
-106.064 40.9905 78.3416 -0.930161 0.00662042 0.367092 14.7357 0 1
-106.323 41.0061 77.6904 -0.930139 0.00672659 0.367147 14.8815 0 1
-106.342 42.04 77.6012 -0.930177 0.00644785 0.367054 15.0561 0 1
-106.354 43.2872 77.5432 -0.930305 0.00581106 0.366741 15.2247 0 1
-106.319 44.4946 77.6123 -0.930561 0.00486781 0.366104 15.3763 0 1
-106.306 45.5839 77.611 -0.93097 0.00367298 0.365076 15.5227 0 1
-106.324 46.6373 77.5562 -0.931518 0.00227195 0.363687 15.6685 0 1
-106.352 47.6734 77.4865 -0.932145 0.000707243 0.362085 15.8775 0 1
-106.07 48.9471 78.2001 -0.93276 -0.000959101 0.360496 16.0503 0 1
-105.659 49.3524 79.2765 -0.933276 -0.00262477 0.359152 16.2581 0 1
-105.144 49.4082 80.6405 -0.933625 -0.00414687 0.358228 16.4007 0 1
-104.796 49.32 81.5776 -0.933782 -0.00537048 0.357803 16.5712 0 1
-104.38 49.368 82.6941 -0.93376 -0.00617636 0.357848 16.8026 0 1
-103.81 49.346 84.2083 -0.933599 -0.0065208 0.35826 16.9716 0 1
-103.391 49.1313 85.2912 -0.933351 -0.00644071 0.358908 17.1599 0 1
-103.122 48.018 85.9474 -0.933058 -0.00602148 0.359675 17.3087 0 1
-103.104 46.9654 85.9689 -0.932754 -0.00535352 0.360474 17.5056 0 1
-103.05 45.5714 86.0793 -0.932463 -0.0045083 0.361238 17.6626 0 1
-103.068 44.4482 86.0366 -0.932208 -0.0035426 0.361905 17.8096 0 1
-103.06 43.4036 86.0571 -0.932009 -0.00251442 0.362426 17.9919 0 1
-103.06 42.114 86.0506 -0.931868 -0.00148827 0.362795 18.1435 0 1
-103.083 41.0463 85.9747 -0.931764 -0.000522902 0.363064 18.3246 0 1
-103.14 39.7686 85.8367 -0.931657 0.000348474 0.363338 18.4926 0 1
-103.387 38.7829 85.2235 -0.931503 0.00112945 0.363732 18.6644 0 1
-103.821 38.7059 84.1054 -0.931274 0.0018558 0.364315 18.8592 0 1
-104.315 38.6521 82.8325 -0.930969 0.00257889 0.365088 19.0683 0 1
-104.846 38.7178 81.4603 -0.930612 0.00334676 0.365993 19.2444 0 1
-105.288 38.4894 80.3195 -0.930232 0.00419053 0.366947 19.4854 0 1
-105.915 38.7311 78.7431 -0.929856 0.00511876 0.367889 19.6377 0 1
-106.278 39.2194 77.8426 -0.929492 0.00611902 0.368792 19.7775 0 1
-106.308 40.2066 77.7486 -0.929139 0.00716408 0.369662 19.7867 0 1
-106.312 40.2714 77.7393 -0.928785 0.00822059 0.370523 19.7867 0 1
