-98.6804 43.4582 95.7754 -0.95271 -0.0158976 0.303454 0 1 1
-98.6572 45.0019 95.9185 -0.952835 -0.015331 0.3031 0.451282 0 1
-98.4158 44.4226 96.668 -0.952976 -0.0147038 0.302689 0.676131 0 1
-98.6157 43.3987 95.9767 -0.953128 -0.0140012 0.302243 0.714179 0 1
-98.6797 43.3771 95.7738 -0.953273 -0.0132326 0.301822 0.839538 0 1
-98.894 43.3337 95.1039 -0.953387 -0.012443 0.301494 1.1699 0 1
-98.7113 41.5537 95.5811 -0.953448 -0.0117172 0.301331 1.46868 0 1
-98.2322 41.9805 97.1459 -0.953436 -0.0111659 0.301388 1.74135 0 1
-98.1914 43.5042 97.3321 -0.953345 -0.0108882 0.301686 1.93204 0 1
-98.1893 44.5749 97.3905 -0.953189 -0.0109249 0.302179 2.22558 0 1
-98.2412 46.1981 97.2613 -0.953008 -0.011226 0.302739 2.49603 0 1
-98.6754 46.6875 95.9097 -0.952862 -0.0116565 0.30318 2.79731 0 1
-98.8977 45.2109 95.1559 -0.952809 -0.0120413 0.303331 3.02597 0 1
-98.8992 43.9325 95.1163 -0.952881 -0.0122271 0.303099 3.16731 0 1
-99.1438 44.0934 94.3811 -0.953068 -0.0121303 0.302514 3.41398 0 1
-99.0963 42.7322 94.4449 -0.953326 -0.0117493 0.301715 3.62112 0 1
-99.0272 41.5888 94.5939 -0.953591 -0.0111454 0.300897 3.8856 0 1
-98.7301 40.4477 95.4951 -0.953806 -0.0104094 0.300242 4.08473 0 1
-98.4005 40.531 96.5651 -0.953935 -0.00963414 0.29986 4.26411 0 1
-98.1125 40.7555 97.5086 -0.953967 -0.00889613 0.299779 4.55161 0 1
-97.9719 42.2787 97.9969 -0.953916 -0.00824501 0.299961 4.77522 0 1
-97.9504 43.5297 98.105 -0.953799 -0.00770232 0.300348 5.03411 0 1
-97.9596 44.9847 98.1224 -0.953628 -0.00727697 0.300901 5.22289 0 1
-97.9753 46.0321 98.0914 -0.953406 -0.00699458 0.30161 5.4352 0 1
-98.0652 47.1788 97.8287 -0.953135 -0.00691755 0.302466 5.62622 0 1
-98.3596 47.6172 96.9104 -0.952831 -0.00712766 0.303418 5.90072 0 1
-98.825 47.5567 95.4608 -0.952533 -0.00767149 0.30434 6.20858 0 1
-99.101 46.1493 94.5282 -0.952299 -0.00850628 0.305049 6.39927 0 1
-99.1351 45.0834 94.4069 -0.952189 -0.00948946 0.305361 6.56571 0 1
-99.1454 44.1514 94.3797 -0.952242 -0.010424 0.305167 6.70541 0 1
-99.3795 43.9994 93.6603 -0.952453 -0.0111324 0.304481 6.89696 0 1
-99.3565 42.948 93.6707 -0.952782 -0.0115165 0.303438 7.1314 0 1
-99.2884 41.6626 93.767 -0.953162 -0.0115721 0.302237 7.34627 0 1
-99.2273 40.4648 93.8904 -0.953533 -0.0113615 0.301075 7.52744 0 1
-99.0186 39.6903 94.5289 -0.953846 -0.010969 0.300094 7.73181 0 1
-98.6804 39.5521 95.6248 -0.954076 -0.0104672 0.299382 7.91247 0 1
-98.3873 39.7118 96.5901 -0.954212 -0.00990274 0.298967 8.1223 0 1
-98.0439 39.8841 97.7075 -0.954257 -0.00929869 0.298843 8.30359 0 1
-97.7671 40.235 98.6076 -0.954221 -0.00867264 0.298977 8.54265 0 1
-97.7411 41.5439 98.7373 -0.954117 -0.00805905 0.299326 8.7694 0 1
-97.7321 42.7999 98.7885 -0.953956 -0.00751741 0.299852 9.0629 0 1
-97.7292 44.4418 98.839 -0.953745 -0.00711131 0.300534 9.26938 0 1
-97.7372 45.5943 98.8307 -0.953481 -0.00686907 0.301376 9.55906 0 1
-97.7728 47.2026 98.754 -0.953161 -0.00675935 0.302387 9.75667 0 1
-97.9202 48.1944 98.312 -0.952792 -0.00671247 0.303549 9.96049 0 1
-98.2437 48.456 97.2774 -0.952393 -0.00668488 0.304799 10.2625 0 1
-98.7615 48.4463 95.6865 -0.951998 -0.00672293 0.30603 10.4542 0 1
-99.0764 48.3377 94.6808 -0.951647 -0.0069674 0.307115 10.6587 0 1
-99.307 47.5269 93.9141 -0.951382 -0.00757733 0.307921 10.8724 0 1
-99.3518 46.3382 93.7525 -0.951246 -0.00861682 0.308314 11.1107 0 1
-99.3732 44.9983 93.6759 -0.951276 -0.0099837 0.30818 11.2243 0 1
-99.3771 44.3644 93.6656 -0.951492 -0.0114313 0.307461 11.3629 0 1
-99.6167 44.3533 92.9376 -0.95188 -0.0126706 0.306208 11.5742 0 1
-99.6182 43.1958 92.8953 -0.952384 -0.0134917 0.304604 11.8156 0 1
-99.5583 41.8819 92.9668 -0.952911 -0.0138379 0.302933 12.0355 0 1
-99.5259 40.667 92.9467 -0.953369 -0.0138016 0.301493 12.3081 0 1
-99.4108 39.159 93.2362 -0.953689 -0.0135519 0.300491 12.5195 0 1
-99.0759 38.7654 94.3103 -0.953853 -0.0132356 0.299983 12.7626 0 1
-98.6746 38.7513 95.6266 -0.953885 -0.0129088 0.299893 12.9647 0 1
-98.3431 38.8243 96.7164 -0.953833 -0.0125377 0.300077 13.1476 0 1
-98.0442 38.9004 97.6937 -0.95374 -0.0120581 0.30039 13.3933 0 1
-97.6288 38.962 98.9846 -0.953642 -0.0114335 0.300727 13.5868 0 1
-97.4689 39.864 99.522 -0.953555 -0.0106674 0.301029 13.7911 0 1
-97.46 40.9811 99.5911 -0.953483 -0.00977855 0.301289 13.9916 0 1
-97.4688 42.0927 99.6372 -0.953413 -0.00878736 0.301541 14.204 0 1
-97.4781 43.2624 99.6201 -0.953328 -0.00773509 0.301839 14.4119 0 1
-97.4733 44.416 99.6397 -0.953215 -0.00670887 0.302218 14.6462 0 1
-97.4938 45.7273 99.5921 -0.953073 -0.00583414 0.302685 14.8384 0 1
-97.5235 46.7992 99.5446 -0.952901 -0.00522984 0.303238 15.0355 0 1
-97.5448 47.8835 99.5028 -0.952692 -0.00495753 0.303897 15.3164 0 1
-97.8222 49.0839 98.6097 -0.952431 -0.00499703 0.304713 15.505 0 1
-98.1121 49.4305 97.6864 -0.952107 -0.00525738 0.305719 15.8081 0 1
-98.6298 49.2608 96.1084 -0.951731 -0.00561085 0.306883 15.9996 0 1
-98.9533 49.2425 95.1101 -0.951342 -0.00593149 0.30808 16.2053 0 1
-99.2876 49.1113 94.0416 -0.950999 -0.00612424 0.309133 16.4001 0 1
-99.5496 48.5031 93.192 -0.950755 -0.00613903 0.309883 16.695 0 1
-99.6235 46.8812 92.9588 -0.950635 -0.0059715 0.310253 16.9148 0 1
-99.6302 45.6694 92.9041 -0.950629 -0.00565482 0.310279 16.9584 0 1
-99.6276 45.4267 92.9048 -0.950695 -0.0052469 0.310084 17.1406 0 1
-99.6172 44.4113 92.9381 -0.950759 -0.00481563 0.309826 17.1406 0 1
