103.324 -15.1957 96.4422 0.977672 -6.49043e-05 0.210134 0 1 0
103.458 -16.0074 95.7646 0.978115 -0.00102395 0.20806 0.37753 0 0
103.426 -17.2012 95.8501 0.978359 -0.00153648 0.206909 0.593213 0 0
103.52 -15.9667 95.447 0.978375 -0.00154938 0.206831 0.758804 0 0
103.397 -15.2015 96.0836 0.978198 -0.00123641 0.20767 0.921559 0 0
103.444 -14.2519 95.8461 0.977906 -0.000925864 0.209041 1.24647 0 0
103.485 -12.2865 95.7461 0.977609 -0.000934222 0.210427 1.44347 0 0
103.382 -13.3758 96.1668 0.977422 -0.00141316 0.21129 1.61672 0 0
103.335 -14.3779 96.3881 0.977443 -0.00230057 0.211188 1.74165 0 0
103.181 -14.5325 97.1018 0.977719 -0.00337953 0.209893 1.91972 0 0
103.173 -13.4935 97.0222 0.978233 -0.00438462 0.207462 2.15095 0 0
103.242 -12.1041 96.8381 0.978908 -0.00509491 0.204239 2.37616 0 0
103.304 -10.783 96.6868 0.979626 -0.00538984 0.200759 2.62825 0 0
103.399 -9.362 96.2943 0.980269 -0.00527235 0.197597 2.80905 0 0
103.499 -8.42943 95.7714 0.98075 -0.00486137 0.195209 2.9842 0 0
103.493 -7.38462 95.8439 0.981023 -0.00434757 0.193845 3.25511 0 0
103.492 -5.78405 95.892 0.981086 -0.00392098 0.193534 3.42414 0 0
103.484 -4.77983 95.953 0.980967 -0.00370398 0.19414 3.63177 0 0
103.484 -3.53383 96.0186 0.980714 -0.00372433 0.195412 3.91218 0 0
103.543 -1.89547 95.7087 0.980388 -0.00393239 0.197039 4.12662 0 0
103.481 -0.630101 95.9717 0.980055 -0.00423923 0.198681 4.3225 0 0
103.438 0.530481 96.2388 0.979781 -0.00455306 0.200021 4.52139 0 0
103.457 1.74068 96.2424 0.979615 -0.00480897 0.200826 4.71089 0 0
103.445 2.88069 96.3292 0.97958 -0.00499114 0.200994 4.90124 0 0
103.477 4.0236 96.2224 0.979666 -0.00513723 0.200572 5.08391 0 0
103.496 5.11947 96.1486 0.979841 -0.0053128 0.199709 5.27054 0 0
103.511 6.24353 96.1084 0.980065 -0.00556295 0.198601 5.49848 0 0
103.727 7.06502 95.0421 0.980303 -0.0058724 0.197414 5.69893 0 0
103.7 5.82808 95.1508 0.980534 -0.00616704 0.196252 5.87191 0 0
103.72 4.76958 95.0416 0.980753 -0.00636045 0.19515 6.0504 0 0
103.706 3.68232 95.0987 0.980963 -0.00640889 0.19409 6.22992 0 0
103.66 2.60237 95.2673 0.981176 -0.00633082 0.193013 6.39603 0 0
103.722 1.6634 94.8847 0.981404 -0.0061799 0.191856 6.62456 0 0
103.71 0.250337 94.8713 0.98165 -0.00600145 0.190597 6.83607 0 0
103.76 -1.03078 94.6319 0.981904 -0.00581389 0.189292 7.0021 0 0
103.745 -2.05107 94.6721 0.982141 -0.00562681 0.188062 7.21625 0 0
103.533 -2.78199 95.7552 0.982338 -0.00546585 0.187035 7.40979 0 0
103.607 -3.87567 95.3635 0.982479 -0.00537112 0.186296 7.66679 0 0
103.626 -5.41805 95.1581 0.98256 -0.00537375 0.185867 7.9042 0 0
103.641 -6.86853 95.0381 0.982584 -0.00547903 0.185737 8.15273 0 0
103.649 -8.37182 94.942 0.982553 -0.00566505 0.185895 8.35178 0 0
103.645 -9.59531 94.9839 0.982467 -0.00588337 0.186343 8.56118 0 0
103.621 -10.875 95.1357 0.982327 -0.0060651 0.187072 8.77993 0 0
103.608 -12.2208 95.0519 0.982141 -0.00615811 0.188048 8.99478 0 0
103.608 -13.551 95.0262 0.981919 -0.00619327 0.189203 9.16954 0 0
103.613 -14.6158 94.9789 0.981673 -0.00631922 0.190469 9.44736 0 0
103.649 -16.3049 94.7633 0.98141 -0.00674416 0.191804 9.66674 0 0
103.599 -17.6442 94.9311 0.981126 -0.00760764 0.193218 9.86347 0 0
103.571 -18.8602 95.0116 0.980808 -0.00888451 0.194775 10.0247 0 0
103.589 -19.8669 94.9511 0.980432 -0.0104024 0.196584 10.204 0 0
103.62 -20.9477 94.8319 0.979971 -0.0119581 0.198781 10.3796 0 0
103.651 -21.9782 94.6434 0.979397 -0.0134457 0.201494 10.5616 0 0
103.623 -23.0718 94.6466 0.978692 -0.0149086 0.204793 10.7414 0 0
103.596 -24.1483 94.6048 0.97785 -0.0164842 0.208658 10.9797 0 0
103.587 -25.604 94.4951 0.97689 -0.0182801 0.21296 11.1434 0 0
103.553 -26.619 94.6027 0.975855 -0.0202673 0.217478 11.3616 0 0
103.543 -27.9552 94.6043 0.974811 -0.0222611 0.221918 11.569 0 0
103.485 -29.1819 94.7709 0.973844 -0.0239981 0.225945 11.7902 0 0
103.45 -30.4887 94.7581 0.973044 -0.0252533 0.229233 11.9648 0 0
103.404 -31.5436 94.8222 0.972475 -0.0259215 0.23156 12.2016 0 0
103.086 -31.1679 96.1521 0.972154 -0.0260209 0.232895 12.4092 0 0
103.102 -29.9759 96.25 0.972039 -0.0256358 0.233417 12.5939 0 0
103.179 -28.9344 96.063 0.97206 -0.0248595 0.23341 12.7731 0 0
103.219 -27.9048 95.989 0.972155 -0.023777 0.233128 13.0397 0 0
103.216 -26.3716 96.1598 0.972291 -0.0224749 0.232691 13.2164 0 0
103.233 -25.3447 96.1269 0.972469 -0.0210335 0.232082 13.4828 0 0
103.243 -23.7678 96.2964 0.972705 -0.0194929 0.231224 13.727 0 0
103.264 -22.332 96.3453 0.973012 -0.0178348 0.230064 13.9085 0 0
103.244 -21.2953 96.4824 0.973378 -0.016027 0.228645 14.0899 0 0
103.223 -20.2606 96.6426 0.973769 -0.0141049 0.227103 14.2834 0 0
103.186 -19.1457 96.8023 0.974136 -0.0122194 0.225632 14.4697 0 0
103.193 -18.0375 96.8705 0.974437 -0.0106001 0.224411 14.7005 0 0
103.242 -16.6698 96.786 0.974642 -0.00946126 0.22357 14.9001 0 0
103.188 -15.5231 97.0691 0.974736 -0.00891667 0.223182 15.0588 0 0
103.182 -14.592 97.102 0.974715 -0.00895384 0.223274 15.1916 0 0
103.023 -14.8371 97.8211 0.974583 -0.0094719 0.223826 15.4602 0 0
103.037 -16.3706 97.6698 0.974357 -0.0103492 0.224771 15.6444 0 0
103.037 -17.457 97.6207 0.974055 -0.0114935 0.226021 15.8358 0 0
103.029 -18.5779 97.5545 0.973694 -0.0128524 0.227498 16.0215 0 0
103.033 -19.6584 97.4466 0.973284 -0.0144026 0.229154 16.2064 0 0
103.051 -20.7282 97.3128 0.972829 -0.0161449 0.230961 16.4095 0 0
103.064 -21.8856 97.1714 0.972334 -0.018105 0.232893 16.6759 0 0
103.07 -23.4117 97.051 0.971806 -0.0203099 0.234904 16.888 0 0
103.062 -24.6335 96.983 0.971265 -0.0227334 0.236913 17.1859 0 0
103.041 -26.3476 96.8703 0.970744 -0.0252356 0.238787 17.4719 0 0
103.011 -27.9937 96.8068 0.970299 -0.0275458 0.240334 17.7122 0 0
102.954 -29.3724 96.9048 0.970001 -0.0293106 0.241328 17.9157 0 0
102.896 -30.5207 97.0068 0.969919 -0.0301995 0.241548 18.1611 0 0
102.874 -31.8903 96.848 0.970103 -0.0300283 0.240829 18.3827 0 0
103.075 -32.6969 95.8974 0.970569 -0.0288461 0.23909 18.5592 0 0
103.336 -32.6377 94.8968 0.971298 -0.0269282 0.236336 18.746 0 0
103.561 -31.8394 94.1386 0.972246 -0.0246588 0.232657 19.0296 0 0
103.634 -30.11 94.046 0.973352 -0.0223636 0.228225 19.2086 0 0
103.678 -29.0218 93.9621 0.974544 -0.0202044 0.223283 19.4612 0 0
103.715 -27.5026 93.8407 0.975752 -0.0181961 0.218121 19.6434 0 0
103.733 -26.3711 93.7816 0.976908 -0.0163004 0.213038 19.8575 0 0
103.748 -25.0145 93.7591 0.977958 -0.014501 0.208299 20.0563 0 0
103.768 -23.7324 93.8255 0.97887 -0.0128204 0.204082 20.3324 0 0
103.788 -22.0473 93.9179 0.979641 -0.0113 0.20044 20.4964 0 0
103.78 -21.0434 94.0365 0.980291 -0.00997407 0.197305 20.7765 0 0
103.742 -19.3236 94.1645 0.980854 -0.0088522 0.194546 20.937 0 0
103.747 -18.3101 94.163 0.981352 -0.0079217 0.192055 21.1644 0 0
103.778 -16.8817 94.0795 0.981794 -0.00716789 0.189815 21.3405 0 0
103.793 -15.783 94.0706 0.982167 -0.00659507 0.187893 21.6165 0 0
103.758 -14.0855 94.2182 0.982456 -0.0062272 0.186388 21.8811 0 0
103.735 -12.4386 94.3342 0.982653 -0.00608242 0.185357 22.0528 0 0
103.757 -11.3541 94.3594 0.982763 -0.0061393 0.184769 22.3265 0 0
103.784 -9.6397 94.2497 0.982806 -0.0063248 0.184532 22.5002 0 0
103.772 -8.54037 94.252 0.982801 -0.00654018 0.18455 22.6879 0 0
103.782 -7.34677 94.2447 0.982759 -0.00670905 0.184769 22.8902 0 0
103.789 -6.07402 94.2648 0.982681 -0.0068088 0.185178 23.0519 0 0
103.779 -5.05909 94.3412 0.98257 -0.00685856 0.185765 23.2183 0 0
103.794 -4.01138 94.358 0.982432 -0.00687421 0.186496 23.4141 0 0
103.84 -2.81524 94.1585 0.982277 -0.00682744 0.187311 23.5758 0 0
103.873 -1.8155 93.9782 0.982117 -0.00664271 0.188154 23.8125 0 0
103.877 -0.308059 94.038 0.981957 -0.00624466 0.189 24.0048 0 0
103.861 0.890849 94.1483 0.981795 -0.00563373 0.189859 24.1692 0 0
103.855 1.92039 94.2196 0.981626 -0.00493268 0.190749 24.3377 0 0
103.849 2.96885 94.3178 0.98145 -0.00435355 0.191669 24.6265 0 0
103.858 4.76117 94.3404 0.981274 -0.00409049 0.192573 24.7882 0 0
103.855 5.76148 94.3563 0.981108 -0.00420184 0.193417 25.0804 0 0
103.88 7.58621 94.2335 0.980943 -0.00456432 0.194243 25.2417 0 0
103.889 8.5999 94.202 0.980742 -0.00494537 0.195248 25.4325 0 0
103.87 9.78719 94.2707 0.980442 -0.00515353 0.196739 25.6044 0 0
103.868 10.8553 94.3196 0.979986 -0.00515437 0.198998 25.8044 0 0
103.895 12.0751 94.3154 0.979337 -0.00505915 0.20217 26.0113 0 0
103.922 13.3036 94.1947 0.978491 -0.00500061 0.20623 26.1907 0 0
103.998 14.3837 93.9231 0.977467 -0.00500618 0.211029 26.4602 0 0
104.053 16.0061 93.5838 0.976312 -0.00497191 0.21631 26.6313 0 0
104.057 17.0762 93.4536 0.975093 -0.00474479 0.221745 26.8279 0 0
104.093 18.3785 93.3623 0.973886 -0.00423197 0.226998 26.9982 0 0
104.103 19.4979 93.3679 0.972752 -0.00344974 0.231822 27.2436 0 0
104.061 21.0602 93.7067 0.971724 -0.00248951 0.236107 27.4853 0 0
103.986 22.5036 94.0859 0.970805 -0.00143965 0.239866 27.6823 0 0
103.931 23.6916 94.2752 0.969979 -0.000319712 0.243188 27.9161 0 0
103.888 25.1078 94.4351 0.969221 0.000931264 0.246192 28.1198 0 0
103.879 26.3321 94.4216 0.968501 0.00239939 0.248998 28.2917 0 0
103.89 27.3821 94.4182 0.967805 0.00410345 0.251667 28.4716 0 0
103.898 28.4686 94.35 0.967147 0.00593243 0.25415 28.6971 0 0
103.952 29.8315 94.1814 0.966573 0.00766803 0.256277 28.9014 0 0
103.98 31.0675 94.032 0.96615 0.00908019 0.257821 29.1549 0 0
103.882 32.6008 94.3577 0.965938 0.010026 0.258579 29.4687 0 0
103.371 32.6488 96.2033 0.965972 0.0104875 0.258433 29.6623 0 0
103.232 31.6966 96.8076 0.966253 0.0105389 0.25738 29.9469 0 0
103.237 30.0639 96.8857 0.966745 0.0102818 0.255534 30.1316 0 0
103.228 29.0013 96.9445 0.967388 0.00980228 0.253109 30.3895 0 0
103.222 27.5003 96.9586 0.968104 0.00917497 0.250381 30.6359 0 0
103.261 26.0569 96.8517 0.968818 0.0084939 0.247628 30.8468 0 0
103.321 24.836 96.6715 0.969469 0.00788107 0.245086 31.0292 0 0
103.375 23.7684 96.5127 0.970014 0.00744741 0.242933 31.3253 0 0
103.411 22.0224 96.4144 0.970429 0.00722935 0.241279 31.5313 0 0
103.366 20.8231 96.6171 0.970712 0.00715135 0.240141 31.7152 0 0
103.321 19.7673 96.8299 0.970895 0.00705235 0.239401 31.9067 0 0
103.268 18.6775 97.0406 0.971043 0.00676587 0.238811 32.0953 0 0
103.251 17.5885 97.1681 0.971233 0.0061986 0.23805 32.2719 0 0
103.266 16.5627 97.1853 0.971537 0.00535532 0.236829 32.457 0 0
103.282 15.5003 97.1671 0.971992 0.00430846 0.234973 32.6417 0 0
103.292 14.4414 97.1637 0.972599 0.00314944 0.23247 32.828 0 0
103.297 13.3736 97.1721 0.973321 0.00195307 0.229441 33.0831 0 0
103.319 11.93 97.0476 0.974107 0.000763206 0.226085 33.3769 0 0
103.348 10.232 96.8604 0.974909 -0.000399183 0.222603 33.6241 0 0
103.399 8.76564 96.6665 0.975686 -0.00150745 0.219166 33.8165 0 0
103.446 7.63074 96.4691 0.97641 -0.00250227 0.215908 34.0342 0 0
103.374 6.37555 96.7563 0.977055 -0.00329849 0.21296 34.2215 0 0
103.338 5.27936 96.8979 0.977592 -0.00383104 0.210474 34.4176 0 0
103.309 4.13053 97.0042 0.977985 -0.0041041 0.208634 34.7227 0 0
103.292 2.33395 97.0233 0.978202 -0.00420138 0.207615 34.9746 0 0
103.302 0.839685 96.9439 0.978222 -0.00424902 0.207519 35.1767 0 0
103.304 -0.350157 96.8189 0.978052 -0.00436081 0.208317 35.4634 0 0
103.351 -2.06742 96.6552 0.977726 -0.00460743 0.209835 35.6372 0 0
103.352 -3.09647 96.6659 0.977304 -0.00501894 0.211784 35.8089 0 0
103.358 -4.10736 96.6588 0.976855 -0.00558294 0.213831 35.985 0 0
103.359 -5.13571 96.6154 0.976443 -0.00621295 0.215686 36.1645 0 0
103.356 -6.18828 96.5919 0.976112 -0.0067358 0.217166 36.3518 0 0
103.338 -7.28272 96.6289 0.975874 -0.00696385 0.218222 36.5529 0 0
103.289 -8.44855 96.8006 0.975718 -0.00681875 0.218923 36.7461 0 0
103.201 -9.54723 97.1366 0.975612 -0.00639129 0.21941 36.9739 0 0
103.141 -10.8749 97.4589 0.975518 -0.00588096 0.219842 37.1642 0 0
103.071 -11.9502 97.6243 0.975407 -0.00547928 0.220343 37.3378 0 0
102.999 -12.9446 97.7513 0.975266 -0.0052926 0.220973 37.4973 0 0
103.008 -13.9046 97.8182 0.975097 -0.00533544 0.221716 37.6399 0 0
102.838 -14.2026 98.5791 0.974919 -0.00556008 0.222489 37.9415 0 0
102.85 -12.4796 98.4767 0.974764 -0.00588137 0.223163 38.1499 0 0
102.942 -11.2868 98.3121 0.974665 -0.00618896 0.223585 38.3376 0 0
102.986 -10.2641 98.111 0.97466 -0.00636914 0.223602 38.5424 0 0
103.05 -9.13879 97.7971 0.974779 -0.00634747 0.223081 38.7607 0 0
103.135 -7.89421 97.4892 0.97504 -0.00612297 0.221947 38.9682 0 0
103.179 -6.70219 97.3385 0.97543 -0.00575621 0.220236 39.1496 0 0
103.196 -5.66324 97.3108 0.975902 -0.00532199 0.218144 39.3497 0 0
103.199 -4.51825 97.3418 0.976378 -0.00487399 0.216015 39.5312 0 0
103.199 -3.47545 97.3809 0.976773 -0.00444068 0.21423 39.7105 0 0
103.187 -2.45005 97.4255 0.977028 -0.00403058 0.213072 39.8852 0 0
103.168 -1.45102 97.51 0.977122 -0.00363124 0.212647 40.1555 0 0
103.149 0.0889149 97.6364 0.977065 -0.00321371 0.212915 40.3585 0 0
103.158 1.26585 97.7193 0.976874 -0.00274923 0.2138 40.6443 0 0
103.135 2.88566 97.7851 0.976551 -0.00222211 0.215277 40.8417 0 0
103.134 4.02979 97.7798 0.976091 -0.00162337 0.217356 41.1634 0 0
103.194 5.89316 97.5807 0.975498 -0.000930719 0.220008 41.4607 0 0
103.248 7.59417 97.3804 0.974796 -9.69607e-05 0.223097 41.7261 0 0
103.218 9.12867 97.4847 0.974036 0.000932877 0.226393 41.9219 0 0
103.178 10.2754 97.6172 0.973272 0.00217555 0.229647 42.1793 0 0
103.148 11.786 97.7833 0.97255 0.00356445 0.232666 42.3748 0 0
103.12 12.8956 97.8813 0.971901 0.00494714 0.235338 42.566 0 0
103.101 13.9773 97.9157 0.971344 0.00614176 0.237597 42.7547 0 0
103.102 15.0587 97.9146 0.970895 0.00702124 0.239404 42.9396 0 0
103.089 16.1102 97.9255 0.970556 0.00756743 0.240757 43.1196 0 0
103.073 17.1336 97.9239 0.970314 0.00785934 0.241722 43.3041 0 0
103.074 18.1764 97.8461 0.970135 0.00801312 0.242432 43.4945 0 0
103.107 19.2451 97.6707 0.969977 0.00812687 0.243063 43.6866 0 0
103.163 20.3208 97.4582 0.969789 0.00826853 0.243806 43.8783 0 0
103.211 21.3916 97.2599 0.969525 0.00850277 0.244846 44.0698 0 0
103.237 22.4773 97.1387 0.969143 0.0089224 0.246338 44.2682 0 0
103.196 23.6192 97.231 0.968615 0.00964609 0.24838 44.5347 0 0
103.105 25.1414 97.4838 0.967936 0.0107639 0.250968 44.7584 0 0
103.055 26.4294 97.6459 0.967136 0.0122528 0.253964 45.042 0 0
103.034 28.052 97.6899 0.966287 0.0139236 0.257091 45.2348 0 0
103.043 29.1623 97.6517 0.965488 0.0154556 0.259988 45.4322 0 0
103.038 30.2843 97.583 0.96484 0.0165085 0.26232 45.6318 0 0
103.023 31.4326 97.5671 0.96441 0.01684 0.263874 45.824 0 0
103 32.5322 97.5212 0.964222 0.0163549 0.264591 45.9902 0 0
103.143 33.2737 96.9308 0.964262 0.0150884 0.264521 46.1773 0 0
103.441 33.4847 95.9016 0.964501 0.0131823 0.263751 46.4022 0 0
103.808 33.4523 94.6256 0.964908 0.0108754 0.262363 46.6548 0 0
104.167 32.9383 93.2527 0.965453 0.00846669 0.260438 46.8839 0 0
104.165 31.4606 93.3047 0.966109 0.00621941 0.25806 47.0774 0 0
104.15 30.2176 93.4286 0.966848 0.00426251 0.255317 47.2757 0 0
104.118 28.9807 93.5619 0.967643 0.00257245 0.252309 47.4396 0 0
104.095 27.9701 93.6451 0.968457 0.00105559 0.249177 47.6271 0 0
104.053 26.8253 93.6957 0.969241 -0.000337637 0.246113 47.7881 0 0
104.047 25.8086 93.7054 0.969951 -0.00156083 0.243295 48.0138 0 0
104.106 24.3912 93.6382 0.970578 -0.00251989 0.240773 48.2199 0 0
104.16 23.1741 93.4501 0.971167 -0.00317384 0.23838 48.5126 0 0
104.231 21.4565 93.0246 0.971799 -0.00360177 0.235783 48.745 0 0
104.27 20.0415 92.6877 0.97255 -0.00397749 0.232659 48.9086 0 0
104.288 18.9559 92.5882 0.973443 -0.00446151 0.228887 49.0744 0 0
104.267 17.8463 92.6244 0.974433 -0.0050899 0.224619 49.2263 0 0
104.24 16.8382 92.7242 0.975433 -0.00574902 0.220222 49.4454 0 0
104.217 15.3946 92.942 0.976348 -0.00625187 0.216115 49.6548 0 0
104.122 14.1059 93.201 0.977117 -0.00645396 0.212605 49.8107 0 0
104.068 13.1257 93.4294 0.977723 -0.00633488 0.209803 50.0776 0 0
104.036 11.4492 93.5785 0.978189 -0.00600691 0.207632 50.2577 0 0
104.013 10.3592 93.5386 0.978552 -0.00565504 0.20592 50.4309 0 0
104.02 9.2766 93.4827 0.978852 -0.00544813 0.204497 50.594 0 0
104.051 8.2263 93.4796 0.979113 -0.00547108 0.203243 50.8014 0 0
104.037 6.94251 93.5156 0.979354 -0.00570654 0.202074 51.0097 0 0
104.013 5.64772 93.5373 0.979592 -0.00606374 0.200905 51.2277 0 0
104.007 4.2616 93.5773 0.979844 -0.00642963 0.199659 51.4204 0 0
104.001 3.04803 93.5375 0.980116 -0.0067084 0.198313 51.6062 0 0
104.001 1.86758 93.4643 0.980392 -0.00682808 0.196936 51.8103 0 0
104.017 0.545543 93.3456 0.980649 -0.00673235 0.19566 52.037 0 0
104.022 -0.922149 93.2679 0.98086 -0.00639364 0.194612 52.2135 0 0
104.001 -2.05753 93.281 0.981014 -0.00584136 0.19385 52.4354 0 0
103.967 -3.51394 93.4573 0.981117 -0.00516185 0.193348 52.6248 0 0
103.94 -4.71446 93.521 0.981184 -0.00446171 0.193021 52.7929 0 0
103.947 -5.7886 93.4662 0.981238 -0.00383277 0.192764 53.0668 0 0
103.927 -7.55436 93.4757 0.981294 -0.00333904 0.192487 53.2528 0 0
103.913 -8.7612 93.5089 0.981364 -0.00301161 0.192135 53.4696 0 0
103.93 -10.1819 93.5514 0.98145 -0.00284966 0.191699 53.6542 0 0
103.899 -11.3645 93.6001 0.981545 -0.00284128 0.19121 53.8494 0 0
103.875 -12.6148 93.5565 0.981633 -0.00299098 0.190755 54.0709 0 0
103.907 -14.0422 93.4563 0.98168 -0.0033212 0.190508 54.2998 0 0
103.932 -15.5016 93.3634 0.981626 -0.00384233 0.190774 54.4976 0 0
103.922 -16.7422 93.3295 0.981396 -0.00452272 0.19194 54.7262 0 0
103.893 -18.202 93.3635 0.98092 -0.00529311 0.19434 54.919 0 0
103.903 -19.4591 93.3712 0.980162 -0.00608977 0.198104 55.1342 0 0
103.932 -20.8166 93.2792 0.97913 -0.00690327 0.203117 55.3419 0 0
103.927 -22.0814 93.1596 0.977868 -0.00779527 0.209079 55.5601 0 0
103.921 -23.4846 93.053 0.976439 -0.00888069 0.215611 55.8383 0 0
103.929 -25.2798 92.9858 0.974918 -0.0103015 0.222328 56.0927 0 0
103.901 -26.9214 93.0454 0.97338 -0.0122037 0.228873 56.2726 0 0
103.87 -28.0855 93.1379 0.971897 -0.0147 0.234946 56.4528 0 0
103.857 -29.2246 93.2433 0.970527 -0.0178033 0.240333 56.7293 0 0
103.78 -30.9166 93.3517 0.96931 -0.0213601 0.244911 56.9897 0 0
103.734 -32.5868 93.4177 0.968277 -0.0250428 0.248621 57.1631 0 0
103.52 -33.371 94.1161 0.967457 -0.0284319 0.251432 57.3366 0 0
103.249 -33.5052 95.1219 0.96688 -0.0311475 0.253323 57.5309 0 0
102.953 -33.4936 96.2178 0.966564 -0.0329463 0.254299 57.7393 0 0
102.716 -32.8808 97.2318 0.966507 -0.0337441 0.254411 57.949 0 0
102.657 -31.7743 97.6828 0.96668 -0.0335901 0.253776 58.2862 0 0
102.73 -29.8842 97.726 0.967027 -0.0326338 0.252576 58.5593 0 0
102.808 -28.3718 97.5758 0.96748 -0.0310942 0.251028 58.7535 0 0
102.835 -27.2725 97.5644 0.967972 -0.0292127 0.249352 58.9875 0 0
102.861 -25.9309 97.6435 0.968448 -0.0271914 0.247727 59.2017 0 0
102.884 -24.7193 97.7223 0.968876 -0.0251441 0.246268 59.5238 0 0
102.892 -22.9158 97.8292 0.969242 -0.0230946 0.245024 59.7098 0 0
102.874 -21.876 97.934 0.969546 -0.0210271 0.244006 60.0005 0 0
102.867 -20.2316 98.1021 0.969789 -0.0189549 0.243208 60.2053 0 0
102.862 -19.0761 98.2254 0.969972 -0.0169627 0.242623 60.3984 0 0
102.861 -17.9742 98.326 0.970097 -0.0152006 0.242241 60.5763 0 0
102.859 -16.9587 98.3872 0.970167 -0.0138365 0.242044 60.7872 0 0
102.85 -15.7523 98.4887 0.970191 -0.0129898 0.241995 61.0152 0 0
102.842 -14.4461 98.5772 0.970181 -0.0126853 0.24205 61.1522 0 0
102.652 -14.5507 99.3288 0.970148 -0.0128615 0.242171 61.4898 0 0
102.669 -16.4289 99.1871 0.970097 -0.0134295 0.242345 61.6695 0 0
102.678 -17.4372 99.0916 0.970023 -0.01433 0.242589 61.8519 0 0
102.677 -18.4628 99.0206 0.969916 -0.0155455 0.242943 62.0479 0 0
102.685 -19.5539 98.8901 0.969757 -0.0170724 0.243476 62.2664 0 0
102.687 -20.7741 98.776 0.96952 -0.0188938 0.244284 62.4537 0 0
102.686 -21.8206 98.6919 0.969176 -0.0209736 0.245476 62.6366 0 0
102.708 -22.8392 98.568 0.968708 -0.0232622 0.24711 62.9243 0 0
102.701 -24.434 98.4809 0.968129 -0.0257055 0.249128 63.1395 0 0
102.674 -25.6185 98.4175 0.967485 -0.028256 0.251344 63.3579 0 0
102.655 -26.84 98.3277 0.966839 -0.0308788 0.253515 63.5741 0 0
102.626 -28.0674 98.315 0.96624 -0.0335312 0.255453 63.7688 0 0
102.567 -29.1578 98.4102 0.965711 -0.0361111 0.257097 63.9805 0 0
102.483 -30.3305 98.5339 0.965246 -0.0384174 0.258503 64.2126 0 0
102.436 -31.6223 98.5076 0.964833 -0.0401656 0.259778 64.3956 0 0
102.456 -32.6107 98.2592 0.96446 -0.0410637 0.261017 64.6111 0 0
102.536 -33.7226 97.7864 0.964132 -0.0409013 0.262253 64.8055 0 0
102.741 -34.243 96.857 0.963864 -0.0396067 0.263432 64.9838 0 0
103.008 -34.2664 95.8637 0.963687 -0.0372582 0.264421 65.1601 0 0
103.295 -34.2564 94.8694 0.963635 -0.0340613 0.265043 65.3832 0 0
103.64 -34.1924 93.608 0.963731 -0.0303018 0.265151 65.5472 0 0
103.905 -33.9458 92.6715 0.96398 -0.0262826 0.264674 65.7396 0 0
103.959 -32.7197 92.6001 0.964375 -0.0222702 0.2636 65.9052 0 0
103.956 -31.6712 92.652 0.964926 -0.0184746 0.261871 66.0818 0 0
103.978 -30.5291 92.6056 0.965675 -0.0150507 0.259315 66.2794 0 0
104.046 -29.241 92.5021 0.966681 -0.0121036 0.255699 66.4912 0 0
104.061 -27.9115 92.3551 0.967965 -0.00969326 0.250899 66.6529 0 0
104.097 -26.8459 92.2767 0.969478 -0.00783236 0.245055 66.8874 0 0
104.129 -25.3262 92.2207 0.971101 -0.00647685 0.238582 67.0614 0 0
104.121 -24.1899 92.2499 0.972691 -0.00553327 0.232038 67.3236 0 0
104.074 -22.4985 92.3284 0.974125 -0.00489932 0.225955 67.4865 0 0
104.078 -21.3935 92.4301 0.975324 -0.00450349 0.220735 67.7406 0 0
104.064 -19.7419 92.5865 0.976246 -0.00430213 0.216622 68.0316 0 0
104.037 -17.9129 92.5893 0.976882 -0.00424665 0.213738 68.2373 0 0
104.084 -16.511 92.5918 0.977236 -0.00426635 0.212111 68.4637 0 0
104.078 -15.0424 92.6109 0.977328 -0.00428664 0.211687 68.6201 0 0
104.059 -14.0258 92.6837 0.977194 -0.00426653 0.212306 68.7759 0 0
104.035 -13.0027 92.7555 0.976891 -0.00422758 0.213695 69.0065 0 0
104.049 -11.4642 92.8452 0.976493 -0.0042496 0.215509 69.1624 0 0
104.083 -10.4425 92.8338 0.976072 -0.0044241 0.217404 69.3979 0 0
104.072 -8.92229 92.7567 0.975694 -0.00479202 0.219083 69.597 0 0
104.097 -7.58939 92.7071 0.975418 -0.00531766 0.220298 69.749 0 0
104.121 -6.58327 92.647 0.975288 -0.00592081 0.22086 69.9118 0 0
104.109 -5.52358 92.6699 0.975328 -0.00652979 0.220665 70.0891 0 0
104.096 -4.35539 92.7276 0.975534 -0.00710316 0.219736 70.2574 0 0
104.134 -3.23448 92.6267 0.975867 -0.00760427 0.218231 70.4964 0 0
104.171 -1.64084 92.5482 0.976266 -0.0079581 0.216429 70.6628 0 0
104.186 -0.547143 92.5571 0.976648 -0.008046 0.214696 70.8721 0 0
104.172 0.813195 92.6076 0.976924 -0.00776678 0.213444 71.0246 0 0
104.152 1.82287 92.6854 0.977017 -0.00711975 0.213041 71.278 0 0
104.165 3.52998 92.8199 0.976876 -0.00623487 0.213717 71.4401 0 0
104.171 4.55659 92.7849 0.976492 -0.00532529 0.215488 71.6531 0 0
104.17 5.93967 92.7346 0.975902 -0.00459824 0.218163 71.8941 0 0
104.215 7.55195 92.7494 0.975164 -0.00417971 0.221446 72.0886 0 0
104.195 8.74836 92.7292 0.97432 -0.00409166 0.225131 72.2469 0 0
104.17 9.7696 92.7374 0.973361 -0.0042831 0.22924 72.418 0 0
104.182 10.9047 92.8101 0.972231 -0.00468182 0.233978 72.5794 0 0
104.211 11.9388 92.8129 0.970892 -0.0052278 0.23946 72.7518 0 0
104.228 12.9901 92.6726 0.969399 -0.00587017 0.245422 72.9192 0 0
104.295 14.0474 92.4319 0.967918 -0.00653913 0.251181 73.1753 0 0
104.403 15.7317 92.1338 0.966668 -0.00713277 0.255935 73.4146 0 0
104.446 17.2827 91.9187 0.9658 -0.00755145 0.25918 73.569 0 0
104.472 18.3368 91.8366 0.965321 -0.00775619 0.260951 73.7319 0 0
104.485 19.4591 91.8542 0.965109 -0.00778756 0.261732 73.8924 0 0
104.448 20.5281 92.0178 0.964997 -0.00771844 0.262149 74.1102 0 0
104.384 21.9523 92.3671 0.964846 -0.00758213 0.262708 74.2778 0 0
104.335 23.0189 92.6353 0.96458 -0.00733477 0.263689 74.4753 0 0
104.302 24.2722 92.8769 0.964173 -0.00687801 0.265185 74.7603 0 0
104.222 26.0296 92.9696 0.963635 -0.00612098 0.267151 74.9219 0 0
104.251 27.1106 92.9578 0.963003 -0.00502902 0.269443 75.0869 0 0
104.299 28.1815 92.8943 0.962332 -0.00361694 0.271855 75.2717 0 0
104.319 29.3445 92.8016 0.961677 -0.00189649 0.274179 75.4656 0 0
104.344 30.582 92.679 0.961084 0.000165931 0.276255 75.6509 0 0
104.389 31.7885 92.564 0.960583 0.00263053 0.277982 75.829 0 0
104.403 32.9276 92.4573 0.96019 0.00550713 0.279293 75.9856 0 0
104.318 33.9093 92.6787 0.95992 0.00867497 0.28014 76.1559 0 0
104.041 34.1764 93.7372 0.959784 0.0118608 0.28049 76.3933 0 0
103.646 34.2372 95.1623 0.959788 0.0146966 0.280341 76.5879 0 0
103.316 34.257 96.266 0.959932 0.01683 0.279729 76.7783 0 0
102.989 34.1754 97.3414 0.960202 0.0180331 0.278724 76.9985 0 0
102.773 33.2629 98.2163 0.960573 0.0182631 0.277426 77.2624 0 0
102.808 31.7667 98.277 0.961011 0.0176551 0.275946 77.4437 0 0
102.83 30.7431 98.2956 0.96148 0.016461 0.274383 77.6834 0 0
102.845 29.3802 98.3478 0.961956 0.0149738 0.272793 77.9531 0 0
102.843 27.8474 98.4252 0.962437 0.0134745 0.27117 78.1321 0 0
102.848 26.8346 98.4267 0.962941 0.0122036 0.269437 78.3302 0 0
102.884 25.7253 98.3264 0.963497 0.0113343 0.267481 78.5281 0 0
102.938 24.6302 98.1499 0.964128 0.0109346 0.265211 78.7071 0 0
102.998 23.6292 97.9752 0.964837 0.0109386 0.26262 78.9982 0 0
103.02 21.972 97.9626 0.965596 0.0111598 0.259808 79.196 0 0
102.985 20.8522 98.1088 0.966354 0.0113624 0.256963 79.3737 0 0
102.945 19.859 98.2904 0.967066 0.011362 0.254272 79.5728 0 0
102.895 18.7555 98.5031 0.967711 0.0110944 0.251818 79.7553 0 0
102.886 17.7284 98.637 0.968309 0.0106063 0.249529 79.937 0 0
102.893 16.7209 98.6729 0.968905 0.00997557 0.247232 80.1209 0 0
102.911 15.6992 98.66 0.969535 0.00922825 0.244777 80.3163 0 0
102.915 14.6079 98.6573 0.970201 0.00832248 0.242159 80.5182 0 0
102.914 13.4642 98.6523 0.970862 0.00721183 0.239529 80.7408 0 0
102.937 12.1993 98.5827 0.971463 0.00592387 0.237117 80.9736 0 0
102.987 10.8766 98.4439 0.971966 0.00457496 0.235077 81.2138 0 0
103.036 9.52923 98.2864 0.972379 0.00330929 0.233383 81.4679 0 0
103.072 8.07018 98.1863 0.972753 0.00222214 0.231832 81.6652 0 0
103.057 6.951 98.2198 0.973148 0.00132506 0.230175 81.9205 0 0
103.001 5.51504 98.3874 0.973597 0.000559647 0.228273 82.1701 0 0
102.956 4.1025 98.5457 0.974086 -0.000166209 0.226179 82.3575 0 0
102.94 3.03279 98.5565 0.974564 -0.000940118 0.22411 82.6444 0 0
102.993 1.36604 98.4848 0.974968 -0.00181151 0.222338 82.8596 0 0
102.997 0.170708 98.4109 0.97525 -0.00277106 0.221087 83.0928 0 0
103 -1.12655 98.3099 0.975388 -0.00376131 0.220463 83.2911 0 0
103.018 -2.2264 98.2114 0.975386 -0.00472075 0.220453 83.4803 0 0
103.035 -3.27742 98.1297 0.975269 -0.0056243 0.220949 83.6642 0 0
103.037 -4.30497 98.0677 0.97507 -0.00648116 0.221805 83.8438 0 0
103.033 -5.31431 98.0367 0.974811 -0.00730087 0.222914 84.1503 0 0
102.995 -7.02874 98.1235 0.974493 -0.00807239 0.224272 84.3532 0 0
102.939 -8.1573 98.3174 0.974096 -0.0087731 0.225966 84.5923 0 0
102.847 -9.46786 98.6844 0.973595 -0.00938294 0.228089 84.8005 0 0
102.786 -10.619 98.9737 0.972991 -0.00987976 0.230631 84.9816 0 0
102.737 -11.6052 99.1354 0.972324 -0.0102259 0.233413 85.2186 0 0
102.673 -12.8943 99.2863 0.971672 -0.0103728 0.236105 85.3987 0 0
102.654 -13.8845 99.343 0.971129 -0.0102916 0.238331 85.5405 0 0
102.449 -13.9242 100.106 0.97077 -0.0100067 0.239803 85.7236 0 0
102.487 -12.9174 100.048 0.970622 -0.00960137 0.240418 85.9133 0 0
102.533 -11.8942 99.9333 0.970661 -0.00918491 0.240278 86.1016 0 0
102.579 -10.8822 99.7964 0.970825 -0.00884888 0.239625 86.3076 0 0
102.645 -9.78282 99.5651 0.97105 -0.00864201 0.238721 86.5099 0 0
102.713 -8.71292 99.2676 0.971285 -0.00856419 0.237764 86.7462 0 0
102.799 -7.4314 98.943 0.971508 -0.00856142 0.236851 87.0113 0 0
102.852 -5.96315 98.7751 0.97171 -0.00853203 0.236021 87.1963 0 0
102.864 -4.93817 98.7682 0.971882 -0.00836838 0.235318 87.3863 0 0
102.866 -3.88585 98.8188 0.972006 -0.00801837 0.234819 87.5813 0 0
102.855 -2.80732 98.9084 0.972057 -0.00751135 0.234623 87.7856 0 0
102.834 -1.6839 99.0172 0.972018 -0.00691527 0.234806 88.0038 0 0
102.824 -0.492969 99.1238 0.971884 -0.00625849 0.235378 88.2425 0 0
102.828 0.803266 99.206 0.97167 -0.00548959 0.236277 88.4524 0 0
102.785 1.94434 99.2813 0.971399 -0.00451575 0.237412 88.749 0 0
102.757 3.63297 99.3245 0.971081 -0.00328335 0.238729 88.929 0 0
102.769 4.66324 99.3243 0.970706 -0.00182533 0.240264 89.2097 0 0
102.846 6.21577 99.0597 0.970242 -0.000237775 0.242136 89.5143 0 0
102.879 7.92463 98.9485 0.969654 0.00138217 0.244475 89.7321 0 0
102.878 9.15127 99.0127 0.968929 0.00297711 0.247319 89.986 0 0
102.818 10.5355 99.1648 0.968093 0.00452264 0.250549 90.203 0 0
102.761 11.7337 99.2901 0.967209 0.00599542 0.253912 90.5147 0 0
102.718 13.4759 99.399 0.966353 0.00735047 0.257114 90.7291 0 0
102.722 14.666 99.3888 0.965593 0.0085214 0.259919 90.9155 0 0
102.712 15.6949 99.3949 0.964968 0.0094379 0.262197 91.2124 0 0
102.691 17.3196 99.4112 0.964488 0.010053 0.263936 91.4173 0 0
102.697 18.4202 99.3099 0.964134 0.0103731 0.265213 91.7409 0 0
102.758 20.1463 98.9785 0.963865 0.0104796 0.266185 91.9695 0 0
102.8 21.3937 98.7829 0.963622 0.010529 0.267061 92.1631 0 0
102.818 22.4717 98.6598 0.963335 0.0107283 0.268086 92.3934 0 0
102.786 23.774 98.7282 0.962933 0.0112985 0.269504 92.6074 0 0
102.712 24.952 98.9614 0.962356 0.0124381 0.271507 92.81 0 0
102.664 26.07 99.1145 0.961574 0.0142755 0.274175 93.0135 0 0
102.63 27.1883 99.1989 0.960599 0.0168003 0.27743 93.1992 0 0
102.641 28.2206 99.1378 0.959496 0.0197962 0.281024 93.4019 0 0
102.636 29.3627 99.0587 0.958373 0.0228275 0.284606 93.6152 0 0
102.627 30.5675 99.0132 0.95735 0.0253098 0.287819 93.8363 0 0
102.593 31.7942 98.994 0.956523 0.0266521 0.290438 94.0537 0 0
102.542 33.007 99.0417 0.95591 0.0264304 0.292466 94.2582 0 0
102.508 34.12 98.9494 0.955452 0.0245344 0.294126 94.4482 0 0
102.719 34.798 98.187 0.955042 0.0212227 0.295709 94.6474 0 0
103.025 34.9945 97.1599 0.954606 0.0170452 0.297383 94.9214 0 0
103.471 35.0004 95.695 0.954147 0.0126619 0.299071 95.1168 0 0
103.813 34.9606 94.6051 0.953747 0.00862866 0.300487 95.3076 0 0
104.103 34.9366 93.5204 0.953517 0.00524049 0.301293 95.559 0 0
104.561 34.7859 92.0328 0.953546 0.00249718 0.301238 95.7109 0 0
104.708 33.9191 91.5683 0.953874 0.000199715 0.300206 95.994 0 0
104.612 32.1003 91.8241 0.954508 -0.00188406 0.29818 96.1789 0 0
104.569 30.9255 91.9477 0.955409 -0.00387895 0.295262 96.3423 0 0
104.533 29.8632 92.0439 0.956478 -0.00575654 0.291749 96.507 0 0
104.52 28.7682 92.1348 0.957543 -0.00739085 0.288194 96.6826 0 0
104.495 27.6443 92.1958 0.958395 -0.00866211 0.285313 96.8531 0 0
104.454 26.5497 92.2367 0.958849 -0.00953699 0.283757 97.0073 0 0
104.438 25.5371 92.2321 0.958815 -0.0100876 0.283854 97.2303 0 0
104.485 24.0573 92.0852 0.958338 -0.0104567 0.285444 97.4441 0 0
104.54 22.6864 91.7838 0.957606 -0.0107954 0.28788 97.7024 0 0
104.658 21.018 91.3596 0.956898 -0.0111951 0.29021 97.8816 0 0
104.724 19.8603 91.14 0.956505 -0.01164 0.291484 98.0351 0 0
104.725 18.8597 91.0914 0.956633 -0.012003 0.291049 98.2006 0 0
104.699 17.7759 91.1322 0.957338 -0.0121044 0.288718 98.3609 0 0
104.647 16.7107 91.242 0.958522 -0.0118202 0.284774 98.5307 0 0
104.58 15.584 91.4058 0.959989 -0.0111718 0.279813 98.7115 0 0
104.519 14.3789 91.5961 0.961526 -0.0103253 0.274518 98.8633 0 0
104.45 13.3995 91.8017 0.962971 -0.00950778 0.269439 99.0238 0 0
104.406 12.3592 92.0209 0.964236 -0.00891025 0.264896 99.3325 0 0
104.36 10.4078 92.0179 0.965295 -0.00862636 0.261021 99.487 0 0
104.378 9.39038 91.9576 0.966147 -0.00863029 0.257846 99.6625 0 0
104.391 8.23093 92.002 0.966804 -0.00879178 0.25537 99.8582 0 0
104.38 7.00442 91.9906 0.967273 -0.00893234 0.253582 100.061 0 0
104.332 5.70616 91.9693 0.967565 -0.00890421 0.252465 100.216 0 0
104.349 4.62752 91.982 0.9677 -0.00864994 0.251958 100.494 0 0
104.338 2.79667 91.998 0.967713 -0.00820825 0.251919 100.73 0 0
104.349 1.23832 91.9016 0.967665 -0.00766789 0.252123 100.909 0 0
104.343 0.013552 91.8433 0.967625 -0.0071116 0.252291 101.086 0 0
104.357 -1.21669 91.8096 0.967663 -0.00659976 0.25216 101.256 0 0
104.346 -2.34594 91.8331 0.967834 -0.00619135 0.251514 101.415 0 0
104.32 -3.39675 91.8735 0.968174 -0.005947 0.250207 101.679 0 0
104.306 -5.16316 91.8829 0.968694 -0.00588807 0.248189 101.857 0 0
104.314 -6.35485 91.869 0.96936 -0.00596055 0.245571 102.011 0 0
104.287 -7.38577 91.9267 0.970086 -0.00605569 0.242685 102.161 0 0
104.26 -8.39159 91.9869 0.970742 -0.00606985 0.240049 102.337 0 0
104.259 -9.59435 92.0379 0.971188 -0.00594697 0.238242 102.544 0 0
104.23 -10.9564 92.104 0.971313 -0.005677 0.237736 102.709 0 0
104.207 -12.0375 92.0798 0.971062 -0.00526878 0.238769 103 0 0
104.212 -13.9778 91.9058 0.970441 -0.00473421 0.24129 103.167 0 0
104.249 -15.1295 91.8587 0.969516 -0.00410134 0.244994 103.452 0 0
104.242 -17.0168 91.8476 0.968389 -0.00343465 0.249422 103.605 0 0
104.244 -18.0268 91.8395 0.967177 -0.00282577 0.254087 103.907 0 0
104.223 -20.0114 91.8125 0.965987 -0.00235403 0.258582 104.074 0 0
104.262 -21.1536 91.6664 0.964884 -0.00205512 0.262669 104.343 0 0
104.302 -22.9803 91.5282 0.96388 -0.00192631 0.26633 104.501 0 0
104.328 -24.0319 91.4869 0.962932 -0.00196155 0.269736 104.68 0 0
104.339 -25.1802 91.4504 0.961979 -0.00219502 0.273113 104.852 0 0
104.327 -26.3117 91.4936 0.960995 -0.00273746 0.276551 105.033 0 0
104.285 -27.483 91.5874 0.960022 -0.00378876 0.279897 105.287 0 0
104.236 -29.1498 91.7512 0.959166 -0.00560548 0.282787 105.519 0 0
104.189 -30.6582 91.9007 0.958558 -0.00841451 0.284773 105.749 0 0
104.164 -32.156 91.914 0.958306 -0.0122975 0.285481 105.916 0 0
104.186 -33.2477 91.8062 0.958449 -0.0171023 0.284752 106.154 0 0
104.11 -34.7787 91.9992 0.95894 -0.022439 0.282719 106.31 0 0
103.807 -34.9021 92.9444 0.95966 -0.0277757 0.279788 106.487 0 0
103.508 -34.9754 94.0185 0.960459 -0.0325898 0.276508 106.665 0 0
103.199 -35 95.0337 0.961211 -0.0364992 0.273389 106.886 0 0
102.839 -35.0121 96.3138 0.961847 -0.0393184 0.270749 107.165 0 0
102.444 -34.8409 97.8816 0.96236 -0.0410392 0.26866 107.349 0 0
102.3 -34.1421 98.6214 0.96279 -0.0417644 0.267005 107.585 0 0
102.25 -32.9076 98.976 0.963189 -0.0416337 0.265582 107.791 0 0
102.221 -31.803 99.2423 0.963602 -0.0407763 0.264214 108.009 0 0
102.236 -30.5979 99.3707 0.964046 -0.0393076 0.262811 108.275 0 0
102.358 -29.1367 99.1717 0.964513 -0.0373562 0.261379 108.476 0 0
102.43 -28.0291 99.0678 0.964971 -0.0350817 0.26 108.739 0 0
102.469 -26.5733 99.0888 0.965385 -0.0326534 0.258778 108.968 0 0
102.487 -25.297 99.1845 0.965725 -0.0302035 0.257805 109.23 0 0
102.521 -23.8515 99.2351 0.965972 -0.0277963 0.257149 109.427 0 0
102.52 -22.778 99.3033 0.966116 -0.0254465 0.256851 109.648 0 0
102.504 -21.5699 99.4373 0.96616 -0.0231719 0.256901 109.843 0 0
102.487 -20.503 99.5951 0.966124 -0.0210287 0.257219 110.139 0 0
102.485 -18.8948 99.7476 0.966051 -0.0190959 0.257646 110.328 0 0
102.487 -17.8572 99.7881 0.965992 -0.0174237 0.257984 110.646 0 0
102.48 -16.0924 99.9432 0.966004 -0.0159979 0.258033 110.867 0 0
102.455 -14.8949 100.069 0.966132 -0.0147509 0.257627 110.934 0 0
102.451 -14.5244 100.09 0.966408 -0.0136074 0.256654 111.088 0 0
102.238 -14.2626 100.86 0.96684 -0.0125285 0.255074 111.341 0 0
102.295 -12.877 100.791 0.967411 -0.0115249 0.25295 111.528 0 0
102.339 -11.8834 100.68 0.968072 -0.0106421 0.250447 111.726 0 0
102.382 -10.8246 100.56 0.968762 -0.00993415 0.247795 111.956 0 0
102.451 -9.60067 100.322 0.969423 -0.0094385 0.245216 112.177 0 0
102.543 -8.43808 99.9905 0.970016 -0.00914117 0.24287 112.376 0 0
102.626 -7.38944 99.6773 0.970524 -0.00894137 0.24084 112.62 0 0
102.674 -6.0572 99.5189 0.970941 -0.00865919 0.239164 112.837 0 0
102.69 -4.86962 99.4965 0.97126 -0.00811132 0.237883 113.039 0 0
102.687 -3.75878 99.5595 0.971464 -0.00721005 0.237077 113.236 0 0
102.669 -2.67312 99.6666 0.971525 -0.00600989 0.23686 113.435 0 0
102.647 -1.58274 99.7792 0.971416 -0.00467124 0.237339 113.64 0 0
102.648 -0.458927 99.8779 0.97112 -0.00336999 0.238567 113.858 0 0
102.653 0.704413 99.9537 0.970649 -0.00220796 0.240492 114.058 0 0
102.604 1.77027 100.045 0.970039 -0.00117318 0.242945 114.303 0 0
102.559 3.15293 100.109 0.969348 -0.000165759 0.245693 114.576 0 0
102.576 4.71273 100.08 0.968626 0.00093663 0.248521 114.846 0 0
102.657 6.19023 99.833 0.967905 0.00221832 0.251308 115.036 0 0
102.677 7.2161 99.7329 0.967188 0.00369765 0.254035 115.328 0 0
102.681 8.81917 99.7333 0.966467 0.0053294 0.256737 115.615 0 0
102.629 10.3723 99.8998 0.965736 0.00702182 0.259433 115.84 0 0
102.576 11.582 100.027 0.965004 0.0086559 0.262091 116.154 0 0
102.525 13.2835 100.136 0.9643 0.0101033 0.264621 116.437 0 0
102.524 14.8249 100.121 0.963657 0.0112455 0.266905 116.641 0 0
102.499 15.9209 100.127 0.963106 0.0119999 0.268855 116.827 0 0
102.476 16.9314 100.164 0.962648 0.0123538 0.270473 117.161 0 0
102.492 18.7248 100.008 0.962256 0.0123942 0.271864 117.395 0 0
102.541 19.9661 99.7577 0.961879 0.0123111 0.273199 117.583 0 0
102.58 20.9775 99.5782 0.961466 0.0123652 0.274646 117.896 0 0
102.606 22.6872 99.4038 0.960976 0.0128325 0.276333 118.093 0 0
102.573 23.7772 99.4909 0.96038 0.0139573 0.278345 118.355 0 0
102.484 25.1918 99.7801 0.959652 0.015928 0.280738 118.538 0 0
102.437 26.1866 99.8921 0.958777 0.0188669 0.283531 118.82 0 0
102.43 27.7377 99.9009 0.957752 0.0228093 0.286688 119.025 0 0
102.43 28.8539 99.8071 0.956599 0.0276552 0.290092 119.239 0 0
102.424 30.0272 99.7345 0.955376 0.0330917 0.293532 119.456 0 0
102.39 31.2224 99.7053 0.954191 0.0385185 0.296709 119.664 0 0
102.34 32.3694 99.7528 0.95319 0.0430574 0.299289 119.89 0 0
102.257 33.6008 99.8128 0.952512 0.045719 0.30105 120.137 0 0
102.254 34.9219 99.5761 0.952191 0.0457011 0.302067 120.321 0 0
102.463 35.5402 98.8028 0.952104 0.0426825 0.30278 120.524 0 0
102.786 35.7545 97.7587 0.952009 0.0369552 0.303831 120.806 0 0
103.261 35.7721 96.2768 0.951664 0.0293351 0.305737 121.018 0 0
103.636 35.7206 95.1365 0.950959 0.0209087 0.30861 121.206 0 0
103.956 35.6793 94.0942 0.949971 0.0127361 0.312078 121.393 0 0
104.264 35.6434 93.0283 0.948934 0.00561774 0.315424 121.574 0 0
104.602 35.6313 91.974 0.94814 -2.41753e-05 0.317854 121.787 0 0
105.043 35.4673 90.7481 0.94782 -0.00413991 0.31878 122.011 0 0
104.993 34.0196 90.7864 0.948056 -0.00694885 0.318027 122.175 0 0
104.899 32.9847 90.9967 0.948761 -0.0087909 0.315873 122.334 0 0
104.846 31.9685 91.1406 0.949726 -0.00999225 0.312923 122.567 0 0
104.78 30.4876 91.2836 0.950716 -0.010784 0.309876 122.753 0 0
104.733 29.2773 91.3907 0.951543 -0.0112837 0.307308 122.919 0 0
104.717 28.1732 91.4518 0.952105 -0.0115288 0.305554 123.092 0 0
104.694 27.0456 91.4867 0.952376 -0.0115385 0.304707 123.275 0 0
104.668 25.8501 91.5002 0.952386 -0.0113664 0.304682 123.475 0 0
104.676 24.527 91.4244 0.952196 -0.0111139 0.305286 123.626 0 0
104.719 23.5297 91.2538 0.951892 -0.0109004 0.306239 123.794 0 0
104.8 22.4511 90.9603 0.951597 -0.0108106 0.307159 124.014 0 0
104.896 21.0409 90.6166 0.951468 -0.0108547 0.307555 124.24 0 0
104.969 19.5752 90.3709 0.951671 -0.0109627 0.306923 124.443 0 0
104.954 18.2311 90.3821 0.952311 -0.0110105 0.304931 124.605 0 0
104.916 17.1741 90.456 0.953378 -0.0108694 0.301583 124.769 0 0
104.851 16.1144 90.6007 0.954748 -0.0104587 0.297233 124.926 0 0
104.8 15.0852 90.7198 0.956223 -0.009775 0.292477 125.107 0 0
104.719 13.9059 90.9003 0.957598 -0.00888067 0.28797 125.272 0 0
104.618 12.8333 91.1539 0.958717 -0.00787297 0.284254 125.432 0 0
104.563 11.7653 91.3193 0.959495 -0.00686839 0.281643 125.682 0 0
104.572 10.0955 91.2224 0.959924 -0.00600052 0.280198 125.835 0 0
104.586 9.05957 91.189 0.960047 -0.00539888 0.279786 126.036 0 0
104.586 7.73833 91.2528 0.959942 -0.00514061 0.280152 126.236 0 0
104.564 6.48475 91.2203 0.9597 -0.00521175 0.280978 126.396 0 0
104.583 5.40798 91.1699 0.959417 -0.00551469 0.281937 126.622 0 0
104.555 3.90703 91.2749 0.959178 -0.00591616 0.282742 126.803 0 0
104.549 2.71851 91.2438 0.959053 -0.00630775 0.283155 127.072 0 0
104.563 0.911054 91.1444 0.959107 -0.0066575 0.282965 127.235 0 0
104.558 -0.19333 91.1239 0.959397 -0.00702528 0.281971 127.472 0 0
104.552 -1.78298 91.0682 0.959952 -0.00751243 0.280065 127.628 0 0
104.537 -2.81023 91.1103 0.960727 -0.00816209 0.277376 127.824 0 0
104.535 -4.14175 91.1495 0.961592 -0.00888723 0.27434 128.122 0 0
104.516 -6.05503 91.0838 0.962366 -0.00949321 0.271591 128.279 0 0
104.496 -7.14243 91.146 0.962886 -0.00977852 0.269731 128.553 0 0
104.452 -8.99736 91.2581 0.963056 -0.00963613 0.269129 128.762 0 0
104.427 -10.4046 91.3438 0.962856 -0.00909347 0.269861 128.981 0 0
104.379 -11.8383 91.3469 0.962328 -0.0082808 0.271764 129.174 0 0
104.411 -13.1476 91.2336 0.961553 -0.00735677 0.274522 129.348 0 0
104.445 -14.2955 91.1336 0.960636 -0.00644075 0.277736 129.499 0 0
104.453 -15.2991 91.1124 0.959697 -0.0055942 0.280981 129.702 0 0
104.45 -16.6551 91.1142 0.95885 -0.00484727 0.283873 129.933 0 0
104.455 -18.186 91.0959 0.958176 -0.00422559 0.286149 130.097 0 0
104.452 -19.2641 91.0622 0.957703 -0.00374804 0.287733 130.336 0 0
104.488 -20.8537 90.9262 0.957394 -0.00341148 0.288764 130.504 0 0
104.52 -21.9658 90.814 0.957153 -0.00319114 0.289564 130.733 0 0
104.538 -23.4808 90.7352 0.956852 -0.00305971 0.29056 130.942 0 0
104.563 -24.859 90.6807 0.956367 -0.00300928 0.292152 131.105 0 0
104.565 -25.9288 90.704 0.95563 -0.00307113 0.294555 131.319 0 0
104.501 -27.3125 90.8532 0.954664 -0.00334105 0.297666 131.488 0 0
104.47 -28.4321 90.9574 0.953604 -0.0040029 0.301038 131.716 0 0
104.43 -29.9251 91.1027 0.952658 -0.00532235 0.303996 131.969 0 0
104.385 -31.5773 91.2132 0.952051 -0.00759139 0.305846 132.215 0 0
104.433 -33.1993 91.0863 0.951938 -0.0110325 0.306093 132.429 0 0
104.535 -34.54 90.7605 0.952356 -0.0156906 0.304586 132.578 0 0
104.39 -35.4064 91.1584 0.953217 -0.0213522 0.301533 132.778 0 0
103.976 -35.6311 92.3807 0.954354 -0.0275419 0.297404 132.942 0 0
103.676 -35.6731 93.3568 0.955595 -0.0336199 0.29276 133.153 0 0
103.299 -35.7147 94.5808 0.956813 -0.0389478 0.288084 133.34 0 0
102.979 -35.7442 95.6529 0.957945 -0.0430461 0.283705 133.631 0 0
102.527 -35.7281 97.3307 0.958977 -0.0456778 0.279781 133.813 0 0
102.27 -35.5931 98.3088 0.959914 -0.0468407 0.276353 134.123 0 0
102.04 -34.3466 99.4794 0.960768 -0.0466934 0.273395 134.441 0 0
102.025 -32.6556 99.8102 0.961544 -0.0454689 0.270862 134.664 0 0
101.985 -31.4696 100.136 0.962238 -0.0434173 0.268725 134.945 0 0
102.074 -29.9151 100.077 0.962837 -0.0407896 0.266985 135.146 0 0
102.174 -28.8283 99.8927 0.963324 -0.0378307 0.265661 135.342 0 0
102.234 -27.7519 99.8167 0.963682 -0.0347575 0.26478 135.588 0 0
102.275 -26.3931 99.8406 0.963904 -0.0317278 0.264354 135.888 0 0
102.301 -24.7307 99.9525 0.96399 -0.0288282 0.264371 136.192 0 0
102.33 -23.0664 100.011 0.963955 -0.0260962 0.264782 136.457 0 0
102.31 -21.6312 100.156 0.963823 -0.0235626 0.265499 136.694 0 0
102.287 -20.3453 100.34 0.963628 -0.0212883 0.266398 136.941 0 0
102.287 -18.9954 100.461 0.963412 -0.0193678 0.267326 137.284 0 0
102.27 -17.1333 100.647 0.963216 -0.0178978 0.26813 137.639 0 0
102.25 -15.2107 100.799 0.96308 -0.0169348 0.268684 137.64 0 0
102.25 -15.2087 100.799 0.963025 -0.0164812 0.268909 137.784 0 0
102.039 -15.3969 101.531 0.963057 -0.0165102 0.268791 138.05 0 0
102.058 -16.8402 101.407 0.963163 -0.0170002 0.268379 138.281 0 0
102.082 -18.0761 101.267 0.963319 -0.017946 0.267759 138.519 0 0
102.079 -19.3556 101.179 0.963493 -0.0193451 0.267035 138.711 0 0
102.088 -20.3928 101.054 0.96366 -0.0211792 0.266293 138.954 0 0
102.108 -21.7058 100.886 0.963799 -0.0234071 0.265601 139.169 0 0
102.129 -22.8759 100.753 0.963892 -0.0259719 0.265023 139.494 0 0
102.108 -24.6449 100.68 0.963918 -0.0288232 0.264634 139.733 0 0
102.074 -25.9441 100.64 0.963851 -0.0319457 0.264518 139.939 0 0
102.058 -27.0748 100.544 0.963674 -0.0353654 0.264729 140.192 0 0
101.984 -28.4707 100.631 0.963385 -0.0391084 0.265256 140.413 0 0
101.889 -29.6686 100.804 0.962997 -0.0431208 0.266041 140.693 0 0
101.768 -31.1887 100.987 0.962528 -0.047198 0.267045 140.906 0 0
101.799 -32.3072 100.673 0.961979 -0.0509749 0.268324 141.13 0 0
101.827 -33.4985 100.366 0.961326 -0.0539875 0.270071 141.316 0 0
101.788 -34.5059 100.302 0.96051 -0.0557672 0.272601 141.644 0 0
101.937 -36.0297 99.4026 0.95945 -0.0559283 0.276273 141.923 0 0
102.294 -36.4439 97.9739 0.958067 -0.054244 0.281364 142.123 0 0
102.592 -36.4913 96.8996 0.956319 -0.0507116 0.287892 142.341 0 0
102.925 -36.4646 95.7055 0.95425 -0.0455835 0.295515 142.516 0 0
103.224 -36.4252 94.7132 0.952003 -0.0393272 0.303551 142.796 0 0
103.714 -36.3891 93.1211 0.949806 -0.0325181 0.311144 143.015 0 0
104.132 -36.3895 91.8612 0.947916 -0.0257152 0.317482 143.18 0 0
104.488 -36.4247 90.8716 0.946545 -0.0193766 0.32199 143.365 0 0
104.902 -36.0772 89.747 0.945808 -0.0138304 0.324433 143.529 0 0
104.876 -34.9647 89.8252 0.945695 -0.0092751 0.324922 143.743 0 0
104.711 -33.6399 90.2726 0.946095 -0.00578404 0.323839 143.899 0 0
104.654 -32.6435 90.4531 0.94683 -0.00331659 0.321716 144.056 0 0
104.632 -31.6326 90.494 0.947717 -0.00174514 0.319108 144.229 0 0
104.637 -30.5051 90.437 0.948597 -0.00089024 0.316487 144.409 0 0
104.68 -29.3201 90.3017 0.949365 -0.000549279 0.314174 144.677 0 0
104.722 -27.5709 90.1565 0.949981 -0.00052011 0.312307 144.919 0 0
104.786 -26.0014 89.9514 0.950462 -0.000624957 0.310841 145.1 0 0
104.799 -24.7859 89.9187 0.950867 -0.00073031 0.309599 145.272 0 0
104.793 -23.6499 89.9458 0.951272 -0.000759761 0.308353 145.511 0 0
104.765 -22.1083 90.0199 0.951734 -0.000703745 0.306924 145.692 0 0
104.738 -20.926 90.1503 0.952276 -0.000622701 0.305237 145.922 0 0
104.693 -19.4427 90.3266 0.952889 -0.000630197 0.30332 146.094 0 0
104.67 -18.338 90.3733 0.953544 -0.000851242 0.301253 146.357 0 0
104.673 -16.6123 90.3896 0.954214 -0.00137188 0.299121 146.53 0 0
104.68 -15.4916 90.3674 0.954872 -0.00220503 0.29701 146.734 0 0
104.667 -14.1711 90.3965 0.955484 -0.00328497 0.295024 146.888 0 0
104.624 -13.1741 90.5203 0.956008 -0.00448729 0.293307 147.048 0 0
104.608 -12.128 90.5881 0.956401 -0.00566751 0.292003 147.256 0 0
104.61 -10.7545 90.6272 0.956632 -0.00670771 0.291221 147.435 0 0
104.648 -9.56488 90.5435 0.956696 -0.00755071 0.290989 147.61 0 0
104.686 -8.41279 90.4696 0.956607 -0.00820315 0.291267 147.826 0 0
104.72 -6.96973 90.3762 0.956389 -0.00870604 0.291967 147.983 0 0
104.761 -5.9087 90.297 0.956072 -0.00908971 0.292991 148.239 0 0
104.767 -4.18308 90.357 0.955685 -0.00934005 0.294243 148.405 0 0
104.772 -3.08962 90.3473 0.955257 -0.00939889 0.295628 148.575 0 0
104.78 -1.97097 90.3137 0.954818 -0.00920025 0.297047 148.731 0 0
104.778 -0.930819 90.3657 0.954401 -0.00872016 0.298399 148.98 0 0
104.781 0.725049 90.4324 0.954031 -0.00801276 0.299602 149.14 0 0
104.787 1.79488 90.4635 0.953718 -0.00721604 0.300617 149.363 0 0
104.772 3.27195 90.5384 0.953457 -0.00652392 0.301458 149.527 0 0
104.809 4.34948 90.4311 0.953228 -0.00613257 0.30219 149.778 0 0
104.804 5.99829 90.458 0.953004 -0.00617967 0.302894 149.959 0 0
104.793 7.19605 90.4906 0.952759 -0.00669968 0.303655 150.132 0 0
104.792 8.33501 90.5117 0.95247 -0.00761004 0.304536 150.362 0 0
104.811 9.84008 90.4554 0.952126 -0.00873199 0.305581 150.565 0 0
104.783 11.1862 90.5799 0.95172 -0.00984236 0.306809 150.75 0 0
104.829 12.4155 90.4798 0.951261 -0.0107425 0.3082 150.901 0 0
104.935 13.3746 90.2014 0.950774 -0.0113175 0.309678 151.105 0 0
105.02 14.7066 90.0186 0.950301 -0.0115584 0.311119 151.294 0 0
105.08 15.9355 89.9014 0.949889 -0.0115383 0.312374 151.505 0 0
105.16 17.2998 89.7269 0.949575 -0.0113601 0.313335 151.699 0 0
105.198 18.5737 89.6633 0.94936 -0.011112 0.313994 151.953 0 0
105.193 20.2419 89.7043 0.949205 -0.0108488 0.314471 152.127 0 0
105.118 21.3648 89.9462 0.949039 -0.0105986 0.314982 152.279 0 0
105.049 22.3317 90.1935 0.94878 -0.0103824 0.315766 152.46 0 0
104.958 23.4719 90.5192 0.948365 -0.0102428 0.317014 152.683 0 0
104.911 24.9221 90.7207 0.947749 -0.0102709 0.31885 152.849 0 0
104.914 26.0102 90.7498 0.946907 -0.0106015 0.321333 153.091 0 0
104.926 27.5849 90.7652 0.94584 -0.0113561 0.324436 153.262 0 0
104.945 28.7225 90.7186 0.944604 -0.0125409 0.327973 153.412 0 0
104.979 29.7203 90.6672 0.943337 -0.0139439 0.331545 153.599 0 0
105.042 30.9343 90.5228 0.942247 -0.0150949 0.334578 153.763 0 0
105.092 31.9982 90.4257 0.94156 -0.0153336 0.336495 154.009 0 0
105.228 33.5677 90.133 0.941429 -0.0139766 0.336921 154.271 0 0
105.422 35.2053 89.7498 0.941872 -0.010517 0.335808 154.46 0 0
105.281 36.3269 90.2067 0.942768 -0.00478296 0.333416 154.622 0 0
104.905 36.3793 91.1809 0.94391 0.00299489 0.330189 154.809 0 0
104.511 36.4105 92.2905 0.945082 0.0122155 0.326606 154.994 0 0
104.18 36.3727 93.333 0.946121 0.0220194 0.323064 155.229 0 0
103.749 36.4395 94.6684 0.946956 0.0314468 0.31982 155.421 0 0
103.392 36.5178 95.7584 0.947607 0.039602 0.316974 155.64 0 0
102.983 36.5511 96.9467 0.948153 0.0457923 0.314499 155.859 0 0
102.6 36.529 98.1367 0.948683 0.0496207 0.312311 156.05 0 0
102.286 36.4007 99.1416 0.949259 0.0510193 0.310331 156.286 0 0
102.003 35.656 100.175 0.949893 0.0502167 0.308515 156.472 0 0
101.951 34.7104 100.548 0.950571 0.0476445 0.30683 156.69 0 0
102.012 33.5219 100.583 0.951276 0.0438186 0.305212 157.016 0 0
102.144 31.7675 100.436 0.952002 0.0392477 0.303566 157.224 0 0
102.197 30.6412 100.402 0.952753 0.0343979 0.301792 157.446 0 0
102.206 29.433 100.482 0.953537 0.029689 0.299811 157.662 0 0
102.207 28.2599 100.562 0.954356 0.0254794 0.297584 157.867 0 0
102.195 27.1491 100.676 0.955205 0.0220222 0.295126 158.086 0 0
102.221 25.9634 100.63 0.956067 0.0194223 0.292506 158.306 0 0
102.28 24.7759 100.5 0.956911 0.0176302 0.289845 158.495 0 0
102.348 23.7924 100.274 0.957701 0.0164807 0.287293 158.786 0 0
102.381 22.2132 100.187 0.9584 0.0157512 0.284992 159.035 0 0
102.359 20.8456 100.343 0.958986 0.0152194 0.283043 159.282 0 0
102.314 19.5231 100.58 0.959452 0.014703 0.281489 159.487 0 0
102.276 18.44 100.791 0.959807 0.014079 0.280309 159.676 0 0
102.255 17.4411 100.909 0.960074 0.0132853 0.279429 159.867 0 0
102.269 16.4223 100.894 0.960292 0.0123131 0.278725 160.087 0 0
102.31 15.2362 100.842 0.960511 0.0111941 0.278018 160.397 0 0
102.321 13.5801 100.871 0.960797 0.00999071 0.277073 160.666 0 0
102.347 12.1385 100.82 0.961226 0.00879645 0.275622 160.885 0 0
102.385 10.9667 100.727 0.961854 0.00773115 0.273453 161.075 0 0
102.428 9.94842 100.612 0.962691 0.00690054 0.270516 161.329 0 0
102.468 8.58138 100.476 0.963675 0.0063209 0.267001 161.549 0 0
102.467 7.38151 100.494 0.964695 0.00586651 0.263305 161.753 0 0
102.447 6.27229 100.581 0.965626 0.00530328 0.259882 161.999 0 0
102.382 4.96637 100.842 0.966378 0.00440204 0.257088 162.189 0 0
102.38 3.94099 100.841 0.966916 0.00305611 0.255078 162.396 0 0
102.382 2.80622 100.862 0.967254 0.0013291 0.253806 162.601 0 0
102.422 1.66145 100.808 0.967446 -0.000585293 0.253079 162.797 0 0
102.462 0.601997 100.711 0.967558 -0.00245623 0.252635 163.027 0 0
102.465 -0.607712 100.614 0.967658 -0.00410661 0.252233 163.264 0 0
102.468 -1.85191 100.498 0.967784 -0.00546388 0.251724 163.473 0 0
102.486 -2.98783 100.387 0.967936 -0.0065648 0.251109 163.674 0 0
102.507 -4.08463 100.271 0.968078 -0.00752745 0.250537 163.87 0 0
102.51 -5.16437 100.217 0.968146 -0.00850126 0.250242 164.061 0 0
102.49 -6.21625 100.25 0.968082 -0.00960538 0.250448 164.251 0 0
102.452 -7.24782 100.388 0.967853 -0.0108811 0.251281 164.509 0 0
102.332 -8.57863 100.836 0.967462 -0.0122873 0.252718 164.73 0 0
102.243 -9.73697 101.143 0.96695 -0.0137356 0.254594 165.019 0 0
102.168 -11.2822 101.36 0.966386 -0.0151266 0.256652 165.223 0 0
102.123 -12.3697 101.485 0.965848 -0.0163609 0.258593 165.413 0 0
102.067 -13.3701 101.59 0.965414 -0.0173346 0.260146 165.616 0 0
102.034 -14.4507 101.601 0.965142 -0.0179436 0.261112 165.676 0 0
102.033 -14.7764 101.583 0.965061 -0.0180995 0.261398 165.816 0 0
101.829 -14.7978 102.319 0.965171 -0.0177508 0.261018 166.002 0 0
101.832 -13.7949 102.388 0.965439 -0.0169051 0.260079 166.192 0 0
101.866 -12.7755 102.371 0.965816 -0.0156497 0.258754 166.393 0 0
101.951 -11.7281 102.167 0.966239 -0.014154 0.25726 166.585 0 0
101.992 -10.7166 102.056 0.966643 -0.0126398 0.255814 166.794 0 0
102.048 -9.6118 101.899 0.966977 -0.0113187 0.254611 167.094 0 0
102.179 -8.06651 101.474 0.9672 -0.0103119 0.253807 167.293 0 0
102.247 -7.04248 101.216 0.967286 -0.00959208 0.253507 167.504 0 0
102.297 -5.91654 101.01 0.967228 -0.00898624 0.253752 167.711 0 0
102.309 -4.78228 100.995 0.967039 -0.00825318 0.254494 167.9 0 0
102.294 -3.74375 101.096 0.966753 -0.00719531 0.255612 168.088 0 0
102.263 -2.72446 101.248 0.966406 -0.00574399 0.256956 168.33 0 0
102.275 -1.40187 101.27 0.966026 -0.00397711 0.258415 168.563 0 0
102.235 -0.18015 101.504 0.96562 -0.00207141 0.259949 168.753 0 0
102.241 0.819837 101.508 0.965182 -0.000223351 0.261577 168.989 0 0
102.21 2.07776 101.596 0.964703 0.00142 0.263338 169.177 0 0
102.174 3.08694 101.678 0.964176 0.00279474 0.265248 169.401 0 0
102.195 4.30658 101.547 0.963609 0.00391831 0.267286 169.709 0 0
102.227 5.95967 101.381 0.963016 0.00486586 0.269402 169.915 0 0
102.252 7.07001 101.261 0.962412 0.00573745 0.271534 170.157 0 0
102.267 8.37722 101.181 0.961811 0.00662534 0.273633 170.389 0 0
102.223 9.63315 101.325 0.961222 0.00759207 0.275672 170.606 0 0
102.181 10.8077 101.439 0.960649 0.00866158 0.277632 170.935 0 0
102.128 12.572 101.573 0.960102 0.00981358 0.279479 171.177 0 0
102.107 13.8633 101.595 0.959596 0.0109764 0.281166 171.368 0 0
102.103 14.885 101.573 0.959145 0.0120345 0.282659 171.561 0 0
102.071 15.9092 101.61 0.958743 0.0128685 0.283984 171.882 0 0
102.035 17.629 101.636 0.958363 0.013415 0.285236 172.119 0 0
102.052 18.8788 101.518 0.957968 0.0137045 0.286547 172.349 0 0
102.107 20.0713 101.255 0.957523 0.0138596 0.288022 172.538 0 0
102.12 21.0818 101.141 0.957018 0.0140714 0.289688 172.729 0 0
102.167 22.0939 100.914 0.956462 0.0145747 0.291492 173.038 0 0
102.105 23.7854 101.075 0.955876 0.0156193 0.293354 173.296 0 0
101.995 25.1415 101.403 0.955273 0.0174291 0.295212 173.488 0 0
101.971 26.168 101.437 0.954652 0.0201565 0.297041 173.708 0 0
101.956 27.3481 101.406 0.954006 0.0238466 0.298837 173.954 0 0
101.986 28.6767 101.222 0.95333 0.0284179 0.30059 174.192 0 0
101.988 29.9641 101.158 0.952629 0.0336582 0.302267 174.408 0 0
101.957 31.1134 101.136 0.951918 0.0392305 0.303832 174.6 0 0
101.882 32.1357 101.191 0.951216 0.0446929 0.305271 174.799 0 0
101.805 33.2142 101.26 0.950544 0.0495403 0.306614 175.016 0 0
101.678 34.3698 101.454 0.949917 0.0532602 0.30793 175.209 0 0
101.711 35.3663 101.134 0.949346 0.0553815 0.309315 175.411 0 0
101.718 36.4374 100.868 0.94882 0.0555071 0.310902 175.616 0 0
101.97 37.0492 99.9544 0.948288 0.053345 0.312897 175.814 0 0
102.282 37.3064 98.9307 0.94765 0.0487629 0.315564 176.039 0 0
102.668 37.2833 97.7427 0.946787 0.0418662 0.319126 176.27 0 0
103.092 37.3126 96.4998 0.945614 0.0330612 0.323607 176.555 0 0
103.61 37.3809 94.9523 0.944138 0.0230525 0.328744 176.725 0 0
103.956 37.2711 94.011 0.942484 0.0127456 0.334007 177.021 0 0
104.497 37.2092 92.3477 0.940868 0.00307521 0.338759 177.262 0 0
104.999 37.1693 90.9991 0.939526 -0.00518415 0.342437 177.431 0 0
105.386 37.4073 90.0518 0.938648 -0.0115587 0.344684 177.647 0 0
105.849 36.9414 88.848 0.938324 -0.0159219 0.34539 177.94 0 0
105.691 34.9976 89.0304 0.938547 -0.0184451 0.344658 178.1 0 0
105.642 33.9468 89.0484 0.939226 -0.0194897 0.342746 178.378 0 0
105.388 32.2365 89.5988 0.940216 -0.0194861 0.34002 178.552 0 0
105.305 31.1158 89.7883 0.94135 -0.0188335 0.336905 178.771 0 0
105.221 29.6838 89.9867 0.942469 -0.0178384 0.333817 178.989 0 0
105.21 28.2712 89.9378 0.943455 -0.0167023 0.331081 179.145 0 0
105.194 27.2367 89.9657 0.944251 -0.0155556 0.328858 179.315 0 0
105.16 26.1238 90.0107 0.944867 -0.0145069 0.327132 179.535 0 0
105.204 24.7002 89.8296 0.945356 -0.013666 0.325754 179.688 0 0
105.19 23.6948 89.8182 0.945782 -0.0131272 0.324538 179.878 0 0
105.289 22.4976 89.4721 0.946195 -0.0129313 0.323338 180.029 0 0
105.424 21.5889 89.0731 0.946622 -0.0130391 0.322082 180.302 0 0
105.448 19.7985 88.9487 0.947071 -0.0133285 0.320748 180.455 0 0
105.434 18.7805 88.967 0.947548 -0.0136145 0.319322 180.626 0 0
105.433 17.6507 88.93 0.948063 -0.0136909 0.317789 180.783 0 0
105.377 16.6201 89.0272 0.948615 -0.0133871 0.316151 180.978 0 0
105.272 15.3488 89.2813 0.949187 -0.0126225 0.314458 181.158 0 0
105.292 14.1632 89.1602 0.949746 -0.0114368 0.312813 181.383 0 0
105.135 12.7358 89.5585 0.950247 -0.0099871 0.311336 181.567 0 0
105.05 11.5355 89.7661 0.95066 -0.00851069 0.310118 181.826 0 0
105.036 9.82002 89.7372 0.950972 -0.00725999 0.309191 182.002 0 0
105.047 8.63704 89.713 0.951195 -0.00642375 0.308523 182.159 0 0
105.054 7.60036 89.6822 0.951355 -0.00606255 0.308037 182.415 0 0
105.036 5.91558 89.7348 0.951487 -0.00609457 0.30763 182.571 0 0
105.145 4.94584 89.4028 0.951623 -0.00634924 0.307202 182.843 0 0
104.999 3.21688 89.8448 0.951791 -0.00665977 0.306676 182.999 0 0
105.042 2.20871 89.6805 0.952008 -0.00693196 0.305995 183.167 0 0
105.007 1.10091 89.7395 0.952284 -0.00715074 0.305129 183.36 0 0
105.026 -0.178039 89.6264 0.952622 -0.00734257 0.304069 183.531 0 0
105.002 -1.30898 89.6431 0.953011 -0.00753618 0.302842 183.698 0 0
105.019 -2.42323 89.5496 0.953427 -0.00774106 0.301525 183.911 0 0
105.01 -3.84931 89.5862 0.953827 -0.00793716 0.300252 184.068 0 0
105.028 -4.88214 89.4962 0.954158 -0.00807148 0.299195 184.314 0 0
104.967 -6.51927 89.5972 0.954368 -0.00806632 0.298524 184.483 0 0
104.908 -7.65075 89.7311 0.954427 -0.00784167 0.298343 184.651 0 0
104.941 -8.77926 89.6063 0.954331 -0.00734886 0.298661 184.865 0 0
104.846 -10.1561 89.8835 0.954104 -0.00660608 0.299404 185.079 0 0
104.869 -11.5518 89.7571 0.953779 -0.00571272 0.300454 185.246 0 0
104.814 -12.6453 89.897 0.953393 -0.00481963 0.301693 185.403 0 0
104.93 -13.623 89.5535 0.952973 -0.00406367 0.303027 185.581 0 0
104.937 -14.8198 89.5375 0.95254 -0.00350867 0.304392 185.849 0 0
104.89 -16.5952 89.6852 0.952104 -0.00313098 0.305759 186.131 0 0
104.899 -18.4481 89.6792 0.951664 -0.00284849 0.307128 186.325 0 0
104.939 -19.7102 89.5815 0.951213 -0.00255916 0.308523 186.513 0 0
105.036 -20.8593 89.2366 0.950737 -0.00216235 0.309991 186.67 0 0
104.994 -21.8842 89.3269 0.950216 -0.00156992 0.311588 186.882 0 0
105.046 -23.2648 89.1631 0.949629 -0.000726177 0.313377 187.05 0 0
105.047 -24.3633 89.158 0.948949 0.00036773 0.315431 187.259 0 0
105.04 -25.7443 89.1904 0.948136 0.00165684 0.31786 187.415 0 0
104.998 -26.7663 89.3154 0.947135 0.00308181 0.32082 187.63 0 0
104.923 -28.1635 89.5429 0.945875 0.00464139 0.324498 187.807 0 0
104.946 -29.3352 89.4827 0.944295 0.00639451 0.329038 187.959 0 0
104.932 -30.3354 89.5661 0.942376 0.00835962 0.334451 188.163 0 0
104.909 -31.6787 89.69 0.94019 0.0103652 0.340492 188.342 0 0
104.956 -32.843 89.5914 0.937941 0.0119737 0.346588 188.507 0 0
105.016 -33.9153 89.4497 0.935961 0.0125587 0.35188 188.687 0 0
105.174 -34.9867 89.0179 0.934641 0.0115027 0.355407 188.85 0 0
105.362 -35.9863 88.6303 0.934309 0.00839954 0.356366 189.004 0 0
105.458 -37.0184 88.5006 0.935117 0.00316855 0.354326 189.187 0 0
104.999 -37.2378 89.6228 0.936996 -0.00394221 0.349317 189.359 0 0
104.55 -37.4013 90.6799 0.93969 -0.0124296 0.341802 189.515 0 0
104.164 -37.3424 91.6689 0.942836 -0.0216401 0.332554 189.767 0 0
103.663 -37.2216 93.1763 0.946064 -0.0308724 0.322506 189.94 0 0
103.359 -37.1905 94.1517 0.949073 -0.0394615 0.312575 190.126 0 0
103.034 -37.2485 95.1829 0.951679 -0.0468462 0.303501 190.317 0 0
102.715 -37.2579 96.266 0.953814 -0.0526257 0.295752 190.499 0 0
102.431 -37.2673 97.2594 0.955504 -0.0565995 0.289497 190.737 0 0
102.072 -37.2839 98.5446 0.956828 -0.0587713 0.284649 190.963 0 0
101.8 -36.8094 99.6776 0.957886 -0.0593128 0.280957 191.158 0 0
101.63 -36.087 100.448 0.958765 -0.0585015 0.278112 191.45 0 0
101.538 -34.645 101.122 0.959533 -0.0566516 0.275839 191.733 0 0
101.614 -33.1126 101.195 0.960227 -0.0540519 0.27394 191.923 0 0
101.515 -32.2087 101.679 0.960862 -0.0509251 0.272306 192.15 0 0
101.57 -30.9637 101.737 0.961441 -0.0474291 0.270889 192.337 0 0
101.659 -29.9616 101.604 0.961957 -0.043692 0.269685 192.549 0 0
101.751 -28.8258 101.441 0.962395 -0.0398473 0.268715 192.818 0 0
101.833 -27.3613 101.323 0.962744 -0.0360387 0.268003 193.143 0 0
101.828 -25.5904 101.567 0.962996 -0.0324002 0.267562 193.337 0 0
101.925 -24.5507 101.365 0.963156 -0.0290373 0.26737 193.629 0 0
101.932 -22.9817 101.473 0.963245 -0.0260214 0.267359 193.941 0 0
101.878 -21.3301 101.753 0.963292 -0.0233911 0.267433 194.152 0 0
101.853 -20.1988 101.922 0.963327 -0.0211493 0.267495 194.341 0 0
101.838 -19.1851 102.057 0.96337 -0.0192578 0.267484 194.529 0 0
101.878 -18.1766 101.992 0.963428 -0.017638 0.267387 194.833 0 0
101.85 -16.5542 102.147 0.963497 -0.0161811 0.267228 195.036 0 0
101.786 -15.5024 102.434 0.963568 -0.0147655 0.267053 195.036 0 0
103.342 -18.2036 96.1891 0.978387 -0.0190864 0.205498 195.257 1 0
103.412 -19.4742 95.8264 0.97792 -0.0185373 0.208155 195.442 0 0
103.454 -20.5605 95.6514 0.977474 -0.0183099 0.210261 195.592 0 0
103.445 -21.4291 95.6796 0.977164 -0.0182603 0.211701 195.912 0 0
103.369 -19.6287 96.0269 0.977 -0.0181014 0.212471 196.094 0 0
103.332 -18.5713 96.1984 0.97697 -0.0175628 0.212654 196.822 0 0
103.43 -22.9008 95.5838 0.977049 -0.0165073 0.212376 196.931 0 0
103.455 -23.5009 95.3537 0.977204 -0.0149693 0.211774 197.325 0 0
103.407 -25.8899 95.3148 0.977401 -0.0131202 0.210986 197.344 0 0
103.402 -25.9989 95.3354 0.977604 -0.0111906 0.210152 197.344 0 0
103.732 7.13244 95.0152 0.982464 0.000458483 0.186451 197.528 1 0
103.753 8.26978 94.9016 0.98198 -0.000844192 0.188983 197.712 0 0
103.749 9.40913 94.9459 0.981484 -0.00172618 0.191536 197.941 0 0
103.728 10.802 94.9953 0.980987 -0.00213819 0.194063 198.106 0 0
103.728 11.8077 95.0917 0.980491 -0.00220893 0.19655 198.295 0 0
103.692 12.8883 95.3717 0.979977 -0.00215449 0.199101 198.482 0 0
103.788 13.8904 94.91 0.979396 -0.00214656 0.201937 198.725 0 0
103.887 15.2726 94.4307 0.978701 -0.00222612 0.205278 198.908 0 0
103.893 16.377 94.2809 0.977873 -0.00230555 0.209187 199.124 0 0
103.907 17.732 94.1801 0.976942 -0.0022399 0.213494 199.309 0 0
103.926 18.9091 94.1312 0.975978 -0.00191533 0.21786 199.493 0 0
103.938 20.0809 94.1483 0.975066 -0.00130358 0.221913 199.719 0 0
103.847 21.4163 94.6275 0.974277 -0.00045767 0.225352 199.909 0 0
103.757 22.5232 94.9565 0.973666 0.000533949 0.227979 200.113 0 0
103.735 23.7748 94.996 0.973265 0.0015896 0.229678 200.22 0 0
103.638 23.2603 95.4002 0.973095 0.00263569 0.230391 200.389 0 0
103.592 22.2478 95.6338 0.973156 0.00357182 0.230121 200.656 0 0
103.53 20.6567 95.9472 0.973431 0.00424917 0.228941 200.892 0 0
103.48 19.2715 96.1886 0.973884 0.00450898 0.227001 201.086 0 0
103.417 18.1601 96.4124 0.974466 0.00426551 0.224494 201.275 0 0
103.428 17.0337 96.456 0.97513 0.00356363 0.221603 201.452 0 0
103.446 15.9973 96.4056 0.97585 0.00256121 0.218426 201.633 0 0
103.464 14.9347 96.3788 0.976624 0.00145469 0.214951 201.871 0 0
103.458 13.5446 96.4487 0.977467 0.000404933 0.211089 202.047 0 0
103.476 12.5197 96.3744 0.978394 -0.000498093 0.206748 202.27 0 0
103.489 11.2292 96.2015 0.979405 -0.00123255 0.201903 202.449 0 0
103.502 10.164 96.1675 0.980476 -0.00182499 0.196631 202.714 0 0
103.575 8.62215 95.8687 0.98157 -0.0023299 0.191088 202.847 0 0
103.644 7.93607 95.4762 0.982639 -0.00281242 0.185471 202.847 0 0
103.727 15.0681 95.1596 0.976901 0.00713785 0.213565 203.102 1 0
103.603 16.5222 95.6848 0.977011 0.00566812 0.213113 203.271 0 0
103.577 17.5359 95.7753 0.977184 0.00465019 0.212345 203.461 0 0
103.592 18.6602 95.7112 0.977392 0.00430142 0.211393 203.66 0 0
103.734 19.6427 95.0779 0.977574 0.00474679 0.210539 203.733 0 0
103.793 19.3068 94.7937 0.977669 0.00599962 0.210066 203.922 0 0
103.742 18.1671 95.0068 0.977643 0.00796915 0.210123 204.104 0 0
103.744 17.0663 94.9949 0.977499 0.0104844 0.210681 204.291 0 0
103.745 15.9214 95.0256 0.977274 0.0133235 0.211562 204.336 0 0
103.746 15.6522 95.0564 0.976972 0.0162436 0.212515 204.336 0 0
103.536 24.1598 95.831 0.970853 0.00246677 0.239652 204.555 1 0
103.707 25.2658 95.136 0.97018 0.00283414 0.24237 204.727 0 0
103.702 26.2947 95.1397 0.969559 0.00316692 0.244838 204.983 0 0
103.683 27.8289 95.1683 0.96903 0.00343813 0.246918 205.176 0 0
103.692 28.9893 95.1044 0.968621 0.003647 0.248514 205.378 0 0
103.777 30.1824 94.845 0.968344 0.00383012 0.249591 205.627 0 0
103.781 31.6558 94.7819 0.968194 0.00404564 0.250168 205.884 0 0
103.427 31.0534 96.1526 0.968163 0.00434551 0.250282 206.068 0 0
103.435 29.9887 96.1612 0.968241 0.00475653 0.249974 206.244 0 0
103.402 28.979 96.2587 0.968415 0.00527843 0.249289 206.471 0 0
103.413 27.6431 96.2179 0.96867 0.00589299 0.248282 206.726 0 0
103.46 26.1314 96.0774 0.968985 0.00657411 0.247033 206.819 0 0
103.485 25.5838 95.9915 0.969334 0.00729349 0.245639 206.909 0 0
103.516 25.0507 95.8993 0.969674 0.00802232 0.244205 206.909 0 0
