-106.915 43.9963 91.5022 -0.941091 -0.00974314 0.33801 0 1 1
-106.598 43.426 92.3838 -0.94155 -0.00964693 0.336734 0.302298 0 1
-106.856 43.6763 91.6573 -0.941951 -0.00982644 0.335605 0.427376 0 1
-106.994 43.0034 91.2633 -0.942268 -0.0102611 0.334702 0.644276 0 1
-107.456 43.1304 89.9771 -0.942501 -0.0107997 0.334028 0.801124 0 1
-107.78 43.2912 89.0405 -0.942698 -0.0112193 0.333458 0.969404 0 1
-108.091 43.8857 88.1523 -0.942947 -0.011297 0.33275 1.15526 0 1
-107.821 44.7826 88.9844 -0.943344 -0.0108759 0.331639 1.33538 0 1
-107.428 44.7736 90.0934 -0.943934 -0.00991533 0.329987 1.50103 0 1
-107.068 44.7986 91.1006 -0.944675 -0.00851127 0.327898 1.66745 0 1
-106.712 44.7207 92.0917 -0.945446 -0.00687873 0.325708 1.92944 0 1
-106.156 44.7921 93.6378 -0.946094 -0.00530018 0.323848 2.10956 0 1
-105.807 44.6061 94.6884 -0.946505 -0.00405549 0.322665 2.27131 0 1
-105.665 43.7375 95.1329 -0.946633 -0.00335022 0.322295 2.45695 0 1
-105.782 42.6876 94.7887 -0.946512 -0.00326338 0.322651 2.68229 0 1
-106.179 42.2812 93.5576 -0.946221 -0.00374059 0.323498 2.845 0 1
-106.508 42.5546 92.6306 -0.945855 -0.00464186 0.324556 3.00538 0 1
-106.829 42.8646 91.7264 -0.94549 -0.00581702 0.3256 3.12721 0 1
-106.873 42.1081 91.5914 -0.945164 -0.00715699 0.326517 3.31232 0 1
-107.262 42.3243 90.5057 -0.944874 -0.00858701 0.327321 3.50351 0 1
-107.657 42.4476 89.3773 -0.94459 -0.0100176 0.3281 3.65951 0 1
-107.985 42.5824 88.4281 -0.944294 -0.0113041 0.32891 3.85304 0 1
-108.35 43.2614 87.3939 -0.944017 -0.0122543 0.329668 4.03266 0 1
-108.383 44.4763 87.3435 -0.943852 -0.0126817 0.330125 4.25441 0 1
-108.036 45.4576 88.4121 -0.943921 -0.0124669 0.329936 4.44352 0 1
-107.635 45.5246 89.5709 -0.944324 -0.0115921 0.328812 4.67472 0 1
-107.134 45.4999 90.9523 -0.945084 -0.0101445 0.326671 4.85323 0 1
-106.75 45.4901 92.0125 -0.946118 -0.00829936 0.323715 5.05002 0 1
-106.331 45.5028 93.1668 -0.947262 -0.0063007 0.320399 5.246 0 1
-105.931 45.501 94.3198 -0.948314 -0.00443987 0.317301 5.42492 0 1
-105.59 45.3448 95.3481 -0.949103 -0.00302485 0.314951 5.5987 0 1
-105.414 44.4875 95.9224 -0.949525 -0.00232486 0.313682 5.78787 0 1
-105.406 43.3642 95.9651 -0.949559 -0.00249098 0.313579 5.95707 0 1
-105.494 42.4098 95.7049 -0.949252 -0.00348728 0.314498 6.24604 0 1
-105.926 41.4558 94.3582 -0.948697 -0.00508297 0.316147 6.42815 0 1
-106.265 41.4875 93.3011 -0.948006 -0.00692451 0.318178 6.62618 0 1
-106.66 41.9122 92.1937 -0.947294 -0.00865432 0.320249 6.74951 0 1
-106.736 41.1722 91.9642 -0.94666 -0.0100197 0.322078 6.98913 0 1
-107.214 41.5364 90.5829 -0.946166 -0.0109304 0.323496 7.27603 0 1
-107.822 41.7199 88.8525 -0.945819 -0.0114476 0.324494 7.46002 0 1
-108.227 41.8683 87.7126 -0.945564 -0.011713 0.325226 7.61002 0 1
-108.546 42.1468 86.8039 -0.945318 -0.0118531 0.325935 7.78509 0 1
-108.637 43.3074 86.5775 -0.945018 -0.0119128 0.326801 8.01091 0 1
-108.638 44.8337 86.6165 -0.944676 -0.0118497 0.32779 8.17561 0 1
-108.516 45.8625 86.9961 -0.944393 -0.011577 0.328614 8.35831 0 1
-108.153 46.1997 88.1006 -0.944327 -0.0110146 0.328825 8.63015 0 1
-107.584 46.2865 89.7585 -0.944621 -0.0101181 0.328007 8.84899 0 1
-107.117 46.2533 91.044 -0.945344 -0.0088865 0.325954 9.019 0 1
-106.748 46.2461 92.039 -0.946451 -0.00736035 0.322763 9.19643 0 1
-106.367 46.2564 93.0792 -0.947798 -0.00562471 0.318821 9.43774 0 1
-105.873 46.2627 94.4976 -0.949179 -0.00381674 0.314715 9.60322 0 1
-105.558 46.2058 95.4565 -0.950375 -0.00213154 0.311098 9.84952 0 1
-105.204 45.3226 96.6057 -0.951214 -0.000813987 0.308531 10.0217 0 1
-105.167 44.3067 96.7282 -0.951602 -0.000124928 0.307333 10.2477 0 1
-105.185 42.9666 96.696 -0.951539 -0.000278961 0.307528 10.485 0 1
-105.305 41.6449 96.3236 -0.951097 -0.00136917 0.308891 10.6548 0 1
-105.558 41.0994 95.5284 -0.950377 -0.00331115 0.311083 10.9801 0 1
-106.104 40.3936 93.8234 -0.949483 -0.00583887 0.313766 11.2401 0 1
-106.577 41.0074 92.4107 -0.948505 -0.00856347 0.316646 11.2697 0 1
-106.636 41.076 92.247 -0.947528 -0.0110742 0.31948 11.391 0 1
-106.686 40.3393 92.0488 -0.94663 -0.0130384 0.322059 11.5726 0 1
-107.044 40.6663 91.0094 -0.945877 -0.0142638 0.324212 11.7325 0 1
-107.375 40.8197 90.0524 -0.945319 -0.0147132 0.325816 11.9063 0 1
-107.752 40.9271 88.9823 -0.94498 -0.0144816 0.326807 12.0817 0 1
-108.155 40.997 87.8796 -0.944854 -0.0137514 0.327202 12.2534 0 1
-108.537 41.095 86.8015 -0.944893 -0.0127382 0.32713 12.4033 0 1
-108.818 41.6564 86.0083 -0.945008 -0.0116413 0.32684 12.5887 0 1
-108.887 42.9094 85.8439 -0.945088 -0.0106094 0.326643 12.7733 0 1
-108.906 44.1655 85.8302 -0.945052 -0.00972623 0.326776 13.0117 0 1
-108.893 45.7704 85.8758 -0.944892 -0.00901366 0.327257 13.214 0 1
-108.621 46.8115 86.7125 -0.944704 -0.00844687 0.327816 13.4287 0 1
-108.171 46.9561 88.0675 -0.944654 -0.00797251 0.327971 13.607 0 1
-107.803 46.9813 89.1647 -0.944924 -0.00752449 0.327204 13.7918 0 1
-107.415 46.9986 90.2591 -0.945633 -0.00703619 0.32516 14.072 0 1
-106.81 46.9965 91.8882 -0.946794 -0.00644904 0.321775 14.2503 0 1
-106.425 47.0155 92.9351 -0.948305 -0.00571745 0.317309 14.4517 0 1
-106.003 47.0165 94.1157 -0.949985 -0.00481465 0.312258 14.6379 0 1
-105.643 47.0081 95.2111 -0.951634 -0.0037512 0.307212 14.8482 0 1
-105.267 46.8578 96.4131 -0.953078 -0.00261046 0.302714 15.047 0 1
-105 46.1124 97.2907 -0.954198 -0.00157687 0.299173 15.2531 0 1
-104.959 44.9066 97.431 -0.954925 -0.000917105 0.296844 15.4431 0 1
-104.946 43.7909 97.4764 -0.955238 -0.000900317 0.295836 15.67 0 1
-104.97 42.4628 97.4158 -0.955143 -0.00169177 0.296139 15.8535 0 1
-105.021 41.4068 97.2621 -0.954666 -0.00327719 0.297662 16.1508 0 1
-105.434 40.364 95.9466 -0.953843 -0.00545504 0.300255 16.3292 0 1
-105.731 39.9639 95.0105 -0.952727 -0.00789229 0.303724 16.6143 0 1
-106.222 39.5991 93.4171 -0.951388 -0.0102114 0.307826 16.7834 0 1
-106.519 40.0996 92.531 -0.949919 -0.0120778 0.312264 16.9102 0 1
-106.534 39.3072 92.4287 -0.94843 -0.0132669 0.31671 17.1459 0 1
-106.985 39.8838 91.1178 -0.947039 -0.0136956 0.320827 17.3058 0 1
-107.316 40.0243 90.1583 -0.945855 -0.0134158 0.324313 17.5057 0 1
-107.76 40.1597 88.9228 -0.94496 -0.0125849 0.326945 17.6811 0 1
-108.162 40.214 87.8226 -0.944395 -0.0114287 0.328615 17.8666 0 1
-108.576 40.2895 86.6516 -0.944156 -0.0101935 0.329341 18.0186 0 1
-108.924 40.4278 85.6879 -0.944196 -0.00908529 0.32926 18.2186 0 1
-109.129 41.6508 85.1203 -0.944432 -0.00821407 0.328605 18.4675 0 1
-109.153 43.3566 85.0897 -0.944757 -0.00757799 0.327684 18.693 0 1
-109.157 44.8957 85.1082 -0.945051 -0.00710086 0.326845 18.8599 0 1
-109.155 46.0223 85.1065 -0.945204 -0.00669654 0.326411 19.0124 0 1
-109.109 47.0443 85.2786 -0.945151 -0.00631685 0.326572 19.1716 0 1
-108.807 47.5106 86.1888 -0.944909 -0.00595759 0.327278 19.3631 0 1
-108.401 47.6643 87.3925 -0.944592 -0.00563163 0.328197 19.5342 0 1
-108.038 47.7083 88.4714 -0.944393 -0.0053383 0.328777 19.6969 0 1
-107.699 47.7203 89.4695 -0.944523 -0.00505294 0.328405 19.9 0 1
-107.264 47.7207 90.6792 -0.945146 -0.00473753 0.326615 20.1239 0 1
-106.775 47.7318 91.9936 -0.946308 -0.00435108 0.323236 20.2906 0 1
-106.417 47.7608 92.9732 -0.947939 -0.00384043 0.318428 20.4523 0 1
-106.072 47.7581 93.9154 -0.949878 -0.00312279 0.312606 20.7394 0 1
-105.515 47.7742 95.6196 -0.951927 -0.00209539 0.306319 21.0238 0 1
-105.013 47.5157 97.2408 -0.953898 -0.000691354 0.300132 21.2415 0 1
-104.779 46.5507 98.0614 -0.955634 0.00104194 0.294555 21.4506 0 1
-104.751 45.3399 98.1452 -0.957024 0.00289121 0.289994 21.6977 0 1
-104.733 43.8998 98.2055 -0.958003 0.00449585 0.286724 21.9087 0 1
-104.737 42.6679 98.1852 -0.958552 0.0054556 0.284864 22.1367 0 1
-104.779 41.3359 98.1193 -0.958713 0.00550254 0.284323 22.328 0 1
-104.899 40.2986 97.7642 -0.958581 0.0046538 0.284783 22.6043 0 1
-105.314 39.6581 96.356 -0.958297 0.00324681 0.285755 22.8007 0 1
-105.645 39.2392 95.3128 -0.958014 0.00182648 0.286714 23.0495 0 1
-106.001 38.4811 94.0825 -0.957861 0.000948356 0.28723 23.2471 0 1
-106.349 38.9406 92.9823 -0.957918 0.000995976 0.287039 23.3277 0 1
-106.485 39.2073 92.5726 -0.95821 0.00207705 0.286059 23.4556 0 1
-106.493 38.3984 92.4887 -0.958705 0.00401182 0.284374 23.7113 0 1
-106.193 37.1216 93.4638 -0.959333 0.00639844 0.282206 23.9368 0 1
-105.823 37.65 94.7464 -0.960001 0.00873321 0.279861 24.1372 0 1
-105.571 38.5041 95.5824 -0.960622 0.0105554 0.277659 24.3981 0 1
-105.138 38.9478 97.0236 -0.961126 0.0115707 0.275868 24.6435 0 1
-104.757 39.3376 98.3576 -0.961466 0.0117032 0.274676 24.8322 0 1
-104.623 40.3613 98.7552 -0.961601 0.0110607 0.274229 25.0601 0 1
-104.554 41.6766 98.9085 -0.961486 0.00984375 0.274679 25.2868 0 1
-104.516 42.9866 98.9487 -0.961062 0.00825857 0.276211 25.4588 0 1
-104.524 43.9893 98.9281 -0.960263 0.006475 0.279021 25.753 0 1
-104.544 45.6981 98.875 -0.959043 0.00462769 0.283222 26.0098 0 1
-104.556 47.181 98.8327 -0.957404 0.00282809 0.288737 26.1826 0 1
-104.679 48.0638 98.3842 -0.955428 0.00116094 0.295223 26.4836 0 1
-105.165 48.5147 96.754 -0.953275 -0.000330417 0.302102 26.683 0 1
-105.513 48.5502 95.6319 -0.951159 -0.00164878 0.308697 26.9252 0 1
-105.964 48.5018 94.2528 -0.949284 -0.00282791 0.314406 27.1207 0 1
-106.369 48.4844 93.1189 -0.947795 -0.00390292 0.318858 27.3539 0 1
-106.866 48.4618 91.7589 -0.94674 -0.0048775 0.321961 27.5259 0 1
-107.241 48.4547 90.7459 -0.946082 -0.00570435 0.323877 27.7208 0 1
-107.659 48.4602 89.5911 -0.945716 -0.00629725 0.324933 27.9348 0 1
-108.103 48.4311 88.2974 -0.945512 -0.00657519 0.325521 28.1227 0 1
-108.496 48.4081 87.1329 -0.945345 -0.00651035 0.326006 28.2913 0 1
-108.859 48.3713 86.0659 -0.94512 -0.00614702 0.326666 28.4832 0 1
-109.263 48.1193 84.8703 -0.944782 -0.0055861 0.327652 28.6432 0 1
-109.417 47.1726 84.3811 -0.944322 -0.0049578 0.328986 28.7937 0 1
-109.413 46.1512 84.3485 -0.943766 -0.00440367 0.330585 28.9421 0 1
-109.411 45.1283 84.3632 -0.943165 -0.00407031 0.332299 29.1014 0 1
-109.418 44.0432 84.3544 -0.942584 -0.00410529 0.333945 29.2791 0 1
-109.421 42.8391 84.3244 -0.942096 -0.00464647 0.335312 29.4501 0 1
-109.404 41.6756 84.3574 -0.941789 -0.0057976 0.336154 29.6745 0 1
-109.377 40.1275 84.4292 -0.94176 -0.00758789 0.3362 29.9311 0 1
-108.802 39.5411 86.0104 -0.942099 -0.00993241 0.335187 30.0801 0 1
-108.458 39.4711 86.965 -0.942881 -0.0126271 0.332891 30.2325 0 1
-108.109 39.4424 87.9312 -0.944156 -0.0153938 0.32914 30.4528 0 1
-107.605 39.3337 89.3144 -0.945937 -0.0179417 0.323855 30.6669 0 1
-107.133 39.178 90.6466 -0.948171 -0.019989 0.31713 30.856 0 1
-106.742 38.8659 91.7657 -0.950724 -0.0212357 0.309311 30.8748 0 1
-106.707 38.8135 91.8684 -0.953395 -0.021348 0.30097 30.9968 0 1
-106.858 38.2554 91.3424 -0.955975 -0.0200135 0.292764 31.1972 0 1
-106.499 37.1841 92.3535 -0.958304 -0.0170598 0.285241 31.3464 0 1
-106.352 35.9265 92.7699 -0.960289 -0.012571 0.278724 31.5151 0 1
-106.089 35.4843 93.7401 -0.961896 -0.00693332 0.273328 31.6741 0 1
-105.923 36.1645 94.4602 -0.963122 -0.000787562 0.269062 31.9037 0 1
-105.641 37.1002 95.4274 -0.963983 0.00510002 0.265914 32.1451 0 1
-105.283 37.9612 96.6196 -0.964505 0.0100118 0.263874 32.3297 0 1
-104.942 37.9636 97.8099 -0.964727 0.0134499 0.26291 32.47 0 1
-104.71 38.4528 98.6699 -0.964697 0.0152481 0.26292 32.7201 0 1
-104.433 39.5372 99.5833 -0.964468 0.0155766 0.263739 32.9527 0 1
-104.383 40.8642 99.5965 -0.964082 0.0148332 0.265191 33.145 0 1
-104.298 41.9502 99.8085 -0.963556 0.0134658 0.267169 33.4112 0 1
-104.309 43.4578 99.6696 -0.962873 0.01181 0.269695 33.6425 0 1
-104.314 44.8054 99.6715 -0.961987 0.0100179 0.272912 33.8583 0 1
-104.334 46.0453 99.6206 -0.960832 0.00810057 0.277012 34.0775 0 1
-104.331 47.2969 99.6151 -0.959358 0.00603788 0.282129 34.3754 0 1
-104.453 48.9397 99.1487 -0.957553 0.00387077 0.288231 34.5971 0 1
-104.807 49.0828 97.9097 -0.955475 0.00172025 0.295066 34.7756 0 1
-105.099 49.4413 96.9662 -0.953251 -0.000262958 0.302179 35.016 0 1
-105.519 49.4919 95.6213 -0.951062 -0.00196686 0.308993 35.197 0 1
-105.855 49.3514 94.611 -0.949101 -0.00335472 0.314954 35.3797 0 1
-106.21 49.2715 93.5721 -0.947517 -0.0044556 0.319674 35.5747 0 1
-106.624 49.2816 92.4389 -0.946377 -0.00532906 0.323019 35.775 0 1
-107.049 49.2911 91.2674 -0.945653 -0.00603032 0.325121 35.9554 0 1
-107.444 49.2801 90.1896 -0.945243 -0.00658666 0.3263 36.1385 0 1
-107.845 49.3135 89.0822 -0.945017 -0.00698634 0.326947 36.3573 0 1
-108.302 49.3582 87.7416 -0.944855 -0.00718497 0.327411 36.5331 0 1
-108.672 49.3357 86.6372 -0.944672 -0.00713061 0.327938 36.7083 0 1
-109.054 49.314 85.5226 -0.944419 -0.00679346 0.328675 36.8691 0 1
-109.395 49.1188 84.5147 -0.944063 -0.00618436 0.329706 37.0414 0 1
-109.689 48.401 83.6455 -0.943593 -0.00536397 0.331065 37.2212 0 1
-109.691 47.1811 83.6027 -0.94301 -0.00445295 0.332735 37.4582 0 1
-109.672 45.5694 83.6181 -0.942345 -0.00363739 0.334622 37.6338 0 1
-109.69 44.3687 83.5716 -0.941656 -0.00314931 0.336561 37.8162 0 1
-109.723 43.1305 83.4958 -0.941015 -0.00321631 0.33835 38.0132 0 1
-109.673 41.7995 83.6161 -0.940488 -0.00400299 0.339802 38.1741 0 1
-109.753 40.7089 83.4063 -0.940126 -0.00557597 0.340782 38.4054 0 1
-109.604 39.1659 83.8327 -0.93996 -0.00790577 0.341193 38.5685 0 1
-109.224 38.8442 84.8519 -0.940018 -0.0108954 0.340951 38.7663 0 1
-108.756 38.7471 86.1231 -0.940322 -0.014416 0.339981 38.913 0 1
-108.415 38.5262 87.0421 -0.94088 -0.0183362 0.338243 39.1416 0 1
-107.886 38.5964 88.5005 -0.941671 -0.0225388 0.335779 39.2965 0 1
-107.536 38.5434 89.4748 -0.942637 -0.0269254 0.332731 39.5308 0 1
-107.004 38.4233 90.916 -0.943695 -0.0314127 0.329322 39.5425 0 1
-106.976 38.4203 90.9919 -0.944488 -0.0359153 0.32572 39.5425 0 1
-106.396 43.3116 92.954 -0.942634 -0.00115593 0.333825 39.7204 1 1
-106.141 44.1217 93.676 -0.943759 -0.00115573 0.330631 39.8554 0 1
-105.969 43.4804 94.1945 -0.944869 -0.00115542 0.327445 39.9557 0 1
-106.143 43.2105 93.6681 -0.945919 -0.00115501 0.324242 39.9557 0 1
