-107.413 43.971 92.0595 -0.943366 -0.0112111 0.331564 0 1 1
-107.028 43.1923 93.1283 -0.944775 -0.00988267 0.32757 0.41048 0 1
-106.698 42.6753 94.1553 -0.946103 -0.00858148 0.323753 0.569586 0 1
-106.694 43.6419 94.175 -0.947317 -0.00737822 0.320213 0.747086 0 1
-107.011 43.9843 93.2032 -0.948361 -0.00638972 0.317129 0.865077 0 1
-106.991 44.7122 93.2862 -0.949161 -0.00575435 0.314737 1.0309 0 1
-106.674 44.6034 94.2513 -0.949657 -0.0055983 0.313242 1.21937 0 1
-106.392 43.9137 95.1177 -0.949826 -0.00600054 0.312722 1.42528 0 1
-106.371 42.6869 95.2037 -0.949692 -0.00695577 0.313109 1.60494 0 1
-106.562 41.8146 94.6033 -0.949309 -0.00834606 0.314233 1.87637 0 1
-107.025 42.3195 93.1117 -0.948747 -0.0099441 0.31588 2.06748 0 1
-107.404 42.7473 92.0473 -0.948084 -0.0114593 0.317815 2.23826 0 1
-107.742 43.1338 91.0983 -0.947411 -0.0126099 0.319772 2.41523 0 1
-108.095 43.1919 90.0369 -0.946839 -0.0131872 0.321439 2.57736 0 1
-108.423 43.6227 89.1224 -0.946487 -0.0130912 0.322476 2.73027 0 1
-108.352 44.5764 89.4058 -0.946462 -0.0123364 0.322579 2.94495 0 1
-107.903 44.674 90.7001 -0.946822 -0.0110448 0.321569 3.20235 0 1
-107.362 44.703 92.227 -0.947551 -0.0094288 0.319464 3.32746 0 1
-107.283 45.438 92.4759 -0.948551 -0.00775796 0.31653 3.49227 0 1
-106.942 45.4266 93.4402 -0.949648 -0.0063086 0.313254 3.67412 0 1
-106.594 45.3445 94.4994 -0.950641 -0.0053074 0.310247 3.87971 0 1
-106.233 45.008 95.6283 -0.951355 -0.00488771 0.308059 4.18696 0 1
-106.131 43.2183 95.9717 -0.951693 -0.00507178 0.307009 4.35687 0 1
-106.163 42.2096 95.885 -0.951659 -0.00578107 0.307102 4.6245 0 1
-106.39 40.817 95.1419 -0.951332 -0.00686575 0.308093 4.79397 0 1
-106.685 40.8763 94.1538 -0.950817 -0.00814073 0.309646 5.0769 0 1
-107.175 41.7152 92.6712 -0.950199 -0.0094196 0.311503 5.35836 0 1
-107.739 42.2726 91.0718 -0.949515 -0.0105417 0.313543 5.64931 0 1
-108.314 42.5682 89.3524 -0.948779 -0.0113879 0.315735 5.83294 0 1
-108.688 43.0267 88.2794 -0.94801 -0.0118835 0.318018 6.00769 0 1
-108.81 44.1643 88.0095 -0.947272 -0.0119908 0.320205 6.16949 0 1
-108.707 45.1542 88.3716 -0.946677 -0.0116997 0.321971 6.35417 0 1
-108.337 45.3876 89.4918 -0.946355 -0.0110214 0.322939 6.54236 0 1
-107.94 45.4563 90.6233 -0.946411 -0.0099857 0.32281 6.70138 0 1
-107.6 45.4745 91.5733 -0.946883 -0.00864592 0.321461 6.81906 0 1
-107.613 46.2138 91.5607 -0.947735 -0.00709298 0.31898 7.0089 0 1
-107.212 46.1888 92.6917 -0.948871 -0.00546823 0.315617 7.25479 0 1
-106.716 46.1203 94.135 -0.950164 -0.00395595 0.311727 7.45484 0 1
-106.343 46.0358 95.2707 -0.951464 -0.0027482 0.307748 7.68139 0 1
-105.974 45.5054 96.4623 -0.952613 -0.00200192 0.304179 7.95585 0 1
-105.91 43.8924 96.6814 -0.95346 -0.00181516 0.301514 8.13536 0 1
-105.914 42.8242 96.6827 -0.953899 -0.00222305 0.300121 8.30681 0 1
-105.953 41.8092 96.5851 -0.953886 -0.00319215 0.300152 8.54613 0 1
-106.128 40.5172 96.0199 -0.953452 -0.00460636 0.30151 8.75853 0 1
-106.396 39.6792 95.0943 -0.952681 -0.00626726 0.303906 8.96621 0 1
-106.751 40.087 93.9138 -0.951697 -0.0079338 0.306937 9.18375 0 1
-107.119 40.8309 92.8091 -0.950636 -0.0093907 0.310166 9.35019 0 1
-107.447 41.2445 91.8864 -0.949627 -0.0105039 0.313207 9.52202 0 1
-107.785 41.4888 90.8869 -0.948757 -0.0112316 0.315806 9.81515 0 1
-108.369 41.8101 89.1458 -0.948055 -0.0115968 0.317894 9.98193 0 1
-108.739 41.9899 88.1076 -0.947489 -0.0116528 0.319577 10.1366 0 1
-109.002 42.6502 87.3656 -0.947 -0.0114643 0.32103 10.2891 0 1
-109.058 43.6633 87.2284 -0.946549 -0.0111055 0.322368 10.4591 0 1
-109.067 44.8097 87.2366 -0.946147 -0.0106635 0.323561 10.6674 0 1
-108.85 45.9779 87.974 -0.945843 -0.0102299 0.324464 10.8321 0 1
-108.517 46.1127 88.9971 -0.945689 -0.00987844 0.324923 10.9957 0 1
-108.175 46.1608 89.9914 -0.9457 -0.00964331 0.324897 11.1467 0 1
-107.85 46.2108 90.9001 -0.945839 -0.00951282 0.324495 11.2694 0 1
-107.788 46.9679 91.09 -0.946031 -0.00944905 0.323939 11.5294 0 1
-108.342 46.9275 89.5208 -0.946191 -0.00942583 0.32347 11.726 0 1
-108.751 46.8566 88.3202 -0.946263 -0.00946758 0.323259 11.9224 0 1
-109.13 46.6629 87.1181 -0.946232 -0.00966521 0.323345 12.1256 0 1
-109.323 45.4534 86.5091 -0.946132 -0.0101473 0.323623 12.285 0 1
-109.322 44.382 86.4771 -0.946035 -0.0110035 0.323877 12.4365 0 1
-109.308 43.3523 86.4958 -0.946037 -0.0121923 0.323828 12.6038 0 1
-109.268 42.2245 86.5831 -0.946243 -0.0134884 0.323175 12.7863 0 1
-109.004 41.2839 87.3285 -0.946752 -0.0145142 0.321635 12.9584 0 1
-108.62 41.109 88.3934 -0.947637 -0.0148493 0.319005 13.1229 0 1
-108.259 40.9618 89.4218 -0.94891 -0.0141727 0.315227 13.2851 0 1
-107.913 40.7652 90.4246 -0.950509 -0.0123782 0.310449 13.521 0 1
-107.436 40.4725 91.8647 -0.952299 -0.00962037 0.305015 13.7218 0 1
-107.051 39.9095 92.9393 -0.954109 -0.0062745 0.299395 13.892 0 1
-106.79 39.2231 93.762 -0.955779 -0.0028263 0.294072 14.0942 0 1
-106.515 38.4149 94.7066 -0.957193 0.000262204 0.289449 14.2712 0 1
-106.263 39.0306 95.586 -0.958278 0.00265791 0.285825 14.4444 0 1
-106.022 39.649 96.4055 -0.958986 0.00420142 0.283422 14.6134 0 1
-105.834 40.4148 97.0349 -0.959276 0.00489307 0.282429 14.8704 0 1
-105.726 41.8904 97.34 -0.959107 0.00484431 0.283003 15.0648 0 1
-105.699 43.0367 97.4107 -0.958453 0.004223 0.28522 15.246 0 1
-105.694 44.1046 97.412 -0.957327 0.00321176 0.288988 15.5099 0 1
-105.73 45.6528 97.2798 -0.955813 0.00198444 0.29397 15.7009 0 1
-105.855 46.6854 96.8477 -0.954072 0.00069562 0.299578 15.9463 0 1
-106.287 46.8147 95.4541 -0.952334 -0.000524248 0.305056 16.2423 0 1
-106.836 46.8963 93.775 -0.950861 -0.001572 0.309615 16.4843 0 1
-107.325 46.9552 92.3825 -0.949888 -0.00237462 0.312581 16.6701 0 1
-107.718 46.9688 91.2875 -0.949574 -0.00289192 0.31353 16.7901 0 1
-107.729 47.7337 91.2677 -0.949951 -0.00311494 0.312382 17.0551 0 1
-107.16 47.6982 92.86 -0.950926 -0.00305171 0.309402 17.2563 0 1
-106.751 47.6669 94.0437 -0.95231 -0.00269799 0.305121 17.44 0 1
-106.405 47.6052 95.0934 -0.953882 -0.0020123 0.300174 17.6514 0 1
-106.024 47.6298 96.308 -0.955455 -0.000925779 0.295136 17.9221 0 1
-105.579 47.2463 97.8056 -0.956905 0.000604823 0.290401 18.102 0 1
-105.52 46.2165 98.022 -0.958178 0.00253207 0.286161 18.3764 0 1
-105.489 44.617 98.1277 -0.959273 0.00468032 0.282443 18.559 0 1
-105.487 43.5501 98.1373 -0.960214 0.00675238 0.279185 18.7523 0 1
-105.496 42.4191 98.1162 -0.961025 0.00837662 0.276333 18.9565 0 1
-105.531 41.2137 98.0271 -0.961703 0.00918223 0.273941 19.1744 0 1
-105.635 39.9525 97.7869 -0.962192 0.00888127 0.272226 19.3607 0 1
-105.839 39.1437 97.0962 -0.962401 0.00733492 0.271535 19.5514 0 1
-106.101 38.5212 96.1924 -0.962219 0.0045967 0.272239 19.7202 0 1
-106.3 37.7906 95.51 -0.96156 0.000931854 0.274592 19.8901 0 1
-106.501 37.0203 94.8376 -0.960395 -0.00320459 0.278625 20.026 0 1
-106.698 37.3072 94.0806 -0.958769 -0.00725395 0.284093 20.1886 0 1
-106.831 38.2123 93.623 -0.95681 -0.0106922 0.290517 20.4142 0 1
-107.135 39.2003 92.6531 -0.954697 -0.0131637 0.297288 20.5712 0 1
-107.424 39.7002 91.826 -0.952622 -0.01455 0.30381 20.8053 0 1
-107.882 39.9824 90.4344 -0.950746 -0.0149527 0.309609 21.0485 0 1
-108.412 40.2346 88.93 -0.949185 -0.0146163 0.314379 21.2873 0 1
-108.958 40.3926 87.4322 -0.947998 -0.0138281 0.317975 21.4616 0 1
-109.331 40.6037 86.3604 -0.947198 -0.0128334 0.320391 21.6423 0 1
-109.518 41.6943 85.8428 -0.946748 -0.0117905 0.321761 21.7978 0 1
-109.555 42.7412 85.7624 -0.94656 -0.0107742 0.322348 21.9525 0 1
-109.565 43.7901 85.7566 -0.946516 -0.00981044 0.322507 22.1111 0 1
-109.579 44.8726 85.7391 -0.946498 -0.00891709 0.322585 22.2837 0 1
-109.578 46.041 85.7725 -0.946431 -0.0081289 0.322803 22.5 0 1
-109.43 47.4043 86.2555 -0.946305 -0.00749957 0.323188 22.7068 0 1
-109.006 47.63 87.5554 -0.946167 -0.00708418 0.323601 22.9203 0 1
-108.565 47.6533 88.8906 -0.946086 -0.0069139 0.323842 23.0975 0 1
-108.191 47.6865 89.969 -0.94611 -0.00697706 0.323771 23.1834 0 1
-108.007 47.6996 90.4922 -0.946243 -0.0072152 0.323377 23.3022 0 1
-108.047 48.4577 90.3917 -0.946446 -0.00753566 0.322774 23.4703 0 1
-108.403 48.4155 89.3715 -0.946656 -0.00783754 0.322149 23.6425 0 1
-108.755 48.4045 88.3218 -0.946808 -0.00803992 0.3217 23.8113 0 1
-109.102 48.3992 87.272 -0.946849 -0.00809924 0.321575 23.9637 0 1
-109.422 48.3753 86.3117 -0.94676 -0.00801445 0.321839 24.1162 0 1
-109.73 48.0856 85.3813 -0.946549 -0.00783003 0.322465 24.2645 0 1
-109.823 47.1325 85.0781 -0.946245 -0.00764209 0.323362 24.5271 0 1
-109.837 45.3588 84.9916 -0.945882 -0.00759888 0.324421 24.676 0 1
-109.825 44.3534 85.0245 -0.945503 -0.0078809 0.325517 24.8353 0 1
-109.813 43.2713 85.0358 -0.945172 -0.00865267 0.326457 25.0492 0 1
-109.794 41.814 85.0464 -0.944995 -0.00999444 0.326933 25.1995 0 1
-109.753 40.7886 85.1483 -0.945116 -0.0118408 0.32652 25.3609 0 1
-109.592 39.7728 85.5717 -0.945697 -0.0139664 0.32475 25.5832 0 1
-109.1 39.5647 87.0188 -0.946877 -0.0160447 0.321196 25.8005 0 1
-108.603 39.4854 88.3624 -0.94874 -0.0177594 0.315558 25.9655 0 1
-108.222 39.3681 89.3976 -0.95129 -0.0189034 0.307717 26.203 0 1
-107.698 39.1697 90.9087 -0.954437 -0.0194162 0.297779 26.3753 0 1
-107.357 38.802 91.9373 -0.958008 -0.019357 0.286088 26.5505 0 1
-107.083 38.0522 92.7295 -0.961776 -0.0188497 0.273187 26.7344 0 1
-106.898 37.0664 93.335 -0.965511 -0.0180339 0.259737 26.9583 0 1
-106.766 35.7025 93.7609 -0.969019 -0.0170373 0.246399 27.1152 0 1
-106.712 34.7265 93.9251 -0.97217 -0.0159663 0.233731 27.338 0 1
-106.709 33.3328 93.7853 -0.974905 -0.0149087 0.222121 27.5088 0 1
-106.701 32.2359 93.781 -0.977222 -0.0139399 0.21176 27.6805 0 1
-106.674 31.1578 93.8592 -0.97916 -0.0131222 0.202668 27.8615 0 1
-106.546 30.197 94.4475 -0.980776 -0.0124958 0.194734 28.0416 0 1
-106.579 29.1016 94.2171 -0.982137 -0.0120686 0.18778 28.2122 0 1
-106.585 28.0363 94.1111 -0.983299 -0.0118153 0.181615 28.3752 0 1
-106.576 27.0079 94.1068 -0.984308 -0.0116899 0.17607 28.5338 0 1
-106.556 26.0031 94.1618 -0.9852 -0.0116418 0.171012 28.7121 0 1
-106.591 24.9169 93.876 -0.985998 -0.0116276 0.16635 28.9386 0 1
-106.587 23.4962 93.7698 -0.986719 -0.0116148 0.162019 29.1803 0 1
-106.55 21.9826 93.897 -0.987375 -0.0115819 0.157979 29.3906 0 1
-106.51 20.6892 94.0468 -0.987972 -0.0115154 0.154201 29.5513 0 1
-106.524 19.7036 93.8895 -0.988519 -0.0114065 0.150663 29.815 0 1
-106.52 18.0448 93.7839 -0.989021 -0.0112487 0.147346 29.9828 0 1
-106.509 16.9962 93.7714 -0.989482 -0.0110381 0.144235 30.1801 0 1
-106.48 15.7703 93.8779 -0.989905 -0.0107758 0.141322 30.4286 0 1
-106.444 14.2278 94.016 -0.990292 -0.0104695 0.138606 30.6067 0 1
-106.446 13.1248 93.9134 -0.990645 -0.0101311 0.136088 30.8497 0 1
-106.419 11.6161 94.0046 -0.990964 -0.00977305 0.133771 31.0249 0 1
-106.392 10.5229 94.1248 -0.991251 -0.00940531 0.131657 31.2784 0 1
-106.374 8.92091 94.1534 -0.991505 -0.00903509 0.129752 31.44 0 1
-106.371 7.91949 94.1161 -0.991728 -0.00866939 0.128067 31.6154 0 1
-106.382 6.84238 93.972 -0.991916 -0.00831747 0.12662 31.7959 0 1
-106.377 5.71859 93.9313 -0.992069 -0.0079915 0.125439 31.9618 0 1
-106.373 4.67512 93.9043 -0.992183 -0.00770502 0.124551 32.1286 0 1
-106.358 3.62484 93.9635 -0.992257 -0.00747101 0.12398 32.2927 0 1
-106.341 2.59265 94.0476 -0.992288 -0.00730078 0.123736 32.3076 0 1
-106.331 2.54618 94.1274 -0.992279 -0.00720309 0.123816 32.4797 0 1
-106.341 3.62133 94.1017 -0.992231 -0.00718265 0.124199 32.6477 0 1
-106.343 4.67393 94.1442 -0.992148 -0.00723887 0.124859 32.8139 0 1
-106.335 5.70631 94.2672 -0.992032 -0.00736632 0.125774 32.992 0 1
-106.333 6.81673 94.3514 -0.991883 -0.00755627 0.126929 33.166 0 1
-106.337 7.89439 94.3836 -0.991702 -0.00779659 0.128319 33.3317 0 1
-106.342 8.91365 94.406 -0.991488 -0.00806898 0.129946 33.5957 0 1
-106.353 10.5388 94.4254 -0.99124 -0.00834759 0.131807 33.7635 0 1
-106.367 11.5871 94.391 -0.990959 -0.00860384 0.133891 34.0031 0 1
-106.376 13.0704 94.4279 -0.990645 -0.00881664 0.136179 34.1931 0 1
-106.373 14.2301 94.5268 -0.990301 -0.0089799 0.138646 34.4473 0 1
-106.401 15.7885 94.4294 -0.989928 -0.00910018 0.141276 34.6689 0 1
-106.424 17.155 94.3708 -0.989526 -0.00918593 0.144064 34.8777 0 1
-106.39 18.3966 94.693 -0.98909 -0.009236 0.147021 35.0613 0 1
-106.378 19.5106 94.8404 -0.988618 -0.00923584 0.150164 35.2307 0 1
-106.373 20.5384 94.933 -0.988104 -0.00916452 0.153512 35.4198 0 1
-106.385 21.6883 94.9261 -0.987545 -0.00900774 0.157082 35.6098 0 1
-106.46 22.7693 94.5234 -0.986933 -0.00876402 0.160895 35.838 0 1
-106.436 24.1609 94.7391 -0.986258 -0.00843626 0.164995 36.0355 0 1
-106.392 25.3377 95.0854 -0.985505 -0.00801437 0.169459 36.2663 0 1
-106.378 26.7713 95.2202 -0.984644 -0.00745774 0.174415 36.4803 0 1
-106.391 28.0928 95.2018 -0.98364 -0.00668083 0.180024 36.6577 0 1
-106.413 29.1836 95.1335 -0.982453 -0.00555006 0.186428 36.8341 0 1
-106.436 30.2558 95.0313 -0.981058 -0.00391101 0.193677 37.0045 0 1
-106.542 31.172 94.5342 -0.979454 -0.0016511 0.201661 37.1634 0 1
-106.503 32.1315 94.7502 -0.977679 0.00123014 0.2101 37.4295 0 1
-106.483 33.7702 94.8798 -0.975805 0.00458076 0.218596 37.6226 0 1
-106.43 34.9508 95.0891 -0.973923 0.0081008 0.226735 37.798 0 1
-106.357 35.9892 95.4179 -0.972122 0.0113878 0.234199 38.0319 0 1
-106.169 37.2417 96.0557 -0.970467 0.0140188 0.240826 38.2187 0 1
-105.939 38.0418 96.8109 -0.968989 0.0156565 0.246608 38.3953 0 1
-105.687 38.5733 97.6958 -0.96769 0.0161465 0.251624 38.5943 0 1
-105.437 39.3253 98.5516 -0.966554 0.0155607 0.255991 38.7844 0 1
-105.361 40.4205 98.7157 -0.965547 0.0141566 0.259845 38.9718 0 1
-105.304 41.5202 98.8134 -0.964619 0.0122714 0.263362 39.1651 0 1
-105.284 42.662 98.8497 -0.963704 0.0102051 0.266776 39.3604 0 1
-105.281 43.8096 98.8516 -0.962719 0.00815051 0.270381 39.5519 0 1
-105.286 44.9223 98.8443 -0.961574 0.00618965 0.274476 39.8431 0 1
-105.303 46.6149 98.7908 -0.960195 0.00433571 0.279297 40.0356 0 1
-105.338 47.7247 98.6576 -0.958546 0.00258198 0.284925 40.2254 0 1
-105.57 48.4267 97.8405 -0.95665 0.000930503 0.291239 40.4017 0 1
-105.861 48.4608 96.8505 -0.954595 -0.000601009 0.297906 40.6273 0 1
-106.254 48.3871 95.5717 -0.952529 -0.00197948 0.304442 40.835 0 1
-106.644 48.4073 94.3783 -0.95064 -0.00315368 0.310279 41.0359 0 1
-107.035 48.4267 93.2348 -0.949131 -0.00405136 0.314855 41.2143 0 1
-107.398 48.4936 92.1987 -0.948179 -0.00458753 0.317703 41.3923 0 1
-107.779 48.4903 91.1416 -0.947902 -0.00469188 0.318527 41.5367 0 1
-107.647 49.3192 91.517 -0.948322 -0.00434924 0.317278 41.727 0 1
-107.247 49.272 92.6557 -0.949361 -0.00362894 0.314168 41.9425 0 1
-106.802 49.1932 93.9182 -0.950855 -0.00267163 0.309625 42.1117 0 1
-106.476 49.2989 94.9012 -0.952609 -0.00162286 0.304194 42.4199 0 1
-105.913 49.2349 96.6746 -0.954443 -0.000544345 0.298392 42.5977 0 1
-105.608 49.3157 97.6821 -0.956232 0.000636804 0.292608 42.8681 0 1
-105.174 49.0093 99.19 -0.957913 0.00209971 0.287049 43.1912 0 1
-105.067 47.1772 99.6159 -0.959472 0.00403376 0.281775 43.3723 0 1
-105.052 46.1282 99.6797 -0.960911 0.00652912 0.27678 43.592 0 1
-105.059 44.8573 99.6453 -0.962229 0.00950849 0.272074 43.799 0 1
-105.056 43.6588 99.642 -0.963419 0.0127229 0.267696 44.0056 0 1
-105.06 42.4567 99.6374 -0.964492 0.0158016 0.263638 44.2249 0 1
-105.11 41.1688 99.5851 -0.9655 0.018335 0.259755 44.4404 0 1
-105.181 39.9139 99.4528 -0.966541 0.0199693 0.255734 44.6542 0 1
-105.258 38.6723 99.3485 -0.967725 0.0204891 0.251173 44.8349 0 1
-105.456 37.9287 98.6367 -0.969134 0.0198621 0.245734 45.0071 0 1
-105.717 37.7112 97.6846 -0.970781 0.0182302 0.239276 45.2929 0 1
-106.048 36.5062 96.573 -0.972612 0.0158565 0.231891 45.4614 0 1
-106.183 35.612 96.1157 -0.974533 0.0130517 0.223862 45.7574 0 1
-106.253 33.8133 95.9428 -0.97644 0.010106 0.215554 46.0826 0 1
-106.323 31.8857 95.6386 -0.978247 0.00724396 0.207316 46.2568 0 1
-106.305 30.8352 95.7265 -0.979903 0.0046102 0.19942 46.441 0 1
-106.275 29.7352 95.8763 -0.981383 0.00228093 0.192045 46.6328 0 1
-106.258 28.5886 95.9555 -0.982685 0.000288009 0.185285 46.828 0 1
-106.244 27.4228 96.0102 -0.983818 -0.00136279 0.179167 47.0035 0 1
-106.246 26.3704 95.9609 -0.984801 -0.00268657 0.173665 47.2149 0 1
-106.277 25.1147 95.7447 -0.985658 -0.00371922 0.168717 47.5007 0 1
-106.291 23.3791 95.6168 -0.986409 -0.00451115 0.164249 47.6739 0 1
-106.278 22.3402 95.6381 -0.987073 -0.00511448 0.16019 47.8637 0 1
-106.249 21.2076 95.7454 -0.987666 -0.00557327 0.156479 48.0328 0 1
-106.245 20.1888 95.7458 -0.988199 -0.00592178 0.153062 48.2187 0 1
-106.254 19.0785 95.6317 -0.988683 -0.00618605 0.149893 48.3995 0 1
-106.261 17.9957 95.5387 -0.989127 -0.00638342 0.146928 48.5888 0 1
-106.278 16.8721 95.3646 -0.989537 -0.00652168 0.144132 48.7988 0 1
-106.264 15.6101 95.3748 -0.98992 -0.00660188 0.141473 48.9725 0 1
-106.262 14.5594 95.3525 -0.99028 -0.00662498 0.13893 49.1435 0 1
-106.262 13.5308 95.2865 -0.990619 -0.00659816 0.136496 49.4321 0 1
-106.248 11.7976 95.2984 -0.990935 -0.00653697 0.13418 49.6708 0 1
-106.251 10.3726 95.1782 -0.991229 -0.00646239 0.132001 49.8666 0 1
-106.239 9.18832 95.2196 -0.991496 -0.00639427 0.129981 50.0462 0 1
-106.234 8.10073 95.1966 -0.991737 -0.0063438 0.128132 50.3707 0 1
-106.233 6.14854 95.1085 -0.991952 -0.00630891 0.126459 50.5465 0 1
-106.236 5.08359 95.0334 -0.992143 -0.00627531 0.124955 50.7209 0 1
-106.238 4.03031 94.9549 -0.992311 -0.00622275 0.123611 50.8866 0 1
-106.237 3.02564 94.9164 -0.99246 -0.00613332 0.122419 51.052 0 1
-106.233 2.01103 94.9057 -0.992589 -0.00599789 0.121374 51.237 0 1
-106.23 0.876535 94.8558 -0.992699 -0.00581816 0.120475 51.432 0 1
-106.22 -0.316372 94.8756 -0.992791 -0.00560394 0.119724 51.6592 0 1
-106.213 -1.71811 94.8565 -0.992865 -0.0053679 0.11912 51.8308 0 1
-106.224 -2.76919 94.7181 -0.992922 -0.00512095 0.118661 51.9987 0 1
-106.22 -3.79831 94.7111 -0.992961 -0.00487012 0.118342 52.2182 0 1
-106.244 -5.11366 94.4621 -0.992984 -0.00461846 0.11816 52.365 0 1
-106.208 -5.96853 94.7354 -0.992991 -0.00436579 0.11811 52.5588 0 1
-106.213 -7.14199 94.6447 -0.992983 -0.00410988 0.118188 52.7741 0 1
-106.193 -8.45195 94.7696 -0.992961 -0.00384825 0.118378 52.9458 0 1
-106.206 -9.48649 94.6291 -0.992929 -0.00358094 0.118653 53.1471 0 1
-106.282 -10.5086 93.9579 -0.992892 -0.00331328 0.118971 53.3563 0 1
-106.213 -11.6793 94.5033 -0.992856 -0.00305711 0.119278 53.5551 0 1
-106.207 -12.8813 94.5169 -0.992827 -0.0028296 0.119524 53.7612 0 1
-106.282 -13.967 93.8821 -0.99281 -0.00265037 0.119668 53.9357 0 1
-106.259 -15.0477 94.0458 -0.992808 -0.0025377 0.119691 54.1464 0 1
-106.414 -14.6756 92.7909 -0.992819 -0.00250457 0.119596 54.3311 0 1
-106.416 -13.4231 92.7849 -0.992842 -0.00255546 0.119406 54.5159 0 1
-106.365 -12.2815 93.2198 -0.992872 -0.00268581 0.119156 54.6275 0 1
-106.362 -11.5621 93.2589 -0.992904 -0.0028851 0.118885 54.7916 0 1
-106.396 -10.5238 92.9939 -0.992933 -0.00314242 0.118634 55.009 0 1
-106.369 -9.13189 93.2644 -0.992956 -0.00345144 0.118433 55.1813 0 1
-106.377 -8.02185 93.2315 -0.99297 -0.00381118 0.118309 55.3872 0 1
-106.364 -6.65481 93.3863 -0.992972 -0.00422164 0.118275 55.5889 0 1
-106.415 -5.43805 93.004 -0.992962 -0.00467709 0.118341 55.7494 0 1
-106.401 -4.43137 93.1599 -0.992939 -0.005163 0.118511 55.9959 0 1
-106.411 -2.87531 93.1414 -0.992903 -0.00565932 0.118788 56.1799 0 1
-106.413 -1.70854 93.1834 -0.992854 -0.00614705 0.119176 56.3539 0 1
-106.42 -0.582406 93.1878 -0.992791 -0.00661375 0.119678 56.5087 0 1
-106.435 0.416294 93.1276 -0.992712 -0.00705628 0.120303 56.7619 0 1
-106.442 2.01935 93.1796 -0.992617 -0.00748136 0.121064 56.9231 0 1
-106.45 3.05582 93.1754 -0.992501 -0.00790293 0.121978 57.0757 0 1
-106.465 4.0597 93.1164 -0.992364 -0.00833626 0.123063 57.2295 0 1
-106.477 5.07151 93.0833 -0.992202 -0.00879226 0.124328 57.3924 0 1
-106.496 6.14375 93.006 -0.992016 -0.00927529 0.125772 57.5789 0 1
-106.494 7.32955 93.1172 -0.991805 -0.00978421 0.127385 57.7498 0 1
-106.507 8.41723 93.0919 -0.991571 -0.0103134 0.129156 57.9894 0 1
-106.498 9.99756 93.2789 -0.991314 -0.0108519 0.131068 58.1431 0 1
-106.516 11.0007 93.2191 -0.991037 -0.0113837 0.133104 58.2966 0 1
-106.537 11.9992 93.1517 -0.99074 -0.0118918 0.135251 58.5629 0 1
-106.596 13.6974 92.8686 -0.990424 -0.0123649 0.137504 58.8089 0 1
-106.588 15.3068 93.0732 -0.990087 -0.0128013 0.139871 58.9829 0 1
-106.608 16.4156 93.0254 -0.989725 -0.0132031 0.142371 59.1411 0 1
-106.628 17.4532 92.9917 -0.989335 -0.0135646 0.145022 59.3173 0 1
-106.643 18.5979 92.994 -0.988914 -0.013868 0.147843 59.4999 0 1
-106.663 19.7746 92.9829 -0.988457 -0.0140939 0.150848 59.7112 0 1
-106.664 21.1586 93.0895 -0.987961 -0.014242 0.154049 59.8773 0 1
-106.68 22.2195 93.1004 -0.987419 -0.0143506 0.157476 60.0649 0 1
-106.718 23.3879 92.9596 -0.986816 -0.0145035 0.161192 60.2229 0 1
-106.731 24.3881 92.9897 -0.98613 -0.0148156 0.16531 60.5199 0 1
-106.721 26.2528 93.2248 -0.985326 -0.0154002 0.169985 60.69 0 1
-106.733 27.3281 93.2197 -0.98436 -0.0163293 0.175407 60.8661 0 1
-106.752 28.4521 93.229 -0.983173 -0.0176072 0.181825 61.0323 0 1
-106.761 29.5025 93.2531 -0.981682 -0.0191564 0.18956 61.1998 0 1
-106.801 30.5591 93.1508 -0.979784 -0.0208191 0.198972 61.4139 0 1
-106.869 31.8914 92.9263 -0.977373 -0.0223795 0.210334 61.5877 0 1
-106.885 32.9892 92.9401 -0.974382 -0.02362 0.223655 61.7453 0 1
-106.903 33.9976 93.01 -0.97082 -0.0243864 0.238565 61.9019 0 1
-106.908 35.0002 93.0801 -0.9668 -0.0246166 0.254347 62.0875 0 1
-107.024 36.172 92.8272 -0.962525 -0.0243113 0.270101 62.3763 0 1
-107.289 37.7865 92.0396 -0.958252 -0.023483 0.284958 62.5931 0 1
-107.687 38.3725 90.8376 -0.954235 -0.0221346 0.298236 62.7436 0 1
-108.025 38.5291 89.9122 -0.950684 -0.0202862 0.309498 62.984 0 1
-108.566 38.4979 88.3994 -0.947742 -0.0180161 0.318529 63.1817 0 1
-109.027 38.7387 87.1669 -0.945486 -0.015484 0.325293 63.3612 0 1
-109.419 38.7046 86.0336 -0.943929 -0.0129164 0.329896 63.5214 0 1
-109.784 38.9452 85.0164 -0.943026 -0.0105613 0.332552 63.6906 0 1
-110.074 39.8433 84.2822 -0.942689 -0.00863178 0.33356 63.8532 0 1
-110.073 40.9559 84.2596 -0.942805 -0.0072584 0.333265 64.1163 0 1
-110.07 42.7723 84.2852 -0.943247 -0.00646815 0.33203 64.2699 0 1
-110.092 43.831 84.2514 -0.943881 -0.00619059 0.330227 64.492 0 1
-110.089 45.3453 84.2611 -0.944573 -0.00628545 0.328242 64.6571 0 1
-110.162 46.4458 84.0662 -0.945183 -0.0065793 0.326475 64.8148 0 1
-110.118 47.5075 84.2238 -0.945585 -0.00689949 0.325303 65.052 0 1
-109.944 49.0147 84.7732 -0.945676 -0.0070993 0.325033 65.3349 0 1
-109.338 49.2259 86.5871 -0.945397 -0.00707484 0.325844 65.4879 0 1
-109.018 49.2782 87.5579 -0.944736 -0.0067748 0.327762 65.6454 0 1
-108.693 49.306 88.5445 -0.943726 -0.00620291 0.330672 65.8019 0 1
-108.365 49.3509 89.5021 -0.942438 -0.00541127 0.334337 65.9699 0 1
-108.006 49.3459 90.5246 -0.940975 -0.00448565 0.338448 66.0047 0 1
-107.929 49.3459 90.7332 -0.939443 -0.00352583 0.342663 66.0047 0 1
-106.32 1.65143 94.1665 -0.992726 -0.00838185 0.120107 66.2917 1 1
-106.333 -0.115591 93.936 -0.992731 -0.00846433 0.120057 66.4225 0 1
-106.331 0.703977 94.0105 -0.992736 -0.00854742 0.120008 66.4365 0 1
-106.333 0.790159 93.9962 -0.992741 -0.00863069 0.119959 66.4365 0 1
-106.259 -15.06 94.0488 -0.99255 -0.00197992 0.121822 66.5988 1 1
-106.374 -15.4098 93.1038 -0.992392 -0.00140192 0.123113 66.7991 0 1
-106.378 -16.7214 93.065 -0.992223 -0.000858356 0.124472 67.0328 0 1
-106.413 -18.2347 92.7758 -0.99204 -0.000371863 0.125926 67.1908 0 1
-106.407 -19.328 92.827 -0.991841 3.74416e-05 0.127485 67.4464 0 1
-106.417 -21.0971 92.7508 -0.991627 0.000353529 0.129137 67.6313 0 1
-106.416 -22.3582 92.7715 -0.991404 0.000565643 0.130831 67.809 0 1
-106.373 -23.4966 93.1257 -0.991186 0.000671844 0.132476 67.8882 0 1
-106.35 -23.9864 93.2984 -0.990988 0.000683582 0.133946 68.1145 0 1
-106.33 -25.4354 93.453 -0.99083 0.000625915 0.135111 68.2977 0 1
-106.361 -26.5658 93.253 -0.990727 0.000529916 0.135868 68.4585 0 1
-106.368 -27.595 93.2162 -0.990687 0.000421028 0.136157 68.6223 0 1
-106.219 -27.481 94.2457 -0.990712 0.000311233 0.135974 68.8054 0 1
-106.21 -26.3893 94.3223 -0.990796 0.000199377 0.135366 68.991 0 1
-106.212 -25.2807 94.3099 -0.990926 7.7372e-05 0.13441 69.1578 0 1
-106.209 -24.2786 94.3398 -0.991089 -6.29123e-05 0.133198 69.3392 0 1
-106.257 -23.2423 93.9864 -0.991273 -0.000225622 0.131825 69.5127 0 1
-106.28 -22.1776 93.7986 -0.991465 -0.000410268 0.130376 69.7429 0 1
-106.254 -20.7646 94.0152 -0.991655 -0.000613168 0.128916 69.9008 0 1
-106.349 -20.1348 93.2867 -0.99184 -0.000829451 0.127489 70.1192 0 1
-106.281 -18.8212 93.8223 -0.992015 -0.00105459 0.126114 70.292 0 1
-106.263 -17.7484 93.9781 -0.992183 -0.00128508 0.124789 70.5129 0 1
-106.241 -16.3877 94.1746 -0.992344 -0.00151839 0.123495 70.5713 0 1
-106.259 -16.0597 94.0259 -0.992503 -0.00175237 0.12221 70.5713 0 1
-106.388 -27.8522 93.0827 -0.98971 0.00154353 0.143079 70.7426 1 1
-106.428 -28.9188 92.8296 -0.988786 0.00217265 0.149323 70.9133 0 1
-106.408 -30.0189 92.9975 -0.987601 0.00314276 0.156956 71.1043 0 1
-106.434 -31.2115 92.845 -0.985988 0.00456728 0.166755 71.3323 0 1
-106.424 -32.6552 92.9094 -0.98379 0.00642602 0.17921 71.4908 0 1
-106.428 -33.6696 92.8633 -0.9809 0.00855279 0.194326 71.663 0 1
-106.38 -34.7471 93.1708 -0.977307 0.0106668 0.21156 71.9302 0 1
-106.397 -36.4557 93.1015 -0.973128 0.0124338 0.229927 72.1831 0 1
-106.515 -38.011 92.741 -0.968606 0.0135416 0.248231 72.3388 0 1
-106.759 -38.4717 91.9211 -0.964058 0.0137779 0.265333 72.5782 0 1
-107.212 -38.503 90.4704 -0.959801 0.0130835 0.280375 72.738 0 1
-107.552 -38.646 89.4726 -0.956072 0.0115591 0.292902 72.8958 0 1
-107.893 -38.7425 88.4787 -0.95299 0.00942357 0.302856 73.0653 0 1
-108.274 -38.7259 87.3902 -0.95056 0.00695111 0.310464 73.2269 0 1
-108.652 -38.7802 86.3435 -0.948715 0.00441709 0.316101 73.3911 0 1
-109.014 -38.7139 85.2787 -0.947366 0.00206503 0.320146 73.5406 0 1
-109.346 -38.8641 84.2999 -0.946436 8.90775e-05 0.322893 73.695 0 1
-109.613 -39.5582 83.511 -0.945883 -0.0013763 0.324504 73.8396 0 1
-109.626 -40.5672 83.4632 -0.945695 -0.00226114 0.325049 74.084 0 1
-109.626 -42.2698 83.4244 -0.945856 -0.00256028 0.324577 74.2347 0 1
-109.612 -43.3235 83.4354 -0.946325 -0.00233258 0.323208 74.4038 0 1
-109.62 -44.5034 83.3947 -0.947019 -0.00169879 0.321173 74.5685 0 1
-109.622 -45.6427 83.3773 -0.947828 -0.000827666 0.318782 74.717 0 1
-109.663 -46.6576 83.2629 -0.948642 9.92934e-05 0.316352 74.9907 0 1
-109.572 -48.4801 83.5102 -0.949384 0.000934642 0.314115 75.2011 0 1
-109.203 -49.2104 84.6839 -0.95003 0.0015976 0.312154 75.3727 0 1
-108.856 -49.2623 85.7912 -0.950616 0.00207389 0.310363 75.5277 0 1
-108.538 -49.2726 86.7838 -0.951234 0.00238421 0.30846 75.7069 0 1
-108.166 -49.2005 87.9161 -0.952015 0.00253802 0.306041 75.8856 0 1
-107.805 -49.1667 89.0517 -0.953086 0.00249645 0.30269 76.0655 0 1
-107.455 -49.4781 90.1229 -0.954528 0.00216995 0.298115 76.2459 0 1
-107.101 -49.2357 91.1961 -0.956341 0.00146347 0.292248 76.4316 0 1
-106.741 -49.2515 92.3247 -0.958443 0.000348912 0.285285 76.6316 0 1
-106.376 -49.4461 93.5128 -0.960687 -0.00108585 0.277631 76.908 0 1
-105.904 -49.3242 95.1106 -0.962913 -0.00265532 0.269797 77.0961 0 1
-105.614 -49.323 96.1987 -0.964984 -0.00416079 0.262278 77.2932 0 1
-105.325 -49.3488 97.3404 -0.966808 -0.00549564 0.255446 77.4836 0 1
-105.06 -49.3707 98.4303 -0.968351 -0.00671648 0.2495 77.7177 0 1
-104.837 -48.4634 99.4242 -0.969629 -0.00804339 0.244446 77.8987 0 1
-104.843 -47.4152 99.4717 -0.97069 -0.00978092 0.240136 78.0962 0 1
-104.773 -46.3342 99.7733 -0.971595 -0.0121814 0.236337 78.2743 0 1
-104.804 -45.3283 99.6656 -0.972402 -0.0153028 0.232808 78.5289 0 1
-104.792 -43.8815 99.7384 -0.973164 -0.0189278 0.229334 78.7762 0 1
-104.855 -42.486 99.5362 -0.973932 -0.0225914 0.225712 79.07 0 1
-104.849 -40.8177 99.6694 -0.974768 -0.0257118 0.221734 79.2624 0 1
-104.9 -39.728 99.5683 -0.975731 -0.0277691 0.217206 79.5335 0 1
-105.152 -38.4345 98.7251 -0.976852 -0.028455 0.212014 79.7224 0 1
-105.378 -38.0716 97.7445 -0.978124 -0.0277355 0.206167 79.9142 0 1
-105.608 -37.5814 96.7868 -0.979496 -0.025815 0.199801 80.1644 0 1
-105.933 -37.1315 95.4504 -0.980904 -0.0230373 0.193125 80.348 0 1
-106.059 -36.292 94.8291 -0.982282 -0.0197749 0.18636 80.6345 0 1
-106.169 -34.6316 94.3626 -0.983589 -0.0163485 0.179683 80.8478 0 1
-106.266 -33.4612 93.8471 -0.984801 -0.0129858 0.1732 80.9553 0 1
-106.248 -32.8256 93.9681 -0.985916 -0.00981415 0.16695 81.1659 0 1
-106.259 -31.5615 93.9582 -0.986944 -0.00687125 0.160918 81.2681 0 1
-106.267 -30.9524 93.9242 -0.987897 -0.00412647 0.155055 81.4395 0 1
-106.26 -29.9292 93.9553 -0.988792 -0.00150538 0.149291 81.6956 0 1
-106.31 -28.4379 93.6222 -0.989643 0.00108406 0.143547 81.6956 0 1
-106.23 -36.4563 93.9149 -0.977154 0.00358992 0.211368 81.8932 1 1
-106.262 -37.6882 93.8088 -0.972697 0.00634702 0.231992 82.1456 0 1
-106.507 -38.918 92.8821 -0.967939 0.00830265 0.25105 82.3756 0 1
-106.875 -39.3713 91.597 -0.963389 0.00919751 0.267948 82.5446 0 1
-107.201 -39.4477 90.5699 -0.959289 0.0089987 0.282282 82.7893 0 1
-107.712 -39.5163 89.0521 -0.9558 0.00788777 0.293911 82.955 0 1
-108.073 -39.5094 88.0114 -0.952997 0.00619878 0.302915 83.1806 0 1
-108.564 -39.5575 86.5723 -0.950886 0.00433564 0.309511 83.3317 0 1
-108.906 -39.569 85.5835 -0.949425 0.00268887 0.313981 83.4958 0 1
-109.25 -39.9472 84.5628 -0.948549 0.00155738 0.316627 83.7057 0 1
-109.373 -41.3564 84.1777 -0.948171 0.00108385 0.317759 83.8598 0 1
-109.379 -42.4289 84.1252 -0.948188 0.00122739 0.317709 84.0715 0 1
-109.356 -43.9049 84.1797 -0.948482 0.00179527 0.316827 84.2394 0 1
-109.342 -45.0597 84.2066 -0.948935 0.0025252 0.315463 84.4501 0 1
-109.343 -46.5051 84.2107 -0.949449 0.00317856 0.313906 84.6159 0 1
-109.288 -47.6226 84.3854 -0.949973 0.00360196 0.312311 84.8295 0 1
-108.925 -48.4136 85.5516 -0.950521 0.00373816 0.310639 84.9807 0 1
-108.615 -48.4662 86.5185 -0.951169 0.00359473 0.308649 85.1361 0 1
-108.295 -48.4411 87.5123 -0.952037 0.00319635 0.305965 85.3051 0 1
-107.954 -48.419 88.5845 -0.953241 0.00255302 0.3022 85.4734 0 1
-107.618 -48.4747 89.6327 -0.954847 0.0016652 0.297094 85.6728 0 1
-107.218 -48.5039 90.8423 -0.956835 0.000557855 0.29063 85.9691 0 1
-106.648 -48.4636 92.6338 -0.959103 -0.000690342 0.283055 86.1346 0 1
-106.343 -48.5256 93.6221 -0.961495 -0.00195627 0.274816 86.3503 0 1
-105.962 -48.4839 94.881 -0.963848 -0.00312743 0.266433 86.5363 0 1
-105.681 -48.4692 95.9647 -0.966035 -0.00417366 0.258379 86.7344 0 1
-105.388 -48.4528 97.103 -0.96797 -0.00518433 0.251012 86.9244 0 1
-105.133 -48.3383 98.196 -0.969613 -0.0063342 0.244561 87.1348 0 1
-105.026 -47.2287 98.6935 -0.970958 -0.00778511 0.239124 87.3344 0 1
-105.004 -46.0886 98.8015 -0.972032 -0.00957369 0.234654 87.5731 0 1
-105.011 -44.7243 98.8055 -0.972891 -0.0115532 0.230977 87.8603 0 1
-105.023 -43.0755 98.7567 -0.973599 -0.0134374 0.227871 88.0654 0 1
-105.03 -41.8817 98.7955 -0.9742 -0.0149347 0.225194 88.3424 0 1
-105.068 -40.2821 98.7835 -0.974697 -0.0158973 0.222965 88.6454 0 1
-105.344 -38.9439 97.7236 -0.975065 -0.0163919 0.221314 88.8196 0 1
-105.562 -38.5703 96.8186 -0.975279 -0.0166479 0.220349 89.0596 0 1
-105.87 -38.1521 95.521 -0.975345 -0.0169102 0.220035 89.2673 0 1
-106.116 -37.5066 94.4983 -0.975306 -0.0172875 0.220178 89.324 0 1
-106.163 -37.2734 94.2557 -0.975224 -0.0176872 0.220511 89.559 0 1
-106.155 -38.708 94.2559 -0.975152 -0.0178725 0.220813 89.7822 0 1
-105.847 -38.9757 95.5479 -0.975114 -0.0176009 0.221002 89.9669 0 1
-105.607 -39.3255 96.5517 -0.975092 -0.016752 0.221165 90.1626 0 1
-105.361 -39.9029 97.4989 -0.97503 -0.0153759 0.22154 90.3519 0 1
-105.226 -40.8913 97.9841 -0.974844 -0.0136483 0.222471 90.5647 0 1
-105.196 -42.1333 98.0202 -0.974437 -0.0117757 0.224351 90.814 0 1
-105.187 -43.5954 98.0155 -0.973719 -0.00990858 0.227537 90.9904 0 1
-105.187 -44.6242 98.0359 -0.97262 -0.00810222 0.232258 91.267 0 1
-105.198 -46.2171 97.9761 -0.971111 -0.00633455 0.238545 91.4496 0 1
-105.261 -47.2304 97.6924 -0.969211 -0.00456185 0.24619 91.6643 0 1
-105.528 -47.6934 96.5651 -0.967002 -0.0027732 0.254753 91.8548 0 1
-105.812 -47.7291 95.4689 -0.964621 -0.00100945 0.263637 92.0406 0 1
-106.099 -47.7393 94.4045 -0.962235 0.000654529 0.272218 92.2122 0 1
-106.409 -47.7319 93.398 -0.960001 0.00213604 0.279988 92.4081 0 1
-106.762 -47.7033 92.24 -0.958028 0.0033567 0.286656 92.6078 0 1
-107.145 -47.696 91.0394 -0.956358 0.00424351 0.292167 92.7852 0 1
-107.499 -47.6876 89.9683 -0.954975 0.00473278 0.296649 92.967 0 1
-107.863 -47.6401 88.8671 -0.953826 0.00478404 0.300322 93.137 0 1
-108.198 -47.6499 87.8188 -0.952846 0.00440291 0.303423 93.4124 0 1
-108.742 -47.6118 86.0841 -0.951977 0.00367147 0.306147 93.5937 0 1
-109.041 -46.9057 85.1215 -0.951184 0.00277721 0.308611 93.7736 0 1
-109.095 -45.6848 84.9498 -0.950465 0.00201344 0.310824 93.9296 0 1
-109.108 -44.6193 84.9145 -0.949863 0.00171679 0.312661 94.1347 0 1
-109.107 -43.2244 84.9169 -0.949472 0.00213989 0.313845 94.2888 0 1
-109.117 -42.1635 84.9081 -0.94942 0.00331618 0.313992 94.5476 0 1
-108.909 -40.5075 85.5578 -0.94982 0.00500847 0.312756 94.7266 0 1
-108.512 -40.3378 86.7283 -0.950706 0.00679861 0.310019 94.9137 0 1
-108.095 -40.2606 87.9489 -0.951987 0.00828544 0.306026 95.0693 0 1
-107.766 -40.2589 88.9533 -0.95346 0.00927612 0.301376 95.3259 0 1
-107.226 -40.2235 90.5496 -0.954865 0.00984913 0.296877 95.4891 0 1
-106.91 -40.1238 91.5569 -0.955964 0.0102491 0.293304 95.7122 0 1
-106.528 -39.704 92.8457 -0.956605 0.0106894 0.29119 95.8719 0 1
-106.302 -39.2093 93.6878 -0.95674 0.0111994 0.29073 96.0002 0 1
-106.17 -39.8317 94.1563 -0.956409 0.0116146 0.2918 96.2742 0 1
-106.578 -40.5969 92.7029 -0.955716 0.0116955 0.294058 96.5045 0 1
-106.998 -40.9087 91.3373 -0.9548 0.0112817 0.297036 96.7253 0 1
-107.434 -40.9924 90.0044 -0.953811 0.0103812 0.300226 96.946 0 1
-107.879 -41.0171 88.6627 -0.952897 0.00916096 0.303157 97.118 0 1
-108.225 -41.0604 87.5884 -0.952167 0.00787022 0.305476 97.2925 0 1
-108.595 -41.1966 86.4703 -0.951676 0.00675098 0.307028 97.4755 0 1
-108.841 -42.2104 85.7298 -0.951412 0.00597583 0.307864 97.6242 0 1
-108.864 -43.2334 85.65 -0.951323 0.00561411 0.308145 97.8717 0 1
-108.859 -44.9212 85.6638 -0.951371 0.00561424 0.307996 98.0385 0 1
-108.817 -46.0432 85.8085 -0.951568 0.00580586 0.307383 98.1918 0 1
-108.588 -46.7669 86.5234 -0.951983 0.00594386 0.306092 98.3555 0 1
-108.263 -46.8529 87.59 -0.952719 0.00579857 0.303796 98.5299 0 1
-107.917 -46.8627 88.6993 -0.953869 0.00525042 0.300177 98.7461 0 1
-107.468 -46.9263 90.0226 -0.95547 0.0043243 0.295056 98.9871 0 1
-106.984 -46.9126 91.4971 -0.957477 0.00313539 0.288494 99.1643 0 1
-106.651 -46.9482 92.5816 -0.959757 0.0017903 0.280825 99.3785 0 1
-106.259 -46.9804 93.871 -0.962119 0.000326578 0.272628 99.5592 0 1
-105.958 -46.9794 94.9498 -0.964352 -0.00126434 0.26462 99.7441 0 1
-105.672 -46.9278 96.0222 -0.966265 -0.00296061 0.257533 99.9377 0 1
-105.432 -46.421 97.0163 -0.967716 -0.00464479 0.252002 100.243 0 1
-105.362 -44.6684 97.2602 -0.968615 -0.0060926 0.24849 100.498 0 1
-105.36 -43.1937 97.2437 -0.968923 -0.00701931 0.247262 100.76 0 1
-105.382 -41.6446 97.2305 -0.968638 -0.00716646 0.248371 101.018 0 1
-105.575 -40.2978 96.5452 -0.967795 -0.00640068 0.251656 101.28 0 1
-105.926 -39.689 95.1608 -0.966468 -0.0047856 0.256743 101.438 0 1
-106.143 -39.7865 94.2502 -0.964766 -0.00258692 0.263097 101.575 0 1
-106.078 -40.6043 94.4533 -0.962829 -0.000196312 0.27011 101.775 0 1
-106.394 -41.0748 93.3504 -0.960808 0.00199757 0.277206 101.962 0 1
-106.718 -41.4991 92.2897 -0.958845 0.00373022 0.283905 102.142 0 1
-107.055 -41.68 91.2023 -0.957055 0.00491765 0.289866 102.336 0 1
-107.447 -41.7371 90.0185 -0.955514 0.00563246 0.294893 102.623 0 1
-108.011 -41.799 88.2902 -0.95426 0.00603149 0.298917 102.788 0 1
-108.339 -41.9143 87.2459 -0.953311 0.00628346 0.301926 102.953 0 1
-108.594 -42.7137 86.4791 -0.95269 0.00652667 0.303873 103.113 0 1
-108.621 -43.8015 86.3782 -0.952448 0.00685367 0.304623 103.354 0 1
-108.549 -45.4241 86.6104 -0.952657 0.00730132 0.30396 103.519 0 1
-108.278 -46.038 87.5163 -0.953379 0.00782988 0.301673 103.802 0 1
-107.701 -46.1054 89.3063 -0.954634 0.00830004 0.297665 104.019 0 1
-107.248 -46.13 90.6549 -0.956364 0.00847918 0.292053 104.217 0 1
-106.858 -46.1439 91.8678 -0.958433 0.00810362 0.285202 104.445 0 1
-106.437 -46.2057 93.2612 -0.960645 0.006985 0.277691 104.634 0 1
-106.115 -46.2243 94.3948 -0.96279 0.00511031 0.270203 104.817 0 1
-105.819 -46.1611 95.4556 -0.96469 0.00268386 0.263375 104.999 0 1
-105.587 -45.5844 96.3352 -0.966231 9.02485e-05 0.257677 105.307 0 1
-105.537 -43.7711 96.4996 -0.967365 -0.00220797 0.253376 105.512 0 1
-105.548 -42.5618 96.4767 -0.968087 -0.00380186 0.250587 105.774 0 1
-105.678 -41.0771 96.049 -0.9684 -0.0044516 0.249362 105.991 0 1
-105.979 -40.5839 94.875 -0.968301 -0.00414732 0.24975 106.144 0 1
-106.005 -41.4886 94.6969 -0.967776 -0.00309558 0.251793 106.345 0 1
-105.755 -42.2689 95.6366 -0.966818 -0.00163683 0.255462 106.553 0 1
-105.722 -43.5159 95.7317 -0.965452 -0.000128806 0.26058 106.754 0 1
-105.756 -44.7089 95.6574 -0.963762 0.0011532 0.266763 106.933 0 1
-105.967 -45.3969 94.8744 -0.96188 0.00206511 0.273463 107.118 0 1
-106.267 -45.4681 93.8103 -0.95997 0.00259251 0.280092 107.325 0 1
-106.633 -45.3959 92.5783 -0.958174 0.00281938 0.286172 107.514 0 1
-106.991 -45.3496 91.4351 -0.956595 0.00288353 0.291405 107.68 0 1
-107.318 -45.3364 90.4321 -0.955295 0.00292701 0.295639 107.967 0 1
-107.912 -45.3158 88.6822 -0.954316 0.00305041 0.298784 108.225 0 1
-108.345 -44.5735 87.2239 -0.953698 0.00328476 0.300749 108.392 0 1
-108.359 -43.4287 87.1923 -0.953473 0.00359302 0.301456 108.607 0 1
-108.005 -42.5947 88.3232 -0.95365 0.0038975 0.300894 108.805 0 1
-107.606 -42.4977 89.5718 -0.95418 0.00411303 0.299204 108.989 0 1
-107.236 -42.4557 90.6878 -0.954953 0.00416794 0.296727 109.151 0 1
-106.926 -42.3871 91.6559 -0.955796 0.00401318 0.294003 109.391 0 1
-106.487 -42.043 93.0482 -0.956515 0.00363133 0.291661 109.559 0 1
-106.211 -41.6419 93.9968 -0.956949 0.00304816 0.290239 109.693 0 1
-106.17 -42.4698 94.1392 -0.957019 0.00233751 0.290015 109.918 0 1
-105.921 -43.5389 94.9729 -0.956736 0.00160931 0.290953 110.084 0 1
-106.056 -44.4266 94.5037 -0.956187 0.000979906 0.292754 110.29 0 1
-106.405 -44.7076 93.3262 -0.955505 0.000533431 0.294974 110.543 0 1
-106.867 -44.6001 91.8258 -0.954835 0.000291275 0.297137 110.736 0 1
-107.242 -44.4596 90.673 -0.95431 0.000207209 0.298819 110.99 0 1
-107.75 -44.5642 89.1468 -0.954024 0.00019256 0.299729 111.193 0 1
-108.024 -43.5857 88.2721 -0.954015 0.000156851 0.299758 111.355 0 1
-107.717 -43.2438 89.2445 -0.954258 4.11566e-05 0.298984 111.517 0 1
-107.385 -43.2283 90.2436 -0.954681 -0.000170374 0.297632 111.749 0 1
-106.931 -43.2098 91.6563 -0.955193 -0.000460015 0.295985 112.023 0 1
-106.442 -42.7804 93.2161 -0.955716 -0.000796008 0.294291 112.042 0 1
-106.411 -42.7461 93.3228 -0.956201 -0.00115017 0.292707 112.19 0 1
-106.31 -43.5898 93.6502 -0.956638 -0.00150668 0.291276 112.247 0 1
-106.305 -43.9417 93.6627 -0.957038 -0.00186133 0.289955 112.411 0 1
-106.591 -43.7975 92.7156 -0.957428 -0.00221529 0.288663 112.411 0 1
