-105.657 -7.96917 98.8384 -0.989755 -0.000142642 0.142771 0 1 0
-105.65 -7.94781 98.8826 -0.989749 -0.000460973 0.142817 0.0350066 0 0
-105.656 -8.09156 98.8436 -0.989733 -0.000761734 0.142928 0.164388 0 0
-105.757 -8.28227 98.1428 -0.9897 -0.00106329 0.143152 0.349004 0 0
-105.754 -7.21857 98.1617 -0.989649 -0.00139447 0.143502 0.531811 0 0
-105.744 -6.16137 98.2623 -0.989584 -0.001778 0.143945 0.707661 0 0
-105.727 -5.14037 98.3889 -0.989512 -0.00222014 0.144436 0.95218 0 0
-105.719 -3.71708 98.4624 -0.989434 -0.00270546 0.144962 1.19293 0 0
-105.721 -2.34536 98.5012 -0.989346 -0.00319463 0.145545 1.44253 0 0
-105.715 -0.940652 98.573 -0.989247 -0.00363347 0.14621 1.62822 0 0
-105.674 0.0374006 98.9115 -0.989138 -0.00397393 0.146936 1.81065 0 0
-105.666 1.03724 98.9535 -0.98903 -0.00418547 0.147652 2.16128 0 0
-105.689 2.95618 98.8668 -0.988936 -0.00424032 0.148279 2.35332 0 0
-105.693 3.99684 98.8567 -0.988861 -0.00409194 0.148783 2.54023 0 0
-105.677 5.00468 98.9965 -0.988799 -0.00368225 0.149207 2.78678 0 0
-105.665 6.34248 99.1984 -0.988732 -0.00298219 0.149669 2.98445 0 0
-105.693 7.39366 98.9947 -0.988636 -0.00202714 0.150318 3.25358 0 0
-105.667 8.86343 99.1563 -0.988486 -0.000910849 0.151308 3.45245 0 0
-105.657 9.965 99.3056 -0.988254 0.000251475 0.152821 3.65266 0 0
-105.652 11.0767 99.3956 -0.987897 0.00134852 0.155106 3.85123 0 0
-105.635 12.1744 99.4288 -0.987364 0.00226675 0.15845 4.0422 0 0
-105.66 13.2154 99.2109 -0.986615 0.00287964 0.163042 4.23555 0 0
-105.649 14.2996 99.1697 -0.985644 0.00307193 0.168809 4.4157 0 0
-105.636 15.3031 99.2635 -0.984506 0.00279839 0.175328 4.58155 0 0
-105.532 14.6385 99.8697 -0.983318 0.00212892 0.181882 4.79234 0 0
-105.605 13.566 99.5131 -0.982239 0.00123428 0.187631 4.98628 0 0
-105.465 12.9 100.345 -0.981429 0.000317348 0.191827 5.24092 0 0
-105.474 11.5409 100.305 -0.980997 -0.000466879 0.194024 5.43145 0 0
-105.503 10.5031 100.184 -0.980955 -0.00106019 0.194232 5.63674 0 0
-105.508 9.38479 100.068 -0.981218 -0.00149863 0.192897 5.85678 0 0
-105.518 8.17138 99.9895 -0.981648 -0.00186426 0.190691 6.05108 0 0
-105.486 7.11453 100.137 -0.982126 -0.00222489 0.18821 6.28618 0 0
-105.491 5.83871 100.152 -0.982593 -0.00260141 0.185754 6.51137 0 0
-105.585 4.7805 99.5813 -0.983048 -0.00297238 0.183322 6.7412 0 0
-105.521 3.60389 100.009 -0.983521 -0.00329627 0.180764 6.93147 0 0
-105.451 2.65309 100.367 -0.984032 -0.00353296 0.177955 7.11839 0 0
-105.431 1.65567 100.435 -0.984582 -0.00366149 0.174884 7.33352 0 0
-105.434 0.500026 100.33 -0.985153 -0.00369443 0.171638 7.56051 0 0
-105.505 -0.71274 100.002 -0.985719 -0.00368408 0.168355 7.77178 0 0
-105.538 -1.83087 99.7281 -0.986256 -0.00371024 0.165182 7.9569 0 0
-105.569 -2.82824 99.532 -0.986742 -0.00384406 0.162249 8.24057 0 0
-105.535 -4.38565 99.6256 -0.987163 -0.00410405 0.159664 8.42533 0 0
-105.526 -5.42874 99.7689 -0.987506 -0.00443867 0.15752 8.60672 0 0
-105.512 -6.44186 99.8479 -0.987761 -0.00475717 0.155904 8.78873 0 0
-105.514 -7.44167 99.8121 -0.987918 -0.00499046 0.154896 8.99872 0 0
-105.515 -8.59605 99.779 -0.987974 -0.00513844 0.154535 9.18769 0 0
-105.473 -9.61463 99.9642 -0.987932 -0.00527113 0.154801 9.47691 0 0
-105.457 -11.1817 99.9511 -0.9878 -0.00548547 0.155631 9.68756 0 0
-105.477 -12.3179 99.8052 -0.987591 -0.00585069 0.156939 9.92893 0 0
-105.516 -13.6056 99.5418 -0.987322 -0.00637963 0.1586 10.2087 0 0
-105.511 -15.1254 99.5002 -0.987018 -0.00703853 0.160458 10.3759 0 0
-105.481 -16.0453 99.5938 -0.986699 -0.00777928 0.162373 10.6327 0 0
-105.435 -17.459 99.8035 -0.986374 -0.00856875 0.164293 10.8504 0 0
-105.386 -18.6479 100.02 -0.986037 -0.00940255 0.16626 11.0741 0 0
-105.333 -19.8425 100.248 -0.985678 -0.0103062 0.168326 11.2762 0 0
-105.305 -20.9182 100.353 -0.985295 -0.0113306 0.170484 11.4794 0 0
-105.304 -21.9992 100.317 -0.984902 -0.0125413 0.172658 11.7215 0 0
-105.317 -23.2705 100.108 -0.984516 -0.0139992 0.174736 12.0666 0 0
-105.266 -25.1323 100.266 -0.984156 -0.0157384 0.176606 12.3097 0 0
-105.221 -26.429 100.385 -0.98384 -0.0177443 0.178166 12.6256 0 0
-105.249 -28.1006 100.12 -0.983588 -0.0199297 0.179324 12.8403 0 0
-105.29 -29.1825 99.7342 -0.983415 -0.0221159 0.180017 13.1505 0 0
-105.334 -30.8359 99.3131 -0.983332 -0.0240441 0.180224 13.392 0 0
-105.271 -32.1933 99.3711 -0.983342 -0.0254335 0.179976 13.6343 0 0
-105.208 -33.5652 99.4727 -0.983442 -0.026066 0.179341 13.8024 0 0
-105.348 -34.0022 98.6384 -0.983617 -0.0258519 0.178406 13.9978 0 0
-105.517 -33.2488 97.8162 -0.983854 -0.024846 0.177239 14.2271 0 0
-105.588 -31.9164 97.7199 -0.984138 -0.0232212 0.17588 14.4761 0 0
-105.597 -30.5137 97.8608 -0.984458 -0.021219 0.174332 14.6957 0 0
-105.58 -29.2894 98.0703 -0.98481 -0.0190963 0.172583 14.9188 0 0
-105.604 -28.0328 98.0131 -0.985187 -0.017074 0.170632 15.1259 0 0
-105.624 -26.8634 97.9919 -0.98558 -0.0152986 0.168517 15.3267 0 0
-105.636 -25.7285 97.9944 -0.985978 -0.0138286 0.166304 15.5411 0 0
-105.656 -24.5141 97.9478 -0.98637 -0.0126421 0.164056 15.7405 0 0
-105.674 -23.3848 97.8698 -0.986755 -0.0116582 0.161801 16.0889 0 0
-105.641 -21.435 98.1821 -0.987134 -0.0107688 0.159534 16.2943 0 0
-105.663 -20.2561 98.1671 -0.98751 -0.00988099 0.157249 16.4896 0 0
-105.672 -19.1323 98.2291 -0.987879 -0.00896021 0.15497 16.7039 0 0
-105.646 -17.9174 98.4643 -0.988232 -0.00804629 0.152753 16.89 0 0
-105.619 -16.8722 98.6806 -0.988559 -0.00723019 0.150663 17.0521 0 0
-105.677 -15.999 98.3778 -0.988852 -0.00660626 0.148754 17.2964 0 0
-105.689 -14.5985 98.3433 -0.989107 -0.00622798 0.147065 17.5152 0 0
-105.712 -13.3652 98.2012 -0.989322 -0.00608547 0.14562 17.7312 0 0
-105.692 -12.1655 98.3379 -0.989496 -0.00611058 0.144433 17.9242 0 0
-105.679 -11.0971 98.4372 -0.989632 -0.00620608 0.143489 18.1069 0 0
-105.697 -10.073 98.4283 -0.98974 -0.00628591 0.14274 18.376 0 0
-105.755 -8.57744 98.1552 -0.989829 -0.0063068 0.14212 18.5032 0 0
-105.854 -8.58291 97.4306 -0.989908 -0.00627531 0.141575 18.8181 0 0
-105.817 -10.4191 97.5499 -0.989975 -0.0062299 0.141105 19.0099 0 0
-105.808 -11.5333 97.5404 -0.990021 -0.00621361 0.14078 19.2254 0 0
-105.817 -12.7541 97.4681 -0.990028 -0.0062537 0.140729 19.4166 0 0
-105.818 -13.8268 97.4494 -0.989974 -0.00635317 0.141106 19.7174 0 0
-105.799 -15.522 97.5175 -0.98984 -0.0064935 0.142034 19.8951 0 0
-105.765 -16.5245 97.7199 -0.989618 -0.00664826 0.143566 20.0742 0 0
-105.781 -17.5415 97.5548 -0.98931 -0.00680416 0.145667 20.2469 0 0
-105.788 -18.5387 97.4378 -0.988928 -0.00697981 0.148231 20.4255 0 0
-105.797 -19.5843 97.376 -0.988491 -0.0072323 0.151108 20.6714 0 0
-105.789 -21.02 97.2982 -0.988018 -0.00764671 0.154152 20.8886 0 0
-105.79 -22.2824 97.2098 -0.987519 -0.00830747 0.157278 21.1556 0 0
-105.793 -23.8076 97.1378 -0.986993 -0.00926386 0.160493 21.3829 0 0
-105.786 -25.0912 97.1442 -0.986426 -0.0105156 0.163872 21.5902 0 0
-105.773 -26.2641 97.1666 -0.985801 -0.0120334 0.167484 21.7886 0 0
-105.758 -27.3984 97.1815 -0.985114 -0.0137921 0.17135 21.9994 0 0
-105.74 -28.5984 97.1887 -0.984365 -0.01578 0.17543 22.2665 0 0
-105.728 -30.1157 97.1546 -0.983569 -0.0179761 0.179637 22.5694 0 0
-105.727 -31.811 96.971 -0.982749 -0.0203198 0.183825 22.7968 0 0
-105.685 -33.1013 96.9878 -0.981944 -0.0226945 0.187803 23.0065 0 0
-105.578 -34.2335 97.3965 -0.981198 -0.0249289 0.191386 23.2263 0 0
-105.368 -34.99 98.4026 -0.980541 -0.0268193 0.194474 23.4925 0 0
-105.068 -35.3226 99.8757 -0.97998 -0.0281704 0.197091 23.7221 0 0
-104.991 -34.1691 100.438 -0.979504 -0.0288471 0.199347 23.9025 0 0
-105.055 -33.1826 100.288 -0.979093 -0.0288114 0.201362 24.0854 0 0
-105.123 -32.1823 100.12 -0.978733 -0.0281234 0.203199 24.2684 0 0
-105.17 -31.1645 100.084 -0.978423 -0.0269062 0.204851 24.4924 0 0
-105.167 -29.9434 100.314 -0.978169 -0.0253005 0.206263 24.734 0 0
-105.102 -28.7076 100.738 -0.97798 -0.0234355 0.207379 24.917 0 0
-105.06 -27.747 101.01 -0.977858 -0.021426 0.20817 25.1293 0 0
-105.062 -26.5877 101.111 -0.9778 -0.0193815 0.208644 25.3168 0 0
-105.086 -25.566 101.078 -0.977804 -0.0174095 0.208798 25.5792 0 0
-105.146 -24.1464 100.924 -0.977881 -0.0156082 0.20858 25.8699 0 0
-105.154 -22.5797 100.995 -0.978053 -0.0140553 0.207879 26.0833 0 0
-105.146 -21.432 101.093 -0.97834 -0.0127974 0.206606 26.2866 0 0
-105.159 -20.3351 101.066 -0.978739 -0.011841 0.204769 26.4799 0 0
-105.197 -19.3029 100.923 -0.979218 -0.0111461 0.202504 26.7549 0 0
-105.271 -17.8432 100.658 -0.979734 -0.0106342 0.200022 26.9626 0 0
-105.319 -16.7307 100.484 -0.980246 -0.0102107 0.197519 27.1615 0 0
-105.354 -15.6553 100.356 -0.980731 -0.00978598 0.195116 27.3737 0 0
-105.338 -14.491 100.382 -0.981186 -0.00928914 0.192841 27.5603 0 0
-105.347 -13.4389 100.481 -0.981619 -0.00868478 0.190655 27.8923 0 0
-105.327 -11.6346 100.685 -0.982038 -0.00798654 0.188513 28.0814 0 0
-105.329 -10.6199 100.712 -0.982442 -0.00724582 0.186429 28.3883 0 0
-105.338 -8.96526 100.698 -0.982804 -0.00651736 0.184536 28.5726 0 0
-105.346 -7.94181 100.706 -0.983083 -0.0058322 0.18307 28.7624 0 0
-105.358 -6.88004 100.725 -0.983228 -0.00519639 0.182306 28.9467 0 0
-105.374 -5.87023 100.722 -0.983203 -0.00460393 0.182459 29.2233 0 0
-105.381 -4.37173 100.537 -0.982989 -0.00404598 0.183618 29.41 0 0
-105.412 -3.31465 100.439 -0.982597 -0.00351176 0.185715 29.6016 0 0
-105.419 -2.26228 100.504 -0.982061 -0.00298603 0.188539 29.7973 0 0
-105.376 -1.23579 100.679 -0.981435 -0.00245118 0.191782 30.1327 0 0
-105.285 0.534193 101.106 -0.980777 -0.00189929 0.195125 30.3384 0 0
-105.292 1.6652 101.133 -0.980132 -0.00134666 0.19834 30.5711 0 0
-105.316 2.91394 101.019 -0.97952 -0.000833889 0.201346 30.7764 0 0
-105.336 4.01277 100.922 -0.978931 -0.000403146 0.204191 30.9696 0 0
-105.337 5.04671 100.9 -0.978349 -6.62629e-05 0.20696 31.161 0 0
-105.326 6.0791 100.954 -0.977768 0.000212091 0.209688 31.3794 0 0
-105.337 7.26062 100.899 -0.977201 0.00050198 0.212318 31.6539 0 0
-105.335 8.74271 100.842 -0.976675 0.000874325 0.214721 31.8771 0 0
-105.332 9.97873 100.92 -0.976225 0.00136762 0.216755 32.0741 0 0
-105.307 11.0501 101.023 -0.975875 0.00197546 0.218319 32.2642 0 0
-105.297 12.0959 101.062 -0.975631 0.00266063 0.219401 32.4623 0 0
-105.314 13.1787 100.996 -0.975476 0.00338209 0.220079 32.6725 0 0
-105.352 14.2997 100.811 -0.975378 0.0041113 0.220501 32.8657 0 0
-105.373 15.3217 100.677 -0.9753 0.00482898 0.220832 33.0579 0 0
-105.371 16.3545 100.663 -0.975211 0.00551744 0.221209 33.2619 0 0
-105.351 17.4575 100.714 -0.97509 0.00616477 0.221723 33.4496 0 0
-105.339 18.4928 100.735 -0.974916 0.00677781 0.222468 33.6629 0 0
-105.331 19.6724 100.751 -0.974656 0.00739111 0.223587 33.9061 0 0
-105.312 21.0105 100.763 -0.974262 0.00806863 0.225276 34.1176 0 0
-105.325 22.1637 100.657 -0.973687 0.008903 0.227717 34.3163 0 0
-105.338 23.2465 100.541 -0.972907 0.0100107 0.230982 34.6048 0 0
-105.375 24.8297 100.363 -0.971938 0.0115119 0.234955 34.9156 0 0
-105.413 26.5154 100.136 -0.970851 0.0134888 0.239305 35.244 0 0
-105.367 28.3091 100.285 -0.969766 0.0159307 0.243517 35.4476 0 0
-105.276 29.3943 100.537 -0.968839 0.0186929 0.246985 35.6388 0 0
-105.205 30.4512 100.75 -0.968228 0.0214954 0.249143 35.8286 0 0
-105.149 31.5003 100.878 -0.96805 0.0239709 0.24961 36.0277 0 0
-105.104 32.6094 100.915 -0.968348 0.0257519 0.248272 36.2352 0 0
-105.07 33.7819 100.881 -0.969086 0.0265672 0.24529 36.4133 0 0
-105.094 34.7703 100.647 -0.970163 0.0263132 0.241021 36.5807 0 0
-105.334 34.8198 99.7258 -0.971452 0.0250719 0.235907 36.9021 0 0
-105.591 33.2065 98.8951 -0.972828 0.0230686 0.230379 37.0923 0 0
-105.637 32.0822 98.8528 -0.974192 0.0205919 0.224782 37.2948 0 0
-105.647 30.918 98.898 -0.975483 0.0179134 0.219345 37.485 0 0
-105.668 29.8121 98.8895 -0.976676 0.0152427 0.214175 37.7652 0 0
-105.697 28.1638 98.7876 -0.977774 0.0127193 0.209277 37.952 0 0
-105.672 27.1203 98.912 -0.978792 0.0104245 0.204591 38.181 0 0
-105.696 25.8497 98.8166 -0.979751 0.0083928 0.200042 38.3876 0 0
-105.682 24.7004 98.9264 -0.980666 0.00662489 0.195576 38.6026 0 0
-105.678 23.5025 98.9613 -0.981543 0.00510764 0.191175 38.8333 0 0
-105.674 22.2121 98.9799 -0.982381 0.00383833 0.186852 39.0343 0 0
-105.675 21.0869 99.0011 -0.983179 0.00283234 0.182622 39.2359 0 0
-105.672 19.9618 99.0152 -0.983941 0.00210044 0.178484 39.4336 0 0
-105.692 18.8627 98.955 -0.984669 0.00161102 0.174424 39.713 0 0
-105.694 17.3101 98.9414 -0.985367 0.00127445 0.170442 39.9001 0 0
-105.708 16.2834 98.8446 -0.98603 0.000970688 0.166567 40.0832 0 0
-105.755 15.3162 98.5531 -0.986649 0.000599029 0.162859 40.2827 0 0
-105.776 14.2152 98.4099 -0.987216 0.00011105 0.159387 40.5161 0 0
-105.772 12.8931 98.5075 -0.987724 -0.000488742 0.156211 40.727 0 0
-105.773 11.6943 98.5711 -0.988168 -0.00115955 0.153373 40.9303 0 0
-105.774 10.5513 98.5442 -0.988546 -0.0018417 0.150907 41.1336 0 0
-105.781 9.40414 98.4241 -0.988856 -0.00247455 0.148856 41.324 0 0
-105.793 8.3269 98.2906 -0.989093 -0.00301719 0.147264 41.556 0 0
-105.8 7.01576 98.2586 -0.989256 -0.00346138 0.146152 41.8017 0 0
-105.793 5.64027 98.2774 -0.989354 -0.00382281 0.145481 42.0958 0 0
-105.809 4.01932 98.0695 -0.989403 -0.00411588 0.145139 42.313 0 0
-105.805 2.82489 98.0454 -0.989427 -0.0043349 0.144969 42.515 0 0
-105.799 1.71013 98.0464 -0.98945 -0.00445837 0.144805 42.7559 0 0
-105.812 0.365592 97.99 -0.989495 -0.0044705 0.144497 42.9563 0 0
-105.83 -0.750625 97.8416 -0.989579 -0.00437962 0.143922 43.1741 0 0
-105.831 -1.97212 97.7698 -0.989714 -0.00421805 0.142997 43.3873 0 0
-105.831 -3.18705 97.6998 -0.989902 -0.00402828 0.141698 43.6122 0 0
-105.826 -4.48893 97.6795 -0.990132 -0.00385363 0.140081 43.8707 0 0
-105.847 -6.00355 97.5581 -0.990386 -0.0037388 0.138278 44.1284 0 0
-105.856 -7.50871 97.4336 -0.990639 -0.00372524 0.136458 44.2195 0 0
-105.858 -8.03992 97.4285 -0.990866 -0.00383145 0.134798 44.3521 0 0
-105.955 -7.80232 96.7015 -0.991047 -0.00403513 0.133451 44.5387 0 0
-105.953 -6.70048 96.7611 -0.991169 -0.00428128 0.132536 44.7103 0 0
-105.946 -5.69284 96.8501 -0.991222 -0.00451487 0.132128 44.9007 0 0
-105.933 -4.57248 96.9174 -0.991207 -0.00470978 0.132238 45.1775 0 0
-105.938 -2.93207 96.9396 -0.99113 -0.00486923 0.132809 45.4438 0 0
-105.945 -1.3749 97.0185 -0.991004 -0.00500372 0.133736 45.6194 0 0
-105.942 -0.362774 97.0971 -0.990848 -0.00511405 0.134888 45.8126 0 0
-105.929 0.74563 97.1739 -0.990674 -0.00519412 0.136154 46.0682 0 0
-105.92 2.25919 97.2179 -0.990494 -0.00523862 0.137457 46.2412 0 0
-105.924 3.2635 97.2264 -0.990311 -0.00523678 0.138772 46.4273 0 0
-105.923 4.33255 97.2909 -0.990122 -0.00515992 0.140113 46.6181 0 0
-105.914 5.39526 97.4212 -0.989921 -0.00496728 0.141533 46.8049 0 0
-105.92 6.45138 97.431 -0.989696 -0.00463583 0.143107 46.9976 0 0
-105.909 7.55259 97.4735 -0.989435 -0.00418717 0.14492 47.1813 0 0
-105.911 8.61193 97.5179 -0.989124 -0.00368284 0.147036 47.4117 0 0
-105.897 9.91856 97.6824 -0.988759 -0.0031919 0.149482 47.6201 0 0
-105.893 11.1108 97.7402 -0.988338 -0.00276039 0.152251 47.8459 0 0
-105.906 12.403 97.6721 -0.987863 -0.00240261 0.155311 48.0245 0 0
-105.896 13.4316 97.6924 -0.987337 -0.00210914 0.15862 48.3163 0 0
-105.877 15.1277 97.8172 -0.986767 -0.00185761 0.162134 48.541 0 0
-105.853 16.3995 97.9801 -0.986158 -0.00162232 0.165798 48.729 0 0
-105.844 17.4599 98.0673 -0.985521 -0.00138291 0.16955 48.9058 0 0
-105.839 18.4644 98.1091 -0.984864 -0.00112473 0.173326 49.2497 0 0
-105.828 20.4092 98.1569 -0.984199 -0.0008235 0.177065 49.4378 0 0
-105.83 21.4834 98.1479 -0.983532 -0.000421309 0.180732 49.6241 0 0
-105.835 22.5504 98.1444 -0.982864 0.000186302 0.184332 49.9078 0 0
-105.837 24.1716 98.1378 -0.982183 0.0011406 0.187925 50.0983 0 0
-105.84 25.2627 98.1031 -0.981467 0.00259374 0.191615 50.3512 0 0
-105.84 26.7042 98.0806 -0.980687 0.00467791 0.195525 50.55 0 0
-105.846 27.8335 98.0702 -0.979816 0.00747072 0.199764 50.8156 0 0
-105.835 29.3292 98.1108 -0.978823 0.0109551 0.204414 50.9993 0 0
-105.823 30.3928 98.1292 -0.977688 0.0149869 0.209526 51.1874 0 0
-105.809 31.4938 98.1082 -0.976399 0.0192939 0.215112 51.3806 0 0
-105.798 32.6262 98.074 -0.974963 0.0235159 0.22112 51.5755 0 0
-105.743 33.7664 98.1649 -0.973418 0.0272703 0.227407 51.7467 0 0
-105.64 34.7246 98.4741 -0.971831 0.0302202 0.233735 51.932 0 0
-105.427 35.4807 99.2198 -0.97029 0.0321334 0.2398 52.1215 0 0
-105.175 35.9347 100.177 -0.968891 0.0329188 0.245289 52.2995 0 0
-104.91 36.1494 101.118 -0.967717 0.0326264 0.249918 52.4949 0 0
-104.848 35.1109 101.498 -0.966835 0.0314097 0.253461 52.8229 0 0
-104.885 33.2453 101.621 -0.966295 0.0294766 0.255745 53.0395 0 0
-104.93 32.0128 101.627 -0.966122 0.0270583 0.256664 53.2383 0 0
-104.969 30.9001 101.572 -0.966314 0.0243959 0.256207 53.4388 0 0
-105.031 29.79 101.428 -0.966831 0.0217228 0.254491 53.6317 0 0
-105.102 28.7284 101.245 -0.9676 0.0192316 0.251754 53.8284 0 0
-105.166 27.6338 101.093 -0.968529 0.0170389 0.248317 54.1448 0 0
-105.207 25.87 101.011 -0.969524 0.0151738 0.244526 54.4527 0 0
-105.166 24.1766 101.244 -0.970504 0.0135947 0.240702 54.6815 0 0
-105.15 22.9279 101.363 -0.971402 0.0122196 0.237126 54.8723 0 0
-105.14 21.8768 101.46 -0.972168 0.0109518 0.234028 55.0689 0 0
-105.138 20.7876 101.533 -0.97277 0.00969964 0.23157 55.2594 0 0
-105.166 19.7329 101.462 -0.973195 0.00839536 0.229827 55.5373 0 0
-105.169 18.1938 101.503 -0.973456 0.00701744 0.228766 55.7853 0 0
-105.201 16.8409 101.402 -0.973586 0.005607 0.228251 56.0158 0 0
-105.167 15.5966 101.571 -0.973634 0.00426295 0.228074 56.3243 0 0
-105.151 13.9104 101.689 -0.973657 0.00310841 0.227998 56.5266 0 0
-105.134 12.8105 101.767 -0.973705 0.00224155 0.227801 56.7115 0 0
-105.125 11.7982 101.795 -0.97382 0.00169748 0.227315 56.9138 0 0
-105.132 10.6837 101.764 -0.97402 0.00143979 0.226456 57.1384 0 0
-105.155 9.44763 101.675 -0.974308 0.00138075 0.225218 57.3434 0 0
-105.156 8.31774 101.681 -0.974668 0.0014141 0.22365 57.6586 0 0
-105.146 6.5835 101.758 -0.975085 0.00144363 0.221825 57.8512 0 0
-105.136 5.53841 101.801 -0.975541 0.0014018 0.219814 58.0453 0 0
-105.147 4.48589 101.78 -0.97602 0.00125818 0.217678 58.2531 0 0
-105.151 3.35572 101.784 -0.976508 0.00101275 0.215478 58.4383 0 0
-105.145 2.35249 101.816 -0.976994 0.000672226 0.213264 58.6585 0 0
-105.138 1.1524 101.857 -0.97747 0.000224973 0.211075 58.8553 0 0
-105.146 0.0774473 101.81 -0.977928 -0.000364666 0.20894 59.1386 0 0
-105.213 -1.44436 101.481 -0.978359 -0.00113908 0.206912 59.3255 0 0
-105.239 -2.45815 101.36 -0.978741 -0.00212168 0.205087 59.559 0 0
-105.223 -3.73925 101.413 -0.979048 -0.0032975 0.203602 59.8159 0 0
-105.199 -5.16217 101.566 -0.97925 -0.00460597 0.202606 60.0129 0 0
-105.193 -6.24823 101.589 -0.979324 -0.00594691 0.202208 60.2039 0 0
-105.185 -7.30841 101.581 -0.979267 -0.0071993 0.202447 60.4229 0 0
-105.186 -8.52408 101.514 -0.97909 -0.00824926 0.203258 60.6494 0 0
-105.171 -9.77322 101.544 -0.978828 -0.00901963 0.204485 60.8772 0 0
-105.168 -11.0192 101.49 -0.978524 -0.00949218 0.205916 61.1086 0 0
-105.165 -12.2823 101.414 -0.978219 -0.00971577 0.207348 61.37 0 0
-105.164 -13.7125 101.335 -0.977945 -0.00979711 0.208634 61.6911 0 0
-105.167 -15.4761 101.228 -0.977714 -0.00987452 0.209708 61.939 0 0
-105.136 -16.8284 101.297 -0.977526 -0.010082 0.210575 62.1956 0 0
-105.082 -18.2125 101.514 -0.977369 -0.0105182 0.211282 62.412 0 0
-105.027 -19.3636 101.721 -0.977228 -0.0112376 0.211893 62.6217 0 0
-104.987 -20.4998 101.86 -0.977093 -0.0122678 0.212458 62.8081 0 0
-104.984 -21.5251 101.828 -0.976956 -0.0136339 0.213004 63.1282 0 0
-104.99 -23.2894 101.708 -0.976813 -0.015366 0.213542 63.3159 0 0
-104.969 -24.319 101.728 -0.976655 -0.0174836 0.214102 63.6147 0 0
-104.915 -25.9588 101.832 -0.976464 -0.0199758 0.214752 63.8118 0 0
-104.894 -27.0433 101.831 -0.976222 -0.0227895 0.215571 64.01 0 0
-104.889 -28.1321 101.751 -0.975927 -0.0258192 0.216565 64.3283 0 0
-104.986 -29.7826 101.156 -0.975614 -0.0288957 0.217585 64.5306 0 0
-105.013 -30.8543 100.875 -0.975355 -0.031781 0.218341 64.7223 0 0
-104.98 -31.9104 100.84 -0.975235 -0.0341892 0.218513 64.9078 0 0
-104.898 -32.9191 101.019 -0.975315 -0.0358384 0.217892 65.1602 0 0
-104.786 -34.2981 101.294 -0.975617 -0.0365186 0.216422 65.3488 0 0
-104.736 -35.3554 101.298 -0.976131 -0.036149 0.214153 65.5354 0 0
-104.816 -36.2634 100.77 -0.976834 -0.0347988 0.211148 65.7589 0 0
-105.096 -36.1492 99.5498 -0.977702 -0.032661 0.207444 65.9695 0 0
-105.335 -35.8858 98.4031 -0.978707 -0.0299915 0.203058 66.1935 0 0
-105.589 -35.3435 97.2492 -0.979821 -0.0270402 0.19804 66.3685 0 0
-105.733 -34.5689 96.6265 -0.981004 -0.0240055 0.192499 66.6562 0 0
-105.856 -32.9885 96.1786 -0.982207 -0.0210278 0.18662 66.8772 0 0
-105.862 -31.7337 96.2082 -0.98338 -0.0182101 0.180644 67.0721 0 0
-105.867 -30.6118 96.3024 -0.984475 -0.0156363 0.174826 67.2996 0 0
-105.871 -29.3199 96.3774 -0.98546 -0.0133697 0.16938 67.5173 0 0
-105.887 -28.0778 96.3828 -0.98632 -0.0114406 0.164443 67.6964 0 0
-105.899 -27.0527 96.3782 -0.987058 -0.00984234 0.16006 67.8741 0 0
-105.906 -26.0344 96.3575 -0.987688 -0.00854224 0.156206 68.1801 0 0
-105.914 -24.2879 96.3398 -0.988227 -0.00749882 0.152814 68.4019 0 0
-105.916 -23.0246 96.3548 -0.988693 -0.00667309 0.149806 68.688 0 0
-105.922 -21.3812 96.4323 -0.989101 -0.0060334 0.147115 68.8652 0 0
-105.922 -20.3504 96.5039 -0.989462 -0.0055566 0.144684 69.0439 0 0
-105.917 -19.3035 96.5619 -0.989787 -0.00522557 0.142457 69.236 0 0
-105.916 -18.1705 96.5659 -0.990086 -0.00502319 0.140376 69.5034 0 0
-105.898 -16.5896 96.7483 -0.990366 -0.00492629 0.13839 69.7586 0 0
-105.914 -15.0971 96.6923 -0.990632 -0.00490383 0.136474 70.0257 0 0
-105.927 -13.5546 96.6507 -0.990882 -0.00491954 0.134639 70.2776 0 0
-105.928 -12.1101 96.697 -0.991112 -0.00493695 0.132939 70.4673 0 0
-105.935 -11.0226 96.7125 -0.991309 -0.00492662 0.131459 70.649 0 0
-105.942 -9.96336 96.7197 -0.991464 -0.00487525 0.130287 70.8282 0 0
-105.95 -8.90049 96.6996 -0.991572 -0.00479211 0.129467 70.8758 0 0
-105.951 -8.61784 96.7052 -0.991635 -0.00470652 0.128987 71.0344 0 0
-106.056 -8.17093 95.8863 -0.991661 -0.00465572 0.12879 71.2352 0 0
-106.058 -6.97472 95.9237 -0.991656 -0.00466982 0.128829 71.4172 0 0
-106.055 -5.89177 95.9815 -0.99162 -0.00476032 0.129098 71.7149 0 0
-106.039 -4.11186 96.1078 -0.991551 -0.0049152 0.129627 71.8809 0 0
-106.051 -3.11346 96.0644 -0.991442 -0.00510237 0.130447 72.1461 0 0
-106.052 -1.52871 96.1696 -0.991295 -0.00528243 0.131553 72.324 0 0
-106.05 -0.466528 96.2391 -0.991115 -0.00542385 0.1329 72.5213 0 0
-106.05 0.724564 96.3025 -0.99091 -0.00550892 0.134415 72.776 0 0
-106.031 2.2567 96.4327 -0.990689 -0.00552849 0.136031 72.9711 0 0
-106.065 3.4335 96.2457 -0.990455 -0.0054777 0.137729 73.1603 0 0
-106.063 4.82346 96.3345 -0.990201 -0.00536193 0.13955 73.3853 0 0
-106.064 6.41733 96.4116 -0.989913 -0.00520492 0.141578 73.6067 0 0
-106.038 7.95639 96.617 -0.98958 -0.00504245 0.143897 73.7964 0 0
-106.033 9.05991 96.7067 -0.989191 -0.00490052 0.146549 73.9791 0 0
-106.014 10.101 96.8757 -0.988748 -0.00477728 0.149513 74.1872 0 0
-106.019 11.2961 96.899 -0.988258 -0.00464694 0.152726 74.4795 0 0
-106.061 12.9583 96.657 -0.98773 -0.00448069 0.156109 74.6893 0 0
-106.032 14.5427 96.8642 -0.987174 -0.0042637 0.159592 74.8825 0 0
-106.016 15.6848 96.994 -0.986598 -0.00399712 0.16312 75.0856 0 0
-105.996 16.8425 97.1659 -0.986009 -0.0036916 0.166653 75.2615 0 0
-105.993 17.8574 97.2132 -0.985412 -0.00336166 0.170155 75.4352 0 0
-105.982 18.865 97.2696 -0.984813 -0.00302044 0.17359 75.7672 0 0
-105.984 20.7988 97.301 -0.984222 -0.00266927 0.176918 75.9529 0 0
-105.985 21.8811 97.32 -0.983644 -0.00228326 0.180111 76.1265 0 0
-105.988 22.8924 97.3283 -0.983076 -0.00180171 0.183188 76.3201 0 0
-105.991 24.0156 97.334 -0.982505 -0.00112878 0.186231 76.5163 0 0
-105.988 25.1491 97.3379 -0.981904 -0.00013939 0.18938 76.7051 0 0
-106.009 26.2449 97.2454 -0.981238 0.00131445 0.192795 76.9717 0 0
-106.005 27.7995 97.2789 -0.980478 0.00338775 0.196601 77.1482 0 0
-105.994 28.8073 97.3375 -0.9796 0.00620407 0.200862 77.3277 0 0
-105.985 29.8373 97.3434 -0.978587 0.00980036 0.205599 77.5065 0 0
-105.991 30.8883 97.3093 -0.977425 0.0140801 0.210813 77.7018 0 0
-105.98 32.0232 97.2771 -0.976103 0.0187986 0.216493 77.8928 0 0
-105.97 33.1533 97.2604 -0.97463 0.0235916 0.222577 78.0845 0 0
-105.903 34.2714 97.4218 -0.973041 0.0280424 0.228921 78.3723 0 0
-105.661 35.7632 98.2048 -0.971406 0.0317679 0.235291 78.591 0 0
-105.379 36.5303 99.192 -0.969812 0.034489 0.241405 78.7924 0 0
-105.105 36.9278 100.277 -0.968349 0.0360665 0.246982 79.0192 0 0
-104.73 37.8167 101.479 -0.967093 0.0365019 0.25179 79.3084 0 0
-104.628 36.2911 102.116 -0.966095 0.0359143 0.255677 79.5984 0 0
-104.654 34.6542 102.273 -0.965375 0.0345006 0.258574 79.7997 0 0
-104.674 33.5125 102.341 -0.964934 0.0324892 0.260475 79.9941 0 0
-104.711 32.404 102.359 -0.964757 0.0301033 0.261416 80.1924 0 0
-104.746 31.2854 102.358 -0.96482 0.0275458 0.261465 80.3899 0 0
-104.785 30.185 102.304 -0.96509 0.0249962 0.260722 80.5786 0 0
-104.841 29.1461 102.175 -0.965525 0.0226074 0.259328 80.7795 0 0
-104.904 28.039 102.026 -0.966077 0.0204901 0.25744 80.983 0 0
-104.98 26.9182 101.83 -0.966711 0.0186894 0.255186 81.1708 0 0
-104.994 25.8752 101.85 -0.967409 0.01717 0.252638 81.3948 0 0
-104.971 24.6516 101.986 -0.968161 0.0158292 0.249828 81.6241 0 0
-104.953 23.4041 102.131 -0.968955 0.014537 0.246809 81.815 0 0
-104.945 22.3654 102.224 -0.96976 0.0131806 0.243704 82.0047 0 0
-104.95 21.3234 102.261 -0.970527 0.0116923 0.24071 82.277 0 0
-104.987 19.821 102.204 -0.971202 0.0100605 0.238046 82.5 0 0
-104.988 18.5905 102.279 -0.971744 0.00833336 0.235889 82.7305 0 0
-104.996 17.3406 102.288 -0.97214 0.0066154 0.234307 82.9192 0 0
-104.984 16.3236 102.369 -0.972402 0.00504778 0.233256 83.1834 0 0
-104.957 14.901 102.492 -0.972567 0.00377098 0.232594 83.4441 0 0
-104.946 13.4747 102.566 -0.972678 0.00288262 0.232139 83.644 0 0
-104.948 12.3853 102.549 -0.972783 0.00240959 0.231707 83.8493 0 0
-104.936 11.2587 102.565 -0.972917 0.00230562 0.231144 84.058 0 0
-104.949 10.104 102.512 -0.973108 0.00247089 0.230336 84.2874 0 0
-104.959 8.83153 102.513 -0.973373 0.00278022 0.229212 84.5002 0 0
-104.91 7.67504 102.732 -0.973718 0.00310821 0.227737 84.721 0 0
-104.95 6.46164 102.598 -0.97414 0.00334898 0.225919 84.9577 0 0
-104.956 5.1697 102.613 -0.974628 0.00343305 0.223805 85.1632 0 0
-104.977 4.0523 102.537 -0.975158 0.0033382 0.221483 85.3564 0 0
-104.972 2.9944 102.587 -0.975705 0.00308268 0.219066 85.5475 0 0
-104.968 1.94721 102.611 -0.976243 0.00269635 0.216663 85.7637 0 0
-104.969 0.756204 102.636 -0.976752 0.0021862 0.214363 85.9764 0 0
-104.981 -0.410562 102.585 -0.977218 0.00152154 0.212233 86.1866 0 0
-105.037 -1.53041 102.319 -0.97763 0.000648436 0.210333 86.3767 0 0
-105.05 -2.56613 102.257 -0.977973 -0.000481037 0.20873 86.6323 0 0
-105.03 -3.95885 102.345 -0.978232 -0.00188458 0.207506 86.8962 0 0
-105.021 -5.41564 102.42 -0.978389 -0.00353521 0.206744 87.1058 0 0
-105.018 -6.56934 102.432 -0.978428 -0.00534917 0.206518 87.3064 0 0
-105.017 -7.66695 102.394 -0.978344 -0.00717875 0.206863 87.5176 0 0
-105.024 -8.8214 102.301 -0.978144 -0.0088288 0.20774 87.7023 0 0
-104.976 -9.81485 102.472 -0.977859 -0.0101088 0.20902 87.8905 0 0
-105.004 -10.8134 102.278 -0.977533 -0.0109005 0.210501 88.0892 0 0
-104.999 -11.8818 102.221 -0.977212 -0.0112013 0.211968 88.2769 0 0
-104.979 -12.9037 102.239 -0.976935 -0.0111204 0.213249 88.5696 0 0
-104.973 -14.4984 102.132 -0.976719 -0.0108387 0.21425 88.8622 0 0
-104.973 -16.1138 102.055 -0.976567 -0.0105563 0.214956 89.0661 0 0
-104.944 -17.229 102.151 -0.976468 -0.0104505 0.215409 89.3135 0 0
-104.871 -18.537 102.476 -0.976404 -0.0106495 0.215689 89.5356 0 0
-104.843 -19.7368 102.556 -0.976353 -0.0112217 0.215893 89.7415 0 0
-104.777 -20.8362 102.796 -0.976291 -0.0121787 0.216118 89.9258 0 0
-104.784 -21.8515 102.725 -0.976205 -0.0134947 0.216429 90.108 0 0
-104.792 -22.8505 102.646 -0.97609 -0.0151377 0.21684 90.3639 0 0
-104.771 -24.2486 102.634 -0.97595 -0.0170937 0.217324 90.5813 0 0
-104.747 -25.4428 102.634 -0.975789 -0.0193672 0.217855 90.7699 0 0
-104.732 -26.4826 102.622 -0.975601 -0.0219608 0.21845 90.9938 0 0
-104.717 -27.7081 102.559 -0.975373 -0.0248518 0.219158 91.2706 0 0
-104.738 -29.2132 102.306 -0.975095 -0.0279817 0.220015 91.4535 0 0
-104.827 -30.0943 101.817 -0.974779 -0.0312585 0.220973 91.6776 0 0
-104.845 -31.301 101.569 -0.974466 -0.0345557 0.221861 91.8845 0 0
-104.774 -32.4311 101.674 -0.97422 -0.0376957 0.222427 92.0758 0 0
-104.637 -33.3958 102.094 -0.974111 -0.0404269 0.222425 92.3605 0 0
-104.558 -34.9773 102.116 -0.974191 -0.0424281 0.221703 92.5435 0 0
-104.473 -35.9918 102.271 -0.974488 -0.0433656 0.220211 92.8551 0 0
-104.59 -37.5075 101.435 -0.97501 -0.0429953 0.21796 93.0337 0 0
-104.824 -37.3576 100.487 -0.975747 -0.0412614 0.214977 93.1624 0 0
-105.049 -36.9966 99.5731 -0.97667 -0.0383347 0.211297 93.3926 0 0
-105.323 -36.6691 98.3133 -0.977734 -0.034566 0.206981 93.6443 0 0
-105.621 -36.1991 96.9776 -0.978888 -0.0303777 0.202129 93.8195 0 0
-105.797 -35.5155 96.2441 -0.98008 -0.0261516 0.196876 94.0023 0 0
-105.924 -34.6047 95.7337 -0.981269 -0.0221608 0.191366 94.2274 0 0
-105.993 -33.3773 95.4048 -0.982422 -0.018562 0.185748 94.4025 0 0
-105.998 -32.3689 95.4258 -0.983517 -0.0154305 0.180157 94.5903 0 0
-105.998 -31.2837 95.4716 -0.984537 -0.0127964 0.17471 94.8169 0 0
-106.001 -29.9689 95.5694 -0.985475 -0.0106574 0.169487 95.0097 0 0
-106.007 -28.8599 95.5839 -0.98633 -0.0089744 0.16454 95.2518 0 0
-106.024 -27.455 95.5561 -0.987103 -0.00767486 0.159902 95.4351 0 0
-106.037 -26.3944 95.4847 -0.987796 -0.00667385 0.15561 95.6164 0 0
-106.062 -25.3453 95.345 -0.988409 -0.00589871 0.1517 95.8322 0 0
-106.03 -23.7434 95.5689 -0.988942 -0.00530097 0.148206 96.1159 0 0
-106.041 -22.0914 95.5926 -0.989399 -0.00485256 0.145138 96.355 0 0
-106.039 -20.681 95.6484 -0.989788 -0.00453519 0.142476 96.5606 0 0
-106.034 -19.4621 95.7037 -0.990118 -0.00433171 0.140167 96.8277 0 0
-106.035 -17.853 95.718 -0.990404 -0.00422201 0.13814 97.0595 0 0
-106.016 -16.4507 95.8877 -0.990657 -0.00418298 0.136316 97.285 0 0
-106.024 -15.096 95.8821 -0.990887 -0.00419078 0.134632 97.462 0 0
-106.037 -14.0504 95.8144 -0.991102 -0.00422415 0.133039 97.6508 0 0
-106.042 -12.94 95.8107 -0.991306 -0.00426702 0.13151 97.8605 0 0
-106.04 -11.704 95.8622 -0.991501 -0.0043098 0.130025 98.0732 0 0
-106.047 -10.4412 95.8841 -0.991691 -0.00434881 0.12857 98.2626 0 0
-106.051 -9.31638 95.8852 -0.991876 -0.00438463 0.127132 98.2903 0 0
-106.051 -9.15098 95.8904 -0.992059 -0.00441956 0.125698 98.2903 0 0
-105.493 -19.0062 99.3412 -0.986745 -0.012894 0.161764 98.5417 1 0
-105.432 -20.4015 99.5776 -0.986898 -0.0128006 0.160835 98.7404 0 0
-105.413 -21.4923 99.6395 -0.98702 -0.0126865 0.160093 98.9011 0 0
-105.51 -22.0692 98.9861 -0.987106 -0.0125133 0.159576 99.1327 0 0
-105.51 -20.7823 99.0546 -0.987158 -0.0122589 0.159275 99.3525 0 0
-105.507 -19.5632 99.2085 -0.987181 -0.0119432 0.15916 99.3823 0 0
-105.508 -19.3961 99.2203 -0.987179 -0.0116297 0.159194 100.032 0 0
-105.457 -23.0459 99.2645 -0.987156 -0.0114055 0.159352 100.254 0 0
-105.446 -24.2751 99.2415 -0.987113 -0.0113468 0.159619 100.41 0 0
-105.57 -23.8348 98.5037 -0.987053 -0.01148 0.159985 100.53 0 0
-105.555 -23.169 98.6239 -0.986976 -0.0117564 0.160438 100.846 0 0
-105.412 -24.7637 99.4257 -0.986885 -0.0120581 0.160976 101.064 0 0
-105.487 -25.829 98.8905 -0.98678 -0.0122361 0.1616 101.259 0 0
-105.481 -26.9128 98.832 -0.986664 -0.0121665 0.162313 101.441 0 0
-105.449 -27.9205 98.9459 -0.986537 -0.0117953 0.163111 101.526 0 0
-105.372 -27.9245 99.4084 -0.986401 -0.0111539 0.163978 101.788 0 0
-105.355 -26.5018 99.6393 -0.986258 -0.0103406 0.164887 101.977 0 0
-105.372 -25.4747 99.6191 -0.986112 -0.009483 0.165807 101.977 0 0
-105.433 -31.7561 98.6186 -0.984277 -0.0235725 0.175042 101.978 1 0
-105.432 -31.7581 98.6236 -0.982578 -0.0319165 0.182694 101.978 0 0
-105.519 17.0151 99.9797 -0.98105 0.00349036 0.191769 102.168 1 0
-105.565 17.9928 99.7103 -0.98102 0.00426088 0.193859 102.401 0 0
-105.521 19.2458 99.8991 -0.980501 0.00495029 0.196453 102.616 0 0
-105.499 20.4255 99.9692 -0.97987 0.00552602 0.19956 102.834 0 0
-105.502 21.6092 99.9212 -0.979176 0.00597732 0.202926 102.843 0 0
-105.494 21.6352 99.9569 -0.978474 0.00631569 0.206274 103.056 0 0
-105.48 20.4842 100.06 -0.977803 0.00656534 0.209422 103.274 0 0
-105.494 19.3081 100.034 -0.977175 0.00675382 0.21233 103.492 0 0
-105.531 18.1191 99.8845 -0.976574 0.00690786 0.21507 103.507 0 0
-105.532 18.0407 99.8803 -0.975975 0.00705329 0.217764 103.507 0 0
-105.516 29.0826 99.644 -0.97689 -0.00269363 0.213585 103.686 1 0
-105.484 30.0884 99.715 -0.975561 0.00342234 0.2197 103.87 0 0
-105.467 31.1223 99.7079 -0.974185 0.00847813 0.225592 104.058 0 0
-105.441 32.1787 99.6864 -0.972912 0.0121153 0.230857 104.267 0 0
-105.366 33.3554 99.8401 -0.971888 0.0142088 0.235013 104.441 0 0
-105.304 32.4294 100.2 -0.971225 0.0148334 0.237703 104.641 0 0
-105.364 31.3111 100.113 -0.970951 0.0142131 0.238854 104.848 0 0
-105.431 30.1766 99.9237 -0.971008 0.0126714 0.238709 105.05 0 0
-105.516 29.0857 99.6458 -0.971267 0.0105896 0.237759 105.05 0 0
-105.516 29.0847 99.6456 -0.971347 0.00836947 0.236546 105.05 0 0
