108.177 -42.8871 94.43 0.960739 -0.00258466 0.277442 0 1 1
108.554 -43.3253 93.1011 0.959606 -0.00248863 0.281337 0.407323 0 1
108.888 -43.4325 92.0655 0.958738 -0.00271817 0.284279 0.575984 0 1
109.201 -43.7365 91.0803 0.958176 -0.00335405 0.286159 0.731841 0 1
108.912 -44.032 91.9985 0.95786 -0.00437506 0.287203 0.890127 0 1
108.605 -44.1791 92.9396 0.957662 -0.00565761 0.287839 1.06559 0 1
108.291 -44.0517 93.9958 0.957453 -0.00699307 0.288506 1.20896 0 1
108.183 -43.2645 94.4067 0.957142 -0.00813459 0.289504 1.37493 0 1
107.901 -43.3651 95.3751 0.956704 -0.00886696 0.290928 1.5882 0 1
107.973 -44.6175 95.0487 0.956171 -0.00907189 0.29267 1.77863 0 1
108.283 -44.927 93.9695 0.955618 -0.00875771 0.294477 1.99118 0 1
108.677 -44.982 92.6968 0.955148 -0.00804165 0.296019 2.20337 0 1
109.093 -44.9305 91.4313 0.954859 -0.00709868 0.296973 2.36609 0 1
109.4 -44.7717 90.457 0.95482 -0.00610624 0.297122 2.52679 0 1
109.548 -43.8637 89.9803 0.955042 -0.00521099 0.296424 2.70368 0 1
109.335 -42.9321 90.6491 0.95548 -0.00452526 0.29502 2.85828 0 1
109.038 -42.721 91.5834 0.956049 -0.00413819 0.293178 3.04803 0 1
108.676 -42.4836 92.7226 0.956653 -0.00411483 0.2912 3.23648 0 1
108.353 -42.1059 93.8271 0.957214 -0.00447176 0.289346 3.45978 0 1
108.001 -41.5905 95.0508 0.957676 -0.00515113 0.287803 3.59739 0 1
107.9 -42.3633 95.388 0.957997 -0.00602648 0.286714 3.65657 0 1
107.895 -42.7251 95.403 0.958143 -0.00694513 0.286207 3.79609 0 1
107.659 -42.8786 96.2054 0.958081 -0.00777799 0.286392 3.9615 0 1
107.649 -43.8905 96.1982 0.957797 -0.00844511 0.287321 4.13048 0 1
107.662 -44.9033 96.0877 0.957303 -0.00890826 0.288951 4.29622 0 1
107.846 -45.6172 95.4166 0.956635 -0.00914688 0.291146 4.50471 0 1
108.211 -45.7626 94.2024 0.955853 -0.00914205 0.293704 4.70698 0 1
108.563 -45.8169 93.006 0.955034 -0.0088825 0.296365 4.88687 0 1
108.915 -45.8066 91.9166 0.954271 -0.00838631 0.298825 5.04466 0 1
109.242 -45.7656 90.9486 0.953673 -0.00772198 0.300747 5.20784 0 1
109.555 -45.6598 89.9517 0.953345 -0.00701774 0.301802 5.37416 0 1
109.795 -44.9287 89.192 0.95337 -0.00645016 0.301736 5.61435 0 1
109.836 -43.3417 89.1018 0.953776 -0.00620499 0.300455 5.78901 0 1
109.67 -42.3052 89.6124 0.954526 -0.00641881 0.298057 5.98032 0 1
109.291 -42.0254 90.7883 0.955534 -0.00713322 0.294796 6.18815 0 1
108.89 -41.8387 92.0485 0.956692 -0.00829346 0.290985 6.37606 0 1
108.543 -41.5327 93.1752 0.957907 -0.00979152 0.286912 6.56709 0 1
108.233 -41.0609 94.2536 0.959118 -0.0115206 0.282771 6.72809 0 1
108.044 -40.407 94.9805 0.960302 -0.0134048 0.278639 6.90292 0 1
107.761 -40.2442 95.9996 0.961476 -0.0153958 0.274457 7.18375 0 1
107.675 -41.9641 96.1662 0.962684 -0.0174524 0.270065 7.20861 0 1
107.671 -42.1173 96.1713 0.963982 -0.0195193 0.265251 7.35626 0 1
107.43 -42.3918 97.0059 0.965418 -0.0215096 0.259819 7.64504 0 1
107.492 -40.6284 96.9095 0.967017 -0.0232986 0.253645 7.8097 0 1
107.556 -39.606 96.791 0.968775 -0.0247369 0.246704 7.98911 0 1
107.601 -38.4949 96.7639 0.970658 -0.0256841 0.239087 8.17269 0 1
107.638 -37.3669 96.7411 0.972607 -0.0260477 0.230992 8.40556 0 1
107.642 -35.9489 96.9 0.974548 -0.0258108 0.222688 8.57616 0 1
107.671 -34.8832 96.9193 0.97641 -0.0250361 0.214468 8.82787 0 1
107.81 -33.342 96.4907 0.978136 -0.0238465 0.206595 9.01491 0 1
107.788 -32.1803 96.7762 0.979691 -0.022392 0.199259 9.19413 0 1
107.783 -31.0539 96.9037 0.981063 -0.0208171 0.192567 9.37381 0 1
107.799 -29.9158 96.9517 0.982257 -0.0192397 0.186549 9.56809 0 1
107.819 -28.6937 96.9454 0.98329 -0.017743 0.181181 9.74931 0 1
107.845 -27.5473 96.898 0.98418 -0.0163772 0.176413 9.92518 0 1
107.869 -26.4317 96.8477 0.984947 -0.0151658 0.172188 10.0954 0 1
107.903 -25.3535 96.7486 0.985609 -0.0141105 0.168453 10.2671 0 1
107.933 -24.269 96.6369 0.986179 -0.0131977 0.165154 10.4132 0 1
107.913 -23.3601 96.8256 0.986673 -0.0124059 0.162244 10.6187 0 1
107.909 -22.0576 96.9496 0.987101 -0.0117125 0.159672 10.852 0 1
107.954 -20.59 96.7696 0.987474 -0.0110969 0.157391 11.017 0 1
107.986 -19.5522 96.6303 0.987802 -0.0105418 0.155357 11.1661 0 1
107.97 -18.6198 96.7949 0.988093 -0.0100326 0.153533 11.3554 0 1
107.96 -17.4268 96.9332 0.988351 -0.00955831 0.151891 11.5193 0 1
107.977 -16.3888 96.8806 0.988581 -0.0091128 0.150418 11.6944 0 1
107.964 -15.2861 97.0289 0.988782 -0.00869558 0.149113 11.9186 0 1
107.996 -13.8679 96.9008 0.988954 -0.00831213 0.147988 12.076 0 1
108.033 -12.8876 96.7074 0.989095 -0.00797289 0.147066 12.307 0 1
108.036 -11.4222 96.761 0.9892 -0.00769062 0.146368 12.4748 0 1
108.057 -10.3593 96.6669 0.98927 -0.00747653 0.145908 12.6326 0 1
108.087 -9.36784 96.5089 0.989303 -0.0073358 0.145688 12.8161 0 1
108.185 -8.38845 95.8802 0.989303 -0.00726453 0.145693 13.0557 0 1
108.186 -9.91133 95.8042 0.989273 -0.0072501 0.145902 13.2958 0 1
108.184 -11.4376 95.7497 0.989215 -0.00727596 0.146291 13.5179 0 1
108.182 -12.8493 95.7008 0.989132 -0.00732861 0.146848 13.6794 0 1
108.142 -13.8502 95.9223 0.989023 -0.00740281 0.147574 13.7841 0 1
108.109 -14.4866 96.1096 0.988888 -0.00750167 0.148476 14.0342 0 1
108.131 -16.0585 95.8769 0.988723 -0.00763274 0.14956 14.194 0 1
108.117 -17.0727 95.919 0.988529 -0.00780366 0.150827 14.3677 0 1
108.062 -18.1321 96.2262 0.988305 -0.00801977 0.152276 14.5247 0 1
108.155 -18.8819 95.5778 0.98805 -0.00828467 0.153913 14.7546 0 1
108.13 -20.3389 95.6571 0.987759 -0.00860298 0.155752 14.9255 0 1
108.097 -21.413 95.8114 0.987428 -0.00898223 0.157817 15.1002 0 1
108.062 -22.5099 95.9647 0.987049 -0.0094312 0.160142 15.2805 0 1
108.092 -23.6267 95.7121 0.98661 -0.00995801 0.162792 15.5084 0 1
108.067 -25.0721 95.7736 0.98609 -0.0105729 0.165875 15.6771 0 1
108.044 -26.1419 95.8524 0.98546 -0.0112935 0.16953 15.8435 0 1
108.021 -27.1942 95.9116 0.98469 -0.0121404 0.173892 16.0137 0 1
108.009 -28.2759 95.9173 0.98375 -0.0131139 0.179064 16.1933 0 1
108.003 -29.4083 95.8624 0.982616 -0.0141641 0.185108 16.3694 0 1
108.002 -30.5198 95.7809 0.981268 -0.0151785 0.192048 16.5368 0 1
108.005 -31.5786 95.6971 0.979692 -0.0160018 0.19987 16.792 0 1
107.983 -33.1969 95.6634 0.97788 -0.0164749 0.208518 17.0225 0 1
107.805 -34.4607 96.3843 0.975835 -0.0164693 0.217889 17.2077 0 1
107.924 -35.4314 95.7472 0.973571 -0.0159084 0.227828 17.3641 0 1
107.867 -36.4065 95.8792 0.97112 -0.0147847 0.238132 17.664 0 1
107.932 -38.2468 95.5206 0.968524 -0.0131765 0.24857 17.8407 0 1
108.054 -39.1873 95.0082 0.96584 -0.0112576 0.258894 18.028 0 1
108.253 -40.0279 94.2449 0.963138 -0.00928304 0.268847 18.2192 0 1
108.515 -40.6545 93.2841 0.960508 -0.00753741 0.278151 18.3991 0 1
108.84 -40.9878 92.2298 0.958055 -0.00625257 0.286515 18.5572 0 1
109.139 -41.1334 91.2607 0.955891 -0.00552897 0.293671 18.7962 0 1
109.612 -41.3046 89.785 0.954104 -0.00530833 0.299429 18.9741 0 1
109.973 -41.6168 88.7055 0.952749 -0.00541901 0.30371 19.1461 0 1
110.114 -42.6868 88.2923 0.951842 -0.00566662 0.306536 19.3092 0 1
110.131 -43.7803 88.2315 0.951375 -0.00591574 0.307979 19.4619 0 1
110.096 -44.7993 88.304 0.951326 -0.00612533 0.308124 19.6136 0 1
110.036 -45.808 88.4286 0.951671 -0.00633373 0.307055 19.8087 0 1
109.69 -46.5164 89.4931 0.952378 -0.00661421 0.304848 19.9693 0 1
109.379 -46.6063 90.5081 0.953412 -0.00703085 0.301588 20.1275 0 1
109.05 -46.6366 91.4768 0.954725 -0.00761914 0.297393 20.2888 0 1
108.713 -46.6653 92.4773 0.956249 -0.00839728 0.292433 20.503 0 1
108.316 -46.6312 93.8321 0.957903 -0.00938988 0.286938 20.7038 0 1
107.956 -46.581 95.0256 0.959601 -0.0106391 0.281162 20.875 0 1
107.654 -46.4545 96.0214 0.961269 -0.0121945 0.275341 21.0708 0 1
107.41 -45.7101 96.9268 0.962859 -0.0140932 0.269635 21.2405 0 1
107.401 -44.6853 97.0137 0.964362 -0.0163392 0.26408 21.4296 0 1
107.412 -43.5409 97.0211 0.965809 -0.0188837 0.258565 21.5989 0 1
107.427 -42.5033 97.0061 0.967259 -0.0216057 0.252869 21.747 0 1
107.204 -42.795 97.8378 0.968772 -0.0243076 0.246757 22.056 0 1
107.259 -40.9352 97.7978 0.970381 -0.0267403 0.240095 22.3646 0 1
107.359 -39.0671 97.6622 0.972076 -0.0286574 0.232909 22.541 0 1
107.395 -37.9931 97.6552 0.973813 -0.0298747 0.225379 22.728 0 1
107.414 -36.8616 97.7217 0.975528 -0.0303109 0.217775 23.0138 0 1
107.497 -35.0911 97.7327 0.977161 -0.0299968 0.210372 23.1987 0 1
107.55 -33.9465 97.7222 0.978667 -0.0290542 0.203389 23.3679 0 1
107.595 -32.8869 97.6507 0.980021 -0.0276559 0.19696 23.5403 0 1
107.616 -31.7981 97.719 0.981219 -0.0259841 0.191138 23.7075 0 1
107.632 -30.7389 97.7562 0.982268 -0.0241992 0.185912 23.88 0 1
107.66 -29.6469 97.7445 0.983184 -0.0224233 0.181234 24.0612 0 1
107.681 -28.5019 97.735 0.983984 -0.0207374 0.177046 24.2408 0 1
107.704 -27.3618 97.7085 0.984684 -0.0191865 0.173291 24.3997 0 1
107.721 -26.3495 97.724 0.985297 -0.0177893 0.169924 24.5626 0 1
107.747 -25.3134 97.6732 0.985834 -0.0165479 0.166906 24.7263 0 1
107.773 -24.2744 97.6156 0.986306 -0.0154545 0.164202 24.9083 0 1
107.776 -23.1202 97.6853 0.986722 -0.0144958 0.161771 25.0689 0 1
107.784 -22.0985 97.7342 0.987093 -0.013654 0.159565 25.2417 0 1
107.802 -21.0044 97.7034 0.987429 -0.0129076 0.157537 25.4036 0 1
107.823 -19.9782 97.6478 0.987737 -0.0122313 0.155646 25.6079 0 1
107.831 -18.6825 97.6891 0.988023 -0.0115999 0.153868 25.7673 0 1
107.834 -17.6724 97.746 0.988289 -0.0109936 0.152195 25.9809 0 1
107.838 -16.3198 97.8021 0.988535 -0.0104017 0.150634 26.1433 0 1
107.842 -15.29 97.8491 0.988758 -0.00982189 0.149203 26.4398 0 1
107.875 -13.4114 97.7481 0.988956 -0.00925713 0.14792 26.6495 0 1
107.9 -12.0837 97.6575 0.989127 -0.00871144 0.146804 26.8445 0 1
107.92 -10.8478 97.5832 0.98927 -0.00818758 0.145869 27.0739 0 1
107.929 -9.38916 97.5971 0.989384 -0.0076862 0.145123 27.2354 0 1
107.924 -8.36553 97.6819 0.989468 -0.00720595 0.144569 27.5175 0 1
107.937 -6.57008 97.6852 0.989525 -0.00674445 0.144204 27.8048 0 1
107.945 -4.74565 97.7112 0.989554 -0.00630014 0.144022 27.9624 0 1
107.964 -3.74836 97.62 0.989558 -0.00587327 0.144013 28.132 0 1
107.959 -2.67363 97.699 0.989538 -0.00546384 0.144166 28.3154 0 1
107.964 -1.50837 97.7065 0.989496 -0.00506763 0.144469 28.5161 0 1
107.973 -0.233823 97.6885 0.989434 -0.00467495 0.144909 28.7022 0 1
107.972 0.948497 97.7263 0.989352 -0.00427464 0.145479 28.9309 0 1
107.979 2.40404 97.7202 0.98925 -0.00386008 0.14618 29.0918 0 1
107.984 3.42749 97.7116 0.989127 -0.00343184 0.147025 29.2776 0 1
107.992 4.6093 97.6915 0.988978 -0.00299534 0.148034 29.4475 0 1
107.995 5.68794 97.7003 0.988799 -0.00255533 0.149228 29.6402 0 1
107.987 6.9083 97.7712 0.98859 -0.00211101 0.150617 29.8774 0 1
107.985 8.41513 97.8044 0.988349 -0.00165569 0.152197 30.0977 0 1
107.98 9.81553 97.8404 0.988078 -0.00118136 0.15395 30.3736 0 1
107.992 11.5711 97.7769 0.987779 -0.000683982 0.155861 30.5946 0 1
108.013 12.9737 97.6682 0.987452 -0.000165483 0.157917 30.7806 0 1
108.015 14.1529 97.6448 0.987099 0.000367179 0.16011 30.9442 0 1
108.014 15.1922 97.6598 0.986718 0.000903431 0.162437 31.172 0 1
107.991 16.632 97.7912 0.98631 0.00143009 0.164898 31.3431 0 1
107.973 17.7137 97.8798 0.985871 0.00193339 0.167498 31.5158 0 1
107.961 18.8088 97.9264 0.9854 0.00240439 0.17024 31.6959 0 1
107.963 19.9551 97.9088 0.984896 0.00284752 0.173122 31.8841 0 1
107.966 21.1451 97.8635 0.984361 0.00328777 0.176133 32.0804 0 1
107.979 22.3876 97.7652 0.983795 0.00377126 0.179258 32.2529 0 1
107.995 23.4773 97.6509 0.983198 0.00435964 0.182489 32.4823 0 1
107.985 24.9326 97.6838 0.982566 0.00512299 0.185845 32.6995 0 1
107.986 26.3074 97.6347 0.981883 0.00613683 0.189386 32.9002 0 1
107.995 27.5851 97.5703 0.981126 0.00747933 0.193227 33.0604 0 1
107.982 28.5985 97.6117 0.980255 0.00921004 0.197525 33.2506 0 1
107.96 29.7936 97.64 0.979229 0.0113198 0.202441 33.409 0 1
107.962 30.795 97.5914 0.978015 0.0136811 0.208086 33.5727 0 1
107.935 31.8272 97.6449 0.976599 0.0160489 0.214468 33.7437 0 1
107.905 32.9043 97.7169 0.975 0.0181269 0.221465 33.9097 0 1
107.878 33.9415 97.7219 0.973265 0.0196549 0.228843 34.1278 0 1
107.839 35.2849 97.7447 0.971462 0.0204651 0.23631 34.343 0 1
107.809 36.5974 97.7023 0.969661 0.0204922 0.243594 34.5371 0 1
107.758 37.7599 97.6843 0.967911 0.0197594 0.250515 34.7347 0 1
107.737 38.9854 97.6734 0.96623 0.018366 0.257027 34.9564 0 1
107.694 40.3352 97.7585 0.9646 0.0164771 0.263201 35.1828 0 1
107.64 41.6942 97.8638 0.962985 0.0143037 0.269175 35.4173 0 1
107.602 43.1039 97.9087 0.961342 0.0120693 0.275092 35.608 0 1
107.589 44.255 97.9022 0.959642 0.009968 0.281049 35.8095 0 1
107.584 45.4708 97.8842 0.957874 0.00812563 0.287074 36.0836 0 1
107.708 47.076 97.4755 0.956056 0.00657502 0.293112 36.255 0 1
107.996 47.3447 96.5207 0.954223 0.00526017 0.299048 36.4201 0 1
108.304 47.4386 95.5623 0.952429 0.00407352 0.304734 36.6036 0 1
108.65 47.4697 94.4883 0.950725 0.00290839 0.310021 36.7814 0 1
109.007 47.4926 93.4267 0.949162 0.00169686 0.314784 36.9446 0 1
109.339 47.4729 92.4404 0.947775 0.000417403 0.318939 37.2155 0 1
109.918 47.4815 90.7758 0.946591 -0.000922755 0.322435 37.3744 0 1
110.261 47.4505 89.7952 0.94563 -0.00231334 0.325236 37.6299 0 1
110.776 46.8112 88.3203 0.94492 -0.00375254 0.32728 37.9065 0 1
110.799 44.9678 88.1937 0.944504 -0.00522645 0.328458 38.0703 0 1
110.8 43.8502 88.1737 0.944438 -0.00666845 0.328621 38.225 0 1
110.793 42.7953 88.1795 0.944784 -0.0079404 0.327597 38.3943 0 1
110.766 41.6448 88.2306 0.945602 -0.00886509 0.325205 38.5517 0 1
110.557 40.7714 88.7953 0.946943 -0.00929567 0.321268 38.7698 0 1
110.074 40.4998 90.1496 0.948831 -0.00917924 0.315652 38.9407 0 1
109.691 40.4102 91.2138 0.951244 -0.00857973 0.30832 39.1343 0 1
109.302 40.1832 92.4167 0.954102 -0.00765296 0.299385 39.3166 0 1
108.983 39.7423 93.42 0.95727 -0.00659185 0.289121 39.4801 0 1
108.75 39.0763 94.1423 0.960586 -0.00557025 0.277927 39.6824 0 1
108.605 37.9337 94.6293 0.963887 -0.00470648 0.266268 39.9368 0 1
108.556 36.3555 94.8458 0.967036 -0.00405289 0.254609 40.2253 0 1
108.564 34.5795 94.7651 0.96993 -0.00360656 0.243358 40.426 0 1
108.556 33.3193 94.78 0.972514 -0.00333239 0.232822 40.6287 0 1
108.549 32.0401 94.805 0.974769 -0.00318803 0.223193 40.8981 0 1
108.545 30.3614 94.785 0.97671 -0.00314063 0.214543 41.1783 0 1
108.547 28.5888 94.7666 0.978367 -0.00317018 0.206851 41.3539 0 1
108.549 27.475 94.7277 0.979783 -0.00326293 0.200038 41.6129 0 1
108.523 25.8309 94.8307 0.980996 -0.00340356 0.194 41.7929 0 1
108.502 24.6921 94.9226 0.982041 -0.00357294 0.188632 42.0519 0 1
108.489 23.0476 94.9648 0.98295 -0.00375284 0.183835 42.2101 0 1
108.474 22.0487 95.0235 0.983746 -0.00393188 0.179525 42.369 0 1
108.474 21.0437 94.9904 0.984447 -0.00410614 0.175631 42.5827 0 1
108.468 19.6879 94.9908 0.985069 -0.00427359 0.172105 42.7696 0 1
108.466 18.5024 94.962 0.985621 -0.00442871 0.168911 42.9434 0 1
108.462 17.3948 94.9628 0.986111 -0.00456329 0.166024 43.1477 0 1
108.454 16.0952 94.9816 0.986546 -0.00467241 0.163415 43.3886 0 1
108.466 14.5696 94.8691 0.986934 -0.00475952 0.161052 43.5536 0 1
108.463 13.5223 94.8497 0.987283 -0.0048354 0.158898 43.7369 0 1
108.458 12.3571 94.8407 0.987599 -0.00491225 0.156922 43.9309 0 1
108.449 11.1232 94.8547 0.987886 -0.00499794 0.1551 44.0908 0 1
108.422 10.1166 94.9993 0.988149 -0.00509412 0.153415 44.3163 0 1
108.402 8.68674 95.0786 0.988389 -0.00519773 0.151858 44.5601 0 1
108.397 7.13599 95.0518 0.988607 -0.00530377 0.150425 44.7319 0 1
108.395 6.0428 95.0293 0.988805 -0.00540739 0.149119 44.9034 0 1
108.402 4.95614 94.9407 0.988981 -0.005505 0.147941 45.0817 0 1
108.407 3.8265 94.8626 0.989136 -0.00559467 0.146898 45.2602 0 1
108.4 2.69195 94.8698 0.989269 -0.00567612 0.145995 45.4664 0 1
108.379 1.38597 94.9586 0.98938 -0.00575044 0.145235 45.6444 0 1
108.374 0.255119 94.9462 0.98947 -0.00581917 0.144623 45.8537 0 1
108.372 -1.07455 94.906 0.989538 -0.00588302 0.144156 46.0532 0 1
108.374 -2.34069 94.84 0.989584 -0.00594103 0.143832 46.2758 0 1
108.372 -3.7544 94.7942 0.98961 -0.00599182 0.143649 46.4716 0 1
108.354 -4.99569 94.862 0.989616 -0.0060366 0.143608 46.6394 0 1
108.345 -6.06155 94.8831 0.989601 -0.00608113 0.143712 46.8028 0 1
108.342 -7.09889 94.8577 0.989564 -0.0061339 0.143964 46.998 0 1
108.322 -8.33665 94.941 0.989505 -0.00620108 0.144365 47.1644 0 1
108.313 -9.39482 94.9579 0.989425 -0.00628215 0.144906 47.3253 0 1
108.318 -10.4148 94.8793 0.989326 -0.00637058 0.145579 47.5595 0 1
108.313 -11.9037 94.8504 0.989208 -0.00645979 0.146378 47.7746 0 1
108.293 -13.2685 94.9307 0.989069 -0.00654929 0.147311 48.0276 0 1
108.259 -14.8673 95.0852 0.988905 -0.00664498 0.148399 48.2297 0 1
108.262 -16.1484 95.003 0.988713 -0.00675335 0.149672 48.4292 0 1
108.265 -17.4141 94.9269 0.988486 -0.0068759 0.151154 48.5966 0 1
108.269 -18.4754 94.8526 0.988223 -0.00701039 0.152857 48.7802 0 1
108.269 -19.6418 94.8099 0.987924 -0.007159 0.154773 48.9437 0 1
108.254 -20.6761 94.8511 0.98759 -0.00733403 0.156884 49.2051 0 1
108.232 -22.3347 94.919 0.987221 -0.00755223 0.159177 49.3752 0 1
108.222 -23.4155 94.9227 0.986813 -0.00782254 0.161674 49.5725 0 1
108.208 -24.6681 94.9424 0.986349 -0.00814145 0.164465 49.7502 0 1
108.196 -25.7962 94.9609 0.985801 -0.00849475 0.167703 49.9179 0 1
108.186 -26.861 94.9819 0.98513 -0.0088511 0.17158 50.0787 0 1
108.18 -27.8778 94.9608 0.984298 -0.0091491 0.176276 50.2433 0 1
108.179 -28.9201 94.9145 0.983269 -0.00929591 0.181924 50.4134 0 1
108.175 -29.9925 94.8506 0.982011 -0.00918503 0.188601 50.6204 0 1
108.178 -31.317 94.813 0.980496 -0.00872435 0.196347 50.8494 0 1
108.161 -32.7649 94.8427 0.978695 -0.00786698 0.205169 51.1198 0 1
108.115 -34.4577 94.9861 0.976582 -0.0066382 0.215043 51.305 0 1
108.107 -35.6194 94.9143 0.974142 -0.0051449 0.225877 51.4965 0 1
108.121 -36.8275 94.8109 0.971387 -0.00355654 0.237474 51.6752 0 1
108.172 -37.9358 94.6259 0.968374 -0.00206503 0.249494 51.8902 0 1
108.32 -39.0931 94.0285 0.96521 -0.00084331 0.261473 52.0732 0 1
108.533 -39.8323 93.2058 0.962041 -1.19789e-05 0.272905 52.2384 0 1
108.835 -40.1577 92.2382 0.959016 0.000392029 0.283351 52.5279 0 1
109.382 -40.3821 90.4896 0.956267 0.000440472 0.292496 52.7943 0 1
109.928 -40.5352 88.8341 0.953891 0.000303437 0.300153 52.957 0 1
110.263 -40.8889 87.8504 0.95196 0.000181038 0.306222 53.1057 0 1
110.375 -41.8309 87.5239 0.950518 0.000202022 0.31067 53.2716 0 1
110.41 -42.9443 87.421 0.949581 0.000350904 0.313521 53.4421 0 1
110.399 -44.0915 87.4191 0.949143 0.000470439 0.314844 53.6785 0 1
110.346 -45.6921 87.513 0.949184 0.000336608 0.31472 53.8262 0 1
110.297 -46.7033 87.6589 0.94968 -0.000238706 0.313221 53.967 0 1
110.045 -47.3015 88.379 0.950601 -0.00133017 0.310412 54.2214 0 1
109.532 -47.4529 90.0458 0.951906 -0.0028781 0.306378 54.388 0 1
109.186 -47.4673 91.057 0.953527 -0.00472764 0.30127 54.5432 0 1
108.863 -47.505 92.0107 0.955373 -0.00670746 0.295326 54.8229 0 1
108.329 -47.4877 93.7545 0.957332 -0.00870815 0.288861 55.1114 0 1
107.8 -47.4379 95.4779 0.959291 -0.0107178 0.282215 55.2776 0 1
107.514 -47.3756 96.4704 0.961164 -0.0128024 0.275682 55.5253 0 1
107.173 -46.6427 97.7384 0.962895 -0.0150587 0.269456 55.795 0 1
107.177 -45.0201 97.8546 0.964473 -0.0175768 0.263598 55.9854 0 1
107.187 -43.8898 97.8553 0.965921 -0.0204108 0.258032 56.1581 0 1
107.203 -42.8577 97.8368 0.967291 -0.0235434 0.252573 56.3096 0 1
106.98 -43.1603 98.6686 0.968647 -0.0268467 0.246986 56.6198 0 1
107.025 -41.2975 98.6913 0.970042 -0.0300738 0.241069 56.8344 0 1
107.096 -40.0222 98.5908 0.971504 -0.0329044 0.234729 57.0695 0 1
107.16 -38.6242 98.5194 0.973029 -0.0350293 0.228007 57.2404 0 1
107.186 -37.5948 98.5592 0.974587 -0.0362349 0.221061 57.4208 0 1
107.239 -36.4802 98.6031 0.976129 -0.0364527 0.21411 57.5964 0 1
107.305 -35.4032 98.6118 0.977609 -0.0357598 0.207371 57.768 0 1
107.358 -34.3513 98.5905 0.978986 -0.03434 0.201015 57.939 0 1
107.405 -33.2917 98.5779 0.980238 -0.0324252 0.195148 58.1114 0 1
107.433 -32.2045 98.6123 0.981355 -0.0302418 0.189812 58.3119 0 1
107.468 -30.9312 98.6203 0.982341 -0.0279749 0.184998 58.4925 0 1
107.506 -29.7858 98.5754 0.983207 -0.0257558 0.180665 58.6657 0 1
107.531 -28.6915 98.5697 0.98397 -0.0236655 0.176758 58.8397 0 1
107.553 -27.59 98.5524 0.984643 -0.0217459 0.173219 59.0778 0 1
107.575 -26.0747 98.6158 0.985241 -0.0200127 0.17 59.2537 0 1
107.601 -24.9579 98.5738 0.985774 -0.0184667 0.167059 59.4313 0 1
107.628 -23.8275 98.5383 0.986252 -0.0171002 0.164363 59.6092 0 1
107.641 -22.699 98.5605 0.986682 -0.0158996 0.16188 59.7962 0 1
107.658 -21.5111 98.5708 0.987073 -0.0148456 0.159581 59.9553 0 1
107.671 -20.5018 98.5673 0.98743 -0.0139135 0.157443 60.179 0 1
107.684 -19.0808 98.6025 0.987757 -0.0130761 0.15545 60.3629 0 1
107.697 -17.9119 98.6087 0.988058 -0.0123081 0.153591 60.5247 0 1
107.698 -16.886 98.6875 0.988333 -0.0115902 0.151867 60.721 0 1
107.712 -15.6407 98.6832 0.988583 -0.0109103 0.150283 60.9542 0 1
107.734 -14.161 98.6449 0.988807 -0.0102611 0.148849 61.1393 0 1
107.753 -12.987 98.5955 0.989003 -0.00963678 0.147578 61.3534 0 1
107.775 -11.6289 98.5301 0.989172 -0.00903131 0.146482 61.5636 0 1
107.786 -10.2925 98.5339 0.989312 -0.00843813 0.14557 61.7665 0 1
107.793 -9.00353 98.5553 0.989422 -0.00785122 0.144851 61.9296 0 1
107.798 -7.96626 98.5794 0.989503 -0.00726658 0.144328 62.1756 0 1
107.804 -6.4041 98.6111 0.989555 -0.0066835 0.144002 62.4257 0 1
107.818 -4.81453 98.5913 0.989577 -0.00610391 0.143874 62.6219 0 1
107.827 -3.5685 98.5797 0.98957 -0.00552955 0.143945 62.8557 0 1
107.833 -2.08459 98.5894 0.989534 -0.00495951 0.144213 63.1252 0 1
107.841 -0.371741 98.5874 0.98947 -0.00439139 0.144673 63.3085 0 1
107.844 0.794597 98.6031 0.989379 -0.00382497 0.145312 63.5339 0 1
107.847 2.22719 98.6146 0.989263 -0.00326438 0.146112 63.7525 0 1
107.848 3.61769 98.6367 0.989123 -0.00271639 0.147065 63.9778 0 1
107.862 5.04953 98.5743 0.988959 -0.00218606 0.148176 64.1751 0 1
107.868 6.30287 98.5552 0.988766 -0.00167164 0.149461 64.4422 0 1
107.862 7.99793 98.6092 0.988542 -0.00116161 0.15094 64.6518 0 1
107.855 9.32826 98.6505 0.988285 -0.000636891 0.152621 64.8978 0 1
107.849 10.8938 98.6953 0.987993 -7.83567e-05 0.154496 65.0836 0 1
107.858 12.0742 98.645 0.987671 0.000524639 0.156543 65.3153 0 1
107.865 13.5398 98.5776 0.987321 0.00117006 0.158729 65.496 0 1
107.865 14.6895 98.5594 0.986949 0.00184529 0.161022 65.6895 0 1
107.855 15.921 98.6122 0.986558 0.00253242 0.163393 65.8617 0 1
107.843 17.0137 98.6779 0.986149 0.00321182 0.165829 66.0347 0 1
107.827 18.1059 98.7318 0.985721 0.00386475 0.168342 66.2159 0 1
107.82 19.2564 98.7413 0.985266 0.00448102 0.170968 66.4326 0 1
107.825 20.6298 98.672 0.984775 0.00507191 0.173761 66.6154 0 1
107.822 21.791 98.6526 0.984235 0.00568034 0.176775 66.7934 0 1
107.82 22.9219 98.6254 0.983636 0.00638017 0.180057 66.9813 0 1
107.824 24.1147 98.574 0.982966 0.00726608 0.183643 67.1761 0 1
107.814 25.3488 98.564 0.982214 0.00844136 0.187573 67.4617 0 1
107.809 27.1682 98.5189 0.981363 0.0100061 0.191901 67.6198 0 1
107.809 28.1743 98.4966 0.98039 0.0120331 0.1967 67.7822 0 1
107.791 29.1986 98.5144 0.97927 0.0145209 0.202039 67.9501 0 1
107.776 30.2594 98.5189 0.977983 0.0173422 0.207963 68.121 0 1
107.755 31.3383 98.5306 0.976522 0.0202314 0.214467 68.2846 0 1
107.728 32.3714 98.5716 0.974897 0.0228406 0.22148 68.4473 0 1
107.691 33.3887 98.6105 0.973143 0.0248391 0.228855 68.6397 0 1
107.654 34.5901 98.626 0.971313 0.0260015 0.23638 68.8298 0 1
107.611 35.7458 98.6291 0.969469 0.0262411 0.243804 69.0017 0 1
107.568 36.7808 98.585 0.967676 0.0255936 0.250893 69.2648 0 1
107.509 38.3698 98.5797 0.965984 0.0241827 0.257467 69.4826 0 1
107.467 39.6944 98.6048 0.96442 0.0221846 0.263441 69.7944 0 1
107.399 41.5659 98.7164 0.962982 0.0197903 0.268837 69.9771 0 1
107.375 42.654 98.7306 0.961638 0.0171718 0.273783 70.1464 0 1
107.357 43.6603 98.7281 0.960337 0.014468 0.278467 70.3289 0 1
107.341 44.746 98.7335 0.959022 0.0118031 0.283084 70.5771 0 1
107.334 46.2255 98.7211 0.957649 0.00931316 0.287788 70.7556 0 1
107.354 47.2946 98.6545 0.95619 0.00714277 0.29266 70.9317 0 1
107.548 48.0789 97.9832 0.954645 0.00539988 0.297699 71.1003 0 1
107.839 48.2031 97.019 0.953038 0.00410013 0.302823 71.4002 0 1
108.392 48.3488 95.2806 0.951413 0.00314882 0.307902 71.6409 0 1
108.865 48.374 93.8611 0.949817 0.00237939 0.312796 71.8287 0 1
109.236 48.3392 92.7376 0.948293 0.00162088 0.317392 72.0143 0 1
109.627 48.3584 91.5961 0.946876 0.00075082 0.321599 72.2861 0 1
110.216 48.3752 89.9134 0.945602 -0.000287568 0.325326 72.4711 0 1
110.626 48.3049 88.7637 0.944507 -0.00149567 0.328487 72.6893 0 1
111.035 47.5495 87.6005 0.943622 -0.00284248 0.331014 72.8902 0 1
111.101 46.2175 87.3755 0.942965 -0.00429267 0.332866 73.0423 0 1
111.086 45.1787 87.3893 0.94256 -0.00582969 0.333987 73.1911 0 1
111.078 44.1552 87.4046 0.942461 -0.00745344 0.334234 73.4252 0 1
111.087 42.5567 87.3474 0.942766 -0.00914565 0.333329 73.6729 0 1
111.042 40.8739 87.4214 0.943604 -0.0108307 0.330899 73.8516 0 1
110.793 39.8979 88.0949 0.945087 -0.0123719 0.326585 74.0926 0 1
110.254 39.6853 89.6174 0.947258 -0.0136129 0.320183 74.2458 0 1
109.909 39.6633 90.5735 0.950059 -0.0144368 0.311737 74.3992 0 1
109.572 39.566 91.5272 0.953333 -0.0148019 0.301559 74.5646 0 1
109.235 39.3228 92.5368 0.956865 -0.0147397 0.290158 74.7452 0 1
108.944 38.6652 93.4464 0.960435 -0.0143241 0.278137 74.9678 0 1
108.788 37.3472 93.9656 0.963855 -0.0136414 0.266076 75.1596 0 1
108.78 36.1526 93.9518 0.967001 -0.0127752 0.254453 75.3488 0 1
108.77 34.9721 93.921 0.969803 -0.0118059 0.243602 75.5158 0 1
108.773 33.9226 93.8614 0.972246 -0.0108107 0.233709 75.7064 0 1
108.741 32.7272 93.9444 0.974348 -0.00985981 0.22483 75.8746 0 1
108.729 31.6752 93.9488 0.976148 -0.00900908 0.216921 76.0673 0 1
108.731 30.4625 93.8952 0.977692 -0.00829441 0.209878 76.2389 0 1
108.727 29.3759 93.8866 0.979029 -0.00772914 0.203572 76.414 0 1
108.718 28.2636 93.8989 0.980198 -0.00730642 0.197887 76.653 0 1
108.712 26.7462 93.8897 0.981226 -0.00700563 0.192733 76.8511 0 1
108.684 25.4907 93.9743 0.982138 -0.00680098 0.188041 77.107 0 1
108.656 23.8685 94.0817 0.982949 -0.00666891 0.183756 77.3098 0 1
108.649 22.5825 94.0644 0.983677 -0.00659102 0.179825 77.5535 0 1
108.638 21.0376 94.0637 0.984332 -0.0065515 0.176201 77.7146 0 1
108.63 20.016 94.0569 0.984926 -0.00653341 0.172852 77.8772 0 1
108.625 18.9815 94.0545 0.985463 -0.00651902 0.169764 78.0633 0 1
108.622 17.8022 94.0203 0.985947 -0.00649445 0.16693 78.2833 0 1
108.612 16.4043 94.0341 0.986382 -0.00645397 0.164344 78.4771 0 1
108.6 15.1739 94.0555 0.986772 -0.00640047 0.161986 78.6759 0 1
108.601 13.9102 93.9971 0.987126 -0.00634243 0.15982 78.8556 0 1
108.596 12.7661 93.9742 0.98745 -0.00628977 0.157809 79.0415 0 1
108.591 11.581 93.9678 0.98775 -0.00625061 0.15592 79.2181 0 1
108.578 10.4587 94.0101 0.98803 -0.00622957 0.154133 79.3759 0 1
108.558 9.4611 94.0979 0.988292 -0.00622706 0.152445 79.5929 0 1
108.542 8.08451 94.1378 0.988535 -0.00623938 0.150865 79.8891 0 1
108.535 6.2039 94.1025 0.988756 -0.0062595 0.149408 80.0657 0 1
108.535 5.08393 94.0519 0.988954 -0.0062787 0.14809 80.3323 0 1
108.534 3.39092 93.9886 0.989128 -0.00628914 0.146925 80.4946 0 1
108.525 2.36099 93.9996 0.989275 -0.00628642 0.145926 80.7235 0 1
108.506 0.906457 94.065 0.989396 -0.00627043 0.145105 80.8839 0 1
108.5 -0.112896 94.0607 0.98949 -0.00624362 0.144464 81.134 0 1
108.506 -1.69923 93.951 0.989558 -0.00620797 0.144004 81.391 0 1
108.493 -3.33158 93.9696 0.9896 -0.00616361 0.143717 81.5685 0 1
108.488 -4.45912 93.9545 0.989618 -0.00611022 0.143595 81.8311 0 1
108.472 -6.12642 94.0024 0.989613 -0.00604965 0.14363 82.0073 0 1
108.466 -7.24541 93.9916 0.989586 -0.00598708 0.143815 82.1894 0 1
108.452 -8.40169 94.0413 0.989539 -0.00592952 0.144146 82.3763 0 1
108.438 -9.5899 94.0816 0.98947 -0.0058815 0.144619 82.5676 0 1
108.447 -10.8036 93.9778 0.98938 -0.00584021 0.145234 82.7963 0 1
108.432 -12.2574 94.0275 0.989268 -0.00579488 0.146 82.9675 0 1
108.426 -13.3446 94.0348 0.98913 -0.00573338 0.146933 83.1449 0 1
108.404 -14.465 94.1329 0.988964 -0.00565143 0.14805 83.3143 0 1
108.401 -15.5419 94.113 0.988766 -0.00555627 0.149367 83.5293 0 1
108.409 -16.9014 94.0023 0.988536 -0.00546228 0.150884 83.7339 0 1
108.402 -18.2003 93.9915 0.988275 -0.00538374 0.152588 83.9069 0 1
108.398 -19.3003 93.9827 0.987984 -0.00532906 0.154462 84.0921 0 1
108.393 -20.4751 93.9772 0.987663 -0.00529636 0.156503 84.3256 0 1
108.39 -21.9574 93.9594 0.987307 -0.00527132 0.158739 84.5041 0 1
108.371 -23.0852 94.0239 0.986904 -0.00523034 0.161227 84.6814 0 1
108.351 -24.2077 94.0903 0.986439 -0.00514619 0.164045 84.8694 0 1
108.35 -25.4016 94.0649 0.985895 -0.00498706 0.167294 85.0591 0 1
108.344 -26.6012 94.0606 0.985239 -0.00470766 0.171118 85.2187 0 1
108.345 -27.608 94.0307 0.98443 -0.00424433 0.175726 85.3975 0 1
108.341 -28.7354 93.9988 0.983407 -0.00352627 0.18138 85.675 0 1
108.35 -30.4907 93.9086 0.982098 -0.00250547 0.188355 85.8881 0 1
108.35 -31.8498 93.9042 0.980427 -0.00119883 0.196881 86.0537 0 1
108.323 -32.8903 94.0146 0.978328 0.000279024 0.207062 86.2811 0 1
108.312 -34.3231 94.0561 0.97577 0.00172493 0.218794 86.557 0 1
108.317 -36.056 93.9357 0.972777 0.00291021 0.231724 86.7277 0 1
108.333 -37.1487 93.9202 0.969443 0.00366618 0.245289 86.928 0 1
108.445 -38.3363 93.5447 0.965917 0.00393853 0.25882 87.0911 0 1
108.61 -39.0842 92.8895 0.962377 0.0037821 0.271691 87.343 0 1
109.088 -39.4795 91.3921 0.958986 0.00331438 0.283433 87.5053 0 1
109.412 -39.5395 90.3906 0.955869 0.00267003 0.29378 87.7043 0 1
109.823 -39.6167 89.1463 0.953103 0.00198237 0.302639 87.8756 0 1
110.194 -39.7043 88.0555 0.950736 0.00138493 0.309999 88.0453 0 1
110.539 -40.1131 87.0412 0.948813 0.00100442 0.315838 88.2167 0 1
110.634 -41.2329 86.7571 0.947378 0.000926487 0.320116 88.3915 0 1
110.677 -42.4115 86.6368 0.94646 0.0011499 0.32282 88.5565 0 1
110.679 -43.5386 86.6221 0.946049 0.00156505 0.324021 88.7873 0 1
110.658 -45.097 86.6393 0.946096 0.00197694 0.323879 88.9619 0 1
110.64 -46.2988 86.6945 0.946542 0.00216247 0.322574 89.1335 0 1
110.605 -47.4762 86.8018 0.947335 0.00193742 0.320238 89.3684 0 1
110.129 -48.2237 88.1623 0.948448 0.00120794 0.316931 89.584 0 1
109.692 -48.3179 89.5665 0.949863 -1.33532e-05 0.312668 89.7529 0 1
109.341 -48.3038 90.5911 0.951552 -0.00163132 0.307484 89.9254 0 1
108.982 -48.3315 91.6399 0.953461 -0.00351093 0.301495 90.0812 0 1
108.677 -48.408 92.5949 0.955503 -0.00551062 0.294929 90.3351 0 1
108.196 -48.3383 94.133 0.957568 -0.00750155 0.288111 90.6194 0 1
107.684 -48.3127 95.8445 0.959543 -0.00938937 0.281406 90.7919 0 1
107.388 -48.2797 96.8713 0.96134 -0.0111438 0.275138 90.9606 0 1
107.124 -48.1483 97.8538 0.962907 -0.0128166 0.269528 91.1199 0 1
106.943 -47.5344 98.5604 0.964234 -0.0145265 0.264652 91.3054 0 1
106.93 -46.4367 98.6836 0.96535 -0.016417 0.260441 91.4909 0 1
106.955 -45.3351 98.6934 0.96631 -0.0186159 0.256705 91.6834 0 1
106.969 -44.1992 98.6805 0.967186 -0.0212172 0.25318 91.8547 0 1
106.979 -43.1815 98.6682 0.968051 -0.0242669 0.249575 92.0065 0 1
106.757 -43.4758 99.5031 0.96897 -0.0277275 0.245618 92.1762 0 1
106.773 -42.4647 99.5514 0.969993 -0.0314273 0.241095 92.4233 0 1
106.827 -41.0064 99.529 0.971149 -0.0350444 0.235886 92.6106 0 1
106.901 -39.915 99.4124 0.972444 -0.0381628 0.229992 92.8181 0 1
106.946 -38.7008 99.4031 0.973859 -0.0403886 0.223534 93.0662 0 1
107.004 -37.2226 99.4637 0.975351 -0.0414669 0.216727 93.2529 0 1
107.07 -36.0835 99.4802 0.976865 -0.0413451 0.209824 93.4379 0 1
107.159 -34.9485 99.4694 0.978339 -0.0401623 0.203075 93.6087 0 1
107.208 -33.9111 99.4746 0.979722 -0.0381827 0.196688 93.78 0 1
107.252 -32.8454 99.4641 0.980977 -0.0357119 0.19081 94.0398 0 1
107.267 -31.2153 99.6862 0.982085 -0.0330278 0.185521 94.3218 0 1
107.35 -29.4446 99.4869 0.983044 -0.030345 0.18084 94.4818 0 1
107.371 -28.4321 99.4952 0.983865 -0.027807 0.176737 94.6391 0 1
107.407 -27.4344 99.4237 0.984566 -0.025495 0.173149 94.8057 0 1
107.421 -26.3739 99.4744 0.985167 -0.0234423 0.169989 94.9638 0 1
107.444 -25.3669 99.4765 0.985692 -0.021647 0.16716 95.1377 0 1
107.468 -24.2622 99.4556 0.986161 -0.0200844 0.164572 95.2999 0 1
107.491 -23.2312 99.4389 0.986588 -0.0187171 0.162155 95.4581 0 1
107.502 -22.2281 99.4632 0.986984 -0.0175033 0.159864 95.6218 0 1
107.515 -21.1874 99.4924 0.987353 -0.0164033 0.157688 95.7869 0 1
107.531 -20.1391 99.4801 0.987695 -0.0153843 0.155636 95.9657 0 1
107.539 -19.0028 99.5432 0.988008 -0.0144235 0.153727 96.1896 0 1
107.568 -17.5802 99.4846 0.988291 -0.0135086 0.151982 96.3476 0 1
107.546 -16.6038 99.7092 0.988542 -0.0126367 0.150414 96.5678 0 1
107.561 -15.2048 99.7249 0.988763 -0.0118101 0.149027 96.842 0 1
107.621 -13.4867 99.4568 0.988953 -0.0110315 0.147819 97.02 0 1
107.635 -12.3579 99.4416 0.989116 -0.0103003 0.14678 97.1924 0 1
107.648 -11.2648 99.4223 0.989253 -0.0096108 0.145897 97.4535 0 1
107.653 -9.60717 99.4861 0.989368 -0.00895249 0.145161 97.6136 0 1
107.666 -8.58997 99.4549 0.989461 -0.00831316 0.144564 97.7981 0 1
107.67 -7.41767 99.4884 0.989533 -0.00768199 0.144103 97.9689 0 1
107.672 -6.33247 99.529 0.989585 -0.0070518 0.143778 98.1358 0 1
107.693 -5.27434 99.4417 0.989616 -0.00641925 0.143593 98.3184 0 1
107.692 -4.11738 99.497 0.989625 -0.00578312 0.143555 98.56 0 1
107.703 -2.58432 99.4761 0.989612 -0.00514209 0.143674 98.7532 0 1
107.704 -1.35789 99.5079 0.989574 -0.00449402 0.143958 99.0218 0 1
107.717 0.34768 99.4606 0.98951 -0.00383737 0.144412 99.2219 0 1
107.692 1.6035 99.6689 0.989422 -0.00317329 0.145031 99.4508 0 1
107.723 3.04584 99.4833 0.98931 -0.0025061 0.145808 99.6085 0 1
107.72 4.04754 99.5156 0.989174 -0.00184172 0.146734 99.8224 0 1
107.72 5.40572 99.5389 0.989016 -0.0011859 0.147803 100.014 0 1
107.729 6.61943 99.4807 0.988835 -0.000542714 0.14901 100.192 0 1
107.726 7.74843 99.5019 0.988632 8.7404e-05 0.150354 100.373 0 1
107.72 8.89615 99.536 0.988407 0.000709788 0.151828 100.53 0 1
107.717 9.89874 99.5492 0.988159 0.00133565 0.153425 100.757 0 1
107.713 11.3388 99.577 0.987892 0.00197891 0.155133 100.934 0 1
107.719 12.4603 99.5175 0.987604 0.00265128 0.156945 101.193 0 1
107.726 14.1022 99.4389 0.987294 0.00335854 0.158868 101.362 0 1
107.715 15.1799 99.4708 0.986958 0.00410048 0.160926 101.533 0 1
107.706 16.263 99.5169 0.986589 0.00487598 0.163152 101.692 0 1
107.693 17.2731 99.5593 0.98618 0.00569025 0.165578 101.865 0 1
107.684 18.3709 99.5734 0.985724 0.00655779 0.168241 102.105 0 1
107.684 19.8895 99.5073 0.985212 0.00749939 0.171175 102.326 0 1
107.665 21.2934 99.5516 0.984634 0.00854192 0.17442 102.512 0 1
107.654 22.4759 99.5683 0.983979 0.00973206 0.178018 102.723 0 1
107.654 23.8171 99.5033 0.983232 0.0111597 0.182018 102.929 0 1
107.613 25.113 99.6542 0.982371 0.0129634 0.186493 103.196 0 1
107.639 26.7937 99.4104 0.981363 0.0152857 0.191553 103.435 0 1
107.623 28.3211 99.4105 0.980168 0.0181788 0.197335 103.633 0 1
107.602 29.5745 99.4226 0.978742 0.0215113 0.203963 103.792 0 1
107.577 30.5774 99.4336 0.977065 0.0249464 0.211477 103.952 0 1
107.558 31.5892 99.4411 0.97515 0.0280216 0.219766 104.259 0 1
107.496 33.5182 99.4642 0.973061 0.0302962 0.22855 104.436 0 1
107.434 34.6215 99.4953 0.970896 0.0314863 0.237425 104.705 0 1
107.365 36.3046 99.4729 0.968768 0.0315196 0.245956 104.925 0 1
107.239 37.6095 99.6727 0.966779 0.0305024 0.253786 105.092 0 1
107.253 38.6016 99.4597 0.964996 0.0286454 0.260696 105.264 0 1
107.203 39.6466 99.5206 0.963443 0.0261994 0.266629 105.492 0 1
107.167 41.0176 99.5509 0.962108 0.0234126 0.271662 105.668 0 1
107.149 42.0659 99.542 0.960946 0.0204963 0.275974 105.854 0 1
107.133 43.1686 99.5209 0.959897 0.0175965 0.2798 106.022 0 1
107.102 44.1677 99.5667 0.958895 0.014783 0.283377 106.282 0 1
107.083 45.7029 99.5672 0.957886 0.0120673 0.286895 106.467 0 1
107.083 46.8051 99.545 0.956835 0.00944408 0.290478 106.665 0 1
107.077 47.9853 99.5483 0.955723 0.00693805 0.294186 106.927 0 1
107.393 49.0514 98.4655 0.954538 0.00463546 0.298052 107.105 0 1
107.701 49.1719 97.459 0.953272 0.0026754 0.302102 107.375 0 1
108.187 49.1724 95.9067 0.951915 0.00119542 0.30636 107.54 0 1
108.511 49.2662 94.9483 0.950465 0.000256339 0.310832 107.79 0 1
108.999 49.2824 93.4791 0.948937 -0.000206321 0.315467 107.989 0 1
109.39 49.179 92.2879 0.947369 -0.000370217 0.320145 108.214 0 1
109.86 49.26 90.899 0.94582 -0.000460538 0.324691 108.4 0 1
110.269 49.2539 89.7432 0.94436 -0.000672096 0.328913 108.623 0 1
110.755 49.403 88.3662 0.943051 -0.00112124 0.332647 108.895 0 1
111.339 48.7955 86.7487 0.941942 -0.00184159 0.33577 109.054 0 1
111.39 47.7199 86.6242 0.94107 -0.00280779 0.338201 109.222 0 1
111.395 46.5889 86.5863 0.940459 -0.00396423 0.339884 109.403 0 1
111.406 45.3645 86.5275 0.940127 -0.00525099 0.340785 109.563 0 1
111.42 44.269 86.4707 0.940091 -0.00662916 0.340858 109.74 0 1
111.383 43.0608 86.5488 0.940401 -0.00809742 0.339972 109.989 0 1
111.36 41.3593 86.5618 0.94115 -0.0096827 0.33785 110.164 0 1
111.337 40.1405 86.5754 0.942467 -0.0114024 0.334105 110.344 0 1
111.134 38.9999 87.0843 0.944456 -0.0132225 0.328372 110.514 0 1
110.747 38.8189 88.1829 0.947134 -0.0150408 0.320484 110.68 0 1
110.376 38.7603 89.2389 0.950405 -0.0167044 0.310566 110.954 0 1
109.759 38.747 90.9571 0.954072 -0.018045 0.299033 111.189 0 1
109.253 38.4287 92.3834 0.957898 -0.0189165 0.286484 111.349 0 1
109.066 37.6054 92.9859 0.96166 -0.0192288 0.273569 111.515 0 1
109.007 36.5645 93.0784 0.965187 -0.0189728 0.260873 111.676 0 1
108.973 35.5487 93.0965 0.968372 -0.018225 0.248845 111.838 0 1
108.971 34.5067 93.0452 0.97117 -0.0171279 0.237772 112.102 0 1
108.934 32.8299 93.0836 0.973581 -0.0158519 0.22779 112.328 0 1
108.911 31.4127 93.0794 0.975635 -0.0145565 0.218915 112.511 0 1
108.914 30.2576 93.0018 0.977376 -0.01336 0.211087 112.738 0 1
108.891 28.8019 93.0524 0.978851 -0.012327 0.204201 112.979 0 1
108.917 27.285 92.8596 0.980107 -0.0114746 0.198138 113.148 0 1
108.869 26.2273 93.0453 0.981183 -0.0107902 0.192776 113.41 0 1
108.869 24.5644 92.9577 0.982115 -0.0102497 0.188005 113.627 0 1
108.819 23.2019 93.1645 0.982929 -0.00982643 0.183723 113.786 0 1
108.798 22.1906 93.2151 0.983649 -0.00949233 0.179848 114.005 0 1
108.801 20.8053 93.1294 0.984292 -0.00921713 0.176308 114.206 0 1
108.781 19.5338 93.1695 0.984874 -0.00897249 0.173039 114.383 0 1
108.778 18.403 93.1409 0.985408 -0.00873929 0.169985 114.549 0 1
108.78 17.3541 93.0685 0.985903 -0.00851194 0.167102 114.763 0 1
108.746 16.0032 93.1955 0.986365 -0.00829585 0.164362 114.964 0 1
108.751 14.7263 93.0988 0.986797 -0.0081001 0.161757 115.121 0 1
108.772 13.7417 92.9275 0.987199 -0.00793069 0.159295 115.389 0 1
108.728 12.0456 93.104 0.987568 -0.00778777 0.156997 115.576 0 1
108.721 10.8518 93.1103 0.987903 -0.00766671 0.154883 115.756 0 1
108.705 9.71148 93.1474 0.988202 -0.00756074 0.152967 115.933 0 1
108.695 8.59077 93.1528 0.988467 -0.00746266 0.151251 116.231 0 1
108.678 6.70013 93.1716 0.9887 -0.00736543 0.149728 116.394 0 1
108.676 5.66437 93.1342 0.988903 -0.00726228 0.148385 116.606 0 1
108.664 4.31705 93.1443 0.989079 -0.00714752 0.147211 116.825 0 1
108.688 2.95034 92.9122 0.989231 -0.00701779 0.146196 117.008 0 1
108.642 1.81068 93.1715 0.989359 -0.00687319 0.145335 117.167 0 1
108.63 0.804751 93.2059 0.989464 -0.00671687 0.144626 117.388 0 1
108.636 -0.595915 93.1021 0.989546 -0.00655294 0.144071 117.634 0 1
108.657 -2.14855 92.8818 0.989605 -0.00638382 0.143673 117.901 0 1
108.622 -3.83128 93.0488 0.989641 -0.00620934 0.143433 118.129 0 1
108.614 -5.28257 93.0472 0.989654 -0.00602898 0.14335 118.309 0 1
108.599 -6.42466 93.1072 0.989644 -0.00584557 0.143426 118.49 0 1
108.589 -7.57703 93.1237 0.989611 -0.00566645 0.143658 118.661 0 1
108.574 -8.65844 93.1842 0.989555 -0.00549955 0.144049 118.83 0 1
108.573 -9.73413 93.1464 0.989476 -0.00534698 0.144601 119.08 0 1
108.572 -11.3243 93.0997 0.989371 -0.00520281 0.145319 119.238 0 1
108.575 -12.3293 93.0453 0.989241 -0.0050585 0.146209 119.442 0 1
108.574 -13.6223 93.0168 0.989082 -0.00491164 0.147281 119.715 0 1
108.531 -15.338 93.2495 0.988895 -0.00476926 0.14854 119.895 0 1
108.548 -16.4749 93.1014 0.988678 -0.00464183 0.149982 120.092 0 1
108.539 -17.7212 93.1104 0.988432 -0.00453235 0.151599 120.274 0 1
108.533 -18.8832 93.1261 0.988157 -0.00442732 0.153383 120.448 0 1
108.531 -19.9855 93.1017 0.987851 -0.00429468 0.155348 120.655 0 1
108.532 -21.3034 93.0815 0.987505 -0.00409184 0.157536 120.844 0 1
108.524 -22.5006 93.1138 0.987108 -0.00377997 0.160014 121.011 0 1
108.52 -23.5569 93.0835 0.986646 -0.0033313 0.162843 121.193 0 1
108.488 -24.6985 93.2487 0.986109 -0.00271995 0.166077 121.361 0 1
108.535 -25.7171 92.9436 0.985478 -0.00190622 0.169793 121.636 0 1
108.505 -27.4544 93.0967 0.984717 -0.000837615 0.174162 121.796 0 1
108.533 -28.4491 92.9139 0.983755 0.000521796 0.179513 122.039 0 1
108.504 -29.9826 93.0927 0.982486 0.00214362 0.186322 122.222 0 1
108.544 -31.1268 92.9029 0.980781 0.00389606 0.195075 122.469 0 1
108.494 -32.6758 93.1434 0.978529 0.00554697 0.206036 122.68 0 1
108.505 -34.01 93.0714 0.975688 0.00682477 0.219058 122.887 0 1
108.502 -35.3232 93.0886 0.972317 0.00751358 0.233543 123.093 0 1
108.535 -36.6473 93.0819 0.968578 0.00753225 0.248597 123.32 0 1
108.642 -38.0225 92.7639 0.964695 0.00695555 0.263278 123.481 0 1
108.882 -38.5842 91.9644 0.960899 0.00596912 0.276833 123.646 0 1
109.231 -38.6753 90.9507 0.957369 0.0047879 0.288827 123.89 0 1
109.725 -38.752 89.4582 0.954208 0.00358794 0.299123 124.101 0 1
110.172 -38.7597 88.1267 0.951452 0.00248499 0.307788 124.266 0 1
110.528 -38.8114 87.0713 0.9491 0.00155071 0.314972 124.421 0 1
110.853 -39.1677 86.1284 0.947137 0.000832406 0.320828 124.637 0 1
110.892 -40.6346 86.0009 0.945553 0.000352021 0.325469 124.821 0 1
110.974 -41.883 85.7892 0.944349 8.59764e-05 0.328944 125.003 0 1
110.967 -43.1339 85.8169 0.943539 -5.14401e-05 0.331263 125.157 0 1
110.954 -44.1753 85.8285 0.943127 -0.000196173 0.332433 125.362 0 1
110.97 -45.5844 85.7686 0.943098 -0.000490453 0.332515 125.538 0 1
110.948 -46.7993 85.8373 0.943413 -0.00103236 0.331619 125.707 0 1
110.93 -47.9735 85.9068 0.944025 -0.00185034 0.32987 125.91 0 1
110.702 -49.213 86.5353 0.944901 -0.00291138 0.327343 126.111 0 1
110.242 -49.2502 87.8557 0.946036 -0.00414704 0.324034 126.278 0 1
109.891 -49.2118 88.9341 0.947445 -0.00547608 0.319873 126.441 0 1
109.553 -49.1723 89.9484 0.949136 -0.00681618 0.314792 126.613 0 1
109.191 -49.1462 91.0079 0.951092 -0.00809127 0.308802 126.836 0 1
108.738 -49.2637 92.3777 0.953245 -0.00924197 0.302058 127.015 0 1
108.391 -49.3132 93.4572 0.955484 -0.0102363 0.294866 127.187 0 1
108.07 -49.2149 94.4881 0.957676 -0.011075 0.287634 127.481 0 1
107.551 -49.2111 96.2617 0.959702 -0.0117894 0.280773 127.658 0 1
107.255 -49.1659 97.3025 0.96148 -0.012434 0.274594 127.838 0 1
106.976 -49.0682 98.3621 0.962979 -0.0130721 0.26926 128.016 0 1
106.724 -48.7556 99.3443 0.964211 -0.0137581 0.264777 128.22 0 1
106.69 -47.567 99.5285 0.96522 -0.014521 0.261035 128.402 0 1
106.709 -46.4848 99.5164 0.966064 -0.0153594 0.257847 128.735 0 1
106.749 -44.5157 99.506 0.966809 -0.0162472 0.254984 128.909 0 1
106.757 -43.4875 99.5031 0.967461 -0.0171468 0.252185 128.909 0 1
108.048 -8.1195 96.8369 0.989652 -0.00708418 0.14331 129.119 1 1
108.085 -6.79397 96.6501 0.989653 -0.00673103 0.143325 129.362 0 1
108.056 -5.27282 96.917 0.989644 -0.00638379 0.143398 129.556 0 1
108.116 -4.09317 96.5561 0.989624 -0.00604723 0.143553 129.769 0 1
108.095 -2.75975 96.7574 0.98959 -0.00572471 0.143804 129.928 0 1
108.073 -1.77006 96.948 0.989539 -0.00541529 0.144162 130.181 0 1
108.106 -0.170689 96.7702 0.989472 -0.00511285 0.144636 130.377 0 1
108.092 1.06883 96.9095 0.989385 -0.00480913 0.145236 130.615 0 1
108.115 2.58009 96.7997 0.989278 -0.00449993 0.145972 130.808 0 1
108.133 3.79986 96.7157 0.989151 -0.00419023 0.146845 130.991 0 1
108.132 4.96369 96.7581 0.989003 -0.00389378 0.147845 131.149 0 1
108.113 5.95801 96.9135 0.988838 -0.00362535 0.148953 131.31 0 1
108.111 6.97797 96.9533 0.988657 -0.00338882 0.150151 131.533 0 1
108.111 8.39386 96.9726 0.988463 -0.00316967 0.15143 131.754 0 1
108.108 9.80017 97.0123 0.988253 -0.0029391 0.152797 131.924 0 1
108.106 10.886 97.0392 0.988026 -0.00266829 0.154268 132.084 0 1
108.139 11.8818 96.8472 0.987776 -0.00234228 0.155863 132.168 0 1
108.154 12.4129 96.7595 0.987501 -0.00196382 0.157602 132.405 0 1
108.166 13.9177 96.7139 0.987198 -0.00154794 0.159495 132.602 0 1
108.166 15.1683 96.7322 0.986866 -0.00111479 0.161535 132.769 0 1
108.141 16.2105 96.8917 0.986509 -0.000685994 0.163705 132.935 0 1
108.118 17.2544 97.0141 0.98613 -0.000282828 0.165975 133.099 0 1
108.101 18.2968 97.1149 0.985733 7.82361e-05 0.168316 133.27 0 1
108.097 19.3864 97.1366 0.985322 0.000394349 0.170707 133.451 0 1
108.105 20.5315 97.096 0.984896 0.000685573 0.173143 133.643 0 1
108.114 21.7418 97.026 0.984453 0.000996407 0.175644 133.817 0 1
108.155 22.8251 96.7881 0.983983 0.00138427 0.178258 133.91 0 1
108.18 23.391 96.6459 0.983471 0.00189838 0.181057 134.091 0 1
108.152 24.5335 96.7852 0.982897 0.00256176 0.184137 134.278 0 1
108.138 25.7154 96.861 0.982237 0.00337386 0.187613 134.478 0 1
108.19 26.9556 96.5823 0.98146 0.00433784 0.191616 134.645 0 1
108.177 28.0081 96.6367 0.980534 0.00548543 0.196273 134.83 0 1
108.122 29.1557 96.8866 0.979427 0.00686176 0.201681 134.989 0 1
108.141 30.1452 96.7455 0.97812 0.0084703 0.207869 135.206 0 1
108.137 31.5268 96.7189 0.976611 0.010225 0.21477 135.41 0 1
108.103 32.8107 96.8007 0.974927 0.0119551 0.222204 135.614 0 1
108.175 34.0378 96.4425 0.973118 0.0134563 0.229912 135.786 0 1
108.042 34.9815 96.9472 0.971249 0.0145486 0.23762 135.957 0 1
108.094 35.9877 96.6789 0.969373 0.015109 0.245127 136.174 0 1
107.999 37.2817 96.8321 0.967518 0.0150857 0.252351 136.414 0 1
108.009 38.7689 96.7041 0.965682 0.0145023 0.259323 136.589 0 1
107.958 39.8419 96.8403 0.963844 0.0134493 0.266127 136.755 0 1
107.91 40.8518 96.9509 0.961982 0.0120516 0.272847 137.014 0 1
107.858 42.4346 97.0523 0.960082 0.0104215 0.279525 137.211 0 1
107.833 43.6483 97.066 0.958146 0.00862812 0.28615 137.495 0 1
107.852 45.4112 97.0066 0.956194 0.00670831 0.292657 137.67 0 1
108.023 46.3075 96.4461 0.954259 0.00470156 0.298943 137.894 0 1
108.431 46.5865 95.1696 0.952387 0.00267531 0.304879 138.059 0 1
108.752 46.6155 94.2004 0.95063 0.000716662 0.310327 138.343 0 1
109.32 46.6155 92.5046 0.949043 -0.00109594 0.315144 138.63 0 1
109.922 46.5975 90.7446 0.947689 -0.00270899 0.319184 138.783 0 1
110.252 46.4886 89.799 0.946633 -0.00408215 0.322288 138.953 0 1
110.498 45.6547 89.0742 0.94594 -0.00516311 0.324301 139.154 0 1
110.516 44.3071 88.9859 0.945666 -0.00587351 0.325086 139.34 0 1
110.504 43.0493 89.0014 0.945853 -0.00611654 0.324538 139.5 0 1
110.453 41.981 89.1257 0.946522 -0.00580561 0.322586 139.658 0 1
110.144 41.4239 89.9788 0.94768 -0.00490851 0.319184 139.817 0 1
109.789 41.2833 90.967 0.949315 -0.00349003 0.314307 139.996 0 1
109.423 41.0961 92.083 0.9514 -0.00172401 0.307952 140.21 0 1
109.017 40.6935 93.3125 0.953884 0.000143266 0.300177 140.39 0 1
108.718 40.1403 94.2381 0.956681 0.00186196 0.291132 140.553 0 1
108.506 39.4509 94.9573 0.95968 0.00324029 0.281078 140.782 0 1
108.375 38.1241 95.4409 0.962746 0.00417166 0.270375 140.981 0 1
108.25 37.0148 95.9674 0.965749 0.00463015 0.259438 141.212 0 1
108.348 35.6375 95.6434 0.968575 0.00465217 0.248677 141.369 0 1
108.356 34.6592 95.6471 0.971147 0.00431703 0.238442 141.585 0 1
108.358 33.3043 95.6371 0.973422 0.00372873 0.228987 141.755 0 1
108.351 32.2339 95.6794 0.975392 0.00299815 0.220456 141.998 0 1
108.373 30.6892 95.6293 0.977074 0.00222529 0.212888 142.214 0 1
108.309 29.3671 95.9529 0.978502 0.00148514 0.20623 142.377 0 1
108.383 28.4114 95.5736 0.979721 0.000822152 0.200366 142.561 0 1
108.388 27.2409 95.5517 0.980774 0.00025466 0.195148 142.763 0 1
108.352 25.9734 95.7332 0.9817 -0.000216673 0.190436 142.942 0 1
108.329 24.84 95.8438 0.982528 -0.000603661 0.186114 143.23 0 1
108.344 23.0206 95.7424 0.98328 -0.000929642 0.1821 143.433 0 1
108.291 21.7626 96.0341 0.983967 -0.00122681 0.178349 143.642 0 1
108.306 20.4405 95.9471 0.984595 -0.00152696 0.174845 143.832 0 1
108.302 19.2379 95.9426 0.985167 -0.0018488 0.17159 144.008 0 1
108.305 18.1175 95.9108 0.985684 -0.002191 0.168589 144.199 0 1
108.292 16.9064 95.9808 0.98615 -0.00253667 0.165838 144.358 0 1
108.31 15.9097 95.8551 0.986569 -0.00286547 0.163321 144.576 0 1
108.341 14.536 95.6454 0.986948 -0.00316436 0.161008 144.839 0 1
108.316 12.8775 95.7549 0.987294 -0.00343083 0.158867 145.005 0 1
108.331 11.8305 95.6259 0.987612 -0.0036695 0.156874 145.181 0 1
108.263 10.7862 96.0336 0.987904 -0.00388706 0.155019 145.348 0 1
108.268 9.72456 95.9774 0.988171 -0.00408935 0.153304 145.566 0 1
108.259 8.33548 96.0047 0.988412 -0.00428087 0.151735 145.798 0 1
108.252 6.86262 96.0139 0.988628 -0.00446509 0.150315 145.968 0 1
108.244 5.77995 96.0283 0.98882 -0.00464457 0.149042 146.145 0 1
108.277 4.68798 95.7687 0.988989 -0.00482094 0.147909 146.364 0 1
108.288 3.29627 95.6475 0.989137 -0.00499534 0.14691 146.536 0 1
108.256 2.21999 95.8318 0.989265 -0.00516902 0.146042 146.708 0 1
108.199 1.19228 96.1872 0.989372 -0.00534375 0.145306 146.861 0 1
108.259 0.330689 95.7389 0.98946 -0.00552149 0.144701 147.117 0 1
108.233 -1.29227 95.8557 0.989529 -0.00570384 0.144225 147.299 0 1
108.24 -2.44948 95.7585 0.989579 -0.00589153 0.143869 147.497 0 1
108.258 -3.69605 95.5835 0.989614 -0.00608443 0.143621 147.747 0 1
108.214 -5.26705 95.821 0.989636 -0.00628174 0.14346 147.944 0 1
108.229 -6.50698 95.6664 0.989649 -0.00648229 0.143364 148.134 0 1
108.193 -7.70157 95.8579 0.989656 -0.00668473 0.143305 148.224 0 1
108.112 -7.82277 96.4111 0.989662 -0.00688764 0.143255 148.224 0 1
108.255 40.2236 95.7921 0.957729 0.00929018 0.287475 148.49 1 1
108.662 40.9998 94.4085 0.955412 0.00596413 0.295216 148.746 0 1
109.117 41.6346 93.0147 0.953262 0.0031247 0.302128 148.91 0 1
109.425 41.907 92.0834 0.951436 0.00096405 0.307846 149.095 0 1
109.795 42.1555 90.9845 0.950038 -0.000447304 0.312135 149.308 0 1
110.197 42.9126 89.8716 0.949122 -0.00116437 0.314908 149.521 0 1
110.228 44.3331 89.8077 0.948689 -0.00132467 0.316209 149.764 0 1
109.943 45.683 90.6596 0.948702 -0.00107712 0.316171 149.916 0 1
109.621 45.7648 91.6146 0.949097 -0.000527023 0.314982 150.19 0 1
109.054 45.7578 93.3085 0.949791 0.000266179 0.312886 150.414 0 1
108.604 45.7471 94.6599 0.950671 0.00124093 0.310197 150.575 0 1
108.294 45.5797 95.5992 0.951605 0.00227744 0.307314 150.746 0 1
108.099 44.7285 96.2044 0.952446 0.00318333 0.30469 150.914 0 1
108.085 43.6833 96.2437 0.953057 0.00373919 0.302768 151.083 0 1
108.092 42.6248 96.2273 0.953336 0.00377804 0.301887 151.307 0 1
108.151 41.2104 96.0886 0.953241 0.00325165 0.302194 151.327 0 1
108.167 41.1024 96.0407 0.952799 0.00224896 0.303595 151.488 0 1
108.387 41.7293 95.2897 0.952104 0.000963737 0.305772 151.731 0 1
108.834 42.1391 93.8904 0.951302 -0.000366426 0.308261 151.9 0 1
109.145 42.4555 92.9377 0.950549 -0.00152569 0.310572 152.089 0 1
109.508 42.8169 91.859 0.949978 -0.00237784 0.312309 152.301 0 1
109.9 43.4954 90.7323 0.949661 -0.0029072 0.313267 152.481 0 1
109.861 44.6652 90.8695 0.949592 -0.0032238 0.313472 152.702 0 1
109.413 44.9168 92.2416 0.949701 -0.00351658 0.313138 152.896 0 1
109.021 44.8688 93.4046 0.949889 -0.00396454 0.312561 153.186 0 1
108.443 44.6525 95.1325 0.950073 -0.00464893 0.311994 153.474 0 1
108.352 42.8567 95.4202 0.950211 -0.00551635 0.31156 153.656 0 1
108.387 41.73 95.2898 0.950313 -0.00641107 0.31123 153.928 0 1
108.789 42.8252 94.0442 0.950423 -0.00714954 0.310877 154.173 0 1
109.237 43.4079 92.6987 0.950594 -0.00758998 0.310344 154.33 0 1
109.478 44.0784 92.0073 0.950863 -0.00766752 0.309518 154.509 0 1
109.118 43.977 93.0886 0.95124 -0.0073949 0.308362 154.751 0 1
108.639 43.7632 94.5256 0.95171 -0.00684481 0.306921 154.767 0 1
108.612 43.7098 94.6077 0.952236 -0.00612732 0.305302 154.776 0 1
108.619 43.6567 94.5845 0.952762 -0.00536729 0.303632 154.776 0 1
