-111.561 43.6927 93.9522 -0.961395 -0.00861666 0.275038 0 1 1
-111.331 43.3689 94.7543 -0.961697 -0.00909817 0.273962 0.310824 0 1
-111.321 42.2875 94.765 -0.962016 -0.00943184 0.272831 0.510867 0 1
-111.552 43.2395 93.9693 -0.962338 -0.00958181 0.271688 0.650095 0 1
-111.791 43.0265 93.1394 -0.96263 -0.00956914 0.270652 0.827784 0 1
-111.655 41.9814 93.5692 -0.962846 -0.00947499 0.269886 0.991173 0 1
-111.462 41.2037 94.228 -0.962949 -0.00942746 0.269518 1.2025 0 1
-111.117 41.5107 95.4696 -0.962936 -0.00956119 0.26956 1.37409 0 1
-111.107 42.5832 95.5612 -0.962841 -0.00995515 0.269886 1.58268 0 1
-111.126 43.8822 95.5102 -0.962725 -0.0105829 0.270274 1.78401 0 1
-111.319 44.9353 94.842 -0.962655 -0.0113131 0.270495 1.98963 0 1
-111.674 44.8541 93.5948 -0.962682 -0.011964 0.270372 2.19094 0 1
-111.803 43.6682 93.1151 -0.962838 -0.0123754 0.269797 2.32407 0 1
-112.037 43.4701 92.3182 -0.963134 -0.0124576 0.268734 2.50532 0 1
-111.971 42.3192 92.4271 -0.963557 -0.012205 0.267223 2.6854 0 1
-111.809 41.2804 92.9639 -0.964073 -0.0116808 0.265382 2.84841 0 1
-111.596 40.6138 93.7326 -0.964624 -0.0109879 0.2634 3.0251 0 1
-111.358 39.9243 94.5605 -0.965149 -0.0102367 0.261503 3.18698 0 1
-111.161 39.2072 95.2402 -0.965583 -0.00952063 0.259921 3.37589 0 1
-111.039 38.1176 95.6876 -0.965874 -0.00890461 0.258859 3.52425 0 1
-110.908 38.8679 96.2047 -0.965984 -0.00842031 0.258466 3.70193 0 1
-110.938 39.9558 96.1 -0.965894 -0.00806417 0.258811 3.99222 0 1
-110.905 41.7497 96.2693 -0.965612 -0.00779961 0.25987 4.1604 0 1
-110.895 42.8014 96.3603 -0.965169 -0.00756826 0.261517 4.4173 0 1
-110.918 44.3967 96.2981 -0.964617 -0.00731097 0.263553 4.60854 0 1
-111.016 45.5262 95.9639 -0.964021 -0.00699084 0.265734 4.83747 0 1
-111.391 45.8521 94.6211 -0.963448 -0.00660693 0.267813 5.01554 0 1
-111.697 45.7838 93.5415 -0.962963 -0.00619309 0.269561 5.18286 0 1
-111.961 45.3424 92.6037 -0.962624 -0.00580339 0.27078 5.36423 0 1
-112.034 44.1987 92.3513 -0.962475 -0.00549072 0.271314 5.49957 0 1
-112.267 43.978 91.5459 -0.962549 -0.005288 0.271057 5.66948 0 1
-112.247 45.0657 91.6047 -0.962853 -0.00519927 0.269977 5.89215 0 1
-112.099 46.4038 92.144 -0.963373 -0.00519884 0.268116 6.13122 0 1
-111.683 46.654 93.6175 -0.964076 -0.00523464 0.265573 6.38761 0 1
-111.236 46.6907 95.1868 -0.964933 -0.00524096 0.262442 6.57083 0 1
-110.936 46.5732 96.301 -0.965926 -0.00516514 0.258767 6.73513 0 1
-110.75 45.8158 96.9662 -0.96705 -0.00499728 0.254538 7.02579 0 1
-110.689 44.0238 97.1639 -0.968302 -0.00478017 0.249735 7.32015 0 1
-110.695 42.2095 97.1162 -0.969668 -0.00458749 0.244382 7.50631 0 1
-110.712 41.0679 97.0104 -0.971115 -0.00448314 0.238571 7.7896 0 1
-110.708 39.3037 96.9816 -0.972596 -0.00449014 0.232456 7.96141 0 1
-110.719 38.2384 96.9372 -0.974065 -0.0045881 0.22622 8.21053 0 1
-110.72 36.6787 96.9636 -0.975482 -0.00473404 0.220027 8.40366 0 1
-110.726 35.474 96.8844 -0.976823 -0.00488702 0.213993 8.56143 0 1
-110.705 34.4848 96.963 -0.978078 -0.0050227 0.208178 8.76246 0 1
-110.709 33.2191 96.9047 -0.979248 -0.00513661 0.202602 8.98155 0 1
-110.742 31.8429 96.7043 -0.980335 -0.0052408 0.197269 9.03033 0 1
-110.761 31.5505 96.6019 -0.981341 -0.00535762 0.192201 9.25723 0 1
-110.729 30.1206 96.7529 -0.982258 -0.00551308 0.187454 9.46145 0 1
-110.695 28.8354 96.8854 -0.983073 -0.00572991 0.183127 9.67181 0 1
-110.67 27.5101 96.9702 -0.983766 -0.00602056 0.179353 9.89243 0 1
-110.669 26.1087 96.9395 -0.984319 -0.00638357 0.176282 10.0765 0 1
-110.665 24.9453 96.9267 -0.984715 -0.0068075 0.174042 10.2972 0 1
-110.657 23.544 96.9196 -0.984943 -0.00728105 0.172726 10.5137 0 1
-110.838 22.771 95.7938 -0.984999 -0.00779909 0.172383 10.7138 0 1
-110.859 24.0373 95.7241 -0.984879 -0.00835807 0.173041 10.9201 0 1
-110.864 25.3453 95.7731 -0.984577 -0.00894983 0.174722 11.1106 0 1
-110.899 26.542 95.6409 -0.984084 -0.00956636 0.177446 11.2661 0 1
-110.898 27.5221 95.7054 -0.98339 -0.0102152 0.181216 11.5318 0 1
-110.912 29.2002 95.7138 -0.982489 -0.0109327 0.185999 11.6843 0 1
-110.928 30.1658 95.6898 -0.981385 -0.0117832 0.191687 11.9618 0 1
-110.948 31.9222 95.6546 -0.9801 -0.0128408 0.19809 12.1465 0 1
-110.962 33.1059 95.6967 -0.978669 -0.0141575 0.204954 12.3185 0 1
-110.962 34.1942 95.756 -0.977137 -0.0157331 0.212028 12.4824 0 1
-111.039 35.1701 95.4149 -0.97554 -0.0174993 0.219123 12.6752 0 1
-111.089 36.4045 95.3537 -0.973906 -0.0193207 0.226129 12.8627 0 1
-111.182 37.5403 95.0568 -0.972256 -0.0210065 0.232975 13.0617 0 1
-111.331 38.6916 94.5528 -0.970622 -0.0223328 0.239573 13.2286 0 1
-111.531 39.4729 93.8562 -0.969046 -0.0230816 0.245798 13.4074 0 1
-111.778 40.1571 92.9781 -0.967578 -0.0230992 0.251515 13.5663 0 1
-111.998 40.7679 92.1939 -0.966257 -0.0223489 0.256608 13.7275 0 1
-112.163 41.6808 91.6785 -0.965111 -0.0209272 0.261003 13.9088 0 1
-112.238 42.8779 91.5475 -0.964155 -0.019029 0.264656 14.0349 0 1
-112.263 43.7015 91.5451 -0.9634 -0.016886 0.267536 14.1647 0 1
-112.476 43.4796 90.7711 -0.962859 -0.0147085 0.269602 14.3308 0 1
-112.489 44.5639 90.7748 -0.962554 -0.0126511 0.270795 14.5649 0 1
-112.463 46.0814 90.8736 -0.962505 -0.0108059 0.271049 14.8003 0 1
-112.224 47.3463 91.7331 -0.962723 -0.00921375 0.270334 14.9567 0 1
-111.951 47.4623 92.7021 -0.963195 -0.00788122 0.268689 15.1184 0 1
-111.662 47.5073 93.6926 -0.963882 -0.00679164 0.266241 15.2951 0 1
-111.354 47.5476 94.7768 -0.964731 -0.0059056 0.263171 15.4813 0 1
-111.042 47.5468 95.9162 -0.965686 -0.00515721 0.259663 15.6721 0 1
-110.735 47.3887 97.0644 -0.966702 -0.00446156 0.255866 15.8475 0 1
-110.548 46.5752 97.7655 -0.967753 -0.00374188 0.251872 16.0608 0 1
-110.501 45.2645 97.929 -0.968827 -0.00296401 0.247721 16.2858 0 1
-110.481 43.8831 97.9856 -0.969923 -0.00215389 0.243403 16.5085 0 1
-110.483 42.5126 97.9527 -0.971049 -0.00138439 0.238874 16.7106 0 1
-110.505 41.2692 97.8378 -0.972216 -0.000740413 0.234083 16.9639 0 1
-110.513 39.6996 97.8043 -0.973429 -0.00028366 0.22899 17.167 0 1
-110.518 38.4488 97.8105 -0.974685 -3.46563e-05 0.223583 17.3922 0 1
-110.525 37.0653 97.8078 -0.975973 2.39206e-05 0.217891 17.5811 0 1
-110.531 35.902 97.8153 -0.977274 -6.85917e-05 0.211981 17.7835 0 1
-110.533 34.6519 97.7859 -0.978562 -0.000267274 0.20595 18.0363 0 1
-110.55 33.0727 97.6953 -0.979813 -0.000531581 0.199915 18.2233 0 1
-110.563 31.8906 97.6087 -0.981002 -0.000827929 0.193996 18.49 0 1
-110.56 30.1961 97.6391 -0.98211 -0.00112881 0.188307 18.655 0 1
-110.538 29.1578 97.7279 -0.983123 -0.00141413 0.182941 18.8504 0 1
-110.529 27.9166 97.7787 -0.984037 -0.00167584 0.177954 19.0582 0 1
-110.526 26.6062 97.7718 -0.984858 -0.00192009 0.173354 19.2319 0 1
-110.516 25.5034 97.8151 -0.985596 -0.00216084 0.169105 19.3998 0 1
-110.518 24.4362 97.7889 -0.986267 -0.00240791 0.165143 19.5633 0 1
-110.521 23.3966 97.7427 -0.986884 -0.00265921 0.161406 19.7262 0 1
-110.523 22.3579 97.7116 -0.987459 -0.00290333 0.157848 19.8937 0 1
-110.522 21.2911 97.7065 -0.987997 -0.00312765 0.154443 20.0748 0 1
-110.513 20.1402 97.7544 -0.9885 -0.00332353 0.151186 20.3269 0 1
-110.493 18.5449 97.8559 -0.98897 -0.00348646 0.148077 20.5547 0 1
-110.489 17.0987 97.8331 -0.989407 -0.00361529 0.14512 20.7328 0 1
-110.484 15.9655 97.8307 -0.989814 -0.00371204 0.142319 20.9142 0 1
-110.486 14.8135 97.7923 -0.99019 -0.00378122 0.139674 21.1905 0 1
-110.493 13.0636 97.7017 -0.990537 -0.00382832 0.13719 21.3625 0 1
-110.474 11.9792 97.7961 -0.990856 -0.00385971 0.134871 21.5286 0 1
-110.458 10.9286 97.8781 -0.991146 -0.00388378 0.132723 21.7658 0 1
-110.449 9.42145 97.9121 -0.991408 -0.00391067 0.130749 21.935 0 1
-110.45 8.34807 97.8732 -0.991643 -0.0039497 0.128954 22.1298 0 1
-110.458 7.11499 97.7609 -0.991852 -0.00400578 0.127335 22.3111 0 1
-110.46 5.96266 97.7125 -0.992036 -0.00407722 0.125888 22.4824 0 1
-110.454 4.87183 97.7336 -0.992198 -0.00415603 0.124603 22.6416 0 1
-110.45 3.85999 97.7442 -0.99234 -0.00423084 0.123466 22.8043 0 1
-110.441 2.82738 97.7707 -0.992464 -0.00429144 0.122462 22.9721 0 1
-110.437 1.76171 97.761 -0.992572 -0.00433276 0.121577 23.1438 0 1
-110.433 0.670296 97.7567 -0.992667 -0.00435598 0.120803 23.307 0 1
-110.42 -0.363748 97.827 -0.992748 -0.00436632 0.120134 23.48 0 1
-110.418 -1.4608 97.7972 -0.992816 -0.00436955 0.119567 23.6552 0 1
-110.408 -2.57198 97.8355 -0.992872 -0.00436962 0.119104 23.8181 0 1
-110.394 -3.60369 97.9119 -0.992916 -0.00436817 0.118741 23.9858 0 1
-110.391 -4.66965 97.9056 -0.992947 -0.00436536 0.11848 24.1458 0 1
-110.396 -5.68238 97.8293 -0.992966 -0.00436142 0.118321 24.3095 0 1
-110.392 -6.72069 97.8172 -0.992972 -0.00435855 0.118273 24.482 0 1
-110.381 -7.81496 97.8643 -0.992963 -0.0043624 0.118346 24.6578 0 1
-110.377 -8.93342 97.8605 -0.992938 -0.00438152 0.118555 24.8372 0 1
-110.377 -10.0722 97.8175 -0.992895 -0.00442418 0.118908 25.0233 0 1
-110.378 -11.2539 97.769 -0.992835 -0.00449398 0.119409 25.2127 0 1
-110.375 -12.4574 97.7414 -0.992756 -0.00458788 0.120064 25.3914 0 1
-110.372 -13.5948 97.7311 -0.992656 -0.0046991 0.120883 25.5549 0 1
-110.366 -14.6336 97.7294 -0.992533 -0.00482354 0.121881 25.785 0 1
-110.361 -16.0969 97.7159 -0.992385 -0.00496423 0.123072 25.954 0 1
-110.359 -17.1707 97.6803 -0.99221 -0.00512871 0.124468 26.1717 0 1
-110.351 -18.5558 97.6878 -0.992006 -0.00532118 0.126077 26.3379 0 1
-110.345 -19.6133 97.6846 -0.991771 -0.00553852 0.127905 26.5861 0 1
-110.347 -21.1903 97.6112 -0.991502 -0.00577645 0.129966 26.7517 0 1
-110.344 -22.2436 97.5902 -0.991194 -0.00604163 0.132283 26.9156 0 1
-110.323 -23.2806 97.6941 -0.99084 -0.006356 0.134894 27.2004 0 1
-110.302 -25.0912 97.7714 -0.990429 -0.00674489 0.137859 27.4059 0 1
-110.296 -26.3993 97.7469 -0.989949 -0.00721598 0.141241 27.5891 0 1
-110.284 -27.562 97.7794 -0.989389 -0.00774537 0.145084 27.7937 0 1
-110.292 -28.8577 97.6682 -0.988744 -0.0082795 0.149385 28.0762 0 1
-110.29 -30.6497 97.5988 -0.988019 -0.00874746 0.154086 28.2384 0 1
-110.267 -31.6685 97.6824 -0.987223 -0.00907382 0.159084 28.4822 0 1
-110.249 -33.2013 97.7278 -0.986374 -0.00918965 0.164262 28.6743 0 1
-110.235 -34.3941 97.669 -0.985486 -0.00904577 0.169515 28.9177 0 1
-110.221 -35.9169 97.6691 -0.984572 -0.00862748 0.174767 29.1106 0 1
-110.2 -37.1113 97.7377 -0.98364 -0.0079623 0.179968 29.3733 0 1
-110.178 -38.7329 97.7379 -0.982693 -0.00711283 0.185106 29.5714 0 1
-110.171 -39.9562 97.7278 -0.981724 -0.00615645 0.190209 29.7756 0 1
-110.158 -41.2123 97.7494 -0.980721 -0.00516427 0.195343 29.9466 0 1
-110.138 -42.263 97.8515 -0.979669 -0.00418955 0.200576 30.2419 0 1
-110.124 -44.0656 97.8869 -0.978555 -0.0032661 0.20596 30.4138 0 1
-110.123 -45.1116 97.8907 -0.977372 -0.00240956 0.211512 30.5887 0 1
-110.134 -46.1718 97.8271 -0.976126 -0.00161719 0.217199 30.8089 0 1
-110.282 -47.297 97.1211 -0.974834 -0.000866271 0.222931 30.9824 0 1
-110.525 -47.4866 96.1046 -0.973533 -0.000113094 0.228546 31.205 0 1
-110.846 -47.5104 94.7681 -0.972276 0.000705802 0.233834 31.3708 0 1
-111.093 -47.4834 93.763 -0.971124 0.00166765 0.238571 31.5433 0 1
-111.357 -47.4621 92.712 -0.970129 0.00284929 0.242571 31.6997 0 1
-111.615 -47.4589 91.7433 -0.969331 0.0043034 0.245722 31.881 0 1
-111.916 -47.352 90.6173 -0.968747 0.00602876 0.247977 32.1032 0 1
-112.069 -46.0429 90.0264 -0.968389 0.00794385 0.249317 32.2689 0 1
-112.072 -44.9627 89.9887 -0.968275 0.00987954 0.24969 32.4288 0 1
-112.054 -43.9174 90.0181 -0.968438 0.0116085 0.248983 32.5894 0 1
-112.035 -42.8602 90.0335 -0.968923 0.0129136 0.247024 32.7503 0 1
-112.013 -41.8032 90.0511 -0.969768 0.0136639 0.243648 32.945 0 1
-111.844 -40.6573 90.5994 -0.970978 0.013847 0.238766 33.1486 0 1
-111.514 -40.3292 91.8617 -0.972516 0.0135436 0.23244 33.3204 0 1
-111.244 -39.9876 92.8897 -0.974297 0.0128778 0.224898 33.5018 0 1
-110.996 -39.3522 93.8378 -0.97621 0.0119816 0.216494 33.6774 0 1
-110.84 -38.4477 94.4957 -0.978144 0.0109796 0.207638 33.8472 0 1
-110.763 -37.4381 94.8429 -0.980005 0.00997548 0.198722 34.0098 0 1
-110.751 -36.4157 94.8613 -0.981729 0.00903445 0.190071 34.2356 0 1
-110.724 -35.0379 94.8956 -0.98328 0.00817299 0.181914 34.4189 0 1
-110.702 -33.89 94.9522 -0.98465 0.0073661 0.174386 34.5981 0 1
-110.708 -32.7608 94.9374 -0.985844 0.0065709 0.167537 34.7682 0 1
-110.732 -31.7027 94.7911 -0.986878 0.00575292 0.161363 34.974 0 1
-110.731 -30.4177 94.728 -0.987771 0.00490173 0.155834 35.1716 0 1
-110.71 -29.1755 94.815 -0.988539 0.00403179 0.150914 35.4105 0 1
-110.7 -27.6591 94.8761 -0.989196 0.00317272 0.146565 35.6108 0 1
-110.706 -26.3874 94.8164 -0.989757 0.00235615 0.142743 35.7776 0 1
-110.694 -25.3279 94.9117 -0.990236 0.00160567 0.139389 35.9836 0 1
-110.693 -24.0195 94.9383 -0.990649 0.000933096 0.136436 36.1459 0 1
-110.7 -22.9935 94.8729 -0.991007 0.000339881 0.133813 36.3236 0 1
-110.708 -21.8652 94.828 -0.991321 -0.000179525 0.131461 36.5283 0 1
-110.713 -20.5678 94.8089 -0.9916 -0.000634772 0.129343 36.7011 0 1
-110.708 -19.4745 94.8464 -0.991846 -0.00103743 0.127439 36.8794 0 1
-110.706 -18.341 94.8735 -0.992062 -0.00139917 0.125745 37.1847 0 1
-110.709 -16.4018 94.8848 -0.992248 -0.00173043 0.12426 37.3615 0 1
-110.711 -15.2787 94.8959 -0.992407 -0.00203985 0.122979 37.5387 0 1
-110.726 -14.1592 94.7902 -0.992541 -0.00233444 0.12189 37.7014 0 1
-110.731 -13.1245 94.7704 -0.992651 -0.00262006 0.12098 37.8673 0 1
-110.731 -12.0693 94.796 -0.992742 -0.0029019 0.120232 38.0341 0 1
-110.732 -11.0089 94.8172 -0.992813 -0.00318504 0.119635 38.2045 0 1
-110.73 -9.92667 94.8584 -0.992867 -0.00347471 0.119181 38.3626 0 1
-110.732 -8.92183 94.8757 -0.992903 -0.00377581 0.118863 38.5213 0 1
-110.737 -7.91393 94.8615 -0.992924 -0.00409113 0.118682 38.7537 0 1
-110.743 -6.43688 94.8621 -0.992928 -0.00441939 0.118635 38.9305 0 1
-110.74 -5.31508 94.9309 -0.992916 -0.00475505 0.118724 39.1961 0 1
-110.737 -3.63044 95.0284 -0.992887 -0.00509068 0.11895 39.3565 0 1
-110.737 -2.61265 95.0767 -0.992842 -0.0054195 0.11931 39.5315 0 1
-110.754 -1.5054 94.9837 -0.992781 -0.00573646 0.119804 39.744 0 1
-110.759 -0.154628 95.0096 -0.992703 -0.00603865 0.120432 39.9672 0 1
-110.77 1.26483 94.9937 -0.992608 -0.00632642 0.121199 40.13 0 1
-110.773 2.30079 95.0368 -0.992495 -0.00660431 0.12211 40.3251 0 1
-110.789 3.53932 94.9672 -0.992362 -0.00687974 0.12317 40.5068 0 1
-110.809 4.68944 94.8586 -0.992209 -0.00715858 0.124381 40.6855 0 1
-110.828 5.82671 94.788 -0.992036 -0.00744065 0.125735 40.9015 0 1
-110.83 7.19781 94.8493 -0.991844 -0.00772043 0.127226 41.0766 0 1
-110.814 8.29692 95.0366 -0.991632 -0.00799413 0.128846 41.2663 0 1
-110.816 9.50223 95.1044 -0.991401 -0.00826752 0.130598 41.4535 0 1
-110.835 10.6915 95.0539 -0.991148 -0.00855705 0.132489 41.6512 0 1
-110.856 11.9423 94.974 -0.990869 -0.00888207 0.134536 41.832 0 1
-110.88 13.0849 94.8708 -0.990562 -0.00925152 0.136755 41.9928 0 1
-110.887 14.1064 94.8881 -0.990223 -0.00965359 0.139162 42.218 0 1
-110.884 15.5396 94.9945 -0.98985 -0.0100569 0.141763 42.4279 0 1
-110.915 16.8697 94.8704 -0.989441 -0.0104244 0.144558 42.6218 0 1
-110.943 18.1037 94.7813 -0.988997 -0.0107316 0.147547 42.7842 0 1
-110.954 19.1345 94.7949 -0.988514 -0.0109796 0.150731 43.017 0 1
-110.964 20.6117 94.8363 -0.987988 -0.011199 0.154121 43.2231 0 1
-110.976 21.9237 94.8899 -0.987414 -0.0114448 0.157741 43.4034 0 1
-110.985 23.065 94.9023 -0.986782 -0.0117774 0.161627 43.6163 0 1
-111.002 24.4119 94.8903 -0.986079 -0.0122388 0.165828 43.815 0 1
-111.018 25.6679 94.8927 -0.985292 -0.0128473 0.170395 44.0774 0 1
-111.053 27.3285 94.8037 -0.984407 -0.0136166 0.175377 44.235 0 1
-111.07 28.3302 94.7911 -0.983408 -0.0145727 0.180823 44.4179 0 1
-111.081 29.4881 94.8136 -0.982277 -0.0157432 0.186774 44.6668 0 1
-111.101 31.0681 94.791 -0.981 -0.01713 0.193248 44.8389 0 1
-111.124 32.1759 94.8153 -0.979568 -0.0186891 0.200244 45.0238 0 1
-111.153 33.3536 94.7957 -0.977972 -0.0203322 0.207741 45.1834 0 1
-111.186 34.3563 94.7195 -0.976216 -0.0219409 0.215687 45.3863 0 1
-111.246 35.6211 94.5583 -0.974316 -0.0233845 0.223967 45.5708 0 1
-111.332 36.7798 94.3755 -0.972314 -0.0245395 0.232386 45.7677 0 1
-111.464 37.9386 93.9536 -0.970269 -0.0253156 0.240703 45.9407 0 1
-111.647 38.8263 93.3157 -0.968247 -0.025689 0.248671 46.1717 0 1
-111.979 39.7048 92.1481 -0.966319 -0.025727 0.256057 46.3289 0 1
-112.225 40.2743 91.3231 -0.964567 -0.0255803 0.262595 46.4788 0 1
-112.385 41.1503 90.8681 -0.963099 -0.0254411 0.267943 46.6621 0 1
-112.446 42.3634 90.7686 -0.962046 -0.0254882 0.271696 46.7915 0 1
-112.473 43.2274 90.7683 -0.961533 -0.0258389 0.273472 46.9183 0 1
-112.69 43.0174 89.9972 -0.961644 -0.0265111 0.273017 47.0924 0 1
-112.667 41.8673 89.9757 -0.962392 -0.0274036 0.270277 47.2732 0 1
-112.62 40.661 90.0238 -0.963721 -0.0283173 0.265407 47.4988 0 1
-112.329 39.4472 90.8747 -0.965512 -0.0290215 0.258735 47.729 0 1
-111.943 38.7083 92.157 -0.967618 -0.0293288 0.250709 47.9059 0 1
-111.704 37.9392 92.9841 -0.969882 -0.0291404 0.241827 48.1194 0 1
-111.541 36.6477 93.4923 -0.972163 -0.0284493 0.232573 48.3336 0 1
-111.428 35.3174 93.7292 -0.974353 -0.0273218 0.22336 48.544 0 1
-111.353 34.0047 93.874 -0.976382 -0.0258711 0.214495 48.7203 0 1
-111.317 32.8958 93.9509 -0.978216 -0.0242308 0.206171 48.9152 0 1
-111.281 31.6691 93.9785 -0.979847 -0.0225331 0.198475 49.1102 0 1
-111.247 30.433 93.9829 -0.981286 -0.0208928 0.191417 49.3117 0 1
-111.232 29.1482 93.9592 -0.982552 -0.0193969 0.184972 49.5781 0 1
-111.215 27.4548 93.9184 -0.983664 -0.0180979 0.179104 49.7939 0 1
-111.186 26.0865 93.9484 -0.984637 -0.0170123 0.173784 50.0114 0 1
-111.151 24.7069 94.0113 -0.985486 -0.0161255 0.168992 50.1891 0 1
-111.132 23.5768 94.0443 -0.986224 -0.0154011 0.164695 50.3712 0 1
-111.121 22.4252 94.0266 -0.98687 -0.0147924 0.160836 50.5381 0 1
-111.109 21.3723 93.9921 -0.987443 -0.014254 0.157334 50.7694 0 1
-111.091 19.9077 93.9549 -0.98796 -0.0137504 0.154095 50.9493 0 1
-111.087 18.7662 93.8844 -0.988439 -0.0132614 0.151039 51.1178 0 1
-111.067 17.6985 93.913 -0.988888 -0.0127813 0.148114 51.2871 0 1
-111.047 16.6219 93.9571 -0.98931 -0.0123142 0.145305 51.4538 0 1
-111.019 15.5675 94.0402 -0.989706 -0.0118666 0.142624 51.732 0 1
-111.007 13.7942 94.0096 -0.990072 -0.0114419 0.140092 51.8908 0 1
-110.992 12.7857 94.0292 -0.990409 -0.0110381 0.137724 52.0939 0 1
-110.972 11.4988 94.0847 -0.990718 -0.0106494 0.135518 52.2627 0 1
-110.96 10.4287 94.0799 -0.991 -0.0102698 0.133465 52.4305 0 1
-110.943 9.36293 94.1327 -0.99126 -0.00989415 0.131548 52.5977 0 1
-110.935 8.3006 94.1094 -0.9915 -0.00951858 0.129758 52.7624 0 1
-110.944 7.26378 93.9628 -0.991721 -0.00913925 0.128086 52.9228 0 1
-110.943 6.24521 93.8995 -0.991924 -0.00875198 0.126534 53.0859 0 1
-110.931 5.20806 93.9242 -0.992108 -0.0083531 0.125105 53.2451 0 1
-110.913 4.19802 93.9924 -0.992275 -0.00794064 0.123806 53.5357 0 1
-110.884 2.352 94.1329 -0.992423 -0.00751471 0.122641 53.7252 0 1
-110.881 1.14968 94.0761 -0.992552 -0.00707676 0.121615 53.8901 0 1
-110.872 0.0997642 94.0829 -0.992663 -0.00662873 0.120733 54.0519 0 1
-110.869 -0.929987 94.0613 -0.992754 -0.00617317 0.120002 54.225 0 1
-110.853 -2.02719 94.1247 -0.992826 -0.00571404 0.119432 54.5094 0 1
-110.848 -3.83651 94.0863 -0.992877 -0.00525686 0.11903 54.7877 0 1
-110.849 -5.60213 94.0023 -0.992907 -0.00480743 0.118794 54.9725 0 1
-110.846 -6.77662 93.9817 -0.992918 -0.00436983 0.118718 55.176 0 1
-110.841 -8.0706 93.9794 -0.992911 -0.0039446 0.118793 55.3686 0 1
-110.836 -9.29565 93.9863 -0.992886 -0.00352827 0.119018 55.5431 0 1
-110.837 -10.4046 93.959 -0.992842 -0.00311564 0.119398 55.7169 0 1
-110.837 -11.5076 93.9328 -0.992777 -0.0027049 0.119944 55.879 0 1
-110.833 -12.5372 93.9381 -0.992691 -0.00230129 0.120661 56.1204 0 1
-110.829 -14.0726 93.9422 -0.992584 -0.0019152 0.121547 56.3173 0 1
-110.817 -15.3221 94.0254 -0.992456 -0.00155602 0.122591 56.4792 0 1
-110.821 -16.3492 93.9772 -0.992308 -0.00122681 0.123783 56.6716 0 1
-110.821 -17.5707 93.9574 -0.99214 -0.000921033 0.125126 56.8797 0 1
-110.816 -18.8959 94.0034 -0.99195 -0.000618761 0.126632 57.0972 0 1
-110.83 -20.2748 93.908 -0.991731 -0.000282379 0.128333 57.2925 0 1
-110.819 -21.5095 93.9845 -0.991479 0.000140245 0.130264 57.4522 0 1
-110.814 -22.5215 94.0056 -0.991188 0.000696421 0.132458 57.6367 0 1
-110.817 -23.6953 94.0058 -0.990853 0.0014005 0.134939 57.7957 0 1
-110.813 -24.7037 94.048 -0.990468 0.00222372 0.137727 57.9654 0 1
-110.822 -25.7762 93.9662 -0.990026 0.00312018 0.140851 58.2438 0 1
-110.829 -27.5583 93.9726 -0.989517 0.00407053 0.144362 58.4594 0 1
-110.836 -28.9288 93.9735 -0.98892 0.00510549 0.14836 58.6624 0 1
-110.859 -30.2092 93.8665 -0.988206 0.00629286 0.153003 58.8213 0 1
-110.866 -31.2136 93.8972 -0.987328 0.00770207 0.158505 58.9845 0 1
-110.866 -32.2392 93.9847 -0.986236 0.00936446 0.165081 59.1602 0 1
-110.851 -33.3383 94.071 -0.984881 0.011241 0.172866 59.3508 0 1
-110.868 -34.5406 94.046 -0.983244 0.0132097 0.181813 59.5222 0 1
-110.887 -35.6109 94.0225 -0.981348 0.0150835 0.191649 59.6939 0 1
-110.915 -36.6781 93.9762 -0.979266 0.0166556 0.20189 59.9264 0 1
-111 -38.1027 93.74 -0.977119 0.0177498 0.211949 60.0853 0 1
-111.13 -38.9384 93.1889 -0.975043 0.0182562 0.221265 60.2722 0 1
-111.426 -39.4844 92.1118 -0.973158 0.0181446 0.229423 60.5139 0 1
-111.821 -39.621 90.5923 -0.971542 0.0174593 0.236224 60.7405 0 1
-112.181 -40.2709 89.2942 -0.970223 0.0163053 0.241663 60.971 0 1
-112.226 -41.7968 89.235 -0.969189 0.0148268 0.245873 61.1317 0 1
-112.24 -42.8616 89.2537 -0.968406 0.0131785 0.24903 61.3241 0 1
-112.27 -44.1298 89.1999 -0.967846 0.0114921 0.251281 61.5085 0 1
-112.289 -45.3555 89.1808 -0.967496 0.00985273 0.252694 61.6892 0 1
-112.291 -46.5487 89.2 -0.967362 0.00829535 0.253263 61.8546 0 1
-112.264 -47.6302 89.3253 -0.967461 0.0068209 0.252928 62.0114 0 1
-112.054 -48.2575 90.1127 -0.967811 0.00542036 0.251619 62.1748 0 1
-111.779 -48.3299 91.1398 -0.968417 0.00409251 0.249301 62.3319 0 1
-111.517 -48.2941 92.1228 -0.96926 0.00285089 0.246021 62.4963 0 1
-111.247 -48.293 93.1444 -0.97029 0.00172145 0.241939 62.6697 0 1
-110.982 -48.3572 94.2219 -0.971432 0.000732622 0.237315 62.8409 0 1
-110.726 -48.3589 95.259 -0.972608 -0.000100132 0.23245 63.0021 0 1
-110.492 -48.371 96.2376 -0.973753 -0.000790778 0.227606 63.214 0 1
-110.196 -48.2817 97.5121 -0.97483 -0.00139225 0.222947 63.3995 0 1
-109.99 -47.7181 98.4712 -0.97583 -0.00199062 0.21852 63.5685 0 1
-109.953 -46.7116 98.6654 -0.976766 -0.00268079 0.214291 63.7463 0 1
-109.947 -45.6373 98.7146 -0.977655 -0.00353325 0.210185 63.9236 0 1
-109.947 -44.5664 98.7145 -0.978516 -0.00457185 0.20612 64.0932 0 1
-109.953 -43.5378 98.6901 -0.979365 -0.00577531 0.202015 64.4051 0 1
-109.986 -41.6356 98.6056 -0.980218 -0.00709403 0.197794 64.573 0 1
-109.994 -40.6121 98.6078 -0.981084 -0.00846163 0.1934 64.7409 0 1
-110.008 -39.5804 98.5784 -0.981964 -0.00979478 0.188816 64.9934 0 1
-110.029 -38.0237 98.5864 -0.982851 -0.0109942 0.184073 65.1764 0 1
-110.046 -36.8959 98.583 -0.983733 -0.011959 0.179237 65.3592 0 1
-110.065 -35.7717 98.5525 -0.984597 -0.0126119 0.174383 65.5355 0 1
-110.081 -34.6785 98.5412 -0.985433 -0.0129182 0.169574 65.6991 0 1
-110.096 -33.6601 98.5695 -0.986235 -0.0128922 0.164849 65.8706 0 1
-110.116 -32.5869 98.5863 -0.986997 -0.0125874 0.160242 66.0618 0 1
-110.138 -31.3976 98.5338 -0.987716 -0.0120809 0.15579 66.2286 0 1
-110.152 -30.3474 98.5116 -0.988385 -0.0114555 0.15154 66.4688 0 1
-110.164 -28.8253 98.5524 -0.988997 -0.0107839 0.147543 66.6395 0 1
-110.164 -27.7446 98.6049 -0.989549 -0.0101183 0.14384 66.8361 0 1
-110.177 -26.495 98.591 -0.990042 -0.00948763 0.140453 67.1338 0 1
-110.193 -24.6034 98.5952 -0.990477 -0.00890335 0.137387 67.3143 0 1
-110.206 -23.4569 98.5654 -0.990861 -0.00836845 0.134631 67.4952 0 1
-110.221 -22.3085 98.512 -0.991197 -0.00788291 0.132163 67.6884 0 1
-110.232 -21.08 98.5054 -0.991492 -0.00744453 0.129956 67.9026 0 1
-110.236 -19.7188 98.5546 -0.991751 -0.00704787 0.127983 68.0709 0 1
-110.241 -18.6501 98.5589 -0.99198 -0.00668488 0.126221 68.3169 0 1
-110.251 -17.0861 98.5608 -0.99218 -0.00634796 0.124654 68.5511 0 1
-110.249 -15.6002 98.6427 -0.992354 -0.00603331 0.123275 68.7231 0 1
-110.257 -14.5064 98.6273 -0.992504 -0.00574168 0.12208 68.9033 0 1
-110.266 -13.3594 98.6228 -0.99263 -0.00547612 0.121064 69.0785 0 1
-110.27 -12.2486 98.6379 -0.992733 -0.00523876 0.120221 69.258 0 1
-110.275 -11.1087 98.6357 -0.992816 -0.00502936 0.119544 69.4533 0 1
-110.278 -9.86828 98.6619 -0.992879 -0.00484621 0.119026 69.6456 0 1
-110.278 -8.64676 98.7025 -0.992924 -0.00468798 0.118659 69.8334 0 1
-110.285 -7.45178 98.6932 -0.992951 -0.00455429 0.118438 70.0184 0 1
-110.294 -6.27668 98.659 -0.992961 -0.00444428 0.118356 70.1913 0 1
-110.296 -5.17771 98.6889 -0.992955 -0.00435341 0.118408 70.3536 0 1
-110.297 -4.14733 98.7127 -0.992933 -0.00427122 0.118596 70.5206 0 1
-110.305 -3.08614 98.6835 -0.992895 -0.00418244 0.118924 70.7006 0 1
-110.314 -1.94373 98.6464 -0.992838 -0.0040714 0.119401 70.8615 0 1
-110.315 -0.922524 98.67 -0.992762 -0.00392732 0.120038 71.0599 0 1
-110.324 0.338427 98.646 -0.992665 -0.00374814 0.120841 71.234 0 1
-110.328 1.4439 98.6512 -0.992547 -0.00354127 0.121814 71.3974 0 1
-110.333 2.4819 98.6426 -0.992407 -0.00332004 0.122956 71.7025 0 1
-110.344 4.4196 98.6026 -0.992244 -0.00309808 0.124263 71.9362 0 1
-110.347 5.90531 98.6072 -0.992059 -0.00288526 0.125737 72.1043 0 1
-110.348 6.97583 98.6211 -0.99185 -0.00268699 0.127386 72.3957 0 1
-110.346 8.82914 98.6997 -0.991612 -0.00250466 0.129224 72.6373 0 1
-110.349 10.36 98.6816 -0.991344 -0.00233506 0.131266 72.8077 0 1
-110.357 11.4452 98.6499 -0.991044 -0.0021703 0.133521 72.9726 0 1
-110.368 12.4938 98.6069 -0.990709 -0.00200098 0.135981 73.1326 0 1
-110.373 13.5088 98.5774 -0.990344 -0.00182076 0.138618 73.4328 0 1
-110.369 15.4105 98.6301 -0.989953 -0.00162709 0.141385 73.6267 0 1
-110.371 16.6423 98.6369 -0.989542 -0.00141768 0.144239 73.8384 0 1
-110.366 17.988 98.6959 -0.989114 -0.00118789 0.14715 73.9994 0 1
-110.364 19.0116 98.7042 -0.988668 -0.000930511 0.150116 74.2654 0 1
-110.379 20.7042 98.6101 -0.988201 -0.000635002 0.153163 74.442 0 1
-110.384 21.8231 98.5741 -0.987703 -0.000287089 0.156345 74.649 0 1
-110.381 23.1415 98.6079 -0.987159 0.0001265 0.15974 74.8428 0 1
-110.374 24.3757 98.6694 -0.986551 0.000610271 0.163455 75.0102 0 1
-110.376 25.4368 98.6673 -0.985854 0.00115813 0.167603 75.2185 0 1
-110.377 26.7565 98.6249 -0.985046 0.00175947 0.172282 75.3943 0 1
-110.379 27.8758 98.614 -0.984111 0.00240225 0.177538 75.6131 0 1
-110.385 29.2566 98.5832 -0.983046 0.00306344 0.183333 75.7729 0 1
-110.389 30.26 98.538 -0.981867 0.00369342 0.189536 75.9439 0 1
-110.386 31.3402 98.5223 -0.980607 0.00421114 0.19594 76.1931 0 1
-110.381 32.9224 98.52 -0.979312 0.00452016 0.202307 76.494 0 1
-110.355 34.8285 98.6339 -0.978029 0.00454089 0.20842 76.7265 0 1
-110.333 36.2749 98.6764 -0.976796 0.00424196 0.214131 76.9255 0 1
-110.332 37.5001 98.6434 -0.975634 0.00365223 0.219375 77.125 0 1
-110.315 38.722 98.6728 -0.974548 0.00284738 0.22416 77.3654 0 1
-110.31 40.1886 98.6625 -0.973533 0.00192261 0.228538 77.5582 0 1
-110.306 41.3668 98.6687 -0.972574 0.000967973 0.232591 77.7674 0 1
-110.279 42.6433 98.7897 -0.971652 5.33968e-05 0.236414 78.0382 0 1
-110.278 44.2993 98.8024 -0.970744 -0.000780282 0.240117 78.2587 0 1
-110.298 45.6494 98.7415 -0.969821 -0.00152821 0.243813 78.4451 0 1
-110.321 46.7849 98.648 -0.96886 -0.00222227 0.247598 78.6332 0 1
-110.357 47.933 98.5257 -0.967843 -0.00291767 0.251537 78.8009 0 1
-110.601 48.29 97.5949 -0.966759 -0.0036672 0.255663 78.9703 0 1
-110.864 48.3848 96.5899 -0.965604 -0.00449809 0.259978 79.1525 0 1
-111.164 48.4042 95.4924 -0.964384 -0.00540508 0.26445 79.3399 0 1
-111.474 48.3731 94.3588 -0.963122 -0.00635984 0.26899 79.5099 0 1
-111.777 48.3476 93.3183 -0.961859 -0.00732862 0.273447 79.6728 0 1
-112.067 48.32 92.3243 -0.960653 -0.00829152 0.277629 79.832 0 1
-112.347 48.2623 91.353 -0.959561 -0.00925968 0.281349 79.9856 0 1
-112.616 48.0468 90.4159 -0.958626 -0.0102836 0.284481 80.1748 0 1
-112.718 46.8333 90.063 -0.957868 -0.0114462 0.28698 80.4117 0 1
-112.713 45.2621 90.0163 -0.957286 -0.0128405 0.288857 80.5805 0 1
-112.7 44.1398 90.0107 -0.956886 -0.0145455 0.2901 80.6083 0 1
-112.698 43.9551 90.0072 -0.956702 -0.0166122 0.290593 80.7415 0 1
-112.949 43.7499 89.1828 -0.956812 -0.0190585 0.290081 80.9163 0 1
-112.939 42.5891 89.1497 -0.957317 -0.0218564 0.288214 81.0975 0 1
-112.917 41.3875 89.1242 -0.958304 -0.024902 0.284662 81.2899 0 1
-112.87 40.1087 89.1644 -0.959816 -0.0279897 0.279231 81.4459 0 1
-112.804 39.0779 89.2665 -0.961819 -0.0308242 0.271946 81.7099 0 1
-112.304 38.4731 90.846 -0.964208 -0.033082 0.263075 81.8667 0 1
-112.033 37.9528 91.7025 -0.966832 -0.0344984 0.253074 82.0257 0 1
-111.822 37.2313 92.4286 -0.969524 -0.0349379 0.242493 82.1963 0 1
-111.686 36.2018 92.7873 -0.972138 -0.0344222 0.231866 82.3807 0 1
-111.602 35.0476 92.8772 -0.974568 -0.0331082 0.221632 82.6205 0 1
-111.515 33.5338 93.0546 -0.97675 -0.0312336 0.212095 82.8113 0 1
-111.461 32.329 93.1309 -0.97866 -0.0290573 0.203422 83.0183 0 1
-111.427 31.0185 93.122 -0.980306 -0.0268142 0.195657 83.2163 0 1
-111.389 29.7589 93.1496 -0.981715 -0.0246872 0.188751 83.401 0 1
-111.383 28.5834 93.0909 -0.982923 -0.0227932 0.1826 83.6161 0 1
-111.363 27.2247 93.0417 -0.983968 -0.021182 0.177084 83.8794 0 1
-111.324 25.5539 93.0947 -0.98488 -0.0198505 0.172098 84.072 0 1
-111.285 24.336 93.1822 -0.985683 -0.0187629 0.167563 84.2308 0 1
-111.278 23.3262 93.1464 -0.986395 -0.0178698 0.163416 84.4954 0 1
-111.245 21.6603 93.1392 -0.987034 -0.0171189 0.159594 84.6594 0 1
-111.258 20.6366 92.9416 -0.987615 -0.0164606 0.156028 84.8527 0 1
-111.228 19.4083 93.0158 -0.988153 -0.0158511 0.152651 85.0352 0 1
-111.203 18.2507 93.0624 -0.988658 -0.0152574 0.149411 85.2191 0 1
-111.182 17.0841 93.0918 -0.989135 -0.0146609 0.146278 85.4187 0 1
-111.162 15.8192 93.0806 -0.989586 -0.0140569 0.143253 85.627 0 1
-111.148 14.4946 93.0576 -0.990009 -0.0134492 0.140358 85.8742 0 1
-111.116 12.9259 93.1427 -0.990401 -0.0128433 0.137624 86.0941 0 1
-111.096 11.5302 93.1575 -0.990759 -0.0122431 0.13508 86.35 0 1
-111.074 9.90762 93.1726 -0.991083 -0.0116511 0.132737 86.5089 0 1
-111.068 8.89819 93.1365 -0.991374 -0.0110691 0.130598 86.716 0 1
-111.059 7.5835 93.0994 -0.991634 -0.0104972 0.128653 86.8868 0 1
-111.057 6.50197 93.0222 -0.991867 -0.00993286 0.126893 87.0778 0 1
-111.04 5.28852 93.0606 -0.992073 -0.0093715 0.125312 87.3379 0 1
-111.008 3.64005 93.2008 -0.992255 -0.00880863 0.123904 87.5201 0 1
-111 2.48184 93.1986 -0.992414 -0.0082408 0.122667 87.695 0 1
-110.995 1.37218 93.1532 -0.99255 -0.00766509 0.121598 87.9222 0 1
-110.98 -0.0715033 93.1782 -0.992664 -0.00707895 0.120699 88.1474 0 1
-110.97 -1.50399 93.1825 -0.992756 -0.00648219 0.119972 88.4277 0 1
-110.953 -3.28353 93.2277 -0.992826 -0.00587916 0.119421 88.5921 0 1
-110.954 -4.32789 93.1698 -0.992874 -0.00527865 0.119052 88.8241 0 1
-110.95 -5.8022 93.1457 -0.992899 -0.00469078 0.118865 89.0111 0 1
-110.951 -6.9889 93.0834 -0.992902 -0.00412269 0.118861 89.2513 0 1
-110.943 -8.51788 93.102 -0.992883 -0.00357551 0.119037 89.4499 0 1
-110.938 -9.78128 93.1228 -0.992843 -0.00304479 0.119391 89.6385 0 1
-110.94 -10.978 93.0834 -0.992781 -0.00252492 0.119916 89.8185 0 1
-110.94 -12.1216 93.0673 -0.9927 -0.00201379 0.120597 90.0362 0 1
-110.957 -13.4916 92.8891 -0.9926 -0.00151262 0.121419 90.2159 0 1
-110.931 -14.6166 93.0936 -0.992485 -0.00102091 0.122364 90.4022 0 1
-110.927 -15.8023 93.1212 -0.992354 -0.00053237 0.123424 90.5903 0 1
-110.932 -16.9978 93.0767 -0.992207 -3.58731e-05 0.124598 90.7755 0 1
-110.93 -18.1771 93.1089 -0.992043 0.00048077 0.125895 90.9722 0 1
-110.929 -19.4262 93.1233 -0.991859 0.00102907 0.127334 91.1551 0 1
-110.963 -20.5601 92.8674 -0.991652 0.00162187 0.128931 91.3127 0 1
-110.931 -21.5291 93.1205 -0.99142 0.00227742 0.130695 91.4882 0 1
-110.929 -22.6436 93.1366 -0.991162 0.00302128 0.132619 91.6992 0 1
-110.946 -23.9824 93.0549 -0.990881 0.00388106 0.134682 91.8599 0 1
-110.957 -25.0002 92.9878 -0.990577 0.00487498 0.136867 92.0252 0 1
-110.949 -26.047 93.0733 -0.990247 0.00600635 0.139192 92.2005 0 1
-110.95 -27.1627 93.1248 -0.989878 0.00728043 0.141732 92.3709 0 1
-110.965 -28.2468 93.0593 -0.989445 0.00873799 0.144644 92.5341 0 1
-110.96 -29.281 93.1464 -0.988903 0.0104692 0.148191 92.7409 0 1
-111.014 -30.5571 92.8643 -0.988186 0.0125725 0.152745 92.9072 0 1
-111.006 -31.5971 93.0233 -0.987208 0.0150699 0.158722 93.0852 0 1
-111.001 -32.7087 93.168 -0.985891 0.0178327 0.166439 93.2468 0 1
-111.011 -33.7238 93.1389 -0.984181 0.0205771 0.175968 93.4649 0 1
-111.028 -35.095 93.1729 -0.982082 0.0229369 0.187051 93.6441 0 1
-111.059 -36.221 93.1303 -0.979667 0.0245792 0.19912 93.834 0 1
-111.142 -37.3958 92.975 -0.97707 0.0253047 0.211411 93.9878 0 1
-111.247 -38.299 92.6086 -0.974468 0.0250906 0.223119 94.2149 0 1
-111.631 -38.6914 91.2439 -0.972045 0.0240666 0.233559 94.4311 0 1
-111.991 -38.7719 89.8848 -0.969946 0.0224493 0.242282 94.5825 0 1
-112.253 -38.9869 88.9443 -0.968257 0.0204708 0.249117 94.8053 0 1
-112.458 -40.3312 88.3221 -0.966994 0.0183302 0.254137 95.0297 0 1
-112.49 -41.824 88.2719 -0.966123 0.0161786 0.257575 95.2117 0 1
-112.486 -43.0337 88.3435 -0.965579 0.0141252 0.259725 95.3872 0 1
-112.495 -44.2037 88.3618 -0.965297 0.0122486 0.260868 95.5395 0 1
-112.5 -45.2245 88.3876 -0.965217 0.0105974 0.261235 95.7077 0 1
-112.509 -46.3464 88.3905 -0.965299 0.00917742 0.260986 95.8945 0 1
-112.507 -47.5897 88.4291 -0.965521 0.00794063 0.260205 96.0668 0 1
-112.457 -48.7229 88.6292 -0.965884 0.00679651 0.258885 96.2336 0 1
-112.213 -49.3021 89.5336 -0.966412 0.00565408 0.256934 96.3941 0 1
-111.939 -49.3047 90.5591 -0.967139 0.00447064 0.254207 96.5476 0 1
-111.685 -49.2069 91.5214 -0.968089 0.00327162 0.250585 96.7315 0 1
-111.379 -49.1214 92.6542 -0.969251 0.0021287 0.246066 96.9058 0 1
-111.103 -49.2041 93.7333 -0.970567 0.00111647 0.240828 97.121 0 1
-110.775 -49.3016 95.0514 -0.971948 0.000276295 0.235197 97.2861 0 1
-110.528 -49.231 96.0513 -0.973294 -0.000401525 0.22956 97.4538 0 1
-110.29 -49.27 97.0761 -0.974532 -0.000980097 0.224246 97.6809 0 1
-109.994 -49.1543 98.4402 -0.975624 -0.00156366 0.219444 97.8604 0 1
-109.832 -48.409 99.2245 -0.976572 -0.00227005 0.21518 98.0658 0 1
-109.767 -47.2128 99.5304 -0.977405 -0.00319428 0.211352 98.2358 0 1
-109.772 -46.1859 99.5291 -0.978162 -0.00437776 0.207796 98.4196 0 1
-109.773 -45.0766 99.5425 -0.978882 -0.00579997 0.204345 98.5926 0 1
-109.774 -44.0324 99.535 -0.979593 -0.00739707 0.200856 98.7592 0 1
-109.79 -43.0163 99.507 -0.980315 -0.00909096 0.197231 98.9533 0 1
-109.809 -41.8383 99.4707 -0.98106 -0.0108021 0.193405 99.2662 0 1
-109.822 -39.9307 99.5179 -0.981829 -0.0124405 0.18936 99.4653 0 1
-109.84 -38.7072 99.5362 -0.982619 -0.0138956 0.185112 99.6821 0 1
-109.875 -37.38 99.4574 -0.983422 -0.0150503 0.180707 99.8741 0 1
-109.904 -36.1973 99.4321 -0.984229 -0.0158157 0.176191 100.051 0 1
-109.918 -35.1118 99.4326 -0.985033 -0.0161622 0.171607 100.22 0 1
-109.949 -34.0555 99.4406 -0.985827 -0.0161244 0.166989 100.386 0 1
-109.96 -33.0343 99.5024 -0.986601 -0.0157797 0.162385 100.553 0 1
-109.983 -31.991 99.4753 -0.987343 -0.0152176 0.157868 100.712 0 1
-110.004 -30.9931 99.4124 -0.988037 -0.014519 0.153534 100.984 0 1
-110.032 -29.2657 99.4036 -0.988669 -0.01375 0.149483 101.148 0 1
-110.035 -28.2332 99.4903 -0.98923 -0.0129636 0.145795 101.321 0 1
-110.045 -27.1366 99.4959 -0.989718 -0.0122004 0.142513 101.483 0 1
-110.063 -26.108 99.4454 -0.990137 -0.0114855 0.139634 101.648 0 1
-110.076 -25.0584 99.4365 -0.990495 -0.0108286 0.137119 101.808 0 1
-110.082 -24.0462 99.4558 -0.990806 -0.0102284 0.134903 101.974 0 1
-110.09 -22.9884 99.4623 -0.99108 -0.009679 0.132913 102.14 0 1
-110.093 -21.939 99.4984 -0.991329 -0.00917356 0.131085 102.304 0 1
-110.107 -20.8945 99.4763 -0.991558 -0.0087035 0.129369 102.478 0 1
-110.126 -19.7883 99.3997 -0.991773 -0.00825781 0.127742 102.648 0 1
-110.126 -18.7146 99.4747 -0.991974 -0.00782491 0.126198 102.857 0 1
-110.136 -17.3824 99.4619 -0.99216 -0.00739678 0.124752 103.03 0 1
-110.114 -16.3086 99.6985 -0.99233 -0.00697205 0.123424 103.357 0 1
-110.153 -14.2395 99.4959 -0.992479 -0.0065556 0.122237 103.544 0 1
-110.163 -13.0498 99.4927 -0.992608 -0.00615514 0.12121 103.724 0 1
-110.167 -11.9051 99.5086 -0.992714 -0.00577785 0.120354 103.883 0 1
-110.172 -10.895 99.5096 -0.992799 -0.00542898 0.119671 104.169 0 1
-110.178 -9.07634 99.5322 -0.992862 -0.00511199 0.119156 104.36 0 1
-110.182 -7.86351 99.5459 -0.992906 -0.00482818 0.118804 104.536 0 1
-110.189 -6.74556 99.5306 -0.992931 -0.00457484 0.118607 104.695 0 1
-110.193 -5.73129 99.5385 -0.992937 -0.00434321 0.118564 104.874 0 1
-110.195 -4.59768 99.5613 -0.992925 -0.00411914 0.118676 105.061 0 1
-110.199 -3.41076 99.5605 -0.992893 -0.00388804 0.118944 105.219 0 1
-110.208 -2.40317 99.5201 -0.992844 -0.00364155 0.119367 105.492 0 1
-110.192 -0.676619 99.7087 -0.992776 -0.00338091 0.119936 105.664 0 1
-110.223 0.384972 99.4783 -0.992691 -0.00311366 0.12064 105.835 0 1
-110.215 1.46964 99.5805 -0.992592 -0.00284647 0.121465 106.082 0 1
-110.225 3.04104 99.5485 -0.992477 -0.00257963 0.122403 106.251 0 1
-110.23 4.11248 99.5122 -0.992347 -0.00230725 0.123455 106.429 0 1
-110.228 5.24014 99.5504 -0.992201 -0.00202295 0.12463 106.595 0 1
-110.241 6.29727 99.4642 -0.992036 -0.00172735 0.125942 106.767 0 1
-110.241 7.38983 99.4731 -0.991851 -0.00143091 0.127396 106.939 0 1
-110.238 8.48042 99.5304 -0.991646 -0.00114821 0.128984 107.117 0 1
-110.228 9.60789 99.6041 -0.991423 -0.000887076 0.130691 107.315 0 1
-110.234 10.8626 99.5619 -0.991183 -0.000641717 0.132502 107.489 0 1
-110.248 11.9693 99.4875 -0.990925 -0.000396598 0.134412 107.663 0 1
-110.25 13.0723 99.4484 -0.99065 -0.000138619 0.136429 107.828 0 1
-110.252 14.1226 99.4411 -0.990353 0.000131567 0.138566 107.991 0 1
-110.249 15.1584 99.474 -0.990033 0.000398269 0.140836 108.149 0 1
-110.244 16.1585 99.5249 -0.989687 0.000641348 0.143248 108.348 0 1
-110.234 17.4185 99.5807 -0.989312 0.000851756 0.145811 108.508 0 1
-110.239 18.4362 99.5527 -0.988905 0.00104268 0.148544 108.675 0 1
-110.236 19.4958 99.5519 -0.98846 0.00125152 0.151475 108.967 0 1
-110.245 21.3576 99.4703 -0.987969 0.00153312 0.154645 109.127 0 1
-110.235 22.3667 99.5115 -0.98742 0.00194634 0.158106 109.299 0 1
-110.243 23.4659 99.4676 -0.986801 0.00253561 0.161917 109.572 0 1
-110.232 25.2015 99.5259 -0.986095 0.00331389 0.166147 109.735 0 1
-110.196 26.2138 99.7054 -0.985287 0.00425656 0.170857 109.999 0 1
-110.237 27.8741 99.4399 -0.984361 0.00530868 0.176084 110.184 0 1
-110.227 29.0327 99.4326 -0.983313 0.00639435 0.181808 110.344 0 1
-110.219 30.0457 99.4551 -0.982153 0.00741839 0.187938 110.506 0 1
-110.209 31.0703 99.4432 -0.980905 0.00826698 0.194313 110.79 0 1
-110.173 32.8686 99.5392 -0.979606 0.00882214 0.200733 110.976 0 1
-110.177 34.0416 99.4788 -0.978301 0.00899275 0.206995 111.149 0 1
-110.157 35.1329 99.5036 -0.977026 0.00874561 0.212939 111.402 0 1
-110.129 36.7105 99.572 -0.975811 0.00811521 0.218463 111.616 0 1
-110.12 38.0127 99.5082 -0.974673 0.00718703 0.223517 111.799 0 1
-110.109 39.1341 99.5164 -0.973623 0.00606843 0.228081 112.011 0 1
-110.107 40.4332 99.5054 -0.972667 0.00486438 0.232153 112.282 0 1
-110.094 42.0688 99.5452 -0.971804 0.00366259 0.235762 112.453 0 1
-110.069 43.1013 99.6395 -0.971021 0.0025258 0.238982 112.721 0 1
-110.07 44.7361 99.6409 -0.970291 0.00149289 0.241938 112.915 0 1
-110.088 45.9106 99.5619 -0.969576 0.000589004 0.24479 113.094 0 1
-110.107 47.001 99.4852 -0.968835 -0.000164515 0.247706 113.269 0 1
-110.049 48.0378 99.7298 -0.968032 -0.000751024 0.250824 113.572 0 1
-110.402 49.2079 98.3553 -0.967141 -0.00116949 0.254237 113.767 0 1
-110.704 49.2112 97.1987 -0.96615 -0.00144781 0.257978 113.957 0 1
-111.009 49.2642 96.0702 -0.965058 -0.001653 0.262032 114.143 0 1
-111.315 49.2607 94.9486 -0.96388 -0.00189091 0.266329 114.317 0 1
-111.606 49.217 93.8914 -0.96265 -0.00228645 0.270741 114.479 0 1
-111.898 49.2059 92.8935 -0.961414 -0.0029465 0.275088 114.648 0 1
-112.206 49.1837 91.8559 -0.960233 -0.00392534 0.279172 114.846 0 1
-112.56 49.1166 90.639 -0.959159 -0.00521431 0.282821 115.027 0 1
-112.896 48.8456 89.5202 -0.958226 -0.00675921 0.285933 115.193 0 1
-112.971 47.7584 89.2827 -0.957439 -0.00848936 0.28851 115.436 0 1
-112.975 46.1437 89.2177 -0.956774 -0.0103391 0.29065 115.621 0 1
-112.952 44.9132 89.2226 -0.956181 -0.0122538 0.292521 115.644 0 1
-112.951 44.7619 89.2198 -0.955599 -0.0141843 0.294321 115.644 0 1
-110.839 22.7032 95.7867 -0.986806 -0.00818711 0.161681 115.878 1 1
-110.838 21.2223 95.6893 -0.987427 -0.00823716 0.157859 116.066 0 1
-110.831 20.0265 95.6723 -0.988006 -0.0082335 0.154198 116.245 0 1
-110.82 18.8917 95.6618 -0.988537 -0.00817272 0.15076 116.42 0 1
-110.804 17.7782 95.7019 -0.989019 -0.00806518 0.147571 116.591 0 1
-110.774 16.6967 95.8219 -0.989454 -0.00792397 0.14463 116.768 0 1
-110.75 15.5787 95.9442 -0.989847 -0.00775793 0.141925 116.917 0 1
-110.767 14.6392 95.779 -0.990199 -0.00757126 0.139459 117.138 0 1
-110.771 13.2388 95.6741 -0.990507 -0.00736723 0.137263 117.341 0 1
-110.737 11.9582 95.8545 -0.990766 -0.00715198 0.135394 117.593 0 1
-110.697 10.3741 96.0673 -0.990968 -0.0069354 0.133921 117.763 0 1
-110.687 9.29357 96.0713 -0.991107 -0.0067282 0.132901 117.972 0 1
-110.701 7.97892 95.8978 -0.99118 -0.00653729 0.13236 118.143 0 1
-110.569 7.57991 96.9089 -0.991191 -0.00636362 0.13229 118.359 0 1
-110.545 8.92796 97.1546 -0.991143 -0.0062061 0.132653 118.591 0 1
-110.555 10.4024 97.1256 -0.991045 -0.00606903 0.133394 118.751 0 1
-110.564 11.4211 97.1104 -0.990902 -0.00596485 0.134455 118.924 0 1
-110.607 12.4807 96.8317 -0.990719 -0.00590674 0.135797 119.101 0 1
-110.635 13.5973 96.6795 -0.990497 -0.00589641 0.137405 119.209 0 1
-110.614 14.2553 96.8632 -0.990234 -0.00591785 0.139291 119.377 0 1
-110.59 15.3055 97.0629 -0.989922 -0.00594212 0.141489 119.56 0 1
-110.599 16.4642 97.0463 -0.989555 -0.00593899 0.144031 119.738 0 1
-110.607 17.5962 97.0275 -0.98913 -0.00588744 0.146927 119.91 0 1
-110.621 18.6926 96.9925 -0.988647 -0.00578096 0.150148 120.112 0 1
-110.648 19.9688 96.8686 -0.988113 -0.00562716 0.153624 120.286 0 1
-110.662 21.0742 96.8275 -0.987544 -0.00544378 0.157251 120.525 0 1
-110.667 22.5887 96.8176 -0.986947 -0.00525273 0.160915 120.525 0 1
-110.702 7.96098 95.8913 -0.991852 -0.0062969 0.127237 120.799 1 1
-110.723 6.23546 95.6438 -0.992023 -0.00622294 0.125904 120.963 0 1
-110.72 5.19272 95.6174 -0.992182 -0.00615141 0.124649 121.134 0 1
-110.646 4.25712 96.1636 -0.992325 -0.00607859 0.123504 121.303 0 1
-110.688 3.25427 95.7731 -0.992452 -0.00599639 0.122484 121.487 0 1
-110.601 2.29114 96.4357 -0.992563 -0.00589545 0.121591 121.676 0 1
-110.677 1.29265 95.7759 -0.992657 -0.00576919 0.120821 121.854 0 1
-110.643 0.183987 95.9961 -0.992738 -0.00561608 0.120166 122.028 0 1
-110.628 -0.917743 96.063 -0.992805 -0.00543919 0.119619 122.19 0 1
-110.651 -1.92558 95.8264 -0.992859 -0.00524415 0.119178 122.359 0 1
-110.61 -2.95832 96.1178 -0.9929 -0.00503688 0.118846 122.546 0 1
-110.628 -4.12634 95.9265 -0.992927 -0.00482212 0.118629 122.706 0 1
-110.612 -5.14244 96.0252 -0.992939 -0.00460356 0.118534 122.932 0 1
-110.647 -6.52569 95.6707 -0.992936 -0.00438515 0.118567 123.107 0 1
-110.636 -7.63875 95.7257 -0.992918 -0.00417182 0.118729 123.394 0 1
-110.618 -9.45718 95.8119 -0.992883 -0.00396837 0.119025 123.564 0 1
-110.623 -10.5365 95.7391 -0.992832 -0.00377743 0.119461 123.735 0 1
-110.628 -11.6188 95.6615 -0.992762 -0.00359868 0.120045 123.905 0 1
-110.633 -12.6999 95.5984 -0.992673 -0.00342989 0.120786 124.075 0 1
-110.63 -13.7844 95.5891 -0.992564 -0.00326858 0.121684 124.25 0 1
-110.619 -14.8915 95.6652 -0.992435 -0.00311353 0.122733 124.453 0 1
-110.6 -16.1712 95.7769 -0.992288 -0.00296609 0.12392 124.659 0 1
-110.606 -17.478 95.6831 -0.992124 -0.00283016 0.125224 124.931 0 1
-110.588 -19.2066 95.7874 -0.991947 -0.00270945 0.126626 125.08 0 1
-110.599 -20.1453 95.692 -0.991756 -0.00260291 0.128112 125.248 0 1
-110.6 -21.2122 95.6667 -0.991552 -0.00250127 0.129687 125.414 0 1
-110.596 -22.2659 95.6681 -0.991329 -0.0023886 0.131382 125.58 0 1
-110.575 -23.3049 95.8237 -0.991078 -0.0022522 0.133266 125.741 0 1
-110.555 -24.3221 95.9495 -0.990786 -0.00209821 0.13542 125.902 0 1
-110.576 -25.3221 95.7749 -0.990444 -0.00196069 0.137899 126.066 0 1
-110.594 -26.3514 95.6179 -0.990054 -0.00189195 0.140673 126.224 0 1
-110.562 -27.3417 95.826 -0.989635 -0.0019357 0.143594 126.445 0 1
-110.583 -28.7427 95.6892 -0.98922 -0.00210096 0.14642 126.617 0 1
-110.592 -29.8231 95.6195 -0.988853 -0.00235585 0.148874 126.832 0 1
-110.611 -31.1849 95.5338 -0.988573 -0.00264464 0.150718 127.023 0 1
-110.537 -32.2973 95.966 -0.988405 -0.00291521 0.15181 127.291 0 1
-110.552 -33.9795 95.8391 -0.988358 -0.00313943 0.152116 127.505 0 1
-110.372 -33.2278 96.944 -0.988422 -0.00331758 0.151696 127.711 0 1
-110.387 -31.9413 96.9088 -0.988578 -0.00346806 0.150667 127.867 0 1
-110.432 -30.9896 96.6502 -0.988806 -0.00361123 0.149165 128.032 0 1
-110.43 -29.9512 96.7126 -0.989082 -0.00375663 0.14732 128.182 0 1
-110.463 -29.025 96.5095 -0.989388 -0.00389945 0.145248 128.332 0 1
-110.404 -28.1742 96.9208 -0.989708 -0.00402627 0.143044 128.533 0 1
-110.403 -26.9014 96.9712 -0.990032 -0.00412555 0.140779 128.766 0 1
-110.521 -25.6629 96.1663 -0.990352 -0.00419513 0.138509 128.943 0 1
-110.404 -24.9623 97.0365 -0.990661 -0.00424209 0.136279 129.164 0 1
-110.426 -23.5591 96.9188 -0.990955 -0.00427577 0.134126 129.331 0 1
-110.456 -22.5178 96.735 -0.991229 -0.00430061 0.132082 129.497 0 1
-110.48 -21.4703 96.5779 -0.991482 -0.00431433 0.130174 129.7 0 1
-110.458 -20.2012 96.7791 -0.991711 -0.00431195 0.128417 129.971 0 1
-110.459 -18.4804 96.8283 -0.991917 -0.00429132 0.126817 130.123 0 1
-110.508 -17.5821 96.471 -0.992101 -0.00425582 0.125372 130.267 0 1
-110.456 -16.7803 96.9151 -0.992264 -0.00421338 0.124075 130.511 0 1
-110.481 -15.2389 96.7696 -0.992408 -0.00417349 0.12292 130.679 0 1
-110.487 -14.1697 96.7592 -0.992533 -0.00414441 0.121904 130.843 0 1
-110.488 -13.1252 96.7827 -0.992641 -0.0041312 0.121022 131.01 0 1
-110.487 -12.0616 96.8275 -0.992732 -0.00413522 0.120273 131.181 0 1
-110.482 -10.9817 96.9027 -0.992807 -0.00415573 0.119655 131.355 0 1
-110.476 -9.87654 96.9952 -0.992865 -0.0041924 0.119166 131.533 0 1
-110.473 -8.74677 97.0583 -0.992908 -0.00424639 0.118806 131.708 0 1
-110.479 -7.63376 97.0435 -0.992935 -0.00431859 0.118577 131.895 0 1
-110.495 -6.45192 96.9575 -0.992947 -0.00440685 0.11848 132.08 0 1
-110.489 -5.2806 97.0587 -0.992942 -0.00450438 0.118517 132.26 0 1
-110.485 -4.14292 97.132 -0.992921 -0.00459995 0.118685 132.433 0 1
-110.492 -3.04155 97.1129 -0.992886 -0.00468009 0.11898 132.607 0 1
-110.53 -1.97314 96.8359 -0.992835 -0.00473394 0.119397 132.713 0 1
-110.511 -1.33184 97.0277 -0.992771 -0.00475963 0.119933 132.945 0 1
-110.526 0.142564 96.9643 -0.992692 -0.00476847 0.120579 133.118 0 1
-110.561 1.2154 96.722 -0.992602 -0.00478328 0.121319 133.285 0 1
-110.534 2.24139 96.9839 -0.992502 -0.00483078 0.122132 133.453 0 1
-110.568 3.28437 96.7573 -0.992395 -0.00493179 0.122991 133.637 0 1
-110.547 4.42888 96.9747 -0.992284 -0.00509378 0.123878 133.821 0 1
-110.567 5.59608 96.8449 -0.99217 -0.00530887 0.124779 133.979 0 1
-110.577 6.59668 96.8009 -0.992055 -0.00555736 0.125685 134.122 0 1
-110.571 7.5057 96.8863 -0.991938 -0.00581441 0.126593 134.122 0 1
-110.557 -34.1434 95.8103 -0.985644 0.00947283 0.168574 134.336 1 1
-110.591 -35.485 95.689 -0.983764 0.00883708 0.17925 134.511 0 1
-110.594 -36.5613 95.6641 -0.981795 0.00872312 0.189742 134.679 0 1
-110.581 -37.6016 95.736 -0.979784 0.00911716 0.199848 134.852 0 1
-110.648 -38.5952 95.357 -0.977795 0.00979854 0.209336 135.024 0 1
-110.786 -39.4995 94.7757 -0.975894 0.0104587 0.217993 135.247 0 1
-111.032 -40.4494 93.7605 -0.974147 0.010824 0.225655 135.503 0 1
-111.423 -41.0515 92.2812 -0.972614 0.0107345 0.232179 135.689 0 1
-111.71 -41.4938 91.1984 -0.971353 0.0101638 0.237422 135.916 0 1
-111.827 -42.9273 90.846 -0.970419 0.00919136 0.241251 136.078 0 1
-111.855 -43.9821 90.7958 -0.969849 0.00795351 0.243577 136.284 0 1
-111.86 -45.315 90.8009 -0.96965 0.00659933 0.244407 136.458 0 1
-111.757 -46.3693 91.2019 -0.969796 0.00526706 0.24386 136.629 0 1
-111.478 -46.6161 92.2466 -0.970237 0.00407229 0.242124 136.786 0 1
-111.229 -46.6533 93.2231 -0.970916 0.00308991 0.2394 137.016 0 1
-110.878 -46.6556 94.6325 -0.971787 0.00232874 0.235848 137.227 0 1
-110.569 -46.5589 95.9097 -0.972812 0.00172146 0.231591 137.387 0 1
-110.376 -46.0361 96.7338 -0.973952 0.00115218 0.226752 137.598 0 1
-110.306 -44.7827 97.0493 -0.975164 0.00051691 0.221484 137.766 0 1
-110.302 -43.7582 97.0741 -0.976399 -0.000214024 0.215972 137.944 0 1
-110.308 -42.6707 97.0398 -0.977613 -0.000966442 0.210408 138.17 0 1
-110.322 -41.2952 96.9116 -0.978773 -0.00158241 0.204941 138.344 0 1
-110.342 -40.1987 96.8374 -0.979863 -0.00188011 0.199664 138.529 0 1
-110.355 -39.0454 96.8142 -0.980881 -0.00172473 0.194602 138.75 0 1
-110.34 -37.6748 96.945 -0.981834 -0.00107926 0.189738 138.952 0 1
-110.408 -36.4583 96.6382 -0.982734 -1.66099e-05 0.185024 139.158 0 1
-110.413 -35.1776 96.65 -0.983593 0.00130606 0.180397 139.303 0 1
-110.397 -34.2863 96.7567 -0.984375 0.0026952 0.17578 139.303 0 1
-110.609 -39.7514 95.5733 -0.975702 0.0070848 0.218988 139.475 1 1
-110.733 -40.6855 95.0471 -0.974342 0.00802455 0.224932 139.648 0 1
-110.967 -41.1752 94.0951 -0.973093 0.00844995 0.230259 139.831 0 1
-111.236 -41.6216 93.0597 -0.97204 0.00830697 0.234669 140.004 0 1
-111.494 -42.0792 92.0865 -0.971254 0.00771535 0.237921 140.233 0 1
-111.642 -43.4712 91.6084 -0.970785 0.00689822 0.239853 140.403 0 1
-111.642 -44.553 91.6122 -0.97065 0.00609736 0.240418 140.559 0 1
-111.568 -45.5172 91.8996 -0.970826 0.00550004 0.239723 140.715 0 1
-111.325 -45.7919 92.8395 -0.971243 0.00519853 0.238034 140.876 0 1
-111.075 -45.8332 93.8289 -0.971801 0.00518774 0.235746 141.151 0 1
-110.664 -45.7177 95.5033 -0.972386 0.00538781 0.233317 141.426 0 1
-110.489 -44.1766 96.2484 -0.972891 0.00567603 0.231195 141.629 0 1
-110.487 -42.9256 96.2512 -0.973235 0.00592355 0.229737 141.858 0 1
-110.493 -41.5292 96.1496 -0.973368 0.00603918 0.229167 142.018 0 1
-110.52 -40.5431 95.9939 -0.97328 0.0060105 0.229542 142.12 0 1
-110.608 -40.062 95.585 -0.972996 0.00591601 0.230748 142.427 0 1
-110.666 -41.9931 95.4054 -0.972574 0.00588905 0.232517 142.645 0 1
-110.665 -43.347 95.478 -0.9721 0.00604852 0.234488 142.821 0 1
-110.697 -44.4236 95.36 -0.971658 0.00643892 0.236305 143.026 0 1
-110.972 -44.9697 94.248 -0.971305 0.00701405 0.237735 143.266 0 1
-111.334 -44.7623 92.8084 -0.971055 0.00766621 0.238733 143.478 0 1
-111.433 -43.4857 92.4145 -0.970881 0.00827637 0.23942 143.648 0 1
-111.282 -42.5708 92.9525 -0.970738 0.00875677 0.239981 143.945 0 1
-110.852 -41.8355 94.6282 -0.970594 0.00906974 0.240551 144.071 0 1
-110.672 -41.9982 95.3799 -0.97044 0.00922241 0.241166 144.268 0 1
-110.892 -42.8414 94.5151 -0.970285 0.00924773 0.24179 144.432 0 1
-110.903 -43.8603 94.5099 -0.970141 0.00918479 0.242369 144.643 0 1
-111.211 -43.6066 93.2643 -0.970013 0.00906709 0.242884 144.729 0 1
-111.157 -43.1052 93.4542 -0.969897 0.00892037 0.24335 144.786 0 1
-111.074 -42.9382 93.7646 -0.96973 0.00876605 0.24379 144.786 0 1
