113.161 -43.6725 96.0882 0.968783 -0.0106517 0.247683 0 1 1
113.172 -42.5997 96.0878 0.969411 -0.00944552 0.245262 0.336096 0 1
113.188 -41.5564 96.0062 0.969903 -0.00864642 0.243337 0.541035 0 1
113.252 -40.2651 95.7828 0.970257 -0.00832795 0.241932 0.739415 0 1
113.295 -41.5056 95.5541 0.970514 -0.00843019 0.240896 0.89753 0 1
113.332 -42.5139 95.4379 0.970734 -0.00880814 0.239996 1.06183 0 1
113.356 -43.545 95.3276 0.970969 -0.00929222 0.239024 1.24001 0 1
113.324 -44.6641 95.3779 0.971254 -0.00973133 0.237845 1.32946 0 1
113.186 -44.7996 95.9159 0.971605 -0.0100106 0.236397 1.4466 0 1
113.161 -44.069 96.0673 0.97203 -0.0100554 0.234639 1.56974 0 1
112.991 -44.4587 96.7214 0.972542 -0.0098373 0.23252 1.73343 0 1
112.989 -43.4237 96.7757 0.973151 -0.00938 0.229977 1.91595 0 1
113.005 -42.2659 96.7578 0.973861 -0.00875201 0.226978 2.08136 0 1
113.031 -41.2184 96.6885 0.974653 -0.00803739 0.223578 2.23882 0 1
113.067 -40.2175 96.5837 0.975482 -0.00729947 0.21996 2.44613 0 1
113.126 -38.9278 96.3679 0.976276 -0.00656335 0.216433 2.64296 0 1
113.17 -37.7017 96.1732 0.976952 -0.0058258 0.21338 2.82128 0 1
113.173 -36.5666 96.1817 0.977432 -0.00507584 0.211188 2.99194 0 1
113.143 -35.4968 96.3294 0.977658 -0.00430763 0.210158 3.17615 0 1
113.115 -34.349 96.5259 0.9776 -0.00352953 0.210443 3.34004 0 1
113.185 -35.2986 96.1239 0.977264 -0.00277963 0.212007 3.51023 0 1
113.221 -36.3631 95.9565 0.976691 -0.0021366 0.214642 3.67253 0 1
113.252 -37.3785 95.7899 0.975942 -0.00170383 0.218024 3.89449 0 1
113.339 -38.7478 95.4408 0.975095 -0.00156953 0.221781 4.08795 0 1
113.42 -39.9188 95.0631 0.974233 -0.00177043 0.225537 4.26304 0 1
113.487 -41.0028 94.7612 0.973435 -0.00228198 0.228952 4.41775 0 1
113.527 -41.9933 94.629 0.972768 -0.00303367 0.23176 4.57553 0 1
113.56 -42.9987 94.5282 0.972272 -0.00393442 0.233818 4.78886 0 1
113.563 -44.3377 94.4408 0.971947 -0.00489325 0.235149 5.01858 0 1
113.489 -45.7926 94.6646 0.971752 -0.00582872 0.235934 5.17756 0 1
113.265 -46.272 95.5465 0.971622 -0.00667014 0.236446 5.34512 0 1
113.057 -45.6709 96.4066 0.971494 -0.00735723 0.236948 5.5308 0 1
112.992 -44.5407 96.7158 0.971332 -0.00783838 0.237598 5.66464 0 1
112.829 -45.03 97.387 0.971131 -0.00806513 0.23841 5.83372 0 1
112.852 -46.073 97.2459 0.97092 -0.00798844 0.239273 6.03461 0 1
113.038 -46.9984 96.4298 0.970741 -0.00756561 0.24001 6.19869 0 1
113.288 -47.0589 95.4362 0.970643 -0.00677636 0.240428 6.36487 0 1
113.542 -46.8614 94.4355 0.970673 -0.0056386 0.240339 6.5947 0 1
113.738 -45.5899 93.7061 0.970869 -0.00421864 0.239572 6.77731 0 1
113.75 -44.4096 93.6756 0.971267 -0.00263488 0.237976 7.06252 0 1
113.742 -42.5631 93.7794 0.971886 -0.0010502 0.235448 7.22881 0 1
113.712 -41.5048 93.8698 0.972725 0.000353136 0.231959 7.38412 0 1
113.667 -40.516 94.0226 0.973759 0.00141275 0.227577 7.61087 0 1
113.545 -39.1455 94.5512 0.97494 0.00202424 0.222461 7.80011 0 1
113.446 -37.9987 94.9355 0.976206 0.0021623 0.216833 7.97456 0 1
113.39 -36.8982 95.1546 0.977498 0.00187797 0.210937 8.13963 0 1
113.36 -35.8518 95.2809 0.978763 0.00127516 0.204992 8.30455 0 1
113.34 -34.81 95.374 0.979964 0.00047666 0.199174 8.47586 0 1
113.362 -33.7282 95.2772 0.98108 -0.000406682 0.193602 8.76775 0 1
113.364 -31.8794 95.2866 0.9821 -0.00129262 0.188358 8.93393 0 1
113.35 -30.8293 95.3761 0.983019 -0.00212875 0.183494 9.21603 0 1
113.341 -29.0456 95.4655 0.983839 -0.00288528 0.179033 9.38219 0 1
113.358 -27.9959 95.4115 0.984567 -0.00354744 0.174974 9.54468 0 1
113.373 -26.9706 95.3434 0.985211 -0.00411073 0.171294 9.7129 0 1
113.386 -25.9041 95.29 0.985785 -0.00457866 0.167952 9.91427 0 1
113.376 -24.6262 95.3997 0.986297 -0.00496067 0.164904 10.1076 0 1
113.374 -23.3994 95.4598 0.986758 -0.0052691 0.162115 10.2679 0 1
113.387 -22.3823 95.4133 0.987172 -0.0055158 0.159562 10.5199 0 1
113.407 -20.7807 95.3485 0.987545 -0.00570995 0.157232 10.7037 0 1
113.402 -19.6137 95.4284 0.987879 -0.00585803 0.155114 10.8702 0 1
113.421 -18.5585 95.3526 0.988177 -0.00596545 0.153203 11.038 0 1
113.413 -17.4965 95.4384 0.988441 -0.00603833 0.151487 11.2445 0 1
113.432 -16.1845 95.3692 0.988674 -0.00608411 0.149953 11.4265 0 1
113.438 -15.0272 95.3816 0.98888 -0.00611077 0.148591 11.6694 0 1
113.444 -13.4839 95.4112 0.989059 -0.00612544 0.147391 11.8392 0 1
113.468 -12.414 95.2861 0.989213 -0.0061333 0.146353 12.0879 0 1
113.467 -10.8356 95.3614 0.989342 -0.00613764 0.145478 12.2682 0 1
113.466 -9.69169 95.4155 0.989446 -0.00614067 0.144771 12.5163 0 1
113.491 -8.11889 95.3135 0.989525 -0.00614414 0.144233 12.678 0 1
113.488 -7.09394 95.3766 0.989578 -0.00614915 0.143863 12.8389 0 1
113.495 -6.07243 95.367 0.989608 -0.0061551 0.143659 13.1323 0 1
113.522 -4.21054 95.2649 0.989615 -0.00615831 0.143612 13.3659 0 1
113.525 -2.72807 95.3064 0.989601 -0.0061521 0.143711 13.5478 0 1
113.535 -1.57321 95.2863 0.989567 -0.00612998 0.14394 13.7126 0 1
113.523 -0.535792 95.4173 0.989517 -0.00609134 0.144289 13.9007 0 1
113.519 0.655896 95.494 0.989449 -0.00604528 0.144757 14.0715 0 1
113.514 1.73767 95.5716 0.989362 -0.00600773 0.145348 14.2341 0 1
113.517 2.77066 95.5926 0.989256 -0.00599188 0.146073 14.4207 0 1
113.528 3.95604 95.5743 0.989128 -0.00599938 0.146938 14.6448 0 1
113.555 5.37076 95.4368 0.988977 -0.00601983 0.147946 14.8744 0 1
113.561 6.83016 95.4367 0.988804 -0.00603835 0.149097 15.0452 0 1
113.566 7.91707 95.4547 0.988608 -0.006045 0.150391 15.2863 0 1
113.57 9.45061 95.481 0.988388 -0.00604064 0.15183 15.4708 0 1
113.571 10.624 95.5361 0.988143 -0.0060366 0.153415 15.6351 0 1
113.584 11.6671 95.5011 0.987872 -0.00604773 0.155154 15.7942 0 1
113.594 12.6762 95.4578 0.987571 -0.00608183 0.157054 15.9583 0 1
113.606 13.7175 95.4024 0.98724 -0.00613246 0.159119 16.1583 0 1
113.592 14.9835 95.549 0.986879 -0.00618068 0.161346 16.3468 0 1
113.588 16.177 95.6068 0.986487 -0.00620431 0.163724 16.5198 0 1
113.616 17.2679 95.4731 0.986066 -0.00618816 0.166239 16.6994 0 1
113.654 18.3967 95.2908 0.985617 -0.00612958 0.168881 16.8785 0 1
113.672 19.535 95.2423 0.98514 -0.00603885 0.171649 17.0391 0 1
113.675 20.552 95.257 0.984629 -0.0059377 0.174556 17.2382 0 1
113.664 21.8117 95.3572 0.984081 -0.00585909 0.177623 17.4767 0 1
113.637 23.3155 95.5559 0.983489 -0.00584641 0.180875 17.6541 0 1
113.658 24.4403 95.4732 0.982845 -0.00594953 0.184338 17.9329 0 1
113.683 26.2145 95.418 0.98214 -0.00621685 0.18805 18.1018 0 1
113.671 27.2821 95.4967 0.981355 -0.00668177 0.192087 18.3416 0 1
113.687 28.8082 95.4653 0.980461 -0.0073414 0.196574 18.5218 0 1
113.716 29.9465 95.36 0.979421 -0.00813717 0.201662 18.6956 0 1
113.719 31.0467 95.3748 0.978205 -0.00895734 0.207447 18.9143 0 1
113.749 32.4362 95.2797 0.976807 -0.00966824 0.213903 19.0831 0 1
113.751 33.5089 95.3355 0.975255 -0.0101556 0.220848 19.3592 0 1
113.764 35.2658 95.3672 0.973608 -0.0103498 0.227992 19.588 0 1
113.765 36.7168 95.4448 0.971943 -0.0102266 0.234993 19.779 0 1
113.832 37.9078 95.2204 0.970344 -0.0097957 0.24153 20.0417 0 1
113.98 39.5127 94.748 0.968888 -0.00909186 0.247333 20.2169 0 1
114.054 40.6055 94.4931 0.967637 -0.00817445 0.252212 20.4257 0 1
114.097 41.9485 94.3828 0.966632 -0.00712537 0.256071 20.632 0 1
114.119 43.2602 94.3401 0.965883 -0.00603797 0.258908 20.8086 0 1
114.122 44.4019 94.3678 0.965384 -0.00499708 0.260786 21.0502 0 1
114.079 45.9531 94.5309 0.965119 -0.00405866 0.261781 21.2747 0 1
113.798 46.9554 95.541 0.965078 -0.00324024 0.261943 21.4806 0 1
113.452 46.8376 96.8027 0.96526 -0.00252886 0.26128 21.6764 0 1
113.281 45.7987 97.4286 0.965664 -0.00190246 0.259787 21.8848 0 1
113.284 44.4894 97.4043 0.966283 -0.00135187 0.25748 22.0897 0 1
113.298 43.1979 97.3541 0.967094 -0.000889567 0.25442 22.269 0 1
113.299 42.0717 97.3641 0.968062 -0.000539823 0.250709 22.4726 0 1
113.288 40.8032 97.3622 0.969152 -0.000318193 0.246464 22.7281 0 1
113.304 39.188 97.327 0.970329 -0.000217949 0.241787 22.9133 0 1
113.313 38.0193 97.3262 0.971569 -0.000213558 0.236757 23.0857 0 1
113.323 36.9374 97.2796 0.972846 -0.000274135 0.231451 23.258 0 1
113.335 35.851 97.2624 0.974136 -0.000373071 0.225962 23.458 0 1
113.335 34.5978 97.2457 0.975408 -0.000489359 0.220406 23.6737 0 1
113.322 33.2269 97.2829 0.976632 -0.000605294 0.214917 23.8363 0 1
113.348 32.2018 97.1568 0.977785 -0.000705361 0.209611 24.1199 0 1
113.363 30.4009 97.1163 0.978852 -0.000778031 0.204566 24.3922 0 1
113.344 28.6901 97.1964 0.979834 -0.000820072 0.199809 24.6489 0 1
113.325 27.0683 97.2772 0.980738 -0.000839823 0.195326 24.8097 0 1
113.328 26.0482 97.2454 0.981572 -0.000854172 0.191089 24.9959 0 1
113.332 24.8654 97.2425 0.982345 -0.000879202 0.187076 25.1621 0 1
113.317 23.8156 97.2997 0.98306 -0.000922259 0.18328 25.3189 0 1
113.31 22.8168 97.337 0.98372 -0.000982873 0.179704 25.6144 0 1
113.345 20.9535 97.1286 0.984327 -0.00106101 0.176348 25.7851 0 1
113.342 19.8715 97.1425 0.984885 -0.00116412 0.173203 25.989 0 1
113.339 18.5797 97.1513 0.985399 -0.00130607 0.170255 26.1673 0 1
113.311 17.4566 97.2954 0.985873 -0.0014985 0.167488 26.3331 0 1
113.29 16.4065 97.4039 0.98631 -0.00174106 0.16489 26.5176 0 1
113.304 15.2306 97.3128 0.986713 -0.00201785 0.162459 26.7028 0 1
113.33 14.0643 97.1547 0.987082 -0.0023036 0.160201 26.8743 0 1
113.327 12.9776 97.1536 0.987417 -0.00257635 0.158119 27.04 0 1
113.316 11.925 97.2039 0.98772 -0.00282771 0.156209 27.204 0 1
113.299 10.8854 97.2886 0.987994 -0.00306361 0.15446 27.3926 0 1
113.3 9.68607 97.2577 0.988243 -0.00329681 0.152853 27.5961 0 1
113.301 8.39516 97.214 0.98847 -0.00353803 0.151372 27.7871 0 1
113.287 7.18377 97.2819 0.988678 -0.00379117 0.150007 27.9921 0 1
113.301 5.88717 97.1592 0.988865 -0.00405348 0.148757 28.1514 0 1
113.293 4.87595 97.1942 0.989034 -0.00431863 0.147627 28.3124 0 1
113.271 3.86152 97.3065 0.989181 -0.00457999 0.146626 28.5924 0 1
113.249 2.08526 97.395 0.989308 -0.00483299 0.145764 28.8187 0 1
113.255 0.649601 97.314 0.989412 -0.00507611 0.145046 29.0005 0 1
113.266 -0.497195 97.1922 0.989494 -0.0053105 0.144476 29.1677 0 1
113.272 -1.55565 97.1057 0.989555 -0.0055387 0.144051 29.3347 0 1
113.26 -2.61604 97.1479 0.989595 -0.005763 0.143767 29.4991 0 1
113.247 -3.65933 97.1992 0.989614 -0.00598511 0.143623 29.7354 0 1
113.232 -5.15892 97.2364 0.989613 -0.00620719 0.143621 29.9053 0 1
113.228 -6.23777 97.2187 0.989591 -0.00643279 0.143763 30.0714 0 1
113.23 -7.2903 97.1551 0.989548 -0.00666577 0.144052 30.2586 0 1
113.215 -8.478 97.1985 0.989482 -0.00690794 0.144492 30.4776 0 1
113.195 -9.86739 97.2697 0.989393 -0.0071589 0.145085 30.636 0 1
113.206 -10.8654 97.1456 0.989282 -0.00741848 0.145832 30.8128 0 1
113.217 -11.9808 97.0162 0.989146 -0.00768766 0.146736 31.0657 0 1
113.171 -13.5712 97.242 0.988984 -0.00796562 0.147807 31.27 0 1
113.166 -14.8719 97.2117 0.988795 -0.00824743 0.149053 31.5293 0 1
113.167 -16.5177 97.1158 0.988576 -0.00852745 0.150483 31.7675 0 1
113.149 -18.0292 97.1488 0.988325 -0.00880434 0.152104 31.9401 0 1
113.128 -19.1235 97.2178 0.988041 -0.0090796 0.153921 32.1389 0 1
113.118 -20.388 97.2132 0.987721 -0.0093491 0.155947 32.3027 0 1
113.12 -21.425 97.1309 0.987361 -0.00959701 0.158195 32.5275 0 1
113.095 -22.8529 97.194 0.986958 -0.00980037 0.160681 32.702 0 1
113.077 -23.9619 97.2465 0.986507 -0.00994093 0.163416 32.922 0 1
113.068 -25.358 97.2216 0.986006 -0.010014 0.166406 33.1007 0 1
113.049 -26.4896 97.2652 0.985453 -0.0100276 0.169654 33.2736 0 1
113.03 -27.5839 97.2987 0.984842 -0.00999615 0.173168 33.4408 0 1
113.015 -28.6453 97.3209 0.984166 -0.0099352 0.176968 33.7268 0 1
112.996 -30.4571 97.3316 0.983421 -0.00986228 0.181071 33.9287 0 1
113.028 -31.7068 97.0946 0.982602 -0.00979891 0.185464 34.1055 0 1
113.023 -32.8204 97.0619 0.981718 -0.0097686 0.190091 34.3055 0 1
112.985 -34.0749 97.1975 0.980784 -0.00978901 0.19485 34.6119 0 1
112.986 -36.0023 97.0981 0.979825 -0.00986326 0.199613 34.8224 0 1
112.98 -37.3258 97.084 0.97887 -0.0099783 0.204238 34.9941 0 1
112.951 -38.406 97.1691 0.977949 -0.0101146 0.208597 35.1659 0 1
112.919 -39.4813 97.2745 0.977088 -0.0102616 0.212586 35.3379 0 1
112.886 -40.5603 97.3651 0.976303 -0.0104269 0.216155 35.5093 0 1
112.856 -41.6392 97.435 0.975596 -0.0106277 0.219314 35.6887 0 1
112.831 -42.7741 97.4722 0.974954 -0.010873 0.222139 35.8724 0 1
112.824 -43.9301 97.4587 0.974353 -0.0111472 0.224747 35.8993 0 1
112.824 -44.0975 97.4499 0.973765 -0.0114091 0.22727 36.0275 0 1
112.656 -44.4367 98.1535 0.973162 -0.0116002 0.229827 36.2025 0 1
112.66 -45.5143 98.087 0.972528 -0.0116572 0.232494 36.3805 0 1
112.67 -46.6058 97.9758 0.971857 -0.0115221 0.235289 36.5491 0 1
112.739 -47.5826 97.6152 0.971166 -0.0111482 0.238142 36.7286 0 1
112.998 -47.8439 96.5575 0.970497 -0.0105034 0.240885 36.93 0 1
113.302 -47.8136 95.3474 0.969909 -0.00956889 0.243281 37.0884 0 1
113.548 -47.6883 94.3823 0.969467 -0.00833882 0.245081 37.2567 0 1
113.81 -47.3717 93.382 0.969223 -0.00681965 0.246091 37.4714 0 1
113.927 -46.0548 92.9633 0.969207 -0.00503005 0.246196 37.6362 0 1
113.938 -44.9843 92.9415 0.96943 -0.00300759 0.245352 37.7944 0 1
113.947 -43.9561 92.9188 0.969887 -0.000826365 0.243554 37.957 0 1
113.936 -42.897 92.9724 0.970569 0.00138379 0.240821 38.1217 0 1
113.914 -41.8266 93.0668 0.971458 0.00343816 0.237187 38.2888 0 1
113.887 -40.7496 93.1477 0.972528 0.00513126 0.232727 38.4853 0 1
113.794 -39.5264 93.5147 0.973741 0.00629362 0.227571 38.6841 0 1
113.642 -38.3855 94.0862 0.975044 0.00684215 0.221906 38.8542 0 1
113.57 -37.3186 94.3605 0.976379 0.0067981 0.215957 39.0158 0 1
113.526 -36.2923 94.4773 0.977693 0.00626707 0.209946 39.1752 0 1
113.51 -35.2684 94.5397 0.978943 0.0053966 0.204061 39.3387 0 1
113.504 -34.2296 94.5422 0.980104 0.00433332 0.198437 39.507 0 1
113.509 -33.1586 94.5194 0.981163 0.00319526 0.193153 39.6903 0 1
113.504 -31.9954 94.5409 0.98212 0.00206381 0.188245 39.8831 0 1
113.493 -30.7759 94.611 0.982978 0.000990044 0.183718 40.0612 0 1
113.486 -29.6502 94.6378 0.983748 4.96388e-06 0.179553 40.2268 0 1
113.497 -28.596 94.6121 0.98444 -0.000873743 0.175718 40.4054 0 1
113.499 -27.4725 94.5924 0.985065 -0.0016394 0.172175 40.6075 0 1
113.512 -26.1876 94.5444 0.985632 -0.00229533 0.168892 40.7807 0 1
113.514 -25.0862 94.5531 0.986148 -0.00285263 0.165843 40.9487 0 1
113.508 -24.021 94.6163 0.986619 -0.00332628 0.163011 41.1738 0 1
113.519 -22.5914 94.5908 0.987047 -0.0037312 0.160385 41.3528 0 1
113.526 -21.454 94.5689 0.987438 -0.00407985 0.157957 41.6284 0 1
113.531 -19.6951 94.5918 0.987791 -0.00438143 0.155725 41.802 0 1
113.537 -18.5888 94.5998 0.988109 -0.00464224 0.153688 41.9644 0 1
113.541 -17.5586 94.6034 0.988393 -0.00486692 0.151843 42.2375 0 1
113.557 -15.8258 94.5528 0.988644 -0.00506018 0.15019 42.495 0 1
113.568 -14.1889 94.5401 0.988865 -0.00522783 0.148723 42.6627 0 1
113.569 -13.1237 94.5751 0.989057 -0.00537645 0.147438 42.8939 0 1
113.579 -11.6553 94.5561 0.98922 -0.0055121 0.146333 43.0528 0 1
113.584 -10.645 94.5639 0.989356 -0.00563939 0.145404 43.3009 0 1
113.591 -9.06871 94.581 0.989466 -0.00576146 0.144652 43.5179 0 1
113.6 -7.69028 94.5746 0.989549 -0.00588008 0.144078 43.6816 0 1
113.606 -6.65037 94.5698 0.989606 -0.00599506 0.143683 43.8394 0 1
113.619 -5.64806 94.5303 0.989636 -0.00610332 0.143468 44.0932 0 1
113.628 -4.03654 94.5354 0.989642 -0.00619878 0.143426 44.2516 0 1
113.634 -3.03062 94.5346 0.989623 -0.00627494 0.14355 44.4331 0 1
113.64 -1.8772 94.5479 0.989582 -0.00632986 0.143831 44.6238 0 1
113.639 -0.668521 94.6077 0.989519 -0.00637054 0.14426 44.9257 0 1
113.643 1.24692 94.6738 0.989435 -0.00641189 0.144837 45.0931 0 1
113.642 2.30781 94.7201 0.989328 -0.00646916 0.14556 45.2849 0 1
113.647 3.52636 94.7439 0.9892 -0.00654996 0.146425 45.4745 0 1
113.667 4.72808 94.6636 0.98905 -0.00665313 0.147428 45.6789 0 1
113.681 6.02473 94.6047 0.988879 -0.006775 0.148566 45.872 0 1
113.683 7.2531 94.645 0.988686 -0.00691671 0.149839 46.1192 0 1
113.693 8.82617 94.6437 0.988469 -0.00708584 0.151255 46.3065 0 1
113.703 10.0208 94.6542 0.988226 -0.00729046 0.15283 46.4754 0 1
113.712 11.0948 94.65 0.987951 -0.00752853 0.154584 46.6396 0 1
113.718 12.1391 94.6603 0.987643 -0.00777984 0.15653 46.9034 0 1
113.724 13.8148 94.667 0.987299 -0.00800808 0.158674 47.1807 0 1
113.731 15.5821 94.7229 0.986919 -0.00817462 0.16101 47.3527 0 1
113.749 16.6685 94.6512 0.986505 -0.00825608 0.163524 47.5235 0 1
113.77 17.7502 94.5813 0.986058 -0.00825527 0.166196 47.696 0 1
113.791 18.846 94.5095 0.985581 -0.00820177 0.169006 47.8586 0 1
113.807 19.8796 94.4828 0.985071 -0.0081444 0.171955 48.0174 0 1
113.807 20.8859 94.5197 0.984521 -0.00813931 0.175075 48.2621 0 1
113.797 22.4328 94.6466 0.983919 -0.0082369 0.178424 48.4604 0 1
113.796 23.6933 94.7026 0.98325 -0.00847235 0.182065 48.6872 0 1
113.819 25.1347 94.6457 0.982501 -0.00886515 0.186046 48.8597 0 1
113.832 26.228 94.6266 0.981661 -0.0094269 0.190402 49.135 0 1
113.841 27.9799 94.6455 0.980716 -0.0101647 0.195173 49.4114 0 1
113.868 29.7365 94.5894 0.97965 -0.0110656 0.20041 49.6111 0 1
113.892 31.0098 94.5398 0.978446 -0.0120687 0.206149 49.8214 0 1
113.919 32.351 94.4929 0.977099 -0.0130532 0.212384 50.0376 0 1
113.934 33.7261 94.5126 0.975617 -0.0138606 0.219043 50.2612 0 1
113.945 35.1493 94.5644 0.974026 -0.0143402 0.225981 50.4271 0 1
113.948 36.2054 94.6294 0.972375 -0.0143899 0.23298 50.5855 0 1
113.997 37.2142 94.5278 0.970728 -0.0139781 0.239774 50.7418 0 1
114.073 38.1945 94.3235 0.969157 -0.0131439 0.246095 50.9381 0 1
114.194 39.394 93.9538 0.967728 -0.0119778 0.251712 51.1215 0 1
114.273 40.5456 93.6853 0.966497 -0.0105899 0.25646 51.4087 0 1
114.32 42.4145 93.5992 0.965499 -0.00907933 0.26025 51.6622 0 1
114.323 44.0452 93.6381 0.964751 -0.00752533 0.263056 51.8557 0 1
114.317 45.2961 93.6761 0.964253 -0.00599973 0.264915 52.022 0 1
114.302 46.3719 93.7374 0.963985 -0.00458064 0.265918 52.18 0 1
114.233 47.3624 93.9931 0.963911 -0.00334449 0.266204 52.3592 0 1
113.939 47.7462 95.0446 0.96399 -0.00233905 0.265927 52.5296 0 1
113.646 47.8041 96.0905 0.964189 -0.0015592 0.265212 52.7461 0 1
113.289 47.6659 97.4008 0.96449 -0.000944866 0.264117 52.9074 0 1
113.099 46.9818 98.1038 0.964898 -0.000404607 0.262626 53.0783 0 1
113.075 45.9287 98.1965 0.965425 0.000146873 0.260681 53.2479 0 1
113.083 44.8724 98.1617 0.966085 0.000754479 0.258225 53.4266 0 1
113.087 43.7536 98.1252 0.966878 0.00140773 0.255234 53.6104 0 1
113.094 42.5962 98.11 0.967795 0.0020532 0.251732 53.8122 0 1
113.099 41.3301 98.0931 0.968814 0.00262738 0.247775 54.0606 0 1
113.111 39.7724 98.095 0.969912 0.00308766 0.243436 54.2329 0 1
113.125 38.6934 98.0662 0.971066 0.00342019 0.238786 54.4038 0 1
113.141 37.6231 98.0416 0.972257 0.00362494 0.233887 54.5765 0 1
113.153 36.5451 98.0171 0.973466 0.00369903 0.228804 54.7708 0 1
113.159 35.326 98.0306 0.974671 0.00363657 0.223615 54.9644 0 1
113.148 34.1187 98.0702 0.975851 0.00344304 0.218412 55.1437 0 1
113.152 32.9837 98.0514 0.976986 0.00314811 0.21328 55.3825 0 1
113.18 31.479 97.9472 0.978064 0.00280414 0.208286 55.6049 0 1
113.196 30.0627 97.9265 0.979079 0.00246871 0.203468 55.8073 0 1
113.189 28.7871 97.9818 0.98003 0.00218087 0.198835 55.9991 0 1
113.177 27.5752 98.0352 0.980923 0.00194765 0.194389 56.1917 0 1
113.172 26.3527 98.0617 0.981757 0.00175132 0.190129 56.4248 0 1
113.176 24.8721 98.0645 0.982536 0.0015702 0.186067 56.6393 0 1
113.175 23.5142 98.0736 0.983257 0.00139365 0.182218 56.9336 0 1
113.191 21.6438 97.9855 0.983922 0.00121969 0.178597 57.1192 0 1
113.202 20.4636 97.9572 0.98453 0.00104347 0.175214 57.2879 0 1
113.202 19.3975 97.9492 0.985084 0.000851288 0.172069 57.4965 0 1
113.195 18.0743 97.9933 0.985589 0.000625362 0.169155 57.6713 0 1
113.177 16.9685 98.0846 0.986048 0.000353356 0.166458 57.8595 0 1
113.173 15.7662 98.0991 0.986467 3.5296e-05 0.163962 58.0209 0 1
113.185 14.7335 98.0577 0.986848 -0.000315619 0.161651 58.1986 0 1
113.193 13.6089 98.0066 0.987196 -0.000678734 0.159512 58.3579 0 1
113.198 12.6016 97.9616 0.987513 -0.00103579 0.157534 58.5399 0 1
113.191 11.4449 97.9882 0.987803 -0.00137931 0.155705 58.7102 0 1
113.183 10.3626 98.0339 0.988068 -0.00171417 0.15401 58.8962 0 1
113.174 9.18307 98.0711 0.988311 -0.00205214 0.152438 59.064 0 1
113.17 8.1193 98.0748 0.988534 -0.00240418 0.150978 59.2944 0 1
113.171 6.65717 98.0354 0.988739 -0.00277548 0.149626 59.4693 0 1
113.176 5.54573 97.9913 0.988924 -0.00316474 0.148387 59.6527 0 1
113.165 4.38176 98.0364 0.98909 -0.00356613 0.147272 59.9126 0 1
113.151 2.73246 98.0887 0.989233 -0.00397233 0.146296 60.1048 0 1
113.145 1.51134 98.0917 0.989353 -0.00437712 0.145473 60.3666 0 1
113.147 -0.150801 98.0285 0.989447 -0.00477666 0.144813 60.6125 0 1
113.148 -1.70932 97.9583 0.989517 -0.00516945 0.144322 60.8221 0 1
113.138 -3.0412 97.977 0.989562 -0.0055557 0.144003 60.9843 0 1
113.129 -4.07113 97.9954 0.989581 -0.00593625 0.143854 61.1635 0 1
113.125 -5.21002 97.9755 0.989576 -0.00631107 0.143874 61.3591 0 1
113.116 -6.45261 97.9806 0.989547 -0.00667859 0.144054 61.592 0 1
113.099 -7.93103 98.032 0.989497 -0.00703671 0.144384 61.7514 0 1
113.083 -8.9407 98.0892 0.989426 -0.00738473 0.144849 62.0176 0 1
113.085 -10.6277 97.985 0.989337 -0.0077247 0.145441 62.179 0 1
113.089 -11.6508 97.9064 0.989228 -0.00806115 0.146158 62.3778 0 1
113.071 -12.9128 97.9596 0.9891 -0.00839892 0.147005 62.5554 0 1
113.055 -14.0413 97.9928 0.988949 -0.00874109 0.148 62.7463 0 1
113.052 -15.2577 97.953 0.98877 -0.0090912 0.149168 62.9444 0 1
113.046 -16.5164 97.9225 0.988559 -0.00945783 0.150539 63.1122 0 1
113.032 -17.5815 97.9334 0.988309 -0.00985252 0.152144 63.2963 0 1
113.015 -18.7519 97.9728 0.988017 -0.0102773 0.154003 63.4969 0 1
112.993 -20.0251 98.0348 0.98768 -0.0107128 0.15612 63.7247 0 1
112.981 -21.4713 98.0032 0.987299 -0.0111203 0.158482 64.0013 0 1
112.956 -23.2329 98.0238 0.986877 -0.0114593 0.161068 64.2278 0 1
112.936 -24.6791 98.0596 0.986414 -0.0117056 0.163859 64.4094 0 1
112.924 -25.8319 98.0658 0.985912 -0.0118595 0.166844 64.5925 0 1
112.901 -26.9857 98.0738 0.985369 -0.0119442 0.170016 64.7528 0 1
112.89 -28.0052 98.0673 0.984784 -0.0119983 0.173371 64.9247 0 1
112.876 -29.0968 98.0718 0.984151 -0.0120629 0.176923 65.0853 0 1
112.864 -30.1157 98.0803 0.983462 -0.0121659 0.180705 65.2846 0 1
112.856 -31.3693 98.0203 0.982708 -0.0123135 0.18475 65.5269 0 1
112.854 -32.9055 97.9416 0.981886 -0.0124928 0.189058 65.6868 0 1
112.839 -33.912 97.9447 0.981005 -0.0126807 0.19357 65.9138 0 1
112.825 -35.3457 97.9494 0.980083 -0.0128544 0.198173 66.1188 0 1
112.81 -36.6337 97.9272 0.97915 -0.0130011 0.20272 66.3164 0 1
112.79 -37.8661 97.957 0.978243 -0.0131259 0.207049 66.5566 0 1
112.748 -39.3655 98.0486 0.977398 -0.0132512 0.210993 66.7221 0 1
112.721 -40.4007 98.1056 0.976656 -0.0134083 0.21439 66.8937 0 1
112.696 -41.4783 98.154 0.976057 -0.013627 0.217088 67.0726 0 1
112.672 -42.5996 98.1818 0.975633 -0.0139282 0.218964 67.2529 0 1
112.658 -43.7269 98.1754 0.975407 -0.0143169 0.219946 67.3733 0 1
112.488 -43.8466 98.8929 0.975385 -0.014772 0.220012 67.5579 0 1
112.505 -42.7051 98.897 0.975563 -0.0152417 0.21919 67.7464 0 1
112.53 -41.5334 98.872 0.975925 -0.0156573 0.217544 67.9311 0 1
112.557 -40.3811 98.8371 0.97645 -0.0159589 0.215152 68.109 0 1
112.581 -39.2701 98.7998 0.977114 -0.0161173 0.212106 68.2765 0 1
112.608 -38.223 98.77 0.977888 -0.0161389 0.208506 68.5286 0 1
112.64 -36.6492 98.7594 0.978741 -0.0160594 0.204469 68.7188 0 1
112.659 -35.4647 98.7778 0.979641 -0.0159308 0.200125 68.9236 0 1
112.675 -34.1902 98.7647 0.980554 -0.0158036 0.195614 69.1234 0 1
112.688 -32.9297 98.787 0.981452 -0.0157061 0.191064 69.3186 0 1
112.707 -31.6979 98.7992 0.982316 -0.0156344 0.186577 69.5203 0 1
112.722 -30.4246 98.835 0.983134 -0.015556 0.182226 69.7931 0 1
112.746 -28.7022 98.8324 0.983898 -0.0154271 0.178061 69.9694 0 1
112.757 -27.5824 98.849 0.984607 -0.0152122 0.174118 70.1336 0 1
112.775 -26.5375 98.8534 0.985258 -0.014897 0.170428 70.2953 0 1
112.795 -25.5153 98.8516 0.985848 -0.0144891 0.167016 70.4867 0 1
112.811 -24.3078 98.8478 0.986377 -0.0140096 0.1639 70.7139 0 1
112.833 -22.8629 98.8233 0.986849 -0.0134828 0.161083 70.9134 0 1
112.847 -21.5914 98.8431 0.987265 -0.0129303 0.158556 71.1065 0 1
112.867 -20.3624 98.8156 0.987632 -0.0123695 0.156298 71.2744 0 1
112.883 -19.2969 98.7933 0.987956 -0.0118142 0.154286 71.5061 0 1
112.909 -17.8281 98.7281 0.98824 -0.0112748 0.152495 71.6689 0 1
112.925 -16.7934 98.7043 0.988489 -0.0107587 0.150908 71.8329 0 1
112.931 -15.7526 98.7329 0.988707 -0.0102705 0.149509 72.0193 0 1
112.933 -14.5694 98.7767 0.988896 -0.00981173 0.148287 72.1996 0 1
112.946 -13.419 98.7684 0.989058 -0.00938005 0.147229 72.3705 0 1
112.959 -12.331 98.7517 0.989197 -0.00897029 0.14632 72.5385 0 1
112.968 -11.2629 98.7534 0.989314 -0.00857634 0.145545 72.699 0 1
112.959 -10.2492 98.8634 0.989413 -0.0081932 0.144893 72.8679 0 1
112.963 -9.17531 98.8992 0.989495 -0.00781725 0.144359 73.0611 0 1
112.978 -7.9475 98.8622 0.989558 -0.00744481 0.143943 73.2259 0 1
113.002 -6.90672 98.7517 0.989603 -0.00707087 0.143653 73.4134 0 1
113.006 -5.71691 98.7745 0.989628 -0.00668874 0.1435 73.5893 0 1
113.011 -4.59994 98.7945 0.989631 -0.00629104 0.143493 73.76 0 1
113.016 -3.5159 98.803 0.989613 -0.00587232 0.14364 73.9208 0 1
113.024 -2.49486 98.7923 0.989571 -0.00543249 0.143943 74.2067 0 1
113.033 -0.680497 98.7922 0.989507 -0.00497759 0.144399 74.4562 0 1
113.038 0.903653 98.8102 0.989421 -0.00451621 0.145003 74.6154 0 1
113.039 1.91414 98.8318 0.989313 -0.00405452 0.145748 74.8413 0 1
113.046 3.34942 98.8219 0.989185 -0.00359346 0.14663 75.1028 0 1
113.054 5.00879 98.7973 0.989035 -0.00312714 0.147648 75.2781 0 1
113.053 6.12247 98.8155 0.988863 -0.00264308 0.148804 75.5005 0 1
113.046 7.5344 98.8775 0.988668 -0.00212841 0.150104 75.6949 0 1
113.048 8.77064 98.8933 0.988448 -0.00158101 0.151554 75.872 0 1
113.058 9.89085 98.8335 0.9882 -0.00101482 0.153165 76.042 0 1
113.07 10.9662 98.7608 0.987923 -0.000451829 0.154947 76.2044 0 1
113.073 11.9981 98.7354 0.987613 9.17891e-05 0.156909 76.3789 0 1
113.062 13.1055 98.8251 0.98727 0.000611726 0.15905 76.5519 0 1
113.059 14.2008 98.8397 0.986894 0.00110971 0.161366 76.7458 0 1
113.053 15.4273 98.8422 0.986484 0.00158367 0.163849 76.9763 0 1
113.052 16.8952 98.8319 0.98604 0.00202353 0.166499 77.2518 0 1
113.064 18.6479 98.7598 0.985558 0.00241774 0.16932 77.4294 0 1
113.063 19.7743 98.7607 0.985037 0.002767 0.172323 77.6144 0 1
113.053 20.9475 98.7848 0.984471 0.00309199 0.17552 77.8145 0 1
113.042 22.2154 98.805 0.983854 0.00342428 0.178941 77.9822 0 1
113.034 23.2828 98.8432 0.983173 0.0037873 0.182636 78.2086 0 1
113.03 24.7202 98.8444 0.982413 0.0041855 0.186676 78.4822 0 1
113.017 26.4533 98.8585 0.981555 0.00461034 0.191124 78.7033 0 1
113.027 27.8612 98.8036 0.980592 0.00505423 0.195994 78.9464 0 1
113.045 29.3974 98.6922 0.97953 0.00551866 0.201225 79.1589 0 1
113.024 30.7446 98.7316 0.978389 0.00600902 0.206684 79.4261 0 1
112.991 32.4408 98.8034 0.977202 0.00651848 0.212212 79.6086 0 1
112.977 33.5984 98.8357 0.976 0.0070101 0.217659 79.839 0 1
112.983 35.0485 98.7969 0.974808 0.00741046 0.222922 80.0353 0 1
112.972 36.2713 98.7832 0.973645 0.00762693 0.227943 80.1973 0 1
112.965 37.2856 98.7762 0.972519 0.00758695 0.232701 80.3602 0 1
112.95 38.3044 98.7951 0.971435 0.00727763 0.237193 80.53 0 1
112.932 39.3675 98.8267 0.970398 0.00675731 0.241418 80.7047 0 1
112.913 40.4597 98.8493 0.969409 0.00612998 0.245373 80.8666 0 1
112.904 41.4766 98.8479 0.968474 0.00549904 0.249056 81.1206 0 1
112.888 43.0645 98.8661 0.96759 0.00492739 0.252476 81.3078 0 1
112.883 44.2374 98.893 0.966756 0.00442104 0.255664 81.5519 0 1
112.881 45.7638 98.9169 0.96596 0.00393782 0.258661 81.7531 0 1
112.865 47.0104 98.9637 0.965197 0.00341176 0.261502 81.9528 0 1
112.96 48.179 98.585 0.964466 0.00277872 0.264191 82.1795 0 1
113.317 48.5457 97.2781 0.963781 0.00199248 0.266687 82.4339 0 1
113.741 48.5958 95.752 0.963164 0.00102816 0.268913 82.6335 0 1
114.081 48.5152 94.5423 0.962645 -0.000125503 0.270765 82.7978 0 1
114.362 48.295 93.5541 0.962262 -0.00148247 0.272121 82.9701 0 1
114.514 47.3365 93.012 0.962057 -0.00307598 0.272832 83.147 0 1
114.524 46.1935 92.9649 0.962079 -0.00495464 0.272727 83.354 0 1
114.519 44.856 92.9558 0.962377 -0.00714226 0.271622 83.5216 0 1
114.521 43.7663 92.9315 0.962992 -0.0095803 0.269359 83.7343 0 1
114.537 42.3898 92.8376 0.963939 -0.0121017 0.265849 83.8936 0 1
114.527 41.3632 92.8228 0.965201 -0.0144666 0.261108 84.1552 0 1
114.46 39.6838 92.9662 0.966727 -0.016438 0.255281 84.3378 0 1
114.326 38.5761 93.3882 0.968436 -0.0178472 0.248621 84.5224 0 1
114.212 37.4455 93.7151 0.970236 -0.0186197 0.241444 84.6779 0 1
114.155 36.4513 93.7986 0.972038 -0.0187677 0.234071 84.9505 0 1
114.125 34.7078 93.7254 0.973771 -0.0183721 0.226789 85.1796 0 1
114.102 33.2416 93.7083 0.975383 -0.0175625 0.219817 85.3855 0 1
114.074 31.9305 93.7595 0.976847 -0.0164939 0.2133 85.5492 0 1
114.056 30.8944 93.7474 0.978155 -0.0153202 0.207311 85.7271 0 1
114.025 29.7627 93.8052 0.979312 -0.01417 0.201861 85.9106 0 1
114.014 28.5914 93.783 0.980332 -0.0131327 0.19692 86.1046 0 1
113.996 27.3514 93.8202 0.981234 -0.0122559 0.192433 86.3049 0 1
113.983 26.0728 93.8282 0.982037 -0.0115504 0.188333 86.5094 0 1
113.964 24.7761 93.853 0.982762 -0.010998 0.184548 86.7707 0 1
113.942 23.1214 93.8767 0.983424 -0.0105628 0.181015 86.993 0 1
113.941 21.7069 93.8111 0.984036 -0.010203 0.177677 87.1822 0 1
113.944 20.507 93.7272 0.984608 -0.00988515 0.1745 87.3603 0 1
113.934 19.3783 93.7167 0.985144 -0.00959245 0.171463 87.5255 0 1
113.916 18.329 93.7578 0.985647 -0.00932571 0.168564 87.6994 0 1
113.894 17.2249 93.8042 0.986115 -0.00909397 0.165814 87.9008 0 1
113.877 15.9426 93.8394 0.986548 -0.00890187 0.163229 88.0979 0 1
113.86 14.6934 93.8665 0.986944 -0.00874226 0.160825 88.2742 0 1
113.846 13.5718 93.899 0.987305 -0.00859821 0.158606 88.4524 0 1
113.849 12.4383 93.8399 0.987631 -0.00845161 0.156566 88.7207 0 1
113.838 10.734 93.8203 0.987928 -0.00829198 0.15469 88.8909 0 1
113.825 9.65255 93.8345 0.988199 -0.00811961 0.15296 89.0662 0 1
113.815 8.53634 93.8389 0.988446 -0.00794227 0.151365 89.2662 0 1
113.81 7.26601 93.8094 0.988671 -0.00776895 0.149901 89.5269 0 1
113.798 5.61111 93.811 0.988873 -0.0076049 0.148569 89.7169 0 1
113.78 4.40602 93.8837 0.989053 -0.00745027 0.147375 89.8972 0 1
113.766 3.26242 93.9216 0.98921 -0.00730119 0.146324 90.085 0 1
113.768 2.07029 93.8578 0.989344 -0.00715132 0.145423 90.26 0 1
113.765 0.961717 93.8147 0.989454 -0.00699347 0.144678 90.42 0 1
113.759 -0.0548039 93.8043 0.98954 -0.00682169 0.144096 90.6434 0 1
113.751 -1.47397 93.7969 0.989601 -0.00663357 0.143684 90.8661 0 1
113.744 -2.88837 93.779 0.989637 -0.00643123 0.143444 91.0517 0 1
113.737 -4.06722 93.7725 0.989649 -0.0062205 0.143374 91.3383 0 1
113.732 -5.88862 93.7259 0.989637 -0.00600796 0.143469 91.5603 0 1
113.711 -7.29767 93.8157 0.989601 -0.00579699 0.143723 91.7246 0 1
113.703 -8.34297 93.8283 0.989543 -0.00558565 0.144132 92.005 0 1
113.703 -10.1263 93.7737 0.989462 -0.00536878 0.14469 92.1636 0 1
113.698 -11.1333 93.7721 0.98936 -0.00514214 0.145397 92.3814 0 1
113.688 -12.5155 93.787 0.989234 -0.00490446 0.14626 92.5417 0 1
113.678 -13.5327 93.8177 0.989082 -0.00465651 0.147293 92.7384 0 1
113.685 -14.7802 93.7354 0.9889 -0.00439925 0.148519 92.9084 0 1
113.68 -15.8584 93.7335 0.988683 -0.00413187 0.149965 93.0959 0 1
113.669 -17.0502 93.7689 0.988427 -0.00384832 0.151648 93.3194 0 1
113.658 -18.4711 93.8099 0.988132 -0.00353392 0.153569 93.4946 0 1
113.652 -19.5839 93.8191 0.987799 -0.00316671 0.155704 93.7891 0 1
113.65 -21.4585 93.7931 0.987434 -0.00272566 0.158009 94.0344 0 1
113.644 -23.0212 93.7992 0.987043 -0.00219992 0.160439 94.231 0 1
113.634 -24.272 93.8465 0.98663 -0.00159 0.162966 94.4518 0 1
113.637 -25.6702 93.8065 0.986192 -0.000897211 0.165606 94.6233 0 1
113.65 -26.7569 93.7233 0.985712 -0.00010771 0.168438 94.8039 0 1
113.643 -27.9055 93.7604 0.985167 0.000813908 0.171595 94.9681 0 1
113.636 -28.9456 93.8092 0.984522 0.00190964 0.175248 95.1321 0 1
113.633 -29.9856 93.8314 0.98374 0.00319466 0.179573 95.2931 0 1
113.639 -31.0068 93.8117 0.982782 0.00462295 0.184713 95.4632 0 1
113.647 -32.0845 93.7768 0.981621 0.00607268 0.190742 95.6499 0 1
113.65 -33.2647 93.7686 0.98025 0.00736303 0.197623 95.8403 0 1
113.659 -34.4881 93.772 0.978688 0.00829896 0.205186 96.0222 0 1
113.672 -35.6431 93.7475 0.976983 0.00872621 0.213137 96.1872 0 1
113.705 -36.7171 93.6895 0.97521 0.00857379 0.221116 96.3543 0 1
113.76 -37.7826 93.5422 0.973448 0.00786668 0.228774 96.6428 0 1
114.004 -39.4031 92.6319 0.971775 0.0067043 0.235816 96.8444 0 1
114.1 -40.6773 92.3178 0.970262 0.00521601 0.242 97.0781 0 1
114.123 -42.1847 92.2737 0.968978 0.00351693 0.247121 97.2456 0 1
114.15 -43.2561 92.1665 0.967984 0.00168529 0.251006 97.4107 0 1
114.147 -44.3295 92.1727 0.967326 -0.00023282 0.253535 97.5846 0 1
114.132 -45.4669 92.2135 0.967022 -0.00220305 0.254685 97.7669 0 1
114.125 -46.6495 92.2028 0.967052 -0.00418233 0.254544 97.9223 0 1
114.093 -47.6605 92.3075 0.967366 -0.00610724 0.253309 98.0999 0 1
113.878 -48.505 93.0783 0.96789 -0.00789508 0.25125 98.2767 0 1
113.59 -48.4766 94.1905 0.968544 -0.00946072 0.248663 98.5531 0 1
113.15 -48.5912 95.9068 0.969255 -0.0107456 0.245823 98.7213 0 1
112.895 -48.5834 96.936 0.969969 -0.0117445 0.242946 98.9048 0 1
112.627 -48.3918 98.027 0.970651 -0.0125114 0.240166 99.1036 0 1
112.468 -47.4111 98.7563 0.971289 -0.0131404 0.237538 99.3396 0 1
112.478 -45.9503 98.8245 0.971887 -0.0137323 0.235046 99.5066 0 1
112.481 -44.9267 98.8694 0.97246 -0.0143652 0.232625 99.5805 0 1
112.485 -44.473 98.8736 0.973028 -0.0150783 0.230194 99.7325 0 1
112.269 -44.5108 99.7837 0.973609 -0.0158668 0.22767 99.9123 0 1
112.286 -43.4057 99.7896 0.97422 -0.0166895 0.224982 100.099 0 1
112.31 -42.2493 99.7677 0.974875 -0.0174844 0.222066 100.297 0 1
112.342 -41.0174 99.7427 0.975585 -0.0181897 0.218866 100.491 0 1
112.367 -39.8153 99.7188 0.976358 -0.0187587 0.215344 100.679 0 1
112.396 -38.6444 99.7043 0.97719 -0.019166 0.211499 100.862 0 1
112.411 -37.4996 99.7492 0.978069 -0.0194052 0.207376 101.052 0 1
112.449 -36.3211 99.6976 0.978973 -0.0194858 0.203059 101.229 0 1
112.473 -35.2221 99.6916 0.979877 -0.0194314 0.198654 101.403 0 1
112.485 -34.1348 99.7137 0.980758 -0.0192753 0.194275 101.585 0 1
112.536 -32.9866 99.5791 0.981596 -0.0190494 0.190016 101.749 0 1
112.51 -31.9895 99.8214 0.982381 -0.0187736 0.185942 102.026 0 1
112.571 -30.2459 99.6698 0.983112 -0.0184514 0.182071 102.198 0 1
112.587 -29.1519 99.6962 0.983794 -0.0180743 0.178391 102.361 0 1
112.612 -28.1231 99.6305 0.984433 -0.017632 0.174872 102.535 0 1
112.622 -27.0163 99.694 0.985036 -0.0171215 0.171499 102.714 0 1
112.637 -25.8841 99.7345 0.985601 -0.0165511 0.168273 102.876 0 1
112.633 -24.8664 99.8685 0.986128 -0.0159389 0.165218 103.094 0 1
112.656 -23.4828 99.8618 0.986613 -0.0153059 0.162362 103.251 0 1
112.711 -22.519 99.6113 0.987053 -0.0146679 0.159723 103.489 0 1
112.723 -21.0015 99.6857 0.98745 -0.0140316 0.15731 103.683 0 1
112.732 -19.7725 99.7333 0.987806 -0.0133953 0.155115 103.866 0 1
112.742 -18.6114 99.757 0.988124 -0.0127541 0.153126 104.027 0 1
112.769 -17.5899 99.6676 0.988408 -0.0121062 0.151334 104.249 0 1
112.784 -16.1832 99.6784 0.98866 -0.0114559 0.149736 104.476 0 1
112.792 -14.7411 99.7206 0.988878 -0.0108133 0.148332 104.662 0 1
112.806 -13.5581 99.7141 0.989065 -0.0101897 0.147125 104.936 0 1
112.847 -11.8266 99.5448 0.989222 -0.00959252 0.146111 105.121 0 1
112.814 -10.6869 99.8424 0.989349 -0.00902313 0.145282 105.296 0 1
112.845 -9.58683 99.6935 0.98945 -0.00847712 0.144627 105.526 0 1
112.833 -8.13739 99.8583 0.989526 -0.00794692 0.144136 105.695 0 1
112.885 -7.11265 99.5452 0.989578 -0.00742416 0.143804 105.854 0 1
112.87 -6.11621 99.7046 0.989607 -0.00690065 0.14363 106.013 0 1
112.879 -5.10407 99.6889 0.989613 -0.00636836 0.143614 106.185 0 1
112.886 -4.01319 99.6821 0.989596 -0.00582041 0.143755 106.354 0 1
112.895 -2.93998 99.6666 0.989557 -0.00525407 0.144049 106.517 0 1
112.906 -1.90641 99.6263 0.989495 -0.00467296 0.144488 106.792 0 1
112.908 -0.160824 99.6688 0.989414 -0.0040853 0.145065 107.043 0 1
112.9 1.43148 99.7657 0.989312 -0.00349849 0.145774 107.279 0 1
112.904 2.93011 99.7762 0.989189 -0.00291379 0.146615 107.549 0 1
112.931 4.63664 99.6157 0.989045 -0.00232438 0.147594 107.735 0 1
112.933 5.81573 99.6132 0.988877 -0.00171783 0.148723 107.897 0 1
112.912 6.83745 99.758 0.988683 -0.00108305 0.150016 108.055 0 1
112.896 7.83812 99.8747 0.98846 -0.000418559 0.151479 108.264 0 1
112.933 9.13944 99.6454 0.988208 0.000263168 0.153114 108.469 0 1
112.922 10.4369 99.7167 0.987926 0.000939175 0.154922 108.656 0 1
112.922 11.6244 99.704 0.987614 0.00158584 0.156894 108.91 0 1
112.919 13.2391 99.7237 0.987274 0.00218851 0.159013 109.093 0 1
112.906 14.3953 99.7694 0.98691 0.00274534 0.161248 109.27 0 1
112.894 15.5174 99.8091 0.986528 0.00326466 0.163559 109.471 0 1
112.903 16.7976 99.7354 0.986132 0.0037571 0.165918 109.657 0 1
112.904 17.9694 99.6973 0.985725 0.00422532 0.168313 109.823 0 1
112.911 19.024 99.647 0.985303 0.00465919 0.170754 109.996 0 1
112.902 20.1195 99.6613 0.984862 0.00504544 0.173264 110.185 0 1
112.896 21.32 99.6536 0.984397 0.00538867 0.175877 110.393 0 1
112.898 22.6377 99.5942 0.9839 0.00572579 0.178628 110.561 0 1
112.884 23.7047 99.6591 0.983361 0.00611819 0.181559 110.727 0 1
112.875 24.7551 99.6621 0.982767 0.00662371 0.184728 110.89 0 1
112.859 25.794 99.6995 0.982103 0.00726732 0.188205 111.113 0 1
112.847 27.2066 99.733 0.98135 0.00802943 0.192062 111.281 0 1
112.842 28.2747 99.7365 0.980495 0.00885706 0.196344 111.449 0 1
112.83 29.3422 99.7792 0.979535 0.00968897 0.201041 111.656 0 1
112.817 30.6478 99.7414 0.978478 0.0104756 0.206085 111.84 0 1
112.812 31.8106 99.683 0.977343 0.0111779 0.211367 112.148 0 1
112.797 33.7579 99.6247 0.976153 0.011747 0.216766 112.308 0 1
112.771 34.7628 99.7164 0.974932 0.0121099 0.222172 112.498 0 1
112.754 35.9548 99.7062 0.973702 0.0121823 0.227497 112.719 0 1
112.732 37.3427 99.7345 0.972485 0.0119034 0.232661 112.966 0 1
112.712 38.8854 99.7431 0.971305 0.0112652 0.237572 113.156 0 1
112.686 40.0774 99.7692 0.970191 0.0103192 0.242121 113.347 0 1
112.657 41.2701 99.8187 0.969176 0.00916072 0.2462 113.514 0 1
112.654 42.3064 99.7677 0.968281 0.00790447 0.249737 113.677 0 1
112.662 43.3299 99.7242 0.967512 0.00666192 0.252736 113.866 0 1
112.669 44.5047 99.7027 0.966853 0.00552424 0.255274 114.038 0 1
112.65 45.5605 99.7653 0.966272 0.0045544 0.257484 114.304 0 1
112.604 47.2003 99.9132 0.965733 0.00378601 0.259509 114.504 0 1
112.691 48.3882 99.5755 0.965206 0.00322178 0.261471 114.703 0 1
112.853 49.4403 98.9662 0.96467 0.00282848 0.263445 114.878 0 1
113.131 49.3051 97.9357 0.96412 0.00253412 0.265453 115.059 0 1
113.432 49.3914 96.8603 0.963563 0.00223594 0.26747 115.273 0 1
113.786 49.4697 95.5771 0.963016 0.00181937 0.269437 115.506 0 1
114.188 49.4309 94.1541 0.962502 0.00117761 0.271274 115.675 0 1
114.486 49.3506 93.1084 0.962046 0.000218205 0.272887 115.822 0 1
114.701 48.8028 92.362 0.961681 -0.00114616 0.274167 115.977 0 1
114.781 47.8264 92.1039 0.961448 -0.00300569 0.274969 116.15 0 1
114.794 46.7089 92.0408 0.961403 -0.00543365 0.275089 116.364 0 1
114.782 45.3238 92.0678 0.961612 -0.00843172 0.274284 116.589 0 1
114.786 43.8642 92.0156 0.962132 -0.0118704 0.272326 116.744 0 1
114.76 42.8589 92.073 0.962995 -0.0154738 0.269075 117.011 0 1
114.793 41.1328 91.8783 0.964194 -0.018875 0.264526 117.175 0 1
114.744 40.0651 91.9899 0.965679 -0.0217182 0.258828 117.355 0 1
114.64 38.9317 92.2486 0.967371 -0.0237522 0.25225 117.553 0 1
114.452 37.7808 92.811 0.96917 -0.0248746 0.245133 117.718 0 1
114.405 36.7199 92.8124 0.970985 -0.0251223 0.237819 117.92 0 1
114.36 35.4214 92.7839 0.972738 -0.0246313 0.230593 118.091 0 1
114.302 34.3213 92.8903 0.974384 -0.0235892 0.223649 118.327 0 1
114.279 32.8137 92.8749 0.9759 -0.022196 0.217087 118.506 0 1
114.234 31.6854 92.9626 0.977281 -0.0206364 0.21094 118.699 0 1
114.228 30.4615 92.8674 0.978534 -0.0190652 0.2052 118.869 0 1
114.201 29.3815 92.9135 0.979669 -0.0176016 0.199849 119.15 0 1
114.153 27.599 93.0116 0.980692 -0.0163259 0.194878 119.373 0 1
114.167 26.1743 92.8727 0.981609 -0.0152787 0.190292 119.538 0 1
114.146 25.1281 92.899 0.982425 -0.014461 0.186095 119.799 0 1
114.104 23.4739 93.0201 0.98315 -0.013839 0.182277 120.005 0 1
114.107 22.172 92.9103 0.983795 -0.0133553 0.1788 120.197 0 1
114.108 20.9526 92.817 0.984376 -0.0129455 0.175603 120.36 0 1
114.088 19.9164 92.8592 0.984909 -0.0125576 0.172615 120.532 0 1
114.056 18.8336 92.9572 0.985407 -0.0121633 0.16978 120.701 0 1
114.05 17.7559 92.9226 0.985875 -0.0117602 0.167067 120.888 0 1
114.036 16.5687 92.9112 0.986316 -0.011361 0.164475 121.071 0 1
114.019 15.4026 92.9438 0.986727 -0.0109797 0.162018 121.288 0 1
114.009 14.0289 92.8959 0.987106 -0.0106212 0.159714 121.445 0 1
114.007 13.0275 92.8614 0.987454 -0.0102806 0.157572 121.7 0 1
113.981 11.4159 92.9346 0.987771 -0.00994831 0.155593 121.879 0 1
113.969 10.2761 92.939 0.98806 -0.00961794 0.153768 122.053 0 1
113.96 9.16861 92.9268 0.988323 -0.00928961 0.152089 122.21 0 1
113.949 8.16662 92.9324 0.988562 -0.00896865 0.150551 122.398 0 1
113.961 6.98111 92.7927 0.988776 -0.00866147 0.149154 122.585 0 1
113.95 5.79371 92.808 0.988967 -0.00837177 0.147901 122.826 0 1
113.899 4.29522 93.0699 0.989134 -0.00809894 0.146795 122.989 0 1
113.888 3.25788 93.0911 0.989278 -0.00783815 0.145835 123.256 0 1
113.903 1.57321 92.8987 0.989399 -0.00758155 0.145023 123.419 0 1
113.897 0.536819 92.8805 0.989498 -0.00732022 0.144359 123.622 0 1
113.887 -0.751499 92.886 0.989575 -0.00704657 0.143843 123.785 0 1
113.88 -1.78633 92.887 0.989631 -0.00675661 0.143475 123.98 0 1
113.869 -3.03017 92.9022 0.989665 -0.00645071 0.143254 124.194 0 1
113.854 -4.38793 92.9419 0.989678 -0.00613275 0.143177 124.354 0 1
113.851 -5.40421 92.9237 0.989671 -0.00580853 0.143243 124.561 0 1
113.856 -6.7206 92.8353 0.989642 -0.00548413 0.14345 124.758 0 1
113.849 -7.97221 92.8335 0.989593 -0.00516395 0.143802 124.963 0 1
113.837 -9.27484 92.8769 0.989521 -0.00484851 0.144304 125.176 0 1
113.823 -10.628 92.9313 0.989426 -0.00453381 0.144968 125.376 0 1
113.819 -11.8956 92.9166 0.989304 -0.0042125 0.145805 125.634 0 1
113.82 -13.5338 92.8553 0.989155 -0.00387542 0.146827 125.8 0 1
113.833 -14.5863 92.7428 0.988975 -0.00351176 0.14804 125.965 0 1
113.801 -15.6127 92.9414 0.988765 -0.00310876 0.149446 126.161 0 1
113.826 -16.8367 92.7361 0.988523 -0.00265238 0.151046 126.441 0 1
113.791 -18.6072 92.9411 0.988247 -0.00213006 0.15285 126.606 0 1
113.782 -19.6557 92.9783 0.987933 -0.00153471 0.154872 126.785 0 1
113.781 -20.7966 92.978 0.987578 -0.000866137 0.157125 127.044 0 1
113.813 -22.4307 92.7588 0.987179 -0.00012558 0.15962 127.299 0 1
113.791 -24.0462 92.884 0.986729 0.00069719 0.162372 127.498 0 1
113.794 -25.3115 92.8692 0.986222 0.00163808 0.165419 127.691 0 1
113.793 -26.5342 92.895 0.985639 0.00276371 0.168841 127.93 0 1
113.794 -28.0477 92.8881 0.984954 0.0041564 0.172764 128.119 0 1
113.788 -29.2478 92.9555 0.984131 0.00587499 0.177345 128.289 0 1
113.793 -30.3251 92.9426 0.98313 0.0079038 0.182736 128.455 0 1
113.807 -31.3787 92.9005 0.981921 0.0101169 0.189021 128.633 0 1
113.812 -32.5094 92.8862 0.980496 0.0122818 0.196154 128.828 0 1
113.829 -33.7602 92.9004 0.978883 0.0141069 0.203933 129.02 0 1
113.838 -34.9832 92.9113 0.977142 0.0153144 0.212034 129.195 0 1
113.869 -36.1145 92.9125 0.975352 0.0157135 0.220093 129.38 0 1
113.916 -37.31 92.8259 0.973591 0.0152425 0.22779 129.583 0 1
114.079 -38.4882 92.2702 0.971916 0.013965 0.234913 129.74 0 1
114.27 -39.2403 91.6034 0.970364 0.0120254 0.241348 129.914 0 1
114.359 -40.3376 91.3175 0.96896 0.00959943 0.247031 130.112 0 1
114.37 -41.6302 91.3225 0.967733 0.00686551 0.251882 130.302 0 1
114.41 -42.8626 91.2 0.966728 0.00399656 0.255777 130.552 0 1
114.347 -44.4907 91.4298 0.965995 0.00115449 0.258557 130.712 0 1
114.351 -45.5411 91.4144 0.965585 -0.00152049 0.260083 130.989 0 1
114.368 -47.355 91.3395 0.965522 -0.00392173 0.260292 131.158 0 1
114.367 -48.4602 91.3435 0.965795 -0.00598583 0.259238 131.347 0 1
114.106 -49.2944 92.2006 0.966353 -0.00769883 0.257103 131.541 0 1
113.78 -49.456 93.4245 0.967113 -0.00909335 0.254183 131.702 0 1
113.516 -49.4355 94.434 0.967977 -0.0102304 0.250832 131.887 0 1
113.219 -49.3953 95.5895 0.968851 -0.0111705 0.247393 132.086 0 1
112.911 -49.4529 96.8136 0.969665 -0.0119502 0.244146 132.287 0 1
112.612 -49.4649 98.0382 0.970377 -0.0125783 0.241266 132.458 0 1
112.369 -49.3391 99.0581 0.970975 -0.0130518 0.238824 132.696 0 1
112.203 -48.0997 99.8194 0.971467 -0.0133762 0.236797 132.867 0 1
112.287 -47.0885 99.535 0.971877 -0.0135788 0.235097 133.045 0 1
112.253 -46.0133 99.7581 0.972238 -0.0137063 0.233593 133.194 0 1
112.263 -45.0977 99.781 0.972579 -0.0138146 0.232137 133.194 0 1
113.229 -32.6622 95.9955 0.981818 -0.00499445 0.189749 133.265 1 1
113.23 -32.2187 95.9974 0.982431 -0.00547552 0.186546 133.28 0 1
113.231 -32.3177 95.9946 0.983009 -0.00594212 0.183463 133.581 0 1
113.164 -30.4682 96.3997 0.983532 -0.00636587 0.180625 133.764 0 1
113.132 -29.3315 96.6311 0.983976 -0.00671843 0.178173 133.949 0 1
113.153 -28.1665 96.5654 0.984322 -0.0069819 0.176242 134.113 0 1
113.175 -27.1283 96.5047 0.984557 -0.00715094 0.174919 134.277 0 1
113.198 -26.0974 96.3984 0.984678 -0.00722996 0.174231 134.335 0 1
113.256 -26.2098 96.0467 0.984695 -0.00722962 0.174139 134.523 0 1
113.23 -27.398 96.174 0.984622 -0.00716466 0.174551 134.683 0 1
113.203 -28.4037 96.2703 0.984483 -0.00705278 0.175336 134.842 0 1
113.183 -29.4103 96.345 0.984305 -0.00691361 0.176341 134.972 0 1
113.153 -30.2164 96.4659 0.984111 -0.00676754 0.177399 134.972 0 1
113.205 -24.033 96.4669 0.986731 -0.00778138 0.162179 135.14 1 1
113.266 -23.0164 96.1404 0.986987 -0.00780536 0.16061 135.262 0 1
113.237 -23.7763 96.2826 0.987239 -0.00780725 0.159056 135.744 0 1
113.283 -20.7211 96.1342 0.987484 -0.00778233 0.157525 135.785 0 1
113.258 -20.523 96.3009 0.987724 -0.00773283 0.156019 135.799 0 1
113.258 -20.614 96.2963 0.987956 -0.00766438 0.154544 136.124 0 1
113.309 -18.5552 96.0835 0.98818 -0.0075821 0.153112 136.126 0 1
113.31 -18.5447 96.0768 0.988393 -0.00748917 0.151736 136.542 0 1
113.321 -15.905 96.119 0.988592 -0.00738781 0.150437 136.553 0 1
113.311 -15.8978 96.1871 0.988774 -0.00728103 0.149239 136.783 0 1
113.321 -14.4353 96.197 0.988938 -0.00717301 0.148159 136.827 0 1
113.347 -14.2088 96.0331 0.98908 -0.00706776 0.147207 137.235 0 1
113.363 -11.6134 96.0383 0.989204 -0.0069674 0.146382 137.445 0 1
113.305 -10.3606 96.4886 0.989309 -0.00687172 0.145676 137.597 0 1
113.361 -11.2268 96.0679 0.989398 -0.00677928 0.145074 137.609 0 1
113.361 -11.3022 96.0619 0.989473 -0.00668918 0.144563 138.019 0 1
113.38 -8.6932 96.0545 0.989537 -0.00660238 0.14413 138.179 0 1
113.349 -7.71181 96.3121 0.98959 -0.00652227 0.143767 138.353 0 1
113.336 -6.62132 96.4554 0.989633 -0.00645432 0.143473 138.545 0 1
113.333 -5.40431 96.526 0.989666 -0.00640477 0.143249 138.719 0 1
113.391 -4.35793 96.1652 0.989688 -0.00637888 0.143098 138.885 0 1
113.344 -5.372 96.4531 0.989699 -0.00637916 0.14302 139.07 0 1
113.357 -6.53259 96.312 0.989701 -0.0064043 0.143008 139.237 0 1
113.376 -7.58048 96.1343 0.989695 -0.00644925 0.143046 139.402 0 1
113.394 -8.61264 95.9626 0.989685 -0.00650622 0.143115 139.411 0 1
113.392 -8.66801 95.9699 0.989673 -0.00656624 0.143192 139.411 0 1
113.371 -2.78278 96.3694 0.989747 -0.00548129 0.142726 139.468 1 1
113.414 -2.56083 96.081 0.989707 -0.00546116 0.143003 139.501 0 1
113.413 -2.77009 96.0798 0.989662 -0.00542421 0.143316 139.777 0 1
113.416 -1.02112 96.1304 0.989612 -0.00537294 0.143662 139.948 0 1
113.378 0.0227989 96.4411 0.989562 -0.0053178 0.144013 140.14 0 1
113.35 1.21439 96.671 0.989516 -0.00527295 0.144329 140.329 0 1
113.354 2.41902 96.6907 0.989481 -0.00525208 0.144565 140.626 0 1
113.392 4.29433 96.5112 0.989463 -0.00526586 0.144687 140.792 0 1
113.439 5.30702 96.218 0.989464 -0.00532057 0.144679 140.956 0 1
113.395 4.30264 96.4884 0.989484 -0.00541742 0.144541 141.244 0 1
113.372 2.48043 96.5714 0.98952 -0.00555244 0.144289 141.423 0 1
113.371 1.34319 96.5315 0.989568 -0.005717 0.143952 141.608 0 1
113.412 0.20953 96.216 0.989623 -0.00589926 0.143564 141.764 0 1
113.412 -0.777587 96.1703 0.98968 -0.00608599 0.143164 141.764 0 1
113.413 7.38454 96.4542 0.988926 -0.0037879 0.14835 141.93 1 1
113.469 8.37857 96.1125 0.988746 -0.00379497 0.149558 142.059 0 1
113.418 7.62017 96.4264 0.988578 -0.00383102 0.150663 142.473 0 1
113.397 10.241 96.6362 0.988435 -0.0039123 0.151594 142.643 0 1
113.421 11.32 96.5305 0.988327 -0.0040474 0.152293 142.809 0 1
113.445 12.3642 96.3932 0.988259 -0.00423553 0.152729 143.048 0 1
113.498 13.8512 96.0907 0.988229 -0.00446858 0.152914 143.287 0 1
113.462 12.3454 96.2868 0.988231 -0.00473449 0.152898 143.455 0 1
113.438 11.2898 96.4143 0.988251 -0.00501949 0.152759 143.614 0 1
113.409 10.2854 96.559 0.988272 -0.00530927 0.152588 143.614 0 1
113.41 15.6208 96.6796 0.986539 -0.00169617 0.163506 143.794 1 1
113.405 16.7641 96.7246 0.986381 -0.00219103 0.164462 143.937 0 1
113.43 15.8689 96.5605 0.986206 -0.00265313 0.1655 143.956 0 1
113.431 15.7521 96.5547 0.986018 -0.00305367 0.166609 144.33 0 1
113.481 18.1152 96.2962 0.98582 -0.00336684 0.167772 144.475 0 1
113.536 18.9885 96.0065 0.985608 -0.00357809 0.169012 144.638 0 1
113.535 20.0225 96.0295 0.985371 -0.00369028 0.170385 144.816 0 1
113.548 21.1541 95.9967 0.9851 -0.00372587 0.171941 144.962 0 1
113.478 20.3041 96.3627 0.984796 -0.0037216 0.173673 145.129 0 1
113.481 19.2455 96.3293 0.98447 -0.00371653 0.175516 145.273 0 1
113.492 18.3326 96.2379 0.984134 -0.00373963 0.177388 146.059 0 1
113.439 23.3162 96.6361 0.983794 -0.00380528 0.179262 146.396 0 1
113.546 25.3897 96.1091 0.983438 -0.00391908 0.181202 146.58 0 1
113.476 26.4965 96.4895 0.98304 -0.00408697 0.183345 146.765 0 1
113.546 25.3904 96.1082 0.982571 -0.00431549 0.185837 146.957 0 1
113.498 24.1937 96.3384 0.982008 -0.00460048 0.188784 146.972 0 1
113.496 24.1029 96.3464 0.981337 -0.00491649 0.192232 147.631 0 1
113.536 28.2889 96.2248 0.980551 -0.00522066 0.196195 147.643 0 1
113.549 28.315 96.1553 0.979639 -0.00546931 0.200691 148.247 0 1
113.594 32.1414 96.0085 0.978591 -0.00563472 0.205739 148.486 0 1
113.489 33.5581 96.5393 0.977399 -0.005715 0.211325 148.621 0 1
113.576 32.8258 96.0987 0.976075 -0.0057338 0.217358 148.847 0 1
113.542 34.2421 96.3318 0.974653 -0.00572669 0.223649 149.041 0 1
113.556 35.4618 96.2906 0.973187 -0.00571711 0.229943 149.328 0 1
113.568 37.2939 96.2611 0.971742 -0.00569687 0.235977 149.495 0 1
113.614 38.3428 96.0794 0.970375 -0.00562678 0.241538 149.661 0 1
113.762 39.2592 95.561 0.969131 -0.00545671 0.246485 149.867 0 1
113.829 40.5484 95.321 0.968039 -0.00515113 0.250747 150.03 0 1
113.892 41.5684 95.1241 0.967114 -0.00470757 0.254301 150.186 0 1
113.849 42.542 95.3246 0.966364 -0.00416293 0.257146 150.347 0 1
113.941 43.5069 95.0033 0.965796 -0.00358334 0.259279 150.501 0 1
113.909 44.4967 95.1337 0.965422 -0.00303747 0.260675 150.674 0 1
113.882 45.6096 95.2327 0.965261 -0.00256663 0.261276 150.84 0 1
113.613 45.9632 96.2064 0.965338 -0.00217285 0.260995 151.048 0 1
113.483 44.7431 96.6815 0.965671 -0.00183379 0.259761 151.212 0 1
113.53 43.7274 96.5093 0.966262 -0.00153203 0.257557 151.383 0 1
113.492 42.6497 96.6458 0.967084 -0.00127736 0.254455 151.576 0 1
113.506 41.4385 96.5636 0.968087 -0.00110815 0.250613 151.812 0 1
113.485 39.9594 96.6049 0.969207 -0.00107407 0.246244 152.005 0 1
113.478 38.728 96.6316 0.970386 -0.00121196 0.241555 152.196 0 1
113.493 37.5119 96.5752 0.97158 -0.001528 0.236707 152.368 0 1
113.5 36.4191 96.5384 0.972763 -0.00199285 0.231794 152.536 0 1
113.509 35.3578 96.4944 0.973925 -0.00254977 0.226857 152.663 0 1
113.589 34.6378 96.1327 0.975062 -0.00313015 0.221909 152.663 0 1
