116.009 -46.4077 98.0291 0.976307 -0.0109434 0.216113 0 1 1
116.05 -47.3595 97.7974 0.976434 -0.010308 0.215572 0.317473 0 1
116.199 -46.5499 97.1681 0.97661 -0.00967881 0.214801 0.528812 0 1
116.235 -45.2079 97.0668 0.976857 -0.00904899 0.213703 0.761495 0 1
116.214 -43.7351 97.2209 0.977186 -0.00841305 0.212217 0.919344 0 1
116.212 -42.7289 97.2609 0.9776 -0.00777909 0.210327 1.07784 0 1
116.226 -41.7122 97.247 0.978092 -0.00717481 0.208048 1.25895 0 1
116.237 -40.5644 97.2321 0.97865 -0.00664263 0.205427 1.45026 0 1
116.231 -39.348 97.3144 0.979258 -0.00622713 0.202524 1.61999 0 1
116.219 -38.2765 97.3938 0.979897 -0.00596305 0.199413 1.80908 0 1
116.235 -37.0707 97.3626 0.980551 -0.00586985 0.196175 1.96949 0 1
116.253 -36.0568 97.2874 0.981199 -0.0059512 0.192905 2.13177 0 1
116.271 -35.0226 97.2178 0.981818 -0.00619389 0.189722 2.29581 0 1
116.277 -33.976 97.2319 0.982383 -0.00656541 0.186763 2.45557 0 1
116.272 -32.9664 97.2852 0.982869 -0.00701625 0.184172 2.73688 0 1
116.266 -31.1803 97.3937 0.983255 -0.00748978 0.182081 2.90014 0 1
116.231 -30.1704 97.6329 0.983525 -0.00793325 0.180599 3.17474 0 1
116.297 -28.4406 97.361 0.983669 -0.00830411 0.179798 3.24212 0 1
116.225 -28.3848 97.7786 0.983682 -0.00857317 0.179709 3.41891 0 1
116.313 -29.3557 97.2252 0.983568 -0.00872917 0.180328 3.57888 0 1
116.185 -30.1121 97.8895 0.983331 -0.00878333 0.181611 3.75476 0 1
116.196 -31.2296 97.7792 0.982983 -0.00876909 0.18349 4.03249 0 1
116.188 -32.9958 97.7399 0.982535 -0.00873341 0.185872 4.23553 0 1
116.172 -34.2837 97.7679 0.982005 -0.00872089 0.188653 4.40002 0 1
116.158 -35.3233 97.7872 0.98141 -0.00875825 0.191721 4.55913 0 1
116.147 -36.3381 97.8183 0.980772 -0.00884858 0.194955 4.83548 0 1
116.151 -38.0968 97.7338 0.980114 -0.00897746 0.198232 5.00173 0 1
116.157 -39.1537 97.677 0.979462 -0.00912469 0.20142 5.17583 0 1
116.14 -40.2549 97.7049 0.978846 -0.00927504 0.204387 5.35362 0 1
116.113 -41.3799 97.7919 0.978294 -0.00942593 0.207006 5.53182 0 1
116.088 -42.5079 97.8346 0.977833 -0.00958965 0.209166 5.69744 0 1
116.079 -43.562 97.834 0.977485 -0.00978647 0.210777 5.92129 0 1
116.066 -44.988 97.8433 0.977266 -0.0100304 0.21178 6.06083 0 1
116.031 -45.8642 97.9603 0.977183 -0.0103165 0.212148 6.19024 0 1
115.858 -45.7071 98.7471 0.977237 -0.0106178 0.211885 6.37654 0 1
115.89 -44.5344 98.6501 0.97742 -0.010894 0.211024 6.53926 0 1
115.895 -43.5027 98.6642 0.97772 -0.0111083 0.209619 6.72008 0 1
115.914 -42.3521 98.6525 0.978119 -0.0112423 0.207744 6.91181 0 1
115.939 -41.1356 98.6105 0.978595 -0.0113018 0.205486 7.10441 0 1
115.963 -39.9152 98.5634 0.979127 -0.0113102 0.202933 7.28608 0 1
115.978 -38.7636 98.5507 0.979698 -0.0112964 0.200159 7.4509 0 1
115.984 -37.7202 98.5785 0.980295 -0.0112847 0.197218 7.63728 0 1
115.989 -36.5412 98.6197 0.980908 -0.0112902 0.194144 7.81125 0 1
115.988 -35.441 98.6662 0.981534 -0.0113172 0.190954 8.07208 0 1
116.018 -33.7862 98.6072 0.982169 -0.0113613 0.187657 8.23578 0 1
116.036 -32.7501 98.5789 0.98281 -0.0114119 0.184265 8.4062 0 1
116.046 -31.6745 98.5908 0.983452 -0.0114567 0.180807 8.59992 0 1
116.047 -30.4488 98.6435 0.984085 -0.0114854 0.177328 8.80671 0 1
116.071 -29.1341 98.5951 0.984698 -0.01149 0.173892 9.07216 0 1
116.101 -27.4452 98.5425 0.98528 -0.0114628 0.170562 9.28382 0 1
116.111 -26.1031 98.5752 0.985823 -0.0113935 0.167399 9.47477 0 1
116.113 -24.8978 98.6401 0.986323 -0.0112708 0.164441 9.67842 0 1
116.127 -23.6062 98.6527 0.986776 -0.0110872 0.161711 9.86731 0 1
116.138 -22.4095 98.6638 0.987184 -0.0108433 0.159218 10.0662 0 1
116.169 -21.1545 98.5523 0.987549 -0.0105503 0.156959 10.2846 0 1
116.177 -19.7685 98.6047 0.987873 -0.0102268 0.154927 10.5602 0 1
116.197 -18.0181 98.5964 0.98816 -0.00989334 0.153109 10.7182 0 1
116.207 -17.0149 98.5847 0.988412 -0.00956609 0.151491 10.8959 0 1
116.219 -15.8847 98.5733 0.988634 -0.00925224 0.150056 11.0716 0 1
116.226 -14.7688 98.5942 0.988829 -0.00894971 0.148788 11.2382 0 1
116.233 -13.7098 98.6028 0.988999 -0.00865017 0.14767 11.416 0 1
116.245 -12.5788 98.5814 0.989147 -0.00834376 0.146689 11.5887 0 1
116.257 -11.4799 98.5643 0.989276 -0.00802319 0.145838 11.7745 0 1
116.265 -10.2991 98.5746 0.989385 -0.0076859 0.145113 12.0323 0 1
116.258 -8.66505 98.713 0.989476 -0.0073338 0.144513 12.2227 0 1
116.26 -7.45541 98.7643 0.989547 -0.0069711 0.14404 12.4909 0 1
116.299 -5.76108 98.5747 0.9896 -0.0066019 0.143694 12.6802 0 1
116.305 -4.55995 98.5792 0.989634 -0.00622864 0.143476 12.862 0 1
116.312 -3.40481 98.5844 0.989649 -0.00585166 0.143388 13.0241 0 1
116.315 -2.37518 98.5977 0.989644 -0.00546938 0.143436 13.2304 0 1
116.322 -1.06351 98.5992 0.989619 -0.00507988 0.143623 13.3932 0 1
116.325 -0.029426 98.6141 0.989574 -0.00468379 0.143952 13.6248 0 1
116.339 1.44102 98.5685 0.989507 -0.00428652 0.144423 13.7845 0 1
116.338 2.45452 98.6066 0.989418 -0.003896 0.145043 13.9576 0 1
116.339 3.55401 98.6252 0.989305 -0.00351739 0.145822 14.1231 0 1
116.34 4.60608 98.6477 0.989165 -0.00315087 0.146773 14.2818 0 1
116.342 5.61488 98.654 0.988997 -0.00279655 0.147912 14.4441 0 1
116.344 6.6469 98.6646 0.988797 -0.00246031 0.149247 14.6728 0 1
116.341 8.09858 98.7 0.988565 -0.00215154 0.150778 14.8517 0 1
116.345 9.23758 98.6948 0.988301 -0.00187284 0.152502 15.0822 0 1
116.358 10.7027 98.6441 0.988006 -0.00161283 0.154409 15.3761 0 1
116.353 12.5665 98.6752 0.987678 -0.00135054 0.156496 15.6332 0 1
116.367 14.2016 98.5944 0.987317 -0.00106872 0.158759 15.8138 0 1
116.368 15.3478 98.577 0.986921 -0.000765417 0.161201 15.9755 0 1
116.36 16.3731 98.6535 0.98649 -0.000455249 0.16382 16.1405 0 1
116.372 17.414 98.5888 0.986023 -0.000160322 0.166607 16.3154 0 1
116.365 18.5205 98.6219 0.985523 0.000102735 0.169544 16.5684 0 1
116.374 20.1198 98.5636 0.984991 0.000330057 0.172607 16.8611 0 1
116.349 21.9731 98.7072 0.984431 0.000525987 0.175771 17.0203 0 1
116.336 22.9828 98.7649 0.983845 0.000691318 0.179019 17.2106 0 1
116.347 24.1892 98.6979 0.983234 0.000817196 0.182347 17.4162 0 1
116.362 25.4886 98.6072 0.982594 0.000891324 0.185766 17.596 0 1
116.35 26.6286 98.6657 0.98192 0.000908949 0.189292 17.8502 0 1
116.36 28.2424 98.5994 0.981211 0.000876901 0.192935 18.0335 0 1
116.363 29.4014 98.5755 0.980465 0.000808655 0.196693 18.1918 0 1
116.354 30.4054 98.6063 0.979684 0.000718508 0.200547 18.4993 0 1
116.348 32.3569 98.6197 0.978873 0.000622128 0.204469 18.659 0 1
116.348 33.3676 98.6238 0.978038 0.000541272 0.208424 18.8273 0 1
116.338 34.4263 98.6555 0.977188 0.000503831 0.212377 19.0011 0 1
116.33 35.5244 98.6748 0.976331 0.000533971 0.216283 19.1678 0 1
116.343 36.5782 98.6094 0.97548 0.000637541 0.220085 19.3643 0 1
116.352 37.8223 98.5637 0.974655 0.000794049 0.223713 19.5649 0 1
116.321 39.086 98.6917 0.973872 0.000961723 0.227094 19.738 0 1
116.32 40.1813 98.692 0.973147 0.00109176 0.230182 19.9214 0 1
116.322 41.3351 98.6708 0.972484 0.00114295 0.232967 20.1063 0 1
116.321 42.4988 98.6568 0.971879 0.00109163 0.235477 20.2892 0 1
116.321 43.6533 98.6433 0.971326 0.000936716 0.237749 20.4658 0 1
116.316 44.7718 98.6526 0.970822 0.00069856 0.2398 20.6286 0 1
116.3 45.804 98.7165 0.970374 0.000409554 0.241607 20.8617 0 1
116.277 47.2808 98.8094 0.969997 9.94192e-05 0.243115 21.0324 0 1
116.419 48.1913 98.2435 0.969712 -0.000215396 0.24425 21.286 0 1
116.757 47.3339 96.924 0.969541 -0.000531787 0.244928 21.5422 0 1
116.775 45.714 96.8341 0.969504 -0.000852218 0.245072 21.7113 0 1
116.756 44.6342 96.8967 0.969619 -0.0011763 0.244618 21.8809 0 1
116.739 43.5482 96.9525 0.969891 -0.00149659 0.243535 22.0472 0 1
116.729 42.4829 96.9952 0.970316 -0.00180085 0.241835 22.2141 0 1
116.718 41.4197 97.0401 0.970877 -0.00208097 0.239569 22.3839 0 1
116.707 40.3422 97.0692 0.971551 -0.00234272 0.236818 22.5496 0 1
116.711 39.2839 97.0394 0.972313 -0.00260517 0.233669 22.7136 0 1
116.717 38.2334 97.005 0.973137 -0.00288599 0.230207 22.8716 0 1
116.712 37.2234 97.0075 0.974006 -0.00318407 0.226502 23.0311 0 1
116.705 36.203 97.0137 0.974901 -0.00347593 0.222611 23.1924 0 1
116.703 35.1721 97.0019 0.975809 -0.00372961 0.218592 23.3533 0 1
116.704 34.1415 96.9798 0.976715 -0.00392414 0.214507 23.5146 0 1
116.702 33.1157 96.9575 0.977601 -0.00405936 0.210426 23.6719 0 1
116.701 32.1108 96.9291 0.978455 -0.00415082 0.206421 23.9209 0 1
116.71 30.5234 96.86 0.979263 -0.00421699 0.20255 24.0816 0 1
116.715 29.5023 96.8189 0.980021 -0.00426878 0.19885 24.2406 0 1
116.716 28.4937 96.7935 0.980728 -0.00430626 0.195328 24.4074 0 1
116.699 27.4373 96.8603 0.981392 -0.00432196 0.191964 24.578 0 1
116.711 26.3596 96.7825 0.982021 -0.0043079 0.188723 24.7591 0 1
116.723 25.2148 96.6879 0.982621 -0.00426261 0.185575 25.0248 0 1
116.676 23.5402 96.8989 0.983196 -0.00419446 0.182503 25.1934 0 1
116.679 22.4686 96.8625 0.983748 -0.00411957 0.179509 25.3535 0 1
116.687 21.4502 96.8082 0.984274 -0.00405668 0.176599 25.5121 0 1
116.689 20.4431 96.7698 0.984777 -0.00402241 0.173778 25.6734 0 1
116.698 19.4205 96.6952 0.985255 -0.00402812 0.171046 25.8338 0 1
116.7 18.4027 96.6582 0.98571 -0.00407778 0.168404 26.002 0 1
116.679 17.3407 96.7593 0.986142 -0.00416679 0.165853 26.2251 0 1
116.679 15.93 96.7135 0.98655 -0.00428282 0.163403 26.468 0 1
116.683 14.3933 96.6411 0.986934 -0.00441004 0.161066 26.6279 0 1
116.676 13.3772 96.6572 0.987292 -0.0045355 0.158855 26.9034 0 1
116.659 11.6262 96.7235 0.987622 -0.00465432 0.156782 27.0784 0 1
116.661 10.5145 96.6704 0.987925 -0.00476998 0.154859 27.2641 0 1
116.647 9.33566 96.7144 0.988199 -0.00488974 0.153095 27.4232 0 1
116.636 8.32363 96.7627 0.988446 -0.00501861 0.151493 27.5912 0 1
116.631 7.25547 96.7611 0.988665 -0.00515573 0.150053 27.7601 0 1
116.626 6.17979 96.7659 0.988858 -0.00529495 0.148767 27.9799 0 1
116.626 4.78331 96.7262 0.989028 -0.00542808 0.147628 28.1399 0 1
116.629 3.76883 96.6649 0.989176 -0.00554843 0.146628 28.3071 0 1
116.635 2.70991 96.5801 0.989303 -0.00565277 0.145763 28.4835 0 1
116.64 1.59094 96.5035 0.98941 -0.00574157 0.145033 28.6418 0 1
116.636 0.584525 96.4889 0.989496 -0.00581885 0.144443 28.9341 0 1
116.614 -1.2728 96.568 0.98956 -0.00589125 0.143998 29.0923 0 1
116.606 -2.27806 96.5817 0.989602 -0.00596592 0.143706 29.2567 0 1
116.599 -3.32375 96.5899 0.989621 -0.00604753 0.143573 29.5114 0 1
116.6 -4.94196 96.5155 0.989617 -0.00613609 0.143599 29.6896 0 1
116.598 -6.07411 96.4788 0.98959 -0.00622672 0.14378 29.8989 0 1
116.575 -7.40088 96.5825 0.989542 -0.00631097 0.144107 30.1039 0 1
116.575 -8.70233 96.5243 0.989474 -0.0063794 0.144572 30.3246 0 1
116.569 -10.1047 96.5015 0.989386 -0.00642542 0.145172 30.5172 0 1
116.572 -11.3266 96.4232 0.989277 -0.00644913 0.145912 30.7596 0 1
116.562 -12.8696 96.4242 0.989146 -0.00645798 0.146797 30.9339 0 1
116.545 -13.9749 96.4879 0.988991 -0.00646278 0.147832 31.099 0 1
116.544 -15.0228 96.4467 0.988814 -0.00647123 0.149011 31.3808 0 1
116.533 -16.8117 96.4389 0.988615 -0.00648293 0.150327 31.5442 0 1
116.524 -17.8496 96.45 0.988394 -0.00648886 0.151771 31.707 0 1
116.514 -18.8836 96.4733 0.988152 -0.00647578 0.153339 31.8669 0 1
116.517 -19.8975 96.4073 0.987888 -0.00643339 0.155034 32.0405 0 1
116.508 -21.002 96.4201 0.9876 -0.00635889 0.156864 32.1977 0 1
116.499 -22.0005 96.4275 0.987283 -0.00625514 0.158853 32.3804 0 1
116.507 -23.1576 96.331 0.98693 -0.00612332 0.161034 32.5825 0 1
116.507 -24.4436 96.2823 0.986533 -0.00595585 0.163452 32.768 0 1
116.5 -25.6225 96.2787 0.986083 -0.00573468 0.166152 32.9561 0 1
116.49 -26.8162 96.3057 0.985573 -0.00543687 0.169164 33.2062 0 1
116.464 -28.3994 96.3978 0.984997 -0.00504703 0.172496 33.3696 0 1
116.464 -29.4345 96.3537 0.984358 -0.00457323 0.176122 33.5285 0 1
116.434 -30.4379 96.4977 0.983661 -0.00405761 0.179986 33.6993 0 1
116.424 -31.5248 96.5143 0.982918 -0.00357151 0.18401 33.8716 0 1
116.431 -32.6222 96.4537 0.982142 -0.00319324 0.188115 34.0432 0 1
116.432 -33.714 96.4171 0.981343 -0.00298151 0.19224 34.2153 0 1
116.434 -34.8111 96.3944 0.980531 -0.00296175 0.196344 34.3862 0 1
116.437 -35.8992 96.3747 0.97971 -0.00313076 0.200394 34.647 0 1
116.407 -37.5541 96.4969 0.978894 -0.00346924 0.204341 34.8171 0 1
116.396 -38.6443 96.5323 0.9781 -0.00394932 0.2081 34.9957 0 1
116.405 -39.7842 96.466 0.977357 -0.00453514 0.211548 35.1829 0 1
116.417 -40.9796 96.3834 0.976702 -0.00518408 0.21454 35.3454 0 1
116.409 -42.0156 96.402 0.976167 -0.00585423 0.216943 35.6186 0 1
116.402 -43.7638 96.3815 0.975775 -0.00651424 0.21868 35.809 0 1
116.403 -44.9793 96.3319 0.975528 -0.00714646 0.21976 35.9733 0 1
116.394 -46.0283 96.3258 0.975408 -0.00774052 0.220271 36.1521 0 1
116.383 -47.1724 96.3267 0.975384 -0.00828363 0.220357 36.3131 0 1
116.309 -48.1625 96.6062 0.97542 -0.00875578 0.220179 36.5145 0 1
116.029 -48.364 97.8517 0.975483 -0.00913331 0.219885 36.6735 0 1
115.852 -47.8102 98.6772 0.975544 -0.00939859 0.219602 36.9009 0 1
115.832 -46.3839 98.8301 0.97558 -0.00955042 0.219435 37.0304 0 1
115.657 -46.2579 99.6191 0.975574 -0.0096061 0.219462 37.2058 0 1
115.609 -47.3514 99.7724 0.975514 -0.00958933 0.219728 37.363 0 1
115.659 -48.3077 99.5153 0.975402 -0.00951039 0.220229 37.5631 0 1
115.823 -49.2888 98.7413 0.97525 -0.00935433 0.220908 37.7733 0 1
116.107 -49.4082 97.4517 0.975083 -0.00908767 0.221654 37.9365 0 1
116.33 -49.0962 96.4847 0.974933 -0.00867793 0.222328 38.1597 0 1
116.566 -48.0968 95.497 0.974836 -0.00811074 0.222776 38.3869 0 1
116.597 -46.6394 95.4227 0.974822 -0.00739271 0.222861 38.5741 0 1
116.607 -45.4414 95.4421 0.974917 -0.00654234 0.222471 38.7524 0 1
116.607 -44.3072 95.4888 0.975139 -0.00558161 0.221525 38.9156 0 1
116.605 -43.2644 95.5034 0.975495 -0.00453842 0.219974 39.0843 0 1
116.63 -42.1805 95.4199 0.975987 -0.0034573 0.217801 39.2973 0 1
116.611 -40.8148 95.5321 0.976604 -0.00240813 0.215031 39.4654 0 1
116.591 -39.7469 95.6192 0.977329 -0.00148275 0.211721 39.658 0 1
116.588 -38.5206 95.6513 0.978138 -0.00077576 0.207955 39.873 0 1
116.616 -37.1575 95.5013 0.979007 -0.000356201 0.203828 40.1346 0 1
116.614 -35.479 95.5117 0.97991 -0.000245246 0.199439 40.3224 0 1
116.599 -34.2866 95.5537 0.980825 -0.000412101 0.194892 40.5042 0 1
116.603 -33.1283 95.5549 0.981726 -0.000789237 0.190296 40.6895 0 1
116.591 -31.9509 95.5998 0.982595 -0.0012972 0.185756 40.8539 0 1
116.602 -30.8996 95.5676 0.983414 -0.00186567 0.181364 41.1498 0 1
116.612 -29.0158 95.5354 0.984173 -0.00244213 0.177196 41.3226 0 1
116.639 -27.9262 95.3968 0.984865 -0.00298956 0.173298 41.5426 0 1
116.627 -26.5342 95.4991 0.98549 -0.00348173 0.169697 41.7745 0 1
116.661 -25.0714 95.3346 0.986051 -0.00390272 0.166398 41.936 0 1
116.653 -24.0487 95.4176 0.986552 -0.00424945 0.163394 42.1515 0 1
116.639 -22.6874 95.5203 0.986998 -0.00453192 0.160669 42.3085 0 1
116.65 -21.6878 95.4932 0.987394 -0.00476824 0.158207 42.478 0 1
116.641 -20.6138 95.5865 0.987746 -0.00497642 0.155992 42.8034 0 1
116.655 -18.5468 95.5793 0.988056 -0.00516765 0.154008 42.9789 0 1
116.652 -17.4335 95.6212 0.98833 -0.00534424 0.152236 43.1579 0 1
116.668 -16.2954 95.5627 0.98857 -0.00550225 0.15066 43.4129 0 1
116.679 -14.6747 95.5548 0.988781 -0.00563605 0.149266 43.5931 0 1
116.682 -13.531 95.5839 0.988965 -0.00574216 0.148041 43.8452 0 1
116.69 -11.9302 95.5959 0.989123 -0.005821 0.146973 44.0052 0 1
116.687 -10.9152 95.6547 0.989259 -0.0058765 0.146057 44.2652 0 1
116.707 -9.26113 95.5962 0.989372 -0.00591448 0.145288 44.5091 0 1
116.705 -7.71519 95.6671 0.989462 -0.00594123 0.144669 44.707 0 1
116.713 -6.457 95.6661 0.98953 -0.00596292 0.144203 44.8819 0 1
116.728 -5.34633 95.6061 0.989575 -0.00598551 0.143894 45.0537 0 1
116.742 -4.25512 95.5557 0.989597 -0.00601353 0.143741 45.2372 0 1
116.732 -3.09437 95.6733 0.989597 -0.00604793 0.143743 45.4228 0 1
116.733 -1.91423 95.721 0.989575 -0.00608504 0.143892 45.5804 0 1
116.74 -0.912882 95.7076 0.989532 -0.00611848 0.144187 45.8953 0 1
116.757 1.08937 95.6812 0.989468 -0.00614283 0.144625 46.0716 0 1
116.761 2.20983 95.7029 0.989383 -0.00615622 0.145202 46.2332 0 1
116.762 3.23633 95.7367 0.989278 -0.00615999 0.145913 46.396 0 1
116.764 4.27079 95.7754 0.989155 -0.00615585 0.146745 46.5571 0 1
116.777 5.29121 95.7242 0.989016 -0.00614337 0.147684 46.7455 0 1
116.763 6.48075 95.8552 0.98886 -0.00612089 0.148722 46.9161 0 1
116.77 7.56647 95.8554 0.988689 -0.00608857 0.149859 47.0919 0 1
116.779 8.68401 95.8332 0.988499 -0.0060498 0.151106 47.287 0 1
116.782 9.92487 95.8684 0.988287 -0.00600919 0.152485 47.4608 0 1
116.792 11.0281 95.8475 0.988049 -0.00597008 0.154022 47.6287 0 1
116.803 12.0944 95.8226 0.987779 -0.00593492 0.155746 47.8014 0 1
116.821 13.1878 95.7393 0.987473 -0.0059078 0.157677 47.9689 0 1
116.817 14.2525 95.797 0.987127 -0.0058951 0.159828 48.1781 0 1
116.818 15.5825 95.8584 0.986741 -0.00590266 0.162193 48.3379 0 1
116.81 16.5924 95.9406 0.986318 -0.00593179 0.164749 48.5269 0 1
116.83 17.7909 95.872 0.985862 -0.00597726 0.167455 48.7106 0 1
116.844 18.9577 95.8409 0.985379 -0.00602867 0.17027 48.8709 0 1
116.845 19.974 95.8676 0.984875 -0.00607564 0.173162 49.1908 0 1
116.842 22.0037 95.9651 0.98435 -0.00611693 0.176117 49.3555 0 1
116.842 23.0471 95.979 0.983804 -0.00616837 0.179143 49.524 0 1
116.864 24.115 95.9056 0.983229 -0.00626034 0.182266 49.6941 0 1
116.878 25.1946 95.8627 0.982619 -0.00642134 0.185522 49.9481 0 1
116.872 26.8075 95.9508 0.981964 -0.00665777 0.188953 50.1185 0 1
116.87 27.8886 95.9902 0.981252 -0.00694532 0.192602 50.2815 0 1
116.879 28.9249 95.9912 0.980476 -0.00723597 0.196506 50.4495 0 1
116.884 29.9885 95.991 0.979628 -0.00747301 0.20068 50.6244 0 1
116.894 31.0984 95.9629 0.97871 -0.00760588 0.205105 50.8285 0 1
116.885 32.3986 96.0841 0.977734 -0.00760381 0.209709 50.9923 0 1
116.887 33.4422 96.1119 0.976722 -0.00746551 0.214377 51.1545 0 1
116.897 34.4786 96.1357 0.975704 -0.00721727 0.218975 51.3186 0 1
116.896 35.5222 96.1608 0.974705 -0.00689707 0.223388 51.4808 0 1
116.911 36.5607 96.1734 0.973746 -0.00653464 0.227543 51.6479 0 1
116.915 37.6179 96.1773 0.972837 -0.00614082 0.231408 51.8312 0 1
116.921 38.7819 96.1842 0.971986 -0.00570944 0.23497 52.0026 0 1
116.927 39.872 96.1734 0.971199 -0.00522506 0.238213 52.1685 0 1
116.927 40.934 96.1881 0.970488 -0.00467091 0.241102 52.3324 0 1
116.943 41.9869 96.1638 0.969874 -0.00403736 0.243575 52.4947 0 1
116.947 43.0255 96.1454 0.969378 -0.00333179 0.245551 52.6572 0 1
116.96 44.0655 96.1092 0.969022 -0.00258482 0.246961 52.8265 0 1
116.978 45.1471 96.0532 0.968817 -0.00184575 0.247769 53.0008 0 1
117.011 46.2535 95.934 0.96876 -0.00116668 0.247997 53.2079 0 1
117.013 47.5785 95.9387 0.968831 -0.000582562 0.247722 53.3666 0 1
116.971 48.5815 96.0867 0.968999 -9.79492e-05 0.247064 53.5671 0 1
116.693 49.2185 97.162 0.969229 0.0003126 0.246159 53.8166 0 1
116.304 49.1908 98.7005 0.969491 0.000689469 0.245126 54.0474 0 1
116.066 48.1018 99.6494 0.969764 0.00106586 0.24404 54.3063 0 1
116.041 46.4677 99.7629 0.970044 0.00145208 0.242924 54.4692 0 1
116.088 45.4593 99.572 0.970339 0.00183675 0.241742 54.6319 0 1
116.108 44.4352 99.4933 0.970666 0.00220269 0.240421 54.821 0 1
116.111 43.2398 99.4968 0.971049 0.00254214 0.238868 55.0185 0 1
116.116 41.9942 99.4962 0.971505 0.00285705 0.237002 55.2035 0 1
116.114 40.8305 99.5178 0.972046 0.00314732 0.234769 55.3668 0 1
116.119 39.7997 99.5325 0.972673 0.00340258 0.232155 55.5286 0 1
116.119 38.7824 99.5339 0.973377 0.00360742 0.229182 55.7155 0 1
116.154 37.6048 99.4161 0.974143 0.00375305 0.225901 55.916 0 1
116.143 36.3424 99.4793 0.974951 0.00384383 0.222388 56.1041 0 1
116.147 35.1427 99.5075 0.975777 0.0038955 0.218734 56.2849 0 1
116.159 34.0018 99.4728 0.976599 0.00392982 0.215031 56.4507 0 1
116.17 32.9507 99.4533 0.977402 0.00396872 0.211352 56.6161 0 1
116.172 31.9082 99.4453 0.978176 0.00402766 0.207737 56.7853 0 1
116.183 30.8326 99.4406 0.978924 0.00410893 0.204182 56.9529 0 1
116.19 29.7726 99.4299 0.979651 0.00419887 0.200665 57.112 0 1
116.177 28.7664 99.5159 0.98036 0.00427222 0.197168 57.2708 0 1
116.141 27.7792 99.7083 0.981052 0.00430118 0.193698 57.4405 0 1
116.194 26.7293 99.4619 0.981721 0.00426345 0.19028 57.6035 0 1
116.189 25.6943 99.5158 0.982363 0.004146 0.18694 57.8219 0 1
116.186 24.3087 99.5638 0.982977 0.00394686 0.183689 57.9843 0 1
116.197 23.2796 99.5409 0.983565 0.00367516 0.180515 58.1448 0 1
116.204 22.2622 99.5222 0.984133 0.00334749 0.177398 58.3093 0 1
116.212 21.2201 99.4852 0.984685 0.00298054 0.174319 58.5848 0 1
116.206 19.4746 99.5334 0.98522 0.0025847 0.171271 58.8348 0 1
116.212 17.8926 99.521 0.985738 0.00216336 0.168271 59.0548 0 1
116.217 16.5001 99.5047 0.986234 0.00171746 0.165344 59.2165 0 1
116.21 15.4739 99.5478 0.986703 0.00125035 0.16253 59.4591 0 1
116.223 13.9354 99.4915 0.987138 0.000768708 0.159868 59.6776 0 1
116.218 12.5499 99.5392 0.987536 0.000279425 0.157392 59.9042 0 1
116.232 11.1117 99.445 0.987895 -0.000214063 0.155125 60.1587 0 1
116.211 9.50065 99.5876 0.988214 -0.000712688 0.153077 60.3264 0 1
116.215 8.43809 99.5427 0.988495 -0.00121944 0.151249 60.5224 0 1
116.205 7.19331 99.5999 0.98874 -0.0017361 0.149635 60.8379 0 1
116.218 5.19445 99.4784 0.988951 -0.00226145 0.148226 61.0092 0 1
116.218 4.1056 99.47 0.98913 -0.00279176 0.147014 61.1881 0 1
116.219 2.97022 99.4338 0.98928 -0.00332269 0.145992 61.3684 0 1
116.21 1.8253 99.4687 0.989401 -0.0038513 0.145155 61.6271 0 1
116.204 0.182417 99.4628 0.989496 -0.00437701 0.144496 61.8604 0 1
116.195 -1.29767 99.468 0.989564 -0.00490072 0.144012 62.0445 0 1
116.192 -2.46662 99.445 0.989606 -0.00542233 0.1437 62.3131 0 1
116.185 -4.17453 99.435 0.989624 -0.00593813 0.143556 62.4856 0 1
116.178 -5.27059 99.4342 0.989619 -0.00644018 0.143575 62.6555 0 1
116.152 -6.34196 99.5652 0.98959 -0.0069189 0.143749 62.8963 0 1
116.144 -7.8717 99.5455 0.98954 -0.00736812 0.144067 63.0545 0 1
116.14 -8.87725 99.5157 0.989471 -0.0077895 0.144522 63.2511 0 1
116.136 -10.1272 99.4688 0.989382 -0.00819352 0.145107 63.4352 0 1
116.103 -11.2875 99.6219 0.989274 -0.00859565 0.14582 63.7207 0 1
116.111 -13.099 99.4675 0.989146 -0.00900929 0.14666 63.8864 0 1
116.102 -14.1524 99.4559 0.988999 -0.00943898 0.147623 64.0446 0 1
116.086 -15.1588 99.5036 0.988832 -0.0098794 0.148704 64.2079 0 1
116.08 -16.1975 99.4904 0.988647 -0.0103216 0.149903 64.3924 0 1
116.066 -17.3669 99.4886 0.98844 -0.0107608 0.151231 64.5636 0 1
116.056 -18.4574 99.4888 0.988208 -0.0111974 0.15271 64.7244 0 1
116.044 -19.4776 99.4851 0.987944 -0.0116311 0.154372 64.9261 0 1
116.022 -20.7574 99.5145 0.987645 -0.0120542 0.156246 65.0969 0 1
116.012 -21.843 99.4935 0.987304 -0.0124544 0.158352 65.2585 0 1
116.004 -22.8686 99.4731 0.98692 -0.0128203 0.160699 65.4376 0 1
115.978 -23.9999 99.5349 0.986492 -0.0131441 0.163284 65.6773 0 1
115.953 -25.5178 99.5711 0.986018 -0.013418 0.166096 65.8636 0 1
115.922 -26.6931 99.6326 0.985503 -0.0136312 0.169111 66.0774 0 1
115.932 -28.0399 99.4721 0.98495 -0.0137744 0.172292 66.2451 0 1
115.88 -29.0801 99.6794 0.984365 -0.0138474 0.175593 66.4622 0 1
115.892 -30.4483 99.4972 0.983758 -0.0138641 0.178961 66.7439 0 1
115.873 -32.2434 99.4694 0.983137 -0.0138516 0.182345 66.9153 0 1
115.859 -33.3333 99.4694 0.982509 -0.013841 0.1857 67.1003 0 1
115.826 -34.502 99.5566 0.981881 -0.0138541 0.188993 67.3077 0 1
115.815 -35.8163 99.545 0.981257 -0.013892 0.192201 67.5023 0 1
115.817 -37.0383 99.4439 0.980643 -0.0139318 0.19531 67.6776 0 1
115.81 -38.1466 99.414 0.980039 -0.0139342 0.198318 67.8492 0 1
115.79 -39.231 99.4319 0.979448 -0.0138583 0.201222 68.0292 0 1
115.771 -40.37 99.4679 0.97887 -0.0136749 0.204027 68.2242 0 1
115.739 -41.5977 99.5154 0.978304 -0.0133734 0.206741 68.422 0 1
115.716 -42.8477 99.5398 0.977749 -0.0129625 0.209378 68.6099 0 1
115.701 -44.0356 99.5301 0.977199 -0.0124664 0.211957 68.7826 0 1
115.668 -45.1231 99.6292 0.976651 -0.0119191 0.214502 68.8723 0 1
115.638 -45.677 99.7411 0.976097 -0.0113588 0.217036 68.8723 0 1
116.343 -27.0651 97.1592 0.985803 -0.00849268 0.167694 69.0842 1 1
116.251 -25.8639 97.749 0.98598 -0.00839094 0.16665 69.2538 0 1
116.261 -24.787 97.7521 0.986142 -0.00829025 0.165698 69.4176 0 1
116.294 -23.7569 97.6037 0.986291 -0.00820694 0.164813 69.5324 0 1
116.37 -23.1728 97.1725 0.986436 -0.00815947 0.163945 69.7364 0 1
116.369 -24.4693 97.1153 0.986586 -0.00816047 0.163039 69.9312 0 1
116.356 -25.7071 97.1308 0.986748 -0.00821112 0.162049 70.0827 0 1
116.359 -26.6702 97.0822 0.986929 -0.00829847 0.160943 70.7072 0 1
116.253 -22.807 97.9112 0.98713 -0.00839827 0.159702 70.9934 0 1
116.332 -21.029 97.5231 0.98735 -0.00848271 0.158331 71.13 0 1
116.334 -21.8969 97.4598 0.987584 -0.00852907 0.156859 71.179 0 1
116.334 -22.2093 97.4485 0.987825 -0.00852458 0.155335 71.5854 0 1
116.301 -19.6457 97.8196 0.988063 -0.00846659 0.15382 71.767 0 1
116.319 -18.4974 97.7672 0.988287 -0.00836056 0.152375 71.9623 0 1
116.341 -17.2599 97.6904 0.988491 -0.00821778 0.151059 72.1288 0 1
116.35 -16.2022 97.6834 0.988665 -0.00805335 0.149922 72.2904 0 1
116.347 -15.1787 97.7595 0.988805 -0.0078839 0.149003 72.4574 0 1
116.346 -14.1194 97.8197 0.988908 -0.0077251 0.14833 72.7305 0 1
116.379 -12.3889 97.6867 0.988972 -0.0075909 0.147911 72.902 0 1
116.461 -11.4304 97.1744 0.988998 -0.00749565 0.14774 73.065 0 1
116.441 -12.4646 97.264 0.988989 -0.00745787 0.1478 73.3308 0 1
116.404 -14.1452 97.4273 0.988949 -0.00750141 0.148068 73.4964 0 1
116.408 -15.1938 97.3449 0.98888 -0.00765067 0.14852 73.6587 0 1
116.415 -16.2209 97.2457 0.988786 -0.00792123 0.149129 73.8241 0 1
116.409 -17.2725 97.2377 0.988671 -0.00831125 0.149866 73.9829 0 1
116.389 -18.2775 97.3211 0.988541 -0.00879876 0.150695 74.1462 0 1
116.348 -19.2895 97.541 0.988401 -0.00934605 0.151578 74.1849 0 1
116.35 -19.5328 97.5134 0.988253 -0.00990852 0.152474 74.1849 0 1
116.457 -11.326 97.207 0.989385 -0.00772386 0.145111 74.3901 1 1
116.44 -10.033 97.3941 0.989442 -0.0075572 0.144733 74.5125 0 1
116.376 -10.6979 97.7916 0.989497 -0.00738305 0.144363 74.7291 0 1
116.458 -9.411 97.3009 0.98955 -0.00719999 0.144012 74.9394 0 1
116.386 -8.19724 97.854 0.989597 -0.00700894 0.143693 75.0624 0 1
116.394 -8.97425 97.7658 0.989638 -0.00681299 0.143422 75.3657 0 1
116.452 -7.07557 97.4493 0.98967 -0.00661708 0.143214 75.5474 0 1
116.482 -5.93124 97.293 0.989689 -0.00642688 0.143087 75.7067 0 1
116.469 -4.92778 97.4261 0.989695 -0.00624626 0.143055 75.8652 0 1
116.46 -3.92568 97.5296 0.989685 -0.00607398 0.143132 76.0309 0 1
116.471 -2.87161 97.5007 0.989657 -0.00590196 0.143331 76.2021 0 1
116.486 -1.78646 97.4331 0.98961 -0.00571734 0.143663 76.3855 0 1
116.504 -0.623141 97.3569 0.989544 -0.00550835 0.144127 76.6464 0 1
116.527 1.03115 97.2594 0.989461 -0.00527049 0.144703 76.8296 0 1
116.519 2.19197 97.3517 0.989368 -0.00501018 0.145348 76.9922 0 1
116.505 3.21648 97.4939 0.989274 -0.00474456 0.145994 77.1498 0 1
116.494 4.21217 97.5934 0.989191 -0.00449784 0.146563 77.4216 0 1
116.489 5.938 97.681 0.98913 -0.00429567 0.146984 77.7045 0 1
116.503 7.73222 97.6149 0.989097 -0.00415896 0.147204 77.8892 0 1
116.499 8.90713 97.6788 0.989098 -0.00409918 0.147205 78.057 0 1
116.47 7.85117 97.8389 0.989128 -0.00411654 0.146997 78.3402 0 1
116.465 6.0482 97.8427 0.989184 -0.00420159 0.146619 78.4986 0 1
116.462 5.04215 97.8422 0.989257 -0.00433929 0.146125 78.7899 0 1
116.462 3.19389 97.7813 0.989337 -0.00451364 0.145572 78.9516 0 1
116.469 2.16967 97.693 0.989419 -0.00471102 0.14501 79.1299 0 1
116.478 1.0396 97.5956 0.989496 -0.0049215 0.144478 79.3812 0 1
116.453 -0.553397 97.7118 0.989564 -0.00513841 0.143999 79.5396 0 1
116.442 -1.55923 97.7469 0.989623 -0.00535748 0.143585 79.7145 0 1
116.43 -2.67045 97.7909 0.989673 -0.00557612 0.143236 79.891 0 1
116.423 -3.79203 97.7925 0.989714 -0.00579308 0.142944 80.0546 0 1
116.424 -4.83106 97.7426 0.989749 -0.0060082 0.142693 80.2139 0 1
116.431 -5.83937 97.6525 0.98978 -0.00622209 0.142468 80.3851 0 1
116.468 -6.88326 97.3487 0.98981 -0.00643565 0.142249 80.3851 0 1
116.5 10.3559 97.7037 0.988571 -0.00298184 0.150724 80.4574 1 1
116.542 10.7291 97.4393 0.988347 -0.00273966 0.152193 80.5095 0 1
116.541 10.3975 97.4388 0.988122 -0.00254251 0.15365 80.7838 0 1
116.486 12.0933 97.8394 0.987892 -0.00242265 0.155122 80.8857 0 1
116.499 12.7354 97.7595 0.98765 -0.0023948 0.156657 80.9185 0 1
116.496 12.5276 97.7763 0.987386 -0.00244307 0.158311 81.1789 0 1
116.53 14.1688 97.5685 0.987092 -0.00252399 0.160133 81.215 0 1
116.496 14.2348 97.7862 0.986765 -0.00258288 0.162136 81.4654 0 1
116.541 15.8099 97.5417 0.98641 -0.00257367 0.164283 81.6556 0 1
116.52 17.0064 97.7013 0.986043 -0.00247397 0.166472 81.9557 0 1
116.569 18.8827 97.4383 0.98569 -0.00229094 0.168551 82.1182 0 1
116.551 19.905 97.5492 0.985383 -0.0020578 0.170342 82.4042 0 1
116.53 21.7143 97.6915 0.98515 -0.00182437 0.171685 82.5753 0 1
116.516 22.7972 97.7803 0.985013 -0.00164644 0.172471 82.7327 0 1
116.468 23.7641 98.0274 0.984979 -0.00157644 0.172666 82.8936 0 1
116.482 22.7426 97.9649 0.985042 -0.00165559 0.172305 83.0616 0 1
116.5 21.6816 97.8574 0.985186 -0.00190773 0.171477 83.3456 0 1
116.533 19.8889 97.6515 0.985391 -0.00233566 0.170291 83.507 0 1
116.548 18.8685 97.5593 0.985637 -0.00292091 0.168853 83.6687 0 1
116.541 17.8461 97.5839 0.985907 -0.00362697 0.167253 83.9403 0 1
116.505 16.1368 97.7675 0.986189 -0.00440507 0.165565 83.965 0 1
116.506 15.9802 97.7587 0.986471 -0.00520138 0.163855 83.965 0 1
116.575 25.2735 97.4813 0.98313 -0.00428331 0.182849 84.1548 1 1
116.519 26.4394 97.7794 0.982658 -0.00352005 0.185396 84.3183 0 1
116.556 25.4209 97.5854 0.982194 -0.00289079 0.187849 84.333 0 1
116.555 25.3279 97.5909 0.981767 -0.00241935 0.190072 84.8326 0 1
116.565 28.4961 97.5613 0.981409 -0.00208991 0.191918 85.0621 0 1
116.528 29.935 97.7602 0.98114 -0.0018651 0.193289 85.356 0 1
116.518 31.7935 97.8019 0.980966 -0.00170567 0.194173 85.4981 0 1
116.523 30.8911 97.7667 0.980871 -0.00158218 0.194654 85.7898 0 1
116.558 29.0372 97.5951 0.980825 -0.00147612 0.194887 85.7955 0 1
116.558 29.0009 97.5942 0.980788 -0.00137418 0.195055 85.7955 0 1
116.535 42.9309 97.7844 0.971212 0.00014693 0.238215 85.9841 1 1
116.547 44.1254 97.7229 0.97095 5.39356e-05 0.239284 86.147 0 1
116.568 45.1646 97.6514 0.970749 3.90257e-05 0.240098 86.3048 0 1
116.596 46.1635 97.542 0.970629 0.000118688 0.240583 86.3552 0 1
116.518 46.19 97.8522 0.970594 0.000288923 0.240721 86.5135 0 1
116.524 45.183 97.8241 0.970637 0.000533453 0.240549 86.6717 0 1
116.531 44.1755 97.7873 0.970738 0.000830968 0.24014 86.8489 0 1
116.536 43.0423 97.7802 0.970873 0.00115887 0.23959 86.8494 0 1
116.536 43.0395 97.7802 0.971016 0.00149436 0.239004 86.8494 0 1
