117.773 -44.5747 99.1348 0.978021 -0.0131884 0.208091 0 1 1
117.835 -43.4951 98.9102 0.978072 -0.0129202 0.207868 0.339007 0 1
117.931 -42.5351 98.5173 0.978116 -0.0126641 0.207673 0.507534 0 1
117.886 -43.5895 98.6665 0.978151 -0.0124211 0.207523 0.543614 0 1
117.882 -43.8177 98.6703 0.978173 -0.0121824 0.207435 0.625457 0 1
117.981 -43.5902 98.2152 0.978179 -0.0119352 0.20742 0.786279 0 1
118.055 -42.6127 97.9288 0.978169 -0.0116736 0.207483 0.948423 0 1
118.013 -41.6152 98.1755 0.978143 -0.011405 0.20762 1.18277 0 1
117.808 -42.7687 99.0833 0.978105 -0.0111442 0.207814 1.35434 0 1
117.732 -43.8088 99.3756 0.978059 -0.0109021 0.208043 1.51661 0 1
117.667 -44.8028 99.6194 0.978011 -0.0106816 0.208281 1.68294 0 1
117.738 -45.7873 99.2528 0.977962 -0.0104818 0.208518 1.86804 0 1
117.714 -46.9538 99.3192 0.977914 -0.010304 0.208753 2.03816 0 1
117.719 -48.0232 99.2381 0.977865 -0.0101491 0.208992 2.22908 0 1
117.972 -48.049 98.056 0.977819 -0.0100104 0.209213 2.40571 0 1
117.976 -46.9244 98.0986 0.97779 -0.00986775 0.209356 2.61307 0 1
117.99 -45.6098 98.0782 0.977797 -0.00969215 0.209329 2.77102 0 1
117.966 -44.6164 98.2257 0.977863 -0.00945889 0.209032 2.77847 0 1
117.966 -44.5693 98.2313 0.978002 -0.00916052 0.208396 2.89133 0 1
118.121 -44.4897 97.5352 0.978218 -0.00881012 0.207394 3.05707 0 1
118.089 -43.4506 97.7126 0.978506 -0.00843423 0.206045 3.24195 0 1
118.143 -42.2886 97.5286 0.978857 -0.00806364 0.204389 3.44079 0 1
118.157 -41.0293 97.4995 0.979258 -0.00772819 0.20247 3.65264 0 1
118.15 -39.6854 97.5848 0.979702 -0.00745463 0.200321 3.83525 0 1
118.147 -38.5279 97.6229 0.980183 -0.00726313 0.197963 4.01339 0 1
118.149 -37.3948 97.6561 0.980695 -0.00716301 0.195414 4.17357 0 1
118.144 -36.3795 97.7213 0.981231 -0.00715086 0.192701 4.3436 0 1
118.163 -35.3047 97.6518 0.981784 -0.0072125 0.189863 4.502 0 1
118.174 -34.298 97.6287 0.982343 -0.00732741 0.186946 4.69567 0 1
118.202 -33.0723 97.5175 0.982899 -0.00747337 0.183994 4.89927 0 1
118.176 -31.7932 97.7127 0.983446 -0.00763023 0.181041 5.07666 0 1
118.168 -30.6713 97.8139 0.98398 -0.00778238 0.17811 5.26628 0 1
118.188 -29.4677 97.7471 0.984498 -0.00791994 0.175216 5.45383 0 1
118.21 -28.2814 97.6807 0.985 -0.00803848 0.17237 5.63441 0 1
118.207 -27.1407 97.7522 0.985482 -0.00813722 0.169584 5.82122 0 1
118.191 -25.9662 97.9146 0.985944 -0.00821671 0.166872 5.99604 0 1
118.251 -24.9047 97.6026 0.986384 -0.008277 0.164249 6.18138 0 1
118.249 -23.7284 97.6764 0.9868 -0.00831703 0.161732 6.37107 0 1
118.214 -22.5556 97.9489 0.987189 -0.00833495 0.15934 6.54837 0 1
118.212 -21.4299 98.0328 0.987548 -0.0083293 0.1571 6.79802 0 1
118.195 -19.8593 98.2324 0.987873 -0.00830064 0.15504 6.99083 0 1
118.23 -18.6477 98.068 0.988164 -0.0082519 0.153181 7.18861 0 1
118.283 -17.4202 97.7957 0.988419 -0.00818651 0.151528 7.39882 0 1
118.212 -16.2004 98.3354 0.988642 -0.00810576 0.15007 7.59577 0 1
118.212 -14.9503 98.4027 0.988838 -0.00800751 0.148782 7.75556 0 1
118.238 -13.9429 98.2803 0.98901 -0.00788722 0.14764 7.91382 0 1
118.252 -12.9378 98.2425 0.989162 -0.00774004 0.146627 8.10237 0 1
118.292 -11.7589 98.0338 0.989294 -0.00756291 0.145741 8.39109 0 1
118.271 -9.94213 98.274 0.989406 -0.00735597 0.144987 8.67758 0 1
118.272 -8.12671 98.3506 0.989497 -0.00712326 0.144376 8.84066 0 1
118.302 -7.10243 98.1935 0.989566 -0.00687187 0.143915 8.99551 0 1
118.357 -6.17883 97.8563 0.989612 -0.00660923 0.143609 9.19389 0 1
118.339 -4.93085 98.0368 0.989636 -0.00633984 0.143461 9.35362 0 1
118.381 -3.94746 97.7868 0.989636 -0.00606419 0.143471 9.53732 0 1
118.379 -2.78173 97.8525 0.989614 -0.00578063 0.143636 9.80788 0 1
118.354 -1.07999 98.0891 0.989569 -0.00548904 0.143953 9.97545 0 1
118.368 -0.0172677 98.0275 0.989504 -0.00519327 0.144414 10.2059 0 1
118.386 1.44716 97.9612 0.989417 -0.00490057 0.145016 10.3562 0 1
118.376 2.39664 98.0639 0.98931 -0.0046178 0.145758 10.5667 0 1
118.364 3.7287 98.187 0.98918 -0.00434734 0.146644 10.8241 0 1
118.342 5.35405 98.3764 0.989026 -0.00408656 0.147682 11.002 0 1
118.369 6.47402 98.2175 0.988848 -0.00383132 0.148876 11.2668 0 1
118.37 8.15689 98.2553 0.988645 -0.00358003 0.150225 11.4409 0 1
118.373 9.26196 98.2589 0.988417 -0.00333492 0.151724 11.6511 0 1
118.423 10.5633 97.9637 0.988165 -0.0030995 0.153364 11.8122 0 1
118.389 11.5574 98.2039 0.987889 -0.00287366 0.155135 11.9975 0 1
118.396 12.7325 98.181 0.987591 -0.00264927 0.157024 12.1733 0 1
118.357 13.8195 98.4261 0.987273 -0.00241086 0.159014 12.4198 0 1
118.415 15.3503 98.0842 0.986939 -0.00214311 0.161081 12.5845 0 1
118.441 16.3867 97.9443 0.98659 -0.00184117 0.163206 12.7597 0 1
118.45 17.4995 97.9083 0.986229 -0.00151719 0.165378 12.9389 0 1
118.447 18.6395 97.9425 0.985853 -0.00119884 0.16761 13.1149 0 1
118.428 19.7546 98.0683 0.985455 -0.000920006 0.169934 13.3134 0 1
118.238 20.3325 99.1726 0.98503 -0.000708304 0.172384 13.4504 0 1
118.349 20.914 98.5387 0.984572 -0.000576085 0.174976 13.6678 0 1
118.445 22.1758 97.9868 0.984085 -0.000520207 0.1777 13.8745 0 1
118.456 23.4923 97.9284 0.983571 -0.00052941 0.180523 14.0357 0 1
118.433 24.5082 98.0604 0.983036 -0.000592312 0.183414 14.2543 0 1
118.346 25.8187 98.5306 0.98248 -0.00069875 0.186366 14.417 0 1
118.327 26.8457 98.6381 0.9819 -0.000833817 0.189396 14.5649 0 1
118.451 27.5467 98.0205 0.981289 -0.000972006 0.192539 14.735 0 1
118.462 28.6231 97.9642 0.980639 -0.00107981 0.195824 14.9962 0 1
118.383 30.2272 98.3637 0.979947 -0.0011276 0.199256 15.1537 0 1
118.443 31.1843 98.0721 0.979216 -0.00110276 0.202819 15.3335 0 1
118.43 32.3273 98.1337 0.978452 -0.00101485 0.206471 15.4952 0 1
118.427 33.3522 98.1828 0.977667 -0.000889725 0.210157 15.7101 0 1
118.442 34.7103 98.1168 0.976874 -0.000757596 0.213814 15.9925 0 1
118.343 36.4414 98.5826 0.976088 -0.000640587 0.217376 16.1497 0 1
118.4 37.3983 98.3208 0.975322 -0.000542968 0.220786 16.4286 0 1
118.474 39.1374 97.999 0.974591 -0.000447144 0.223991 16.6228 0 1
118.48 40.3748 97.9801 0.973906 -0.000319396 0.22695 16.8169 0 1
118.472 41.6069 98.0147 0.973279 -0.000125134 0.229626 16.989 0 1
118.437 42.6902 98.1683 0.97272 0.000153198 0.231983 17.1449 0 1
118.278 43.4161 98.8245 0.972238 0.000504778 0.233993 17.3036 0 1
118.342 44.3869 98.5608 0.971843 0.000891753 0.235629 17.5832 0 1
118.48 46.0709 98.0096 0.97154 0.0012636 0.236871 17.8148 0 1
118.434 47.5315 98.1913 0.971336 0.00157817 0.237705 18.0106 0 1
118.345 48.7255 98.5284 0.971233 0.00181865 0.238125 18.1761 0 1
118.128 49.2781 99.3983 0.971231 0.00199685 0.238131 18.3532 0 1
118 48.2945 99.9258 0.971327 0.00214204 0.237736 18.5354 0 1
117.973 47.1463 100.055 0.971516 0.00228354 0.236963 18.76 0 1
118.027 45.742 99.8518 0.971788 0.0024375 0.235844 18.9982 0 1
117.986 44.2439 100.023 0.972133 0.00260364 0.234414 19.178 0 1
117.995 43.1036 99.9966 0.972545 0.00277105 0.2327 19.3782 0 1
118.057 41.8629 99.7419 0.973017 0.00292887 0.230717 19.558 0 1
118.034 40.7237 99.8661 0.973548 0.00307505 0.228461 19.7692 0 1
118.127 39.4411 99.4901 0.97414 0.00321549 0.225921 19.957 0 1
118.082 38.274 99.7009 0.974792 0.00335354 0.223089 20.2136 0 1
118.012 36.6847 100.033 0.975501 0.00348118 0.219969 20.3784 0 1
118.016 35.6401 100.038 0.976257 0.00358403 0.216585 20.5634 0 1
118.025 34.4706 100.02 0.977051 0.00365608 0.212975 20.7637 0 1
118.222 33.5821 99.1327 0.97787 0.00370718 0.209182 21.0229 0 1
118.06 32.1479 99.9054 0.9787 0.00375401 0.205262 21.1916 0 1
118.034 31.0881 100.069 0.979527 0.00380347 0.201279 21.3804 0 1
118.047 29.8883 100.039 0.980333 0.00384429 0.197314 21.6375 0 1
118.158 28.3543 99.4981 0.981102 0.00385305 0.193451 21.8524 0 1
118.09 27.039 99.8624 0.981823 0.0038083 0.189762 22.0642 0 1
118.061 25.7064 100.046 0.982488 0.00370098 0.186288 22.2508 0 1
118.157 24.6263 99.5718 0.9831 0.0035344 0.183037 22.4754 0 1
118.179 23.2085 99.4754 0.983664 0.00331687 0.179982 22.6399 0 1
118.126 22.2105 99.7791 0.98419 0.00305583 0.177089 22.8113 0 1
118.134 21.1198 99.7454 0.984684 0.00275766 0.174327 22.9797 0 1
118.165 20.0593 99.5898 0.985149 0.00243015 0.171683 23.1578 0 1
118.137 18.9471 99.7635 0.985587 0.00208297 0.169159 23.3237 0 1
118.152 17.9003 99.6811 0.985996 0.00172529 0.166761 23.5077 0 1
118.158 16.7316 99.6703 0.986378 0.00136309 0.164488 23.6516 0 1
118.201 15.861 99.4083 0.986736 0.000998083 0.162328 23.865 0 1
118.107 14.6432 99.9875 0.987074 0.000628482 0.160263 24.0401 0 1
118.099 13.5319 100.042 0.987395 0.000250557 0.158274 24.2424 0 1
118.11 12.2473 99.9807 0.987701 -0.000139872 0.156357 24.4696 0 1
118.104 10.8064 100.018 0.98799 -0.000546131 0.154516 24.686 0 1
118.104 9.43045 100.014 0.988262 -0.000969936 0.152763 24.9058 0 1
118.122 8.03916 99.892 0.988515 -0.00141145 0.151115 25.1645 0 1
118.1 6.39992 100.012 0.988746 -0.00186959 0.149591 25.3633 0 1
118.092 5.13594 100.051 0.988953 -0.00234179 0.148208 25.624 0 1
118.11 3.48195 99.9043 0.989135 -0.00282351 0.146983 25.7837 0 1
118.083 2.47982 100.066 0.989289 -0.00330877 0.14593 25.9555 0 1
118.111 1.41135 99.8447 0.989417 -0.00379182 0.145054 26.139 0 1
118.104 0.244735 99.8639 0.989517 -0.00426925 0.144354 26.3259 0 1
118.095 -0.94162 99.8899 0.989592 -0.00474096 0.143823 26.5725 0 1
118.078 -2.50601 99.9519 0.989644 -0.00520912 0.143452 26.7459 0 1
118.153 -3.45236 99.3934 0.989672 -0.00567524 0.143236 26.9105 0 1
118.068 -4.33717 99.9443 0.989679 -0.00613696 0.143172 27.0874 0 1
118.093 -5.43992 99.728 0.989663 -0.00658688 0.14326 27.2522 0 1
118.07 -6.48006 99.8383 0.989626 -0.00701496 0.143494 27.4134 0 1
118.03 -7.47801 100.065 0.98957 -0.00741381 0.143863 27.6029 0 1
118.027 -8.68029 100.023 0.989496 -0.00778417 0.144352 27.7999 0 1
118.027 -9.9272 99.9483 0.989406 -0.00813635 0.144948 28.0956 0 1
117.996 -11.8017 100.04 0.9893 -0.0084862 0.14565 28.2535 0 1
117.985 -12.805 100.054 0.989175 -0.00884831 0.146473 28.4261 0 1
118.003 -13.8846 99.8634 0.989027 -0.00923136 0.147447 28.6047 0 1
117.968 -15.0071 100.037 0.988849 -0.00963755 0.148608 28.7638 0 1
117.962 -16.0171 100.012 0.988638 -0.0100644 0.149981 28.9393 0 1
117.994 -17.0981 99.7337 0.98839 -0.010506 0.151575 29.1883 0 1
117.929 -18.6494 100.04 0.988107 -0.0109524 0.153379 29.3909 0 1
117.909 -19.9372 100.06 0.987791 -0.0113898 0.15537 29.5834 0 1
117.897 -21.1609 100.044 0.987445 -0.0118016 0.15752 29.7589 0 1
117.943 -22.2079 99.668 0.987073 -0.0121714 0.159806 30.0433 0 1
117.92 -24.0135 99.6739 0.986676 -0.0124858 0.162216 30.2098 0 1
117.843 -24.9974 100.055 0.986254 -0.0127353 0.164744 30.4008 0 1
117.836 -26.2103 99.9948 0.985807 -0.0129137 0.167386 30.6354 0 1
117.846 -27.6914 99.8227 0.985335 -0.0130188 0.170135 30.8341 0 1
117.793 -28.9324 100.023 0.984838 -0.0130543 0.172983 31.0438 0 1
117.78 -30.2642 99.9893 0.984319 -0.0130315 0.175915 31.2647 0 1
117.798 -31.6499 99.7885 0.983779 -0.0129685 0.178918 31.4373 0 1
117.839 -32.7027 99.4857 0.983219 -0.0128857 0.181975 31.6291 0 1
117.775 -33.8892 99.7577 0.982643 -0.0128012 0.185063 31.8133 0 1
117.744 -35.0531 99.8307 0.982058 -0.0127237 0.188147 32.0562 0 1
117.731 -36.5977 99.8172 0.981474 -0.0126465 0.191176 32.279 0 1
117.706 -38.0075 99.8588 0.980904 -0.0125488 0.194086 32.4452 0 1
117.685 -39.0585 99.8877 0.980363 -0.0124051 0.19681 32.6728 0 1
117.668 -40.4998 99.8868 0.979866 -0.0122003 0.199284 32.8666 0 1
117.719 -41.6811 99.5691 0.979424 -0.0119387 0.201461 33.0472 0 1
117.673 -42.8124 99.7183 0.979043 -0.0116421 0.20332 33.21 0 1
117.617 -43.8184 99.9212 0.978725 -0.0113369 0.204865 33.3795 0 1
117.57 -44.8765 100.073 0.978464 -0.0110415 0.206121 33.5639 0 1
117.591 -46.0328 99.9316 0.978255 -0.0107595 0.207127 33.7625 0 1
117.577 -47.2832 99.9425 0.97809 -0.0104832 0.20792 34.0412 0 1
117.642 -48.9939 99.5554 0.977963 -0.0102024 0.20853 34.2666 0 1
117.903 -49.5992 98.2938 0.97787 -0.0099166 0.208979 34.481 0 1
118.096 -48.5312 97.4586 0.977807 -0.00964052 0.209287 34.6625 0 1
118.107 -47.3717 97.4637 0.977771 -0.00939804 0.209466 34.9448 0 1
118.069 -45.5889 97.7109 0.97776 -0.00920687 0.209526 34.9498 0 1
118.069 -45.5574 97.7127 0.977776 -0.00906598 0.209458 35.068 0 1
117.912 -45.6485 98.4458 0.977823 -0.00895615 0.209242 35.2285 0 1
117.78 -44.8738 99.0899 0.977909 -0.00885255 0.208843 35.4697 0 1
117.8 -46.3943 98.9427 0.978041 -0.0087388 0.208229 35.6565 0 1
117.824 -47.5601 98.7727 0.978225 -0.00861304 0.20737 35.7066 0 1
117.89 -47.5067 98.4663 0.978463 -0.00848468 0.206247 35.9584 0 1
117.909 -45.9086 98.45 0.978758 -0.00836791 0.204849 36.6511 0 1
118.013 -41.5333 98.1749 0.979107 -0.00827717 0.203177 36.8104 0 1
118.052 -40.5371 98.0219 0.979507 -0.00822588 0.201243 36.9989 0 1
118.021 -39.3566 98.2185 0.979947 -0.00822622 0.199091 37.1666 0 1
118.031 -38.2929 98.201 0.980408 -0.00828723 0.196805 37.3284 0 1
118.043 -37.2605 98.1946 0.980863 -0.00841059 0.194519 37.5471 0 1
118.058 -35.8723 98.1703 0.981278 -0.00858763 0.192405 37.7146 0 1
118.061 -34.8078 98.2017 0.981622 -0.00880095 0.190633 37.9009 0 1
118.085 -33.6308 98.1172 0.981869 -0.00903014 0.189343 38.0677 0 1
118.103 -32.5691 98.0785 0.982007 -0.00925623 0.188619 38.2104 0 1
117.966 -32.1052 98.8448 0.982031 -0.00946125 0.188483 38.4359 0 1
117.907 -33.5168 99.072 0.981948 -0.00962523 0.188905 38.6076 0 1
117.864 -34.5957 99.2317 0.981774 -0.00972677 0.189804 38.7711 0 1
117.861 -35.636 99.1971 0.981532 -0.00974963 0.191048 38.9319 0 1
117.864 -36.6528 99.1281 0.981257 -0.00969123 0.192459 39.101 0 1
117.833 -37.7213 99.2314 0.980988 -0.00956495 0.193834 39.267 0 1
117.808 -38.7743 99.291 0.980764 -0.00939434 0.194971 39.5423 0 1
117.813 -40.518 99.1805 0.980619 -0.00920519 0.195709 39.5634 0 1
117.83 -40.6167 99.0921 0.980571 -0.00902195 0.195956 39.6795 0 1
117.966 -40.2948 98.4463 0.980622 -0.0088673 0.195708 39.9386 0 1
117.945 -38.6603 98.6149 0.980754 -0.0087608 0.195052 40.1115 0 1
117.959 -37.5597 98.5965 0.980935 -0.00871619 0.19414 40.2946 0 1
117.982 -36.3938 98.5415 0.981128 -0.00873947 0.193162 40.4691 0 1
117.976 -35.2883 98.6219 0.981297 -0.00882783 0.192297 40.6295 0 1
117.983 -34.2721 98.6294 0.981414 -0.0089687 0.191694 40.7897 0 1
118.014 -33.2617 98.516 0.981459 -0.00914021 0.191455 40.958 0 1
117.947 -34.2894 98.8107 0.981423 -0.00931514 0.191631 41.1192 0 1
117.945 -35.3156 98.7767 0.981304 -0.00946757 0.192231 41.284 0 1
117.971 -36.3455 98.5997 0.981108 -0.00957964 0.193222 41.4524 0 1
117.926 -37.3992 98.773 0.980847 -0.00964547 0.194543 41.6142 0 1
117.899 -38.4271 98.8574 0.980535 -0.0096712 0.196106 41.7833 0 1
117.872 -39.4978 98.9385 0.980192 -0.00967179 0.197812 41.8272 0 1
117.875 -39.776 98.9114 0.979835 -0.00966586 0.199552 41.8272 0 1
117.898 -31.444 99.2524 0.983769 -0.011575 0.179066 42.0026 1 1
118.039 -30.6098 98.5261 0.984214 -0.0112782 0.176624 42.1933 0 1
118.07 -29.4035 98.4168 0.984627 -0.0110612 0.17432 42.366 0 1
118.115 -28.3228 98.2228 0.984988 -0.0109561 0.172277 42.5357 0 1
118.112 -27.2492 98.2923 0.985273 -0.010975 0.170636 42.7079 0 1
118.098 -26.166 98.4497 0.985463 -0.0111077 0.169525 42.9244 0 1
118.149 -24.8118 98.2182 0.985547 -0.0113248 0.169023 42.9925 0 1
118.11 -24.4656 98.4767 0.985527 -0.0115873 0.16912 43.1642 0 1
117.956 -25.0725 99.3716 0.985422 -0.0118548 0.169712 43.3742 0 1
117.926 -26.4044 99.4467 0.985265 -0.0120932 0.170609 43.6161 0 1
117.908 -27.9408 99.4399 0.985094 -0.0122768 0.171579 43.8533 0 1
117.856 -29.4316 99.6356 0.984948 -0.0123884 0.172404 44.019 0 1
117.866 -30.4702 99.4953 0.984855 -0.0124172 0.172933 44.091 0 1
117.868 -30.9251 99.4495 0.984823 -0.0123571 0.173121 44.155 0 1
117.936 -30.7542 99.0862 0.984841 -0.0122083 0.173028 44.3168 0 1
117.933 -29.7299 99.1735 0.984886 -0.0119793 0.172788 44.4835 0 1
117.99 -28.706 98.9161 0.984928 -0.0116887 0.172568 44.6495 0 1
117.998 -27.6515 98.9395 0.984942 -0.0113608 0.172512 44.8152 0 1
118.002 -26.6009 98.9853 0.98491 -0.0110197 0.172714 44.9865 0 1
118.049 -27.6304 98.6384 0.98483 -0.0106819 0.173195 45.1525 0 1
118.05 -28.684 98.5779 0.984707 -0.0103539 0.173913 45.3117 0 1
117.972 -29.6129 98.9658 0.984557 -0.0100338 0.174777 45.3336 0 1
117.969 -29.7514 98.9767 0.984393 -0.00971565 0.175678 45.3336 0 1
118.148 -23.2382 98.3262 0.987386 -0.00931577 0.158047 45.5203 1 1
118.123 -22.0746 98.5554 0.987556 -0.00968368 0.156967 45.7692 0 1
118.071 -20.555 98.9842 0.987684 -0.0100374 0.156137 45.9942 0 1
118.103 -19.1326 98.8654 0.987757 -0.0103592 0.155654 46.1867 0 1
118.138 -17.9173 98.7213 0.98777 -0.0106284 0.155555 46.3313 0 1
118.012 -18.3588 99.5201 0.987725 -0.0108293 0.155827 46.527 0 1
117.987 -19.6009 99.581 0.98763 -0.0109584 0.156417 46.6868 0 1
117.988 -20.6149 99.5089 0.987498 -0.0110271 0.157243 46.8595 0 1
117.995 -21.7033 99.3837 0.987344 -0.0110582 0.158207 47.0311 0 1
118.025 -22.7598 99.1201 0.987183 -0.0110797 0.159206 47.0311 0 1
118.062 -16.541 99.315 0.988876 -0.00932273 0.148449 47.2013 1 1
118.042 -15.4771 99.5107 0.988999 -0.00912854 0.147643 47.3999 0 1
118.057 -14.215 99.4861 0.989119 -0.00892088 0.146849 47.6567 0 1
118.06 -12.5844 99.5605 0.989233 -0.00869706 0.146088 47.8462 0 1
118.076 -11.3826 99.5204 0.989338 -0.00846223 0.145389 48.0663 0 1
118.101 -9.98713 99.4333 0.989429 -0.00822969 0.144786 48.2521 0 1
118.106 -8.80717 99.4701 0.989499 -0.00801775 0.144316 48.4349 0 1
118.096 -7.65459 99.5944 0.989546 -0.00784444 0.144004 48.6041 0 1
118.117 -6.58305 99.5081 0.989567 -0.00772275 0.143865 48.7844 0 1
118.26 -5.98471 98.5429 0.989562 -0.00765935 0.143901 49.0295 0 1
118.186 -7.47726 98.9787 0.989534 -0.00765693 0.144097 49.1991 0 1
118.164 -8.55074 99.0771 0.989484 -0.00771746 0.144434 49.3891 0 1
118.198 -9.72196 98.7877 0.989417 -0.00784297 0.144885 49.6371 0 1
118.12 -11.23 99.2283 0.989336 -0.00803323 0.145426 49.8066 0 1
118.169 -12.234 98.8423 0.989245 -0.00828253 0.146035 50.0326 0 1
118.164 -13.6683 98.7979 0.989146 -0.00857816 0.146688 50.2832 0 1
118.116 -15.2412 99.0336 0.989042 -0.00890177 0.147367 50.4661 0 1
118.096 -16.401 99.0922 0.988936 -0.00923246 0.148053 50.4661 0 1
118.175 -4.3713 99.1998 0.989748 -0.00586387 0.142701 50.6327 1 1
118.314 -3.91862 98.2526 0.989727 -0.00569186 0.142859 50.7392 0 1
118.223 -3.73038 98.8968 0.989698 -0.00550424 0.143065 50.958 0 1
118.176 -2.39337 99.272 0.98966 -0.0052901 0.143339 51.1786 0 1
118.27 -1.12803 98.6731 0.98961 -0.00504141 0.143689 51.3552 0 1
118.284 -0.00960614 98.6069 0.989551 -0.00475721 0.144104 51.5142 0 1
118.302 0.998509 98.5219 0.989487 -0.00444661 0.144557 51.7171 0 1
118.307 2.28814 98.5351 0.989422 -0.00412979 0.145004 51.8592 0 1
118.293 3.18332 98.6531 0.989366 -0.00383573 0.145397 52.0696 0 1
118.309 4.51844 98.5746 0.989324 -0.00359616 0.145691 52.2543 0 1
118.239 5.58129 99.0718 0.9893 -0.00343737 0.145854 52.453 0 1
118.187 6.78974 99.4399 0.989298 -0.0033737 0.145869 52.6201 0 1
118.168 5.73391 99.5524 0.989318 -0.00340577 0.145736 52.8366 0 1
118.277 4.59342 98.7897 0.989356 -0.0035236 0.145471 53.0261 0 1
118.188 3.54077 99.3737 0.98941 -0.00371171 0.1451 53.1843 0 1
118.152 2.55997 99.5985 0.989475 -0.00395354 0.144651 53.3422 0 1
118.216 1.67319 99.1355 0.989546 -0.00423394 0.144152 53.5158 0 1
118.183 0.587301 99.3308 0.989622 -0.00453986 0.143623 53.6922 0 1
118.172 -0.532258 99.3685 0.9897 -0.00485994 0.143077 53.8545 0 1
118.167 -1.56352 99.3722 0.989777 -0.00518351 0.142527 53.8545 0 1
118.188 6.82348 99.4305 0.988847 -0.00358582 0.148893 54.0443 1 1
118.203 8.02791 99.3586 0.988784 -0.00336969 0.149315 54.2326 0 1
118.192 9.22009 99.4425 0.988715 -0.00316897 0.149778 54.4081 0 1
118.307 10.0462 98.7046 0.988631 -0.00296981 0.150331 54.6187 0 1
118.291 8.71072 98.7922 0.988528 -0.00275185 0.151011 54.7808 0 1
118.321 7.70682 98.5722 0.988405 -0.00250025 0.151821 54.8798 0 1
118.308 7.08267 98.638 0.988267 -0.00221412 0.152719 55.38 0 1
118.322 10.2596 98.6115 0.988128 -0.00190992 0.153623 55.6035 0 1
118.307 11.6747 98.7313 0.988002 -0.00161938 0.154434 55.7727 0 1
118.302 12.747 98.7699 0.987905 -0.00138192 0.155057 55.952 0 1
118.257 13.8499 99.0495 0.987847 -0.00123347 0.155427 56.137 0 1
118.208 14.9858 99.3592 0.987833 -0.00119571 0.155517 56.3192 0 1
118.181 13.84 99.5264 0.987859 -0.00126959 0.155346 56.5081 0 1
118.188 12.6382 99.487 0.987918 -0.0014351 0.15497 56.7335 0 1
118.201 11.2119 99.3997 0.987996 -0.00165687 0.15447 56.8033 0 1
118.21 10.7721 99.3405 0.988078 -0.00189298 0.153939 56.8033 0 1
118.341 16.3796 98.5562 0.986908 -0.00250978 0.161264 57.0083 1 1
118.374 17.6637 98.3614 0.986788 -0.00207691 0.162004 57.1879 0 1
118.36 18.8041 98.4563 0.986708 -0.00171707 0.162493 57.2617 0 1
118.286 18.9585 98.8927 0.986676 -0.00144576 0.162688 57.4315 0 1
118.271 17.8869 98.9695 0.986687 -0.0012533 0.162628 57.6194 0 1
118.312 16.7142 98.7348 0.986723 -0.00111082 0.162407 57.6439 0 1
118.319 16.5641 98.6946 0.986765 -0.000981186 0.162144 57.6439 0 1
118.338 21.6733 98.589 0.984672 0.00150336 0.17441 57.801 1 1
118.277 22.6115 98.9287 0.98453 0.00160263 0.175207 58.0165 0 1
118.319 23.96 98.6895 0.984354 0.0017476 0.176194 58.1623 0 1
118.373 23.0866 98.3916 0.984124 0.00192539 0.177471 58.3837 0 1
118.342 21.6905 98.5665 0.983829 0.00210629 0.179097 58.3865 0 1
118.341 21.6745 98.5735 0.983469 0.00225925 0.181064 58.9086 0 1
118.29 24.9852 98.8286 0.983056 0.00235919 0.183292 59.1265 0 1
118.152 26.1625 99.5377 0.982616 0.00238795 0.185633 59.2556 0 1
118.245 25.4966 99.0673 0.982184 0.00233498 0.187907 59.6296 0 1
118.332 27.8192 98.6189 0.981792 0.00219908 0.189946 59.8735 0 1
118.183 29.1711 99.3631 0.981465 0.00198858 0.191631 60.0959 0 1
118.134 30.564 99.606 0.981215 0.00171825 0.192909 60.2437 0 1
118.278 31.1505 98.8907 0.981039 0.00140469 0.193803 60.4687 0 1
118.242 29.735 99.0676 0.980923 0.00106294 0.194392 60.6204 0 1
118.337 28.9046 98.5912 0.980843 0.00070577 0.194798 60.6666 0 1
118.365 28.6476 98.4513 0.980772 0.000344793 0.195157 60.6666 0 1
118.17 34.7906 99.346 0.976391 0.00292565 0.215981 60.8427 1 1
118.134 35.8992 99.5127 0.976075 0.00247582 0.217421 61.0119 0 1
118.133 36.9695 99.4999 0.975748 0.00208748 0.218885 61.1606 0 1
118.22 36.1083 99.133 0.975426 0.00178859 0.220319 61.3618 0 1
118.154 34.8704 99.417 0.97513 0.00159353 0.221628 61.9334 0 1
118.332 38.4157 98.6146 0.974883 0.00150193 0.222711 62.1505 0 1
118.375 39.7769 98.426 0.974703 0.00150184 0.223498 62.3548 0 1
118.349 41.0685 98.5242 0.974593 0.0015747 0.22398 62.5154 0 1
118.241 40.169 98.9951 0.97454 0.0016992 0.224205 62.7246 0 1
118.281 38.8551 98.8286 0.974524 0.0018533 0.224273 62.7708 0 1
118.274 38.5646 98.8666 0.974517 0.00201479 0.224301 62.7708 0 1
118.131 44.112 99.4286 0.971653 0.000995391 0.236406 62.8608 1 1
118.159 44.6706 99.3105 0.971478 0.00110808 0.237126 63.0483 0 1
118.227 45.8271 99.0361 0.971311 0.00130052 0.237808 63.1946 0 1
118.333 46.6412 98.6061 0.971157 0.00157908 0.238435 63.2872 0 1
118.245 46.1852 98.9631 0.971018 0.00192899 0.238997 63.4181 0 1
118.282 46.9992 98.8124 0.970894 0.00232855 0.239497 63.6046 0 1
118.135 48.0161 99.3885 0.970782 0.0027585 0.239946 63.709 0 1
118.093 47.3797 99.5661 0.970677 0.00320435 0.240365 63.7508 0 1
118.132 47.1675 99.4135 0.970574 0.00365406 0.240776 63.7508 0 1
