119.926 44.8278 100.262 0.97398 0.00121314 0.226631 0 1 1
119.932 45.017 100.236 0.973791 0.00135212 0.227439 0.0592137 0 1
119.919 44.842 100.292 0.973617 0.00149247 0.228184 0.0743323 0 1
119.939 44.8023 100.207 0.973466 0.00162943 0.228827 0.179719 0 1
119.938 45.4702 100.206 0.973345 0.00175609 0.22934 0.432941 0 1
119.94 43.8644 100.208 0.973257 0.00186622 0.229711 0.653097 0 1
119.924 42.4714 100.292 0.9732 0.00195606 0.229951 0.766309 0 1
119.922 43.187 100.292 0.97317 0.00202446 0.230078 0.771234 0 1
119.929 43.175 100.264 0.973165 0.00207185 0.230098 0.807223 0 1
119.935 43.4008 100.236 0.973187 0.00209935 0.230005 1.00411 0 1
119.943 42.155 100.213 0.973238 0.00210865 0.229791 1.22008 0 1
119.928 40.7912 100.291 0.973317 0.00210241 0.229454 1.32991 0 1
119.926 41.4867 100.291 0.973421 0.00208442 0.229015 1.33504 0 1
119.933 41.4761 100.262 0.973538 0.00205946 0.228514 1.35957 0 1
119.937 41.6302 100.243 0.973651 0.00203273 0.227995 1.35957 0 1
119.918 48.0494 100.265 0.97167 0.00477727 0.236294 1.52495 1 1
119.925 49.0965 100.215 0.971746 0.0047622 0.235983 1.61112 0 1
119.927 48.5503 100.219 0.971821 0.00474713 0.235672 1.61112 0 1
