-119.763 -25.482 100.111 -0.990278 -0.00588443 0.13897 0 1 1
-119.761 -25.5243 100.127 -0.990284 -0.00589505 0.138935 0.0400049 0 1
-119.752 -25.4797 100.195 -0.990282 -0.0059 0.138946 0.171248 0 1
-119.775 -25.0914 100.044 -0.990272 -0.0058974 0.139017 0.295968 0 1
-119.787 -24.7007 99.9776 -0.990254 -0.005887 0.139149 0.836858 0 1
-119.737 -26.3953 100.263 -0.990229 -0.00586984 0.13933 1.1388 0 1
-119.742 -25.4351 100.263 -0.990199 -0.00584736 0.139542 1.5933 0 1
-119.777 -26.8488 99.9604 -0.990167 -0.0058204 0.139772 2.02313 0 1
-119.726 -28.1798 100.263 -0.990133 -0.00578866 0.140013 2.24146 0 1
-119.73 -27.4862 100.263 -0.990096 -0.00575006 0.140273 2.26332 0 1
-119.74 -27.4977 100.195 -0.990055 -0.00569986 0.140567 2.38684 0 1
-119.766 -27.144 100.027 -0.990004 -0.0056298 0.140924 2.48219 0 1
-119.754 -27.4392 100.094 -0.98994 -0.00552916 0.141376 2.50663 0 1
-119.749 -27.5092 100.127 -0.989858 -0.00538827 0.141955 2.81702 0 1
-119.727 -28.4885 100.244 -0.989756 -0.00520336 0.142671 3.01273 0 1
-119.724 -29.1105 100.244 -0.989636 -0.00497965 0.14351 3.08146 0 1
-119.74 -28.9184 100.141 -0.989504 -0.00473113 0.144428 3.10476 0 1
-119.75 -28.9246 100.068 -0.989368 -0.00447769 0.145364 3.77793 0 1
-119.714 -31.0567 100.25 -0.989236 -0.00424099 0.146265 3.98439 0 1
-119.711 -31.7122 100.25 -0.989112 -0.00404018 0.14711 4.05803 0 1
-119.71 -31.9461 100.252 -0.988992 -0.00388819 0.147919 4.1574 0 1
-119.757 -31.9415 99.9398 -0.98887 -0.00378952 0.148732 4.23014 0 1
-119.743 -32.1549 100.027 -0.988741 -0.00374042 0.149588 4.27356 0 1
-119.723 -32.1569 100.163 -0.988603 -0.00373104 0.150498 4.48229 0 1
-119.726 -31.4944 100.158 -0.988458 -0.00374797 0.151446 4.56426 0 1
-119.727 -31.2341 100.158 -0.988311 -0.00377583 0.152407 5.63197 0 1
-119.7 -34.6229 100.259 -0.988161 -0.00379826 0.153371 6.12174 0 1
-119.748 -36.1368 99.9146 -0.988009 -0.00379965 0.154352 6.44371 0 1
-119.751 -35.1134 99.9202 -0.987849 -0.00376849 0.155374 6.48408 0 1
-119.739 -35.218 99.9933 -0.987679 -0.00370063 0.15645 6.5905 0 1
-119.71 -34.941 100.185 -0.987502 -0.00360004 0.157568 6.6935 0 1
-119.721 -35.259 100.11 -0.987323 -0.00347648 0.158689 6.71795 0 1
-119.727 -35.3227 100.066 -0.987148 -0.0033407 0.159773 7.38285 0 1
-119.746 -37.4302 99.9172 -0.986982 -0.00319982 0.160796 7.70598 0 1
-119.744 -38.4558 99.9135 -0.986825 -0.00305546 0.16176 7.89749 0 1
-119.689 -37.9574 100.257 -0.986674 -0.00290542 0.162683 7.94016 0 1
-119.701 -38.0662 100.177 -0.986525 -0.0027474 0.163585 8.04595 0 1
-119.732 -37.7851 99.9961 -0.986378 -0.00258173 0.164472 8.16064 0 1
-119.718 -38.1401 100.075 -0.986235 -0.00241092 0.165331 8.17379 0 1
-119.714 -38.175 100.097 -0.9861 -0.00223561 0.166139 9.11316 0 1
-119.681 -41.1511 100.254 -0.985977 -0.00204998 0.166871 9.36783 0 1
-119.74 -41.8797 99.9068 -0.985869 -0.00184116 0.167511 9.57405 0 1
-119.74 -41.2249 99.9078 -0.985777 -0.0015943 0.168048 9.61558 0 1
-119.727 -41.3296 99.9871 -0.985703 -0.00130061 0.16849 9.72388 0 1
-119.726 -41.6736 99.9865 -0.985639 -0.000962771 0.168861 9.79355 0 1
-119.713 -41.4675 100.066 -0.985579 -0.000594651 0.169214 9.80401 0 1
-119.713 -41.4343 100.066 -0.98551 -0.000216586 0.16962 10.0346 0 1
-119.684 -42.1467 100.234 -0.985419 0.000150461 0.170145 10.316 0 1
-119.737 -42.9845 99.9299 -0.985302 0.00048922 0.170822 10.5674 0 1
-119.736 -42.1871 99.9286 -0.985159 0.000788194 0.171641 10.6862 0 1
-119.716 -42.5444 100.048 -0.985 0.00104182 0.172551 10.7403 0 1
-119.716 -42.7161 100.048 -0.984837 0.00124932 0.173479 11.4511 0 1
-119.745 -44.9669 99.9095 -0.984683 0.0014129 0.174347 11.9439 0 1
-119.685 -46.4881 100.262 -0.984552 0.001536 0.175088 12.2366 0 1
-119.683 -45.5598 100.262 -0.984451 0.00162216 0.175653 12.2686 0 1
-119.696 -45.6321 100.192 -0.984386 0.00167486 0.176018 12.3997 0 1
-119.733 -45.2763 99.9801 -0.984356 0.00169797 0.176182 12.4998 0 1
-119.721 -45.5857 100.051 -0.984358 0.00169649 0.17617 12.5435 0 1
-119.709 -45.7043 100.121 -0.984385 0.00167681 0.176023 13.6263 0 1
-119.701 -49.1359 100.199 -0.984425 0.00164643 0.175797 13.6967 0 1
-119.741 -49.15 99.9797 -0.984469 0.00161335 0.175551 13.6967 0 1
-119.823 -16.9824 100.113 -0.992728 -0.00630966 0.120211 13.7791 1 1
-119.814 -16.7356 100.199 -0.992807 -0.00616014 0.119571 14.5012 0 1
-119.842 -14.4451 100.083 -0.992868 -0.00602586 0.119068 14.6294 0 1
-119.824 -14.0745 100.251 -0.992909 -0.00591276 0.11873 15.0554 0 1
-119.838 -12.722 100.198 -0.992932 -0.00582262 0.118542 15.121 0 1
-119.839 -12.5138 100.198 -0.992941 -0.00575207 0.118466 15.4416 0 1
-119.856 -11.4996 100.101 -0.992942 -0.00569315 0.118461 15.7723 0 1
-119.843 -10.4598 100.259 -0.992938 -0.00563605 0.118499 15.9391 0 1
-119.84 -10.9903 100.259 -0.99293 -0.00557237 0.118571 15.9633 0 1
-119.85 -10.9815 100.183 -0.992917 -0.00549719 0.118682 15.9683 0 1
-119.85 -10.9965 100.178 -0.992899 -0.00540946 0.118834 16.3046 0 1
-119.846 -9.93033 100.26 -0.992877 -0.00531125 0.119025 16.6253 0 1
-119.868 -8.92017 100.122 -0.992852 -0.00520656 0.119239 16.7886 0 1
-119.85 -9.42037 100.26 -0.992825 -0.00510022 0.119459 16.7886 0 1
-119.891 -2.66686 100.153 -0.992921 -0.0034423 0.118658 17.2275 1 1
-119.883 -1.27724 100.263 -0.993005 -0.00344407 0.118019 17.4496 0 1
-119.88 -1.98263 100.263 -0.993096 -0.00343537 0.117255 17.995 0 1
-119.897 -0.252467 100.166 -0.993201 -0.00341602 0.116365 18.4046 0 1
-119.891 1.04603 100.263 -0.993314 -0.00338962 0.115392 18.6124 0 1
-119.888 0.38585 100.263 -0.993429 -0.00336138 0.114397 18.6124 0 1
-119.923 11.9236 100.229 -0.990796 -0.00213223 0.135109 18.6683 1 1
-119.921 12.1006 100.248 -0.990608 -0.00190698 0.136719 19.8393 0 1
-119.93 15.8239 100.236 -0.990386 -0.00168679 0.13832 19.9586 0 1
-119.928 16.2025 100.254 -0.990162 -0.00147044 0.139918 20.0187 0 1
-119.928 16.0114 100.254 -0.989935 -0.00125511 0.141515 20.0187 0 1
