11.3041 -43.0225 51.5547 0.233729 -0.0239217 0.972005 0 1 1
11.3718 -44.246 51.4972 0.23938 -0.023288 0.970647 0.710552 0 1
11.408 -45.5551 51.4505 0.24434 -0.0224889 0.969429 1.02289 0 1
12.12 -44.6882 51.2772 0.248637 -0.0215266 0.968358 1.31345 0 1
12.276 -43.6229 51.2691 0.252408 -0.0204635 0.967404 1.69904 0 1
11.3854 -42.5647 51.5475 0.255672 -0.0193921 0.966569 1.94107 0 1
10.6113 -42.8796 51.7252 0.25824 -0.0184258 0.965905 2.38254 0 1
11.0827 -41.398 51.6397 0.259801 -0.0177028 0.9655 2.70683 0 1
12.1774 -41.2919 51.3442 0.260078 -0.0173701 0.965431 3.08515 0 1
12.8441 -42.507 51.1238 0.258979 -0.0175297 0.965724 3.35577 0 1
12.9434 -43.5272 51.0721 0.256647 -0.0181761 0.966334 3.62575 0 1
12.9083 -44.5458 51.0654 0.253421 -0.0191717 0.967166 3.89744 0 1
12.8183 -45.5637 51.0772 0.24974 -0.0202788 0.9681 4.21666 0 1
12.2597 -46.6004 51.2035 0.246079 -0.02123 0.969017 4.48892 0 1
11.2828 -46.6937 51.4385 0.242914 -0.0218101 0.969803 4.78895 0 1
10.6276 -45.8562 51.6294 0.240696 -0.0219149 0.970353 5.1028 0 1
10.5905 -44.7209 51.6832 0.239774 -0.0215615 0.970589 5.51153 0 1
10.6054 -43.2593 51.7174 0.240287 -0.0208458 0.970478 5.57381 0 1
10.5829 -43.04 51.7277 0.242086 -0.0198808 0.970051 5.79757 0 1
9.86456 -42.7587 51.9007 0.24475 -0.0187649 0.969405 6.285 0 1
10.0962 -41.0785 51.8748 0.247688 -0.0175925 0.96868 6.75998 0 1
11.5399 -40.379 51.5192 0.250278 -0.0164854 0.968034 7.08103 0 1
12.6573 -40.3881 51.2177 0.252011 -0.015614 0.967598 7.46389 0 1
13.5164 -41.5095 50.9501 0.252583 -0.0151832 0.967456 7.95204 0 1
13.6495 -43.3913 50.8751 0.251937 -0.0153689 0.967622 8.21723 0 1
13.6326 -44.396 50.869 0.250229 -0.0162269 0.968051 8.5856 0 1
13.5654 -45.7909 50.8832 0.247749 -0.0176386 0.968664 8.96183 0 1
13.321 -47.1583 50.9245 0.244807 -0.0193571 0.969378 9.44081 0 1
11.6677 -47.6615 51.3332 0.241634 -0.021142 0.970137 9.74849 0 1
10.5993 -47.5196 51.5864 0.238307 -0.0228836 0.97092 10.0391 0 1
9.92101 -46.7769 51.7573 0.234754 -0.0246105 0.971743 10.4924 0 1
9.8158 -45.1805 51.853 0.230871 -0.0263716 0.972627 10.7798 0 1
9.84335 -44.1563 51.8747 0.226709 -0.0281021 0.973557 11.0177 0 1
9.85142 -43.314 51.8938 0.222629 -0.0295902 0.974454 11.2301 0 1
9.13462 -43.4081 52.0573 0.219287 -0.0305604 0.975182 11.5397 0 1
9.06484 -44.4793 52.0514 0.217449 -0.0307965 0.975586 11.8609 0 1
9.03006 -45.6043 52.0218 0.217723 -0.0302134 0.975543 12.2696 0 1
9.0708 -46.9968 51.9034 0.220337 -0.0288583 0.974997 12.5996 0 1
9.41741 -48.1172 51.8115 0.225081 -0.026879 0.973969 13.0817 0 1
11.0387 -48.4423 51.4656 0.231392 -0.0244979 0.972552 13.421 0 1
12.2129 -48.4707 51.182 0.238533 -0.0219854 0.970886 13.8233 0 1
13.6328 -48.2757 50.8207 0.245762 -0.0196125 0.969132 14.0888 0 1
14.1744 -47.4556 50.6942 0.252437 -0.0175857 0.967454 14.3631 0 1
14.2603 -46.4336 50.6875 0.258027 -0.0160018 0.966005 14.7102 0 1
14.3245 -45.1431 50.6775 0.262103 -0.0148505 0.964926 15.0008 0 1
14.3643 -44.0516 50.6683 0.264339 -0.0140604 0.964327 15.344 0 1
14.369 -42.7523 50.6754 0.264551 -0.0135605 0.964276 15.6868 0 1
14.3124 -41.4254 50.7255 0.262746 -0.0133287 0.964773 16.1382 0 1
13.8294 -39.7396 50.8946 0.259104 -0.0134168 0.965756 16.4042 0 1
12.8645 -39.5459 51.1699 0.253889 -0.0139506 0.967133 16.7061 0 1
11.7802 -39.5052 51.4733 0.247358 -0.0150949 0.968806 17.0873 0 1
10.4548 -39.6165 51.8099 0.239737 -0.016969 0.97069 17.5217 0 1
9.31181 -40.598 52.0685 0.231282 -0.0195358 0.97269 17.8175 0 1
9.19576 -41.5938 52.0752 0.222408 -0.0225321 0.974693 18.1817 0 1
9.14613 -42.8379 52.065 0.213781 -0.0255021 0.976549 18.4523 0 1
8.31672 -43.2252 52.2484 0.206323 -0.02794 0.978085 18.7991 0 1
8.3172 -44.395 52.2193 0.201065 -0.0294655 0.979135 19.2087 0 1
8.15848 -45.7769 52.1603 0.198886 -0.0299374 0.979565 19.672 0 1
8.09633 -47.3524 52.0584 0.200264 -0.0294487 0.979299 19.9526 0 1
8.26792 -48.3449 52.0002 0.205117 -0.0282276 0.97833 20.3043 0 1
9.05487 -49.3129 51.8381 0.212824 -0.0265202 0.976731 20.8392 0 1
10.9358 -49.2375 51.4811 0.222394 -0.0245249 0.974648 21.1417 0 1
11.9762 -49.3174 51.228 0.232731 -0.0223957 0.972283 21.4463 0 1
13.0514 -49.3381 50.9564 0.242876 -0.020273 0.969845 21.7461 0 1
14.1071 -49.1572 50.6711 0.25215 -0.0182901 0.967515 22.096 0 1
15.049 -48.2456 50.4285 0.260162 -0.0165469 0.965423 22.4628 0 1
14.9898 -46.8401 50.4687 0.266708 -0.0150826 0.963659 22.7836 0 1
15.0903 -45.6247 50.4517 0.271646 -0.0138766 0.962297 23.0758 0 1
15.0937 -44.509 50.4584 0.274794 -0.0128788 0.961417 23.4497 0 1
15.1551 -43.0792 50.4459 0.275922 -0.0120499 0.961105 23.8754 0 1
15.1122 -41.4317 50.4888 0.274818 -0.0113838 0.961429 24.1304 0 1
15.0934 -40.428 50.5146 0.271432 -0.0108962 0.962396 24.451 0 1
14.8221 -39.1852 50.6031 0.265998 -0.0105921 0.963915 24.828 0 1
13.4733 -38.732 51.0039 0.259077 -0.0104445 0.9658 25.1748 0 1
12.208 -38.6432 51.3676 0.251455 -0.0103998 0.967813 25.5401 0 1
10.9247 -38.7214 51.6992 0.243952 -0.0104004 0.969732 26.0193 0 1
9.27346 -38.8618 52.1018 0.237196 -0.0104029 0.971406 26.3347 0 1
8.48181 -39.5816 52.2719 0.23148 -0.0103851 0.972784 26.7524 0 1
8.37729 -40.9744 52.2559 0.226732 -0.0103427 0.973902 27.0742 0 1
8.3875 -42.0742 52.249 0.222608 -0.0102834 0.974854 27.1302 0 1
8.38709 -42.2635 52.2483 0.218633 -0.0102192 0.975715 27.1302 0 1
