-12.5481 -42.9783 51.7244 -0.261666 -0.00633639 0.965123 0 1 1
-12.4311 -44.1612 51.7547 -0.261138 -0.00676926 0.965278 0.728157 0 1
-11.7004 -45.4713 51.9387 -0.261007 -0.00716139 0.96531 0.998496 0 1
-11.6031 -44.4771 51.9678 -0.261289 -0.00745545 0.965232 1.27308 0 1
-11.703 -43.4674 51.9521 -0.26178 -0.00761152 0.965098 1.54491 0 1
-11.9108 -42.4967 51.9036 -0.262147 -0.00764707 0.964998 1.70973 0 1
-12.4779 -42.6296 51.7477 -0.262116 -0.00764243 0.965006 1.91549 0 1
-13.1889 -42.813 51.5524 -0.261625 -0.00770147 0.965139 2.315 0 1
-13.1443 -44.303 51.558 -0.260851 -0.00789385 0.965347 2.58637 0 1
-13.0373 -45.3135 51.581 -0.260108 -0.00822022 0.965545 2.8631 0 1
-12.7333 -46.3086 51.662 -0.259715 -0.00861895 0.965647 3.23824 0 1
-11.4278 -46.6893 51.9868 -0.259906 -0.00899909 0.965592 3.5053 0 1
-10.9862 -45.7921 52.1064 -0.260783 -0.00927341 0.965353 3.94357 0 1
-10.8782 -44.1636 52.1654 -0.262303 -0.00937944 0.96494 4.35143 0 1
-10.9537 -42.6864 52.1632 -0.264269 -0.00928786 0.964404 4.66428 0 1
-11.1758 -41.5823 52.1169 -0.266352 -0.00899601 0.963834 4.97385 0 1
-12.1572 -41.1368 51.8515 -0.268128 -0.00851364 0.963346 5.34653 0 1
-13.1044 -42.0686 51.5821 -0.269171 -0.00786742 0.96306 5.56272 0 1
-13.8743 -41.9859 51.3648 -0.269199 -0.00713473 0.963058 5.9686 0 1
-13.915 -43.5143 51.3387 -0.268198 -0.00646759 0.963342 6.38351 0 1
-13.8097 -45.082 51.3606 -0.266458 -0.00605708 0.963827 6.74394 0 1
-13.6879 -46.4546 51.3877 -0.264464 -0.00604485 0.964377 7.06019 0 1
-13.0892 -47.4919 51.5543 -0.262702 -0.00644421 0.964855 7.34698 0 1
-12.0599 -47.6495 51.8418 -0.261504 -0.00712683 0.965176 7.62681 0 1
-11.0553 -47.6086 52.0763 -0.260975 -0.00788075 0.965314 7.92438 0 1
-10.3099 -46.8008 52.2501 -0.261045 -0.00850195 0.965289 8.31968 0 1
-10.1976 -45.3073 52.3309 -0.261575 -0.00886929 0.965143 8.64271 0 1
-10.14 -44.1447 52.3714 -0.26247 -0.00896507 0.964899 8.92755 0 1
-10.1766 -43.1324 52.374 -0.263732 -0.00883524 0.964556 9.27765 0 1
-10.2505 -41.8938 52.3669 -0.265418 -0.0085253 0.964096 9.6411 0 1
-10.6211 -40.6696 52.2752 -0.267526 -0.00804627 0.963517 9.94436 0 1
-11.6033 -40.327 52.0075 -0.269889 -0.00739545 0.962863 10.2397 0 1
-12.6293 -40.2952 51.7258 -0.272163 -0.00660429 0.962228 10.6278 0 1
-13.7544 -41.1013 51.4104 -0.273907 -0.00576634 0.961739 10.7438 0 1
-13.834 -41.5248 51.3848 -0.274707 -0.00502433 0.961515 10.9843 0 1
-14.6306 -41.8578 51.1406 -0.274288 -0.00453114 0.961637 11.4566 0 1
-14.3357 -40.0933 51.2325 -0.272579 -0.00440918 0.962123 11.8099 0 1
-13.1832 -39.5211 51.5736 -0.269738 -0.00471641 0.962922 12.1082 0 1
-12.1337 -39.4931 51.8655 -0.26614 -0.00540853 0.963919 12.4151 0 1
-11.0617 -39.5381 52.1599 -0.262293 -0.00630241 0.964968 12.8594 0 1
-9.6873 -40.2544 52.5369 -0.258718 -0.00708189 0.965927 13.1584 0 1
-9.52811 -41.2728 52.5623 -0.255823 -0.00738524 0.966695 13.5151 0 1
-9.4712 -42.5141 52.5698 -0.253869 -0.00695223 0.967214 13.842 0 1
-9.44363 -43.6598 52.5665 -0.253007 -0.00575045 0.967447 14.1333 0 1
-9.43541 -44.68 52.5423 -0.253322 -0.00400399 0.967374 14.4407 0 1
-9.45432 -45.7749 52.52 -0.254829 -0.00210865 0.966984 14.7851 0 1
-9.45209 -47.0011 52.4844 -0.257429 -0.000484784 0.966297 15.1115 0 1
-9.77359 -48.1465 52.4274 -0.26089 0.000556592 0.965368 15.7118 0 1
-11.7946 -48.4586 51.9063 -0.264897 0.000886709 0.964276 16.0317 0 1
-12.9339 -48.4706 51.5948 -0.269141 0.000567486 0.963101 16.3281 0 1
-13.983 -48.2125 51.3037 -0.27338 -0.000185011 0.961906 16.6652 0 1
-14.4262 -47.007 51.1694 -0.277441 -0.00106616 0.960742 16.9851 0 1
-14.4885 -45.7818 51.156 -0.281155 -0.0017694 0.959661 17.4376 0 1
-14.6191 -44.0365 51.1315 -0.284302 -0.00207572 0.958732 17.7364 0 1
-14.6663 -42.8887 51.1161 -0.286593 -0.0019095 0.958051 17.9936 0 1
-14.634 -41.8959 51.139 -0.287707 -0.00133511 0.957717 18.2046 0 1
-15.3619 -42.1368 50.9075 -0.287377 -0.000509088 0.957818 18.6018 0 1
-15.5077 -40.6043 50.8659 -0.285474 0.000373099 0.958386 18.8739 0 1
-15.225 -39.5988 50.9564 -0.282074 0.00110868 0.959392 19.1473 0 1
-14.6303 -38.7559 51.1349 -0.277438 0.0015003 0.960742 19.6677 0 1
-12.7431 -38.6859 51.6974 -0.271951 0.00137622 0.96231 19.9841 0 1
-11.6433 -38.661 52.005 -0.266035 0.000639347 0.963963 20.3353 0 1
-10.4274 -38.7495 52.3322 -0.260095 -0.000673084 0.965583 20.616 0 1
-9.47464 -38.9102 52.5988 -0.254491 -0.00236544 0.967072 20.9503 0 1
-8.78285 -39.8175 52.7678 -0.249507 -0.00411875 0.968364 21.3084 0 1
-8.69354 -41.0279 52.7699 -0.245342 -0.0055684 0.969421 21.6583 0 1
-8.64056 -42.2343 52.7826 -0.24215 -0.00639753 0.970218 21.9954 0 1
-8.64609 -43.3917 52.7641 -0.240099 -0.00642276 0.970727 22.3434 0 1
-8.59379 -44.5977 52.7386 -0.239402 -0.00564712 0.970904 22.7166 0 1
-8.72274 -45.9078 52.7091 -0.240265 -0.00425938 0.970698 23.0373 0 1
-8.51228 -46.9879 52.7363 -0.242786 -0.00257901 0.970076 23.4101 0 1
-8.80314 -48.2566 52.6728 -0.24685 -0.000964851 0.969053 23.723 0 1
-9.40014 -49.1399 52.5292 -0.252112 0.000283914 0.967698 24.2333 0 1
-11.1088 -49.277 52.1115 -0.258072 0.00100146 0.966125 24.6324 0 1
-12.4595 -49.2607 51.7289 -0.264204 0.0011783 0.964466 25.0255 0 1
-13.8616 -49.4592 51.3499 -0.270073 0.000929956 0.962839 25.393 0 1
-14.9597 -48.6604 51.0052 -0.275408 0.000433306 0.961327 25.6914 0 1
-15.3138 -47.5621 50.8985 -0.280103 -0.000138266 0.95997 26.003 0 1
-15.3202 -46.3501 50.9015 -0.284184 -0.000658587 0.958769 26.4463 0 1
-15.2912 -44.622 50.9242 -0.287754 -0.00106568 0.957704 26.7043 0 1
-15.3625 -43.6211 50.9047 -0.290954 -0.00135719 0.956736 26.8955 0 1
-15.5197 -42.8962 50.8593 -0.293938 -0.00157234 0.955823 27.0569 0 1
-15.3682 -42.2901 50.9048 -0.296861 -0.00176762 0.954898 27.0569 0 1
