13.4074 -16.2362 50.5282 0.393748 0.0210499 0.918977 0 1 0
13.8711 -16.3585 50.3278 0.399081 0.0196295 0.916705 0.44038 0 0
14.2153 -15.4254 50.1475 0.403187 0.0182675 0.914935 0.763893 0 0
14.2848 -14.3049 50.086 0.405823 0.0170385 0.913793 1.13635 0 0
13.9967 -13.0335 50.2007 0.407131 0.0160311 0.913229 1.41128 0 0
13.512 -13.8148 50.4283 0.407566 0.0153349 0.913047 1.7996 0 0
13.5441 -15.168 50.4523 0.407785 0.0150257 0.912954 1.94049 0 0
13.496 -15.652 50.4772 0.40845 0.0151494 0.912655 2.16178 0 0
12.7861 -15.6436 50.7842 0.409995 0.0157149 0.911953 2.50569 0 0
12.8805 -14.4444 50.7335 0.412439 0.0167045 0.910832 2.81169 0 0
12.9691 -13.4052 50.6817 0.41538 0.0180913 0.909468 3.12091 0 0
13.2231 -12.3929 50.5543 0.418144 0.0198329 0.908164 3.429 0 0
13.8643 -11.6354 50.23 0.42004 0.0218298 0.907243 3.74895 0 0
14.5968 -12.3785 49.8936 0.420576 0.0238913 0.906943 4.07509 0 0
14.7824 -13.4953 49.8164 0.419572 0.0257689 0.907356 4.47139 0 0
14.9033 -14.8946 49.8066 0.417169 0.0272579 0.90842 4.84593 0 0
14.7753 -16.1894 49.9098 0.41376 0.0282865 0.909946 5.20246 0 0
14.4396 -17.3477 50.0969 0.40992 0.0289166 0.911663 5.58991 0 0
13.3933 -18.0649 50.6001 0.406359 0.0292632 0.913245 5.92876 0 0
12.8441 -17.032 50.7893 0.403846 0.0294091 0.914354 6.24964 0 0
12.7758 -15.9031 50.7911 0.403054 0.0293826 0.914704 6.46396 0 0
12.092 -16.0032 51.088 0.404369 0.0291981 0.91413 6.78882 0 0
12.1713 -17.125 51.084 0.407756 0.028895 0.912634 7.20704 0 0
12.585 -18.5129 50.9671 0.412753 0.0285304 0.910396 7.50416 0 0
13.325 -19.1719 50.6849 0.418552 0.0281396 0.907757 7.82829 0 0
14.2819 -18.8082 50.2269 0.42413 0.0277089 0.905177 8.15968 0 0
14.9502 -17.8952 49.8817 0.428421 0.027181 0.90317 8.68485 0 0
15.4802 -16.17 49.5624 0.430512 0.026493 0.902196 9.01998 0 0
15.5674 -15.0132 49.4932 0.429823 0.0256273 0.902549 9.50872 0 0
15.4499 -13.3301 49.4645 0.426218 0.0246442 0.904285 9.97675 0 0
15.1291 -11.6713 49.6174 0.419999 0.0236765 0.907216 10.3384 0 0
14.3883 -10.7024 49.9514 0.411803 0.0228887 0.910985 10.7166 0 0
13.2207 -10.915 50.5022 0.402481 0.0224217 0.915154 11.2811 0 0
12.4217 -12.6234 50.891 0.393015 0.0223486 0.91926 11.6203 0 0
12.2471 -13.7608 50.9875 0.384479 0.022661 0.922855 11.9755 0 0
12.1333 -14.9684 51.0472 0.377979 0.0232873 0.925521 12.051 0 0
12.1144 -15.23 51.0612 0.374509 0.0241246 0.92691 12.267 0 0
11.4133 -15.2396 51.3281 0.374748 0.0250588 0.926788 12.6016 0 0
11.4002 -16.3969 51.3485 0.378873 0.0259707 0.925084 13.0858 0 0
11.654 -18.1157 51.329 0.386489 0.0267481 0.921906 13.4093 0 0
12.0664 -19.1433 51.1987 0.396718 0.0273076 0.917534 13.7214 0 0
12.7657 -19.9321 50.9363 0.408412 0.0276043 0.91238 14.238 0 0
14.4116 -19.7135 50.1936 0.420378 0.0276117 0.906929 14.5928 0 0
15.2231 -18.8472 49.776 0.431538 0.0272945 0.901682 14.9351 0 0
15.7156 -17.8039 49.4782 0.440987 0.0266133 0.897119 15.2658 0 0
16.0603 -16.7153 49.2589 0.448007 0.0255632 0.893664 15.5581 0 0
16.1751 -15.6846 49.1825 0.452084 0.0242047 0.891647 16.009 0 0
16.1797 -14.1158 49.1287 0.452939 0.022649 0.891254 16.3166 0 0
16.0913 -13.0204 49.1177 0.450555 0.0210103 0.892502 16.7274 0 0
15.8037 -11.5385 49.2485 0.445173 0.0193673 0.895235 17.0247 0 0
15.3418 -10.6094 49.4892 0.437257 0.0177683 0.899161 17.4087 0 0
14.4138 -9.74505 49.9236 0.427411 0.0162697 0.903911 17.7355 0 0
13.3918 -9.74091 50.3985 0.416328 0.0149728 0.909091 18.2337 0 0
12.2815 -10.923 50.9281 0.404776 0.0140232 0.914308 18.5475 0 0
11.8832 -11.8848 51.1068 0.393639 0.0135563 0.919165 18.9024 0 0
11.6514 -13.0586 51.2174 0.383913 0.0136133 0.923269 19.262 0 0
11.495 -14.2771 51.2787 0.376609 0.0140865 0.926265 19.3391 0 0
11.4623 -14.5395 51.2915 0.372581 0.0147409 0.927883 19.555 0 0
10.7736 -14.4761 51.5585 0.372364 0.015309 0.927961 20.0288 0 0
10.9717 -12.889 51.4583 0.376073 0.0156081 0.926459 20.545 0 0
11.3355 -11.1819 51.2871 0.383384 0.0156207 0.923457 20.9332 0 0
11.9305 -10.078 51.0458 0.393575 0.0154935 0.919162 21.2831 0 0
12.6854 -9.25952 50.718 0.405638 0.015456 0.913903 21.6174 0 0
13.6048 -8.77106 50.2898 0.418433 0.015708 0.908112 21.9472 0 0
14.6109 -8.94721 49.8206 0.430867 0.0163442 0.902267 22.285 0 0
15.4852 -9.59724 49.4116 0.442037 0.0173511 0.896829 22.7696 0 0
16.3392 -10.9561 48.9446 0.451275 0.0186539 0.89219 23.2503 0 0
16.7245 -12.6581 48.7732 0.45809 0.0201683 0.888677 23.5756 0 0
16.8319 -13.8542 48.7592 0.462063 0.0218227 0.886579 23.9192 0 0
16.8392 -15.0962 48.802 0.462806 0.0235451 0.886147 24.2096 0 0
16.7876 -16.1246 48.8589 0.460022 0.0252396 0.887548 24.4909 0 0
16.6481 -17.1112 48.9587 0.453636 0.0267815 0.890785 24.8698 0 0
16.2242 -18.3809 49.2291 0.443929 0.0280332 0.895624 25.2712 0 0
15.5713 -19.5801 49.6174 0.431599 0.0288657 0.901604 25.6572 0 0
14.6806 -20.4852 50.0942 0.417682 0.0291739 0.908125 25.9994 0 0
13.67 -20.9035 50.5965 0.40334 0.0288975 0.914594 26.3066 0 0
12.6916 -20.8407 50.9944 0.389592 0.0280482 0.92056 26.6075 0 0
11.8925 -20.214 51.2913 0.377135 0.0267223 0.925773 27.0766 0 0
11.1169 -18.7879 51.5427 0.366341 0.0250829 0.930143 27.4006 0 0
10.827 -17.7164 51.6047 0.357407 0.0233221 0.933657 27.7085 0 0
10.7121 -16.6424 51.6021 0.350542 0.0216225 0.936298 27.9922 0 0
10.682 -15.6428 51.6029 0.346062 0.0201215 0.937996 28.2613 0 0
10.7453 -14.7031 51.5697 0.344389 0.0188831 0.938637 28.4887 0 0
10.0184 -14.7927 51.8113 0.345947 0.0178897 0.938084 28.8332 0 0
10.1761 -13.603 51.7437 0.351019 0.0170666 0.936213 29.2943 0 0
10.3658 -12.0532 51.6527 0.359602 0.0163375 0.932963 29.8005 0 0
10.8276 -10.4679 51.4649 0.371306 0.0156853 0.928378 30.2799 0 0
11.6429 -9.20405 51.1327 0.385367 0.0151804 0.922638 30.5919 0 0
12.3418 -8.51494 50.8364 0.400782 0.0149482 0.916052 31.0565 0 0
13.6686 -7.90796 50.2571 0.416502 0.0150962 0.90901 31.5145 0 0
15.0299 -8.27101 49.6118 0.431601 0.0156587 0.901929 31.8145 0 0
15.8067 -8.85796 49.2333 0.445339 0.0165948 0.895208 32.3025 0 0
16.7527 -10.1573 48.7094 0.457144 0.0178282 0.889214 32.5848 0 0
17.1037 -11.0959 48.5326 0.466528 0.0192848 0.884296 33.1089 0 0
17.4134 -12.9914 48.3908 0.473006 0.0209036 0.880811 33.5227 0 0
17.4823 -14.5423 48.4204 0.476075 0.0226276 0.879113 33.8286 0 0
17.4522 -15.652 48.4669 0.475296 0.0243914 0.879488 34.2018 0 0
17.3158 -16.9905 48.57 0.470447 0.0261168 0.882042 34.6246 0 0
16.9103 -18.4931 48.8576 0.46167 0.0277197 0.886618 34.9162 0 0
16.513 -19.4329 49.1 0.449515 0.0291216 0.892798 35.3545 0 0
15.6389 -20.6304 49.6206 0.434855 0.0302534 0.899992 35.7841 0 0
14.5318 -21.473 50.2077 0.418724 0.0310479 0.907582 36.2486 0 0
13.0929 -21.7561 50.8663 0.402141 0.0314334 0.915038 36.538 0 0
12.1711 -21.5225 51.2354 0.385973 0.031351 0.921977 36.8299 0 0
11.4374 -20.8772 51.488 0.370855 0.0307946 0.92818 37.2939 0 0
10.6272 -19.4922 51.733 0.357173 0.0298378 0.933562 37.6781 0 0
10.2017 -18.2412 51.8414 0.34513 0.0286188 0.938118 38.0443 0 0
10.0303 -16.9862 51.856 0.334919 0.0272932 0.941852 38.3986 0 0
9.96431 -15.768 51.8513 0.326876 0.0259927 0.94471 38.5372 0 0
9.98907 -15.2907 51.8324 0.321523 0.0248106 0.946577 38.784 0 0
9.29094 -14.8449 52.0477 0.31946 0.0238008 0.947301 39.3112 0 0
9.52775 -13.0894 51.9534 0.321206 0.02297 0.946731 39.6179 0 0
9.6152 -12.0912 51.8943 0.327054 0.0222626 0.944743 40.0653 0 0
9.96065 -10.6756 51.7542 0.33696 0.0215628 0.941272 40.5361 0 0
10.6061 -9.32938 51.5188 0.350468 0.0207354 0.936345 40.8926 0 0
11.2923 -8.42485 51.2542 0.366692 0.019695 0.930134 41.3154 0 0
12.303 -7.58712 50.8328 0.384438 0.0184645 0.922966 41.6554 0 0
13.2677 -7.12465 50.4368 0.40244 0.0171894 0.915285 42.0909 0 0
14.5787 -7.20702 49.8119 0.419618 0.0160906 0.907558 42.4365 0 0
15.5707 -7.68296 49.3267 0.435244 0.0153743 0.900181 42.7431 0 0
16.3383 -8.35119 48.9356 0.448959 0.0151516 0.893424 43.1058 0 0
17.0863 -9.29085 48.5177 0.460674 0.0154235 0.887435 43.3976 0 0
17.5364 -10.2125 48.2828 0.470436 0.0161319 0.882287 43.6747 0 0
17.8216 -11.168 48.1415 0.478304 0.0172197 0.878026 43.9609 0 0
18.0076 -12.1758 48.05 0.484262 0.0186508 0.874724 44.3653 0 0
18.1174 -13.6447 48.0199 0.488173 0.0203856 0.872509 44.7491 0 0
18.109 -15.0516 48.0738 0.489744 0.0223456 0.87158 45.035 0 0
18.0445 -16.0734 48.1302 0.488549 0.0244011 0.872195 45.3347 0 0
17.9426 -17.1554 48.2047 0.484099 0.0263904 0.874615 45.6255 0 0
17.7048 -18.2075 48.3773 0.47597 0.0281544 0.879011 45.9344 0 0
17.3173 -19.2909 48.657 0.463932 0.0295604 0.885377 46.3836 0 0
16.569 -20.6757 49.1158 0.448085 0.0305038 0.89347 46.7695 0 0
15.6923 -21.6181 49.6301 0.428952 0.0308923 0.902799 47.2062 0 0
14.4892 -22.3638 50.2603 0.407508 0.0306323 0.912688 47.6603 0 0
13.0808 -22.589 50.8994 0.385074 0.0296407 0.92241 47.9908 0 0
12.0233 -22.3541 51.3227 0.363089 0.0278927 0.931337 48.371 0 0
11.0287 -21.5656 51.6646 0.342837 0.0254848 0.939049 48.7497 0 0
10.3067 -20.5202 51.872 0.32522 0.0226728 0.945367 49.2468 0 0
9.64786 -18.9997 52.0172 0.310662 0.0198494 0.950313 49.5818 0 0
9.36883 -17.8814 52.0677 0.299183 0.0174609 0.954036 49.8878 0 0
9.2937 -16.8234 52.0653 0.290579 0.0158926 0.956719 50.1735 0 0
9.24485 -15.8225 52.084 0.284678 0.0153637 0.9585 50.183 0 0
9.24615 -15.7903 52.0838 0.281538 0.01587 0.959419 50.4036 0 0
8.52728 -15.8042 52.2816 0.281508 0.0172016 0.959405 50.7397 0 0
8.583 -16.9336 52.2679 0.285095 0.0190279 0.958311 51.1254 0 0
8.67337 -18.2539 52.2699 0.292726 0.0210111 0.955966 51.435 0 0
8.94843 -19.2832 52.2185 0.304527 0.0229015 0.952228 51.9593 0 0
9.67974 -20.9275 52.0575 0.320206 0.024578 0.947029 52.4179 0 0
10.5479 -22.2278 51.8612 0.339062 0.0260299 0.940404 52.771 0 0
11.4275 -22.9447 51.5676 0.360097 0.0272915 0.932516 53.1138 0 0
12.4454 -23.331 51.1814 0.38219 0.0283655 0.923648 53.5244 0 0
13.7687 -23.3889 50.6392 0.404257 0.029183 0.91418 54.0122 0 0
15.2373 -22.9072 49.9158 0.425372 0.0296352 0.904533 54.3211 0 0
16.0673 -22.3892 49.4723 0.44483 0.0296516 0.895124 54.743 0 0
16.9717 -21.3425 48.9241 0.462162 0.0292571 0.886313 55.0561 0 0
17.5367 -20.4153 48.5659 0.477119 0.0285627 0.878375 55.4581 0 0
18.0941 -19.1033 48.1955 0.489616 0.0277046 0.871498 55.8465 0 0
18.5016 -17.7264 47.8863 0.499658 0.0267792 0.865809 56.1574 0 0
18.6384 -16.5553 47.7874 0.507256 0.0258093 0.861409 56.4582 0 0
18.7262 -15.4522 47.7176 0.512367 0.0247577 0.85841 56.7361 0 0
18.7979 -14.456 47.6413 0.514852 0.0235849 0.856955 57.0189 0 0
18.7618 -13.4267 47.6284 0.514466 0.022321 0.85722 57.3205 0 0
18.6905 -12.3205 47.6402 0.510895 0.0211028 0.859384 57.5956 0 0
18.5038 -11.3277 47.7327 0.503847 0.0201399 0.863558 57.8981 0 0
18.2376 -10.2616 47.8715 0.493179 0.0196246 0.869707 58.3864 0 0
17.5454 -8.67417 48.2466 0.478998 0.0196347 0.877596 58.8333 0 0
16.5613 -7.51131 48.8095 0.461698 0.0200887 0.886809 59.2112 0 0
15.5616 -6.78472 49.3188 0.44191 0.0207879 0.896818 59.5488 0 0
14.5733 -6.31268 49.8008 0.420405 0.0215209 0.907081 59.9004 0 0
13.463 -6.28 50.3207 0.397995 0.0221506 0.91712 60.3507 0 0
12.0969 -6.73303 50.8926 0.37546 0.0226218 0.926563 60.6867 0 0
11.2401 -7.39007 51.2382 0.353501 0.0229084 0.935153 61.1078 0 0
10.3324 -8.39282 51.5944 0.332721 0.0229719 0.942746 61.491 0 0
9.6886 -9.43187 51.808 0.313615 0.0227749 0.949277 61.9905 0 0
9.10869 -10.9376 52.0035 0.296609 0.0223402 0.954738 62.3395 0 0
8.86709 -12.0525 52.1092 0.282096 0.0218072 0.959138 62.7634 0 0
8.75687 -13.4364 52.1746 0.270458 0.0214314 0.962493 63.1648 0 0
8.58562 -14.748 52.2656 0.262046 0.0215039 0.964816 63.2794 0 0
8.55489 -15.1209 52.2785 0.257153 0.0222258 0.966115 63.5119 0 0
7.81631 -15.0319 52.4479 0.256007 0.0236116 0.966386 63.9803 0 0
7.82645 -16.5965 52.4727 0.258756 0.0254796 0.965607 64.3226 0 0
7.80781 -17.7391 52.4864 0.265453 0.0275277 0.963731 64.6895 0 0
8.08915 -18.9661 52.4498 0.276042 0.0294542 0.960694 65.1469 0 0
8.53515 -20.4765 52.3653 0.290331 0.031065 0.956422 65.5037 0 0
9.14936 -21.5408 52.2432 0.307948 0.0323183 0.950854 65.9211 0 0
9.88364 -22.7493 52.0779 0.328291 0.0332896 0.94399 66.4475 0 0
11.2368 -23.8146 51.6664 0.35053 0.0340866 0.935931 66.7597 0 0
12.1742 -24.1362 51.3144 0.373698 0.0347663 0.926899 67.2137 0 0
13.6215 -24.2132 50.7249 0.396836 0.0352887 0.917211 67.5072 0 0
14.5697 -24.251 50.2828 0.419101 0.0355235 0.907244 68.0489 0 0
16.0585 -23.3152 49.5068 0.439816 0.035311 0.897394 68.4607 0 0
17.0314 -22.4053 48.9438 0.458471 0.0345581 0.888037 68.7789 0 0
17.7635 -21.6454 48.4869 0.474727 0.0333047 0.879503 69.0548 0 0
18.0912 -20.7214 48.2636 0.488416 0.0317089 0.872035 69.3342 0 0
18.613 -19.9174 47.9211 0.499534 0.0299588 0.865776 69.7696 0 0
19.0956 -18.4035 47.5471 0.508198 0.0281772 0.860779 70.1166 0 0
19.2711 -17.1195 47.4054 0.514558 0.0263803 0.85705 70.4235 0 0
19.3239 -15.9831 47.3555 0.518713 0.0245078 0.854597 70.7376 0 0
19.5397 -14.8701 47.1916 0.520654 0.0225 0.853471 71.051 0 0
19.457 -13.7292 47.2075 0.520255 0.0203815 0.853768 71.409 0 0
19.4685 -12.4063 47.1527 0.517308 0.0183129 0.855604 71.7648 0 0
19.2147 -11.1122 47.283 0.51159 0.0165752 0.85907 72.0817 0 0
19.0036 -9.97595 47.3989 0.502945 0.0154738 0.86418 72.4888 0 0
18.4092 -8.66634 47.7384 0.491342 0.0152025 0.870834 72.9912 0 0
17.3232 -7.30485 48.3644 0.4769 0.0157412 0.878816 73.3184 0 0
16.5794 -6.47119 48.7864 0.459869 0.0168533 0.887827 73.6228 0 0
15.7378 -5.91385 49.2232 0.440611 0.0181831 0.897514 74.1045 0 0
14.267 -5.45509 49.9345 0.41961 0.0193979 0.907497 74.3984 0 0
13.3251 -5.53793 50.3479 0.39747 0.0202959 0.917391 74.7275 0 0
12.2633 -5.7543 50.8021 0.374898 0.0208338 0.926832 75.0932 0 0
11.258 -6.41678 51.205 0.35262 0.0210778 0.935529 75.486 0 0
10.1843 -7.067 51.6064 0.331279 0.0211256 0.943296 75.9317 0 0
9.48813 -8.31352 51.863 0.31135 0.0210482 0.950062 76.2928 0 0
8.80898 -9.25188 52.0683 0.293085 0.0208739 0.955858 76.6616 0 0
8.41899 -10.3872 52.1953 0.276506 0.0206045 0.960791 77.0736 0 0
8.16186 -11.7239 52.2856 0.261421 0.0202397 0.965013 77.4485 0 0
8.01936 -12.9592 52.348 0.247472 0.0197934 0.968693 77.8979 0 0
7.91916 -14.4628 52.4134 0.234183 0.0192949 0.972001 78.0536 0 0
7.81523 -14.9683 52.447 0.22103 0.0187805 0.975086 78.0536 0 0
