12.0096 -44.5503 52.9413 0.264007 -0.043231 0.963552 0 1 1
12.687 -44.9793 52.734 0.268345 -0.0386205 0.962548 0.511727 0 1
12.9173 -43.9641 52.6733 0.272348 -0.0342017 0.961591 0.908726 0 1
12.2681 -42.629 52.9028 0.276074 -0.0300432 0.960667 1.33278 0 1
12.039 -44.1719 52.9502 0.279593 -0.0262073 0.959761 1.52016 0 1
11.3935 -44.2133 53.1252 0.282835 -0.0227461 0.958899 1.82399 0 1
11.4731 -43.1379 53.1423 0.285563 -0.0196977 0.958157 2.2721 0 1
11.8287 -41.593 53.0499 0.287464 -0.0171179 0.957638 2.5492 0 1
12.7703 -41.3518 52.7586 0.288268 -0.015132 0.95743 2.88758 0 1
13.5992 -42.2612 52.4829 0.287833 -0.0139392 0.957579 3.17134 0 1
13.6572 -43.336 52.4449 0.286173 -0.0137204 0.95808 3.53283 0 1
13.5699 -44.7233 52.4581 0.283473 -0.0144822 0.958871 3.7977 0 1
13.4496 -45.7404 52.4969 0.280099 -0.0159409 0.959839 4.12643 0 1
12.6798 -46.6853 52.7002 0.27659 -0.0175488 0.960828 4.39784 0 1
11.719 -46.5544 52.9624 0.273594 -0.0186812 0.961664 4.88678 0 1
11.3766 -44.7999 53.1036 0.271727 -0.0188866 0.962189 4.92234 0 1
11.3578 -44.6736 53.1144 0.271418 -0.0180532 0.962292 5.1302 0 1
10.654 -44.8541 53.2856 0.272777 -0.0164009 0.961937 5.62451 0 1
10.7397 -43.0664 53.3364 0.275563 -0.0143234 0.961176 6.1102 0 1
10.936 -41.3603 53.3256 0.27925 -0.0121925 0.960141 6.40304 0 1
11.4975 -40.5064 53.1511 0.283158 -0.0102451 0.959018 6.76778 0 1
12.7671 -40.4267 52.7574 0.286612 -0.00859112 0.958008 7.0674 0 1
13.8206 -40.6729 52.4277 0.289081 -0.0072807 0.957277 7.34294 0 1
14.2599 -41.6262 52.276 0.290286 -0.00634396 0.956919 7.64035 0 1
14.3601 -42.7742 52.2285 0.290207 -0.00578306 0.956946 7.92226 0 1
14.3504 -43.8745 52.2214 0.289003 -0.00556365 0.957312 8.19095 0 1
14.2908 -44.9205 52.2297 0.286893 -0.005631 0.957946 8.46107 0 1
14.1586 -45.9729 52.2828 0.284056 -0.00593602 0.958789 8.73429 0 1
13.8883 -46.9857 52.3531 0.280583 -0.0064643 0.959808 9.04944 0 1
12.9221 -47.6328 52.6229 0.27651 -0.00726143 0.960984 9.42551 0 1
11.5852 -47.5626 53.0048 0.271927 -0.00841797 0.962281 9.69378 0 1
10.9584 -46.8546 53.1888 0.267104 -0.0099924 0.963616 10.0092 0 1
10.6981 -45.7833 53.2465 0.262539 -0.0119187 0.964848 10.1225 0 1
10.6837 -45.3732 53.2581 0.25887 -0.01397 0.965811 10.3513 0 1
9.9487 -45.0374 53.4625 0.256702 -0.0158001 0.966362 10.6596 0 1
9.97265 -46.138 53.446 0.256413 -0.0170393 0.966417 11.0442 0 1
10.1303 -47.48 53.4043 0.25805 -0.0174111 0.965975 11.4584 0 1
11.1433 -48.383 53.1067 0.261343 -0.0168317 0.965099 11.7613 0 1
12.1812 -48.4377 52.8087 0.265832 -0.0154462 0.963896 12.0363 0 1
13.164 -48.4299 52.5455 0.271002 -0.0135732 0.962483 12.3498 0 1
14.2594 -48.1915 52.2424 0.276376 -0.011579 0.96098 12.7244 0 1
14.8643 -46.9463 52.0718 0.281539 -0.00974093 0.9595 13.0013 0 1
14.9401 -45.8921 52.0438 0.286101 -0.00816195 0.958165 13.2678 0 1
15.0293 -44.867 52.0049 0.289653 -0.00678361 0.957108 13.5479 0 1
15.0662 -43.7626 51.9967 0.291768 -0.00550167 0.956473 13.8348 0 1
15.0564 -42.6323 52.0101 0.29208 -0.00432083 0.956384 14.1288 0 1
14.9786 -41.4781 52.0441 0.290425 -0.00343961 0.956892 14.4645 0 1
14.6433 -40.1994 52.1642 0.286937 -0.0031913 0.957944 14.8382 0 1
13.3428 -39.622 52.5754 0.282063 -0.00387336 0.959388 15.137 0 1
12.2421 -39.6088 52.9197 0.276442 -0.00557761 0.961014 15.444 0 1
11.1374 -39.6483 53.233 0.270726 -0.00811499 0.962622 15.7492 0 1
10.2512 -40.3125 53.4907 0.265421 -0.0110555 0.964069 16.1118 0 1
10.091 -41.6157 53.5343 0.26084 -0.0138568 0.965283 16.4524 0 1
9.99054 -42.8119 53.5338 0.257165 -0.0160333 0.966234 16.8342 0 1
9.92524 -44.1515 53.4957 0.254558 -0.0172979 0.966903 16.9444 0 1
9.92541 -44.5453 53.4804 0.253228 -0.0176147 0.967246 17.2024 0 1
9.16406 -45.024 53.6722 0.253405 -0.0171537 0.967208 17.6025 0 1
9.24364 -43.6496 53.6829 0.255237 -0.0161896 0.966743 18.0823 0 1
9.31189 -41.9503 53.7229 0.258698 -0.0149989 0.965842 18.5792 0 1
9.3915 -40.2062 53.7076 0.26353 -0.013789 0.964553 18.9457 0 1
9.66694 -38.9185 53.6374 0.269271 -0.012662 0.962981 19.502 0 1
11.6099 -38.8606 53.1171 0.275331 -0.0116104 0.961279 19.8022 0 1
12.6557 -38.7067 52.7928 0.281106 -0.0105466 0.959619 20.1025 0 1
13.7546 -38.6847 52.451 0.286092 -0.00937728 0.958156 20.411 0 1
14.8902 -38.8974 52.0997 0.289988 -0.00810356 0.956996 20.7011 0 1
15.7089 -39.6569 51.826 0.292743 -0.00689201 0.956166 20.9839 0 1
15.8468 -40.7846 51.7706 0.294507 -0.00605542 0.95563 21.2683 0 1
15.8478 -41.9315 51.7612 0.295488 -0.00593457 0.955328 21.5745 0 1
15.8558 -43.155 51.7526 0.295806 -0.00674013 0.955224 21.8786 0 1
15.8552 -44.3576 51.749 0.295388 -0.00845235 0.95534 22.166 0 1
15.8025 -45.4991 51.779 0.293962 -0.0108454 0.955756 22.4398 0 1
15.6495 -46.5536 51.8362 0.291128 -0.0136139 0.956587 22.746 0 1
15.7857 -47.7099 51.7674 0.286505 -0.0165038 0.957936 23.0005 0 1
15.5378 -48.6621 51.8248 0.279966 -0.0193568 0.959815 23.2792 0 1
14.6727 -49.2629 52.0835 0.271856 -0.022051 0.962085 23.664 0 1
13.2724 -49.3437 52.4905 0.263063 -0.0244026 0.96447 23.9528 0 1
12.2355 -49.2865 52.7778 0.254851 -0.0261219 0.966628 24.2753 0 1
11.0819 -49.2485 53.0869 0.248486 -0.0268723 0.968263 24.5991 0 1
9.98289 -49.0688 53.3751 0.24485 -0.0264019 0.969201 24.9455 0 1
9.33924 -48.132 53.5274 0.244176 -0.0246653 0.969417 25.3714 0 1
9.05267 -46.7464 53.6549 0.246015 -0.0218671 0.969019 25.5982 0 1
9.17696 -46.0011 53.6564 0.249414 -0.0184103 0.968222 25.7944 0 1
9.1607 -45.333 53.6664 0.253198 -0.0147841 0.967271 25.7944 0 1
