-12.709 -42.6152 52.5008 -0.274645 -0.0110724 0.961478 0 1 1
-12.6 -43.6476 52.5163 -0.274602 -0.0110853 0.961494 0.636395 0 1
-11.9656 -44.7643 52.6736 -0.274874 -0.0110666 0.961416 0.954764 0 1
-12.7045 -45.6567 52.4602 -0.275646 -0.011029 0.961196 1.27678 0 1
-11.8461 -44.8384 52.7065 -0.276977 -0.0109717 0.960814 1.64942 0 1
-11.85 -43.4636 52.7325 -0.278726 -0.0108409 0.960309 1.94532 0 1
-12.0209 -42.4084 52.6974 -0.280559 -0.0105384 0.959779 2.10024 0 1
-12.4563 -42.076 52.5776 -0.282054 -0.00999322 0.959346 2.37268 0 1
-13.318 -41.6469 52.3341 -0.282845 -0.00923838 0.959121 2.65241 0 1
-13.4667 -42.6612 52.275 -0.282734 -0.00841574 0.959161 2.95486 0 1
-13.4334 -43.7885 52.2661 -0.281738 -0.00770056 0.959461 3.37766 0 1
-13.4153 -45.3853 52.2523 -0.280051 -0.00720887 0.959958 3.68906 0 1
-13.253 -46.559 52.284 -0.278005 -0.00695709 0.960554 4.04688 0 1
-11.9627 -46.8542 52.6723 -0.276018 -0.00688837 0.961128 4.34134 0 1
-11.3274 -45.9983 52.8402 -0.27454 -0.00692802 0.961551 4.65568 0 1
-11.1702 -44.8626 52.8941 -0.273962 -0.00702289 0.961715 4.94273 0 1
-11.1817 -43.8173 52.912 -0.274498 -0.0071467 0.961561 5.22504 0 1
-11.2131 -42.8007 52.9185 -0.276114 -0.00727745 0.961097 5.53168 0 1
-11.3568 -41.7081 52.8859 -0.278537 -0.00736118 0.960397 5.93706 0 1
-12.6451 -41.0973 52.5304 -0.281343 -0.00728138 0.95958 6.12438 0 1
-13.2321 -41.4069 52.3603 -0.284059 -0.00686752 0.958782 6.37476 0 1
-14.0416 -41.0532 52.1087 -0.286235 -0.00597094 0.958141 6.6836 0 1
-14.2221 -42.2085 52.0383 -0.287499 -0.00458389 0.95777 6.94857 0 1
-14.2075 -43.228 52.0329 -0.287618 -0.00291385 0.957741 7.37844 0 1
-14.1693 -44.8769 52.0261 -0.286559 -0.00133505 0.958062 7.72925 0 1
-14.1924 -46.2421 52.006 -0.284498 -0.000232789 0.958677 8.04052 0 1
-13.8085 -47.3954 52.1297 -0.281782 0.000160391 0.959478 8.30697 0 1
-12.8665 -47.67 52.4189 -0.278857 -0.000157846 0.960333 8.65687 0 1
-11.6347 -47.6634 52.7848 -0.276185 -0.000990928 0.961104 9.10392 0 1
-10.6376 -46.4747 53.0207 -0.274195 -0.00204255 0.961672 9.51338 0 1
-10.497 -45.0254 53.076 -0.273218 -0.00302823 0.961947 9.96805 0 1
-10.5099 -43.379 53.1101 -0.273443 -0.00376025 0.961881 10.2618 0 1
-10.5309 -42.3309 53.1058 -0.274863 -0.00418504 0.961474 10.6219 0 1
-10.6942 -41.039 53.0717 -0.277266 -0.00436758 0.960783 11.0638 0 1
-12.0361 -40.2449 52.7066 -0.280281 -0.004435 0.959908 11.4523 0 1
-13.3902 -40.3775 52.3189 -0.283466 -0.00450441 0.958972 11.5074 0 1
-13.5734 -40.4486 52.2657 -0.286413 -0.00462305 0.958095 11.7649 0 1
-13.8955 -39.559 52.1612 -0.288831 -0.00474621 0.957368 12.0189 0 1
-14.666 -40.0541 51.916 -0.290573 -0.00476285 0.956841 12.4036 0 1
-14.9536 -41.4922 51.8115 -0.29161 -0.0045467 0.956526 12.6694 0 1
-14.9839 -42.5314 51.7954 -0.291954 -0.0039935 0.956424 12.9768 0 1
-14.9723 -43.7341 51.7896 -0.291587 -0.00303389 0.95654 13.2597 0 1
-14.939 -44.8413 51.7908 -0.290444 -0.00165522 0.95689 13.5506 0 1
-14.9768 -45.9826 51.7713 -0.28847 4.58184e-05 0.957489 13.9588 0 1
-14.8835 -47.5831 51.7974 -0.285692 0.00182192 0.95832 14.251 0 1
-14.1047 -48.3768 52.0468 -0.28228 0.00331325 0.959326 14.5317 0 1
-13.0873 -48.4499 52.3616 -0.278531 0.00416909 0.960418 14.8161 0 1
-12.0848 -48.4659 52.668 -0.274815 0.00417917 0.961488 15.1888 0 1
-10.8188 -48.4343 53.0241 -0.271496 0.00334062 0.962434 15.4816 0 1
-10.0771 -47.7726 53.1985 -0.268863 0.00184741 0.963177 15.8012 0 1
-9.89527 -46.681 53.221 -0.267107 3.21047e-05 0.963667 16.1999 0 1
-9.81535 -45.2993 53.254 -0.266318 -0.00171357 0.963884 16.5815 0 1
-9.81987 -43.9458 53.2861 -0.266512 -0.00302821 0.963827 16.9291 0 1
-9.81771 -42.6968 53.301 -0.267648 -0.0036689 0.96351 17.2207 0 1
-9.85389 -41.6484 53.2917 -0.26964 -0.00357474 0.962955 17.4994 0 1
-9.99255 -40.643 53.2711 -0.272343 -0.00287833 0.962196 17.7965 0 1
-10.4653 -39.6912 53.1568 -0.275561 -0.00185396 0.961282 18.1271 0 1
-11.5719 -39.4516 52.8414 -0.279047 -0.000822086 0.960277 18.5089 0 1
-12.9029 -39.4643 52.4608 -0.282528 -5.12082e-05 0.959259 18.6478 0 1
-13.3919 -39.5004 52.3134 -0.285735 0.000306299 0.958309 18.873 0 1
-13.4523 -38.6677 52.2837 -0.288445 0.000233118 0.957496 19.1675 0 1
-14.4906 -38.8551 51.9673 -0.290516 -0.000168326 0.95687 19.4857 0 1
-15.5399 -39.3573 51.6404 -0.291914 -0.000712554 0.956444 19.7575 0 1
-15.7185 -40.3791 51.5778 -0.292703 -0.00118443 0.956203 20.0177 0 1
-15.6345 -41.3829 51.5995 -0.293004 -0.00139952 0.95611 20.3581 0 1
-15.778 -42.7015 51.5499 -0.292911 -0.00125093 0.956139 20.7199 0 1
-15.7437 -44.1122 51.5493 -0.29241 -0.000729654 0.956293 21.0001 0 1
-15.6466 -45.212 51.5729 -0.291322 8.15843e-05 0.956625 21.4158 0 1
-15.7191 -46.8463 51.5428 -0.289373 0.00103575 0.957216 21.7054 0 1
-15.6133 -47.9786 51.5786 -0.286376 0.0019571 0.958115 22.1001 0 1
-14.6309 -49.1195 51.8923 -0.282385 0.00266505 0.959297 22.3991 0 1
-13.5517 -49.2915 52.234 -0.27773 0.00298419 0.960654 22.68 0 1
-12.5516 -49.3245 52.5159 -0.272905 0.00276339 0.962037 22.9967 0 1
-11.44 -49.3394 52.8754 -0.268416 0.00192051 0.963301 23.4222 0 1
-10.0219 -49.3366 53.2437 -0.264677 0.000497183 0.964337 23.8302 0 1
-9.24544 -48.1998 53.4262 -0.261946 -0.00131394 0.965082 24.1316 0 1
-9.10203 -47.1744 53.4382 -0.260321 -0.00319827 0.965517 24.4797 0 1
-9.06504 -45.9619 53.449 -0.259768 -0.00480229 0.965659 24.8255 0 1
-9.06622 -44.77 53.4641 -0.26018 -0.0058364 0.965543 25.1428 0 1
-9.01324 -43.6531 53.5038 -0.261427 -0.00615194 0.965204 25.6023 0 1
-9.08201 -42.0282 53.5002 -0.263403 -0.00576027 0.964669 25.892 0 1
-9.14845 -41.0006 53.5013 -0.266027 -0.00479288 0.963954 26.2115 0 1
-9.2293 -39.8763 53.4991 -0.269223 -0.00342977 0.963072 26.6638 0 1
-10.3469 -38.7974 53.1902 -0.272901 -0.00183373 0.96204 27.0847 0 1
-11.7703 -38.6568 52.7834 -0.276938 -0.000116878 0.960888 27.1622 0 1
-12.0422 -38.646 52.7059 -0.281185 0.00165607 0.959652 27.3519 0 1
-12.6987 -38.5153 52.5154 -0.285466 0.00344199 0.958333 27.3519 0 1
