-13.1142 -42.9529 53.2054 -0.276954 -0.000996106 0.960811 0 1 1
-13.0894 -44.0838 53.192 -0.278669 -0.00169732 0.960386 0.620163 0 1
-12.9873 -45.1797 53.193 -0.280319 -0.00215908 0.959904 0.812027 0 1
-12.3373 -45.0059 53.3959 -0.281873 -0.00241434 0.959449 1.09651 0 1
-12.3462 -43.977 53.4097 -0.28327 -0.00257362 0.959037 1.39045 0 1
-12.4379 -42.923 53.3958 -0.284498 -0.00274433 0.958673 1.61243 0 1
-13.0948 -42.4984 53.2069 -0.285647 -0.00299309 0.95833 1.83825 0 1
-13.8626 -42.3022 52.9714 -0.286888 -0.00336513 0.957958 2.1499 0 1
-13.4392 -41.2442 53.0946 -0.288401 -0.00391499 0.957502 2.51071 0 1
-12.1438 -41.2924 53.4913 -0.2903 -0.00469885 0.956924 2.82115 0 1
-11.7501 -42.3417 53.5974 -0.292605 -0.00573284 0.956216 3.32542 0 1
-11.6838 -44.1604 53.5944 -0.295239 -0.00696414 0.955398 3.65218 0 1
-11.7238 -45.3387 53.592 -0.298047 -0.00828189 0.954515 4.11054 0 1
-12.449 -46.747 53.3607 -0.300806 -0.00954514 0.953638 4.41806 0 1
-13.4931 -46.5802 53.0231 -0.30327 -0.0105906 0.952846 4.83899 0 1
-13.8535 -45.0531 52.9266 -0.30524 -0.0112209 0.952209 5.12243 0 1
-13.8601 -43.9976 52.9552 -0.30662 -0.0112159 0.951766 5.41265 0 1
-13.8852 -42.9396 52.9689 -0.307391 -0.0103991 0.951526 5.62801 0 1
-14.5985 -42.7303 52.731 -0.307512 -0.00873942 0.951504 5.93544 0 1
-14.5778 -43.8661 52.7232 -0.306869 -0.00642192 0.95173 6.24186 0 1
-14.57 -44.9992 52.7004 -0.305331 -0.00383395 0.952238 6.53276 0 1
-14.5469 -46.0941 52.6924 -0.302875 -0.00145654 0.953029 6.85462 0 1
-14.2066 -47.2603 52.7945 -0.299681 0.000293233 0.95404 7.13147 0 1
-13.2454 -47.5729 53.0972 -0.296134 0.00119612 0.955146 7.54492 0 1
-11.7638 -47.5976 53.6032 -0.292742 0.00128055 0.956191 7.90351 0 1
-11.1079 -46.5669 53.7781 -0.290006 0.000773093 0.957024 8.43845 0 1
-11.0351 -44.7635 53.7837 -0.28831 -1.75913e-05 0.957537 8.75942 0 1
-11.0161 -43.6341 53.7924 -0.287851 -0.000821898 0.957675 9.06746 0 1
-10.9924 -42.5337 53.8129 -0.288624 -0.00147955 0.957441 9.47731 0 1
-11.1869 -41.087 53.7735 -0.290422 -0.00194103 0.956897 9.77964 0 1
-11.9671 -40.3767 53.5524 -0.292882 -0.0022278 0.956146 10.17 0 1
-13.3083 -40.3181 53.1367 -0.295542 -0.00239592 0.955327 10.4371 0 1
-14.2282 -40.6031 52.8493 -0.297928 -0.00252528 0.954585 10.7136 0 1
-14.5622 -41.5805 52.7423 -0.299633 -0.00271987 0.954051 10.9216 0 1
-14.6039 -42.3567 52.734 -0.300371 -0.00309055 0.953817 11.1482 0 1
-15.3103 -41.9753 52.5018 -0.299999 -0.00370941 0.953932 11.4571 0 1
-15.2685 -40.8182 52.5186 -0.298518 -0.00455692 0.954393 11.8569 0 1
-14.3349 -39.6783 52.8144 -0.296055 -0.00549786 0.955155 12.2302 0 1
-13.0031 -39.4759 53.2319 -0.292842 -0.00630439 0.95614 12.535 0 1
-11.9232 -39.5181 53.5709 -0.289221 -0.00671526 0.957239 12.8475 0 1
-10.8978 -39.8626 53.8761 -0.285658 -0.00650693 0.958309 13.123 0 1
-10.398 -40.6831 54.0103 -0.282709 -0.00555908 0.95919 13.5276 0 1
-10.2892 -42.0964 54.0197 -0.280885 -0.00390364 0.959734 13.8637 0 1
-10.2969 -43.2776 54.0022 -0.280486 -0.00174475 0.959857 14.2899 0 1
-10.3438 -44.78 53.9798 -0.281509 0.000565586 0.959558 14.7753 0 1
-10.348 -46.4755 53.9803 -0.283689 0.00260241 0.958913 15.1553 0 1
-10.3895 -47.765 53.9863 -0.286627 0.00397766 0.958034 15.6399 0 1
-11.8419 -48.4572 53.597 -0.28993 0.0044472 0.957038 16.0771 0 1
-13.2776 -48.3793 53.1036 -0.293295 0.00397317 0.956014 16.3575 0 1
-14.28 -48.3419 52.7831 -0.296525 0.00272039 0.955021 16.6218 0 1
-15.0715 -47.7756 52.5323 -0.299505 0.000995336 0.954094 16.9599 0 1
-15.2578 -46.5031 52.4642 -0.302147 -0.000843664 0.953261 17.2504 0 1
-15.274 -45.3864 52.4708 -0.304354 -0.00247614 0.952556 17.5463 0 1
-15.279 -44.2569 52.4847 -0.306015 -0.00368789 0.95202 17.8446 0 1
-15.2944 -43.1258 52.4927 -0.30701 -0.00440115 0.951696 17.9181 0 1
-15.2978 -42.848 52.495 -0.307229 -0.00466035 0.951624 18.1652 0 1
-16.0767 -42.4032 52.2451 -0.306589 -0.00459289 0.951831 18.4824 0 1
-16.0717 -41.1895 52.252 -0.305063 -0.00437578 0.952322 18.7923 0 1
-16.0083 -40.0075 52.2759 -0.302699 -0.00421366 0.953077 19.1855 0 1
-15.0495 -38.8916 52.5861 -0.299627 -0.00430119 0.954047 19.5149 0 1
-13.8656 -38.7646 52.9619 -0.296023 -0.00475528 0.955169 19.8429 0 1
-12.7003 -38.6396 53.3312 -0.292075 -0.00554723 0.956379 20.2579 0 1
-11.2628 -38.7742 53.7751 -0.287958 -0.00648099 0.957621 20.5392 0 1
-10.3148 -38.7151 54.0578 -0.283808 -0.00723716 0.958854 20.8589 0 1
-9.71637 -39.6234 54.2299 -0.279738 -0.00747025 0.960047 21.1631 0 1
-9.58568 -40.6573 54.2522 -0.275903 -0.00692999 0.96116 21.4912 0 1
-9.53693 -41.7847 54.2327 -0.272583 -0.00556015 0.962116 21.8072 0 1
-9.48748 -42.8931 54.2273 -0.270199 -0.0035224 0.962798 22.1475 0 1
-9.46483 -44.0871 54.2248 -0.269199 -0.00113015 0.963084 22.6208 0 1
-9.55726 -45.7346 54.1995 -0.269876 0.00126352 0.962894 22.9244 0 1
-9.57139 -46.7646 54.1878 -0.272213 0.00335864 0.962231 23.2768 0 1
-9.45826 -47.9701 54.2288 -0.275873 0.00494735 0.961181 23.7143 0 1
-10.3794 -49.1207 54.0174 -0.28031 0.00590847 0.959891 24.0465 0 1
-11.4603 -49.2715 53.7199 -0.284955 0.00618855 0.958521 24.3407 0 1
-12.4167 -49.277 53.4072 -0.289368 0.00579137 0.9572 24.6877 0 1
-13.5784 -49.1825 53.0179 -0.293302 0.00477624 0.956008 25.0564 0 1
-14.9052 -49.1802 52.5952 -0.296688 0.00325124 0.954969 25.4475 0 1
-15.9031 -48.1194 52.2689 -0.29958 0.00135253 0.95407 25.7354 0 1
-16.0303 -47.0164 52.2212 -0.302081 -0.000785795 0.953282 26.0374 0 1
-16.056 -45.8397 52.2156 -0.304303 -0.00305756 0.95257 26.3368 0 1
-16.0732 -44.671 52.2228 -0.306343 -0.00539493 0.951906 26.6252 0 1
-16.0759 -43.5557 52.232 -0.308284 -0.0077615 0.951263 26.6844 0 1
-16.0769 -43.328 52.2337 -0.310197 -0.0101347 0.950616 26.6844 0 1
