-46.7195 40.8811 25.9985 -0.671729 2.73369e-05 0.740723 0 1 0
-46.3497 40.7628 26.335 -0.67208 0.0017855 0.740476 0.345525 0 0
-46.1638 41.9035 26.4885 -0.672478 0.00242025 0.740113 0.565816 0 0
-46.7104 41.0815 26.0045 -0.67312 0.00179662 0.739531 0.729326 0 0
-47.2703 41.3018 25.4882 -0.674146 0.000174292 0.738598 0.931923 0 0
-47.2954 40.2927 25.4758 -0.675621 -0.00193224 0.737247 1.23622 0 0
-46.9674 38.8607 25.7534 -0.677531 -0.00394232 0.735483 1.45463 0 0
-46.4672 38.0001 26.1747 -0.679804 -0.00538159 0.733374 1.68016 0 0
-45.6423 37.6663 26.9061 -0.682303 -0.00598705 0.731045 1.86478 0 0
-45.3962 38.5403 27.1719 -0.684829 -0.00573324 0.728681 2.10459 0 0
-45.5692 39.7278 27.0457 -0.687118 -0.00479291 0.72653 2.37939 0 0
-45.6782 41.0836 26.9706 -0.688873 -0.00343768 0.724874 2.68526 0 0
-45.602 42.561 26.9984 -0.689817 -0.00189764 0.723981 2.91724 0 0
-45.5493 43.733 27.0443 -0.689763 -0.000254277 0.724035 3.1467 0 0
-45.5199 44.9078 27.0704 -0.688653 0.00154407 0.725089 3.39156 0 0
-45.6862 46.1432 26.908 -0.686558 0.003548 0.727066 3.70469 0 0
-46.7605 46.6857 25.866 -0.683636 0.00567391 0.729801 3.95621 0 0
-47.2522 45.5756 25.421 -0.680101 0.00769181 0.733078 4.18725 0 0
-47.2623 44.3842 25.3975 -0.676231 0.00932855 0.736631 4.42096 0 0
-47.1994 43.148 25.4373 -0.672404 0.0103735 0.740111 4.69527 0 0
-47.2263 41.62 25.5066 -0.669125 0.0106992 0.743073 4.85956 0 0
-47.8453 41.5133 24.9601 -0.666953 0.0102271 0.74503 5.05758 0 0
-47.8684 40.5137 24.9481 -0.666358 0.00892697 0.745579 5.26193 0 0
-47.7946 39.4825 25.0371 -0.667539 0.00688208 0.744543 5.58713 0 0
-47.314 37.972 25.4362 -0.670352 0.00434739 0.742031 5.93327 0 0
-46.2666 36.8996 26.3608 -0.674369 0.00172463 0.738393 6.13734 0 0
-45.5498 36.5298 26.9872 -0.67905 -0.000548592 0.734092 6.35148 0 0
-44.764 36.4504 27.7298 -0.683895 -0.00213084 0.729577 6.59334 0 0
-44.6881 37.6752 27.8302 -0.688506 -0.00286338 0.725225 6.79258 0 0
-44.8469 38.6661 27.7105 -0.692579 -0.00278149 0.721336 7.09076 0 0
-45.0171 40.1572 27.5826 -0.695855 -0.00206181 0.718179 7.30351 0 0
-45.0705 41.2132 27.5426 -0.698065 -0.000942148 0.716033 7.64703 0 0
-45.0291 42.886 27.5728 -0.698907 0.000349441 0.715213 7.89752 0 0
-44.9823 44.1452 27.6086 -0.698084 0.00164106 0.716014 8.10129 0 0
-44.9698 45.1888 27.611 -0.695414 0.00284409 0.718604 8.36379 0 0
-45.0419 46.5325 27.5289 -0.690939 0.00396287 0.722902 8.64172 0 0
-45.6971 47.6368 26.8775 -0.684973 0.00507215 0.72855 8.86105 0 0
-46.5078 47.6446 26.0967 -0.678038 0.00625474 0.735 9.07124 0 0
-47.2725 47.4055 25.3644 -0.670739 0.0075299 0.741656 9.30678 0 0
-47.8108 46.3703 24.9075 -0.663652 0.00882537 0.747989 9.51161 0 0
-47.8696 45.3077 24.8645 -0.657275 0.0100115 0.753584 9.71079 0 0
-47.8589 44.2642 24.8817 -0.652035 0.0109592 0.75811 9.97393 0 0
-47.8147 42.8965 24.934 -0.648329 0.011575 0.761272 10.1206 0 0
-47.8104 42.1279 24.95 -0.646525 0.0118058 0.762801 10.2941 0 0
-48.4393 41.7107 24.4466 -0.646904 0.0116384 0.762482 10.6394 0 0
-48.4421 43.5068 24.4092 -0.649579 0.0111065 0.760213 10.9862 0 0
-48.4867 45.3292 24.3539 -0.654426 0.0102961 0.756056 11.2461 0 0
-48.4398 46.6628 24.3771 -0.661063 0.00932989 0.750273 11.5394 0 0
-47.8726 47.9892 24.8302 -0.668886 0.00833095 0.743318 11.7274 0 0
-47.1707 48.3398 25.4611 -0.677179 0.0073793 0.735781 11.9503 0 0
-46.3304 48.4726 26.2624 -0.685249 0.00647656 0.72828 12.1608 0 0
-45.55 48.4859 27.0166 -0.69255 0.00552666 0.721349 12.4576 0 0
-44.5624 47.8807 27.9995 -0.69876 0.00435164 0.715343 12.7711 0 0
-44.4505 46.2555 28.1469 -0.703789 0.00275779 0.710403 12.9945 0 0
-44.4228 45.1112 28.171 -0.707706 0.000635543 0.706507 13.242 0 0
-44.441 43.8419 28.1603 -0.710595 -0.0019512 0.703599 13.501 0 0
-44.4734 42.5289 28.1294 -0.712421 -0.00472994 0.701737 13.7462 0 0
-44.4931 41.2925 28.1227 -0.71298 -0.00726598 0.701147 13.969 0 0
-44.4482 40.1952 28.1566 -0.711977 -0.00909154 0.702144 14.2184 0 0
-44.3397 38.9869 28.2367 -0.709183 -0.00987116 0.704955 14.4784 0 0
-44.1308 37.7363 28.4005 -0.704562 -0.00951318 0.709579 14.7852 0 0
-43.6513 36.3537 28.8617 -0.698311 -0.00816075 0.715748 14.9969 0 0
-43.9451 35.4126 28.5411 -0.690823 -0.00608416 0.722998 15.2909 0 0
-44.932 35.4375 27.5476 -0.682585 -0.00356292 0.730797 15.5377 0 0
-45.856 35.7448 26.7377 -0.674085 -0.000826627 0.738653 15.7464 0 0
-46.5719 36.1664 26.1129 -0.665735 0.00194317 0.746185 16.0765 0 0
-47.591 37.0523 25.2065 -0.65784 0.00458852 0.753144 16.3059 0 0
-48.1103 38.0182 24.7729 -0.6506 0.00696365 0.759389 16.5274 0 0
-48.3643 39.106 24.5581 -0.644153 0.0089488 0.764844 16.8695 0 0
-48.4687 40.8534 24.4431 -0.638632 0.0104736 0.769441 16.9432 0 0
-48.4511 41.2319 24.4451 -0.634241 0.0115204 0.773049 17.1032 0 0
-49.0777 41.0147 23.9493 -0.631307 0.0120994 0.775439 17.3416 0 0
-49.0498 42.2558 23.9477 -0.630241 0.0122208 0.776303 17.6206 0 0
-49.0688 43.7067 23.9055 -0.631416 0.0118933 0.775353 17.9394 0 0
-49.1059 45.3542 23.8472 -0.635018 0.0111496 0.772417 18.1469 0 0
-49.0866 46.4357 23.8528 -0.640974 0.0100794 0.767497 18.3521 0 0
-48.9818 47.4913 23.9281 -0.648973 0.0088381 0.76076 18.6097 0 0
-48.4468 48.6472 24.3179 -0.658531 0.00761345 0.752515 18.8251 0 0
-47.6173 49.0889 25.0552 -0.669045 0.00656055 0.743193 19.0246 0 0
-46.8282 49.2321 25.7803 -0.679835 0.00574577 0.733342 19.2277 0 0
-46.0692 49.2974 26.5136 -0.690217 0.00512716 0.723585 19.4253 0 0
-45.3387 49.3044 27.2194 -0.699593 0.00457033 0.714527 19.7397 0 0
-44.2231 49.0547 28.348 -0.70756 0.00388279 0.706643 19.9425 0 0
-43.9408 48.1126 28.651 -0.713961 0.00285168 0.70018 20.162 0 0
-43.9162 46.9542 28.7075 -0.718873 0.00127675 0.695141 20.4284 0 0
-43.8893 45.5896 28.7379 -0.72252 -0.00100051 0.691349 20.751 0 0
-43.89 43.9516 28.7339 -0.72516 -0.00405799 0.688568 21.0678 0 0
-43.9257 42.3466 28.7043 -0.726978 -0.00782914 0.686617 21.3378 0 0
-43.9266 41.0008 28.7075 -0.728006 -0.0120315 0.685465 21.5834 0 0
-43.8708 39.7983 28.7454 -0.728108 -0.0161463 0.685273 21.8039 0 0
-43.7713 38.7201 28.8217 -0.727006 -0.0195059 0.686354 22.0929 0 0
-43.4444 37.3546 29.1244 -0.724395 -0.0214816 0.689051 22.376 0 0
-42.9059 36.163 29.6638 -0.720059 -0.0216933 0.693573 22.5973 0 0
-42.2983 35.5585 30.2828 -0.713951 -0.0201352 0.699906 22.6824 0 0
-42.3772 35.1836 30.172 -0.706197 -0.0171552 0.707807 22.9332 0 0
-43.1201 34.7453 29.3637 -0.697076 -0.0133071 0.716874 23.2805 0 0
-44.2612 34.4979 28.1856 -0.686997 -0.00915887 0.726602 23.5215 0 0
-45.1436 34.5807 27.3686 -0.676473 -0.00515094 0.736449 23.8441 0 0
-46.3015 35.0684 26.3619 -0.666058 -0.0015485 0.745898 24.1315 0 0
-47.2563 35.6783 25.5239 -0.656262 0.00153052 0.754532 24.4054 0 0
-48.1077 36.4207 24.763 -0.647469 0.00406721 0.762081 24.6 0 0
-48.5629 37.2625 24.393 -0.639931 0.0061152 0.768408 24.8003 0 0
-48.863 38.2427 24.1562 -0.633813 0.00778885 0.773447 25.0009 0 0
-49.0176 39.2672 24.0207 -0.629261 0.00922803 0.777139 25.2046 0 0
-49.0818 40.3391 23.9571 -0.626426 0.0105285 0.77941 25.3608 0 0
-49.7275 40.2683 23.4582 -0.62544 0.0116729 0.780185 25.6516 0 0
-49.5923 38.7611 23.5745 -0.626371 0.0125012 0.779425 25.8798 0 0
-49.4039 37.584 23.7423 -0.629218 0.0127253 0.777125 26.0852 0 0
-49.0399 36.625 24.0285 -0.633921 0.0119785 0.773305 26.3479 0 0
-48.3958 35.5115 24.548 -0.640347 0.0098984 0.768022 26.5462 0 0
-47.7097 34.9833 25.1429 -0.648224 0.00623685 0.761424 26.8437 0 0
-46.6897 34.3654 26.0389 -0.657097 0.000970513 0.753805 27.0544 0 0
-45.9789 33.9349 26.6524 -0.666348 -0.00563566 0.74562 27.4268 0 0
-44.6653 33.5967 27.8302 -0.675321 -0.0130523 0.737408 27.6642 0 0
-43.8308 33.6862 28.5954 -0.683493 -0.0205944 0.729667 27.8754 0 0
-43.1067 33.8498 29.3311 -0.690592 -0.0275654 0.722719 28.1583 0 0
-42.1886 34.1143 30.2901 -0.696636 -0.0333786 0.716648 28.3913 0 0
-41.4261 34.2769 31.0955 -0.701849 -0.0376256 0.711331 28.6924 0 0
-40.4728 34.6701 32.0872 -0.706531 -0.0400927 0.706545 29.0469 0 0
-39.5334 35.6207 33.102 -0.710923 -0.0407418 0.702089 29.2576 0 0
-40.2545 35.7061 32.3788 -0.715131 -0.0396837 0.697863 29.5107 0 0
-41.139 35.8958 31.4997 -0.719127 -0.0371568 0.693885 29.7862 0 0
-42.0617 36.2362 30.5836 -0.722796 -0.0335156 0.690249 29.9999 0 0
-42.6258 36.832 29.9955 -0.726015 -0.0292013 0.687058 30.2379 0 0
-43.0502 37.8147 29.5691 -0.728721 -0.0246675 0.684366 30.4418 0 0
-43.2551 38.7936 29.3834 -0.730924 -0.0202747 0.682157 30.6693 0 0
-43.3419 39.8994 29.3231 -0.732667 -0.0162149 0.680394 30.9893 0 0
-43.3799 41.4334 29.2853 -0.733944 -0.0125216 0.679095 31.2509 0 0
-43.379 42.7345 29.295 -0.734632 -0.00915879 0.678403 31.49 0 0
-43.3557 43.9259 29.3116 -0.734498 -0.00613128 0.678583 31.7373 0 0
-43.3492 45.1713 29.3131 -0.733252 -0.00354955 0.679948 32.0065 0 0
-43.3747 46.5109 29.3134 -0.730634 -0.00160583 0.682768 32.2953 0 0
-43.3906 47.9441 29.2652 -0.726446 -0.000466748 0.687223 32.5453 0 0
-43.3708 49.2407 29.2697 -0.720561 -0.000144405 0.693392 32.7719 0 0
-43.9148 50.0553 28.6618 -0.712937 -0.000434318 0.701228 33.0903 0 0
-45.0261 50.1169 27.5229 -0.703688 -0.000966846 0.710508 33.3041 0 0
-45.813 50.1193 26.766 -0.693142 -0.0013386 0.720799 33.5084 0 0
-46.5582 50.0768 26.0459 -0.68184 -0.00124396 0.731501 33.7057 0 0
-47.3038 49.9799 25.3658 -0.670442 -0.000543544 0.741961 33.903 0 0
-48.0491 49.8569 24.6801 -0.659597 0.000742711 0.751619 34.1676 0 0
-49.0592 49.2919 23.8351 -0.649801 0.00248667 0.760101 34.392 0 0
-49.5191 48.2043 23.495 -0.641328 0.00450608 0.767253 34.5903 0 0
-49.672 47.1822 23.3823 -0.63423 0.00660121 0.773116 34.8058 0 0
-49.7217 46.0657 23.3522 -0.628393 0.0085836 0.777849 35.0206 0 0
-49.7271 44.9549 23.3683 -0.623636 0.0103154 0.781647 35.2222 0 0
-49.7011 43.9172 23.4068 -0.619816 0.0117511 0.784659 35.5599 0 0
-49.6658 42.1675 23.4604 -0.616893 0.0129419 0.786941 35.7564 0 0
-49.71 41.1344 23.4501 -0.614961 0.0139737 0.788434 35.8421 0 0
-49.7189 40.6851 23.4545 -0.614207 0.0148713 0.789005 36.0147 0 0
-50.3686 40.2942 22.9644 -0.614844 0.0155376 0.788496 36.356 0 0
-50.2372 38.5239 23.0919 -0.617036 0.0157657 0.786777 36.7049 0 0
-49.8572 36.7772 23.3989 -0.620877 0.0152973 0.783759 36.9423 0 0
-49.3648 35.7043 23.802 -0.626381 0.0138786 0.779393 37.2117 0 0
-48.6821 34.6037 24.3579 -0.633456 0.011287 0.773696 37.4217 0 0
-47.9448 34.1123 24.9883 -0.641847 0.00735359 0.766797 37.6679 0 0
-47.0747 33.6533 25.7143 -0.651092 0.00200838 0.758996 37.9207 0 0
-46.2139 33.1359 26.4533 -0.660542 -0.00465278 0.750774 38.2722 0 0
-44.9738 32.706 27.541 -0.669478 -0.0123292 0.742729 38.4942 0 0
-44.1815 32.6904 28.2646 -0.677273 -0.0205597 0.735445 38.7459 0 0
-43.3238 32.9277 29.0701 -0.683529 -0.0288532 0.729353 39.03 0 0
-42.3587 33.1917 30.0523 -0.688146 -0.036824 0.724637 39.4075 0 0
-41.1153 33.4724 31.3361 -0.691297 -0.0442406 0.721215 39.7467 0 0
-40.0305 33.9254 32.4581 -0.693347 -0.0509729 0.718799 40.0285 0 0
-39.1696 34.4367 33.3515 -0.69475 -0.0569021 0.716997 40.2852 0 0
-38.3842 34.9206 34.1551 -0.695957 -0.0618551 0.715414 40.5176 0 0
-37.6665 35.3688 34.8856 -0.697362 -0.0655858 0.713712 40.7375 0 0
-37.1149 36.0685 35.4824 -0.699279 -0.0678068 0.711625 40.9125 0 0
-37.7414 36.0071 34.8854 -0.70192 -0.0682636 0.708977 41.1211 0 0
-38.4104 36.4759 34.2834 -0.705359 -0.0668199 0.705693 41.3252 0 0
-39.1273 36.4104 33.5698 -0.709515 -0.0635118 0.701822 41.5358 0 0
-39.8664 36.4656 32.8271 -0.714157 -0.0585547 0.697532 41.7384 0 0
-40.5987 36.5295 32.0959 -0.718967 -0.0523177 0.693072 41.9408 0 0
-41.3074 36.6489 31.3791 -0.723612 -0.0452835 0.68872 42.1973 0 0
-42.126 37.1481 30.5605 -0.72782 -0.0379855 0.684715 42.4121 0 0
-42.5661 37.9711 30.1121 -0.731437 -0.0309104 0.681208 42.6439 0 0
-42.7498 39.0788 29.9436 -0.734442 -0.0243942 0.678233 42.9005 0 0
-42.8169 40.3284 29.8976 -0.736916 -0.0185718 0.675729 43.1533 0 0
-42.8363 41.5512 29.8908 -0.738967 -0.013416 0.673608 43.4729 0 0
-42.8446 43.109 29.8784 -0.740615 -0.00883702 0.671871 43.6885 0 0
-42.8211 44.176 29.8906 -0.741707 -0.00478568 0.670707 43.9636 0 0
-42.8263 45.5559 29.8907 -0.741911 -0.00131253 0.670497 44.1887 0 0
-42.856 46.6872 29.8949 -0.740817 0.00143074 0.671705 44.5819 0 0
-42.8642 48.6314 29.8364 -0.738077 0.00323837 0.674709 44.8118 0 0
-42.7699 49.8134 29.9182 -0.733491 0.00393362 0.679688 45.0295 0 0
-42.6239 50.8912 30.0621 -0.727017 0.00347312 0.686611 45.2301 0 0
-43.3083 50.9637 29.3057 -0.718716 0.00203148 0.695301 45.5336 0 0
-44.3366 50.9311 28.2149 -0.708733 5.35896e-06 0.705477 45.867 0 0
-45.5427 50.94 27.0229 -0.697328 -0.00208537 0.716749 46.072 0 0
-46.2951 50.9147 26.305 -0.684932 -0.00374646 0.728598 46.2734 0 0
-47.0459 50.8403 25.6189 -0.672156 -0.00462688 0.740395 46.47 0 0
-47.7837 50.7274 24.9475 -0.659723 -0.00456401 0.751495 46.6891 0 0
-48.6399 50.6291 24.2101 -0.648314 -0.00356888 0.761364 46.9815 0 0
-49.6886 49.8577 23.3494 -0.638426 -0.00178177 0.769681 47.1883 0 0
-50.0458 48.8533 23.0752 -0.630286 0.000579649 0.776363 47.3853 0 0
-50.2464 47.8371 22.9305 -0.623859 0.00326798 0.78153 47.6013 0 0
-50.3349 46.7132 22.868 -0.618934 0.00604187 0.78542 47.8334 0 0
-50.3561 45.5042 22.8663 -0.615236 0.00868403 0.788295 48.0909 0 0
-50.3359 44.1587 22.9064 -0.612506 0.0109998 0.79039 48.2927 0 0
-50.3258 43.0981 22.9342 -0.610537 0.0128106 0.791884 48.6265 0 0
-50.3438 41.3432 22.957 -0.609156 0.0139685 0.792928 48.6744 0 0
-50.3596 41.0923 22.9509 -0.608208 0.0143978 0.793647 48.8301 0 0
-51.005 41.1532 22.4562 -0.607571 0.0141286 0.79414 49.0592 0 0
-50.998 42.3688 22.4327 -0.607213 0.0132878 0.794428 49.2817 0 0
-50.9797 43.5496 22.4248 -0.607249 0.0120495 0.79442 49.4916 0 0
-51.0038 44.662 22.3792 -0.607955 0.0105831 0.793901 49.7387 0 0
-51.0207 45.9795 22.3399 -0.609699 0.00902669 0.792581 49.9531 0 0
-51.0316 47.1262 22.3416 -0.612829 0.00748728 0.79018 50.1748 0 0
-50.9322 48.2652 22.4155 -0.617555 0.00605298 0.786505 50.3998 0 0
-50.6389 49.3731 22.6199 -0.623912 0.00480337 0.78148 50.605 0 0
-50.2789 50.3784 22.8934 -0.631791 0.00380768 0.775129 50.8747 0 0
-49.4411 51.3602 23.5467 -0.641017 0.00310948 0.76752 51.0643 0 0
-48.6703 51.4732 24.1907 -0.651388 0.00271011 0.75874 51.3389 0 0
-47.5808 51.5895 25.1331 -0.662645 0.00256958 0.748929 51.5519 0 0
-46.7692 51.678 25.8684 -0.674383 0.00262934 0.738377 51.7617 0 0
-45.9871 51.7324 26.5917 -0.685985 0.0028404 0.72761 51.9708 0 0
-45.2226 51.7817 27.3205 -0.696664 0.00317645 0.71739 52.1815 0 0
-44.458 51.7382 28.073 -0.705612 0.00362693 0.708589 52.4152 0 0
-43.6282 51.8317 28.9451 -0.71219 0.00417957 0.701974 52.6262 0 0
-42.9101 51.8638 29.7352 -0.716066 0.00480661 0.698016 52.8299 0 0
-42.2302 51.9435 30.5151 -0.717255 0.00546653 0.69679 53.0423 0 0
-41.5254 52.0089 31.3389 -0.716075 0.00612165 0.697996 53.2531 0 0
-40.828 52.0749 32.0965 -0.713076 0.00675761 0.701054 53.4617 0 0
-40.1153 52.1208 32.8399 -0.708969 0.00738693 0.705201 53.6676 0 0
-39.4052 52.1833 33.5561 -0.704568 0.00802993 0.709591 53.8773 0 0
-38.6707 52.2869 34.2672 -0.700744 0.00868662 0.71336 54.0894 0 0
-37.9203 52.2356 34.9874 -0.698334 0.00932466 0.715711 54.3211 0 0
-37.116 51.976 35.7362 -0.698009 0.00989265 0.716021 54.5324 0 0
-36.7617 51.0617 36.067 -0.70011 0.0103362 0.71396 54.7898 0 0
-37.6578 50.7027 35.2517 -0.704535 0.010595 0.70959 55.0698 0 0
-38.6575 50.691 34.3082 -0.710747 0.0105933 0.703368 55.2839 0 0
-39.409 50.7141 33.5797 -0.717919 0.0102511 0.696051 55.6722 0 0
-40.7343 50.7565 32.2094 -0.725155 0.00951071 0.68852 55.8884 0 0
-41.468 50.7216 31.4159 -0.731688 0.0083475 0.681588 56.0978 0 0
-42.0884 50.2532 30.7027 -0.737008 0.00674627 0.67585 56.4085 0 0
-42.3517 48.443 30.4425 -0.740872 0.00465128 0.67163 56.6967 0 0
-42.3477 46.9783 30.466 -0.74325 0.00192327 0.669011 56.9073 0 0
-42.3377 45.9379 30.4559 -0.744243 -0.00165944 0.667907 57.2212 0 0
-42.2941 44.3801 30.4774 -0.744001 -0.00634038 0.668148 57.5828 0 0
-42.2525 42.5515 30.5404 -0.742664 -0.0122884 0.669552 57.9305 0 0
-42.32 40.8409 30.457 -0.740325 -0.0195077 0.671966 58.1555 0 0
-42.1519 39.7806 30.6276 -0.737026 -0.0277795 0.675294 58.3527 0 0
-42.2193 38.7168 30.521 -0.732774 -0.0366463 0.679485 58.6031 0 0
-41.8146 37.6398 30.9297 -0.727607 -0.0454566 0.684487 58.7412 0 0
-41.0925 37.3905 31.6562 -0.721665 -0.0534903 0.690173 58.9391 0 0
-40.4028 37.2746 32.3768 -0.715247 -0.0601343 0.69628 59.1646 0 0
-39.5984 37.2269 33.1871 -0.708804 -0.0650297 0.702402 59.4119 0 0
-38.7174 37.2413 34.0807 -0.702855 -0.0681281 0.708064 59.644 0 0
-37.9239 37.4157 34.8954 -0.697869 -0.0696457 0.712831 59.8589 0 0
-37.1556 37.1832 35.5798 -0.694166 -0.069949 0.716408 60.1733 0 0
-36.0441 37.381 36.6335 -0.691867 -0.0694163 0.71868 60.3567 0 0
-35.6002 36.7048 36.9816 -0.690906 -0.068322 0.719709 60.6177 0 0
-36.2218 35.8531 36.3174 -0.691078 -0.0667793 0.719689 60.8456 0 0
-36.8281 35.1635 35.6716 -0.692077 -0.0647499 0.718913 61.0965 0 0
-37.5134 34.4426 34.9589 -0.693528 -0.0620963 0.717749 61.3133 0 0
-38.1574 33.995 34.2977 -0.694996 -0.0586496 0.716618 61.5965 0 0
-39.0131 33.4961 33.4145 -0.696016 -0.0542802 0.715972 61.8528 0 0
-39.8046 33.0811 32.5981 -0.696145 -0.0489622 0.716229 62.0731 0 0
-40.4845 32.6821 31.8974 -0.695031 -0.0428134 0.717704 62.2876 0 0
-41.2017 32.5565 31.1654 -0.692456 -0.0360845 0.720557 62.5165 0 0
-41.9882 32.4135 30.3863 -0.688356 -0.0290983 0.724789 62.7484 0 0
-42.7385 32.0937 29.6262 -0.682793 -0.022166 0.730275 63.034 0 0
-43.7374 31.966 28.6622 -0.675919 -0.0155266 0.736812 63.2492 0 0
-44.4788 31.7563 27.9851 -0.667939 -0.0093357 0.744157 63.5266 0 0
-45.4591 31.99 27.1126 -0.659106 -0.00369451 0.752041 63.8126 0 0
-46.4556 32.3844 26.2477 -0.649728 0.00131912 0.760165 64.033 0 0
-47.2307 32.7339 25.5975 -0.640181 0.00564706 0.768203 64.2901 0 0
-48.1332 33.1919 24.8461 -0.630888 0.00927114 0.775819 64.5366 0 0
-49.0348 33.5813 24.1149 -0.622268 0.0122322 0.782709 64.7382 0 0
-49.4957 34.424 23.7406 -0.614672 0.0146275 0.788647 64.9674 0 0
-50.0994 35.3196 23.2634 -0.608317 0.0165876 0.793521 65.254 0 0
-50.5613 36.6839 22.8883 -0.603255 0.018245 0.79734 65.4689 0 0
-50.7669 37.7677 22.7139 -0.599365 0.0197101 0.800233 65.6837 0 0
-50.9332 38.8627 22.5676 -0.596382 0.0210628 0.802425 65.9275 0 0
-51.131 40.1159 22.3929 -0.59394 0.0223578 0.804198 65.9883 0 0
-51.0978 40.4366 22.407 -0.59163 0.0236386 0.805859 65.9883 0 0
-46.6229 39.8718 26.074 -0.677025 -0.0084605 0.735909 66.1942 1 0
-46.0425 39.2236 26.5989 -0.680087 -0.00541859 0.733111 66.2146 0 0
-46.1155 39.2468 26.5338 -0.682902 -0.00284021 0.730505 66.7856 0 0
-46.1502 42.0601 26.4948 -0.685434 -0.000721011 0.728134 67.0168 0 0
-46.6601 42.9568 25.9625 -0.687692 0.00114531 0.726002 67.2042 0 0
-46.2043 43.7425 26.3996 -0.689697 0.0030664 0.724091 67.4286 0 0
-46.7 44.6881 25.9266 -0.691475 0.00532048 0.722381 67.6571 0 0
-46.4604 45.8182 26.1586 -0.693054 0.00805279 0.72084 67.914 0 0
-46.1017 44.6211 26.4991 -0.69448 0.0112393 0.719424 68.0973 0 0
-46.0951 43.6793 26.5066 -0.695808 0.0147205 0.718077 68.2539 0 0
-46.2433 42.8951 26.369 -0.697051 0.0182766 0.716685 68.2539 0 0
