-47.4398 -43.7775 25.6696 -0.661032 -0.017093 0.750152 0 1 0
-47.0256 -45.2443 26.0073 -0.660953 -0.016616 0.750243 0.46464 0 0
-46.6153 -44.5372 26.3912 -0.660769 -0.0161055 0.750416 0.70655 0 0
-46.7696 -43.2893 26.2768 -0.660695 -0.0154897 0.750494 0.910316 0 0
-47.2632 -42.4652 25.8508 -0.661042 -0.0147336 0.750204 1.09463 0 0
-47.417 -43.392 25.6963 -0.662059 -0.0138783 0.749323 1.25672 0 0
-48.0201 -43.6751 25.166 -0.663807 -0.0130193 0.74779 1.44361 0 0
-47.9691 -44.6806 25.1855 -0.666123 -0.0122455 0.745741 1.73728 0 0
-47.497 -46.1512 25.57 -0.668693 -0.0115875 0.743449 1.95512 0 0
-46.6948 -46.6436 26.2938 -0.671165 -0.0110061 0.741226 2.1758 0 0
-46.0992 -45.8198 26.8414 -0.673251 -0.0104207 0.73934 2.36842 0 0
-46.0576 -44.8044 26.903 -0.674756 -0.00975512 0.737976 2.5735 0 0
-46.1271 -43.7481 26.861 -0.675564 -0.00898008 0.737247 2.77527 0 0
-46.1334 -42.7158 26.8694 -0.675607 -0.0081384 0.737217 3.12074 0 0
-46.1134 -40.9652 26.9141 -0.674848 -0.00734598 0.73792 3.35952 0 0
-46.0721 -39.7387 26.9623 -0.673281 -0.00676053 0.739356 3.55821 0 0
-46.0054 -38.7155 27.0368 -0.67095 -0.00652411 0.741474 3.79717 0 0
-46.2373 -37.531 26.819 -0.667974 -0.00670019 0.744154 4.01268 0 0
-46.8686 -38.2664 26.2461 -0.664572 -0.00723254 0.74719 4.24236 0 0
-47.3338 -39.2684 25.8309 -0.661063 -0.00794814 0.750289 4.44503 0 0
-47.6034 -40.2523 25.5819 -0.657835 -0.00860918 0.753113 4.65406 0 0
-47.7771 -41.3224 25.4311 -0.655278 -0.00899638 0.755335 4.89218 0 0
-47.9468 -42.5131 25.2533 -0.653716 -0.00899116 0.756686 4.97945 0 0
-47.9977 -42.9696 25.2071 -0.653375 -0.00862085 0.756986 5.1381 0 0
-48.6436 -43.0007 24.6709 -0.654361 -0.00804154 0.75614 5.41641 0 0
-48.4892 -41.5518 24.8108 -0.656665 -0.00746269 0.754146 5.62872 0 0
-48.2998 -40.427 24.9811 -0.660137 -0.00705507 0.751112 5.82371 0 0
-48.0598 -39.4283 25.1855 -0.66447 -0.00689343 0.747284 6.02143 0 0
-47.745 -38.46 25.4645 -0.669212 -0.0069566 0.743039 6.25206 0 0
-47.2024 -37.4487 25.9496 -0.673852 -0.00716994 0.738832 6.50152 0 0
-46.4267 -36.6523 26.6462 -0.677949 -0.00745616 0.735071 6.69709 0 0
-45.7015 -36.4888 27.3477 -0.681237 -0.00776405 0.732022 6.87135 0 0
-45.2041 -37.0284 27.8122 -0.683636 -0.00806336 0.729778 7.14625 0 0
-45.3749 -38.4033 27.6424 -0.685179 -0.00831826 0.728328 7.46482 0 0
-45.4818 -40.0089 27.501 -0.685883 -0.00846799 0.727663 7.68502 0 0
-45.5157 -41.158 27.4603 -0.685673 -0.00844277 0.727861 7.94844 0 0
-45.529 -42.5217 27.435 -0.684388 -0.00821841 0.729072 8.18348 0 0
-45.5121 -43.7174 27.4407 -0.681872 -0.00787149 0.731429 8.43384 0 0
-45.4868 -44.9718 27.4417 -0.678077 -0.00758031 0.734951 8.63568 0 0
-45.4924 -46.0028 27.4166 -0.673117 -0.00755634 0.739498 8.91572 0 0
-45.7791 -47.4022 27.1319 -0.667246 -0.00794962 0.744795 9.27198 0 0
-47.1675 -47.4331 25.8602 -0.660813 -0.00878661 0.750499 9.46718 0 0
-47.9076 -47.0691 25.2307 -0.654204 -0.00996673 0.756253 9.76878 0 0
-48.5263 -45.6859 24.7099 -0.647813 -0.0113063 0.761715 10.0667 0 0
-48.6528 -44.0527 24.6279 -0.642044 -0.0126013 0.766564 10.1637 0 0
-48.6532 -43.5243 24.645 -0.637328 -0.0136822 0.770471 10.3335 0 0
-49.2966 -43.1447 24.1286 -0.634143 -0.0144433 0.773081 10.586 0 0
-49.2005 -41.7838 24.2318 -0.632961 -0.0148393 0.774041 10.7986 0 0
-49.0336 -40.6516 24.3928 -0.634152 -0.0148531 0.773066 10.9997 0 0
-48.8066 -39.6137 24.5961 -0.637852 -0.014462 0.770023 11.1944 0 0
-48.5314 -38.6453 24.8182 -0.64389 -0.0136364 0.764997 11.399 0 0
-48.1696 -37.6571 25.1332 -0.651773 -0.012384 0.758313 11.6586 0 0
-47.498 -36.6068 25.6984 -0.660774 -0.0108021 0.750507 11.8719 0 0
-46.7941 -35.9433 26.3103 -0.670078 -0.00909168 0.742235 12.1917 0 0
-45.6604 -35.2907 27.4172 -0.678943 -0.00751384 0.734153 12.4711 0 0
-44.6605 -35.3303 28.3522 -0.68682 -0.00631626 0.726801 12.6749 0 0
-44.0005 -35.6898 29.0043 -0.693371 -0.00566364 0.720559 12.9864 0 0
-44.5549 -36.9707 28.4418 -0.69843 -0.00559006 0.715657 13.1953 0 0
-44.7249 -38.008 28.283 -0.701946 -0.00598802 0.712205 13.5171 0 0
-44.9076 -39.6262 28.0968 -0.703949 -0.00664751 0.71022 13.7501 0 0
-44.9277 -40.8077 28.0454 -0.704534 -0.0073366 0.709633 13.97 0 0
-44.9361 -41.9465 28.021 -0.703827 -0.00788892 0.710328 14.1907 0 0
-44.9291 -43.0871 28.0162 -0.701933 -0.00825763 0.712195 14.4167 0 0
-44.9096 -44.2525 28.0136 -0.698889 -0.00851105 0.71518 14.6202 0 0
-44.8954 -45.2743 28.0012 -0.69466 -0.00877337 0.719284 14.877 0 0
-44.8973 -46.5709 27.9783 -0.689215 -0.00914736 0.724499 15.0954 0 0
-44.941 -47.7151 27.9342 -0.682621 -0.00966757 0.730709 15.2973 0 0
-45.5241 -48.3837 27.3622 -0.675113 -0.010305 0.737643 15.5031 0 0
-46.3328 -48.3835 26.6144 -0.667076 -0.0110047 0.744909 15.8377 0 0
-47.6456 -48.2002 25.4257 -0.658967 -0.0117227 0.752081 16.0211 0 0
-48.3627 -47.8372 24.822 -0.651218 -0.0124355 0.758789 16.211 0 0
-48.886 -47.0491 24.4077 -0.644169 -0.0131239 0.764771 16.4481 0 0
-49.2205 -45.8171 24.1495 -0.638042 -0.0137514 0.769879 16.6949 0 0
-49.3093 -44.4484 24.0946 -0.632966 -0.0142705 0.774048 16.783 0 0
-49.318 -43.9662 24.0963 -0.629026 -0.0146665 0.777246 16.9408 0 0
-49.9849 -44.0692 23.5669 -0.626336 -0.0150043 0.779409 17.1844 0 0
-49.945 -42.7435 23.6269 -0.625094 -0.0154171 0.780397 17.4449 0 0
-49.8394 -41.351 23.7365 -0.625557 -0.0160124 0.780014 17.7295 0 0
-49.5539 -39.8173 24.0079 -0.627928 -0.0167523 0.778091 17.9268 0 0
-49.2916 -38.8145 24.2238 -0.632209 -0.0174033 0.774603 18.119 0 0
-48.9994 -37.8617 24.4581 -0.638129 -0.0175953 0.769728 18.3281 0 0
-48.5866 -36.8525 24.8122 -0.645203 -0.0169303 0.763823 18.6127 0 0
-47.7854 -35.7519 25.4826 -0.652869 -0.0150698 0.757321 18.8794 0 0
-46.882 -35.0033 26.2597 -0.660632 -0.0117924 0.750618 19.0955 0 0
-46.1449 -34.5198 26.9857 -0.668127 -0.00706864 0.744014 19.3431 0 0
-45.2561 -34.2839 27.7975 -0.675132 -0.00116071 0.737696 19.5746 0 0
-44.4163 -34.3177 28.5838 -0.681538 0.00532279 0.731763 19.7941 0 0
-43.6456 -34.3555 29.3179 -0.687313 0.0115068 0.72627 20.004 0 0
-42.9173 -34.4303 30.0174 -0.692459 0.0164679 0.721269 20.2267 0 0
-42.1525 -34.5547 30.7698 -0.696981 0.0195003 0.716824 20.454 0 0
-41.4045 -34.7732 31.5296 -0.700867 0.0203048 0.713003 20.6684 0 0
-42.1255 -34.9498 30.8249 -0.704097 0.019021 0.709849 20.9424 0 0
-42.9974 -35.4225 29.9803 -0.706666 0.0161092 0.707364 21.2742 0 0
-43.7539 -36.6123 29.2696 -0.708603 0.012169 0.705503 21.4934 0 0
-44.0875 -37.5527 28.9251 -0.709981 0.00779151 0.704178 21.7789 0 0
-44.281 -38.9776 28.7447 -0.7109 0.00348366 0.703285 22.0145 0 0
-44.3483 -40.1543 28.651 -0.711441 -0.000352653 0.702746 22.248 0 0
-44.3525 -41.3446 28.6165 -0.711604 -0.00343032 0.702573 22.4632 0 0
-44.354 -42.4621 28.6125 -0.711243 -0.00559448 0.702924 22.6833 0 0
-44.3379 -43.5829 28.6122 -0.710051 -0.00684079 0.704117 22.9098 0 0
-44.3171 -44.7201 28.5935 -0.707609 -0.00731471 0.706566 23.1295 0 0
-44.3051 -45.8385 28.5727 -0.703497 -0.00727163 0.710661 23.3342 0 0
-44.2927 -46.8909 28.5739 -0.697445 -0.00699461 0.716604 23.5281 0 0
-44.2822 -47.8941 28.5703 -0.689449 -0.00670262 0.724304 23.7778 0 0
-44.5626 -49.144 28.2938 -0.679811 -0.0065027 0.733358 24.1446 0 0
-45.9507 -49.2466 26.961 -0.66909 -0.0064141 0.743154 24.5055 0 0
-47.3641 -49.1239 25.6713 -0.657967 -0.00644137 0.753019 24.6978 0 0
-48.1291 -48.974 24.9892 -0.6471 -0.00664115 0.762376 24.9495 0 0
-49.0819 -48.2343 24.2316 -0.637011 -0.00713498 0.770822 25.2217 0 0
-49.7043 -46.9414 23.7877 -0.628036 -0.008057 0.778143 25.4166 0 0
-49.9104 -45.9437 23.6178 -0.62034 -0.00947005 0.784276 25.6211 0 0
-49.9754 -44.8254 23.5567 -0.613965 -0.0113103 0.789252 25.7789 0 0
-50.6667 -44.9917 23.039 -0.608897 -0.0134043 0.793136 26.0098 0 0
-50.6525 -43.6946 23.0541 -0.605134 -0.0155522 0.795971 26.2453 0 0
-50.6079 -42.3659 23.114 -0.602744 -0.0176184 0.79774 26.4657 0 0
-50.5019 -41.1267 23.2333 -0.601889 -0.0195586 0.79834 26.6616 0 0
-50.3135 -40.0394 23.4209 -0.602795 -0.0213546 0.79761 26.8568 0 0
-50.0643 -39.0193 23.6469 -0.605665 -0.0229099 0.79539 27.0542 0 0
-49.7931 -38.0294 23.8701 -0.610559 -0.0239974 0.791607 27.2438 0 0
-49.4849 -37.107 24.1097 -0.617316 -0.0243049 0.78634 27.4739 0 0
-48.9999 -36.044 24.5172 -0.62554 -0.0235315 0.779837 27.7282 0 0
-48.2618 -35.1021 25.1249 -0.634686 -0.0214648 0.772472 27.9272 0 0
-47.5985 -34.5294 25.6789 -0.644174 -0.0180128 0.764667 28.2077 0 0
-46.631 -33.8152 26.5534 -0.653492 -0.0132095 0.756818 28.4121 0 0
-45.9024 -33.4466 27.2189 -0.662253 -0.00721787 0.749245 28.6708 0 0
-44.9483 -33.3663 28.0806 -0.670197 -0.000329087 0.742184 28.9142 0 0
-44.0755 -33.4356 28.9067 -0.677163 0.00705811 0.735799 29.135 0 0
-43.3025 -33.4707 29.6439 -0.683074 0.0144894 0.730206 29.435 0 0
-42.2669 -33.4961 30.5982 -0.687938 0.0215142 0.725451 29.8025 0 0
-41.0149 -33.8226 31.8592 -0.691874 0.0277122 0.721486 30.0224 0 0
-40.3018 -34.0428 32.5736 -0.695116 0.0326815 0.718154 30.3614 0 0
-39.2149 -34.4611 33.6652 -0.697948 0.0360398 0.715241 30.5963 0 0
-38.7482 -35.3335 34.1906 -0.700621 0.0374823 0.712549 30.83 0 0
-39.5367 -35.2977 33.4077 -0.703297 0.0368781 0.709939 31.196 0 0
-40.7859 -35.4619 32.1812 -0.706048 0.0343349 0.707331 31.4062 0 0
-41.5188 -35.6089 31.4875 -0.708865 0.0301846 0.704698 31.6879 0 0
-42.4417 -35.9972 30.5942 -0.711653 0.0249071 0.702089 31.9256 0 0
-43.0955 -36.651 29.9612 -0.714241 0.0190456 0.69964 32.1449 0 0
-43.472 -37.5294 29.5616 -0.71644 0.0131357 0.697525 32.3787 0 0
-43.7099 -38.6857 29.3239 -0.718118 0.00764106 0.69588 32.5802 0 0
-43.7745 -39.7106 29.2474 -0.719233 0.00289289 0.694763 32.8557 0 0
-43.779 -41.1176 29.2222 -0.719783 -0.00094168 0.694199 33.206 0 0
-43.7663 -42.9167 29.2113 -0.719713 -0.00384338 0.694261 33.421 0 0
-43.7363 -44.025 29.2013 -0.718854 -0.00588229 0.695136 33.6379 0 0
-43.729 -45.1494 29.1708 -0.716929 -0.00715152 0.69711 33.8413 0 0
-43.7293 -46.2198 29.1644 -0.71361 -0.00773836 0.7005 34.0363 0 0
-43.7033 -47.2236 29.1791 -0.708605 -0.00774989 0.705563 34.333 0 0
-43.6924 -48.741 29.1785 -0.701737 -0.00735052 0.712398 34.6471 0 0
-44.2602 -50.1238 28.5872 -0.693028 -0.00674629 0.720879 34.8432 0 0
-44.9884 -50.1481 27.8589 -0.682745 -0.00610846 0.730631 35.1264 0 0
-46.074 -50.075 26.8353 -0.671387 -0.00550601 0.741086 35.3807 0 0
-47.079 -49.9969 25.9288 -0.659588 -0.00491918 0.751612 35.5836 0 0
-47.8844 -49.9093 25.2105 -0.647949 -0.0043316 0.761672 35.8851 0 0
-49.1184 -49.5209 24.1925 -0.636903 -0.00382519 0.770935 36.0681 0 0
-49.6911 -48.8284 23.7396 -0.626674 -0.00359987 0.779273 36.2646 0 0
-50.1403 -47.8834 23.4297 -0.617362 -0.0039021 0.78667 36.467 0 0
-50.4671 -46.8546 23.2071 -0.609068 -0.00491107 0.793103 36.7875 0 0
-50.6625 -45.1554 23.0426 -0.601964 -0.0066478 0.798496 36.7995 0 0
-50.667 -45.0886 23.0386 -0.596256 -0.00895159 0.802744 36.9549 0 0
-51.3671 -45.1511 22.521 -0.592113 -0.0115359 0.805772 37.1523 0 0
-51.359 -44.0354 22.5435 -0.589593 -0.0140993 0.807577 37.4081 0 0
-51.3267 -42.6129 22.5977 -0.588641 -0.0164339 0.808228 37.6013 0 0
-51.2645 -41.5316 22.6867 -0.589121 -0.0184723 0.807833 37.8281 0 0
-51.0757 -40.2915 22.8436 -0.590899 -0.0202486 0.806492 38.0229 0 0
-50.8433 -39.2308 23.0592 -0.593893 -0.0218048 0.804249 38.2197 0 0
-50.5818 -38.2085 23.288 -0.598099 -0.0231093 0.801089 38.4109 0 0
-50.2997 -37.2592 23.5092 -0.603545 -0.0240319 0.796967 38.6098 0 0
-49.9322 -36.3014 23.7951 -0.610206 -0.0243771 0.791868 38.8456 0 0
-49.3976 -35.2293 24.2416 -0.617931 -0.0239354 0.785868 39.0367 0 0
-48.8397 -34.5362 24.7 -0.626426 -0.0225245 0.779155 39.2804 0 0
-48.0219 -33.8375 25.3663 -0.635304 -0.0200153 0.772003 39.5404 0 0
-47.1377 -33.1553 26.1487 -0.644175 -0.0163466 0.764704 39.7619 0 0
-46.3723 -32.6778 26.8108 -0.652713 -0.0115416 0.757517 39.9947 0 0
-45.5166 -32.4237 27.5722 -0.660669 -0.00573007 0.750655 40.2446 0 0
-44.6003 -32.4793 28.4185 -0.66784 0.00083671 0.744305 40.5152 0 0
-43.6562 -32.5543 29.307 -0.674024 0.00780154 0.738668 40.7521 0 0
-42.8402 -32.5648 30.0519 -0.679029 0.0147508 0.733963 41.0463 0 0
-41.8289 -32.5779 30.9907 -0.682709 0.0212798 0.730381 41.4077 0 0
-40.6339 -32.9626 32.1848 -0.685021 0.0270601 0.728021 41.6654 0 0
-39.7998 -33.2415 33.0083 -0.686038 0.0318997 0.726866 41.9467 0 0
-38.9431 -33.7526 33.8828 -0.685924 0.0357772 0.726793 42.1709 0 0
-38.3257 -34.3203 34.5374 -0.684897 0.0388235 0.727605 42.4951 0 0
-37.2268 -34.3885 35.5809 -0.68319 0.0412464 0.729075 42.7902 0 0
-36.2536 -33.8664 36.4272 -0.681034 0.0432324 0.730974 43.0162 0 0
-35.6299 -33.1659 36.9628 -0.678635 0.0448772 0.733103 43.2433 0 0
-35.1086 -32.3625 37.4193 -0.676149 0.0461752 0.735316 43.4857 0 0
-34.6225 -31.4646 37.8023 -0.673664 0.0470636 0.737538 43.7261 0 0
-34.128 -30.5811 38.1905 -0.671199 0.0474852 0.739755 44.0104 0 0
-33.4336 -29.6729 38.7497 -0.66873 0.0474367 0.74199 44.2515 0 0
-32.8251 -28.9466 39.2424 -0.66622 0.046985 0.744274 44.5004 0 0
-32.083 -28.431 39.8645 -0.663626 0.0462535 0.746633 44.7319 0 0
-31.3428 -28.1559 40.5104 -0.660897 0.0453922 0.749103 44.9852 0 0
-30.5215 -28.0559 41.2405 -0.65796 0.0445422 0.751735 45.3558 0 0
-29.3379 -28.198 42.272 -0.654757 0.0437994 0.754569 45.6484 0 0
-28.4623 -28.5679 43.0444 -0.651311 0.0431794 0.757582 45.9037 0 0
-27.767 -29.0677 43.6675 -0.647786 0.0425993 0.76063 46.1535 0 0
-27.1752 -29.7134 44.2065 -0.644501 0.0418947 0.763455 46.419 0 0
-26.64 -30.5183 44.7054 -0.641848 0.0408784 0.765741 46.7999 0 0
-25.958 -31.7648 45.3424 -0.640175 0.0394128 0.767217 47.0876 0 0
-25.516 -32.7726 45.7635 -0.639674 0.0374456 0.767734 47.5091 0 0
-25.0487 -34.3558 46.2273 -0.640348 0.0349794 0.767288 47.8604 0 0
-24.8327 -35.745 46.4759 -0.642044 0.0320092 0.765999 48.1202 0 0
-24.8256 -36.7998 46.5222 -0.644503 0.0284966 0.76407 48.3845 0 0
-25.0765 -37.843 46.3483 -0.64741 0.0244155 0.761751 48.6894 0 0
-25.6137 -38.9035 45.9266 -0.650435 0.0198411 0.759303 49.0233 0 0
-26.4258 -39.7935 45.2361 -0.65329 0.0150219 0.756959 49.2811 0 0
-27.1927 -40.2571 44.5954 -0.655764 0.0103848 0.754894 49.6858 0 0
-28.4699 -40.6414 43.503 -0.657745 0.00646321 0.753213 49.9275 0 0
-29.2284 -40.7799 42.8092 -0.659203 0.00377469 0.751955 50.164 0 0
-30.0074 -40.76 42.1175 -0.660174 0.00269459 0.751108 50.4951 0 0
-31.1041 -40.5687 41.1533 -0.66076 0.00337028 0.75059 50.7611 0 0
-31.8887 -40.019 40.4721 -0.661147 0.00569765 0.750235 51.0521 0 0
-32.3564 -38.8817 40.0711 -0.661601 0.00935945 0.749798 51.2797 0 0
-32.6189 -37.9217 39.8469 -0.662426 0.0139096 0.748998 51.5489 0 0
-33.1769 -36.9733 39.3284 -0.663893 0.0188774 0.747589 51.7831 0 0
-33.9343 -36.5239 38.6429 -0.666164 0.0238575 0.745423 51.989 0 0
-34.682 -36.3784 37.9886 -0.66925 0.0285477 0.742488 52.2295 0 0
-35.5548 -36.2564 37.2214 -0.673045 0.032712 0.738878 52.5063 0 0
-36.5382 -36.2335 36.3243 -0.677407 0.0360974 0.734722 52.7263 0 0
-37.3415 -36.2754 35.5861 -0.682242 0.0383878 0.730118 52.9394 0 0
-38.1094 -36.3278 34.8627 -0.687508 0.0392522 0.725116 53.1499 0 0
-38.8663 -36.3067 34.1449 -0.693169 0.0384532 0.719749 53.4162 0 0
-39.776 -36.2193 33.2294 -0.699138 0.0359242 0.714083 53.7733 0 0
-41.0435 -36.3354 31.998 -0.705253 0.0317817 0.708243 53.9775 0 0
-41.7646 -36.4942 31.3234 -0.711293 0.0263123 0.702403 54.2718 0 0
-42.6461 -37.1191 30.4435 -0.717017 0.0199643 0.69677 54.5789 0 0
-43.1347 -38.4053 29.9206 -0.722209 0.0133188 0.691546 54.7806 0 0
-43.209 -39.4435 29.8364 -0.726699 0.00699567 0.68692 55.0959 0 0
-43.2175 -41.0779 29.832 -0.73037 0.00151428 0.68305 55.3249 0 0
-43.2158 -42.242 29.8294 -0.733144 -0.00282415 0.680067 55.5361 0 0
-43.1848 -43.3139 29.8328 -0.734966 -0.00596753 0.678078 55.7638 0 0
-43.1546 -44.4615 29.8031 -0.735774 -0.00805473 0.677179 55.9794 0 0
-43.1684 -45.5725 29.7591 -0.735479 -0.00931391 0.677483 56.1798 0 0
-43.156 -46.612 29.7599 -0.733948 -0.00996601 0.679133 56.3764 0 0
-43.1333 -47.6206 29.7807 -0.730992 -0.0101601 0.68231 56.5812 0 0
-43.0987 -48.6543 29.8146 -0.726383 -0.00995902 0.687218 56.8052 0 0
-43.0313 -49.7717 29.8606 -0.719886 -0.00938516 0.694029 57.0021 0 0
-43.095 -50.7685 29.7775 -0.711348 -0.00849946 0.702788 57.1907 0 0
-43.7419 -51.0258 29.1042 -0.700794 -0.00744328 0.713325 57.4568 0 0
-44.6985 -51.0075 28.1355 -0.688493 -0.0064005 0.725215 57.6648 0 0
-45.4958 -50.9679 27.3739 -0.674931 -0.00552099 0.73786 57.9801 0 0
-46.7122 -50.87 26.2529 -0.660702 -0.00488504 0.750632 58.3393 0 0
-48.1473 -50.7458 25.0029 -0.646388 -0.00453318 0.762995 58.6754 0 0
-49.51 -50.3836 23.8892 -0.632492 -0.00451402 0.774553 59.0341 0 0
-50.4934 -48.9121 23.136 -0.619447 -0.00490177 0.785023 59.2286 0 0
-50.8816 -47.9506 22.871 -0.607642 -0.00578062 0.79419 59.4164 0 0
-51.1935 -46.9957 22.6722 -0.597418 -0.00721439 0.801897 59.7078 0 0
-51.3479 -45.4609 22.538 -0.589029 -0.00921136 0.808059 59.868 0 0
-52.0282 -45.8057 22.0662 -0.582588 -0.0116947 0.812684 60.1344 0 0
-52.0444 -44.334 22.0749 -0.578067 -0.0144999 0.81586 60.3201 0 0
-52.0743 -43.3065 22.0793 -0.575372 -0.0174096 0.817706 60.6138 0 0
-51.995 -41.6906 22.1668 -0.574438 -0.0202027 0.818299 60.8236 0 0
-51.8668 -40.5164 22.2826 -0.575292 -0.0226858 0.817634 61.0288 0 0
-51.7027 -39.3666 22.4295 -0.578028 -0.024695 0.815643 61.2293 0 0
-51.384 -38.3157 22.7073 -0.582729 -0.026085 0.812248 61.419 0 0
-51.1171 -37.3668 22.9382 -0.589355 -0.0267231 0.807432 61.7742 0 0
-50.4572 -35.7255 23.4385 -0.597675 -0.0264862 0.801301 62.0685 0 0
-49.7579 -34.4042 24.0012 -0.607263 -0.0252667 0.794099 62.3043 0 0
-49.0302 -33.591 24.5888 -0.617573 -0.0229886 0.786177 62.5964 0 0
-48.0789 -32.7086 25.375 -0.628059 -0.0196267 0.777918 62.9385 0 0
-46.8376 -31.9716 26.4359 -0.638269 -0.0152174 0.769663 63.1537 0 0
-46.0653 -31.5909 27.0957 -0.647884 -0.00986222 0.761675 63.3822 0 0
-45.2219 -31.5057 27.8643 -0.656701 -0.00373258 0.754142 63.6761 0 0
-44.1831 -31.5942 28.8205 -0.664568 0.00292431 0.747222 64.01 0 0
-43.0296 -31.6586 29.8562 -0.671332 0.00979173 0.741092 64.247 0 0
-42.2111 -31.5844 30.6082 -0.676843 0.0165155 0.735942 64.4913 0 0
-41.3774 -31.6525 31.4 -0.680991 0.0227637 0.731938 64.7797 0 0
-40.4578 -32.0737 32.305 -0.683755 0.0282933 0.729163 65.0306 0 0
-39.6466 -32.3435 33.101 -0.685205 0.0329824 0.727604 65.3175 0 0
-38.7718 -32.8419 33.9929 -0.685476 0.0368075 0.727164 65.5469 0 0
-38.1297 -33.3829 34.6709 -0.684749 0.0397868 0.727692 65.765 0 0
-37.4162 -33.5428 35.3559 -0.683224 0.0419366 0.729004 66.1252 0 0
-36.3001 -32.7217 36.3003 -0.681099 0.0432697 0.730911 66.392 0 0
-35.5992 -31.8499 36.925 -0.678551 0.0438297 0.733244 66.6942 0 0
-35.0118 -30.6949 37.3946 -0.675704 0.0437325 0.735875 66.9505 0 0
-34.4556 -29.785 37.8306 -0.672629 0.0431844 0.738719 67.2246 0 0
-33.7693 -28.9453 38.3902 -0.669351 0.0424672 0.741731 67.5133 0 0
-33.0475 -28.0538 38.9881 -0.665867 0.0418952 0.744893 67.9269 0 0
-31.7716 -27.3759 40.0899 -0.662146 0.0417534 0.748211 68.1835 0 0
-30.9503 -27.2113 40.8175 -0.658157 0.0422198 0.751696 68.4298 0 0
-30.1648 -27.1971 41.5095 -0.653897 0.0432988 0.755344 68.786 0 0
-29.0518 -27.4057 42.4769 -0.649427 0.0448047 0.759103 69.0286 0 0
-28.2984 -27.5365 43.1258 -0.644897 0.0464158 0.762858 69.3661 0 0
-27.4415 -28.3126 43.8985 -0.640551 0.0477721 0.766428 69.8421 0 0
-26.362 -29.5988 44.879 -0.63671 0.0485641 0.769572 70.1103 0 0
-25.8554 -30.4598 45.3279 -0.633731 0.0485794 0.772027 70.3833 0 0
-25.3556 -31.3522 45.8026 -0.631924 0.0477065 0.773561 70.7419 0 0
-24.8079 -32.5954 46.3187 -0.631468 0.045913 0.774041 70.9986 0 0
-24.5313 -33.56 46.5893 -0.632369 0.0432138 0.773461 71.3387 0 0
-24.1756 -34.8425 46.9509 -0.634469 0.0396424 0.771931 71.6109 0 0
-24.1457 -35.9389 47.0287 -0.637502 0.0352424 0.769642 71.988 0 0
-24.2486 -37.4781 47.0378 -0.641146 0.0300841 0.766829 72.4194 0 0
-24.8364 -39.0826 46.6025 -0.645072 0.0242938 0.763735 72.7004 0 0
-25.3046 -40.0724 46.2197 -0.648992 0.0180759 0.760581 73.1431 0 0
-26.5769 -40.8799 45.1337 -0.652686 0.0117223 0.757538 73.4112 0 0
-27.419 -41.2252 44.4276 -0.656005 0.00562471 0.754736 73.836 0 0
-28.7348 -41.5746 43.2474 -0.658827 0.000282586 0.752294 74.0665 0 0
-29.4733 -41.6664 42.5736 -0.661037 -0.0037301 0.750344 74.3392 0 0
-30.3789 -41.5793 41.771 -0.662545 -0.00587369 0.748999 74.5893 0 0
-31.1966 -41.4601 41.041 -0.663365 -0.00579243 0.748273 74.8924 0 0
-32.1818 -41.1945 40.1727 -0.663672 -0.00342093 0.748016 75.1598 0 0
-32.7035 -40.2085 39.7278 -0.663797 0.00101135 0.747912 75.419 0 0
-33.0337 -39.1002 39.4618 -0.664154 0.0070661 0.747562 75.6695 0 0
-33.2427 -37.9819 39.297 -0.665128 0.0142109 0.746595 75.9177 0 0
-34.0165 -37.4337 38.6121 -0.66697 0.0218911 0.744763 76.1828 0 0
-34.9907 -37.2374 37.7638 -0.669767 0.0295197 0.741984 76.4418 0 0
-35.9421 -37.1314 36.9272 -0.673484 0.0364243 0.738303 76.6773 0 0
-36.7921 -37.1185 36.1463 -0.678047 0.0418537 0.733826 76.8911 0 0
-37.5949 -37.1542 35.4217 -0.683372 0.0451178 0.728675 77.117 0 0
-38.3987 -37.1782 34.6611 -0.689338 0.0457988 0.722991 77.3402 0 0
-39.1989 -37.1502 33.8943 -0.69575 0.043884 0.716942 77.5654 0 0
-39.9844 -37.1454 33.1085 -0.702343 0.0397325 0.710729 77.9125 0 0
-41.239 -37.1983 31.8957 -0.708827 0.0339328 0.704566 78.1414 0 0
-42.0097 -37.3981 31.1125 -0.714941 0.0271614 0.698657 78.3548 0 0
-42.5223 -38.1583 30.5864 -0.720476 0.0200884 0.693189 78.5628 0 0
-42.6081 -39.2135 30.4826 -0.725273 0.0133063 0.688333 78.7741 0 0
-42.5692 -40.2985 30.5231 -0.72921 0.00725777 0.684251 79.0303 0 0
-42.6442 -41.6056 30.4641 -0.732203 0.00218037 0.681083 79.2367 0 0
-42.6472 -42.6343 30.449 -0.734189 -0.00190321 0.678943 79.549 0 0
-42.4754 -44.1732 30.5756 -0.735108 -0.005135 0.677931 79.9063 0 0
-42.5767 -45.9656 30.4088 -0.73488 -0.0077273 0.678153 80.109 0 0
-42.5755 -46.9912 30.3971 -0.733396 -0.00985799 0.67973 80.3235 0 0
-42.5652 -48.0675 30.4029 -0.730563 -0.0115997 0.682747 80.5299 0 0
-42.4887 -49.0804 30.4609 -0.726411 -0.012918 0.687139 80.7858 0 0
-42.2546 -50.3065 30.687 -0.721205 -0.0137375 0.692585 81.1037 0 0
-41.2263 -50.9177 31.7705 -0.715491 -0.0140297 0.698481 81.4407 0 0
-40.0822 -50.5261 32.989 -0.710024 -0.0138665 0.704041 81.6395 0 0
-39.3964 -50.7935 33.6687 -0.705593 -0.0134116 0.70849 81.9733 0 0
-38.2209 -50.4352 34.844 -0.702811 -0.0128664 0.711261 82.2347 0 0
-37.45 -51.2017 35.5145 -0.701956 -0.0124097 0.712112 82.3959 0 0
-37.4377 -51.9931 35.5212 -0.70293 -0.0121556 0.711155 82.6134 0 0
-38.1667 -52.3471 34.8382 -0.705312 -0.0121398 0.708793 82.8521 0 0
-38.9936 -52.2253 34.0413 -0.708471 -0.0123252 0.705632 83.1649 0 0
-40.0833 -52.1813 32.9378 -0.711694 -0.0126209 0.702376 83.4053 0 0
-40.9039 -52.4125 32.0814 -0.714289 -0.0129093 0.699732 83.7084 0 0
-41.2346 -50.9609 31.7607 -0.715666 -0.0130779 0.698321 83.923 0 0
-41.4982 -51.978 31.4596 -0.715385 -0.0130461 0.698609 84.1342 0 0
-42.2188 -51.8102 30.6915 -0.713173 -0.0127781 0.700871 84.3596 0 0
-42.9964 -51.9083 29.8583 -0.708911 -0.0122818 0.705191 84.5645 0 0
-43.7298 -51.8728 29.0975 -0.702604 -0.0116026 0.711487 84.7688 0 0
-44.4702 -51.8458 28.349 -0.69436 -0.0108185 0.719546 84.9865 0 0
-45.2888 -51.8237 27.5599 -0.684398 -0.0100337 0.72904 85.2025 0 0
-46.1058 -51.8351 26.786 -0.673058 -0.00936472 0.73953 85.4299 0 0
-47.0096 -51.7151 25.9739 -0.660791 -0.00892106 0.750517 85.6191 0 0
-47.7651 -51.6288 25.3153 -0.648073 -0.00879097 0.761527 85.8373 0 0
-48.6572 -51.5547 24.5638 -0.635308 -0.00903803 0.772206 86.1313 0 0
-49.8782 -51.2643 23.5964 -0.622743 -0.00969952 0.782367 86.4857 0 0
-50.8636 -49.7905 22.8571 -0.610466 -0.010779 0.791969 86.7042 0 0
-51.3942 -48.7991 22.4725 -0.598452 -0.012237 0.801065 86.9144 0 0
-51.7286 -47.7044 22.2571 -0.58661 -0.0139889 0.809749 87.1269 0 0
-51.9564 -46.5677 22.1096 -0.574823 -0.0159161 0.818123 87.216 0 0
-52.0461 -46.0952 22.0535 -0.562869 -0.0178827 0.826163 87.216 0 0
-47.138 -41.6561 25.9738 -0.658857 -0.0152743 0.75206 87.5308 1 0
-46.8678 -40.0715 26.2343 -0.662372 -0.0146887 0.749031 87.5709 0 0
-46.7181 -40.1186 26.3683 -0.665723 -0.0141794 0.746064 87.8049 0 0
-46.7415 -41.316 26.3364 -0.66897 -0.0137274 0.743163 87.9274 0 0
-46.7407 -41.9402 26.3232 -0.672139 -0.0132898 0.740226 87.9274 0 0
-38.0116 -35.4802 34.9045 -0.686657 0.0441246 0.725641 88.1735 1 0
-37.1451 -35.3955 35.7194 -0.681992 0.0403312 0.730246 88.3855 0 0
-36.3971 -35.3205 36.403 -0.677716 0.0361383 0.734435 88.7043 0 0
-35.2762 -35.4726 37.432 -0.673966 0.0315458 0.738089 88.9443 0 0
-34.4348 -35.5744 38.171 -0.670774 0.0268069 0.741177 89.2761 0 0
-33.3139 -36.0249 39.176 -0.668092 0.0223677 0.743742 89.551 0 0
-32.5271 -36.752 39.9002 -0.665829 0.0187001 0.74587 89.7925 0 0
-32.07 -37.6649 40.3304 -0.663879 0.0161233 0.747666 90.1873 0 0
-31.4764 -39.2387 40.8391 -0.662131 0.0147191 0.749244 90.4487 0 0
-30.6871 -39.7766 41.5242 -0.660458 0.0143726 0.750725 90.8215 0 0
-29.4312 -39.9198 42.6433 -0.658731 0.0148857 0.752231 91.0813 0 0
-28.5835 -39.8279 43.3767 -0.656847 0.0160835 0.753852 91.311 0 0
-27.8411 -39.5968 44.0112 -0.654779 0.0178539 0.755609 91.5548 0 0
-27.0819 -39.2486 44.6497 -0.652605 0.0201207 0.757431 91.8465 0 0
-26.3016 -38.5266 45.321 -0.650498 0.0227865 0.759166 92.0966 0 0
-25.8158 -37.6878 45.7133 -0.648672 0.0256972 0.760634 92.4133 0 0
-25.5072 -36.4313 45.9391 -0.647317 0.0286506 0.761682 92.6623 0 0
-25.5469 -35.4058 45.8688 -0.646549 0.0314425 0.762224 92.9847 0 0
-25.8385 -34.1588 45.5784 -0.646405 0.0339264 0.76224 93.3571 0 0
-26.278 -32.7965 45.1367 -0.646857 0.036056 0.761759 93.6325 0 0
-26.7365 -31.8709 44.7007 -0.647839 0.0378865 0.760835 93.9477 0 0
-27.3058 -30.8421 44.1551 -0.64927 0.0395255 0.75953 94.2507 0 0
-27.9717 -29.9659 43.5403 -0.651066 0.0410556 0.75791 94.4993 0 0
-28.6325 -29.4363 42.9449 -0.653147 0.0424745 0.756039 94.8462 0 0
-29.676 -29.0081 42.0242 -0.655436 0.0436963 0.753985 95.1638 0 0
-30.6944 -28.9389 41.1358 -0.657853 0.0446155 0.751824 95.4233 0 0
-31.5321 -29.1313 40.4005 -0.660311 0.0451824 0.749632 95.662 0 0
-32.2712 -29.5491 39.7788 -0.662744 0.0454311 0.747467 95.897 0 0
-32.9018 -30.1935 39.2648 -0.665125 0.0454503 0.745348 96.2978 0 0
-33.8446 -31.4864 38.5068 -0.667453 0.0453278 0.743271 96.5515 0 0
-34.3634 -32.4176 38.0991 -0.669705 0.045106 0.741257 96.783 0 0
-34.8475 -33.2487 37.6992 -0.671777 0.0447738 0.739399 97.0651 0 0
-35.5381 -34.1513 37.0975 -0.673488 0.0443012 0.73787 97.3433 0 0
-36.3232 -34.9765 36.447 -0.674624 0.0436985 0.736867 97.578 0 0
-37.1239 -35.2949 35.7333 -0.675023 0.0430562 0.736539 97.7949 0 0
-37.8717 -35.4497 35.035 -0.674628 0.0425248 0.736932 97.7988 0 0
-37.8852 -35.4458 35.022 -0.673491 0.0422411 0.737987 98.7176 0 0
-34.679 -34.3358 37.9016 -0.671748 0.0422517 0.739574 98.9659 0 0
-34.1483 -33.4282 38.3428 -0.669574 0.0424839 0.741529 99.2166 0 0
-33.6415 -32.5086 38.7572 -0.667159 0.0427763 0.743686 99.4931 0 0
-33.0393 -31.5447 39.2317 -0.664691 0.0429442 0.745883 99.7504 0 0
-32.3915 -30.7493 39.7585 -0.662343 0.0428421 0.747975 99.9821 0 0
-31.7282 -30.1844 40.303 -0.660254 0.0423947 0.749845 100.221 0 0
-30.9584 -29.8658 40.9562 -0.658503 0.0415912 0.751428 100.498 0 0
-30.0323 -29.8291 41.7585 -0.657105 0.040455 0.752713 100.825 0 0
-29.0045 -30.2027 42.6666 -0.656029 0.0390121 0.753727 101.125 0 0
-28.2019 -30.8758 43.3915 -0.65523 0.0372764 0.754509 101.414 0 0
-27.582 -31.7314 43.9684 -0.654661 0.035254 0.7551 101.684 0 0
-27.1188 -32.6484 44.4089 -0.654273 0.0329578 0.75554 101.964 0 0
-26.7065 -33.6619 44.8149 -0.654023 0.0304184 0.755863 102.284 0 0
-26.3429 -34.8747 45.1797 -0.653894 0.027693 0.756079 102.546 0 0
-26.2009 -35.9302 45.3417 -0.653899 0.0248818 0.756172 102.829 0 0
-26.3798 -37.08 45.2171 -0.654076 0.0221465 0.756104 103.14 0 0
-26.9821 -38.1044 44.7142 -0.654468 0.0197129 0.755832 103.408 0 0
-27.7346 -38.6606 44.0648 -0.655098 0.0178379 0.755333 103.641 0 0
-28.4818 -38.9388 43.4414 -0.655949 0.0167451 0.75462 103.953 0 0
-29.5098 -39.0451 42.5657 -0.65696 0.0165545 0.753743 104.256 0 0
-30.5003 -38.8702 41.697 -0.658048 0.0172433 0.752779 104.513 0 0
-31.1747 -38.1501 41.1098 -0.659118 0.0186658 0.751808 104.879 0 0
-31.8143 -36.7613 40.5368 -0.660079 0.0206224 0.750913 105.123 0 0
-32.3495 -35.9567 40.0384 -0.660839 0.022927 0.750177 105.479 0 0
-33.3623 -35.1353 39.0981 -0.661305 0.0254251 0.749686 105.834 0 0
-34.5107 -34.5269 38.0633 -0.661402 0.0279645 0.74951 105.874 0 0
-34.6482 -34.5123 37.9427 -0.661113 0.0303653 0.749672 106.29 0 0
-33.3876 -33.5818 39.0211 -0.66049 0.032429 0.750134 106.542 0 0
-32.9035 -32.6258 39.4146 -0.659655 0.0339781 0.7508 106.786 0 0
-32.3397 -31.805 39.8685 -0.658753 0.0348922 0.75155 107.171 0 0
-31.2325 -30.8708 40.7875 -0.657903 0.0351154 0.752284 107.436 0 0
-30.3528 -30.6911 41.5272 -0.65716 0.0346423 0.752954 107.77 0 0
-29.2713 -31.0022 42.4787 -0.656515 0.0335035 0.753569 108.024 0 0
-28.5952 -31.5996 43.0821 -0.655924 0.0317613 0.754159 108.464 0 0
-27.6995 -33.0044 43.9194 -0.655367 0.029521 0.754734 108.849 0 0
-27.1587 -34.4422 44.4542 -0.654876 0.0269517 0.755255 109.111 0 0
-26.9287 -35.5015 44.6954 -0.654543 0.0242993 0.755634 109.362 0 0
-26.9911 -36.5601 44.667 -0.65448 0.0218671 0.755763 109.68 0 0
-27.6379 -37.6018 44.1253 -0.65478 0.0199532 0.755556 109.92 0 0
-28.3709 -38.0255 43.5195 -0.655467 0.0187694 0.75499 110.278 0 0
-29.539 -38.1672 42.5256 -0.656485 0.0183833 0.754115 110.569 0 0
-30.4663 -37.8161 41.7178 -0.657692 0.0187118 0.753055 110.802 0 0
-30.9427 -36.9861 41.3023 -0.658885 0.0195584 0.75199 111.178 0 0
-31.7276 -35.7127 40.5892 -0.659837 0.0206663 0.751125 111.425 0 0
-32.3128 -34.9845 40.0339 -0.660349 0.0217718 0.750643 111.653 0 0
-32.9634 -34.4702 39.4256 -0.660296 0.0226563 0.750664 111.678 0 0
-33.0411 -34.4313 39.3557 -0.659647 0.0231982 0.751218 111.928 0 0
-32.244 -34.0007 40.065 -0.65847 0.0234099 0.752243 112.153 0 0
-31.7072 -34.6709 40.576 -0.65692 0.0234349 0.753596 112.445 0 0
-31.0442 -35.5732 41.1742 -0.655209 0.0234931 0.755082 112.674 0 0
-30.5412 -36.3193 41.6373 -0.653556 0.0237948 0.756504 112.981 0 0
-29.7662 -37.1638 42.3212 -0.652131 0.0244725 0.757711 113.226 0 0
-28.9634 -37.2972 43.0052 -0.651046 0.0255567 0.758608 113.558 0 0
-27.9464 -36.7592 43.8473 -0.650371 0.0269851 0.759137 113.927 0 0
-27.6712 -35.2095 44.0402 -0.650147 0.0286197 0.759269 114.189 0 0
-27.948 -34.1536 43.7585 -0.650367 0.0302665 0.759017 114.493 0 0
-28.4615 -33.0641 43.2586 -0.650934 0.0317084 0.758472 114.763 0 0
-29.0555 -32.2269 42.7074 -0.651656 0.0327509 0.757807 115.123 0 0
-30.1233 -31.5903 41.7749 -0.652306 0.0332656 0.757225 115.441 0 0
-31.1797 -31.782 40.8884 -0.652686 0.0332239 0.756899 115.668 0 0
-31.8268 -32.3241 40.3595 -0.652695 0.0327198 0.756914 115.972 0 0
-32.4908 -33.3464 39.8104 -0.652336 0.0319694 0.757255 116.258 0 0
-31.5461 -33.5272 40.67 -0.651694 0.0312655 0.757837 116.51 0 0
-31.0531 -34.3954 41.1237 -0.650887 0.0308887 0.758546 116.791 0 0
-30.4326 -35.3009 41.6877 -0.650029 0.0310146 0.759276 117.177 0 0
-29.4726 -36.3777 42.5495 -0.64921 0.0316641 0.75995 117.454 0 0
-28.5742 -36.1542 43.3019 -0.648496 0.0327144 0.760515 117.705 0 0
-28.4177 -35.0922 43.4042 -0.647934 0.0339584 0.760939 117.936 0 0
-28.649 -34.1653 43.1677 -0.647555 0.0351876 0.761206 118.316 0 0
-29.4218 -32.9535 42.4246 -0.647357 0.0362591 0.761324 118.606 0 0
-30.297 -32.4391 41.668 -0.647288 0.0371169 0.761341 118.847 0 0
-31.0914 -32.6854 41.0148 -0.647235 0.0377613 0.761355 118.966 0 0
-31.3924 -33.0412 40.7768 -0.647049 0.0382018 0.76149 119.278 0 0
-30.3859 -33.3516 41.6373 -0.646591 0.038431 0.761868 119.536 0 0
-30.2487 -34.4623 41.8117 -0.645768 0.0384339 0.762566 119.768 0 0
-29.7171 -35.1647 42.2999 -0.644565 0.0382138 0.763594 120.009 0 0
-29.5576 -34.1487 42.3845 -0.643043 0.0378089 0.764896 120.256 0 0
-30.0797 -33.3639 41.893 -0.641323 0.0372894 0.766364 120.3 0 0
-30.2175 -33.2975 41.7753 -0.639549 0.0367405 0.767871 120.3 0 0
