-55.436 -17.7895 20.5475 -0.537909 -0.0178321 0.842709 0 1 0
-54.7598 -19.0584 20.9602 -0.540066 -0.0184431 0.841421 0.474866 0 0
-54.711 -20.1308 20.9784 -0.542204 -0.0190173 0.840032 0.682245 0 0
-54.1881 -19.1814 21.3258 -0.544321 -0.0194207 0.838652 0.924467 0 0
-54.7144 -18.0176 21.0098 -0.546261 -0.0195217 0.837388 1.00997 0 0
-55.0045 -17.7287 20.8302 -0.54778 -0.0192606 0.836401 1.16346 0 0
-54.7413 -16.9997 21.026 -0.548613 -0.018669 0.835868 1.37563 0 0
-54.045 -17.7387 21.458 -0.548582 -0.0178612 0.835906 1.56926 0 0
-53.6761 -18.653 21.6786 -0.547684 -0.0170169 0.836512 1.76271 0 0
-53.693 -19.6757 21.6551 -0.54612 -0.0163505 0.837548 1.99357 0 0
-54.0543 -20.8282 21.4073 -0.544238 -0.0160564 0.838777 2.18752 0 0
-54.7047 -21.4863 20.9704 -0.542405 -0.016247 0.83996 2.44853 0 0
-55.2785 -20.2471 20.6223 -0.540871 -0.0169109 0.840935 2.63319 0 0
-55.5658 -19.2945 20.4538 -0.5397 -0.0179074 0.841667 2.85072 0 0
-55.938 -18.1899 20.2295 -0.538796 -0.0190015 0.842222 3.0434 0 0
-56.0811 -17.1477 20.1586 -0.53801 -0.019936 0.842703 3.22696 0 0
-55.3026 -16.7612 20.6682 -0.537241 -0.0205199 0.843179 3.31918 0 0
-54.9051 -16.8878 20.923 -0.536487 -0.020694 0.843655 3.46036 0 0
-54.4285 -16.4342 21.2487 -0.535836 -0.0205411 0.844072 3.77167 0 0
-55.711 -15.846 20.4327 -0.535426 -0.0202297 0.84434 4.05216 0 0
-56.688 -16.8094 19.7938 -0.535408 -0.01992 0.844359 4.36521 0 0
-56.4679 -18.5332 19.8975 -0.535917 -0.0196883 0.844041 4.59382 0 0
-56.0751 -19.7127 20.1306 -0.537042 -0.0195173 0.84333 4.78188 0 0
-55.7426 -20.6608 20.3238 -0.538783 -0.0193473 0.842223 4.96873 0 0
-55.3707 -21.5877 20.5409 -0.541023 -0.0191347 0.84079 5.17744 0 0
-54.8242 -22.5292 20.8631 -0.54354 -0.0188761 0.839171 5.36647 0 0
-53.9979 -22.2482 21.406 -0.546075 -0.0185975 0.83753 5.55617 0 0
-53.5709 -21.3838 21.7093 -0.548415 -0.0183297 0.836006 5.75828 0 0
-53.2468 -20.3863 21.9503 -0.550461 -0.0180846 0.834665 5.99531 0 0
-53.0998 -19.1662 22.0644 -0.552241 -0.0178443 0.833493 6.26447 0 0
-53.3566 -17.7996 21.9191 -0.553861 -0.0175779 0.832424 6.52433 0 0
-54.0371 -16.7179 21.4959 -0.555404 -0.0172863 0.831401 6.54859 0 0
-54.1191 -16.6379 21.4421 -0.556841 -0.0170368 0.830444 6.68938 0 0
-53.9683 -15.9247 21.5562 -0.557989 -0.0169514 0.829675 6.97899 0 0
-53.0516 -16.9766 22.1483 -0.558567 -0.0171419 0.829283 7.23935 0 0
-52.5874 -18.1977 22.4263 -0.558321 -0.0176352 0.829438 7.43606 0 0
-52.5108 -19.2232 22.4667 -0.557129 -0.018339 0.830223 7.63911 0 0
-52.6395 -20.2636 22.367 -0.555033 -0.0190727 0.83161 7.89179 0 0
-52.965 -21.5009 22.121 -0.552207 -0.0196453 0.833476 8.15969 0 0
-53.5256 -22.7276 21.6981 -0.548904 -0.0199285 0.835648 8.36292 0 0
-54.0912 -23.5627 21.3063 -0.545413 -0.0198764 0.837932 8.63265 0 0
-55.2446 -23.0901 20.5813 -0.542041 -0.0194961 0.840126 8.83502 0 0
-55.7624 -22.168 20.2786 -0.539086 -0.0188138 0.842041 9.11963 0 0
-56.3256 -20.7638 19.9519 -0.536803 -0.0178687 0.843518 9.36459 0 0
-56.7701 -19.5086 19.7001 -0.535367 -0.0167255 0.844454 9.58354 0 0
-57.1164 -18.3831 19.4972 -0.534838 -0.0154697 0.844813 9.82733 0 0
-57.309 -17.0273 19.4045 -0.535136 -0.0141748 0.844647 10.0658 0 0
-57.0586 -15.706 19.5899 -0.53603 -0.0128739 0.844101 10.2432 0 0
-56.3772 -15.1321 20.0295 -0.53715 -0.0115742 0.843408 10.4556 0 0
-55.3992 -15.1481 20.6489 -0.538048 -0.0103154 0.842851 10.6698 0 0
-54.5106 -15.5716 21.2121 -0.538321 -0.00921266 0.84269 10.7993 0 0
-54.0041 -15.8974 21.5328 -0.537738 -0.00843681 0.84307 10.9302 0 0
-53.8377 -15.243 21.6534 -0.536338 -0.00814415 0.843964 11.1829 0 0
-54.8067 -14.579 21.0345 -0.534417 -0.0084197 0.845179 11.3997 0 0
-55.7405 -14.2948 20.4236 -0.532428 -0.00927476 0.846424 11.5946 0 0
-56.6523 -14.3826 19.8531 -0.530831 -0.0106821 0.847411 11.8748 0 0
-57.6832 -15.3819 19.2162 -0.529966 -0.0125998 0.847926 12.1402 0 0
-57.9606 -16.8449 19.0198 -0.53001 -0.0149549 0.847859 12.4081 0 0
-57.7438 -18.3584 19.1075 -0.53102 -0.0176011 0.847177 12.6353 0 0
-57.3678 -19.5918 19.3274 -0.53299 -0.0202893 0.845878 12.9463 0 0
-56.8032 -21.1748 19.6406 -0.535876 -0.0226842 0.843992 13.1915 0 0
-56.3074 -22.4221 19.9235 -0.53956 -0.0244389 0.841592 13.4206 0 0
-55.7443 -23.5142 20.2468 -0.543813 -0.0253025 0.838825 13.6941 0 0
-54.8863 -24.6297 20.748 -0.548293 -0.0252056 0.835907 13.8801 0 0
-54.0419 -24.5474 21.2994 -0.55259 -0.0242738 0.8331 14.0982 0 0
-53.3668 -23.7131 21.7651 -0.556311 -0.0227645 0.830663 14.3623 0 0
-52.7323 -22.5383 22.2577 -0.559153 -0.0209706 0.828799 14.5804 0 0
-52.3375 -21.528 22.5692 -0.560957 -0.0191391 0.827624 14.7824 0 0
-52.09 -20.5501 22.7437 -0.561701 -0.0174284 0.827156 15.0441 0 0
-51.9249 -19.2231 22.8711 -0.561464 -0.0158996 0.827348 15.3041 0 0
-52.0467 -17.8855 22.8075 -0.560345 -0.0145335 0.828132 15.5998 0 0
-52.5925 -16.4973 22.4708 -0.558407 -0.0132729 0.829461 15.8349 0 0
-53.3155 -15.6635 21.9947 -0.555663 -0.0120804 0.83132 15.8664 0 0
-53.4223 -15.5602 21.9247 -0.552117 -0.0109904 0.833694 16.0037 0 0
-52.9941 -15.0647 22.2171 -0.547827 -0.0101167 0.83653 16.3574 0 0
-54.2982 -14.0581 21.3652 -0.542971 -0.00960872 0.839696 16.5561 0 0
-55.1206 -13.6513 20.8285 -0.537872 -0.00958778 0.842972 16.7519 0 0
-56.0077 -13.5103 20.2479 -0.532981 -0.0101115 0.846067 17.0161 0 0
-57.2718 -13.8436 19.4778 -0.528802 -0.0111795 0.848672 17.2347 0 0
-58.0704 -14.6533 18.9861 -0.525775 -0.0127561 0.850528 17.4754 0 0
-58.5256 -15.9202 18.7127 -0.524172 -0.014778 0.851484 17.6559 0 0
-58.5952 -16.9394 18.6429 -0.524047 -0.0171392 0.851517 17.9871 0 0
-58.2658 -18.8109 18.7918 -0.525292 -0.0196789 0.850694 18.2207 0 0
-57.8263 -20.0652 19.0318 -0.527738 -0.0221929 0.849117 18.4774 0 0
-57.3457 -21.4105 19.3048 -0.531222 -0.0244638 0.84688 18.7971 0 0
-56.6855 -23.0158 19.6592 -0.535582 -0.0262835 0.844074 18.9825 0 0
-56.2324 -23.9307 19.9144 -0.540595 -0.0274682 0.840834 19.1813 0 0
-55.7022 -24.8549 20.2155 -0.545945 -0.0278836 0.837357 19.4062 0 0
-54.7854 -25.4773 20.7737 -0.551246 -0.0274876 0.83389 19.6734 0 0
-53.5931 -25.1555 21.5613 -0.556109 -0.026359 0.830691 19.8667 0 0
-53.0122 -24.4073 21.9918 -0.560211 -0.0246851 0.827982 20.0583 0 0
-52.543 -23.5961 22.3506 -0.563359 -0.0227138 0.8259 20.3771 0 0
-51.9251 -22.1548 22.8447 -0.565539 -0.0207004 0.824461 20.5838 0 0
-51.6098 -21.1909 23.0742 -0.566932 -0.018864 0.823548 20.8426 0 0
-51.4099 -19.9007 23.222 -0.567861 -0.0173521 0.822941 21.1261 0 0
-51.3422 -18.4461 23.2874 -0.568687 -0.0162139 0.822394 21.4462 0 0
-51.6951 -16.8416 23.0721 -0.56967 -0.0154026 0.821729 21.718 0 0
-52.3702 -15.6976 22.6281 -0.570889 -0.0148245 0.820893 21.7741 0 0
-52.5539 -15.5045 22.507 -0.572249 -0.014417 0.819953 21.9207 0 0
-52.0169 -15.1079 22.8829 -0.573568 -0.0142017 0.819035 22.2785 0 0
-51.1242 -16.5737 23.482 -0.574662 -0.0142655 0.818266 22.4782 0 0
-50.8433 -17.5331 23.6585 -0.575359 -0.0146899 0.817769 22.68 0 0
-50.7351 -18.5558 23.7107 -0.575461 -0.0154891 0.817683 22.892 0 0
-50.7909 -19.6536 23.6575 -0.574724 -0.0165965 0.818179 23.1898 0 0
-51.0273 -21.1874 23.4799 -0.572899 -0.0178898 0.819431 23.4371 0 0
-51.365 -22.3727 23.2348 -0.569822 -0.0192263 0.821543 23.6422 0 0
-51.7086 -23.2973 22.9561 -0.565498 -0.0204738 0.824496 23.8416 0 0
-52.1435 -24.1462 22.6131 -0.56012 -0.0215263 0.828132 24.2257 0 0
-53.1585 -25.6855 21.8506 -0.554009 -0.0223038 0.832212 24.5667 0 0
-54.5516 -26.3649 20.8985 -0.547521 -0.0227469 0.836483 24.8607 0 0
-55.8047 -25.7814 20.1152 -0.540967 -0.0228214 0.840734 25.0461 0 0
-56.3957 -25.0142 19.7843 -0.534597 -0.0225208 0.844807 25.2345 0 0
-56.8326 -24.1213 19.5369 -0.528632 -0.0218579 0.84857 25.4144 0 0
-57.2437 -23.2413 19.2976 -0.523298 -0.0208568 0.851894 25.649 0 0
-57.7476 -22.0131 19.0383 -0.518852 -0.0195669 0.85464 25.8627 0 0
-58.1616 -20.8845 18.816 -0.515564 -0.018086 0.85666 26.0652 0 0
-58.5627 -19.8067 18.6044 -0.513685 -0.0165579 0.857819 26.2887 0 0
-58.9607 -18.6064 18.3896 -0.513386 -0.0151293 0.858024 26.509 0 0
-59.1924 -17.3536 18.2837 -0.514709 -0.0138974 0.857252 26.7466 0 0
-59.1838 -15.9806 18.3261 -0.517534 -0.0128865 0.855566 26.99 0 0
-58.85 -14.6531 18.5155 -0.521587 -0.0120614 0.853113 27.2765 0 0
-57.9059 -13.4073 19.0944 -0.526481 -0.0113594 0.850111 27.4953 0 0
-56.9262 -12.9011 19.6979 -0.531745 -0.0107231 0.846837 27.788 0 0
-55.5225 -12.7859 20.5751 -0.536879 -0.0101309 0.843598 27.9865 0 0
-54.6349 -13.0731 21.1562 -0.541405 -0.00961494 0.840707 28.2554 0 0
-53.5604 -13.7494 21.8545 -0.544914 -0.00925812 0.838441 28.4895 0 0
-52.7046 -14.4372 22.4193 -0.547103 -0.00916263 0.837015 28.5308 0 0
-52.5624 -14.5662 22.5125 -0.54779 -0.00939738 0.836563 28.6761 0 0
-52.2238 -13.9391 22.749 -0.546935 -0.00994134 0.837116 28.8863 0 0
-52.974 -13.3579 22.2449 -0.544641 -0.0106595 0.838602 29.0924 0 0
-53.7441 -12.7934 21.7406 -0.541138 -0.0113466 0.840857 29.3148 0 0
-54.6396 -12.2722 21.1633 -0.536731 -0.0118236 0.843671 29.5117 0 0
-55.5015 -12.0092 20.6084 -0.531753 -0.0120241 0.846814 29.8452 0 0
-57.0281 -12.1704 19.6488 -0.526545 -0.0120163 0.850062 30.0327 0 0
-57.8736 -12.5307 19.1318 -0.52146 -0.0119587 0.853192 30.2415 0 0
-58.7147 -13.1796 18.6033 -0.51686 -0.0120256 0.855986 30.4459 0 0
-59.352 -14.1133 18.2168 -0.513075 -0.0123449 0.858255 30.7914 0 0
-59.846 -16.078 17.938 -0.510356 -0.012973 0.859865 30.9896 0 0
-59.859 -17.2064 17.9039 -0.508848 -0.0139003 0.860744 31.2748 0 0
-59.5464 -18.8343 18.0535 -0.508616 -0.0150627 0.860862 31.4815 0 0
-59.157 -19.955 18.263 -0.509706 -0.0163508 0.860193 31.8073 0 0
-58.5056 -21.6732 18.5945 -0.512179 -0.0176263 0.858698 32.1024 0 0
-57.8919 -23.2458 18.9093 -0.516089 -0.0187583 0.856329 32.3049 0 0
-57.4336 -24.2999 19.1642 -0.521412 -0.0196603 0.853078 32.4829 0 0
-57.0363 -25.1917 19.3907 -0.527978 -0.0202981 0.849015 32.6758 0 0
-56.5025 -26.0504 19.6817 -0.535466 -0.020664 0.844304 32.8841 0 0
-55.7339 -26.7581 20.1254 -0.543468 -0.0207467 0.839174 33.238 0 0
-54.1228 -27.1119 21.1594 -0.551564 -0.020531 0.83388 33.4673 0 0
-53.1881 -26.6318 21.8136 -0.559371 -0.0200247 0.828675 33.7298 0 0
-52.3335 -25.7272 22.4338 -0.566543 -0.0192794 0.823807 33.966 0 0
-51.7429 -24.7217 22.8793 -0.572751 -0.0183752 0.819524 34.1846 0 0
-51.2611 -23.7601 23.2574 -0.577701 -0.0173756 0.816063 34.4625 0 0
-50.7825 -22.4892 23.6469 -0.581184 -0.0162937 0.813609 34.7837 0 0
-50.4041 -20.9727 23.9228 -0.583118 -0.0151011 0.812247 35.1056 0 0
-50.1837 -19.3424 24.1127 -0.583563 -0.0137773 0.811951 35.3283 0 0
-50.17 -18.1994 24.1362 -0.582683 -0.0123564 0.812606 35.6053 0 0
-50.4163 -16.8217 23.9884 -0.58068 -0.0109367 0.814059 35.8645 0 0
-50.848 -15.6522 23.6943 -0.577747 -0.00965247 0.816159 36.1267 0 0
-51.5619 -14.6578 23.2101 -0.574043 -0.00863596 0.81878 36.1973 0 0
-51.7685 -14.4117 23.0662 -0.569683 -0.00799502 0.821825 36.3494 0 0
-51.2433 -13.9911 23.4307 -0.564749 -0.00780871 0.825226 36.604 0 0
-52.0645 -13.1937 22.8635 -0.559295 -0.00812269 0.828929 36.8629 0 0
-53.0087 -12.5149 22.2258 -0.553385 -0.0089245 0.832878 37.0966 0 0
-53.9003 -11.8781 21.6492 -0.54712 -0.0101048 0.836993 37.3082 0 0
-54.7708 -11.4307 21.0865 -0.540657 -0.0114451 0.841165 37.4987 0 0
-55.6188 -11.2212 20.5479 -0.534192 -0.0126702 0.845268 37.6954 0 0
-56.5084 -11.2806 19.9788 -0.527918 -0.0135541 0.849187 37.8924 0 0
-57.422 -11.5469 19.4239 -0.521998 -0.014021 0.852831 38.1516 0 0
-58.5529 -12.144 18.7286 -0.516577 -0.0141789 0.856123 38.3404 0 0
-59.3064 -12.7657 18.2703 -0.511805 -0.0142655 0.858983 38.522 0 0
-59.858 -13.5819 17.9303 -0.507855 -0.0145319 0.86132 38.8332 0 0
-60.3783 -15.307 17.6203 -0.504896 -0.0151301 0.863048 39.0147 0 0
-60.512 -16.3988 17.5513 -0.503046 -0.0160631 0.86411 39.3037 0 0
-60.3903 -18.0722 17.5931 -0.502328 -0.0172162 0.864506 39.513 0 0
-60.0808 -19.2414 17.7501 -0.50266 -0.0184328 0.864288 39.7333 0 0
-59.6323 -20.416 17.9825 -0.503906 -0.0195807 0.863536 39.9107 0 0
-59.2682 -21.3614 18.1617 -0.505957 -0.0205826 0.862313 40.1285 0 0
-58.8253 -22.5424 18.3794 -0.508793 -0.0214169 0.860622 40.3304 0 0
-58.3945 -23.6169 18.5985 -0.512484 -0.0221033 0.858412 40.5284 0 0
-57.9506 -24.6537 18.8472 -0.517126 -0.0226799 0.855609 40.7291 0 0
-57.5113 -25.666 19.0909 -0.522754 -0.0231805 0.852169 40.9537 0 0
-56.882 -26.6715 19.4345 -0.529275 -0.0236203 0.848121 41.1693 0 0
-56.0771 -27.4102 19.8898 -0.536459 -0.0239931 0.843585 41.3574 0 0
-55.2511 -27.7803 20.4109 -0.543974 -0.0242678 0.838751 41.5477 0 0
-54.389 -27.8815 20.9659 -0.551472 -0.0243832 0.833837 41.7546 0 0
-53.491 -27.6656 21.5733 -0.558664 -0.0242542 0.829039 42.0007 0 0
-52.5445 -27.0091 22.2497 -0.565365 -0.0237975 0.824498 42.208 0 0
-51.8974 -26.247 22.7298 -0.571482 -0.0229694 0.820293 42.4188 0 0
-51.3607 -25.3678 23.1346 -0.576974 -0.0217957 0.816472 42.6403 0 0
-50.8763 -24.3946 23.5144 -0.581798 -0.0203758 0.813078 42.8648 0 0
-50.457 -23.392 23.8498 -0.585887 -0.0188545 0.810173 43.0832 0 0
-50.1336 -22.3848 24.1168 -0.589159 -0.0173686 0.807831 43.2886 0 0
-49.9075 -21.4204 24.2863 -0.59154 -0.0159977 0.806117 43.4974 0 0
-49.752 -20.3948 24.423 -0.592996 -0.0147488 0.80507 43.6998 0 0
-49.617 -19.3962 24.5406 -0.59352 -0.0135878 0.804704 43.9088 0 0
-49.5818 -18.3566 24.5766 -0.593106 -0.0124914 0.805028 44.132 0 0
-49.7108 -17.2574 24.4989 -0.591724 -0.0114792 0.806059 44.376 0 0
-49.9979 -16.104 24.3065 -0.589328 -0.0106068 0.807824 44.6556 0 0
-50.582 -14.9354 23.9005 -0.585881 -0.00993249 0.810336 44.8113 0 0
-50.9786 -14.3522 23.6149 -0.581379 -0.00949173 0.813578 44.9671 0 0
-50.3921 -14.0934 24.0491 -0.575861 -0.00929616 0.817495 45.3233 0 0
-51.3581 -12.8321 23.3485 -0.569427 -0.0093523 0.821989 45.58 0 0
-52.3057 -12.189 22.7086 -0.562232 -0.00967678 0.826923 45.8269 0 0
-53.1985 -11.4872 22.1143 -0.554473 -0.0102814 0.832138 46.0321 0 0
-54.0232 -11.0236 21.579 -0.546341 -0.0111254 0.837489 46.24 0 0
-54.881 -10.5984 21.0227 -0.537986 -0.012075 0.842868 46.5947 0 0
-56.4814 -10.5165 20.0069 -0.529528 -0.0129252 0.848194 46.7951 0 0
-57.4026 -10.7801 19.4482 -0.521129 -0.0134899 0.853371 47.0007 0 0
-58.316 -11.1968 18.8925 -0.513061 -0.0137053 0.858243 47.218 0 0
-59.2424 -11.784 18.3379 -0.505721 -0.0136779 0.862589 47.3994 0 0
-59.9195 -12.4272 17.9257 -0.499551 -0.0136452 0.866177 47.5751 0 0
-60.4406 -13.2188 17.6062 -0.494927 -0.0138697 0.868824 47.7866 0 0
-60.8131 -14.363 17.3852 -0.492059 -0.0145238 0.870441 47.9986 0 0
-61.1387 -15.5788 17.2152 -0.490959 -0.0156254 0.871043 48.2671 0 0
-61.124 -17.1903 17.2006 -0.491459 -0.0170525 0.870733 48.4681 0 0
-60.9844 -18.3563 17.2586 -0.493257 -0.0186134 0.869685 48.6601 0 0
-60.6686 -19.4297 17.4153 -0.495997 -0.0201216 0.868091 48.9732 0 0
-60.0283 -21.1046 17.7282 -0.499384 -0.0214345 0.866115 49.1633 0 0
-59.5979 -22.1448 17.9429 -0.503267 -0.0224614 0.863839 49.3805 0 0
-59.1618 -23.3623 18.1562 -0.507661 -0.0231645 0.861246 49.6299 0 0
-58.5807 -24.6766 18.4625 -0.51269 -0.0235594 0.85825 49.9601 0 0
-57.8569 -26.4052 18.8602 -0.518482 -0.0237085 0.85476 50.1775 0 0
-57.1988 -27.354 19.2257 -0.525068 -0.0236975 0.85073 50.3923 0 0
-56.3719 -28.0641 19.6923 -0.532333 -0.0236053 0.846206 50.5913 0 0
-55.4913 -28.4828 20.239 -0.540034 -0.02348 0.841316 50.777 0 0
-54.6441 -28.6104 20.7806 -0.547853 -0.0233279 0.836249 50.9768 0 0
-53.748 -28.5186 21.3757 -0.555465 -0.0231153 0.831218 51.1918 0 0
-52.8526 -28.1326 21.9958 -0.562591 -0.0227819 0.826421 51.3999 0 0
-52.0843 -27.5439 22.5618 -0.569022 -0.0222612 0.822021 51.6687 0 0
-51.2903 -26.5391 23.1533 -0.574626 -0.021507 0.818133 51.9463 0 0
-50.6562 -25.3495 23.6432 -0.579347 -0.0205172 0.814823 52.1554 0 0
-50.2146 -24.441 23.9923 -0.583182 -0.0193431 0.812111 52.4054 0 0
-49.8038 -23.3056 24.3267 -0.58618 -0.0180748 0.809979 52.6534 0 0
-49.453 -22.1658 24.6189 -0.58842 -0.0168077 0.808381 52.9163 0 0
-49.2549 -20.8856 24.7882 -0.590006 -0.0156108 0.807248 53.1327 0 0
-49.0926 -19.8456 24.9285 -0.591054 -0.0145167 0.806501 53.4111 0 0
-49.0023 -18.4938 25.0086 -0.591686 -0.0135354 0.806055 53.6189 0 0
-49.0896 -17.4802 24.954 -0.592017 -0.0126737 0.805826 53.8447 0 0
-49.3059 -16.404 24.8134 -0.592152 -0.0119441 0.805738 54.0618 0 0
-49.5932 -15.4088 24.619 -0.592179 -0.0113627 0.805726 54.3453 0 0
-50.2501 -14.3039 24.1511 -0.592177 -0.0109454 0.805734 54.3751 0 0
-50.3231 -14.1906 24.099 -0.592215 -0.0107136 0.805709 54.5293 0 0
-49.8474 -13.7299 24.453 -0.592351 -0.0106998 0.805609 54.7684 0 0
-49.2528 -14.6274 24.8777 -0.592612 -0.0109435 0.805414 55.0719 0 0
-48.8269 -15.9934 25.1725 -0.592976 -0.0114714 0.805139 55.304 0 0
-48.5132 -17.0471 25.3856 -0.593371 -0.0122744 0.804836 55.584 0 0
-48.3544 -18.4012 25.4868 -0.5937 -0.0133013 0.804577 55.8033 0 0
-48.3828 -19.4763 25.4553 -0.593856 -0.0144741 0.804441 56.0555 0 0
-48.6296 -20.6721 25.2549 -0.593721 -0.0157153 0.804518 56.3922 0 0
-48.6791 -22.3249 25.2028 -0.593145 -0.0169679 0.804917 56.6134 0 0
-49.1683 -23.2021 24.7959 -0.591935 -0.0181998 0.805781 56.8262 0 0
-49.4441 -24.2054 24.5636 -0.589872 -0.0193912 0.807264 57.0533 0 0
-49.8496 -25.2246 24.2423 -0.586755 -0.0205187 0.809504 57.252 0 0
-50.3123 -26.0299 23.88 -0.582449 -0.0215417 0.812582 57.4704 0 0
-50.6041 -27.0703 23.6317 -0.576908 -0.0223993 0.816502 57.8311 0 0
-51.6591 -28.3425 22.8404 -0.570203 -0.0230243 0.821181 58.1435 0 0
-52.8361 -29.0231 21.9792 -0.562531 -0.0233782 0.826446 58.3429 0 0
-53.6503 -29.4163 21.4161 -0.554215 -0.023488 0.832042 58.5501 0 0
-54.571 -29.5122 20.8041 -0.545662 -0.0234564 0.837677 58.7629 0 0
-55.5377 -29.3495 20.1876 -0.537286 -0.0234261 0.843075 58.954 0 0
-56.3562 -28.9184 19.6778 -0.529419 -0.0235154 0.848034 59.2445 0 0
-57.5391 -27.9744 19.002 -0.522257 -0.0237599 0.852457 59.5653 0 0
-58.5467 -26.5623 18.437 -0.515843 -0.0240917 0.856344 59.8357 0 0
-59.1927 -25.1688 18.0824 -0.510109 -0.0243568 0.859765 60.0114 0 0
-59.5179 -24.183 17.9235 -0.504928 -0.0243577 0.862818 60.3055 0 0
-60.0625 -22.5455 17.6589 -0.500193 -0.023912 0.865584 60.4993 0 0
-60.6427 -21.5463 17.3627 -0.495891 -0.0229217 0.868082 60.6664 0 0
-60.9769 -20.5796 17.2103 -0.492147 -0.0214272 0.870248 60.8369 0 0
-61.3262 -19.6438 17.0365 -0.489203 -0.0196117 0.871949 61.106 0 0
-61.6696 -18.1084 16.8863 -0.487338 -0.017741 0.873033 61.3266 0 0
-61.8947 -16.8315 16.7867 -0.48677 -0.0160675 0.873382 61.5085 0 0
-61.8747 -15.7519 16.8196 -0.487596 -0.0147462 0.872945 61.7367 0 0
-61.64 -14.4225 16.9498 -0.489791 -0.013796 0.871731 61.9493 0 0
-61.3564 -13.2072 17.0888 -0.49324 -0.0131147 0.869794 62.1745 0 0
-60.7073 -12.1023 17.4839 -0.497774 -0.0125355 0.867216 62.3665 0 0
-59.9463 -11.4858 17.9318 -0.503196 -0.011905 0.86409 62.5976 0 0
-59.052 -10.7035 18.4701 -0.509307 -0.0111411 0.860513 62.8351 0 0
-58.0286 -10.1252 19.0811 -0.515938 -0.0102348 0.856565 63.0286 0 0
-57.1671 -9.75303 19.6053 -0.522973 -0.00920624 0.852299 63.2738 0 0
-56.0285 -9.70298 20.3032 -0.530336 -0.00806441 0.847749 63.4932 0 0
-55.0268 -9.70117 20.9365 -0.537955 -0.00680906 0.842946 63.6979 0 0
-54.2251 -10.1879 21.4546 -0.54573 -0.00546036 0.837943 63.892 0 0
-53.4012 -10.5014 21.9935 -0.55354 -0.00407394 0.832813 64.1085 0 0
-52.6272 -11.1754 22.5021 -0.561266 -0.00272174 0.827631 64.3645 0 0
-51.6362 -11.7814 23.1675 -0.568837 -0.00145614 0.822449 64.5946 0 0
-50.8202 -12.4247 23.7376 -0.576243 -0.000286706 0.817278 64.7602 0 0
-50.3365 -13.0095 24.0939 -0.583522 0.000816835 0.812097 64.8025 0 0
-50.2585 -13.1923 24.1524 -0.590716 0.00190301 0.806841 64.8025 0 0
