54.666 27.5276 23.0806 0.579177 0.0401409 0.81421 0 1 0
54.8937 29.0544 22.8345 0.579085 0.035718 0.814484 0.504802 0 0
55.5056 28.1321 22.4578 0.57883 0.0318188 0.814828 0.729778 0 0
55.0259 27.0749 22.8396 0.578385 0.0286893 0.815259 0.811703 0 0
54.6914 27.2085 23.0778 0.577828 0.0264614 0.81573 0.953638 0 0
54.2131 26.7646 23.4287 0.577319 0.0251384 0.816131 1.14991 0 0
54.8377 26.0836 22.9888 0.57704 0.0246139 0.816345 1.34669 0 0
55.6458 26.4452 22.4109 0.577112 0.024694 0.816291 1.62165 0 0
56.0707 27.8182 22.0808 0.577561 0.0251211 0.815961 1.83325 0 0
55.9124 28.942 22.1397 0.578304 0.0256162 0.815419 2.0256 0 0
55.2701 29.6812 22.5554 0.579162 0.0259479 0.814799 2.30166 0 0
54.0693 29.2606 23.4304 0.579885 0.0259974 0.814284 2.49271 0 0
53.992 28.2315 23.5297 0.580219 0.0257788 0.814052 2.68763 0 0
54.0638 27.1992 23.5231 0.579992 0.0254016 0.814226 2.72716 0 0
54.0801 26.9944 23.5213 0.579181 0.0249985 0.814816 2.87968 0 0
53.4776 26.7504 23.9674 0.577942 0.0246568 0.815705 3.1024 0 0
53.8117 25.6896 23.7344 0.576594 0.0243872 0.816667 3.44063 0 0
55.2402 25.2512 22.715 0.575554 0.0241416 0.817408 3.66692 0 0
56.1311 25.8455 22.0899 0.575232 0.0238623 0.817642 3.88673 0 0
56.6052 26.872 21.7417 0.575912 0.0235309 0.817173 4.17366 0 0
56.6841 28.4098 21.6294 0.577658 0.0231825 0.81595 4.35862 0 0
56.408 29.3793 21.7862 0.580318 0.0228767 0.814069 4.58764 0 0
55.6677 30.2948 22.2629 0.583576 0.0226483 0.811743 4.87107 0 0
54.4544 30.8128 23.1108 0.587021 0.0224835 0.80926 5.05836 0 0
53.6439 30.8778 23.7089 0.590178 0.0223411 0.806964 5.26592 0 0
53.4232 29.8122 23.895 0.592549 0.0221985 0.805228 5.50651 0 0
53.3693 28.5163 23.9704 0.593686 0.0220834 0.804393 5.69506 0 0
53.4113 27.511 23.9784 0.593289 0.0220692 0.804687 5.84221 0 0
52.8037 27.5024 24.4392 0.591286 0.0222436 0.806155 6.06314 0 0
52.8795 26.3687 24.4192 0.587866 0.0226784 0.80864 6.40876 0 0
53.5447 24.8253 23.9449 0.583454 0.0234105 0.811809 6.60331 0 0
54.3328 24.447 23.3827 0.578644 0.0244288 0.815215 6.8149 0 0
55.2462 24.4299 22.7356 0.574097 0.0256634 0.818385 7.03658 0 0
56.1908 24.7777 22.0866 0.570428 0.0269808 0.820904 7.2261 0 0
56.803 25.4666 21.6463 0.568104 0.028197 0.822473 7.4312 0 0
57.2049 26.4954 21.3405 0.567387 0.0291194 0.822936 7.64447 0 0
57.3762 27.6754 21.193 0.56832 0.0296073 0.822275 7.9743 0 0
57.1414 29.5008 21.2713 0.570771 0.0296175 0.820575 8.15235 0 0
56.6737 30.3469 21.565 0.574483 0.0292034 0.817996 8.34284 0 0
55.9486 30.9816 22.0474 0.579121 0.0284726 0.814744 8.54733 0 0
55.0728 31.3796 22.6527 0.584313 0.0275395 0.811061 8.75863 0 0
54.1819 31.6857 23.2906 0.589668 0.0265004 0.807211 8.98737 0 0
53.2593 32.1265 23.9642 0.594814 0.0254302 0.803461 9.19707 0 0
52.9017 31.1103 24.2555 0.599408 0.024388 0.800072 9.39385 0 0
52.8317 30.0682 24.3418 0.603132 0.0234285 0.797297 9.72029 0 0
52.7968 28.3396 24.4244 0.605672 0.0226199 0.795393 9.76917 0 0
52.8037 28.0859 24.4268 0.60671 0.0220557 0.794617 9.91538 0 0
52.2139 28.1942 24.8865 0.605977 0.0218422 0.795182 10.1682 0 0
52.2284 26.9182 24.9029 0.603337 0.0220598 0.797182 10.3722 0 0
52.2817 25.8845 24.8908 0.598875 0.022723 0.80052 10.5891 0 0
52.6242 24.8789 24.6466 0.592943 0.0237674 0.804894 10.8616 0 0
53.4675 23.91 24.0249 0.586123 0.0250665 0.809835 11.1871 0 0
54.8465 23.5935 23.0347 0.579138 0.0264574 0.8148 11.4043 0 0
55.8077 23.7383 22.3781 0.572729 0.0277635 0.819275 11.6198 0 0
56.7059 24.1741 21.7579 0.567534 0.0288151 0.822846 11.8109 0 0
57.3356 24.9035 21.3191 0.56402 0.0294768 0.825235 11.9931 0 0
57.7394 25.7997 21.0208 0.562448 0.0296797 0.8263 12.2371 0 0
57.9935 27.1457 20.8081 0.562869 0.0294485 0.826021 12.4817 0 0
58.0014 28.5172 20.7577 0.565155 0.028903 0.824478 12.7976 0 0
57.5974 30.2237 20.9273 0.569058 0.0282193 0.821813 13.0969 0 0
56.5749 31.4924 21.6033 0.574259 0.0275636 0.81821 13.2865 0 0
55.7694 31.9241 22.136 0.580378 0.02703 0.813898 13.5046 0 0
54.8101 32.2449 22.8081 0.586985 0.0266133 0.80916 13.7252 0 0
53.8905 32.601 23.484 0.593624 0.0262282 0.804315 13.9454 0 0
53.0109 33.0055 24.1283 0.599868 0.0257609 0.799684 14.1544 0 0
52.2293 33.5787 24.6934 0.605375 0.0251233 0.795544 14.3617 0 0
52.059 32.4721 24.8675 0.609914 0.0242835 0.792095 14.5806 0 0
52.1955 31.2965 24.7971 0.613355 0.0232682 0.789465 14.832 0 0
52.2361 29.9768 24.8122 0.615617 0.0221559 0.787734 15.0773 0 0
52.2286 28.717 24.8654 0.61663 0.0210714 0.786971 15.2283 0 0
51.6473 28.892 25.3265 0.616302 0.0201768 0.787252 15.5002 0 0
51.6108 27.5219 25.3747 0.614536 0.0196456 0.788644 15.7099 0 0
51.6217 26.4552 25.3928 0.611278 0.0196166 0.791173 15.929 0 0
51.7428 25.3506 25.3244 0.606568 0.0201467 0.794777 16.151 0 0
52.0884 24.3152 25.0711 0.600581 0.0211856 0.799283 16.3439 0 0
52.6127 23.5622 24.6842 0.593627 0.0225934 0.804423 16.5756 0 0
53.4877 23.0494 24.0376 0.586102 0.0241899 0.809876 16.797 0 0
54.4149 22.8132 23.3715 0.578431 0.0258049 0.815323 17.0598 0 0
55.5524 22.8726 22.5843 0.571022 0.0272989 0.820481 17.2925 0 0
56.5643 23.1789 21.8928 0.564272 0.02856 0.825095 17.4868 0 0
57.3567 23.6606 21.3518 0.558588 0.0295078 0.82892 17.7243 0 0
58.033 24.6925 20.8741 0.554391 0.0301155 0.831711 17.9293 0 0
58.4521 25.7394 20.5632 0.552061 0.030433 0.833248 18.2379 0 0
58.6773 27.4867 20.3546 0.551845 0.0305799 0.833386 18.4931 0 0
58.6163 28.9307 20.3418 0.553799 0.0306948 0.832085 18.6944 0 0
58.4291 30.0608 20.4081 0.557807 0.0308612 0.829397 18.94 0 0
57.7525 31.2952 20.8103 0.563674 0.0310551 0.825413 19.1594 0 0
56.9683 32.1573 21.314 0.571202 0.0311558 0.820218 19.4905 0 0
55.5071 32.7915 22.2829 0.580175 0.0310115 0.813901 19.7016 0 0
54.591 33.1117 22.947 0.590285 0.0304999 0.806619 19.9291 0 0
53.6592 33.5189 23.622 0.601068 0.0295398 0.798652 20.1395 0 0
52.8352 34.0075 24.217 0.611919 0.0280667 0.790422 20.3559 0 0
52.0707 34.7028 24.7604 0.622183 0.0260256 0.782439 20.6192 0 0
51.4935 35.9669 25.1853 0.631297 0.0234019 0.775188 20.848 0 0
51.2928 37.1918 25.3266 0.638917 0.0202637 0.769008 21.0616 0 0
51.2477 38.3455 25.3383 0.645 0.0167725 0.763998 21.2634 0 0
51.3021 39.4286 25.2495 0.649791 0.0131569 0.759999 21.4474 0 0
51.395 40.4332 25.1366 0.653742 0.00967222 0.756656 21.6779 0 0
51.451 41.733 25.0788 0.657366 0.00656154 0.753543 21.9041 0 0
51.3884 42.9985 25.1403 0.661096 0.00400986 0.75029 22.1652 0 0
51.2205 44.3911 25.2965 0.66519 0.00209406 0.746672 22.3695 0 0
51.0334 45.457 25.4654 0.669703 0.000752846 0.742629 22.5647 0 0
50.8682 46.5124 25.6156 0.674521 -0.00019581 0.738255 22.8712 0 0
50.3669 48.0561 26.0775 0.679404 -0.000986642 0.733764 23.1449 0 0
49.3601 48.6205 27.0293 0.684029 -0.00180984 0.729452 23.3399 0 0
48.618 48.6432 27.7498 0.688052 -0.00271833 0.725657 23.5325 0 0
48.1801 47.8738 28.1804 0.691192 -0.00357973 0.722662 23.7509 0 0
48.0819 46.7614 28.2861 0.693325 -0.00410643 0.720613 23.9895 0 0
48.0546 45.5599 28.2979 0.694495 -0.00396602 0.719487 24.1914 0 0
48.0465 44.5337 28.2932 0.694834 -0.00293043 0.719164 24.5277 0 0
48.0666 42.8062 28.2454 0.694457 -0.000991764 0.719533 24.8826 0 0
47.9959 41.0178 28.2636 0.693385 0.00162309 0.720565 25.1779 0 0
47.8533 39.5196 28.3446 0.691537 0.00455251 0.722326 25.3983 0 0
47.7534 38.3307 28.4542 0.688764 0.00745283 0.724947 25.6376 0 0
47.5338 37.0788 28.6991 0.684923 0.0101106 0.728545 25.908 0 0
47.3143 35.721 28.9725 0.679968 0.0124647 0.733136 26.1435 0 0
48.1269 35.6879 28.186 0.674016 0.0145521 0.738573 26.3472 0 0
48.8794 35.527 27.5061 0.667373 0.0164226 0.744543 26.6432 0 0
49.9176 35.0004 26.5809 0.660486 0.0180704 0.750621 26.8765 0 0
50.6267 34.2847 25.9467 0.653862 0.0194155 0.756365 27.0549 0 0
51.0744 33.4673 25.6206 0.647941 0.0203393 0.761419 27.4103 0 0
51.5554 31.6458 25.3046 0.642978 0.0207537 0.765604 27.6126 0 0
51.6318 30.595 25.271 0.638963 0.0206689 0.76896 27.8412 0 0
51.6525 29.4067 25.3016 0.63562 0.0202284 0.771737 27.995 0 0
51.0548 29.5798 25.7726 0.632479 0.0196871 0.774328 28.2331 0 0
51.0346 28.3612 25.8272 0.628996 0.0193393 0.777168 28.4877 0 0
50.9964 27.0668 25.8916 0.624688 0.0194275 0.780633 28.789 0 0
51.0596 25.5602 25.8606 0.619239 0.0200724 0.784946 29.1019 0 0
51.4492 24.0458 25.5814 0.612572 0.0212479 0.790129 29.3 0 0
51.9118 23.2309 25.2228 0.604843 0.0228033 0.796018 29.517 0 0
52.6465 22.5817 24.6781 0.59638 0.0245203 0.802328 29.7356 0 0
53.5097 22.1881 24.0509 0.587594 0.0261808 0.808732 29.9846 0 0
54.5406 21.9648 23.3052 0.578889 0.0276191 0.814938 30.1945 0 0
55.4534 22.0517 22.6859 0.57061 0.0287489 0.820718 30.4389 0 0
56.4949 22.3427 21.9729 0.563022 0.0295598 0.825913 30.6425 0 0
57.3654 22.6916 21.3865 0.556321 0.0300915 0.830422 30.8539 0 0
58.1292 23.3837 20.8585 0.550669 0.0304004 0.83417 31.0881 0 0
58.7343 24.4826 20.4261 0.546232 0.0305435 0.837077 31.265 0 0
59.07 25.4271 20.1807 0.543199 0.0305852 0.839047 31.4677 0 0
59.3289 26.549 19.9718 0.541763 0.0306047 0.839974 31.6547 0 0
59.3586 27.6201 19.9196 0.542077 0.0306844 0.839769 31.9481 0 0
59.2547 29.2979 19.9239 0.544192 0.0308795 0.838392 32.1284 0 0
59.0851 30.3319 19.9873 0.548009 0.0311841 0.835891 32.3867 0 0
58.3888 31.6567 20.3802 0.553269 0.0315166 0.832406 32.5837 0 0
57.7426 32.5238 20.782 0.559591 0.0317414 0.828161 32.765 0 0
56.994 33.0728 21.255 0.566544 0.0317164 0.823421 32.9725 0 0
56.0518 33.4559 21.8817 0.573737 0.0313314 0.81844 33.2161 0 0
54.966 33.7867 22.6423 0.580889 0.0305093 0.81341 33.483 0 0
53.8402 34.2396 23.4569 0.587872 0.0291849 0.808427 33.8023 0 0
52.6783 35.1708 24.2804 0.59469 0.0273021 0.803491 34.0006 0 0
52.1528 36.048 24.6399 0.601426 0.0248424 0.798542 34.1795 0 0
51.9024 37.0013 24.8098 0.608164 0.0218638 0.793511 34.3798 0 0
51.8325 38.1289 24.8365 0.614933 0.018511 0.788362 34.6055 0 0
51.9176 39.3837 24.7298 0.621709 0.0149836 0.783105 34.8328 0 0
52.0249 40.662 24.6041 0.628453 0.0114865 0.777763 35.0486 0 0
52.0791 41.8798 24.5565 0.63515 0.00819321 0.772345 35.2572 0 0
52.0255 43.0316 24.5894 0.641835 0.00523551 0.766825 35.4673 0 0
51.8697 44.1847 24.7329 0.648573 0.00270993 0.761148 35.6585 0 0
51.6991 45.1885 24.8859 0.655404 0.000685827 0.755278 35.9058 0 0
51.4769 46.4996 25.0758 0.662295 -0.000802029 0.749243 36.212 0 0
51.0927 48.1329 25.4271 0.669109 -0.00177721 0.743163 36.41 0 0
50.6228 48.9653 25.8583 0.675634 -0.00234509 0.737234 36.6468 0 0
49.7425 49.354 26.6761 0.681655 -0.00269496 0.731669 36.8656 0 0
48.9011 49.4797 27.4754 0.687025 -0.00306614 0.726627 37.0688 0 0
48.1609 49.4617 28.1942 0.691709 -0.00367141 0.722167 37.3005 0 0
47.6171 48.5611 28.7297 0.695781 -0.00459391 0.718239 37.5 0 0
47.5345 47.5495 28.8231 0.699383 -0.00571501 0.714724 37.7036 0 0
47.528 46.5284 28.8264 0.702642 -0.0067446 0.711511 37.9702 0 0
47.5122 45.1921 28.8355 0.705596 -0.00736835 0.708576 38.1729 0 0
47.5025 44.1817 28.8317 0.708162 -0.00743099 0.706011 38.4538 0 0
47.5202 42.7709 28.7978 0.710159 -0.00703094 0.704006 38.7507 0 0
47.4571 41.295 28.7973 0.711372 -0.00645884 0.702786 38.9483 0 0
47.3857 40.2767 28.8375 0.711596 -0.00602379 0.702564 39.2322 0 0
47.2695 38.796 28.9367 0.710675 -0.00588039 0.703496 39.4403 0 0
47.1336 37.7217 29.1032 0.708532 -0.00594629 0.705654 39.6397 0 0
46.8562 36.7833 29.3994 0.70518 -0.00592906 0.709004 39.8387 0 0
46.3951 36.0336 29.8746 0.700713 -0.00543492 0.713422 40.0765 0 0
45.7343 35.3328 30.505 0.695273 -0.00411874 0.718734 40.3705 0 0
46.6937 34.892 29.5471 0.68902 -0.00182328 0.72474 40.6058 0 0
47.5317 34.9199 28.7388 0.682151 0.00135043 0.731211 40.8335 0 0
48.3774 34.8822 27.9684 0.674929 0.00507489 0.737865 41.0401 0 0
49.131 34.678 27.2931 0.667694 0.00890849 0.744382 41.306 0 0
49.9883 33.9842 26.5274 0.660823 0.0124258 0.750439 41.5041 0 0
50.5006 33.194 26.1047 0.654656 0.0153099 0.755772 41.6988 0 0
50.8318 32.2303 25.8691 0.64942 0.017392 0.760231 41.9249 0 0
51.0083 31.0583 25.7624 0.645176 0.0186555 0.763806 42.0995 0 0
51.0366 30.1559 25.7642 0.641794 0.0192245 0.766636 42.2485 0 0
50.4521 30.0716 26.2556 0.638966 0.0193351 0.768992 42.5189 0 0
50.4492 28.6861 26.2945 0.636245 0.0192749 0.771247 42.793 0 0
50.3982 27.291 26.3787 0.633128 0.019293 0.773807 43.0026 0 0
50.3947 26.2367 26.4055 0.629163 0.0195132 0.777028 43.2416 0 0
50.51 25.0545 26.3207 0.624049 0.0199037 0.781132 43.4806 0 0
50.7401 23.8866 26.1552 0.617701 0.02033 0.78615 43.798 0 0
51.4679 22.583 25.5857 0.610254 0.020659 0.791936 44.0178 0 0
52.2039 21.9301 25.0317 0.602008 0.0208449 0.798218 44.3369 0 0
53.4403 21.3269 24.1353 0.593344 0.0209443 0.804676 44.5466 0 0
54.2873 21.1519 23.5119 0.584639 0.0210718 0.81102 44.7481 0 0
55.1535 21.1947 22.9178 0.576199 0.0213364 0.817031 44.9529 0 0
56.0199 21.3974 22.3256 0.568234 0.0217922 0.822578 45.2018 0 0
57.0746 21.7088 21.6131 0.560842 0.0224138 0.827619 45.4614 0 0
58.1415 22.2448 20.889 0.554028 0.0231046 0.832177 45.6488 0 0
58.7918 22.9305 20.4452 0.547749 0.0237457 0.836306 45.8245 0 0
59.2195 23.7832 20.1376 0.542008 0.0242675 0.840023 46.0013 0 0
59.5583 24.7354 19.8968 0.536948 0.0246995 0.843254 46.1804 0 0
59.8796 25.6986 19.6593 0.532882 0.0251593 0.845815 46.3756 0 0
60.0765 26.8228 19.5001 0.530235 0.0257876 0.847459 46.6042 0 0
59.9865 28.1509 19.5087 0.529412 0.0266685 0.847946 46.7973 0 0
59.9345 29.2719 19.5051 0.530676 0.0277826 0.847119 47.071 0 0
59.6727 30.8379 19.6261 0.534068 0.0290073 0.844944 47.2626 0 0
59.1625 31.7832 19.9086 0.539392 0.0301554 0.841515 47.4635 0 0
58.5282 32.7152 20.2495 0.546264 0.0310326 0.837038 47.6519 0 0
57.8294 33.5242 20.679 0.554195 0.0314891 0.831791 47.8591 0 0
56.8808 33.9866 21.293 0.562662 0.0314378 0.826089 48.0932 0 0
55.7998 34.3586 22.0121 0.571162 0.0308325 0.820258 48.2785 0 0
54.9668 34.5961 22.6106 0.579228 0.0296382 0.814627 48.5843 0 0
53.7008 35.1714 23.5166 0.586473 0.0278319 0.809491 48.891 0 0
52.7647 36.3675 24.1699 0.592677 0.0254281 0.805039 49.0731 0 0
52.5136 37.3128 24.3362 0.597883 0.0225006 0.801268 49.3248 0 0
52.4777 38.6911 24.3155 0.602416 0.0191832 0.797952 49.5141 0 0
52.6025 39.7116 24.185 0.606793 0.0156584 0.794706 49.8166 0 0
52.6783 41.3714 24.0696 0.611566 0.0121382 0.7911 50.0153 0 0
52.6957 42.5053 24.0528 0.617172 0.00882806 0.786779 50.2562 0 0
52.5466 43.8475 24.1732 0.623841 0.00588234 0.781529 50.436 0 0
52.3853 44.8292 24.2899 0.63159 0.00337515 0.775295 50.7426 0 0
52.0786 46.5146 24.5557 0.640238 0.00130658 0.768175 51.0279 0 0
51.7773 48.0469 24.826 0.649449 -0.000363644 0.760405 51.2359 0 0
51.4457 49.0944 25.1376 0.658777 -0.00168143 0.752336 51.4337 0 0
50.8668 49.8126 25.6378 0.667734 -0.00268336 0.744395 51.6582 0 0
50.0026 50.125 26.4374 0.675881 -0.00340726 0.737003 51.87 0 0
49.1862 50.2266 27.2056 0.682926 -0.00392202 0.730477 52.1056 0 0
48.3166 50.2802 28.0497 0.688775 -0.00435192 0.724962 52.3363 0 0
47.4832 50.2933 28.8777 0.693536 -0.00485546 0.720406 52.5718 0 0
47.0485 49.2726 29.309 0.697453 -0.00554615 0.716609 52.8641 0 0
46.9972 47.7853 29.359 0.700819 -0.00640414 0.71331 53.0796 0 0
46.9728 46.7005 29.371 0.703859 -0.00725961 0.710303 53.2777 0 0
46.9793 45.6924 29.3585 0.706646 -0.00788464 0.707523 53.4937 0 0
46.963 44.5975 29.3805 0.709101 -0.00814515 0.70506 53.8605 0 0
46.9691 42.7733 29.3549 0.711074 -0.00811396 0.70307 54.0776 0 0
46.9698 41.7044 29.3104 0.712459 -0.00807366 0.701667 54.3036 0 0
46.8857 40.5611 29.3739 0.713257 -0.00841155 0.700852 54.5694 0 0
46.7915 39.2206 29.4479 0.713545 -0.0094677 0.700546 54.8146 0 0
46.6456 37.9894 29.6012 0.713396 -0.0114117 0.700668 55.0355 0 0
46.3174 36.9776 29.9443 0.712819 -0.0141995 0.701204 55.2474 0 0
45.7713 36.262 30.4952 0.711747 -0.0176149 0.702215 55.5263 0 0
44.8911 35.7045 31.3498 0.710071 -0.0213497 0.703806 55.7333 0 0
44.1816 35.6076 32.069 0.707708 -0.0250707 0.70606 56.026 0 0
43.1906 35.5781 33.0835 0.704678 -0.0284554 0.708957 56.2335 0 0
42.4942 35.4779 33.7937 0.701143 -0.0312091 0.712338 56.5387 0 0
41.4698 35.1792 34.7898 0.697391 -0.0330784 0.715927 56.7948 0 0
40.6111 35.3666 35.6153 0.693762 -0.0338668 0.719407 57.1203 0 0
39.5159 35.6043 36.6973 0.690551 -0.0334598 0.722509 57.3637 0 0
38.689 35.5948 37.4773 0.687937 -0.0318629 0.725071 57.5886 0 0
37.9148 35.6872 38.1732 0.685963 -0.0292278 0.727049 57.8162 0 0
37.1431 35.8885 38.8824 0.684561 -0.025842 0.728498 58.0404 0 0
36.4588 36.3619 39.5402 0.68359 -0.0220784 0.729532 58.2837 0 0
35.9086 37.1792 40.0864 0.682886 -0.0183279 0.730295 58.5116 0 0
35.6304 38.1375 40.3575 0.682287 -0.0149433 0.730932 58.7322 0 0
35.5024 39.1302 40.4817 0.68165 -0.0122055 0.731576 58.976 0 0
35.435 40.245 40.5428 0.680861 -0.0103154 0.73234 59.213 0 0
35.4119 41.3337 40.5662 0.679836 -0.00940232 0.733304 59.4603 0 0
34.8991 42.2222 41.0522 0.678521 -0.0095255 0.734519 59.763 0 0
33.9753 41.6692 41.9006 0.676886 -0.0106572 0.736011 60.0453 0 0
33.3545 40.7224 42.4791 0.674922 -0.0126596 0.73778 60.3064 0 0
32.8828 39.7604 42.9017 0.672642 -0.015285 0.73981 60.5968 0 0
32.4903 38.5917 43.2356 0.670091 -0.0182156 0.742056 60.9664 0 0
32.0125 37.1095 43.6477 0.667343 -0.0211389 0.74445 61.2276 0 0
31.6507 36.0915 43.9365 0.664488 -0.0238373 0.746919 61.5531 0 0
30.992 34.979 44.4715 0.661583 -0.0262576 0.749412 61.8241 0 0
30.1885 34.5324 45.1528 0.658599 -0.0285247 0.751954 62.1222 0 0
29.2443 34.595 45.9793 0.655389 -0.030886 0.754659 62.3707 0 0
28.493 34.856 46.6357 0.651726 -0.0336048 0.757709 62.6162 0 0
27.7906 35.2319 47.2537 0.647395 -0.0368471 0.761264 62.8755 0 0
27.0482 35.6096 47.9032 0.642299 -0.0406094 0.765377 63.147 0 0
26.2413 35.8728 48.6022 0.636515 -0.0447149 0.769967 63.458 0 0
25.2821 35.8334 49.4139 0.630269 -0.0488729 0.774837 63.87 0 0
24.1763 34.984 50.2844 0.623889 -0.0527671 0.77973 64.194 0 0
23.589 33.9383 50.6609 0.617751 -0.056128 0.784368 64.5146 0 0
23.2373 32.7503 50.8237 0.612269 -0.0587613 0.788463 64.8783 0 0
23.0741 31.3539 50.823 0.607882 -0.0605387 0.791716 65.1387 0 0
23.0806 30.3502 50.7303 0.605018 -0.0613904 0.793841 65.4262 0 0
23.218 29.2748 50.5417 0.604027 -0.0613172 0.794601 65.8652 0 0
23.7111 27.7731 50.0508 0.605082 -0.0604063 0.793869 66.1315 0 0
24.2236 27.0033 49.608 0.608112 -0.0588135 0.791669 66.4038 0 0
24.9073 26.4023 49.061 0.612803 -0.0567107 0.788198 66.668 0 0
25.6357 25.9782 48.4743 0.618661 -0.0542383 0.783784 67.0007 0 0
26.6441 25.7711 47.6849 0.625133 -0.0515007 0.778817 67.2991 0 0
27.5331 25.9533 46.9708 0.63173 -0.0486034 0.773664 67.6688 0 0
28.4606 26.7968 46.2348 0.638099 -0.0456884 0.768597 68.006 0 0
29.1278 27.8901 45.7359 0.644051 -0.0429325 0.763777 68.2692 0 0
29.5503 28.8302 45.4268 0.649531 -0.0405075 0.759255 68.6377 0 0
30.152 30.149 44.9768 0.654574 -0.0385394 0.755015 68.998 0 0
30.9431 31.2329 44.3145 0.659242 -0.0371018 0.751015 69.396 0 0
32.1561 31.8258 43.2778 0.663566 -0.0362341 0.74724 69.8235 0 0
33.4951 31.7122 42.0523 0.667537 -0.0359472 0.743708 70.0679 0 0
34.2664 31.4559 41.3404 0.67114 -0.036201 0.740446 70.4683 0 0
35.5566 31.0895 40.1515 0.67441 -0.0368836 0.737435 70.7473 0 0
36.4682 31.2516 39.3202 0.677463 -0.0378174 0.734584 71.0015 0 0
37.2576 31.6438 38.5955 0.680468 -0.0387854 0.73175 71.3515 0 0
38.15 32.696 37.7882 0.683573 -0.0395517 0.72881 71.6465 0 0
38.9101 33.6267 37.1232 0.686819 -0.0398713 0.725734 71.8893 0 0
39.5769 34.3777 36.5657 0.690116 -0.0395102 0.72262 72.2004 0 0
40.5856 34.7426 35.6107 0.693252 -0.0382936 0.719677 72.4164 0 0
41.3257 34.809 34.908 0.695944 -0.0361604 0.717185 72.6432 0 0
42.0879 34.8369 34.1593 0.697876 -0.0331796 0.715449 72.893 0 0
42.897 34.5896 33.3329 0.698749 -0.0295045 0.714758 73.1433 0 0
43.7373 34.5133 32.4736 0.698324 -0.0252924 0.715335 73.3544 0 0
44.3717 34.0602 31.82 0.696482 -0.0206505 0.717277 73.6011 0 0
45.2173 33.9743 30.9815 0.693248 -0.0156508 0.720529 73.8634 0 0
46.124 34.0042 30.0907 0.688806 -0.0103956 0.724871 74.0795 0 0
46.8787 34.0599 29.3437 0.683479 -0.00507047 0.729953 74.3294 0 0
47.8037 34.1385 28.4882 0.677679 6.33105e-05 0.735358 74.5553 0 0
48.6451 34.0958 27.7274 0.671849 0.00472812 0.740673 74.7543 0 0
49.3411 33.7294 27.116 0.666375 0.00869555 0.745566 75.0509 0 0
50.0878 32.6034 26.486 0.661521 0.0118258 0.749833 75.2748 0 0
50.3851 31.5074 26.2733 0.657388 0.0140819 0.753421 75.4773 0 0
50.446 30.474 26.252 0.653918 0.0155253 0.756406 75.503 0 0
50.4497 30.3429 26.2526 0.650935 0.0162903 0.758959 75.6592 0 0
49.8555 30.5406 26.7502 0.648176 0.016542 0.761311 75.997 0 0
49.8787 28.8293 26.7651 0.645326 0.0164445 0.76373 76.198 0 0
49.8165 27.802 26.8489 0.642045 0.0161571 0.766497 76.4436 0 0
49.7598 26.5635 26.9316 0.638003 0.0158339 0.769871 76.7721 0 0
49.8547 24.9361 26.8628 0.632951 0.0155915 0.774035 77.0518 0 0
50.143 23.591 26.6555 0.626774 0.0154544 0.779048 77.3605 0 0
50.7878 22.3119 26.1532 0.619515 0.0153445 0.784835 77.6039 0 0
51.4938 21.5054 25.6165 0.611351 0.0151569 0.791215 77.8311 0 0
52.2797 21.0102 25.0086 0.60254 0.0148781 0.79795 78.0942 0 0
53.2705 20.5277 24.2799 0.593333 0.014653 0.804823 78.3175 0 0
54.1695 20.3382 23.6234 0.583896 0.0147478 0.811695 78.5524 0 0
55.1649 20.3974 22.9315 0.574296 0.015427 0.818503 78.7705 0 0
56.0789 20.5979 22.2898 0.564584 0.0168126 0.825204 78.9614 0 0
56.9046 20.7703 21.7068 0.554906 0.0187965 0.831701 79.2534 0 0
58.2217 21.3403 20.8664 0.545539 0.0210551 0.837821 79.4733 0 0
59.0619 22.0059 20.2994 0.536849 0.023168 0.84336 79.6899 0 0
59.6882 22.9762 19.8632 0.529187 0.0247793 0.848144 79.8872 0 0
60.0571 24.0636 19.6025 0.522809 0.0257107 0.852062 80.0497 0 0
60.3768 24.9875 19.383 0.517859 0.0259643 0.855072 80.2242 0 0
60.6824 25.9624 19.158 0.514408 0.0256462 0.857162 80.4468 0 0
60.7491 27.2961 19.0671 0.512522 0.0249002 0.858313 80.6426 0 0
60.6331 28.4406 19.1145 0.512318 0.0239035 0.858463 80.8153 0 0
60.5947 29.4406 19.1167 0.513962 0.0228884 0.857507 81.0317 0 0
60.4379 30.6846 19.1829 0.517606 0.022119 0.855333 81.235 0 0
60.0423 31.7703 19.391 0.523274 0.0218109 0.851885 81.4558 0 0
59.3493 32.7827 19.7623 0.530784 0.0220472 0.84722 81.6829 0 0
58.636 33.8711 20.1668 0.53972 0.0227488 0.841537 81.8497 0 0
57.9323 34.4478 20.6106 0.549466 0.0237056 0.835179 82.1266 0 0
56.6805 34.891 21.3918 0.55929 0.0246378 0.828606 82.3328 0 0
55.7398 35.2311 22.0127 0.56847 0.0252572 0.822316 82.6309 0 0
54.3764 35.589 23.0017 0.576456 0.0253227 0.816735 82.8223 0 0
53.6611 36.1359 23.5087 0.582981 0.0246844 0.812111 83.0245 0 0
53.1647 37.047 23.8448 0.588093 0.0233011 0.808457 83.2126 0 0
53.0636 38.0591 23.8854 0.592112 0.021226 0.805576 83.4499 0 0
53.2213 39.33 23.715 0.595521 0.0185766 0.803125 83.6921 0 0
53.2967 40.6705 23.6269 0.598866 0.0155134 0.800699 83.9628 0 0
53.3623 42.156 23.5505 0.602668 0.0122293 0.797898 84.1635 0 0
53.2872 43.2687 23.6148 0.607363 0.00893247 0.794374 84.3495 0 0
53.1221 44.2573 23.7367 0.613255 0.00581234 0.789863 84.5409 0 0
52.9446 45.2699 23.8635 0.620477 0.00300468 0.784219 84.7319 0 0
52.7568 46.2948 24.0004 0.628964 0.000575796 0.777434 84.9589 0 0
52.5028 47.5335 24.2243 0.63847 -0.00146587 0.769646 85.2731 0 0
52.1279 49.1888 24.543 0.648611 -0.00314291 0.761114 85.4787 0 0
51.701 50.1601 24.9108 0.658936 -0.00448545 0.752186 85.6875 0 0
50.9371 50.698 25.5764 0.668991 -0.00552141 0.74325 86.0208 0 0
49.6092 50.9623 26.8046 0.678373 -0.00627667 0.73469 86.2262 0 0
48.8353 51.0047 27.5546 0.686761 -0.00677672 0.726851 86.4472 0 0
48.0297 51.0648 28.3371 0.69393 -0.00705352 0.720008 86.6893 0 0
47.1618 51.1622 29.2149 0.699765 -0.00716238 0.714337 86.9091 0 0
46.388 51.1571 30.0019 0.704277 -0.00719234 0.709889 87.1082 0 0
46.3775 50.1574 30.0011 0.707597 -0.00724588 0.706579 87.317 0 0
46.4839 49.1155 29.8832 0.709947 -0.00739402 0.704217 87.5221 0 0
46.4698 48.0755 29.8889 0.711582 -0.00764813 0.702562 87.8838 0 0
46.4227 46.246 29.9103 0.712738 -0.00798258 0.701384 88.1562 0 0
46.4271 44.8492 29.9169 0.713599 -0.00839604 0.700504 88.3984 0 0
46.3746 43.6455 29.9664 0.714279 -0.00895768 0.699804 88.622 0 0
46.4241 42.5487 29.8995 0.714831 -0.00979443 0.699229 88.9571 0 0
46.3533 40.9024 29.9306 0.715243 -0.0110301 0.698789 89.1861 0 0
46.3103 39.7567 29.9611 0.715437 -0.0127269 0.698561 89.4658 0 0
46.1852 38.383 30.0816 0.71528 -0.0148605 0.69868 89.6802 0 0
45.894 37.4007 30.37 0.714609 -0.0173198 0.699309 89.9218 0 0
45.2265 36.6353 31.0396 0.713272 -0.0199124 0.700605 90.156 0 0
44.4378 36.38 31.8377 0.711155 -0.0223797 0.702679 90.4219 0 0
43.5362 36.4156 32.7603 0.708243 -0.024429 0.705546 90.6901 0 0
42.6257 36.3673 33.6995 0.704671 -0.0257821 0.709066 90.9285 0 0
41.8272 36.1242 34.4922 0.700751 -0.0262265 0.712924 91.1951 0 0
40.9092 36.1928 35.3767 0.696915 -0.0256593 0.716695 91.4534 0 0
40.0122 36.3258 36.2512 0.693591 -0.0241155 0.719965 91.6981 0 0
39.1705 36.3733 37.0798 0.691071 -0.0217685 0.722459 91.9429 0 0
38.3176 36.3885 37.848 0.689431 -0.018898 0.724105 92.1751 0 0
37.5132 36.5379 38.5696 0.688537 -0.0158283 0.725029 92.4056 0 0
36.7603 36.9207 39.271 0.688109 -0.0128593 0.725493 92.7147 0 0
36.173 38.1261 39.8446 0.687828 -0.0102172 0.725801 92.9962 0 0
36.0008 39.4109 40.0136 0.687423 -0.00804552 0.726213 93.2328 0 0
35.9644 40.4936 40.0466 0.686719 -0.00643345 0.726895 93.5269 0 0
35.956 41.8424 40.0559 0.685639 -0.00545028 0.727921 93.7563 0 0
35.9086 42.8893 40.0996 0.684168 -0.0051594 0.729306 94.024 0 0
35.0463 43.2064 40.9196 0.682314 -0.00560714 0.731038 94.3189 0 0
34.1203 42.7813 41.7736 0.680092 -0.00679623 0.733095 94.5441 0 0
33.4802 42.259 42.3573 0.67753 -0.00865822 0.735444 94.9508 0 0
32.6472 40.8445 43.1351 0.674681 -0.0110412 0.738027 95.2739 0 0
32.157 39.609 43.5612 0.671632 -0.013726 0.740758 95.552 0 0
31.7959 38.4996 43.8638 0.668496 -0.0164708 0.743533 95.8355 0 0
31.4692 37.3512 44.1371 0.665395 -0.0190746 0.746248 96.1477 0 0
31.0026 36.1515 44.5175 0.662409 -0.0214457 0.748835 96.3875 0 0
30.426 35.4522 44.9896 0.659519 -0.0236561 0.751316 96.6558 0 0
29.5754 35.2867 45.7221 0.656552 -0.0259463 0.753834 96.8976 0 0
28.8337 35.4974 46.3694 0.653202 -0.0286551 0.756641 97.1532 0 0
28.1015 35.9041 47.0134 0.649117 -0.0320818 0.760012 97.4443 0 0
27.2755 36.3621 47.7381 0.644039 -0.036345 0.764129 97.7059 0 0
26.5135 36.6899 48.4008 0.637922 -0.0413149 0.768992 98.1088 0 0
25.2723 36.6694 49.4589 0.630977 -0.0466406 0.774398 98.505 0 0
24.1313 36.0796 50.394 0.623635 -0.0518402 0.779995 98.9064 0 0
23.2872 34.8977 50.9672 0.616448 -0.0564124 0.785373 99.363 0 0
22.6992 33.2409 51.2732 0.609984 -0.0599486 0.790143 99.6431 0 0
22.5126 32.1684 51.3191 0.604739 -0.0622184 0.79399 99.9668 0 0
22.4205 30.9255 51.2688 0.601098 -0.063197 0.796673 100.27 0 0
22.5028 29.7702 51.1125 0.59933 -0.0630275 0.798017 100.678 0 0
22.7814 28.3038 50.7605 0.599576 -0.0619505 0.797917 100.965 0 0
23.1293 27.3209 50.4274 0.601822 -0.0602383 0.796355 101.427 0 0
24.0991 26.0647 49.6294 0.605866 -0.0581473 0.793439 101.693 0 0
24.7976 25.5209 49.0764 0.611327 -0.0558805 0.789403 102.078 0 0
25.9078 25.0139 48.2034 0.61771 -0.0535594 0.78458 102.357 0 0
26.7516 24.9136 47.5402 0.624508 -0.0512223 0.779337 102.635 0 0
27.5879 25.1125 46.8822 0.6313 -0.0488636 0.773998 102.897 0 0
28.2919 25.5868 46.31 0.637796 -0.0464938 0.768801 103.167 0 0
28.9533 26.2706 45.781 0.643837 -0.0441836 0.763886 103.502 0 0
29.5672 27.4038 45.3238 0.649361 -0.0420631 0.759316 103.905 0 0
30.1841 28.8715 44.8761 0.654377 -0.0402737 0.755095 104.214 0 0
30.7283 29.9623 44.461 0.65894 -0.0389088 0.751189 104.556 0 0
31.5706 30.8696 43.7534 0.663123 -0.0379877 0.747546 104.91 0 0
32.682 31.0879 42.772 0.66697 -0.0374796 0.744141 105.191 0 0
33.551 30.8936 41.9619 0.670492 -0.0373466 0.740976 105.55 0 0
34.6698 30.4673 40.9277 0.673694 -0.0375527 0.738055 105.821 0 0
35.5345 30.2264 40.123 0.676635 -0.0380278 0.735336 106.234 0 0
36.8773 30.5595 38.9027 0.679431 -0.0386188 0.732723 106.492 0 0
37.6554 31.0196 38.1883 0.68221 -0.0390749 0.730112 106.715 0 0
38.2619 31.6238 37.6365 0.685026 -0.0390785 0.72747 107.047 0 0
39.0668 32.6966 36.916 0.687808 -0.0383045 0.724881 107.3 0 0
39.7663 33.4735 36.3235 0.690363 -0.0364849 0.722543 107.689 0 0
41.0285 34.0377 35.1489 0.69242 -0.0334728 0.720717 107.98 0 0
42.0118 34.0327 34.1824 0.693687 -0.0292934 0.719681 108.286 0 0
43.0255 33.79 33.1576 0.693893 -0.0241539 0.719673 108.514 0 0
43.7655 33.4912 32.4047 0.69284 -0.0183973 0.720857 108.741 0 0
44.4975 33.1924 31.6732 0.690454 -0.0124196 0.72327 109.04 0 0
45.5243 33.1025 30.6771 0.686833 -0.0065937 0.726785 109.299 0 0
46.3981 33.1467 29.8188 0.682249 -0.00122542 0.731119 109.529 0 0
47.2129 33.2487 29.0502 0.677091 0.00345695 0.735891 109.764 0 0
48.0546 33.3574 28.2622 0.671777 0.00729651 0.740717 109.986 0 0
48.8739 33.223 27.533 0.666661 0.0102072 0.745291 110.322 0 0
49.7329 31.9569 26.8117 0.661973 0.0121838 0.749429 110.529 0 0
49.8409 30.9232 26.7514 0.657792 0.0133051 0.753082 110.719 0 0
49.1226 30.7495 27.37 0.654062 0.0137114 0.756317 110.981 0 0
49.3202 29.4603 27.2273 0.650619 0.0135663 0.759283 111.216 0 0
49.1512 28.2882 27.4015 0.64723 0.0130252 0.762183 111.442 0 0
49.1017 27.1399 27.4753 0.643629 0.0122225 0.76524 111.706 0 0
49.1576 25.8314 27.442 0.639553 0.0112703 0.768664 111.971 0 0
49.0835 24.5296 27.5109 0.634791 0.0102584 0.772615 112.298 0 0
49.6383 23.0891 27.0847 0.629227 0.00925682 0.777167 112.572 0 0
50.1572 21.9466 26.672 0.622832 0.00832501 0.782311 112.817 0 0
50.8194 21.1192 26.148 0.615625 0.00753167 0.788003 113.063 0 0
51.5791 20.4197 25.5594 0.607614 0.00697672 0.794201 113.279 0 0
52.3849 20.1132 24.9324 0.598783 0.00679853 0.800883 113.477 0 0
53.144 19.7286 24.384 0.589121 0.00715724 0.808013 113.811 0 0
54.5097 19.4539 23.4093 0.57869 0.0081989 0.815507 114.082 0 0
55.6456 19.5108 22.6145 0.567677 0.0100069 0.823191 114.296 0 0
56.5037 19.8956 21.9934 0.556414 0.012545 0.830811 114.559 0 0
57.6904 20.2726 21.2007 0.54535 0.0156112 0.838063 114.752 0 0
58.5837 20.6076 20.6496 0.534983 0.0188465 0.844653 115.108 0 0
59.8952 21.7795 19.7695 0.525791 0.0218241 0.850334 115.28 0 0
60.3804 22.6333 19.472 0.518162 0.0241884 0.85494 115.562 0 0
60.8668 24.151 19.143 0.512342 0.025757 0.858395 115.747 0 0
61.2741 25.1431 18.8603 0.508395 0.0265343 0.860715 115.968 0 0
61.4364 26.4368 18.7036 0.506222 0.0266616 0.861991 116.139 0 0
61.4255 27.463 18.6705 0.505637 0.026359 0.862343 116.338 0 0
61.3635 28.6457 18.685 0.50648 0.0258783 0.861863 116.538 0 0
61.319 29.8058 18.6875 0.508706 0.0254561 0.860564 116.767 0 0
61.0469 31.0939 18.8099 0.512387 0.0252678 0.858383 117.083 0 0
60.3089 32.7614 19.1963 0.517633 0.0253993 0.855226 117.254 0 0
59.7741 33.5714 19.4845 0.524451 0.0258386 0.851048 117.425 0 0
59.1915 34.365 19.8295 0.532636 0.0264774 0.84593 117.689 0 0
58.0864 35.2471 20.4872 0.541737 0.0271251 0.84011 117.875 0 0
57.2633 35.606 20.9767 0.551123 0.0275424 0.833969 118.059 0 0
56.3979 35.8308 21.547 0.560129 0.0274978 0.827949 118.254 0 0
55.5046 36.0913 22.1551 0.568228 0.0268271 0.822434 118.488 0 0
54.453 36.4028 22.9122 0.575145 0.0254733 0.817655 118.768 0 0
53.6926 37.6013 23.4249 0.580891 0.0234864 0.813643 118.961 0 0
53.807 38.6386 23.2974 0.58571 0.0209924 0.810249 119.171 0 0
53.941 39.7837 23.1731 0.589985 0.0181584 0.80721 119.363 0 0
54.0161 40.8312 23.0987 0.594143 0.0151711 0.804216 119.631 0 0
53.9928 42.2895 23.0923 0.598607 0.0122148 0.80095 119.869 0 0
53.9308 43.5869 23.1291 0.603766 0.00943545 0.797106 120.083 0 0
53.6472 44.7128 23.3364 0.609945 0.00690563 0.792413 120.286 0 0
53.5463 45.8231 23.3984 0.617337 0.00461673 0.786685 120.612 0 0
53.1119 47.519 23.7344 0.625942 0.00250995 0.779865 120.825 0 0
53.0918 48.6985 23.7651 0.635556 0.000528133 0.772054 121.169 0 0
52.4132 50.3535 24.3139 0.645812 -0.00134177 0.763495 121.472 0 0
51.4518 51.4467 25.1178 0.656262 -0.00305834 0.754527 121.681 0 0
50.6212 51.711 25.8758 0.666445 -0.00454768 0.745541 121.886 0 0
49.8116 51.777 26.6226 0.675927 -0.00573788 0.736946 122.092 0 0
49.0331 51.8187 27.3737 0.684327 -0.00658505 0.729145 122.299 0 0
48.2734 51.8992 28.1104 0.691334 -0.00708318 0.722501 122.504 0 0
47.5347 51.9613 28.8464 0.696739 -0.00726152 0.717288 122.704 0 0
46.8365 52.1575 29.5555 0.700461 -0.00717615 0.713655 123.105 0 0
45.4365 52.0329 30.9923 0.702564 -0.00689974 0.711587 123.352 0 0
44.5879 52.0804 31.8704 0.703258 -0.00650975 0.710905 123.595 0 0
43.7484 52.1587 32.7298 0.702889 -0.0060726 0.711273 123.824 0 0
42.9594 52.1939 33.5241 0.701897 -0.00562577 0.712256 124.035 0 0
42.2154 52.1624 34.2508 0.700755 -0.00517107 0.713383 124.27 0 0
41.429 52.5232 35.0225 0.699899 -0.00469276 0.714227 124.533 0 0
40.6158 51.8948 35.8118 0.699654 -0.0041938 0.714469 124.762 0 0
40.0267 51.1113 36.3659 0.70019 -0.00372101 0.713947 125.074 0 0
41.0075 50.4107 35.4173 0.701495 -0.00335669 0.712666 125.291 0 0
41.7326 50.7798 34.7143 0.703405 -0.00318069 0.710782 125.52 0 0
42.5467 50.7665 33.9197 0.705657 -0.00322675 0.708546 125.753 0 0
43.3725 50.7459 33.1121 0.707952 -0.00346062 0.706252 125.996 0 0
44.2012 50.7445 32.2635 0.710017 -0.00379599 0.704174 126.239 0 0
45.0287 50.7591 31.4 0.71166 -0.00413986 0.702512 126.442 0 0
45.6629 50.3364 30.7388 0.712805 -0.00443667 0.701348 126.726 0 0
45.8932 48.9528 30.4905 0.713498 -0.00468334 0.700641 126.947 0 0
45.8595 47.8384 30.5166 0.713878 -0.00491682 0.700253 127.154 0 0
45.8414 46.8022 30.5196 0.714117 -0.00520162 0.700007 127.368 0 0
45.8667 45.717 30.4797 0.714368 -0.00563462 0.699747 127.641 0 0
45.8726 44.3356 30.4743 0.71471 -0.00634914 0.699392 127.932 0 0
45.8323 42.8904 30.5048 0.715128 -0.00748813 0.698953 128.19 0 0
45.8062 41.6235 30.5043 0.715515 -0.00914867 0.698537 128.508 0 0
45.806 40.0398 30.4834 0.715692 -0.0113311 0.698324 128.726 0 0
45.7102 38.9719 30.5728 0.715442 -0.0139168 0.698534 128.93 0 0
45.564 37.9932 30.7165 0.714547 -0.0166758 0.699388 129.143 0 0
44.9768 37.3342 31.3181 0.712841 -0.0193024 0.70106 129.43 0 0
44.0005 37.2355 32.3255 0.710254 -0.0214726 0.703618 129.632 0 0
43.318 37.4261 33.031 0.706876 -0.0229031 0.706967 129.945 0 0
42.2476 37.1019 34.1078 0.702989 -0.0233989 0.710816 130.177 0 0
41.4396 37.1064 34.9225 0.699034 -0.022887 0.714722 130.396 0 0
40.676 37.2359 35.6587 0.695493 -0.0214377 0.718213 130.663 0 0
39.7162 37.2332 36.5874 0.692744 -0.0192583 0.720927 130.907 0 0
38.8421 37.2166 37.4017 0.690941 -0.016646 0.722719 131.138 0 0
38.0204 37.262 38.1396 0.689992 -0.0139135 0.723683 131.389 0 0
37.1278 37.4301 38.928 0.689611 -0.0113173 0.724092 131.698 0 0
36.5743 38.7122 39.4649 0.689432 -0.00901587 0.724294 131.975 0 0
36.4962 39.9966 39.5311 0.689125 -0.00706773 0.724608 132.208 0 0
36.515 41.0799 39.5117 0.688473 -0.00546978 0.725242 132.44 0 0
36.5716 42.1539 39.4669 0.687391 -0.0042196 0.726275 132.671 0 0
36.6171 43.215 39.4255 0.685895 -0.00336707 0.727693 132.965 0 0
36.0184 44.3012 40.0023 0.68403 -0.00302 0.729447 133.355 0 0
34.7327 44.0782 41.2126 0.681832 -0.00329756 0.731501 133.719 0 0
33.6377 43.4111 42.2195 0.679316 -0.00426035 0.733833 134.047 0 0
32.818 42.4676 42.969 0.676504 -0.00585995 0.736415 134.315 0 0
32.2369 41.5911 43.5099 0.673459 -0.00793686 0.739182 134.566 0 0
31.8713 40.6217 43.8424 0.670283 -0.010266 0.742034 134.92 0 0
31.3964 39.2331 44.2488 0.667106 -0.0126261 0.744856 135.179 0 0
31.1012 38.1929 44.4888 0.664033 -0.0148684 0.747556 135.487 0 0
30.6574 37.0143 44.8419 0.661094 -0.0169727 0.750111 135.763 0 0
30.0166 36.1841 45.3716 0.658197 -0.0190753 0.752604 136.103 0 0
28.9403 36.3496 46.3083 0.655133 -0.0214473 0.755209 136.376 0 0
28.1727 36.8594 46.9828 0.651639 -0.0244241 0.758136 136.721 0 0
27.1996 37.4447 47.8416 0.647475 -0.0283083 0.76156 137.007 0 0
26.3352 37.6772 48.5881 0.642465 -0.0332741 0.765593 137.278 0 0
25.4991 37.5744 49.2974 0.636494 -0.0392847 0.770281 137.538 0 0
24.7159 37.3879 49.9674 0.629517 -0.0460575 0.77562 137.97 0 0
23.5784 36.4854 50.8563 0.621597 -0.0531003 0.781535 138.293 0 0
22.8968 35.5138 51.3169 0.612966 -0.059804 0.787843 138.611 0 0
22.2103 34.5834 51.7719 0.604067 -0.0655502 0.794233 138.869 0 0
22.1309 33.5783 51.7408 0.595533 -0.0698153 0.800291 139.126 0 0
21.8989 32.6153 51.824 0.588077 -0.0722688 0.80557 139.442 0 0
21.7138 31.426 51.7964 0.582352 -0.0728471 0.809666 139.715 0 0
21.792 30.3809 51.6556 0.578833 -0.0717582 0.812282 139.979 0 0
21.9111 29.402 51.473 0.577764 -0.0694034 0.813248 140.259 0 0
21.9479 28.3708 51.3491 0.579166 -0.0662496 0.812514 140.691 0 0
22.5311 26.9556 50.8221 0.582863 -0.0627161 0.810146 141.026 0 0
23.1764 25.986 50.3059 0.588513 -0.059119 0.806323 141.358 0 0
23.9334 25.1653 49.7091 0.595635 -0.055674 0.801324 141.657 0 0
24.7344 24.659 49.0691 0.603675 -0.0525273 0.795498 142.02 0 0
25.7661 24.1636 48.2577 0.612096 -0.0497819 0.789215 142.397 0 0
26.9136 24.0757 47.358 0.620457 -0.0474992 0.782801 142.697 0 0
27.8232 24.228 46.6318 0.628448 -0.0456839 0.776509 143.025 0 0
28.6726 24.9076 45.9455 0.635885 -0.0442757 0.770512 143.333 0 0
29.4839 25.5898 45.29 0.642679 -0.0431695 0.764918 143.586 0 0
29.9146 26.471 44.9649 0.648792 -0.0422581 0.759791 143.992 0 0
30.5151 27.971 44.5355 0.654229 -0.0414716 0.755158 144.234 0 0
30.9144 28.8449 44.2311 0.659033 -0.040784 0.751008 144.558 0 0
31.5351 29.96 43.7467 0.663283 -0.0401871 0.747289 144.938 0 0
32.6983 30.3682 42.7233 0.667076 -0.0396584 0.743933 145.211 0 0
33.4924 29.9871 41.9717 0.670491 -0.0391551 0.740884 145.45 0 0
34.2536 29.8008 41.2738 0.673572 -0.0386444 0.73811 145.735 0 0
35.1394 29.4549 40.4483 0.676348 -0.0381389 0.735594 145.99 0 0
35.9625 29.3994 39.6823 0.678868 -0.0376962 0.733292 146.22 0 0
36.7007 29.6034 39.0111 0.681221 -0.0373662 0.731123 146.487 0 0
37.5135 30.08 38.2786 0.683509 -0.0371214 0.728998 146.777 0 0
38.33 30.7602 37.5306 0.685786 -0.0368144 0.726871 146.994 0 0
38.9593 31.2824 36.9572 0.68802 -0.0361887 0.724789 147.232 0 0
39.4533 32.1667 36.5334 0.690085 -0.0349365 0.722884 147.638 0 0
40.6452 33.177 35.4638 0.691799 -0.0327852 0.721346 147.859 0 0
41.3988 33.3032 34.7447 0.69295 -0.0295892 0.720378 148.109 0 0
42.2367 33.1755 33.912 0.693325 -0.0253866 0.720178 148.345 0 0
43.015 32.938 33.1312 0.692733 -0.0203955 0.720905 148.681 0 0
44.053 32.3287 32.0862 0.691067 -0.0149556 0.722636 149.011 0 0
45.1702 32.1118 31.0026 0.688374 -0.00944588 0.725295 149.236 0 0
45.9347 32.3241 30.2808 0.684894 -0.00420516 0.72863 149.451 0 0
46.6837 32.333 29.5708 0.681035 0.000519249 0.732251 149.703 0 0
47.5562 32.4994 28.7449 0.677266 0.00457845 0.735724 149.948 0 0
48.4404 32.3836 27.9244 0.674017 0.00788366 0.738674 150.175 0 0
49.1655 31.7617 27.3029 0.671616 0.0103483 0.740827 150.258 0 0
49.1494 31.3443 27.3285 0.670288 0.0118565 0.742006 151.138 0 0
50.5413 35.323 26.0126 0.670168 0.0122918 0.742108 151.34 0 0
49.8485 35.8831 26.6307 0.671298 0.0116153 0.741097 151.672 0 0
48.6429 36.3729 27.6973 0.673596 0.00993409 0.739033 151.876 0 0
48.2024 37.2389 28.067 0.676833 0.00751155 0.736098 152.181 0 0
48.367 38.8115 27.8937 0.680636 0.00471291 0.732607 152.38 0 0
48.4215 39.8565 27.8227 0.684525 0.00191851 0.728987 152.671 0 0
48.5748 41.3921 27.7085 0.687984 -0.000557741 0.725726 152.927 0 0
48.6164 42.7112 27.7055 0.690552 -0.00252026 0.723278 153.233 0 0
48.5913 44.2613 27.7458 0.691908 -0.00390082 0.721975 153.463 0 0
48.596 45.4685 27.7561 0.691929 -0.00472291 0.72195 153.712 0 0
48.6237 46.7694 27.746 0.690701 -0.00504062 0.723123 153.915 0 0
48.8788 47.7611 27.4967 0.688487 -0.00488534 0.725232 154.14 0 0
49.7114 47.5365 26.6864 0.68565 -0.00424812 0.727919 154.341 0 0
50.2024 46.671 26.2206 0.682546 -0.0031052 0.730836 154.534 0 0
50.4255 45.648 26.0173 0.679443 -0.00147089 0.733727 154.757 0 0
50.5932 44.4466 25.851 0.676485 0.00055852 0.736456 154.95 0 0
50.7359 43.4429 25.7114 0.673721 0.00280613 0.738981 155.17 0 0
50.8511 42.2928 25.614 0.671167 0.00506413 0.741289 155.437 0 0
50.8318 40.8568 25.6417 0.668863 0.00715592 0.743351 155.627 0 0
50.733 39.8373 25.7478 0.666895 0.00896669 0.745098 155.843 0 0
50.6595 38.6894 25.8488 0.665369 0.010426 0.746442 156.069 0 0
50.715 37.5051 25.8271 0.664388 0.011464 0.7473 156.291 0 0
50.8016 36.335 25.78 0.664046 0.0119851 0.747596 156.499 0 0
50.7596 35.2416 25.8243 0.664441 0.0118874 0.747246 156.826 0 0
50.0064 36.7067 26.4699 0.665671 0.0111142 0.746162 157.065 0 0
49.1097 37.012 27.2547 0.667781 0.00969812 0.744295 157.264 0 0
48.8548 37.9744 27.4672 0.670668 0.00776801 0.741717 157.562 0 0
48.9476 39.5024 27.3546 0.674041 0.00552271 0.738674 157.814 0 0
49.1044 40.792 27.1918 0.67746 0.0031902 0.735553 158.007 0 0
49.1931 41.8038 27.1197 0.680461 0.000991755 0.732783 158.291 0 0
49.1478 43.3082 27.1921 0.682682 -0.000878691 0.730715 158.509 0 0
49.1218 44.4592 27.2292 0.683926 -0.00225984 0.729548 158.726 0 0
49.1535 45.6137 27.2012 0.684156 -0.00302264 0.729329 158.923 0 0
49.2512 46.6704 27.1191 0.683452 -0.00307738 0.729989 159.102 0 0
49.7226 45.9597 26.6647 0.681967 -0.0023931 0.731379 159.282 0 0
49.9436 45.02 26.4484 0.679896 -0.00101979 0.733308 159.486 0 0
50.0543 43.9114 26.3365 0.677464 0.000903218 0.735556 159.72 0 0
50.2139 42.6733 26.1913 0.674908 0.003164 0.737896 159.96 0 0
50.2858 41.4057 26.1312 0.672454 0.00551902 0.740119 160.16 0 0
50.1658 40.3596 26.2526 0.670288 0.00774633 0.742061 160.406 0 0
50.0618 39.0929 26.3672 0.668522 0.00969346 0.743629 160.665 0 0
50.1681 37.7532 26.3034 0.667177 0.0113045 0.744814 160.781 0 0
50.0046 37.1969 26.4602 0.666183 0.0126192 0.745682 160.941 0 0
49.615 37.8391 26.7888 0.665406 0.013747 0.746355 160.953 0 0
49.5738 37.8686 26.8246 0.664677 0.0148267 0.746971 160.953 0 0
38.7741 34.4484 37.3121 0.677174 -0.0560709 0.733683 161.262 1 0
37.7813 34.9262 38.2485 0.677957 -0.0467311 0.733615 161.52 0 0
36.9184 35.2059 39.0689 0.67859 -0.0380825 0.733529 161.924 0 0
35.7908 36.2366 40.1607 0.679008 -0.0305097 0.733496 162.202 0 0
35.306 37.2945 40.6425 0.679147 -0.0243199 0.7336 162.527 0 0
35.0114 38.7032 40.9407 0.678955 -0.019717 0.733915 162.761 0 0
34.9254 39.7655 41.0187 0.678406 -0.016792 0.734496 162.986 0 0
34.7233 40.7567 41.2058 0.677484 -0.0155126 0.735374 163.285 0 0
33.8062 40.1977 42.0545 0.676183 -0.0157095 0.736566 163.527 0 0
33.3763 39.2783 42.4439 0.674498 -0.0170851 0.738079 163.755 0 0
33.0422 38.3616 42.7307 0.672425 -0.0192645 0.739915 163.994 0 0
32.7269 37.3918 43.0032 0.669967 -0.0218854 0.742068 164.332 0 0
32.2701 36.0518 43.3788 0.667136 -0.0246892 0.744527 164.569 0 0
31.8991 35.1487 43.6753 0.663936 -0.027569 0.747281 164.977 0 0
30.9658 33.8936 44.4381 0.660342 -0.0305522 0.750343 165.321 0 0
29.8798 33.7116 45.3883 0.656281 -0.0337309 0.753762 165.6 0 0
29.0125 33.8836 46.1472 0.651644 -0.0371727 0.757614 165.926 0 0
28.0363 34.2738 47.002 0.646356 -0.0408535 0.761942 166.319 0 0
26.9071 34.8449 47.992 0.640453 -0.0446408 0.766699 166.655 0 0
25.8952 35.0735 48.8548 0.634148 -0.0483241 0.7717 167.076 0 0
24.6673 34.4768 49.8418 0.627847 -0.0516603 0.77662 167.483 0 0
23.9951 33.0952 50.2821 0.622116 -0.054413 0.781032 167.785 0 0
23.7589 31.9544 50.362 0.617577 -0.0563861 0.784486 168.104 0 0
23.7026 30.7223 50.296 0.614771 -0.0574572 0.78661 168.362 0 0
23.7906 29.7315 50.1514 0.614021 -0.0576004 0.787185 168.765 0 0
24.2735 28.3335 49.6846 0.615368 -0.0568887 0.786184 169.118 0 0
24.9766 27.3411 49.0825 0.618592 -0.0554765 0.783751 169.428 0 0
25.8113 26.8013 48.4072 0.623276 -0.0535704 0.780165 169.843 0 0
27.0493 26.6754 47.4022 0.6289 -0.0513904 0.775786 170.119 0 0
27.8255 27.1455 46.7937 0.634933 -0.0491342 0.771003 170.553 0 0
28.7244 28.4682 46.1191 0.640909 -0.046955 0.766179 170.845 0 0
29.2154 29.4964 45.7549 0.646489 -0.0449566 0.761598 171.09 0 0
29.6073 30.377 45.4656 0.651485 -0.0431976 0.75743 171.356 0 0
30.1022 31.2658 45.0656 0.655863 -0.0416986 0.753727 171.599 0 0
30.701 31.926 44.5588 0.659706 -0.0404557 0.750434 171.858 0 0
31.4686 32.3864 43.9018 0.663165 -0.0394571 0.747433 172.1 0 0
32.2365 32.6239 43.2376 0.666387 -0.0386849 0.744602 172.411 0 0
33.2215 32.5582 42.3435 0.669454 -0.0380968 0.741876 172.71 0 0
34.1699 32.2987 41.4691 0.672352 -0.0376054 0.739276 172.95 0 0
34.9471 32.0772 40.7549 0.674986 -0.0370833 0.736898 173.222 0 0
35.8405 31.9604 39.9339 0.677218 -0.0363924 0.734882 173.476 0 0
36.6584 32.2207 39.1856 0.678915 -0.0354136 0.733363 173.832 0 0
37.6491 33.1568 38.2961 0.679991 -0.0340607 0.732429 174.082 0 0
38.2382 33.9852 37.771 0.680435 -0.0322959 0.732097 174.323 0 0
37.43 34.2075 38.5525 0.680318 -0.0301647 0.732296 174.555 0 0
36.6628 34.3686 39.2789 0.679774 -0.0278385 0.732893 174.913 0 0
35.7214 35.3462 40.191 0.678954 -0.02562 0.733734 175.164 0 0
35.1715 36.1835 40.7292 0.67798 -0.0238851 0.734692 175.458 0 0
34.709 37.3376 41.1903 0.676919 -0.0229705 0.735699 175.683 0 0
34.4879 38.3019 41.4192 0.6758 -0.0230591 0.736724 175.923 0 0
34.1156 39.2524 41.7656 0.674655 -0.0241164 0.737739 176.3 0 0
33.4955 37.7641 42.3102 0.673558 -0.025906 0.73868 176.66 0 0
32.9787 36.3194 42.7378 0.672632 -0.028071 0.739445 177.006 0 0
32.4576 34.9573 43.1618 0.672027 -0.0302414 0.739908 177.26 0 0
32.0242 34.015 43.5022 0.671864 -0.0321227 0.739978 177.576 0 0
31.2695 33.0829 44.12 0.672169 -0.0335387 0.739638 177.891 0 0
32.2427 33.466 43.2764 0.672853 -0.0344275 0.738974 178.322 0 0
33.5992 33.2522 42.0394 0.673734 -0.0348064 0.738154 178.7 0 0
34.8057 32.9559 40.9259 0.6746 -0.0347346 0.737366 178.964 0 0
35.6627 32.7555 40.1335 0.675279 -0.034293 0.736765 179.328 0 0
36.7962 33.3728 39.1115 0.675685 -0.033581 0.736425 179.543 0 0
37.3198 34.0565 38.6495 0.675821 -0.0327162 0.736339 180.051 0 0
35.6298 33.6584 40.2041 0.675753 -0.0318263 0.736441 180.269 0 0
35.3916 34.582 40.4628 0.675568 -0.0310304 0.736644 180.602 0 0
34.7488 35.7905 41.101 0.675345 -0.0304167 0.736875 180.938 0 0
34.1347 37.0319 41.7067 0.67513 -0.0300255 0.737088 181.121 0 0
33.6932 36.4492 42.0865 0.674941 -0.0298456 0.737268 181.361 0 0
33.2757 35.523 42.4336 0.674776 -0.0298245 0.737419 181.655 0 0
32.9263 34.3062 42.7066 0.674626 -0.0298904 0.737554 181.908 0 0
33.6887 33.9864 41.9955 0.674485 -0.0299744 0.73768 182.226 0 0
34.699 33.7239 41.0591 0.674348 -0.0300266 0.737803 182.374 0 0
35.1812 33.8755 40.6246 0.674217 -0.0300234 0.737923 182.675 0 0
34.3599 34.6196 41.4072 0.67409 -0.029966 0.738042 182.931 0 0
34.1083 35.7056 41.6813 0.673966 -0.0298733 0.738159 183.166 0 0
33.8266 34.7215 41.8989 0.673842 -0.0297715 0.738275 183.166 0 0
29.9455 32.994 45.2982 0.663715 -0.0389452 0.746943 183.43 1 0
29.6888 31.9348 45.4727 0.65691 -0.0402905 0.752891 183.736 0 0
29.1773 30.8462 45.8602 0.650003 -0.0417994 0.758781 184.092 0 0
28.6025 29.5683 46.2872 0.643182 -0.043512 0.764476 184.456 0 0
27.9459 28.3435 46.7675 0.63679 -0.0453739 0.769701 184.918 0 0
26.6512 27.4934 47.7751 0.631275 -0.0472268 0.77412 185.208 0 0
25.7861 27.7386 48.4788 0.62707 -0.0488421 0.77743 185.476 0 0
25.1087 28.3 49.0467 0.624471 -0.0499838 0.779447 185.764 0 0
24.6192 29.2126 49.4822 0.623575 -0.0504742 0.780132 186.045 0 0
24.3648 30.2469 49.7585 0.624273 -0.050238 0.779589 186.473 0 0
24.3816 31.9077 49.8884 0.62629 -0.0493173 0.778029 186.776 0 0
24.6401 33.035 49.7592 0.629243 -0.0478593 0.775733 187.048 0 0
25.1465 33.9102 49.405 0.63269 -0.0460848 0.773033 187.315 0 0
25.9217 34.2552 48.7827 0.636177 -0.0442479 0.770273 187.668 0 0
26.9836 34.0014 47.8854 0.63929 -0.0425978 0.767785 187.981 0 0
27.8737 33.5737 47.1097 0.641695 -0.0413464 0.765844 188.329 0 0
28.9002 33.1568 46.2108 0.64317 -0.0406473 0.764644 188.584 0 0
29.693 33.029 45.5225 0.643612 -0.0405816 0.764275 188.869 0 0
29.058 32.166 46.029 0.643034 -0.0411477 0.764731 189.155 0 0
28.2451 32.6304 46.7482 0.64156 -0.0422527 0.765908 189.479 0 0
27.3068 33.0878 47.5727 0.639432 -0.0437117 0.767604 189.744 0 0
26.5392 33.4145 48.2248 0.637014 -0.0452695 0.769521 190.046 0 0
25.6064 33.2886 48.9881 0.634741 -0.046649 0.771316 190.299 0 0
25.1371 32.4613 49.3184 0.63302 -0.0476161 0.77267 190.6 0 0
24.9634 31.2837 49.3836 0.632115 -0.0480395 0.773384 190.927 0 0
25.0792 30.039 49.1933 0.632055 -0.047921 0.77344 191.253 0 0
25.5579 28.9544 48.7437 0.632647 -0.0473869 0.772989 191.67 0 0
26.7303 28.3904 47.7622 0.633558 -0.0466445 0.772288 191.938 0 0
27.4851 28.8672 47.1749 0.634452 -0.0459191 0.771597 192.407 0 0
28.3508 30.4125 46.5477 0.63509 -0.045392 0.771103 192.666 0 0
28.7327 31.3425 46.2682 0.635386 -0.0451579 0.770873 192.861 0 0
28.1299 31.4387 46.7824 0.635392 -0.0452136 0.770865 193.153 0 0
27.686 30.3824 47.0982 0.635243 -0.045478 0.770972 193.413 0 0
27.1407 29.5909 47.5001 0.635083 -0.0458364 0.771083 193.678 0 0
26.3374 29.3222 48.1379 0.634999 -0.0461882 0.771131 194.062 0 0
25.6273 30.5135 48.7909 0.635005 -0.0464763 0.771109 194.35 0 0
25.6033 31.6496 48.8844 0.635066 -0.04669 0.771045 194.61 0 0
26.0626 32.5269 48.5663 0.635153 -0.0468458 0.770965 194.887 0 0
26.907 32.4454 47.865 0.63527 -0.0469654 0.770861 195.231 0 0
27.8112 31.7799 47.0705 0.635457 -0.0470629 0.7707 195.489 0 0
27.3452 30.9064 47.4065 0.635762 -0.047144 0.770444 195.753 0 0
26.6961 30.221 47.9006 0.636209 -0.0472107 0.770071 196.034 0 0
26.3166 31.2074 48.2734 0.636783 -0.0472653 0.769593 196.209 0 0
26.665 31.7607 48.023 0.637438 -0.0473123 0.769047 196.392 0 0
27.0837 31.2923 47.6493 0.638111 -0.0473571 0.768479 196.392 0 0
