-40.7445 -43.9738 34.8193 -0.701559 -0.0137799 0.712479 0 1 1
-40.1956 -44.4081 35.3519 -0.701349 -0.0136489 0.712688 0.36992 0 1
-40.3982 -43.4797 35.1659 -0.701072 -0.0133682 0.712965 0.461691 0 1
-40.7167 -43.5793 34.8543 -0.700839 -0.0129356 0.713202 0.614459 0 1
-41.1347 -43.0824 34.4507 -0.700834 -0.0124257 0.713216 0.865626 0 1
-40.2824 -42.7318 35.2893 -0.701215 -0.0119597 0.712849 1.09258 0 1
-39.6562 -43.4315 35.8891 -0.702006 -0.0116551 0.712075 1.33368 0 1
-39.6278 -44.6111 35.8932 -0.703051 -0.0115773 0.711045 1.56344 0 1
-40.2903 -45.2831 35.2497 -0.704039 -0.0117101 0.710065 1.8956 0 1
-41.2106 -44.2047 34.356 -0.704611 -0.0119563 0.709493 1.90233 0 1
-41.2091 -44.1718 34.3581 -0.704497 -0.0121661 0.709602 2.05262 0 1
-41.6385 -44.5641 33.9057 -0.703633 -0.0121851 0.710459 2.25437 0 1
-41.6568 -43.5512 33.8997 -0.702213 -0.0119105 0.711867 2.53295 0 1
-41.3653 -42.2265 34.2389 -0.700642 -0.0113313 0.713423 2.73684 0 1
-40.6612 -42.0386 34.9381 -0.69941 -0.0105334 0.714643 2.9448 0 1
-39.9337 -42.0996 35.6432 -0.698931 -0.00966645 0.715123 3.16678 0 1
-39.2706 -42.6809 36.2636 -0.699402 -0.00889125 0.714674 3.44681 0 1
-39.1201 -44.0195 36.3872 -0.700732 -0.00833259 0.713376 3.75563 0 1
-39.3201 -45.5125 36.1936 -0.702569 -0.00805307 0.71157 4.03766 0 1
-40.2459 -46.0013 35.2896 -0.704382 -0.00804672 0.709776 4.2728 0 1
-41.0732 -45.7849 34.4726 -0.705605 -0.00824256 0.708557 4.4584 0 1
-41.5088 -45.0831 34.0331 -0.705782 -0.00851641 0.708378 4.61961 0 1
-42.0673 -44.9663 33.454 -0.704682 -0.00871837 0.709469 4.88619 0 1
-41.6766 -46.1871 33.8431 -0.702367 -0.00871954 0.711761 5.12845 0 1
-40.8705 -46.6351 34.666 -0.699186 -0.00846598 0.71489 5.33355 0 1
-40.1306 -46.6656 35.3984 -0.695706 -0.00801679 0.718282 5.55645 0 1
-39.3378 -46.5566 36.1819 -0.692591 -0.00754205 0.721291 5.78958 0 1
-38.7052 -45.834 36.7631 -0.690443 -0.00726763 0.72335 6.00496 0 1
-38.6444 -44.782 36.831 -0.689672 -0.00738223 0.724084 6.2644 0 1
-38.6434 -43.5209 36.8344 -0.690426 -0.00795287 0.723359 6.56271 0 1
-38.8837 -42.1133 36.6175 -0.692599 -0.00889569 0.721268 6.82646 0 1
-39.6895 -41.4384 35.8772 -0.6959 -0.0100142 0.718069 7.18216 0 1
-40.9339 -41.3723 34.6796 -0.699916 -0.0110774 0.714139 7.38744 0 1
-41.6415 -41.4968 33.978 -0.704166 -0.0118976 0.709936 7.69754 0 1
-42.1153 -42.8604 33.4701 -0.708131 -0.0123775 0.705972 7.92324 0 1
-42.1122 -43.9699 33.4184 -0.711295 -0.0125168 0.702782 8.0327 0 1
-42.0866 -44.5231 33.4384 -0.713196 -0.0123842 0.700856 8.16726 0 1
-42.5417 -44.3633 32.9626 -0.713486 -0.0120717 0.700566 8.37233 0 1
-42.5 -45.3953 32.9961 -0.712007 -0.0116548 0.702075 8.58816 0 1
-42.374 -46.465 33.1186 -0.708836 -0.0111714 0.705285 8.80025 0 1
-41.7854 -47.1099 33.7195 -0.704294 -0.0106228 0.709829 9.16611 0 1
-40.4887 -47.3235 35.0358 -0.698902 -0.00999164 0.715148 9.3768 0 1
-39.7309 -47.3163 35.7845 -0.693296 -0.00926431 0.720594 9.59186 0 1
-38.961 -47.2343 36.5199 -0.688125 -0.00844617 0.725543 9.80246 0 1
-38.297 -46.7394 37.1191 -0.683967 -0.00756503 0.729474 10.0217 0 1
-38.1629 -45.6638 37.251 -0.681272 -0.00667179 0.732 10.2809 0 1
-38.1374 -44.3953 37.2832 -0.680318 -0.00585077 0.732894 10.5034 0 1
-38.156 -43.3138 37.2768 -0.681178 -0.00523876 0.732099 10.8531 0 1
-38.2966 -41.63 37.1515 -0.683714 -0.00502521 0.729733 11.0589 0 1
-38.8028 -40.8817 36.6945 -0.687596 -0.00539928 0.726073 11.2881 0 1
-39.6289 -40.7556 35.9351 -0.692377 -0.00644806 0.721507 11.5238 0 1
-40.465 -40.7061 35.148 -0.697579 -0.00806821 0.716463 11.7459 0 1
-41.2319 -40.7064 34.3897 -0.702768 -0.00996123 0.71135 11.9498 0 1
-41.9422 -40.7908 33.6848 -0.707573 -0.0117232 0.706543 12.2496 0 1
-42.5612 -41.9609 33.0301 -0.711671 -0.0129745 0.702393 12.495 0 1
-42.587 -43.1797 32.973 -0.714771 -0.0134674 0.699229 12.6889 0 1
-42.5518 -44.1417 32.9611 -0.716615 -0.0131396 0.697345 12.834 0 1
-43.0125 -43.8269 32.4962 -0.71701 -0.0121133 0.696957 13.041 0 1
-43.049 -42.7944 32.5034 -0.715867 -0.0106444 0.698156 13.2866 0 1
-43.0413 -41.5703 32.5256 -0.713228 -0.00904042 0.700873 13.5339 0 1
-42.8298 -40.3767 32.7616 -0.709279 -0.0075751 0.704887 13.7726 0 1
-42.0408 -40.0765 33.5853 -0.704314 -0.00642636 0.709859 13.9921 0 1
-41.2738 -40.0326 34.3492 -0.698699 -0.00565726 0.715393 14.1965 0 1
-40.5539 -40.0279 35.0563 -0.692844 -0.0052408 0.721069 14.5204 0 1
-39.4019 -40.0781 36.1502 -0.687181 -0.00511334 0.726469 14.7476 0 1
-38.5818 -40.1355 36.9022 -0.682156 -0.00522695 0.731188 14.9893 0 1
-37.8756 -40.8555 37.5401 -0.678207 -0.00557073 0.73485 15.2095 0 1
-37.7118 -41.9152 37.6834 -0.675726 -0.00615641 0.737127 15.5051 0 1
-37.6535 -43.3501 37.7182 -0.675017 -0.00698966 0.737769 15.7125 0 1
-37.6458 -44.3596 37.7159 -0.676235 -0.00804803 0.736642 16.0593 0 1
-37.6579 -46.0525 37.6985 -0.679337 -0.00927096 0.733768 16.3125 0 1
-37.8112 -47.2684 37.5505 -0.684044 -0.0105633 0.729364 16.5842 0 1
-38.6759 -47.9192 36.7703 -0.689877 -0.0118176 0.72383 16.805 0 1
-39.4575 -47.9712 36.0276 -0.696256 -0.0129515 0.717676 17.0202 0 1
-40.2312 -47.983 35.2811 -0.70264 -0.0139425 0.711409 17.2328 0 1
-40.9853 -47.959 34.5249 -0.708618 -0.0148342 0.705436 17.5187 0 1
-41.984 -47.8223 33.4945 -0.713932 -0.0156968 0.700039 17.8426 0 1
-42.8536 -46.7714 32.5953 -0.71842 -0.0165586 0.695413 18.2296 0 1
-42.9664 -44.8439 32.5061 -0.721934 -0.0173497 0.691744 18.2496 0 1
-42.9708 -44.7424 32.5025 -0.724292 -0.0179004 0.689261 18.3864 0 1
-43.4003 -45.0287 32.0391 -0.725277 -0.0180028 0.688222 18.6 0 1
-43.3722 -46.1111 32.0468 -0.724689 -0.0175041 0.688854 18.929 0 1
-43.2415 -47.7574 32.1417 -0.722404 -0.0163794 0.691277 19.1314 0 1
-42.7268 -48.4668 32.6649 -0.718415 -0.0147482 0.695459 19.3677 0 1
-41.9031 -48.5514 33.5588 -0.71287 -0.0128341 0.701179 19.5875 0 1
-41.1369 -48.6225 34.3596 -0.70609 -0.0108932 0.708039 19.825 0 1
-40.305 -48.6431 35.2011 -0.698551 -0.0091474 0.715502 20.048 0 1
-39.5062 -48.6289 35.9735 -0.690824 -0.00774746 0.722982 20.2671 0 1
-38.7091 -48.6015 36.7312 -0.683484 -0.00676467 0.729934 20.494 0 1
-37.8911 -48.4724 37.4727 -0.677032 -0.00619933 0.735928 20.7483 0 1
-37.2092 -47.608 38.0842 -0.671836 -0.00599437 0.740676 20.9806 0 1
-37.1768 -46.4859 38.1093 -0.668118 -0.00605492 0.744031 21.1853 0 1
-37.1556 -45.4832 38.1385 -0.66597 -0.00627406 0.745952 21.4575 0 1
-37.1745 -44.1501 38.1297 -0.665395 -0.00655432 0.746463 21.7941 0 1
-37.1474 -42.507 38.166 -0.666354 -0.00681304 0.745605 22.0294 0 1
-37.2115 -41.3507 38.1283 -0.668798 -0.00697285 0.743411 22.2492 0 1
-37.2961 -40.2742 38.0727 -0.672677 -0.00695489 0.739903 22.4601 0 1
-37.7977 -39.4917 37.6229 -0.677902 -0.00669398 0.735122 22.7022 0 1
-38.679 -39.4263 36.8188 -0.684283 -0.00618055 0.72919 22.9671 0 1
-39.6413 -39.361 35.9365 -0.691478 -0.00550867 0.722376 23.1893 0 1
-40.4141 -39.3535 35.19 -0.699 -0.00489043 0.715105 23.3972 0 1
-41.1442 -39.3528 34.4778 -0.70631 -0.00460299 0.707888 23.609 0 1
-41.8815 -39.353 33.7439 -0.712961 -0.00487236 0.701187 23.8455 0 1
-42.6973 -39.4035 32.9072 -0.7187 -0.00574829 0.695297 24.0691 0 1
-43.3491 -39.9187 32.1929 -0.723483 -0.00705028 0.690306 24.2731 0 1
-43.4889 -40.9219 32.0408 -0.727408 -0.00843009 0.686153 24.5133 0 1
-43.5103 -42.1334 32.0131 -0.730609 -0.00951575 0.682729 24.7164 0 1
-43.501 -43.1552 32.012 -0.733156 -0.0100491 0.679986 24.9672 0 1
-43.4273 -44.403 32.0359 -0.734998 -0.0099514 0.677996 25.1393 0 1
-44.0084 -44.2858 31.4113 -0.735966 -0.00931044 0.676954 25.4377 0 1
-44.0267 -42.7562 31.4375 -0.73582 -0.00832062 0.677126 25.6774 0 1
-44.0108 -41.5389 31.4661 -0.734337 -0.00721234 0.678746 25.908 0 1
-44.0066 -40.3602 31.4638 -0.731397 -0.00619627 0.681924 26.1083 0 1
-43.9302 -39.3437 31.5488 -0.727025 -0.00543176 0.68659 26.315 0 1
-43.3374 -38.7826 32.2066 -0.721398 -0.00501558 0.692502 26.6236 0 1
-42.2834 -38.6031 33.3375 -0.714797 -0.00498175 0.699314 26.8416 0 1
-41.5246 -38.597 34.1013 -0.707552 -0.00530378 0.706641 27.0762 0 1
-40.7028 -38.6135 34.9239 -0.700004 -0.00589827 0.714114 27.3219 0 1
-39.8423 -38.671 35.7479 -0.692489 -0.00663805 0.721398 27.5585 0 1
-39.0021 -38.5854 36.5292 -0.685309 -0.00738114 0.728215 27.7771 0 1
-38.2124 -38.6317 37.2552 -0.678713 -0.00800601 0.73436 27.9885 0 1
-37.445 -38.7349 37.951 -0.672858 -0.00843346 0.739724 28.1802 0 1
-36.841 -39.2358 38.486 -0.667809 -0.00862689 0.744283 28.391 0 1
-36.6973 -40.256 38.5904 -0.663574 -0.00858289 0.748061 28.6009 0 1
-36.5902 -41.2745 38.6682 -0.660181 -0.00832605 0.75106 28.929 0 1
-36.5957 -42.8924 38.6437 -0.65774 -0.00790685 0.753204 29.2272 0 1
-36.5553 -44.3468 38.6659 -0.656462 -0.00739514 0.754323 29.4305 0 1
-36.5672 -45.3348 38.6477 -0.656622 -0.00687165 0.754189 29.6621 0 1
-36.5731 -46.4599 38.6266 -0.658476 -0.00642687 0.752574 29.8761 0 1
-36.6277 -47.5048 38.5742 -0.662185 -0.00616436 0.749315 30.1012 0 1
-36.7168 -48.5997 38.4972 -0.667734 -0.00619756 0.744374 30.3576 0 1
-37.4299 -49.4241 37.8858 -0.674893 -0.00663432 0.737886 30.5804 0 1
-38.2256 -49.4139 37.1656 -0.683237 -0.00754917 0.730158 30.8132 0 1
-39.065 -49.4068 36.3964 -0.69221 -0.00894908 0.721641 31.044 0 1
-39.8807 -49.4153 35.6113 -0.701219 -0.0107515 0.712865 31.2783 0 1
-40.7072 -49.4385 34.7972 -0.709725 -0.012797 0.704362 31.5361 0 1
-41.5867 -49.4374 33.8728 -0.71731 -0.014898 0.696595 31.8516 0 1
-42.666 -49.2862 32.7103 -0.72371 -0.0168968 0.689897 32.0762 0 1
-43.4333 -49.0609 31.8692 -0.728831 -0.018701 0.684439 32.2567 0 1
-43.6878 -48.1917 31.6258 -0.732725 -0.0202855 0.680222 32.4749 0 1
-43.9391 -47.1257 31.3952 -0.735572 -0.0216734 0.677099 32.6805 0 1
-43.9243 -46.0836 31.4426 -0.737638 -0.0229137 0.674808 32.8103 0 1
-43.9426 -45.4228 31.441 -0.739243 -0.0240676 0.673008 32.9121 0 1
-43.9594 -44.9006 31.441 -0.740729 -0.0251995 0.671329 32.9121 0 1
