-39.348 17.1698 35.7514 -0.678193 -0.0254538 0.734432 0 1 0
-38.7162 16.6695 36.3189 -0.678639 -0.0253397 0.734035 0.402848 0 0
-39.2631 16.4477 35.8068 -0.679022 -0.0252437 0.733684 0.588551 0 0
-39.7552 15.9985 35.3393 -0.679282 -0.0251788 0.733445 0.87115 0 0
-39.0229 15.2306 35.985 -0.67936 -0.0251496 0.733374 1.09838 0 0
-38.3676 15.6438 36.6142 -0.679233 -0.0251528 0.733491 1.35337 0 0
-38.2497 16.7259 36.7553 -0.678938 -0.0251846 0.733764 1.58643 0 0
-38.5324 17.667 36.5278 -0.678564 -0.0252446 0.734107 1.84057 0 0
-39.289 18.0888 35.8414 -0.678221 -0.0253347 0.734421 2.14802 0 0
-39.9633 17.1215 35.1851 -0.677994 -0.0254559 0.734626 2.36044 0 0
-39.8445 16.1959 35.2654 -0.677927 -0.0256026 0.734683 2.52488 0 0
-40.3452 15.9666 34.7988 -0.678011 -0.0257582 0.734601 2.80021 0 0
-39.8014 14.9681 35.2567 -0.678196 -0.025891 0.734425 3.11295 0 0
-38.8625 14.3889 36.1059 -0.6784 -0.0259591 0.734234 3.39679 0 0
-38.0765 14.9855 36.8652 -0.678519 -0.0259221 0.734126 3.66531 0 0
-37.7328 16.0238 37.2161 -0.678444 -0.0257501 0.7342 4.06656 0 0
-37.9154 17.7231 37.1027 -0.678093 -0.0254235 0.734536 4.30721 0 0
-38.428 18.5065 36.657 -0.677432 -0.0249323 0.735163 4.53811 0 0
-39.1197 18.8653 36.0268 -0.676511 -0.0242901 0.736031 4.77555 0 0
-39.8615 18.65 35.3292 -0.675475 -0.0235559 0.737007 4.99617 0 0
-40.3541 17.9529 34.8561 -0.674524 -0.0228391 0.7379 5.24462 0 0
-40.5143 16.8791 34.675 -0.67385 -0.0222699 0.738532 5.41179 0 0
-40.3779 16.16 34.7748 -0.67357 -0.021954 0.738798 5.58368 0 0
-40.8465 15.7349 34.3454 -0.673696 -0.0219397 0.738683 5.95323 0 0
-40.15 14.3688 34.9321 -0.674162 -0.0222114 0.738249 6.27956 0 0
-39.188 13.6902 35.7826 -0.674861 -0.022704 0.737595 6.51748 0 0
-38.4159 13.6724 36.4967 -0.675684 -0.0233209 0.736822 6.76452 0 0
-37.7923 14.3063 37.1046 -0.676534 -0.0239481 0.736022 7.04613 0 0
-37.3375 15.3244 37.5567 -0.677318 -0.0244648 0.735283 7.28435 0 0
-37.1882 16.3132 37.7253 -0.677936 -0.0247607 0.734704 7.54799 0 0
-37.2833 17.434 37.6781 -0.678277 -0.0247573 0.734389 7.81222 0 0
-37.6158 18.4801 37.4092 -0.678243 -0.024426 0.734431 8.0998 0 0
-38.3253 19.2755 36.7814 -0.677781 -0.0237956 0.734878 8.348 0 0
-39.0828 19.5941 36.0863 -0.676916 -0.0229492 0.735702 8.61611 0 0
-39.9377 19.5074 35.2873 -0.675764 -0.0220178 0.736789 8.8451 0 0
-40.5526 18.9619 34.6952 -0.674523 -0.0211668 0.737951 9.08495 0 0
-40.9656 18.054 34.3006 -0.673425 -0.020567 0.738969 9.37266 0 0
-41.0422 16.7847 34.1932 -0.672685 -0.0203501 0.739649 9.45276 0 0
-40.9921 16.4351 34.2306 -0.672431 -0.0205687 0.739874 9.62147 0 0
-41.5384 16.2892 33.7405 -0.672681 -0.0211822 0.73963 9.8769 0 0
-41.5873 17.4213 33.7205 -0.673348 -0.022075 0.738996 10.1168 0 0
-41.4465 18.4614 33.8738 -0.674278 -0.023094 0.738117 10.4907 0 0
-40.7206 19.7823 34.5701 -0.675294 -0.0240887 0.737155 10.8688 0 0
-39.5644 20.3412 35.6646 -0.676245 -0.0249411 0.736255 11.1037 0 0
-38.8081 20.2936 36.3682 -0.677024 -0.0255819 0.735516 11.3322 0 0
-38.1116 19.9585 37.0057 -0.677579 -0.0259826 0.734991 11.7092 0 0
-37.1845 18.8881 37.8248 -0.677878 -0.0261271 0.73471 11.9431 0 0
-36.8298 17.9989 38.1205 -0.677894 -0.0259862 0.734701 12.201 0 0
-36.6868 16.911 38.2122 -0.67759 -0.025524 0.734997 12.4883 0 0
-36.7131 15.6887 38.1413 -0.676945 -0.0247323 0.735618 12.7453 0 0
-36.9765 14.6602 37.8658 -0.675974 -0.0236651 0.736545 12.9807 0 0
-37.3686 13.821 37.4817 -0.674749 -0.0224379 0.737706 13.2205 0 0
-37.9106 13.141 36.948 -0.673389 -0.0211967 0.738984 13.4562 0 0
-38.6064 12.7913 36.2889 -0.672036 -0.0200806 0.740247 13.7458 0 0
-39.5377 13.0583 35.4604 -0.670821 -0.0192061 0.741371 14.0276 0 0
-40.3473 13.6421 34.7429 -0.669855 -0.0186708 0.742258 14.3401 0 0
-41.0523 14.671 34.1368 -0.669222 -0.0185581 0.74283 14.5552 0 0
-41.3648 15.5391 33.8793 -0.668992 -0.0189252 0.743028 14.7211 0 0
-41.8991 15.3731 33.3985 -0.669208 -0.0197785 0.742811 14.9909 0 0
-42.1374 16.5435 33.2081 -0.669873 -0.0210516 0.742177 15.2243 0 0
-42.1282 17.5885 33.2388 -0.67093 -0.0226054 0.741176 15.4496 0 0
-41.9976 18.5742 33.3817 -0.672264 -0.0242543 0.739914 15.8077 0 0
-41.4286 19.9575 33.9363 -0.673719 -0.0258088 0.738537 16.0383 0 0
-40.8444 20.5949 34.4881 -0.675128 -0.0271138 0.737202 16.3063 0 0
-40.034 21.0117 35.2591 -0.676345 -0.0280705 0.73605 16.6098 0 0
-39.058 21.1008 36.1712 -0.677281 -0.0286385 0.735167 16.8459 0 0
-38.3154 20.8664 36.8528 -0.677913 -0.0288266 0.734576 17.0895 0 0
-37.6019 20.4158 37.4965 -0.678275 -0.0286734 0.734248 17.368 0 0
-36.9506 19.5761 38.0677 -0.678405 -0.0282206 0.734146 17.629 0 0
-36.4673 18.6516 38.4822 -0.67831 -0.0274922 0.734261 18.0358 0 0
-36.1536 16.9555 38.7057 -0.677961 -0.0264965 0.73462 18.4786 0 0
-36.2568 15.0806 38.5346 -0.677318 -0.0252542 0.735257 18.8571 0 0
-36.8067 13.6548 37.9954 -0.676376 -0.0238278 0.736171 19.1051 0 0
-37.2947 12.8591 37.5119 -0.675183 -0.0223256 0.737312 19.3436 0 0
-37.8772 12.2386 36.9427 -0.673839 -0.0208756 0.738584 19.5945 0 0
-38.6665 12.0271 36.2145 -0.672469 -0.019591 0.739866 19.9728 0 0
-39.8694 12.4404 35.1542 -0.671198 -0.0185486 0.741046 20.2082 0 0
-40.5437 12.9306 34.5575 -0.670132 -0.0177867 0.742028 20.4653 0 0
-41.1724 13.6977 34.0046 -0.669357 -0.0173188 0.742739 20.6762 0 0
-41.5932 14.4672 33.6494 -0.66894 -0.0171539 0.743119 20.8389 0 0
-42.0699 14.1236 33.2157 -0.668936 -0.0173149 0.743118 21.2148 0 0
-42.5816 15.6911 32.7918 -0.669371 -0.0178388 0.742714 21.4516 0 0
-42.7058 16.7538 32.7029 -0.670224 -0.0187537 0.741922 21.6745 0 0
-42.6665 17.758 32.7596 -0.671418 -0.020046 0.740808 21.9725 0 0
-42.4302 19.0557 33.0058 -0.672835 -0.0216403 0.739476 22.1977 0 0
-42.1125 19.9619 33.3145 -0.674341 -0.0234057 0.738049 22.4628 0 0
-41.5534 20.8666 33.852 -0.675804 -0.0251833 0.736651 22.8172 0 0
-40.5355 21.6076 34.8207 -0.677108 -0.0268181 0.735395 23.0743 0 0
-39.7309 21.8626 35.5819 -0.678156 -0.0281774 0.734377 23.3994 0 0
-38.6826 21.8138 36.5534 -0.678884 -0.0291576 0.733667 23.7624 0 0
-37.5785 21.2731 37.5568 -0.679277 -0.0296908 0.733281 24.0078 0 0
-36.9616 20.6002 38.1004 -0.679389 -0.0297564 0.733175 24.3176 0 0
-36.2939 19.6009 38.6819 -0.679317 -0.0293833 0.733257 24.5784 0 0
-35.8841 18.6217 39.0259 -0.679146 -0.0286368 0.733445 24.8869 0 0
-35.6416 17.3432 39.1947 -0.678889 -0.0275974 0.733722 25.1867 0 0
-35.6314 16.0666 39.151 -0.678475 -0.0263409 0.734151 25.5282 0 0
-35.7716 14.634 38.9624 -0.677787 -0.0249266 0.734836 25.7814 0 0
-36.1598 13.6886 38.5888 -0.67673 -0.0233939 0.73586 26.1336 0 0
-36.8074 12.5012 37.9552 -0.675277 -0.0217689 0.737243 26.3698 0 0
-37.3359 11.822 37.4325 -0.673487 -0.0200832 0.738927 26.6423 0 0
-38.0982 11.2702 36.7167 -0.671489 -0.0183955 0.740786 27.0173 0 0
-39.3059 11.3777 35.6256 -0.669462 -0.0167968 0.742656 27.2874 0 0
-40.1332 11.8021 34.904 -0.667601 -0.0153872 0.744361 27.6788 0 0
-41.2187 12.7256 33.9535 -0.666096 -0.0142405 0.74573 27.9449 0 0
-41.8077 13.6108 33.436 -0.66512 -0.0133889 0.746616 28.1331 0 0
-42.4445 13.538 32.873 -0.664801 -0.0128377 0.74691 28.3661 0 0
-41.9454 12.7056 33.303 -0.665177 -0.012594 0.746579 28.6704 0 0
-41.1836 11.7859 33.9753 -0.66617 -0.0126837 0.745692 28.9391 0 0
-40.4114 11.1897 34.6431 -0.667595 -0.0131508 0.744409 29.1895 0 0
-39.653 10.7465 35.3029 -0.669223 -0.014038 0.742929 29.4561 0 0
-38.8135 10.4397 36.0449 -0.670856 -0.0153577 0.741429 29.8579 0 0
-37.5384 10.7089 37.2249 -0.672373 -0.0170684 0.740016 30.0954 0 0
-36.9213 11.2811 37.8095 -0.673739 -0.0190693 0.738723 30.4502 0 0
-36.1839 12.3956 38.5355 -0.67497 -0.0212182 0.73754 30.7645 0 0
-35.613 13.4474 39.0802 -0.676096 -0.0233582 0.736443 31.1995 0 0
-35.1237 15.1564 39.5783 -0.677131 -0.0253389 0.735426 31.6047 0 0
-35.0412 16.8706 39.73 -0.678074 -0.0270268 0.734497 31.9474 0 0
-35.2434 18.3027 39.6047 -0.678901 -0.0283105 0.733684 32.2853 0 0
-35.6856 19.6195 39.2525 -0.679565 -0.029106 0.733038 32.5701 0 0
-36.2237 20.5968 38.7927 -0.679985 -0.0293654 0.732637 32.9009 0 0
-37.0012 21.5549 38.1065 -0.680051 -0.029084 0.732587 33.1796 0 0
-37.7623 22.1923 37.4272 -0.679645 -0.0283021 0.732995 33.5274 0 0
-38.835 22.5918 36.4461 -0.678673 -0.0270953 0.733941 33.8287 0 0
-39.8036 22.6253 35.5496 -0.677101 -0.02556 0.735446 34.2404 0 0
-41.0605 22.1359 34.3449 -0.674976 -0.0237971 0.737456 34.527 0 0
-41.8648 21.4882 33.5827 -0.672436 -0.0218989 0.739831 34.7711 0 0
-42.4094 20.6814 33.0653 -0.669694 -0.019946 0.74237 34.9969 0 0
-42.7927 19.8082 32.6981 -0.666994 -0.0180185 0.744845 35.4089 0 0
-43.1921 18.0195 32.2944 -0.664573 -0.016209 0.747048 35.6416 0 0
-43.2589 16.961 32.2197 -0.662604 -0.0146141 0.748827 36.0248 0 0
-43.0959 15.2408 32.3351 -0.661184 -0.013299 0.750106 36.4033 0 0
-42.5166 13.6868 32.8127 -0.660329 -0.012265 0.750876 36.5754 0 0
-43.097 13.5302 32.3092 -0.660015 -0.0114548 0.751165 36.8199 0 0
-42.6033 12.6262 32.7281 -0.660212 -0.0108 0.751002 37.0445 0 0
-42.08 11.8859 33.1826 -0.660901 -0.0102766 0.750403 37.2888 0 0
-41.5575 11.0423 33.6282 -0.66205 -0.00992899 0.749394 37.5156 0 0
-40.8928 10.5518 34.2032 -0.663577 -0.00984785 0.748043 37.7556 0 0
-40.1235 10.2617 34.8816 -0.665331 -0.0101247 0.74648 37.9907 0 0
-39.4578 9.73541 35.4718 -0.667125 -0.0108167 0.744867 38.2474 0 0
-38.6367 9.59409 36.1973 -0.668787 -0.0119382 0.743358 38.5622 0 0
-37.6505 9.82113 37.1078 -0.670201 -0.0134664 0.742057 38.81 0 0
-36.9759 10.3405 37.7431 -0.67133 -0.0153445 0.741 39.1388 0 0
-36.1922 11.2241 38.4906 -0.672213 -0.0174815 0.740152 39.4416 0 0
-35.6401 12.2331 39.0254 -0.672942 -0.019759 0.739431 39.6987 0 0
-35.022 12.8975 39.6038 -0.67363 -0.0220508 0.73874 40.0128 0 0
-34.6282 14.0986 39.9904 -0.674369 -0.0242447 0.737996 40.4162 0 0
-34.5324 15.7958 40.1417 -0.675209 -0.0262517 0.737159 40.7493 0 0
-34.5352 17.2059 40.2086 -0.676146 -0.0279986 0.736235 41.1054 0 0
-34.695 18.6952 40.1257 -0.677138 -0.0294116 0.735268 41.4673 0 0
-35.2797 20.024 39.6476 -0.678127 -0.0304018 0.734315 41.707 0 0
-35.6946 20.8802 39.3016 -0.679053 -0.0308651 0.73344 41.945 0 0
-36.1763 21.6623 38.8854 -0.679849 -0.0307057 0.732709 42.2737 0 0
-36.9629 22.6004 38.1932 -0.680432 -0.0298813 0.732202 42.6255 0 0
-37.9789 23.2595 37.2756 -0.680679 -0.0284453 0.732029 42.857 0 0
-38.7122 23.3051 36.5922 -0.680444 -0.0265507 0.732319 43.1033 0 0
-39.4996 23.3441 35.8582 -0.679591 -0.0244079 0.733185 43.5003 0 0
-40.772 23.2997 34.659 -0.678046 -0.0222242 0.734683 43.825 0 0
-41.6745 22.5536 33.7924 -0.675846 -0.0201577 0.736768 44.0796 0 0
-42.4003 22.0055 33.0991 -0.673136 -0.0183027 0.739293 44.3511 0 0
-42.9271 20.9917 32.6036 -0.67014 -0.0166972 0.742047 44.6018 0 0
-43.2996 19.9747 32.2461 -0.667101 -0.0153404 0.74481 44.8322 0 0
-43.7175 19.0798 31.859 -0.664224 -0.0142078 0.747398 45.1553 0 0
-43.7566 17.5985 31.7971 -0.661639 -0.0132627 0.749705 45.4544 0 0
-43.9336 16.2507 31.6263 -0.659382 -0.0124635 0.751705 45.6952 0 0
-43.6405 15.2163 31.8636 -0.657405 -0.0117666 0.753446 46.0152 0 0
-43.2463 13.8453 32.1843 -0.655601 -0.0111281 0.755025 46.0238 0 0
-43.2326 13.8104 32.1956 -0.65384 -0.0105042 0.75656 46.0238 0 0
