-40.0007 16.6054 36.0215 -0.682155 -0.0289999 0.730632 0 1 0
-39.2451 16.2555 36.7191 -0.682507 -0.0280656 0.73034 0.507835 0 0
-39.3062 17.3866 36.7016 -0.682874 -0.0272371 0.730029 0.707518 0 0
-39.9076 17.132 36.1295 -0.683243 -0.0265212 0.72971 0.913439 0 0
-40.5654 17.0665 35.5131 -0.683577 -0.0258953 0.729418 1.26899 0 0
-40.1818 15.5656 35.8185 -0.683828 -0.0253344 0.729203 1.54761 0 0
-39.3568 15.0347 36.5694 -0.683958 -0.0248326 0.729098 1.90945 0 0
-38.6175 16.2135 37.3091 -0.683968 -0.0244072 0.729104 2.18521 0 0
-38.7791 17.3849 37.1989 -0.683898 -0.0240876 0.72918 2.51594 0 0
-39.5686 18.3305 36.4835 -0.683807 -0.0239022 0.729271 2.73642 0 0
-40.243 18.055 35.8425 -0.68374 -0.0238654 0.729336 2.82621 0 0
-40.4493 17.7779 35.6418 -0.683697 -0.0239626 0.729372 2.99802 0 0
-40.9591 18.1123 35.1778 -0.683627 -0.0241366 0.729432 3.29351 0 0
-40.2838 19.0363 35.8334 -0.683432 -0.0242885 0.72961 3.59436 0 0
-39.311 18.9637 36.7476 -0.683006 -0.0243042 0.730009 3.84231 0 0
-38.6468 18.3528 37.3568 -0.68227 -0.0240954 0.730703 4.19179 0 0
-38.1018 17.0267 37.822 -0.681209 -0.0236296 0.731708 4.5382 0 0
-38.2066 15.5589 37.6689 -0.679869 -0.0229319 0.732975 4.87164 0 0
-38.8722 14.4684 37.0053 -0.67835 -0.0220662 0.734408 5.12879 0 0
-39.6687 14.2766 36.2478 -0.676784 -0.0211166 0.735879 5.45501 0 0
-40.5446 15.0992 35.4759 -0.675327 -0.0201824 0.737242 5.83546 0 0
-41.0444 16.6501 35.0565 -0.674146 -0.0193777 0.738344 5.9453 0 0
-41.0824 17.1399 35.0329 -0.673393 -0.018822 0.739045 6.10751 0 0
-41.6245 17.1964 34.5488 -0.673161 -0.0186115 0.739262 6.35862 0 0
-41.5189 16.0788 34.6175 -0.673453 -0.0187864 0.738991 6.69724 0 0
-40.9911 14.7335 35.0655 -0.674181 -0.0193137 0.738314 6.99183 0 0
-40.265 13.8618 35.7007 -0.675205 -0.0200977 0.737356 7.2453 0 0
-39.5079 13.393 36.3718 -0.676383 -0.0210147 0.73625 7.50247 0 0
-38.7001 13.619 37.1353 -0.677592 -0.0219525 0.735111 7.76917 0 0
-38.0922 14.4039 37.7351 -0.678727 -0.0228302 0.734035 8.00938 0 0
-37.6943 15.273 38.1368 -0.67968 -0.0235895 0.73313 8.31628 0 0
-37.5413 16.5677 38.3272 -0.680323 -0.0241713 0.732513 8.57495 0 0
-37.6953 17.6529 38.2224 -0.680535 -0.0245074 0.732306 8.89376 0 0
-38.2457 18.8056 37.7507 -0.680241 -0.0245419 0.732577 9.15664 0 0
-38.8941 19.5156 37.1605 -0.679469 -0.0242747 0.733302 9.38617 0 0
-39.5654 19.927 36.5389 -0.678372 -0.0237912 0.734333 9.63372 0 0
-40.3643 19.8702 35.7923 -0.677202 -0.0232501 0.73543 9.92597 0 0
-41.132 19.1414 35.0498 -0.67624 -0.0228264 0.736328 10.1696 0 0
-41.5194 18.2054 34.6659 -0.675712 -0.0226435 0.736818 10.253 0 0
-41.5574 17.8346 34.6234 -0.675714 -0.0227365 0.736813 10.42 0 0
-42.0801 18.1075 34.1616 -0.676199 -0.0230611 0.736358 10.6927 0 0
-41.768 19.2454 34.4664 -0.676999 -0.0235306 0.735607 10.9424 0 0
-41.2191 20.0669 35.0058 -0.677909 -0.0240543 0.734752 11.3274 0 0
-40.0747 20.7076 36.0966 -0.678757 -0.0245569 0.733952 11.5786 0 0
-39.268 20.5601 36.8419 -0.67945 -0.0249782 0.733297 11.8056 0 0
-38.6079 20.1159 37.4512 -0.679956 -0.0252618 0.732818 12.0395 0 0
-38.0107 19.4933 37.9956 -0.680265 -0.0253475 0.732528 12.3109 0 0
-37.4396 18.6082 38.4929 -0.680349 -0.0251816 0.732455 12.661 0 0
-37.0509 17.1933 38.804 -0.680175 -0.0247437 0.732632 12.9945 0 0
-37.0301 15.7721 38.768 -0.67972 -0.0240672 0.733077 13.3545 0 0
-37.4423 14.351 38.3424 -0.678994 -0.023234 0.733777 13.6019 0 0
-37.9211 13.5415 37.8654 -0.678033 -0.0223446 0.734692 13.9335 0 0
-38.7399 12.6943 37.0629 -0.676899 -0.0214862 0.735763 14.1799 0 0
-39.5366 12.6231 36.3301 -0.675672 -0.0207161 0.736911 14.4424 0 0
-40.3304 13.0899 35.6264 -0.674456 -0.0200647 0.738043 14.6812 0 0
-40.9699 13.7056 35.0629 -0.673379 -0.019552 0.739039 15.0019 0 0
-41.6477 14.7987 34.4712 -0.672589 -0.0192032 0.739767 15.2695 0 0
-42.0226 15.8877 34.1601 -0.672223 -0.0190564 0.740104 15.5129 0 0
-42.1441 16.9669 34.0775 -0.672368 -0.0191535 0.739969 15.5959 0 0
-42.1598 17.3374 34.0721 -0.673031 -0.0195215 0.739357 15.7584 0 0
-42.6956 17.2565 33.5893 -0.674123 -0.020152 0.738344 16.0333 0 0
-42.5803 18.4756 33.7218 -0.675478 -0.0209963 0.737081 16.4363 0 0
-41.9816 20.0724 34.2903 -0.676887 -0.0219759 0.735759 16.793 0 0
-41.0666 21.0658 35.185 -0.67815 -0.0230018 0.734564 17.0785 0 0
-40.1932 21.4576 36.0134 -0.679115 -0.0239828 0.73364 17.341 0 0
-39.3412 21.3357 36.8023 -0.679707 -0.0248229 0.733064 17.6004 0 0
-38.5586 20.8875 37.5234 -0.679936 -0.0254257 0.732831 17.8929 0 0
-37.7721 20.1726 38.2435 -0.679896 -0.0257196 0.732858 18.1383 0 0
-37.215 19.42 38.7314 -0.679723 -0.0256844 0.733019 18.4221 0 0
-36.7435 18.3674 39.131 -0.679533 -0.0253521 0.733206 18.6915 0 0
-36.5249 17.2444 39.2913 -0.679362 -0.0247807 0.733385 18.926 0 0
-36.4516 16.2456 39.316 -0.679155 -0.0240268 0.733601 19.1604 0 0
-36.5362 15.2524 39.199 -0.678823 -0.0231415 0.733937 19.4016 0 0
-36.8269 14.3001 38.9169 -0.678301 -0.0221864 0.734449 19.6631 0 0
-37.2898 13.4129 38.4555 -0.677589 -0.0212453 0.735134 19.9826 0 0
-37.9827 12.4668 37.7684 -0.67674 -0.020412 0.735939 20.2499 0 0
-38.6762 11.8307 37.0969 -0.675832 -0.0197611 0.73679 20.4991 0 0
-39.4802 11.8 36.3653 -0.674929 -0.0193205 0.73763 20.7294 0 0
-40.175 12.1922 35.7469 -0.674061 -0.0190593 0.73843 20.9614 0 0
-40.8431 12.698 35.1575 -0.673227 -0.0188941 0.739194 21.2461 0 0
-41.5576 13.5103 34.5175 -0.67242 -0.018714 0.739933 21.5019 0 0
-42.0923 14.4176 34.0541 -0.671644 -0.0184205 0.740645 21.7405 0 0
-42.4541 15.39 33.761 -0.670935 -0.0179639 0.741299 22.0026 0 0
-42.6623 16.5363 33.6007 -0.670361 -0.0173573 0.741832 22.1651 0 0
-43.1973 16.6525 33.118 -0.670022 -0.0166722 0.742154 22.559 0 0
-42.8777 14.9067 33.3684 -0.670036 -0.016022 0.742156 22.8795 0 0
-42.3394 13.6281 33.8056 -0.670497 -0.0155347 0.741749 23.108 0 0
-41.8121 12.8512 34.2766 -0.671426 -0.0153142 0.740913 23.472 0 0
-40.8196 11.8736 35.1611 -0.67273 -0.0154103 0.739728 23.7023 0 0
-40.1455 11.3911 35.7569 -0.67422 -0.0158205 0.738362 23.941 0 0
-39.4301 10.9593 36.3966 -0.675673 -0.0165159 0.737017 24.1897 0 0
-38.6302 10.9829 37.1247 -0.676907 -0.0174647 0.735861 24.4329 0 0
-37.9603 11.5035 37.7549 -0.677836 -0.0186354 0.734976 24.7278 0 0
-37.2595 12.3203 38.45 -0.678478 -0.0199871 0.734349 25.046 0 0
-36.6422 13.3611 39.0636 -0.678926 -0.0214594 0.733893 25.29 0 0
-36.234 14.2141 39.4561 -0.679304 -0.0229697 0.733498 25.5553 0 0
-35.9718 15.2698 39.7167 -0.679714 -0.0244197 0.733071 25.7924 0 0
-35.9213 16.2789 39.8065 -0.680215 -0.0257011 0.732562 26.031 0 0
-36.0074 17.2951 39.7707 -0.680804 -0.0267034 0.731979 26.2664 0 0
-36.1515 18.2873 39.6745 -0.681421 -0.0273259 0.731381 26.5066 0 0
-36.4508 19.2452 39.4346 -0.681951 -0.0274979 0.730881 26.7679 0 0
-36.9717 20.1377 38.9854 -0.682247 -0.0272014 0.730616 27.0132 0 0
-37.5468 20.8679 38.4795 -0.682177 -0.0264832 0.730708 27.4556 0 0
-38.7658 21.833 37.3708 -0.681666 -0.0254462 0.731221 27.7653 0 0
-39.7288 22.1751 36.47 -0.680726 -0.0242181 0.732138 27.9941 0 0
-40.4811 22.1567 35.7665 -0.679463 -0.0229097 0.733352 28.2795 0 0
-41.3482 21.7025 34.9376 -0.678055 -0.0215853 0.734694 28.635 0 0
-42.2672 20.7467 34.0459 -0.676716 -0.0202633 0.735965 28.9937 0 0
-42.9378 19.3791 33.4215 -0.675653 -0.0189502 0.736976 29.2965 0 0
-43.1891 18.0731 33.1619 -0.675028 -0.017684 0.73758 29.5754 0 0
-43.2052 16.8227 33.1153 -0.674931 -0.0165581 0.737695 29.7398 0 0
-43.7596 16.9012 32.6201 -0.675376 -0.0157113 0.737306 29.9874 0 0
-43.7776 18.0316 32.6274 -0.6763 -0.0152903 0.736468 30.2783 0 0
-43.5149 19.2999 32.8909 -0.677579 -0.0154077 0.735289 30.5796 0 0
-43.0715 20.514 33.313 -0.679048 -0.0161099 0.733917 30.8158 0 0
-42.5842 21.3518 33.7695 -0.680534 -0.017363 0.732511 31.0363 0 0
-42.0244 21.9907 34.3112 -0.681885 -0.0190569 0.731211 31.2788 0 0
-41.3525 22.5737 34.9565 -0.682995 -0.0210289 0.73012 31.6725 0 0
-40.0843 22.9126 36.1624 -0.683805 -0.0230965 0.729299 31.917 0 0
-39.2858 22.8256 36.9181 -0.684298 -0.0250829 0.728771 32.1484 0 0
-38.5749 22.475 37.5797 -0.684477 -0.0268245 0.728541 32.4391 0 0
-37.7235 21.935 38.3589 -0.684357 -0.028167 0.728603 32.7461 0 0
-36.95 21.1001 39.0496 -0.683966 -0.0289781 0.728938 33.0214 0 0
-36.3239 20.2584 39.5994 -0.683351 -0.0291847 0.729506 33.2812 0 0
-35.8723 19.3113 39.9811 -0.682599 -0.0288104 0.730225 33.5226 0 0
-35.6135 18.3351 40.1809 -0.681831 -0.0279715 0.730975 33.7615 0 0
-35.5004 17.3261 40.2406 -0.681172 -0.0268248 0.731632 34.0013 0 0
-35.394 16.3102 40.2942 -0.680694 -0.0255023 0.732124 34.2402 0 0
-35.4187 15.2935 40.2284 -0.680364 -0.0240794 0.732479 34.4772 0 0
-35.5995 14.3176 40.0375 -0.680053 -0.0225872 0.732815 34.7374 0 0
-35.9817 13.3541 39.6721 -0.679588 -0.0210401 0.733292 35.0061 0 0
-36.4748 12.4713 39.1907 -0.678817 -0.0194563 0.73405 35.3029 0 0
-37.0653 11.5408 38.6066 -0.677655 -0.0178703 0.735163 35.6415 0 0
-37.8749 10.6441 37.8154 -0.676103 -0.0163418 0.736626 35.9124 0 0
-38.6435 10.1061 37.1009 -0.674237 -0.0149533 0.738364 36.2525 0 0
-39.7219 10.3443 36.1237 -0.672178 -0.013788 0.740261 36.5095 0 0
-40.4667 10.8424 35.457 -0.670049 -0.0128957 0.742205 36.8478 0 0
-41.4462 11.5749 34.594 -0.667939 -0.0122679 0.744115 37.1108 0 0
-42.1335 12.3081 33.9818 -0.665906 -0.0118365 0.745941 37.3514 0 0
-42.7255 13.0688 33.4624 -0.664007 -0.0114987 0.747638 37.6051 0 0
-43.1813 14.068 33.0774 -0.662315 -0.0111588 0.749142 37.8927 0 0
-43.5069 15.3154 32.815 -0.660932 -0.0107677 0.750368 38.1123 0 0
-43.6753 16.2943 32.6841 -0.659962 -0.0103352 0.751228 38.3042 0 0
-44.3285 16.1945 32.111 -0.659488 -0.00990773 0.75165 38.6289 0 0
-44.0644 14.7413 32.321 -0.65955 -0.00953134 0.7516 38.8514 0 0
-43.6916 13.8442 32.6317 -0.660143 -0.00923092 0.751083 39.1288 0 0
-43.3539 12.6533 32.9098 -0.661225 -0.00902015 0.750133 39.3665 0 0
-42.6747 12.0506 33.5049 -0.662729 -0.00893002 0.748806 39.6353 0 0
-42.0282 11.1804 34.0673 -0.664564 -0.00902663 0.747177 39.8624 0 0
-41.4115 10.5667 34.6058 -0.666604 -0.0093969 0.745353 40.0883 0 0
-40.7567 10.0679 35.1859 -0.668697 -0.0101113 0.743466 40.3878 0 0
-39.8512 9.52214 35.9967 -0.67069 -0.0111959 0.741654 40.6347 0 0
-39.1176 9.07875 36.6562 -0.672465 -0.0126341 0.740021 40.9571 0 0
-38.154 9.55675 37.5437 -0.673972 -0.014386 0.738617 41.1911 0 0
-37.4638 9.93397 38.1843 -0.675225 -0.0163983 0.73743 41.5972 0 0
-36.4521 10.9893 39.1679 -0.676284 -0.0185983 0.736406 41.8855 0 0
-36.0476 12.056 39.5702 -0.677228 -0.0208863 0.735477 42.1708 0 0
-35.4237 12.8848 40.1673 -0.678125 -0.0231418 0.734582 42.5793 0 0
-34.9976 14.4781 40.5979 -0.679027 -0.0252409 0.733679 43.006 0 0
-34.8669 16.2542 40.78 -0.67997 -0.0270699 0.73274 43.2589 0 0
-35.0095 17.3143 40.6961 -0.680971 -0.0285272 0.731754 43.5164 0 0
-35.012 18.404 40.7461 -0.682031 -0.0295169 0.730727 43.9273 0 0
-35.4837 20.0267 40.3774 -0.683127 -0.0299476 0.729685 44.219 0 0
-36.1041 20.9575 39.8381 -0.684208 -0.029746 0.72868 44.5419 0 0
-36.8214 21.961 39.2089 -0.685184 -0.0288828 0.727797 44.8056 0 0
-37.5187 22.6037 38.5825 -0.68594 -0.027396 0.727142 45.0654 0 0
-38.2158 23.227 37.9557 -0.686346 -0.025398 0.726832 45.3305 0 0
-39.0299 23.5 37.1845 -0.686281 -0.0230605 0.726971 45.7495 0 0
-40.3842 23.6153 35.9008 -0.685637 -0.0205881 0.727652 45.9919 0 0
-41.1697 23.4194 35.1533 -0.684322 -0.01819 0.728953 46.2194 0 0
-41.8453 22.9867 34.4984 -0.682275 -0.016056 0.73092 46.4884 0 0
-42.6563 22.4876 33.7179 -0.67948 -0.0143344 0.733554 46.7906 0 0
-43.2429 21.341 33.1639 -0.675985 -0.0131146 0.736799 47.1146 0 0
-43.9728 20.2453 32.48 -0.671885 -0.0124162 0.740551 47.3434 0 0
-44.051 19.1961 32.3947 -0.667305 -0.0121897 0.744685 47.5684 0 0
-44.4442 18.303 32.0366 -0.662377 -0.0123277 0.749069 47.7882 0 0
-44.3168 17.2985 32.1401 -0.657237 -0.0126831 0.753577 47.9108 0 0
-44.4392 16.7619 32.0252 -0.65202 -0.0130932 0.758089 47.9108 0 0
