14.9227 45.3406 57.7171 0.319205 -0.00447955 0.947675 0 1 1
15.5669 45.1842 57.5022 0.31962 -0.00177342 0.947544 0.469634 0 1
15.8024 44.1855 57.4231 0.319807 0.000683682 0.947482 0.865774 0 1
15.5996 42.7364 57.4989 0.319776 0.00296605 0.947489 1.03345 0 1
15.0787 42.4626 57.6845 0.31963 0.00520649 0.947528 1.44312 0 1
14.9742 43.9412 57.697 0.319509 0.00745847 0.947554 1.70707 0 1
14.9371 44.9153 57.7103 0.319532 0.00962651 0.947527 1.94075 0 1
14.2517 44.4461 57.9388 0.319795 0.0115023 0.947417 2.25008 0 1
14.2795 43.3036 57.9433 0.320373 0.0128641 0.947204 2.56479 0 1
14.3779 42.1645 57.9313 0.321285 0.0135628 0.946885 2.85018 0 1
14.7843 41.2448 57.8188 0.322446 0.0135532 0.946491 3.18778 0 1
15.9008 41.1587 57.4259 0.323657 0.012881 0.946087 3.49919 0 1
16.3633 42.1797 57.2512 0.324664 0.0116677 0.945757 3.89508 0 1
16.4895 43.6296 57.1923 0.325252 0.0101174 0.945573 4.18462 0 1
16.4776 44.7098 57.1976 0.325318 0.0085292 0.945566 4.54588 0 1
16.3254 46.0279 57.2308 0.324899 0.00727428 0.945721 4.85302 0 1
15.5424 46.8248 57.5105 0.324154 0.00671347 0.945981 5.20497 0 1
14.3816 46.4058 57.9044 0.32329 0.00707955 0.946274 5.46998 0 1
14.2321 45.4471 57.9502 0.32247 0.00838643 0.946543 5.6846 0 1
13.5165 45.677 58.1913 0.321762 0.0104175 0.946763 5.96616 0 1
13.522 44.6423 58.185 0.321165 0.0127988 0.946937 6.47897 0 1
13.5961 42.7517 58.173 0.320707 0.0151142 0.947058 6.79063 0 1
13.6651 41.6306 58.1864 0.320512 0.0170054 0.947092 7.22474 0 1
14.4765 40.3794 57.9555 0.320781 0.0182301 0.946978 7.59687 0 1
15.696 40.2419 57.5278 0.321678 0.0186786 0.946665 7.92918 0 1
16.796 40.5517 57.1432 0.323203 0.0183624 0.946151 8.22408 0 1
17.0521 41.5913 57.0383 0.325133 0.0173802 0.945509 8.62322 0 1
17.1914 43.0405 56.9641 0.327075 0.0158737 0.944865 8.89572 0 1
17.1951 44.0588 56.9533 0.328593 0.0139932 0.944368 9.22741 0 1
17.1521 45.2931 56.9326 0.329325 0.0118906 0.944142 9.51585 0 1
17.0818 46.3915 56.9504 0.329071 0.00974418 0.944255 9.79425 0 1
16.778 47.4036 57.0617 0.32781 0.00779409 0.944712 10.0716 0 1
15.8439 47.7456 57.3924 0.325696 0.00634755 0.945453 10.4091 0 1
14.657 47.6532 57.8074 0.323028 0.00572338 0.946372 10.7176 0 1
13.69 47.1677 58.1395 0.320205 0.00615066 0.947328 11.0315 0 1
13.5391 46.0357 58.1856 0.317656 0.00767345 0.948175 11.2442 0 1
12.8051 45.9311 58.4279 0.315754 0.0101129 0.948787 11.7262 0 1
12.7884 44.1571 58.4315 0.314734 0.0131093 0.949089 12.0217 0 1
12.849 43.0902 58.4046 0.31467 0.0162254 0.949062 12.3403 0 1
12.8821 41.9303 58.4294 0.315534 0.0190603 0.948723 12.6627 0 1
13.0219 40.8082 58.4224 0.317279 0.021328 0.948092 13.0015 0 1
13.4329 39.7314 58.3249 0.319867 0.0228855 0.947186 13.2869 0 1
14.3411 39.4632 58.0328 0.323219 0.0237106 0.946027 13.5989 0 1
15.373 39.4346 57.669 0.32714 0.0238451 0.944675 14.0017 0 1
16.7385 39.4995 57.1947 0.331286 0.0233362 0.943242 14.2823 0 1
17.6325 39.8849 56.8858 0.335211 0.0222195 0.941881 14.6398 0 1
17.835 41.157 56.7821 0.338476 0.020551 0.94075 14.9607 0 1
17.8711 42.3382 56.74 0.340745 0.0184493 0.939975 15.2769 0 1
17.8805 43.5167 56.7133 0.341845 0.0160922 0.939619 15.5682 0 1
17.858 44.6064 56.6928 0.341774 0.0136607 0.939683 15.8375 0 1
17.8336 45.6302 56.6729 0.340677 0.01127 0.940113 16.0958 0 1
17.7923 46.6353 56.6896 0.338803 0.0089421 0.940815 16.5123 0 1
17.4826 48.2081 56.8077 0.336438 0.00663732 0.941682 16.7896 0 1
16.5452 48.5595 57.1382 0.333816 0.00433152 0.942628 17.1508 0 1
15.2628 48.5277 57.595 0.331053 0.00210645 0.94361 17.4981 0 1
14.0552 48.405 58.0123 0.328127 0.000206461 0.944634 17.8258 0 1
12.9929 48.0009 58.3775 0.324954 -0.00098975 0.945729 18.1235 0 1
12.8329 46.9437 58.4252 0.321507 -0.00109112 0.946907 18.2042 0 1
12.8254 46.6495 58.4235 0.317916 0.000145861 0.948119 18.4612 0 1
12.0154 47.0393 58.7067 0.31452 0.00270152 0.949247 18.8395 0 1
11.9189 45.7045 58.719 0.311801 0.00626845 0.950127 19.2021 0 1
12.0612 44.4033 58.6518 0.310247 0.0103155 0.9506 19.5849 0 1
11.9312 43.0146 58.6972 0.310196 0.0142191 0.950566 19.9566 0 1
11.8894 41.7039 58.7463 0.311748 0.0174322 0.950005 20.3783 0 1
12.0529 40.2816 58.7476 0.314787 0.0196343 0.948959 20.7018 0 1
12.4243 39.2853 58.6708 0.31905 0.0207936 0.94751 21.2362 0 1
13.9829 38.5181 58.1897 0.324192 0.0211128 0.945756 21.5307 0 1
14.9472 38.529 57.8526 0.329817 0.0208934 0.943814 21.8549 0 1
16.0236 38.5126 57.4635 0.335485 0.0203873 0.941825 22.1638 0 1
17.0771 38.5645 57.0831 0.340738 0.0197017 0.939952 22.4762 0 1
18.1283 38.8955 56.7145 0.345159 0.0187965 0.938356 22.7468 0 1
18.5511 39.7836 56.535 0.348441 0.0175675 0.937166 23.0203 0 1
18.7126 40.7958 56.4458 0.350435 0.0159581 0.936451 23.3543 0 1
18.7261 42.0769 56.4134 0.35115 0.0140348 0.936214 23.6777 0 1
18.6994 43.3218 56.3981 0.350709 0.0119917 0.936408 23.9918 0 1
18.6712 44.537 56.384 0.349292 0.0100968 0.93696 24.2958 0 1
18.6621 45.7241 56.3692 0.347098 0.00860558 0.937789 24.6153 0 1
18.6968 46.9823 56.3606 0.344356 0.00766504 0.938808 24.8757 0 1
18.5009 47.9726 56.4359 0.341341 0.00723492 0.939912 25.1609 0 1
18.2269 49.0413 56.5353 0.33838 0.00706771 0.940983 25.6233 0 1
16.619 49.5901 57.1092 0.335816 0.00677078 0.941903 25.9221 0 1
15.5539 49.5346 57.484 0.333939 0.00593216 0.942576 26.2217 0 1
14.5418 49.226 57.8373 0.332911 0.00425624 0.942949 26.5346 0 1
13.4584 49.3467 58.2012 0.332734 0.00165362 0.943019 26.8686 0 1
12.3883 48.9288 58.562 0.33325 -0.00174384 0.942837 27.1712 0 1
12.1423 47.8911 58.6684 0.334186 -0.00563791 0.94249 27.3209 0 1
12.0185 47.3845 58.7119 0.335211 -0.00965885 0.942051 27.3209 0 1
