-15.1901 -42.6316 56.6173 -0.402597 0.00287526 0.915372 0 1 1
-14.7465 -42.5141 56.8001 -0.396801 0.00539449 0.917889 0.467047 0 1
-14.413 -43.653 56.9482 -0.391848 0.00797356 0.919995 0.775905 0 1
-14.3596 -44.733 56.9731 -0.387718 0.0103936 0.92172 0.998371 0 1
-15.0729 -44.8793 56.6935 -0.384138 0.0123277 0.923193 1.28202 0 1
-15.1724 -43.8841 56.6509 -0.380819 0.0134984 0.924551 1.42867 0 1
-15.1327 -43.3672 56.6455 -0.377609 0.0138027 0.925862 1.65627 0 1
-15.8908 -43.3771 56.3233 -0.374551 0.0133359 0.92711 1.94529 0 1
-15.939 -44.4637 56.3512 -0.371854 0.0123306 0.928209 2.39721 0 1
-15.7752 -46.062 56.4336 -0.369825 0.0110794 0.929035 2.72398 0 1
-14.9493 -46.8205 56.7529 -0.368763 0.00987025 0.929471 3.11296 0 1
-13.9217 -45.9679 57.1402 -0.368797 0.00890365 0.929467 3.50282 0 1
-13.7578 -44.5985 57.2084 -0.369766 0.00820671 0.929089 4.02134 0 1
-13.8037 -42.8007 57.1727 -0.371213 0.00762561 0.928516 4.36081 0 1
-14.0003 -41.6503 57.0758 -0.372513 0.00694529 0.928001 4.75026 0 1
-15.1943 -41.1655 56.6051 -0.373084 0.00606049 0.927778 5.08176 0 1
-15.8357 -42.196 56.3329 -0.372586 0.00506233 0.927984 5.31465 0 1
-15.8787 -43.0874 56.3156 -0.37101 0.00417527 0.928619 5.51615 0 1
-16.5672 -42.9181 56.0137 -0.368655 0.0036016 0.929559 5.92172 0 1
-16.4463 -41.3058 56.1187 -0.365973 0.00339429 0.930619 6.23061 0 1
-15.7963 -40.3759 56.3852 -0.363398 0.00344174 0.931628 6.51055 0 1
-14.8146 -40.2654 56.7589 -0.361213 0.00355546 0.932477 6.81229 0 1
-13.7905 -40.4497 57.1577 -0.359522 0.00358735 0.93313 7.16063 0 1
-13.2505 -41.5278 57.3706 -0.358316 0.0035114 0.933594 7.61208 0 1
-13.1244 -43.0514 57.4389 -0.357588 0.00344908 0.933873 7.94285 0 1
-13.1036 -44.1808 57.4637 -0.357405 0.0036331 0.933942 8.24782 0 1
-13.12 -45.2205 57.453 -0.357891 0.00429681 0.933754 8.74075 0 1
-13.2898 -46.9199 57.3775 -0.359111 0.00550796 0.933279 9.06736 0 1
-14.1282 -47.6456 57.0583 -0.360972 0.00704316 0.93255 9.37494 0 1
-15.1598 -47.672 56.6776 -0.363209 0.00842145 0.93167 9.71897 0 1
-16.2501 -47.2906 56.2595 -0.365453 0.00910986 0.930785 10.0213 0 1
-16.5366 -46.2518 56.1454 -0.36732 0.00877456 0.930053 10.4276 0 1
-16.6064 -44.8127 56.0787 -0.368449 0.00742587 0.929618 10.7404 0 1
-16.5967 -43.6778 56.0371 -0.368511 0.00540334 0.929608 10.9319 0 1
-17.2677 -43.6776 55.7534 -0.367236 0.00324901 0.930122 11.189 0 1
-17.2691 -42.6751 55.7367 -0.364502 0.00154067 0.931201 11.5747 0 1
-17.2173 -41.1307 55.8257 -0.360445 0.000728245 0.93278 11.8428 0 1
-16.9937 -40.1475 55.9215 -0.355519 0.00100267 0.934669 12.1401 0 1
-16.0772 -39.578 56.2885 -0.350429 0.00223727 0.936587 12.4257 0 1
-15.0684 -39.4882 56.6706 -0.345962 0.00403669 0.93824 12.7418 0 1
-13.9683 -39.5355 57.0777 -0.342762 0.0058828 0.939404 13.0238 0 1
-13.0217 -39.737 57.3972 -0.341153 0.0073122 0.939979 13.3066 0 1
-12.4657 -40.5647 57.6039 -0.341089 0.00804754 0.939997 13.7575 0 1
-12.4663 -42.1494 57.6615 -0.342247 0.00804052 0.939576 14.1171 0 1
-12.4589 -43.3551 57.6856 -0.344241 0.00743649 0.938852 14.4473 0 1
-12.4577 -44.4766 57.713 -0.346831 0.00650316 0.937905 14.7463 0 1
-12.4648 -45.4915 57.704 -0.350001 0.0055628 0.936733 15.1243 0 1
-12.5112 -46.7989 57.6809 -0.353873 0.00493379 0.935281 15.496 0 1
-12.8157 -48.0603 57.5618 -0.358502 0.00485656 0.933516 15.818 0 1
-13.8148 -48.4082 57.1754 -0.36373 0.00539545 0.931489 16.1013 0 1
-14.7602 -48.4898 56.827 -0.369172 0.00636541 0.929339 16.5046 0 1
-16.105 -48.4069 56.3182 -0.374337 0.00736166 0.927263 16.806 0 1
-16.9976 -47.8797 55.9733 -0.378772 0.00791472 0.925456 17.1839 0 1
-17.2342 -46.5561 55.8533 -0.382146 0.0076939 0.92407 17.5092 0 1
-17.3022 -45.3837 55.7992 -0.384254 0.00663875 0.923204 17.7849 0 1
-17.2559 -44.3642 55.7849 -0.384958 0.0049508 0.922921 17.9976 0 1
-17.9963 -44.4373 55.4673 -0.384156 0.00297235 0.923264 18.2906 0 1
-17.9778 -43.2944 55.4745 -0.381779 0.00104497 0.924253 18.6646 0 1
-18.0031 -41.8363 55.4802 -0.377845 -0.000560233 0.925869 18.9927 0 1
-17.9053 -40.5667 55.5417 -0.372518 -0.00161849 0.928024 19.4108 0 1
-17.4446 -39.0116 55.7479 -0.36616 -0.00190444 0.93055 19.7258 0 1
-16.3316 -38.7677 56.1911 -0.359324 -0.00121814 0.933212 20.0217 0 1
-15.2806 -38.7195 56.5964 -0.35269 0.000496281 0.93574 20.2914 0 1
-14.3398 -38.7047 56.9514 -0.346944 0.00302282 0.937881 20.5843 0 1
-13.3358 -38.7578 57.2942 -0.342617 0.00585052 0.939457 21.0288 0 1
-11.8651 -39.155 57.7954 -0.339956 0.00830419 0.940405 21.3242 0 1
-11.7075 -40.1973 57.8405 -0.338891 0.00977666 0.940775 21.6177 0 1
-11.6791 -41.2491 57.8825 -0.339122 0.00994724 0.94069 22.0122 0 1
-11.6089 -42.6134 57.9756 -0.340288 0.00888251 0.940279 22.3585 0 1
-11.6487 -43.7696 57.988 -0.342151 0.00698393 0.939619 22.6917 0 1
-11.6892 -44.8902 58.0082 -0.344712 0.00482244 0.938696 23.2574 0 1
-11.7858 -46.7781 57.9537 -0.348186 0.00294294 0.937421 23.6669 0 1
-11.6945 -48.2106 57.9851 -0.352826 0.00172128 0.935687 24.0256 0 1
-12.5517 -49.0547 57.6574 -0.358715 0.00131986 0.933446 24.2959 0 1
-13.4216 -49.1717 57.3287 -0.365631 0.00173237 0.930758 24.6843 0 1
-14.6696 -49.4792 56.8599 -0.373081 0.00286626 0.927794 25.1819 0 1
-16.3143 -49.2367 56.2393 -0.380462 0.00460849 0.924785 25.562 0 1
-17.558 -48.9478 55.7305 -0.387275 0.00685169 0.921939 25.8461 0 1
-17.8992 -47.9597 55.5624 -0.39327 0.00949139 0.919374 26.1917 0 1
-18.0036 -46.6553 55.5043 -0.398491 0.0124167 0.917088 26.5447 0 1
-17.954 -45.3143 55.513 -0.403208 0.0155076 0.914977 26.5524 0 1
-17.9539 -45.2853 55.5128 -0.407753 0.0186386 0.912816 26.5524 0 1
