55.6539 28.591 24.2632 0.587763 0.0432329 0.807877 0 1 0
56.2962 27.6568 23.8465 0.588996 0.0401098 0.80714 0.326358 0 0
56.5915 28.1477 23.6109 0.590169 0.0369889 0.806432 0.566567 0 0
56.1421 29.3788 23.8761 0.591047 0.0340631 0.805918 0.691477 0 0
55.6592 29.0127 24.2369 0.59143 0.0315845 0.805738 0.822263 0 0
55.1277 28.6777 24.6414 0.591303 0.0297605 0.8059 1.01943 0 0
55.1243 29.8064 24.6088 0.59089 0.0286813 0.806242 1.19602 0 0
55.5533 30.6554 24.2811 0.590591 0.0283017 0.806474 1.45865 0 0
56.6343 30.0656 23.4953 0.590822 0.0284771 0.806299 1.79379 0 0
57.26 28.3081 23.1444 0.591829 0.029022 0.805541 2.12713 0 0
56.9838 26.5139 23.3912 0.59356 0.0297588 0.80424 2.34641 0 0
55.9945 26.452 24.1034 0.595662 0.0305457 0.802655 2.60722 0 0
55.2869 27.6195 24.5851 0.597591 0.0312871 0.80119 2.777 0 0
55.126 28.5381 24.6501 0.598803 0.0319228 0.80026 2.90593 0 0
54.556 28.4753 25.1102 0.598933 0.0324004 0.800144 3.24355 0 0
54.5435 30.299 25.0663 0.597923 0.0326628 0.800888 3.54836 0 0
54.4552 31.9654 25.0758 0.596035 0.0326721 0.802294 3.79414 0 0
55.5126 31.5675 24.3132 0.593793 0.0324525 0.803963 4.05125 0 0
56.5563 31.1513 23.5354 0.591863 0.032106 0.805399 4.32249 0 0
57.3994 30.1049 22.9588 0.590913 0.0317765 0.80611 4.53513 0 0
57.7999 28.9801 22.746 0.591437 0.0315812 0.805733 4.72122 0 0
57.9348 27.9697 22.6714 0.593623 0.0315541 0.804124 4.99757 0 0
57.7735 26.4233 22.8254 0.597303 0.0316487 0.801391 5.21139 0 0
57.0616 25.581 23.3688 0.602022 0.0318022 0.797846 5.52856 0 0
55.6519 25.7023 24.3763 0.607206 0.0320168 0.793899 5.77929 0 0
54.8764 26.7005 24.9327 0.612308 0.0323935 0.789955 6.00167 0 0
54.6231 27.9037 25.0761 0.616874 0.0330982 0.786365 6.15225 0 0
54.0299 27.6372 25.5797 0.620543 0.0342891 0.783422 6.40415 0 0
53.9574 28.9601 25.5777 0.623027 0.036047 0.781369 6.58994 0 0
53.9355 29.9641 25.5665 0.6241 0.0383267 0.780404 6.78928 0 0
53.8763 31.0435 25.5871 0.623609 0.0409329 0.780664 7.03718 0 0
53.5958 32.3179 25.7389 0.621489 0.043531 0.782212 7.30145 0 0
53.08 33.6027 26.0779 0.617806 0.0457112 0.785001 7.53954 0 0
54.0352 33.1214 25.3294 0.612787 0.0471008 0.788843 7.74346 0 0
54.8839 32.715 24.7027 0.606831 0.0474753 0.793412 7.96788 0 0
55.8347 32.2949 24.0182 0.600486 0.0468132 0.798264 8.26996 0 0
57.0764 31.7308 23.0958 0.594403 0.0452775 0.802892 8.49484 0 0
57.8463 30.8302 22.6046 0.589274 0.0431506 0.80678 8.70867 0 0
58.2921 29.699 22.3643 0.58574 0.0407552 0.809474 8.9108 0 0
58.5468 28.5975 22.2343 0.584283 0.0383883 0.810642 9.16581 0 0
58.5647 27.1676 22.244 0.585122 0.0362772 0.810133 9.35835 0 0
58.4255 26.0492 22.3903 0.588155 0.0345596 0.808009 9.62406 0 0
57.6353 24.864 22.9809 0.59297 0.0332845 0.804536 9.82288 0 0
56.7565 24.5935 23.6164 0.598939 0.0324248 0.800138 10.0175 0 0
55.9042 24.6761 24.2325 0.605357 0.0319026 0.795315 10.2482 0 0
55.007 25.2336 24.8975 0.611595 0.0316283 0.790539 10.5312 0 0
54.2569 26.407 25.4391 0.617226 0.0315454 0.786153 10.733 0 0
54.0543 27.4657 25.5667 0.622082 0.0316479 0.782313 10.7529 0 0
54.0359 27.5689 25.5779 0.626226 0.0319436 0.778987 10.909 0 0
53.4055 27.502 26.1018 0.629892 0.0323822 0.776007 11.108 0 0
53.3634 28.5284 26.0896 0.633411 0.0328088 0.77312 11.3478 0 0
53.3282 29.7895 26.0635 0.637143 0.0329861 0.77004 11.5446 0 0
53.2656 30.8414 26.0874 0.641392 0.0326648 0.766517 11.8437 0 0
52.9315 32.366 26.2765 0.646311 0.031642 0.762418 12.0408 0 0
52.5751 33.3391 26.5283 0.651823 0.0297864 0.757786 12.329 0 0
51.9246 34.6387 27.0091 0.657639 0.0270567 0.752847 12.5375 0 0
51.2758 35.3505 27.5076 0.663347 0.0235354 0.747942 12.8132 0 0
50.6993 36.6171 28.0153 0.668543 0.0194512 0.743419 13.11 0 0
51.0094 38.1599 27.6906 0.672931 0.0151466 0.73955 13.351 0 0
51.0117 39.4676 27.6505 0.676345 0.0109936 0.736503 13.6199 0 0
51.0891 40.9413 27.5347 0.678722 0.00730666 0.734359 13.7996 0 0
51.2368 41.9287 27.4009 0.680053 0.00431094 0.73315 14.0017 0 0
51.5571 42.9754 27.1261 0.680365 0.00216804 0.732871 14.1799 0 0
51.0855 43.6917 27.5746 0.679717 0.00101043 0.733474 14.4283 0 0
51.1839 45.0133 27.4881 0.678194 0.000938915 0.734882 14.5467 0 0
51.6334 44.8433 27.0678 0.67587 0.00198346 0.737018 14.7316 0 0
51.4808 43.8621 27.2052 0.672776 0.0040691 0.739835 14.9384 0 0
51.9596 42.9638 26.7555 0.66889 0.0070292 0.743328 15.1589 0 0
51.9878 41.7541 26.7135 0.664174 0.0106657 0.747502 15.3579 0 0
51.9153 40.6367 26.7854 0.658617 0.0148078 0.752333 15.5467 0 0
51.9889 39.5814 26.7542 0.652258 0.0193163 0.757751 15.735 0 0
52.1224 38.5746 26.6476 0.64516 0.0240316 0.763669 16.0798 0 0
52.6501 36.8188 26.2877 0.637403 0.0287174 0.769995 16.34 0 0
53.1678 35.5678 25.9091 0.629106 0.0330573 0.776616 16.6065 0 0
53.8284 34.3641 25.4273 0.620454 0.0367179 0.783383 16.8951 0 0
54.9393 33.5443 24.5981 0.611687 0.039435 0.790117 17.1175 0 0
55.8978 33.1037 23.9106 0.603077 0.0410724 0.796625 17.392 0 0
57.0615 32.685 23.0293 0.594934 0.0416384 0.802695 17.6098 0 0
57.9772 31.9686 22.4515 0.58764 0.0412763 0.808069 17.824 0 0
58.6348 30.9852 22.055 0.581652 0.0402354 0.812442 18.022 0 0
58.9429 29.8836 21.9048 0.577443 0.0388089 0.815508 18.1956 0 0
59.1684 28.9101 21.7823 0.575388 0.0372469 0.817032 18.434 0 0
59.2864 27.5198 21.7541 0.575643 0.0356889 0.816922 18.7209 0 0
59.1241 25.8507 21.9334 0.578084 0.0341605 0.815262 18.9956 0 0
58.517 24.4767 22.3892 0.58233 0.0326338 0.812297 19.2519 0 0
57.4255 23.8855 23.1621 0.587839 0.0311058 0.80838 19.4649 0 0
56.47 23.7408 23.8494 0.594029 0.0296431 0.803897 19.6839 0 0
55.525 23.9437 24.5545 0.600397 0.0283693 0.799199 20.003 0 0
54.3494 24.7739 25.4294 0.606587 0.0274186 0.794544 20.2047 0 0
53.8263 25.588 25.8174 0.612415 0.0269027 0.790078 20.4117 0 0
53.5476 26.6033 26.015 0.617855 0.0269064 0.785832 20.4889 0 0
53.4843 26.9936 26.0559 0.623009 0.0274771 0.781732 20.6477 0 0
52.8475 26.9307 26.565 0.628087 0.0285751 0.777618 20.8484 0 0
52.755 27.9665 26.6135 0.633351 0.0300103 0.773283 21.046 0 0
52.7355 28.9781 26.5872 0.639029 0.0314403 0.76854 21.3532 0 0
52.6746 30.5736 26.5732 0.645212 0.0324665 0.763314 21.6495 0 0
52.3917 32.0976 26.7532 0.651799 0.0327748 0.757683 21.851 0 0
52.0349 33.0752 27.0066 0.658526 0.0322205 0.751868 22.1217 0 0
51.3712 34.2123 27.5042 0.665043 0.0308087 0.746169 22.3316 0 0
50.7044 34.905 28.0578 0.671013 0.0286132 0.740894 22.5517 0 0
49.9957 35.5437 28.7136 0.676192 0.0257162 0.736277 22.727 0 0
50.028 36.4867 28.6574 0.680501 0.0222084 0.732411 22.9495 0 0
50.3043 37.6373 28.373 0.684045 0.0182294 0.729212 23.1483 0 0
50.4269 38.694 28.2366 0.687063 0.0139956 0.726463 23.3563 0 0
50.4702 39.8027 28.158 0.689805 0.00978388 0.723929 23.5852 0 0
50.5106 41.0406 28.0925 0.692388 0.00588004 0.721501 23.7694 0 0
50.5892 42.0492 28.0132 0.694712 0.00252179 0.719284 23.9739 0 0
50.6218 43.171 28.0022 0.696494 -0.000137014 0.717563 24.1774 0 0
50.5706 44.2592 28.0616 0.697397 -0.00203131 0.716682 24.3689 0 0
50.5548 45.2969 28.0996 0.697164 -0.00316073 0.716905 24.5729 0 0
50.4664 46.3795 28.2053 0.695692 -0.00354516 0.718331 24.8231 0 0
50.4787 47.732 28.2043 0.693023 -0.00317956 0.720908 25.083 0 0
51.3991 48.2792 27.2861 0.68928 -0.00202016 0.724492 25.3383 0 0
51.9263 47.0457 26.803 0.684601 -2.2947e-05 0.728918 25.543 0 0
52.1616 45.965 26.5797 0.67911 0.00278569 0.734031 25.8551 0 0
52.351 44.239 26.3977 0.672916 0.00625906 0.739693 26.0844 0 0
52.5416 42.9763 26.2258 0.666138 0.0101389 0.74576 26.3349 0 0
52.5961 41.575 26.1736 0.658918 0.0141127 0.752083 26.655 0 0
52.6318 39.738 26.1775 0.651394 0.017883 0.758528 26.8547 0 0
52.7576 38.5998 26.1175 0.643646 0.0212223 0.765029 27.091 0 0
53.0933 37.3561 25.8969 0.635652 0.0240123 0.771602 27.2915 0 0
53.4769 36.3639 25.6253 0.627308 0.0262566 0.778329 27.5041 0 0
54.0007 35.3927 25.2523 0.618519 0.0280557 0.785269 27.6856 0 0
54.6032 34.7156 24.8068 0.609293 0.0295474 0.792395 27.8631 0 0
55.3045 34.2255 24.2893 0.599799 0.0308454 0.799556 28.0586 0 0
56.1389 33.8584 23.6681 0.590354 0.032003 0.80651 28.3372 0 0
57.3944 33.4191 22.7683 0.581356 0.0330101 0.81298 28.6128 0 0
58.5577 32.5444 22.0265 0.573216 0.0338153 0.818706 28.7927 0 0
59.1313 31.7442 21.6798 0.566324 0.0343635 0.823466 29.0139 0 0
59.4913 30.5102 21.4951 0.561048 0.0346338 0.827058 29.2295 0 0
59.7933 29.2708 21.3514 0.557716 0.0346589 0.829308 29.426 0 0
59.9612 28.1161 21.2877 0.556567 0.03451 0.830086 29.684 0 0
59.9359 26.583 21.379 0.557675 0.034252 0.829352 29.8886 0 0
59.7705 25.4178 21.5306 0.560904 0.0338955 0.827187 30.115 0 0
59.3453 24.2292 21.8485 0.565923 0.0333816 0.823782 30.3366 0 0
58.5245 23.4632 22.4163 0.572273 0.0326165 0.819414 30.5342 0 0
57.6529 23.0748 23.0318 0.579447 0.0315362 0.814399 30.7502 0 0
56.6856 22.9044 23.7294 0.58697 0.0301618 0.809047 30.937 0 0
55.8687 22.9776 24.3417 0.594454 0.0286134 0.80362 31.1719 0 0
54.931 23.3407 25.0354 0.601645 0.0270814 0.798305 31.4238 0 0
54.0257 23.9865 25.7047 0.608424 0.0257784 0.793194 31.6495 0 0
53.3895 24.8315 26.1805 0.614799 0.0248936 0.788291 31.8597 0 0
53.0424 25.8215 26.4362 0.620896 0.0245508 0.783509 32.0401 0 0
52.8792 26.7234 26.545 0.626943 0.0247663 0.778671 32.2022 0 0
52.2489 26.5262 27.0652 0.63323 0.0254237 0.773546 32.4959 0 0
52.1163 28.0268 27.13 0.640002 0.0262934 0.767923 32.8187 0 0
52.1224 29.6651 27.0734 0.647329 0.0270982 0.761729 33.0992 0 0
52.0127 31.0874 27.1185 0.655026 0.0275926 0.755102 33.3036 0 0
51.7858 32.0973 27.275 0.662691 0.0276167 0.748383 33.5742 0 0
51.2076 33.2981 27.7154 0.66985 0.0271017 0.742002 33.8886 0 0
50.2429 34.3388 28.5338 0.676142 0.026034 0.736311 34.141 0 0
49.3585 34.8634 29.3643 0.681442 0.0244081 0.731465 34.3538 0 0
48.5851 35.1228 30.1294 0.685851 0.0222034 0.727403 34.5913 0 0
49.0706 36.077 29.6033 0.689595 0.019401 0.723936 34.8051 0 0
49.5314 36.9887 29.1199 0.692907 0.0160324 0.720849 34.991 0 0
49.7491 37.9393 28.898 0.695965 0.0122254 0.717971 35.2354 0 0
49.8733 39.2206 28.7467 0.698881 0.00820739 0.71519 35.4354 0 0
49.9061 40.2828 28.6814 0.701695 0.0042547 0.712465 35.6762 0 0
49.965 41.5798 28.6295 0.704342 0.000614836 0.709861 35.8745 0 0
50.0121 42.6582 28.5845 0.706613 -0.00254988 0.707596 36.1032 0 0
50.0099 43.9128 28.6126 0.708167 -0.00516805 0.706026 36.3279 0 0
49.9688 45.1296 28.6933 0.708639 -0.00722102 0.705535 36.517 0 0
49.9513 46.1332 28.7323 0.70778 -0.00869186 0.706379 36.7369 0 0
49.891 47.3001 28.7921 0.705552 -0.00953056 0.708594 36.9478 0 0
49.8939 48.4378 28.8091 0.702072 -0.00964879 0.712041 37.1349 0 0
50.246 49.3056 28.4605 0.697481 -0.00894323 0.716547 37.4509 0 0
51.4477 49.2395 27.2598 0.691859 -0.00733837 0.721996 37.6513 0 0
52.1123 48.6043 26.6548 0.685239 -0.00483259 0.728302 37.9469 0 0
52.5703 47.1371 26.2109 0.67771 -0.00152719 0.735327 38.2133 0 0
52.8043 45.6765 25.9798 0.669495 0.00237826 0.742813 38.4191 0 0
52.9764 44.5038 25.8241 0.66094 0.00662668 0.75041 38.719 0 0
53.1879 42.7881 25.6401 0.652421 0.0109608 0.757778 38.9271 0 0
53.247 41.5521 25.6244 0.644211 0.0151644 0.764698 39.1416 0 0
53.2773 40.3265 25.6384 0.636375 0.0190684 0.771144 39.3372 0 0
53.3421 39.2281 25.6238 0.62876 0.0225363 0.777273 39.5676 0 0
53.5538 37.9706 25.502 0.621087 0.0254637 0.783328 39.7579 0 0
53.8826 36.9992 25.2835 0.613096 0.0278008 0.789519 40.0827 0 0
54.7724 35.5921 24.6409 0.60467 0.0295711 0.795927 40.2663 0 0
55.4673 35.0237 24.1301 0.595887 0.0308579 0.802475 40.4443 0 0
56.2186 34.6593 23.5677 0.586997 0.0317708 0.808966 40.7322 0 0
57.5428 34.2365 22.6448 0.578351 0.0324161 0.815143 40.9264 0 0
58.3862 33.7503 22.0913 0.570316 0.0328799 0.820767 41.1197 0 0
59.1526 33.0843 21.6149 0.563196 0.0332158 0.825655 41.2922 0 0
59.7114 32.3235 21.2674 0.557201 0.0334332 0.829704 41.4661 0 0
60.0507 31.3601 21.0887 0.552457 0.0334933 0.832868 41.6961 0 0
60.3159 30.0359 20.9886 0.54906 0.0333191 0.835119 41.8699 0 0
60.5419 29.048 20.8754 0.547135 0.0328282 0.836401 42.0756 0 0
60.6633 27.8157 20.8506 0.546843 0.0319849 0.836624 42.2675 0 0
60.6459 26.6658 20.9166 0.548321 0.0308432 0.835699 42.4791 0 0
60.5059 25.437 21.0555 0.551596 0.0295411 0.833588 42.7069 0 0
60.1625 24.1921 21.3243 0.556532 0.0282403 0.830346 42.9145 0 0
59.5876 23.2335 21.7254 0.562857 0.0270541 0.826111 43.1685 0 0
58.5317 22.5456 22.44 0.570224 0.0260164 0.821077 43.3698 0 0
57.6332 22.2259 23.0765 0.578272 0.0251022 0.815458 43.6235 0 0
56.4989 22.0681 23.9033 0.586655 0.0242692 0.809473 43.8421 0 0
55.5664 22.2045 24.6029 0.595018 0.0234847 0.803369 44.1532 0 0
54.3469 22.749 25.4923 0.602962 0.0227288 0.797446 44.3835 0 0
53.5341 23.3628 26.1045 0.610025 0.0219832 0.792077 44.5921 0 0
52.939 24.1332 26.5528 0.615722 0.0212238 0.787678 44.8869 0 0
52.44 25.5063 26.9282 0.619635 0.0204282 0.784624 44.9497 0 0
52.3744 25.8184 26.9752 0.621499 0.0196023 0.783169 45.115 0 0
51.8021 25.4352 27.4702 0.621224 0.0188115 0.783408 45.3467 0 0
52.0962 24.3347 27.2516 0.618855 0.0181848 0.785295 45.6163 0 0
52.6575 23.1888 26.7998 0.614541 0.0178732 0.788683 45.9571 0 0
53.7765 22.1711 25.9439 0.60852 0.0179793 0.793335 46.1586 0 0
54.5335 21.7275 25.3852 0.601142 0.0185132 0.798928 46.3582 0 0
55.3294 21.4097 24.7938 0.592868 0.0194048 0.805066 46.5773 0 0
56.2441 21.2061 24.1105 0.584226 0.0205587 0.811331 46.8544 0 0
57.4622 21.3646 23.21 0.575727 0.0219015 0.817349 47.0381 0 0
58.3015 21.5737 22.6225 0.567776 0.0233889 0.822851 47.2393 0 0
59.1911 21.9569 22.0208 0.560632 0.0249687 0.827688 47.5052 0 0
60.2218 22.8473 21.3222 0.554421 0.0265403 0.831813 47.7925 0 0
60.9955 24.2389 20.7859 0.549201 0.0279615 0.835223 47.9754 0 0
61.1964 25.2687 20.6166 0.54504 0.02911 0.837905 48.2448 0 0
61.3507 26.8459 20.4578 0.542066 0.0299514 0.839802 48.4237 0 0
61.3579 27.9227 20.4034 0.540492 0.0305541 0.840794 48.701 0 0
61.1361 29.6016 20.479 0.540587 0.0310399 0.840716 49.008 0 0
60.7705 31.4357 20.6281 0.542603 0.0315102 0.839398 49.211 0 0
60.4237 32.6228 20.7975 0.546654 0.0319968 0.836747 49.4322 0 0
59.727 33.6937 21.2128 0.55261 0.0324588 0.832808 49.6065 0 0
59.0192 34.2934 21.658 0.560069 0.0328138 0.827796 49.7821 0 0
58.275 34.7781 22.1208 0.568433 0.0329722 0.822069 50.0114 0 0
57.2168 35.2214 22.8221 0.577034 0.0328623 0.816059 50.183 0 0
56.4081 35.4163 23.3872 0.585274 0.0324412 0.810187 50.3568 0 0
55.6555 35.8058 23.9504 0.592737 0.0316852 0.804773 50.5427 0 0
54.9708 36.4397 24.4531 0.599279 0.0305454 0.799957 50.7433 0 0
54.4218 37.3521 24.8484 0.605056 0.0288994 0.795658 50.9238 0 0
54.1183 38.2912 25.0472 0.610446 0.0265635 0.791612 51.1554 0 0
53.9664 39.5721 25.1196 0.61589 0.023394 0.787485 51.3781 0 0
53.9199 40.826 25.1151 0.621732 0.0194111 0.782989 51.5883 0 0
53.8919 42.0181 25.1042 0.628171 0.0148492 0.777933 51.8076 0 0
53.8062 43.2742 25.1358 0.63529 0.0100968 0.772208 52.058 0 0
53.5793 44.7388 25.2669 0.643111 0.0055758 0.765752 52.3072 0 0
53.3549 46.2301 25.4725 0.651602 0.00162183 0.75856 52.4762 0 0
53.2298 47.2363 25.6319 0.660618 -0.00159265 0.75072 52.6838 0 0
52.9339 48.3505 25.9166 0.669865 -0.00407552 0.742472 52.9249 0 0
52.4598 49.5254 26.3602 0.678906 -0.00596529 0.734201 53.1652 0 0
51.5811 50.0629 27.1462 0.687256 -0.00743625 0.726377 53.4158 0 0
50.5959 50.2103 28.1271 0.694499 -0.00861259 0.719442 53.6398 0 0
49.754 50.1293 28.9763 0.700362 -0.00953055 0.713724 53.8948 0 0
49.3422 48.9136 29.3981 0.70473 -0.0101383 0.709404 54.1148 0 0
49.3543 47.7764 29.372 0.707628 -0.0103099 0.70651 54.4402 0 0
49.4143 46.0905 29.284 0.709217 -0.00988437 0.704921 54.6367 0 0
49.3915 45.0596 29.2734 0.709783 -0.00875096 0.704366 54.9481 0 0
49.4381 43.3944 29.175 0.709709 -0.0069537 0.704461 55.1743 0 0
49.416 42.1559 29.1925 0.709404 -0.00473978 0.704786 55.3733 0 0
49.3674 41.0907 29.2409 0.709221 -0.00250033 0.704982 55.5669 0 0
49.3233 40.0824 29.257 0.709381 -0.00062792 0.704825 55.8502 0 0
49.2429 38.5931 29.3604 0.709931 0.000628309 0.704271 56.0801 0 0
49.0287 37.421 29.5906 0.710742 0.00123945 0.703452 56.3079 0 0
48.5374 36.4504 30.1373 0.711556 0.00139028 0.702628 56.5657 0 0
47.7663 35.7858 30.9436 0.712051 0.00141319 0.702126 56.8151 0 0
46.9166 35.6431 31.8068 0.711896 0.00168764 0.702282 57.1809 0 0
45.6875 35.3856 33.0812 0.710786 0.00252613 0.703403 57.3502 0 0
46.2404 35.2812 32.4987 0.708471 0.00407943 0.705728 57.5429 0 0
46.7496 34.7027 31.9717 0.704805 0.00629817 0.709373 57.7997 0 0
47.5993 34.3288 31.1112 0.699804 0.00896811 0.714278 58.0078 0 0
48.3394 34.2163 30.3753 0.69369 0.0117997 0.720177 58.2117 0 0
49.0888 34.0705 29.661 0.686885 0.0145215 0.726621 58.4382 0 0
49.8831 33.7038 28.9046 0.679947 0.0169317 0.733066 58.6376 0 0
50.5261 33.1526 28.3148 0.673449 0.0188972 0.738992 58.9251 0 0
51.223 31.9379 27.7653 0.667834 0.0203308 0.744033 59.1345 0 0
51.4652 30.8963 27.5909 0.663299 0.021182 0.748055 59.3678 0 0
51.5206 29.6943 27.584 0.659764 0.0214527 0.751166 59.5681 0 0
51.5027 28.6834 27.6233 0.656917 0.0212209 0.753664 59.7773 0 0
51.4651 27.6236 27.6808 0.654313 0.020643 0.755942 59.9972 0 0
51.5798 26.502 27.6304 0.651493 0.0199163 0.758394 60.1101 0 0
51.6949 25.9549 27.5427 0.648085 0.0192188 0.761325 60.2895 0 0
51.0217 25.9413 28.1418 0.643869 0.0186623 0.764908 60.6332 0 0
51.3923 24.3045 27.8425 0.638772 0.0182822 0.769179 60.9137 0 0
51.901 23.0664 27.4381 0.632817 0.0180533 0.774091 61.1232 0 0
52.4159 22.2509 27.0162 0.626054 0.0179161 0.779574 61.3619 0 0
53.2311 21.592 26.3891 0.618538 0.0178099 0.785553 61.5804 0 0
54.019 21.0918 25.7879 0.610351 0.0177051 0.791933 61.8109 0 0
54.9308 20.6697 25.1035 0.601631 0.0176223 0.79858 62.0536 0 0
55.9418 20.3664 24.3505 0.592571 0.0176367 0.805325 62.2585 0 0
56.8432 20.3864 23.687 0.583398 0.0178668 0.81199 62.4632 0 0
57.7356 20.6055 23.0297 0.574361 0.0184421 0.818395 62.6891 0 0
58.775 20.8622 22.3349 0.565729 0.0194465 0.824362 62.9022 0 0
59.6933 21.3134 21.7194 0.557776 0.0208642 0.829729 63.0777 0 0
60.3772 21.8764 21.2517 0.550733 0.0225634 0.834377 63.2835 0 0
61.0806 22.7319 20.7671 0.544731 0.0243336 0.838258 63.4538 0 0
61.5351 23.5959 20.4639 0.539782 0.0259547 0.841405 63.694 0 0
61.862 24.9665 20.2083 0.53582 0.0272725 0.843892 63.8914 0 0
62.0075 26.1438 20.0675 0.532782 0.0282473 0.845781 64.0707 0 0
62.0432 27.2376 19.9997 0.530693 0.0289521 0.84707 64.2821 0 0
62.0356 28.5502 19.9574 0.529707 0.0295149 0.847667 64.4621 0 0
61.8734 29.654 20.0192 0.530099 0.0300367 0.847403 64.6403 0 0
61.5871 30.7059 20.1618 0.532186 0.0305395 0.846077 64.9364 0 0
61.262 32.4802 20.2967 0.536198 0.0309686 0.843524 65.1465 0 0
60.8016 33.6521 20.5454 0.542138 0.0312379 0.839708 65.3697 0 0
60.0373 34.6259 20.9993 0.549704 0.0312795 0.834774 65.6064 0 0
58.9989 35.2664 21.6247 0.558325 0.0310683 0.82904 65.802 0 0
58.1561 35.7994 22.1521 0.567312 0.0306169 0.822934 65.9784 0 0
57.3169 36.0373 22.7206 0.57602 0.0299481 0.816887 66.2678 0 0
55.9878 36.5052 23.6657 0.583986 0.0290459 0.811244 66.4857 0 0
55.1939 37.2775 24.2479 0.591019 0.0278125 0.806178 66.6684 0 0
54.7936 38.1974 24.5245 0.597236 0.0260834 0.801641 66.8785 0 0
54.5974 39.3636 24.6359 0.603003 0.0237233 0.797386 67.0607 0 0
54.5694 40.3914 24.6194 0.608797 0.0207373 0.793055 67.3044 0 0
54.5551 41.7778 24.5892 0.615048 0.0173019 0.7883 67.5543 0 0
54.4937 43.215 24.5993 0.622041 0.0136876 0.782865 67.808 0 0
54.2836 44.6659 24.7199 0.629903 0.0101419 0.776608 68.0185 0 0
54.039 45.8403 24.8796 0.638619 0.00681793 0.769493 68.2767 0 0
53.8804 47.4278 25.0649 0.648045 0.00378145 0.761593 68.5696 0 0
53.4184 49.0548 25.5058 0.657904 0.00106042 0.753101 68.7476 0 0
53.1075 49.9777 25.7696 0.667806 -0.00132512 0.744334 68.9465 0 0
52.462 50.7054 26.3414 0.677306 -0.00337849 0.735694 69.1534 0 0
51.6344 50.8826 27.1106 0.685988 -0.00515065 0.727595 69.3497 0 0
50.8723 51.0136 27.863 0.69357 -0.00672265 0.720358 69.5486 0 0
50.1193 51.0135 28.6189 0.699963 -0.00814892 0.714133 69.851 0 0
49.0158 50.8307 29.7526 0.705266 -0.00941764 0.70888 69.9906 0 0
48.7543 50.2126 30.013 0.709689 -0.0104664 0.704437 70.2466 0 0
48.8049 48.8989 29.9571 0.713447 -0.011221 0.700619 70.5996 0 0
48.8224 47.1073 29.9131 0.716674 -0.0115959 0.697312 70.801 0 0
48.8576 46.0752 29.8545 0.719395 -0.011459 0.694507 71.0249 0 0
48.8348 44.907 29.8305 0.721556 -0.0106351 0.692275 71.2111 0 0
48.8578 43.8945 29.7814 0.723085 -0.00900461 0.6907 71.4044 0 0
48.8651 42.8355 29.7608 0.723947 -0.00664835 0.689823 71.622 0 0
48.8131 41.6522 29.813 0.724163 -0.00391674 0.689618 71.831 0 0
48.7719 40.5538 29.8263 0.72379 -0.00135318 0.690019 72.0354 0 0
48.7404 39.4911 29.8332 0.722895 0.00048742 0.690958 72.2327 0 0
48.6773 38.4694 29.919 0.721548 0.00121788 0.692363 72.4781 0 0
48.3189 37.2987 30.3313 0.719833 0.00071504 0.694147 72.695 0 0
47.7497 36.5921 30.9561 0.717866 -0.000878173 0.696181 72.9893 0 0
46.7612 36.3877 31.9713 0.715804 -0.00320966 0.698294 73.2505 0 0
45.8754 36.3489 32.896 0.71383 -0.00580038 0.700295 73.5513 0 0
44.8564 36.3859 33.9474 0.712101 -0.00813761 0.70203 73.7667 0 0
44.1133 36.3419 34.6755 0.710682 -0.0097697 0.703445 74.0507 0 0
43.1317 36.2625 35.6542 0.709498 -0.0103833 0.704631 74.2186 0 0
43.4161 35.5544 35.3496 0.708315 -0.00984365 0.705828 74.498 0 0
44.2895 35.0092 34.4669 0.706792 -0.00819257 0.707374 74.8879 0 0
45.5049 34.2998 33.2259 0.704576 -0.00561261 0.709606 75.1381 0 0
46.3289 33.9776 32.3979 0.701417 -0.00236197 0.712748 75.3446 0 0
46.9883 33.6258 31.7284 0.697263 0.00129956 0.716814 75.5491 0 0
47.6955 33.4561 31.021 0.692299 0.00515135 0.721593 75.8234 0 0
48.6807 33.308 30.0597 0.686895 0.00899191 0.726701 76.0572 0 0
49.5293 33.0503 29.2571 0.6815 0.0125889 0.73171 76.2992 0 0
50.3061 32.4087 28.5352 0.676492 0.015666 0.736284 76.6118 0 0
50.9213 30.9641 28.0561 0.672077 0.0179594 0.740264 76.9235 0 0
50.9043 29.3537 28.1098 0.668258 0.0193085 0.743679 77.1306 0 0
50.8563 28.3023 28.1736 0.664876 0.0197225 0.746694 77.3352 0 0
50.8377 27.2426 28.2549 0.661675 0.0193853 0.749541 77.5762 0 0
50.9979 26.0566 28.1598 0.658375 0.0185989 0.75246 77.5895 0 0
51.01 25.9923 28.1509 0.654725 0.0176885 0.75566 77.7632 0 0
50.3872 25.7481 28.6934 0.650539 0.016912 0.759284 78.0637 0 0
50.7528 24.3306 28.3863 0.645703 0.0164137 0.763412 78.3283 0 0
51.0649 23.0795 28.1416 0.640153 0.0162289 0.768076 78.5849 0 0
51.6745 22.0629 27.6421 0.633826 0.0163146 0.773304 78.7828 0 0
52.065 21.2074 27.3229 0.626638 0.0165872 0.779134 79.0021 0 0
52.9207 20.8792 26.6543 0.618514 0.0169661 0.78559 79.3109 0 0
54.0273 20.1672 25.8106 0.609456 0.0174107 0.792629 79.502 0 0
54.7792 19.862 25.2326 0.599601 0.0179268 0.800098 79.8085 0 0
56.0469 19.4796 24.2908 0.589236 0.0185437 0.807748 80.1276 0 0
57.442 19.701 23.2701 0.578745 0.019291 0.815281 80.3128 0 0
58.2673 19.8707 22.69 0.568522 0.0201925 0.822421 80.5787 0 0
59.4705 20.2273 21.8785 0.558889 0.0212695 0.82897 80.766 0 0
60.3252 20.6235 21.3318 0.550056 0.0225319 0.834824 80.98 0 0
61.1211 21.3841 20.7876 0.542146 0.0239559 0.839943 81.1958 0 0
61.7832 22.3831 20.3342 0.535257 0.0254636 0.844305 81.3765 0 0
62.2396 23.3519 20.0325 0.529503 0.0269291 0.84788 81.56 0 0
62.6119 24.373 19.7752 0.524997 0.0282111 0.850637 81.7359 0 0
62.7162 25.4217 19.6718 0.521794 0.0292032 0.852571 81.9148 0 0
62.7623 26.5055 19.5978 0.519859 0.0298815 0.853729 82.0993 0 0
62.7576 27.6518 19.5615 0.519085 0.0303222 0.854185 82.2949 0 0
62.8077 28.8597 19.4803 0.519377 0.0306659 0.853995 82.4764 0 0
62.5273 29.9489 19.6066 0.520747 0.0310371 0.853146 82.706 0 0
62.3697 31.3666 19.6592 0.523353 0.0314689 0.851535 82.9399 0 0
62.0009 32.7276 19.8394 0.527425 0.0318849 0.849003 83.1093 0 0
61.6986 33.6918 19.9925 0.533126 0.0321492 0.845425 83.343 0 0
60.9831 34.8146 20.4029 0.540399 0.0321398 0.840795 83.5121 0 0
60.3433 35.4943 20.7644 0.548905 0.0317965 0.83528 83.7726 0 0
59.1324 36.1189 21.4925 0.558073 0.0311159 0.829209 83.9673 0 0
58.2674 36.6332 22.0435 0.567225 0.0301062 0.823012 84.2847 0 0
56.7382 37.0125 23.0862 0.575746 0.0287359 0.817124 84.4647 0 0
55.9659 37.4211 23.6576 0.583229 0.0269207 0.811861 84.736 0 0
55.3467 38.7632 24.0842 0.589602 0.0245691 0.807321 85.0505 0 0
55.2417 40.5557 24.0999 0.595145 0.0216672 0.803326 85.2432 0 0
55.2252 41.668 24.0788 0.600391 0.0183451 0.799496 85.4421 0 0
55.185 42.8122 24.0758 0.60592 0.0148695 0.795387 85.6734 0 0
55.0985 44.1594 24.1054 0.612173 0.0115542 0.790639 85.861 0 0
54.8613 45.2176 24.2722 0.61937 0.00863771 0.785052 86.1079 0 0
54.6224 46.6135 24.4504 0.627527 0.00619615 0.77857 86.2755 0 0
54.68 47.6239 24.4114 0.636526 0.00413892 0.771244 86.4766 0 0
54.1961 48.6642 24.8137 0.64616 0.00227975 0.763198 86.7023 0 0
53.8594 49.9133 25.1059 0.656152 0.000438136 0.754628 86.8869 0 0
53.5037 50.8788 25.4096 0.666166 -0.00148081 0.745802 87.1508 0 0
52.5031 51.6201 26.3 0.675836 -0.00345525 0.737044 87.3369 0 0
51.7689 51.8258 26.9955 0.684814 -0.00536268 0.728699 87.5399 0 0
50.9792 51.8013 27.765 0.692808 -0.00702806 0.721088 87.7798 0 0
50.0876 51.9418 28.6735 0.699607 -0.0082869 0.71448 87.98 0 0
49.369 52.0372 29.4107 0.705078 -0.00904186 0.709072 88.2961 0 0
48.2454 51.8864 30.5679 0.709159 -0.00928959 0.704987 88.5147 0 0
47.482 51.9253 31.364 0.711867 -0.00910715 0.702256 88.7027 0 0
46.938 52.4227 31.9442 0.713318 -0.00861328 0.700788 88.9051 0 0
46.4199 51.7476 32.4708 0.713759 -0.00793619 0.700346 89.1009 0 0
45.757 51.6001 33.158 0.71356 -0.00720658 0.700557 89.3137 0 0
45.1952 52.2585 33.7487 0.713141 -0.00656333 0.70099 89.5204 0 0
44.491 52.3291 34.4714 0.712866 -0.00614195 0.701274 89.7594 0 0
43.6835 52.1173 35.282 0.712926 -0.00603596 0.701214 89.9719 0 0
43.0848 51.5135 35.8697 0.713306 -0.00626074 0.700824 90.1608 0 0
43.4617 50.7649 35.4962 0.713847 -0.00675614 0.700269 90.5252 0 0
44.7054 50.8068 34.2507 0.714362 -0.0074248 0.699737 90.7649 0 0
45.4816 50.5363 33.4358 0.714763 -0.00816874 0.699319 91.0031 0 0
46.3598 50.6669 32.519 0.715112 -0.00890272 0.698954 91.2399 0 0
47.1643 50.6565 31.6683 0.715578 -0.00955795 0.698468 91.5121 0 0
48.0592 50.2753 30.7256 0.716344 -0.0100865 0.697674 91.6838 0 0
48.2158 49.3143 30.5558 0.717509 -0.0104491 0.696471 92.0731 0 0
48.2651 47.3314 30.4898 0.719037 -0.0105809 0.694891 92.2927 0 0
48.2064 46.2171 30.5211 0.72077 -0.010375 0.693097 92.5054 0 0
48.2763 45.1222 30.4123 0.722476 -0.00973237 0.691328 92.7066 0 0
48.2181 44.0409 30.4666 0.72391 -0.00865659 0.68984 93.03 0 0
48.2667 42.3233 30.4077 0.724853 -0.0073189 0.688864 93.2624 0 0
48.2123 41.1246 30.4391 0.725148 -0.00603842 0.688566 93.4958 0 0
48.1892 39.9488 30.4312 0.72472 -0.00518158 0.689024 93.7052 0 0
48.1091 38.8605 30.5048 0.723574 -0.00502798 0.690228 93.9027 0 0
47.9226 37.8647 30.7159 0.721767 -0.00565933 0.692113 94.1498 0 0
46.9369 37.205 31.7845 0.719368 -0.00691919 0.694594 94.3975 0 0
46.094 37.2336 32.6805 0.716477 -0.00846583 0.697559 94.705 0 0
45.0414 37.2422 33.7698 0.713258 -0.00989676 0.700832 94.9082 0 0
44.3361 37.1548 34.4739 0.709964 -0.0108847 0.704154 95.1581 0 0
43.4734 37.1894 35.3402 0.706912 -0.0112638 0.707212 95.3672 0 0
42.7519 37.1918 36.0734 0.704389 -0.0110412 0.709728 95.5946 0 0
41.9727 37.2977 36.8561 0.702576 -0.0103463 0.711534 95.8989 0 0
40.9138 37.2193 37.8621 0.701494 -0.00935164 0.712614 96.2522 0 0
39.6831 37.4418 39.0209 0.70102 -0.00820157 0.713094 96.4565 0 0
39.3257 38.3668 39.3722 0.700936 -0.00697834 0.71319 96.6838 0 0
39.2082 39.6532 39.4994 0.70098 -0.00571591 0.713158 96.9039 0 0
39.1829 40.6674 39.5298 0.700913 -0.00444168 0.713233 97.1409 0 0
39.1978 41.7574 39.5184 0.700564 -0.0032076 0.713582 97.3665 0 0
39.2086 42.797 39.5136 0.699866 -0.00208891 0.714271 97.6051 0 0
39.2167 43.8996 39.5116 0.698847 -0.00116261 0.71527 97.9653 0 0
38.6628 45.3725 40.0601 0.69759 -0.000491667 0.716497 98.2226 0 0
37.8198 45.4526 40.8842 0.696177 -0.000126847 0.71787 98.5739 0 0
36.6683 45.4046 41.9966 0.694658 -0.000116686 0.71934 98.7993 0 0
35.9473 45.2292 42.6892 0.693043 -0.000508864 0.720896 99.0268 0 0
35.2784 44.8023 43.3209 0.691314 -0.00133666 0.722553 99.3665 0 0
34.395 43.9091 44.1665 0.689438 -0.00259824 0.72434 99.6327 0 0
33.7407 43.1676 44.8058 0.687374 -0.00424169 0.726291 99.8634 0 0
33.3407 42.3323 45.1848 0.685084 -0.00616528 0.728438 100.122 0 0
32.8381 41.4421 45.6512 0.682544 -0.00823492 0.730798 100.415 0 0
32.5111 40.2494 45.9443 0.679751 -0.0103111 0.733371 100.696 0 0
32.227 39.0969 46.1839 0.676731 -0.0122753 0.736128 101.013 0 0
31.7791 37.8711 46.5653 0.673532 -0.0140587 0.739025 101.339 0 0
30.7998 37.3887 47.4433 0.670201 -0.0156815 0.742014 101.64 0 0
29.8659 37.521 48.2901 0.666745 -0.0172917 0.745086 101.958 0 0
28.9722 38.0475 49.0944 0.663102 -0.0191653 0.748283 102.275 0 0
28.0863 38.593 49.8874 0.659143 -0.0216433 0.751706 102.581 0 0
27.1415 38.6804 50.7172 0.654702 -0.0250265 0.755472 102.876 0 0
26.2368 38.7181 51.4979 0.649628 -0.0294667 0.759681 103.189 0 0
25.3336 38.2649 52.2607 0.643833 -0.0348842 0.76437 103.502 0 0
24.5818 37.4476 52.8843 0.637356 -0.040938 0.769481 103.824 0 0
23.9887 36.4125 53.3346 0.630405 -0.0470802 0.774837 104.194 0 0
23.3614 35.1604 53.7487 0.623379 -0.0526889 0.780143 104.482 0 0
23.0781 34.0979 53.8815 0.616819 -0.0572253 0.785022 104.78 0 0
23.0197 32.9569 53.8303 0.611326 -0.0603457 0.789074 105.219 0 0
23.0345 31.2945 53.642 0.607448 -0.0619389 0.791941 105.486 0 0
23.2516 30.3267 53.392 0.605573 -0.0621029 0.793363 105.751 0 0
23.3269 29.3316 53.2497 0.605865 -0.0610882 0.793219 106.042 0 0
23.8504 28.459 52.7995 0.608243 -0.0592248 0.791538 106.462 0 0
24.488 27.1151 52.2305 0.612416 -0.0568505 0.788489 106.844 0 0
25.399 26.2833 51.4823 0.617954 -0.0542511 0.784341 107.147 0 0
26.2494 25.8916 50.7988 0.624372 -0.0516213 0.77942 107.455 0 0
27.144 25.583 50.0657 0.631205 -0.0490468 0.774064 107.753 0 0
28.0365 25.5415 49.3272 0.638056 -0.0465189 0.768584 108.042 0 0
28.9032 25.7353 48.597 0.644618 -0.0439883 0.763238 108.297 0 0
29.6324 26.1314 47.9889 0.650691 -0.0414327 0.758212 108.67 0 0
30.4925 27.1579 47.2894 0.656184 -0.0388965 0.753597 108.92 0 0
30.9701 27.9718 46.8994 0.661106 -0.036481 0.749405 109.19 0 0
31.3183 29.0076 46.6449 0.665529 -0.0343055 0.745583 109.589 0 0
31.8347 30.5301 46.2525 0.669557 -0.0324688 0.74205 109.999 0 0
32.5954 31.9127 45.5991 0.673288 -0.0310271 0.738729 110.314 0 0
33.5824 32.0997 44.708 0.676787 -0.0299874 0.735568 110.563 0 0
34.2734 31.6501 44.0467 0.680078 -0.02931 0.732554 110.921 0 0
35.2659 30.9815 43.0817 0.683158 -0.0289161 0.729698 111.301 0 0
36.4256 30.6247 41.9739 0.686028 -0.0286951 0.727009 111.547 0 0
37.1809 30.3428 41.2496 0.688705 -0.0285119 0.724481 111.776 0 0
37.9026 30.5389 40.561 0.691221 -0.0282133 0.722092 112.07 0 0
38.8085 30.9934 39.7041 0.693596 -0.0276349 0.719834 112.348 0 0
39.6042 31.6262 38.955 0.695816 -0.0266112 0.717727 112.698 0 0
40.507 32.6612 38.1234 0.697828 -0.0249939 0.715829 113.023 0 0
41.3361 33.6635 37.3617 0.699536 -0.0226796 0.714237 113.249 0 0
41.9135 34.3751 36.8128 0.700792 -0.01964 0.713095 113.497 0 0
42.6987 34.8257 36.0399 0.701396 -0.0159369 0.712594 113.891 0 0
43.9545 34.0972 34.7735 0.701119 -0.0117076 0.712948 114.263 0 0
45.1468 33.5371 33.5741 0.699762 -0.00712392 0.714341 114.556 0 0
46.1048 33.1288 32.6176 0.697229 -0.00236228 0.716844 114.822 0 0
46.9693 32.7336 31.7537 0.693582 0.002373 0.720374 115.066 0 0
47.7996 32.4129 30.9321 0.689038 0.00678003 0.724693 115.409 0 0
49.0358 32.3904 29.7358 0.68392 0.0104254 0.729482 115.702 0 0
50.0191 31.7411 28.8183 0.678574 0.0128214 0.73442 115.892 0 0
50.3684 30.8433 28.5385 0.673279 0.0135994 0.739263 116.225 0 0
50.2926 29.1391 28.6499 0.668191 0.012677 0.743882 116.437 0 0
50.2206 28.0686 28.7461 0.663326 0.0103195 0.748259 116.678 0 0
50.1788 26.8514 28.8603 0.658601 0.00706979 0.752459 116.784 0 0
50.2808 26.349 28.7832 0.653885 0.00359152 0.756582 116.784 0 0
52.6442 35.249 26.3532 0.651191 0.045658 0.757539 116.999 1 0
51.8312 35.7602 27.0188 0.650421 0.0431199 0.758349 117.167 0 0
51.4864 36.5392 27.3025 0.649479 0.0408522 0.759281 117.371 0 0
51.7758 37.5662 26.9842 0.648357 0.0389065 0.760342 117.642 0 0
52.2324 36.1799 26.6631 0.64709 0.0372443 0.761504 117.837 0 0
52.6506 35.2844 26.3459 0.645734 0.0357606 0.762725 117.841 0 0
52.6585 35.2608 26.3402 0.644285 0.0343189 0.763879 117.841 0 0
51.491 45.9035 27.199 0.680961 -0.00247993 0.732298 118.068 1 0
51.2113 47.0837 27.4596 0.690487 -0.00420429 0.723333 118.258 0 0
51.0063 46.0785 27.6522 0.699681 -0.00592663 0.71402 118.258 0 0
42.8294 36.3488 35.96 0.709638 -0.026693 0.704055 118.56 1 0
41.7893 36.4047 37.0122 0.707193 -0.0224915 0.706663 118.821 0 0
40.8872 36.3096 37.8694 0.705159 -0.0186373 0.708804 119.03 0 0
40.1728 36.4817 38.5551 0.70361 -0.0152369 0.710423 119.361 0 0
39.1338 37.1425 39.5576 0.702471 -0.0123173 0.711606 119.628 0 0
38.7002 38.2281 39.9849 0.701582 -0.00985044 0.712521 119.962 0 0
38.6351 39.7853 40.0615 0.700771 -0.00778189 0.713344 120.206 0 0
38.6032 40.9094 40.1064 0.699909 -0.00605751 0.714206 120.492 0 0
38.5709 42.2089 40.1417 0.698935 -0.00464558 0.71517 120.722 0 0
38.5416 43.2656 40.1754 0.697826 -0.00355358 0.716258 121.028 0 0
38.0239 44.4664 40.6885 0.696574 -0.0028293 0.717479 121.316 0 0
37.0798 44.6063 41.6057 0.695157 -0.00253868 0.718853 121.539 0 0
36.36 44.4541 42.2953 0.693535 -0.00273244 0.720418 121.927 0 0
35.2101 43.7256 43.3799 0.691654 -0.00342613 0.722221 122.211 0 0
34.4968 42.9401 44.0745 0.68946 -0.00460263 0.724309 122.46 0 0
33.9658 42.1214 44.5858 0.68692 -0.00622068 0.726707 122.695 0 0
33.5398 41.2723 44.9937 0.684034 -0.00821073 0.729403 122.964 0 0
33.173 40.2149 45.3243 0.680853 -0.010464 0.732345 123.316 0 0
32.7409 38.7916 45.7016 0.677458 -0.0128418 0.735449 123.591 0 0
32.351 37.723 46.0372 0.673941 -0.0152218 0.738629 124.006 0 0
31.2801 36.6563 46.9886 0.67036 -0.0175645 0.741828 124.258 0 0
30.4838 36.6027 47.7061 0.66671 -0.0199553 0.74505 124.697 0 0
29.1617 37.0577 48.8969 0.662908 -0.0225901 0.74836 125.052 0 0
28.1667 37.6435 49.7906 0.658818 -0.0257045 0.751863 125.342 0 0
27.2936 37.8569 50.5592 0.654299 -0.0294734 0.755661 125.612 0 0
26.4622 37.8271 51.2773 0.649272 -0.033912 0.7598 125.969 0 0
25.4336 37.3008 52.1513 0.643781 -0.0388146 0.764225 126.337 0 0
24.6155 36.248 52.8034 0.638032 -0.0437667 0.768765 126.601 0 0
24.1713 35.3615 53.1207 0.632388 -0.0482399 0.773148 126.952 0 0
23.7851 34.0716 53.3205 0.627308 -0.0517396 0.777051 127.26 0 0
23.644 32.8877 53.3412 0.623257 -0.0539434 0.780154 127.53 0 0
23.664 31.8564 53.2452 0.620627 -0.0547763 0.782191 127.803 0 0
23.8168 30.8495 53.033 0.619668 -0.0543992 0.782976 128.199 0 0
24.1753 29.4289 52.6403 0.620461 -0.0531249 0.782436 128.671 0 0
24.9705 27.9689 51.9253 0.622907 -0.0513074 0.780612 128.977 0 0
25.6514 27.212 51.3469 0.626756 -0.0492481 0.777658 129.236 0 0
26.3288 26.742 50.7773 0.631662 -0.0471504 0.773809 129.63 0 0
27.4987 26.398 49.8192 0.637241 -0.0451241 0.769342 129.912 0 0
28.3602 26.4613 49.1077 0.643126 -0.0432137 0.76454 130.176 0 0
29.1377 26.7502 48.4539 0.649001 -0.0414286 0.759659 130.621 0 0
30.1692 27.9644 47.616 0.654635 -0.0397597 0.754898 130.905 0 0
30.6396 28.9669 47.25 0.659892 -0.0381867 0.75039 131.17 0 0
31.0008 29.9621 46.977 0.664714 -0.0366856 0.746197 131.528 0 0
31.4421 31.3479 46.6469 0.669104 -0.0352424 0.742332 131.859 0 0
32.0394 32.4703 46.134 0.673094 -0.0338679 0.738781 132.192 0 0
32.9947 33.0451 45.2712 0.676725 -0.0326009 0.735514 132.537 0 0
34.0613 32.6763 44.2906 0.680033 -0.0314903 0.732505 132.786 0 0
34.7785 32.3059 43.5998 0.683041 -0.030567 0.72974 133.057 0 0
35.5685 31.9083 42.8308 0.685771 -0.0298218 0.727206 133.386 0 0
36.5565 31.4799 41.8762 0.688255 -0.0292035 0.724881 133.68 0 0
37.4995 31.3126 40.9836 0.690525 -0.0286377 0.722742 133.956 0 0
38.369 31.6265 40.1566 0.692587 -0.0280592 0.720789 134.208 0 0
39.0929 32.1776 39.4751 0.694404 -0.0274468 0.719061 134.428 0 0
39.6803 32.7847 38.9309 0.695915 -0.0268431 0.717623 134.845 0 0
40.7285 34.0572 37.9631 0.697059 -0.0263434 0.71653 135.117 0 0
41.4463 34.8823 37.2967 0.697801 -0.0260549 0.715818 135.437 0 0
42.3069 35.8161 36.4679 0.698125 -0.0260502 0.715502 135.54 0 0
42.6598 35.8158 36.1125 0.698028 -0.0263435 0.715586 136.104 0 0
40.7338 35.1995 37.9942 0.697511 -0.0268983 0.71607 136.393 0 0
40.0008 34.253 38.6766 0.696577 -0.0276541 0.716948 136.666 0 0
39.2896 33.4275 39.3376 0.695242 -0.028551 0.718209 136.891 0 0
38.6874 32.8097 39.9004 0.693527 -0.0295318 0.719825 137.14 0 0
37.9414 32.3329 40.6036 0.691462 -0.0305284 0.721768 137.416 0 0
37.0301 32.2546 41.4543 0.689077 -0.0314601 0.724005 137.758 0 0
35.9415 32.5848 42.5018 0.686405 -0.0322565 0.726504 138.11 0 0
34.8894 33.1035 43.5307 0.683488 -0.032895 0.72922 138.46 0 0
33.8575 33.5883 44.518 0.680378 -0.0334192 0.732099 138.702 0 0
33.1282 33.8669 45.1929 0.677115 -0.0339241 0.735094 139.02 0 0
32.1272 33.6526 46.1047 0.673686 -0.0345201 0.738211 139.281 0 0
31.5085 32.9008 46.6481 0.669999 -0.0353073 0.741521 139.627 0 0
30.8958 31.6965 47.1479 0.665909 -0.0363712 0.745146 139.875 0 0
30.5827 30.7364 47.385 0.661281 -0.0377885 0.749186 140.235 0 0
30.1085 29.3638 47.7414 0.656083 -0.0396164 0.753648 140.556 0 0
29.5193 28.2724 48.2025 0.650442 -0.0418595 0.758401 140.901 0 0
28.6423 27.4348 48.923 0.644655 -0.0444393 0.763181 141.16 0 0
27.8453 27.2573 49.578 0.639144 -0.0471851 0.767638 141.487 0 0
26.8515 27.4385 50.4072 0.634369 -0.0498438 0.771422 141.844 0 0
25.8878 28.0492 51.2138 0.630745 -0.0520965 0.77424 142.253 0 0
25.0602 29.2087 51.9433 0.628569 -0.0535962 0.775905 142.594 0 0
24.6172 30.3824 52.3733 0.627977 -0.0540469 0.776353 142.863 0 0
24.3819 31.3638 52.6459 0.628918 -0.0533043 0.775642 143.141 0 0
24.278 32.4061 52.7966 0.631179 -0.0514419 0.77393 143.413 0 0
24.3432 33.4651 52.8255 0.63443 -0.0487287 0.771443 143.808 0 0
24.7257 34.9395 52.6318 0.638313 -0.0455218 0.76843 144.125 0 0
25.2872 35.9661 52.2235 0.642515 -0.0421382 0.765114 144.382 0 0
25.8788 36.6454 51.7466 0.646826 -0.0387752 0.761651 144.771 0 0
27.0284 37.0266 50.7635 0.651144 -0.0355109 0.758123 145.038 0 0
27.8385 36.9032 50.0498 0.655438 -0.0323509 0.754556 145.474 0 0
29.0824 36.2726 48.9348 0.659697 -0.0292712 0.750961 145.772 0 0
29.9634 35.9436 48.1467 0.663896 -0.026233 0.747364 146.014 0 0
30.7078 35.805 47.4799 0.667984 -0.023187 0.743815 146.301 0 0
31.5998 35.9365 46.6856 0.671886 -0.0200963 0.740382 146.693 0 0
32.6035 36.9226 45.7982 0.675525 -0.0169727 0.737141 147.029 0 0
33.1464 38.1564 45.3075 0.678843 -0.013901 0.734152 147.312 0 0
33.5378 39.2764 44.9677 0.681826 -0.0110267 0.731432 147.541 0 0
33.836 40.1953 44.7001 0.684507 -0.00851633 0.728956 147.779 0 0
34.1951 41.1148 44.3698 0.686942 -0.00651134 0.726683 148.064 0 0
34.7628 42.0816 43.8233 0.689165 -0.00509425 0.724587 148.36 0 0
35.4766 42.9273 43.1282 0.691161 -0.00427405 0.722688 148.61 0 0
36.1817 43.4793 42.4599 0.692874 -0.00399384 0.721048 148.943 0 0
37.2619 43.6499 41.4297 0.694229 -0.00415579 0.719742 149.142 0 0
37.8188 43.1862 40.8861 0.695175 -0.00464957 0.718826 149.373 0 0
38.0054 42.1598 40.6998 0.695702 -0.0053701 0.71831 149.722 0 0
38.0646 40.5692 40.631 0.695857 -0.00622047 0.718154 149.964 0 0
38.092 39.4651 40.5889 0.695726 -0.00710794 0.718272 150.189 0 0
38.1548 38.4269 40.5208 0.69542 -0.00794388 0.718559 150.567 0 0
38.6466 36.8178 40.0282 0.69505 -0.00865108 0.71891 150.895 0 0
39.5132 35.9056 39.1778 0.694713 -0.00917222 0.719229 151.171 0 0
40.3757 35.3923 38.3399 0.694478 -0.00947154 0.719452 151.239 0 0
40.5832 35.2414 38.1387 0.694368 -0.0095276 0.719557 151.625 0 0
39.2566 35.1796 39.4161 0.694357 -0.00932378 0.71957 151.851 0 0
38.6402 35.7837 40.0198 0.694385 -0.00884926 0.719549 152.17 0 0
37.9749 36.934 40.6755 0.694375 -0.00812003 0.719567 152.405 0 0
37.6984 37.9451 40.9574 0.694263 -0.00721112 0.719686 152.781 0 0
37.5375 39.6656 41.1349 0.694 -0.00627321 0.719948 153.078 0 0
37.4945 41.0165 41.1961 0.69356 -0.00551423 0.720377 153.311 0 0
37.4195 42.0625 41.2711 0.692931 -0.00515364 0.720985 153.538 0 0
36.8597 42.7382 41.8126 0.692087 -0.0053728 0.721794 153.762 0 0
36.1458 42.455 42.4907 0.690968 -0.00627628 0.722858 154.089 0 0
35.2874 41.5799 43.3222 0.689474 -0.00786815 0.724268 154.457 0 0
34.5682 40.2915 44.0045 0.687507 -0.0100456 0.726109 154.787 0 0
34.1037 38.9753 44.4307 0.685022 -0.0126169 0.728413 155.039 0 0
33.7249 37.9876 44.761 0.682064 -0.0153513 0.731131 155.414 0 0
33.1162 36.5519 45.305 0.678744 -0.0180577 0.734153 155.659 0 0
32.6226 35.7367 45.7565 0.675183 -0.0206597 0.737361 156.054 0 0
31.4762 35.0624 46.7615 0.671454 -0.0232194 0.740683 156.424 0 0
30.3069 35.0401 47.8043 0.667551 -0.0258891 0.744114 156.784 0 0
29.2124 35.4042 48.7843 0.663411 -0.0288191 0.7477 157.043 0 0
28.4581 35.7568 49.4593 0.658962 -0.0320741 0.751492 157.36 0 0
27.5176 36.1086 50.3031 0.654211 -0.0355867 0.755474 157.691 0 0
26.5042 36.0718 51.1876 0.64931 -0.0391546 0.759515 157.978 0 0
25.7737 35.4109 51.7795 0.644569 -0.0424794 0.763365 158.284 0 0
25.2426 34.3848 52.1604 0.640401 -0.0452415 0.766707 158.544 0 0
25.0019 33.3921 52.2906 0.637227 -0.0471854 0.76923 158.9 0 0
24.9509 32.0019 52.2361 0.635374 -0.0481795 0.7707 159.233 0 0
25.2055 30.7592 51.9542 0.634998 -0.0482311 0.771006 159.561 0 0
25.6274 29.6336 51.5335 0.636054 -0.0474628 0.770183 159.85 0 0
26.2141 28.8257 51.0045 0.638318 -0.0460673 0.768393 160.25 0 0
27.2974 28.1789 50.082 0.641456 -0.0442628 0.765882 160.512 0 0
28.0946 28.1664 49.4206 0.645122 -0.0422593 0.76291 160.783 0 0
28.8576 28.6326 48.8025 0.649035 -0.0402341 0.759694 161.099 0 0
29.4852 29.6288 48.305 0.653022 -0.0383115 0.756369 161.378 0 0
29.8989 30.6376 47.9855 0.657011 -0.036555 0.752994 161.629 0 0
30.2201 31.5921 47.7419 0.660981 -0.0349805 0.749586 161.904 0 0
30.6178 32.6173 47.4361 0.664911 -0.0335834 0.746167 162.151 0 0
31.0589 33.4793 47.0743 0.668741 -0.0323537 0.742791 162.437 0 0
31.5907 34.4595 46.6332 0.672383 -0.0312645 0.739543 162.68 0 0
32.3322 34.7513 45.9751 0.675751 -0.030246 0.736509 162.98 0 0
33.2648 34.6717 45.1145 0.67879 -0.029184 0.733752 163.364 0 0
34.3897 34.2009 44.0316 0.681476 -0.027967 0.731306 163.704 0 0
35.4037 33.6997 43.0724 0.683792 -0.0265599 0.729193 163.954 0 0
36.1392 33.3661 42.3499 0.685716 -0.0250429 0.727438 164.325 0 0
37.3072 33.0847 41.2297 0.687216 -0.0235799 0.726071 164.558 0 0
38.0674 33.3159 40.53 0.688263 -0.0223382 0.725117 164.804 0 0
38.7543 33.902 39.8828 0.688854 -0.0214141 0.724583 164.997 0 0
39.185 34.5521 39.4768 0.68902 -0.0208013 0.724444 165.26 0 0
38.3076 34.5432 40.3234 0.688825 -0.0203999 0.72464 165.504 0 0
37.5797 34.0503 41.0093 0.688375 -0.0200471 0.725078 165.851 0 0
36.4364 34.1251 42.0952 0.687807 -0.0195573 0.72563 166.208 0 0
35.3412 34.5724 43.1547 0.687283 -0.0187685 0.726148 166.442 0 0
34.6398 34.916 43.8165 0.686961 -0.0175902 0.726482 166.786 0 0
33.6275 35.4898 44.7909 0.686964 -0.0160412 0.726514 167.036 0 0
33.8296 36.5491 44.6251 0.687352 -0.0142575 0.726185 167.377 0 0
34.3341 37.8983 44.1927 0.688105 -0.0124568 0.725504 167.66 0 0
34.7574 39.0019 43.8133 0.689131 -0.0108663 0.724555 167.899 0 0
35.1273 39.9264 43.4716 0.690287 -0.00965037 0.723471 168.138 0 0
35.5677 40.7968 43.056 0.691409 -0.00887325 0.722409 168.385 0 0
36.2347 41.3665 42.4116 0.692354 -0.00850461 0.721508 168.594 0 0
36.8444 40.9763 41.8229 0.693043 -0.00845234 0.720847 168.822 0 0
36.9766 39.9644 41.6883 0.69348 -0.00859985 0.720425 169.05 0 0
37.0327 38.9428 41.6142 0.693741 -0.00883493 0.720171 169.286 0 0
37.173 37.8852 41.4635 0.693926 -0.00906518 0.719989 169.669 0 0
37.6194 36.2477 41.0057 0.694105 -0.00922374 0.719815 169.908 0 0
38.0988 35.3726 40.5327 0.694274 -0.00927844 0.719651 170.085 0 0
38.2724 34.5974 40.3581 0.694352 -0.0092521 0.719576 170.433 0 0
37.2934 35.4274 41.3033 0.694215 -0.00923925 0.719708 170.677 0 0
36.9593 36.4373 41.6503 0.693756 -0.00939084 0.720149 170.97 0 0
36.6704 37.7033 41.9468 0.692945 -0.00985835 0.720923 171.238 0 0
36.503 38.8986 42.1311 0.691872 -0.0107222 0.721941 171.555 0 0
36.0222 40.1495 42.6152 0.690734 -0.0119434 0.72301 171.812 0 0
35.5352 39.2278 43.0802 0.689782 -0.0133617 0.723894 172.104 0 0
35.0556 38.1191 43.5213 0.689238 -0.0147413 0.724385 172.383 0 0
34.637 37.036 43.8919 0.689223 -0.0158469 0.724376 172.628 0 0
34.3949 36.0058 44.0805 0.689723 -0.0165223 0.723885 172.922 0 0
35.2344 35.4256 43.2767 0.690593 -0.0167464 0.723049 173.163 0 0
35.9702 35.0949 42.583 0.691603 -0.016638 0.722086 173.447 0 0
36.8455 34.8966 41.7293 0.692516 -0.0164049 0.721216 173.593 0 0
37.1892 35.3428 41.4012 0.693187 -0.0162596 0.720575 173.921 0 0
36.189 35.8375 42.3976 0.693622 -0.0163474 0.720153 174.204 0 0
36.2408 37.0767 42.3588 0.69396 -0.0167186 0.719819 174.489 0 0
36.0429 38.3148 42.5701 0.694381 -0.0173484 0.719398 174.779 0 0
35.4323 37.3334 43.1485 0.695012 -0.0181759 0.718768 175.021 0 0
35.1946 36.3186 43.3468 0.695875 -0.0191351 0.717908 175.341 0 0
36.1407 35.8168 42.4434 0.696894 -0.0201669 0.716891 175.353 0 0
36.1798 35.8038 42.4058 0.697937 -0.0212161 0.715816 175.353 0 0
30.3691 33.57 47.6986 0.665409 -0.0277186 0.745946 175.765 1 0
29.3279 34.5413 48.6501 0.66052 -0.0307134 0.75018 176.061 0 0
28.4592 34.9379 49.4287 0.655782 -0.0336679 0.7542 176.506 0 0
27.1217 35.3333 50.6269 0.651433 -0.0364683 0.757829 176.908 0 0
26.0284 34.5641 51.5136 0.647766 -0.0389482 0.760843 177.165 0 0
25.6594 33.6446 51.7619 0.645075 -0.0409219 0.763022 177.486 0 0
25.5734 32.3687 51.754 0.643583 -0.0422268 0.764211 177.778 0 0
25.7378 31.2547 51.5525 0.643371 -0.0427667 0.764359 178.055 0 0
26.0801 30.2823 51.2087 0.644348 -0.0425406 0.763548 178.361 0 0
26.7155 29.4421 50.632 0.646259 -0.0416456 0.761981 178.683 0 0
27.6324 29.0076 49.8517 0.648729 -0.0402592 0.759954 179.104 0 0
28.8045 29.7565 48.9101 0.651324 -0.0386165 0.757817 179.59 0 0
29.5501 31.4626 48.3295 0.653599 -0.036991 0.755937 179.861 0 0
29.9151 32.4806 48.0521 0.65516 -0.0356665 0.754648 180.135 0 0
30.3551 33.4631 47.7071 0.655735 -0.0348905 0.754185 180.143 0 0
30.3713 33.4935 47.6936 0.655242 -0.0348136 0.754616 180.415 0 0
29.5249 33.3758 48.434 0.653831 -0.035439 0.75581 180.797 0 0
28.4941 34.115 49.3679 0.651861 -0.0366048 0.757455 181.048 0 0
27.7601 34.4205 50.029 0.649818 -0.038018 0.759138 181.449 0 0
26.5514 34.0671 51.0472 0.648181 -0.0393345 0.76047 181.847 0 0
26.1835 32.5391 51.2657 0.647283 -0.0402623 0.761186 182.121 0 0
26.3433 31.4817 51.0696 0.647226 -0.0406485 0.761214 182.481 0 0
26.9182 30.2993 50.5198 0.647875 -0.0405163 0.760668 182.732 0 0
27.6196 29.9229 49.9191 0.648924 -0.0400355 0.759799 182.995 0 0
28.3676 30.3604 49.3211 0.65001 -0.0394407 0.758902 183.252 0 0
28.8244 31.205 48.9576 0.650842 -0.0389285 0.758214 183.523 0 0
29.1978 32.2003 48.6712 0.651293 -0.0385846 0.757844 183.818 0 0
29.5112 33.3466 48.4449 0.651412 -0.0383748 0.757753 184.15 0 0
28.4885 33.1528 49.3363 0.651353 -0.0382014 0.757812 184.44 0 0
27.695 33.6677 50.049 0.651277 -0.0379804 0.757889 184.836 0 0
26.82 32.5053 50.7369 0.651278 -0.0376878 0.757903 185.091 0 0
26.9887 31.5249 50.5401 0.651365 -0.0373542 0.757844 185.424 0 0
27.9152 31.0137 49.7443 0.651492 -0.0370318 0.757751 185.683 0 0
28.4388 31.8027 49.3224 0.651599 -0.0367632 0.757672 185.792 0 0
28.588 32.2034 49.208 0.651646 -0.0365662 0.757641 186.119 0 0
27.6869 32.7693 50.0066 0.651626 -0.0364343 0.757665 186.171 0 0
27.5999 32.9441 50.0886 0.651559 -0.0363438 0.757727 186.191 0 0
27.6589 32.9182 50.036 0.651454 -0.0362624 0.757767 186.191 0 0
