15.616 -18.8486 57.0637 0.437661 0.0227734 0.898852 0 1 0
15.686 -17.6381 56.9896 0.445826 0.0233711 0.894814 0.712794 0 0
16.0082 -18.7243 56.8589 0.453056 0.023913 0.891161 1.02169 0 0
16.0309 -19.7438 56.8797 0.459175 0.0243417 0.888012 1.11129 0 0
15.7943 -19.611 56.9962 0.464243 0.0246095 0.885366 1.38801 0 0
16.543 -19.9461 56.5953 0.468413 0.0247013 0.883164 1.92209 0 0
16.5245 -18.1364 56.5652 0.471786 0.0246365 0.881369 2.22306 0 0
16.4381 -17.1349 56.5662 0.474344 0.0244577 0.88 2.64927 0 0
16.5846 -15.6993 56.4417 0.475991 0.0242195 0.879117 2.93902 0 0
16.6492 -14.7153 56.3862 0.476679 0.0239737 0.87875 3.24884 0 0
16.9964 -13.7597 56.1678 0.47648 0.0237567 0.878864 3.76062 0 0
17.3076 -12.072 55.9632 0.475562 0.0235898 0.879366 4.12008 0 0
17.216 -10.8724 55.9772 0.474079 0.0234949 0.880169 4.46063 0 0
16.4234 -10.1354 56.3802 0.472097 0.0235043 0.881233 4.95931 0 0
15.3718 -11.3197 56.9771 0.469591 0.0236557 0.882567 5.36036 0 0
15.3111 -12.6237 57.0428 0.46654 0.0239757 0.884175 5.67791 0 0
15.298 -13.6607 57.0841 0.46306 0.0244649 0.885989 5.99834 0 0
15.3365 -14.6992 57.0922 0.459488 0.0250911 0.88783 6.31111 0 0
15.4289 -15.7115 57.0638 0.456369 0.0257987 0.889417 6.6228 0 0
15.18 -16.6971 57.205 0.454326 0.0265324 0.89044 7.02862 0 0
14.9696 -18.0371 57.3563 0.453867 0.0272505 0.890652 7.33201 0 0
14.7791 -19.0159 57.4754 0.455214 0.0279098 0.889944 7.73682 0 0
14.5741 -20.3091 57.61 0.45822 0.0284448 0.888384 8.07975 0 0
14.8617 -21.3861 57.5104 0.462426 0.0287786 0.886191 8.3397 0 0
15.6157 -21.5659 57.137 0.467217 0.0288595 0.883671 8.66752 0 0
16.2556 -20.7449 56.7853 0.472002 0.0286834 0.881131 8.80186 0 0
16.3782 -20.3246 56.6983 0.476349 0.0282841 0.878801 9.03388 0 0
16.9378 -20.7854 56.4063 0.480051 0.027706 0.876803 9.34331 0 0
17.1364 -19.7606 56.2472 0.483092 0.02698 0.875154 9.63846 0 0
17.1743 -18.7219 56.2057 0.485542 0.0261142 0.873823 9.94561 0 0
17.1431 -17.6554 56.2138 0.4874 0.0251113 0.872817 10.2587 0 0
17.154 -16.5988 56.1675 0.488489 0.024015 0.87224 10.6892 0 0
17.2886 -15.1551 56.0393 0.488458 0.0229503 0.872285 11.0199 0 0
17.52 -14.061 55.882 0.486914 0.0221089 0.87317 11.5146 0 0
17.8858 -12.4465 55.6439 0.483591 0.021668 0.875026 11.8687 0 0
17.9651 -11.2651 55.5555 0.478501 0.0216918 0.877819 12.1764 0 0
17.7687 -10.2252 55.6485 0.471994 0.0220952 0.881325 12.5201 0 0
17.0104 -9.4177 56.0614 0.464682 0.0226968 0.885187 12.842 0 0
16.037 -9.36554 56.577 0.457259 0.023321 0.889028 13.3373 0 0
14.939 -10.4592 57.1508 0.450294 0.0238863 0.892561 13.6436 0 0
14.6744 -11.4186 57.3228 0.444129 0.0244382 0.895629 14.1875 0 0
14.6591 -13.1786 57.3921 0.438942 0.0251088 0.898164 14.5349 0 0
14.7018 -14.2905 57.4048 0.434878 0.0260217 0.900113 14.8544 0 0
14.7112 -15.3108 57.4167 0.432154 0.0272005 0.901389 15.2233 0 0
14.5431 -16.5002 57.5083 0.431065 0.0285382 0.901869 15.642 0 0
14.3309 -17.8649 57.6635 0.431903 0.0298428 0.901426 15.9834 0 0
14.108 -18.9296 57.789 0.434853 0.0309184 0.89997 16.3955 0 0
13.9356 -20.2492 57.9125 0.439897 0.0316213 0.897491 16.842 0 0
13.9954 -21.6778 57.9425 0.44675 0.0318698 0.894091 17.1567 0 0
14.5159 -22.5262 57.7384 0.454868 0.0316361 0.889997 17.5057 0 0
15.5085 -22.6711 57.2321 0.463528 0.0309522 0.885542 17.8359 0 0
16.3405 -22.1014 56.7697 0.471973 0.0299215 0.881105 18.1609 0 0
16.8302 -21.1633 56.4848 0.4796 0.0287051 0.877017 18.3967 0 0
17.3616 -21.6794 56.2012 0.486095 0.0274693 0.873474 18.7884 0 0
17.6811 -20.4034 55.9587 0.491431 0.02632 0.870518 19.0994 0 0
17.7741 -19.317 55.8626 0.495742 0.0252596 0.868103 19.3952 0 0
17.7789 -18.2649 55.849 0.499122 0.0241951 0.866194 19.7169 0 0
17.7812 -17.1527 55.8334 0.501505 0.0229976 0.864849 20.0393 0 0
17.8333 -16.0588 55.7556 0.502648 0.0215834 0.864222 20.4729 0 0
18.0509 -14.5859 55.5975 0.502226 0.0199744 0.864506 20.7902 0 0
18.2747 -13.5533 55.4365 0.499968 0.0183113 0.86585 21.2933 0 0
18.5933 -11.9096 55.205 0.49577 0.0168161 0.868291 21.6052 0 0
18.5955 -10.8457 55.1642 0.489737 0.0157237 0.871729 21.97 0 0
18.2777 -9.61839 55.3529 0.482166 0.0152098 0.875948 22.2668 0 0
17.6326 -8.8879 55.7046 0.473493 0.0153432 0.880664 22.6333 0 0
16.5795 -8.4751 56.2825 0.464206 0.0160735 0.885581 22.932 0 0
15.701 -8.66341 56.7316 0.454758 0.0172542 0.890448 23.3859 0 0
14.6167 -9.57054 57.294 0.445518 0.0186929 0.895078 23.7257 0 0
14.1442 -10.5499 57.5382 0.43676 0.0202206 0.899351 24.0569 0 0
13.9695 -11.6234 57.6636 0.42869 0.0217536 0.90319 24.3855 0 0
13.9753 -12.6888 57.687 0.42148 0.0233092 0.906538 24.7035 0 0
14.0399 -13.7188 57.6918 0.415339 0.024962 0.909324 25.0803 0 0
14.0734 -14.9329 57.712 0.410596 0.0267704 0.911424 25.4567 0 0
13.9565 -16.1324 57.7672 0.407727 0.0287191 0.912652 25.911 0 0
13.7125 -17.5947 57.9253 0.407283 0.0307018 0.912786 26.2516 0 0
13.4874 -18.6577 58.0555 0.409726 0.0325467 0.911628 26.5765 0 0
13.3099 -19.6767 58.1657 0.415254 0.0340686 0.909067 26.9591 0 0
13.2107 -20.8976 58.2619 0.423668 0.0351207 0.905136 27.4319 0 0
13.4548 -22.3914 58.2227 0.434337 0.0356222 0.900046 27.8279 0 0
14.2492 -23.3301 57.9053 0.446303 0.0355524 0.894176 28.157 0 0
15.1505 -23.6106 57.4533 0.458483 0.034932 0.888016 28.5296 0 0
16.1766 -23.2304 56.899 0.469923 0.0338196 0.882059 29.0668 0 0
17.2693 -21.9349 56.2667 0.47999 0.0323312 0.876678 29.1085 0 0
17.3215 -21.8089 56.2286 0.48845 0.0306486 0.872053 29.3341 0 0
17.9259 -22.1234 55.8719 0.495416 0.0289802 0.868172 29.6443 0 0
18.2277 -21.1074 55.6648 0.501178 0.0274845 0.864907 29.9821 0 0
18.3766 -19.937 55.5308 0.506033 0.0262059 0.862116 30.2807 0 0
18.3981 -18.8696 55.4859 0.510156 0.0250653 0.859716 30.5799 0 0
18.3919 -17.801 55.4781 0.513547 0.0239084 0.857728 30.9107 0 0
18.4307 -16.644 55.4403 0.516008 0.0225869 0.856286 31.2359 0 0
18.5357 -15.5407 55.3426 0.517175 0.0210333 0.855621 31.6904 0 0
18.7893 -14.0281 55.1256 0.516615 0.0192998 0.856 31.9926 0 0
19.0175 -13.0336 54.9505 0.513958 0.0175424 0.857636 32.4679 0 0
19.2621 -11.3926 54.7874 0.509008 0.0159641 0.860614 32.8276 0 0
19.1823 -10.1442 54.8233 0.501799 0.0147493 0.864858 33.1758 0 0
18.7622 -9.0443 55.07 0.492626 0.0140205 0.870128 33.4752 0 0
18.1156 -8.31538 55.4382 0.482024 0.0138231 0.876049 33.8156 0 0
17.194 -7.77441 55.9499 0.470689 0.01413 0.882186 34.1362 0 0
16.2289 -7.69626 56.4522 0.459322 0.0148676 0.888145 34.5531 0 0
15.0615 -8.17691 57.0517 0.448461 0.0159586 0.89366 35.0384 0 0
13.9616 -9.20061 57.601 0.438368 0.0173655 0.898628 35.51 0 0
13.4011 -10.6148 57.8992 0.429052 0.0191131 0.903078 35.9282 0 0
13.2806 -11.9294 57.9855 0.420423 0.0212667 0.907079 36.2815 0 0
13.3427 -13.042 57.9843 0.412488 0.02386 0.91065 36.6531 0 0
13.4116 -14.2201 57.9864 0.405481 0.0268102 0.91371 37.0672 0 0
13.3637 -15.5308 58.0413 0.39987 0.0298845 0.916085 37.3983 0 0
13.2459 -16.5693 58.0999 0.396272 0.0327478 0.917549 37.9045 0 0
12.9015 -18.1498 58.2843 0.395298 0.0350679 0.917883 38.4293 0 0
12.6153 -19.8033 58.4593 0.397403 0.0366242 0.916913 38.7546 0 0
12.521 -20.8425 58.5336 0.402757 0.0373755 0.914543 39.1103 0 0
12.5729 -21.9828 58.5972 0.411192 0.0374598 0.910779 39.4669 0 0
12.9415 -23.0253 58.4754 0.422177 0.0371227 0.905753 39.7874 0 0
13.5496 -23.8072 58.2364 0.434837 0.0366066 0.899765 40.1712 0 0
14.546 -24.3963 57.8093 0.448009 0.0360606 0.893301 40.5196 0 0
15.5198 -24.3639 57.295 0.460367 0.0355241 0.887018 41.0047 0 0
16.8173 -23.7647 56.5713 0.470611 0.0349844 0.881647 41.3136 0 0
17.5072 -23.081 56.1752 0.477657 0.0344532 0.87787 41.4135 0 0
17.65 -22.79 56.0735 0.480781 0.0340072 0.876181 41.649 0 0
18.3064 -23.0472 55.6818 0.479698 0.0337868 0.876783 41.9662 0 0
17.7505 -23.9281 56.0658 0.474569 0.0339581 0.879563 42.2746 0 0
17.0068 -24.5372 56.4905 0.465946 0.0346369 0.884135 42.7437 0 0
15.7076 -25.1367 57.2163 0.454684 0.0357981 0.889933 43.0791 0 0
14.7404 -25.2706 57.7487 0.441817 0.0372309 0.896332 43.4048 0 0
13.8336 -24.9854 58.1532 0.428422 0.0385836 0.902755 43.7475 0 0
13.0054 -24.3501 58.4992 0.415457 0.0394766 0.908756 44.1478 0 0
12.2892 -23.3285 58.7715 0.40364 0.0396267 0.914059 44.5106 0 0
11.8893 -22.266 58.8893 0.393389 0.0389291 0.918547 44.8808 0 0
11.7976 -21.1134 58.8404 0.384861 0.0374677 0.922214 45.2816 0 0
11.9167 -19.8472 58.7265 0.378053 0.0354574 0.925105 45.6415 0 0
12.0944 -18.7012 58.6284 0.37293 0.0331452 0.927267 46.0229 0 0
12.3702 -17.5108 58.4737 0.369549 0.0307231 0.928703 46.4321 0 0
12.6397 -16.2285 58.3356 0.368122 0.0282935 0.929347 46.765 0 0
12.7303 -15.1574 58.2775 0.368981 0.0258884 0.929076 47.1239 0 0
12.7415 -13.9953 58.2484 0.372458 0.0235121 0.927751 47.5112 0 0
12.6499 -12.7511 58.2577 0.378745 0.02118 0.925259 47.9015 0 0
12.5846 -11.5014 58.2457 0.387831 0.0189454 0.921536 48.2482 0 0
12.7047 -10.3989 58.1673 0.399501 0.0169061 0.916577 48.5978 0 0
13.063 -9.34356 58.027 0.413341 0.0151845 0.91045 48.979 0 0
13.6515 -8.35556 57.7306 0.428734 0.0138832 0.903324 49.5784 0 0
15.0978 -7.2566 57.0196 0.444878 0.0130459 0.895496 49.8843 0 0
15.9682 -6.95567 56.5759 0.460869 0.0126582 0.887378 50.2135 0 0
16.9523 -6.90697 56.0638 0.475842 0.0126879 0.879439 50.5335 0 0
17.8726 -7.23461 55.5823 0.48914 0.0131219 0.872106 50.982 0 0
18.9218 -8.13758 54.949 0.500413 0.0139599 0.865674 51.328 0 0
19.5291 -9.13096 54.5836 0.509633 0.0151733 0.860258 51.6306 0 0
19.8498 -10.1385 54.3983 0.517001 0.0166709 0.855823 51.9983 0 0
19.9096 -11.441 54.3861 0.522793 0.0183038 0.852263 52.3031 0 0
19.7849 -12.4929 54.4714 0.527236 0.0199038 0.849486 52.5879 0 0
19.5529 -13.4581 54.6245 0.530455 0.0213306 0.847445 52.9881 0 0
19.2584 -14.8252 54.86 0.532535 0.0225002 0.846109 53.2969 0 0
19.1119 -15.8753 54.9932 0.533609 0.0233862 0.845408 53.7222 0 0
19.0037 -17.3316 55.0918 0.533904 0.0240042 0.845204 54.0357 0 0
19.0083 -18.4224 55.1103 0.533725 0.0243988 0.845306 54.3317 0 0
19.034 -19.4656 55.129 0.533386 0.0246333 0.845513 54.6442 0 0
18.9767 -20.5634 55.1974 0.533155 0.0247686 0.845655 54.9333 0 0
18.7941 -21.5663 55.3339 0.533206 0.0248341 0.845621 55.194 0 0
18.53 -22.4429 55.5154 0.533588 0.0248183 0.84538 55.4084 0 0
19.1213 -22.771 55.163 0.534212 0.0246874 0.84499 55.8702 0 0
19.5338 -21.2005 54.8629 0.534899 0.0244144 0.844563 56.1757 0 0
19.6577 -20.1131 54.7538 0.53547 0.023992 0.844213 56.4846 0 0
19.6475 -19.0132 54.7285 0.535825 0.0234231 0.844004 56.7709 0 0
19.5937 -18.0027 54.7152 0.535939 0.0227038 0.843951 57.087 0 0
19.608 -16.8646 54.6822 0.535776 0.0218131 0.844079 57.441 0 0
19.7633 -15.6159 54.5724 0.535166 0.020712 0.844493 57.7549 0 0
19.9079 -14.5387 54.4423 0.533737 0.0193552 0.845429 58.2374 0 0
20.3462 -12.9243 54.1254 0.530962 0.0177205 0.847211 58.5593 0 0
20.5426 -11.8106 53.9909 0.526278 0.0158528 0.850165 59.1032 0 0
20.4749 -9.9076 53.9946 0.519229 0.0138905 0.854522 59.508 0 0
20.0349 -8.57088 54.2527 0.509567 0.0120453 0.860347 60.037 0 0
18.9639 -7.18395 54.9004 0.497314 0.010546 0.867506 60.3678 0 0
18.1371 -6.53033 55.4186 0.482816 0.00957905 0.87567 60.9255 0 0
16.5066 -6.0982 56.2923 0.466722 0.00924893 0.884356 61.2224 0 0
15.6252 -6.23398 56.7581 0.449903 0.00956011 0.893026 61.6356 0 0
14.4695 -6.7473 57.3214 0.433299 0.0104246 0.90119 62.0391 0 0
13.4534 -7.46397 57.816 0.417768 0.0116956 0.908479 62.4024 0 0
12.7745 -8.35424 58.1344 0.40397 0.0132172 0.914677 62.7347 0 0
12.2936 -9.25002 58.3224 0.392319 0.0148694 0.919709 63.1423 0 0
11.9778 -10.5024 58.4558 0.382971 0.0166025 0.923611 63.4983 0 0
11.9218 -11.6451 58.5076 0.375866 0.0184605 0.92649 63.8376 0 0
11.9822 -12.7334 58.5125 0.37079 0.0205763 0.928489 64.1756 0 0
12.0683 -13.8166 58.4988 0.367475 0.0231134 0.929746 64.52 0 0
12.0962 -14.934 58.5136 0.365688 0.0261664 0.93037 64.8428 0 0
12.0247 -15.9721 58.5701 0.365306 0.0296731 0.930415 65.188 0 0
11.8194 -17.0612 58.6726 0.366339 0.033381 0.929883 65.6275 0 0
11.4431 -18.4214 58.8705 0.368911 0.0368818 0.928733 65.9516 0 0
11.2898 -19.4444 58.9545 0.373213 0.0397074 0.926895 66.4223 0 0
11.0794 -20.94 59.1128 0.379447 0.0414677 0.924284 66.774 0 0
11.1223 -22.05 59.1776 0.387777 0.0419811 0.920797 67.191 0 0
11.4613 -23.2907 59.1214 0.398287 0.0413352 0.916329 67.5275 0 0
11.938 -24.1774 58.9508 0.410913 0.0398438 0.910804 68.0823 0 0
13.0766 -25.4034 58.5215 0.425352 0.0379277 0.904233 68.412 0 0
13.9127 -25.9019 58.1677 0.440985 0.0359816 0.896793 68.7518 0 0
14.8618 -26.0809 57.707 0.456846 0.0342732 0.888885 69.2244 0 0
16.1542 -25.8079 56.9878 0.471724 0.0328976 0.881132 69.611 0 0
17.2035 -25.2867 56.4052 0.48437 0.0317979 0.874285 70.1305 0 0
18.4309 -24.2345 55.6492 0.493746 0.0308454 0.869059 70.5536 0 0
19.0561 -22.9733 55.2129 0.499182 0.0299485 0.865979 70.7552 0 0
19.593 -23.3125 54.8757 0.500413 0.0291388 0.865296 71.0899 0 0
19.1394 -24.3731 55.2094 0.497522 0.0285864 0.86698 71.382 0 0
18.5553 -25.1365 55.6133 0.490845 0.0285319 0.87078 71.6939 0 0
17.8406 -25.7988 56.0718 0.480889 0.0291759 0.876296 72.1469 0 0
16.6278 -26.4969 56.7403 0.468307 0.0305919 0.883036 72.673 0 0
15.083 -26.8905 57.6085 0.453918 0.0326902 0.890444 72.9963 0 0
14.1639 -26.7574 58.0627 0.438696 0.0352208 0.897945 73.3209 0 0
13.262 -26.4965 58.4965 0.423676 0.037807 0.905025 73.717 0 0
12.3503 -25.764 58.864 0.409777 0.0400178 0.911307 74.101 0 0
11.5865 -24.9008 59.1494 0.397656 0.0414719 0.916597 74.5185 0 0
10.8603 -23.8933 59.3887 0.387638 0.0419329 0.920857 74.9363 0 0
10.4869 -22.708 59.4629 0.379754 0.0413553 0.924163 75.4849 0 0
10.3671 -21.0505 59.4064 0.373817 0.039876 0.926645 75.819 0 0
10.4035 -20.0194 59.3183 0.36948 0.0377608 0.928471 76.1293 0 0
10.6832 -19.0793 59.1793 0.366294 0.0353189 0.929828 76.453 0 0
10.7397 -18.0503 59.1295 0.363791 0.03281 0.930903 77.0518 0 0
11.3132 -16.2596 58.8501 0.361614 0.0303845 0.931832 77.3676 0 0
11.4418 -15.2583 58.7728 0.359668 0.028085 0.932657 77.6889 0 0
11.3836 -14.2366 58.7673 0.358193 0.0258934 0.933288 78.0028 0 0
11.2903 -13.2344 58.7867 0.357726 0.0237793 0.933524 78.344 0 0
11.1534 -12.1617 58.822 0.358961 0.0217209 0.9331 78.7059 0 0
11.0711 -11.0328 58.8117 0.362566 0.0197054 0.93175 79.057 0 0
11.2895 -9.95332 58.7072 0.369033 0.0177284 0.929247 79.3798 0 0
11.5793 -8.99426 58.5883 0.378585 0.0157992 0.925432 79.8775 0 0
12.3319 -7.6564 58.2941 0.391132 0.0139504 0.920229 80.2173 0 0
12.9568 -6.83823 58.0143 0.406274 0.0122518 0.913669 80.5591 0 0
13.681 -6.09252 57.6964 0.423341 0.0108155 0.905906 80.8772 0 0
14.5565 -5.80286 57.2906 0.441484 0.00977842 0.897216 81.4358 0 0
16.1088 -5.34862 56.504 0.459782 0.00926104 0.887983 81.7445 0 0
17.023 -5.36182 56.0206 0.477339 0.00932209 0.87867 82.2472 0 0
18.485 -5.68556 55.2053 0.493337 0.00993011 0.869781 82.6789 0 0
19.4416 -6.64653 54.6035 0.507129 0.0109575 0.861801 82.9927 0 0
20.144 -7.37497 54.1601 0.518334 0.0122082 0.855091 83.4232 0 0
20.7231 -8.74487 53.8139 0.526911 0.013488 0.849814 83.7343 0 0
21.2593 -9.63113 53.4702 0.533127 0.0146874 0.845908 84.2525 0 0
21.1718 -11.4708 53.5774 0.537427 0.0158093 0.843162 84.5501 0 0
21.0848 -12.5064 53.6624 0.540277 0.016913 0.841317 84.8487 0 0
20.8401 -13.4999 53.8366 0.542057 0.0180243 0.840148 85.2167 0 0
20.4853 -14.7125 54.0915 0.543043 0.0190937 0.839488 85.5511 0 0
20.4769 -15.8804 54.1024 0.54344 0.0200304 0.839209 86.0185 0 0
20.1656 -17.4963 54.3215 0.543433 0.0207702 0.839196 86.2964 0 0
20.219 -18.5075 54.3345 0.543192 0.0213131 0.839338 86.5797 0 0
20.3192 -19.5139 54.3175 0.542863 0.0217118 0.839541 86.8868 0 0
20.2526 -20.5886 54.3915 0.542541 0.0220314 0.83974 87.2214 0 0
20.1135 -21.7615 54.5119 0.542264 0.0223182 0.839912 87.5595 0 0
19.7485 -22.8808 54.7644 0.542025 0.0225936 0.840059 87.6344 0 0
19.6542 -23.1226 54.8289 0.541773 0.0228657 0.840165 87.6344 0 0
16.4735 -13.52 56.4545 0.481195 0.0207291 0.876329 87.9328 1 0
16.0178 -12.6656 56.6787 0.481679 0.0204424 0.876109 88.26 0 0
16.0138 -11.5815 56.6597 0.482397 0.020204 0.87572 88.4139 0 0
16.4554 -11.5261 56.4219 0.483397 0.020031 0.875172 88.7444 0 0
16.645 -12.6033 56.3424 0.484635 0.01992 0.87449 88.9962 0 0
16.5079 -13.4187 56.433 0.486019 0.0198492 0.873723 89.0116 0 0
16.4969 -13.4682 56.4401 0.487439 0.0197887 0.87293 89.0116 0 0
