-58.8227 -16.4857 22.6871 -0.574732 -0.0162894 0.818156 0 1 0
-58.4712 -17.8341 22.8992 -0.575125 -0.0167043 0.817895 0.472007 0 0
-58.1865 -19.0797 23.0671 -0.575415 -0.0171178 0.817683 0.674674 0 0
-57.6317 -18.1688 23.4866 -0.57562 -0.0176092 0.817528 0.887901 0 0
-58.0296 -17.0656 23.2328 -0.575793 -0.018252 0.817392 1.13873 0 0
-58.7905 -15.9782 22.7159 -0.576022 -0.0190564 0.817212 1.27658 0 0
-59.4219 -16.1251 22.2716 -0.576427 -0.0199585 0.816905 1.48518 0 0
-59.2882 -17.3291 22.3368 -0.577111 -0.0208542 0.816399 1.73272 0 0
-58.9034 -18.7018 22.5695 -0.578117 -0.021645 0.815667 1.94865 0 0
-58.5872 -19.8954 22.7603 -0.579381 -0.0222603 0.814753 2.16761 0 0
-58.2467 -21.0603 22.9621 -0.58075 -0.0226544 0.813767 2.35701 0 0
-57.9568 -22.0694 23.1269 -0.58202 -0.0227914 0.812855 2.53586 0 0
-57.7101 -23.0475 23.2707 -0.58298 -0.0226368 0.812171 2.72415 0 0
-56.9586 -22.5096 23.8303 -0.583421 -0.0221658 0.811868 3.02293 0 0
-56.9063 -20.8415 23.9308 -0.58315 -0.0213919 0.812083 3.26662 0 0
-57.0072 -19.4928 23.9009 -0.582045 -0.0203994 0.812901 3.52821 0 0
-57.0797 -18.0553 23.8815 -0.580147 -0.0193534 0.814281 3.77843 0 0
-57.4435 -16.7239 23.6598 -0.577716 -0.0184691 0.816029 3.98566 0 0
-57.8172 -15.6589 23.4108 -0.575172 -0.0179484 0.817835 4.30486 0 0
-58.9153 -14.4517 22.6494 -0.572966 -0.0179111 0.819384 4.49123 0 0
-59.3797 -15.348 22.3107 -0.571431 -0.0183592 0.820445 4.63132 0 0
-59.9922 -15.0083 21.8967 -0.570721 -0.0192028 0.82092 4.88443 0 0
-60.0767 -16.4857 21.8331 -0.570822 -0.0203369 0.820822 5.18664 0 0
-59.7335 -18.1591 22.0036 -0.571608 -0.0217031 0.82024 5.42339 0 0
-59.3462 -19.4806 22.234 -0.572904 -0.0232755 0.819292 5.64986 0 0
-59.009 -20.73 22.4334 -0.574553 -0.0249828 0.818086 5.85278 0 0
-58.7174 -21.8362 22.6012 -0.576448 -0.0266524 0.816699 6.03009 0 0
-58.4565 -22.8073 22.7544 -0.578525 -0.0280443 0.815182 6.21383 0 0
-58.2393 -23.8306 22.878 -0.580712 -0.0289522 0.813594 6.40811 0 0
-58.0312 -24.9163 22.989 -0.58289 -0.0292851 0.812023 6.59717 0 0
-57.7201 -25.9453 23.1671 -0.584902 -0.0290751 0.810583 6.76746 0 0
-57.0636 -25.3991 23.6643 -0.586593 -0.0284185 0.809383 7.00907 0 0
-56.7068 -24.1374 23.9908 -0.587844 -0.0274054 0.80851 7.21375 0 0
-56.4607 -23.0737 24.1953 -0.58859 -0.0260895 0.808011 7.45829 0 0
-56.3161 -21.7556 24.3324 -0.588807 -0.024507 0.807902 7.64538 0 0
-56.2793 -20.7243 24.3901 -0.588504 -0.0227119 0.808175 7.83779 0 0
-56.3188 -19.6553 24.3982 -0.587693 -0.0207911 0.808817 8.10138 0 0
-56.4274 -18.2265 24.354 -0.586356 -0.0188473 0.809834 8.33837 0 0
-56.6458 -16.9575 24.2284 -0.584422 -0.0169713 0.811273 8.54734 0 0
-57.0195 -15.8939 23.9843 -0.581801 -0.0152365 0.813188 8.79106 0 0
-57.5442 -14.7219 23.6146 -0.578449 -0.0137248 0.815603 9.00857 0 0
-58.178 -13.7684 23.1816 -0.574425 -0.0125521 0.818461 9.29737 0 0
-59.2867 -12.8721 22.4112 -0.569928 -0.0118534 0.821609 9.49753 0 0
-59.6605 -13.936 22.1338 -0.56529 -0.0117246 0.824809 9.59779 0 0
-59.8338 -14.4846 22.0033 -0.560933 -0.0121695 0.827772 9.74804 0 0
-60.3449 -13.8308 21.6774 -0.557286 -0.0130934 0.830217 10.041 0 0
-60.7927 -15.4699 21.3725 -0.55469 -0.0143483 0.831934 10.2173 0 0
-60.7609 -16.5037 21.3882 -0.553314 -0.0157895 0.832823 10.4033 0 0
-60.5505 -17.5619 21.4854 -0.553136 -0.0173161 0.832911 10.6208 0 0
-60.2116 -18.8167 21.6606 -0.55398 -0.0188949 0.832315 10.8349 0 0
-59.8365 -20.0408 21.8765 -0.555609 -0.0205724 0.831189 11.0265 0 0
-59.5732 -21.1522 22.03 -0.557805 -0.0224521 0.829668 11.2758 0 0
-59.1945 -22.5337 22.2548 -0.560426 -0.0246145 0.827838 11.5181 0 0
-58.8694 -23.872 22.4441 -0.563401 -0.0270099 0.825742 11.6992 0 0
-58.6841 -24.8969 22.5323 -0.566695 -0.0294087 0.823403 11.8679 0 0
-58.5525 -25.8907 22.5865 -0.570269 -0.0314581 0.820856 12.0377 0 0
-58.3612 -26.87 22.6915 -0.574041 -0.0328179 0.818169 12.2437 0 0
-57.388 -26.9755 23.3413 -0.577864 -0.0332859 0.815454 12.511 0 0
-56.4868 -25.9278 24.039 -0.581535 -0.032843 0.812858 12.7324 0 0
-56.1328 -24.7456 24.3787 -0.584833 -0.0316122 0.810537 12.9279 0 0
-55.9297 -23.7141 24.5685 -0.587557 -0.0297727 0.808635 13.2649 0 0
-55.7146 -21.9115 24.7802 -0.589531 -0.0274873 0.807278 13.5342 0 0
-55.6551 -20.4492 24.8633 -0.590609 -0.0248809 0.806575 13.723 0 0
-55.6815 -19.4216 24.8736 -0.590677 -0.0220777 0.806606 13.9138 0 0
-55.7454 -18.3921 24.8491 -0.589696 -0.0192593 0.807396 14.1878 0 0
-55.9945 -16.9411 24.7051 -0.587723 -0.0166722 0.808891 14.4057 0 0
-56.3327 -15.8303 24.4876 -0.5849 -0.0145521 0.810975 14.5984 0 0
-56.6882 -14.8836 24.2294 -0.581404 -0.0130271 0.813511 14.7891 0 0
-57.1596 -13.9922 23.8942 -0.577405 -0.01209 0.816368 14.9939 0 0
-57.781 -13.1237 23.4681 -0.573073 -0.011653 0.819422 15.2235 0 0
-58.465 -12.1413 22.9954 -0.568615 -0.0116154 0.822522 15.4191 0 0
-58.8975 -11.1675 22.7082 -0.564305 -0.0118918 0.825481 15.5668 0 0
-59.5457 -11.4534 22.2549 -0.56046 -0.0123995 0.828088 15.8352 0 0
-60.0162 -12.9175 21.8917 -0.557366 -0.0130231 0.830164 15.8851 0 0
-60.1167 -13.2002 21.8257 -0.555186 -0.0135768 0.831615 16.0157 0 0
-60.7622 -12.9951 21.4108 -0.553911 -0.0137991 0.832461 16.2045 0 0
-60.3982 -11.9462 21.6591 -0.553376 -0.0134181 0.832824 16.4565 0 0
-60.0292 -10.4786 21.9759 -0.553303 -0.0122678 0.83289 16.7002 0 0
-60.0009 -9.10747 21.9982 -0.553361 -0.0103774 0.832877 16.8886 0 0
-59.9923 -8.00579 22.0171 -0.553243 -0.00796724 0.832982 17.0586 0 0
-60.1316 -7.01066 21.9535 -0.552772 -0.00535774 0.833315 17.2481 0 0
-60.4279 -5.96167 21.7854 -0.551991 -0.00284951 0.833845 17.4539 0 0
-60.7351 -4.83941 21.5666 -0.551158 -0.000627641 0.834401 17.6435 0 0
-61.0029 -3.77662 21.3747 -0.550646 0.00127645 0.834738 17.8176 0 0
-61.2283 -2.76925 21.2031 -0.550788 0.00294929 0.83464 18.0125 0 0
-61.4614 -1.5692 21.0743 -0.551768 0.00449973 0.833985 18.2252 0 0
-61.5897 -0.30243 20.9896 -0.553593 0.00595637 0.832766 18.5223 0 0
-61.5404 1.46636 20.989 -0.556153 0.00722188 0.831049 18.6874 0 0
-61.4236 2.4924 21.0739 -0.559312 0.00811164 0.828918 18.9762 0 0
-60.8535 4.10484 21.455 -0.562959 0.00844874 0.826442 19.1678 0 0
-60.2837 5.00852 21.8282 -0.566978 0.00815983 0.823693 19.3718 0 0
-59.6707 5.96127 22.2219 -0.571181 0.00732193 0.820792 19.5406 0 0
-58.8564 6.11586 22.7957 -0.575273 0.00613161 0.817938 19.7564 0 0
-58.3658 5.02139 23.1644 -0.578893 0.00480644 0.81539 20.0588 0 0
-57.5441 3.61306 23.7246 -0.581685 0.00347631 0.813407 20.2596 0 0
-57.0478 2.59405 24.085 -0.583375 0.00213415 0.8122 20.4992 0 0
-56.5824 1.32862 24.4307 -0.583812 0.000673762 0.811888 20.8206 0 0
-56.4739 -0.472285 24.5009 -0.583005 -0.00101348 0.812468 21.0203 0 0
-56.7293 -1.55252 24.3085 -0.581123 -0.00293947 0.813811 21.2602 0 0
-57.2136 -2.77798 23.9643 -0.578484 -0.00497041 0.815678 21.5246 0 0
-57.7976 -4.06669 23.5722 -0.575535 -0.00685718 0.817749 21.7137 0 0
-58.2182 -4.98143 23.2514 -0.572801 -0.0083354 0.819652 21.9067 0 0
-58.574 -6.02909 23.0243 -0.570811 -0.00924482 0.821029 22.1381 0 0
-58.7651 -7.30825 22.8776 -0.569981 -0.00960467 0.821602 22.3456 0 0
-58.8889 -8.45561 22.7602 -0.57051 -0.00960673 0.821234 22.5467 0 0
-58.814 -9.59369 22.7775 -0.572342 -0.00953482 0.81996 22.8077 0 0
-58.284 -10.9352 23.1229 -0.575203 -0.00965823 0.817954 23.0328 0 0
-57.7211 -12.0052 23.5003 -0.578689 -0.0101534 0.815485 23.2516 0 0
-57.0449 -12.949 23.9758 -0.582365 -0.0110831 0.812852 23.4875 0 0
-56.3593 -13.9825 24.4833 -0.585849 -0.012425 0.810325 23.7005 0 0
-55.914 -15.023 24.8045 -0.588889 -0.0141235 0.80809 23.9518 0 0
-55.4871 -16.286 25.0963 -0.591396 -0.0161297 0.80622 24.1615 0 0
-55.2189 -17.3634 25.2695 -0.593383 -0.0184124 0.804709 24.4189 0 0
-55.0803 -18.7239 25.3411 -0.59485 -0.0209408 0.803564 24.6917 0 0
-55.0316 -20.1711 25.3387 -0.595676 -0.0236574 0.802876 24.9811 0 0
-55.0838 -21.7215 25.2579 -0.595647 -0.0264548 0.802811 25.2219 0 0
-55.1908 -23.013 25.137 -0.594582 -0.0291658 0.803506 25.5378 0 0
-55.45 -24.6797 24.881 -0.59247 -0.0315779 0.804973 25.7329 0 0
-55.6476 -25.6997 24.6801 -0.589501 -0.0334738 0.807074 25.9142 0 0
-55.9944 -26.599 24.3662 -0.58599 -0.0346841 0.809575 26.1199 0 0
-56.6709 -27.4143 23.8203 -0.582262 -0.0351313 0.812242 26.338 0 0
-57.5544 -28.0656 23.1727 -0.578538 -0.0348531 0.81491 26.5627 0 0
-58.6317 -27.9529 22.459 -0.574903 -0.0339967 0.817515 26.8123 0 0
-59.1589 -26.6784 22.1463 -0.571328 -0.0327744 0.820067 26.9902 0 0
-59.2402 -25.6367 22.1208 -0.567746 -0.0313841 0.822605 27.1588 0 0
-59.3677 -24.6284 22.0721 -0.56413 -0.0299325 0.825143 27.3419 0 0
-59.5857 -23.5547 21.9642 -0.560528 -0.0284112 0.827648 27.55 0 0
-59.9078 -22.3929 21.7739 -0.557054 -0.0267426 0.830045 27.7354 0 0
-60.1999 -21.3557 21.6016 -0.553843 -0.0248668 0.83225 28.0256 0 0
-60.6447 -19.7131 21.36 -0.550997 -0.0228152 0.834195 28.2033 0 0
-60.9371 -18.7023 21.1965 -0.548576 -0.0207229 0.835844 28.4761 0 0
-61.3598 -17.0831 20.9932 -0.546625 -0.0187742 0.837167 28.6714 0 0
-61.5236 -15.9408 20.8962 -0.545191 -0.0171218 0.838137 28.8516 0 0
-61.3973 -14.8731 20.9836 -0.544319 -0.0158373 0.838729 29.04 0 0
-61.0702 -13.8208 21.2074 -0.544013 -0.0149044 0.838944 29.1088 0 0
-60.9323 -13.4505 21.3011 -0.544202 -0.0142294 0.838833 29.2444 0 0
-61.5134 -13.0492 20.9295 -0.544725 -0.0136572 0.838504 29.4768 0 0
-61.0593 -11.7704 21.2477 -0.545337 -0.0130094 0.838116 29.684 0 0
-60.7498 -10.5944 21.4987 -0.545754 -0.0121427 0.837857 29.8694 0 0
-60.6469 -9.5383 21.5685 -0.545721 -0.0109859 0.837895 30.0588 0 0
-60.6742 -8.42111 21.5507 -0.545078 -0.00952924 0.838331 30.2691 0 0
-60.8579 -7.15017 21.4611 -0.543807 -0.00779969 0.839174 30.4451 0 0
-61.109 -6.12349 21.3289 -0.542046 -0.00586199 0.840328 30.7046 0 0
-61.4901 -4.66998 21.0737 -0.540078 -0.00383728 0.841606 30.8906 0 0
-61.7298 -3.60779 20.8955 -0.538268 -0.00189539 0.842772 31.0709 0 0
-61.9616 -2.53297 20.7508 -0.53697 -0.000204608 0.843601 31.2651 0 0
-62.1676 -1.3617 20.6401 -0.536442 0.00112742 0.843937 31.4576 0 0
-62.2647 -0.228928 20.5726 -0.536785 0.00207607 0.843717 31.6908 0 0
-62.2332 1.16051 20.5684 -0.537938 0.00267815 0.84298 31.9132 0 0
-62.1026 2.52278 20.6197 -0.539703 0.00300011 0.84185 32.173 0 0
-61.6689 4.08754 20.9146 -0.541794 0.0031253 0.840505 32.3656 0 0
-61.1185 5.02119 21.275 -0.543905 0.00315553 0.839141 32.5605 0 0
-60.5069 5.91008 21.6715 -0.545792 0.00320734 0.837914 32.7676 0 0
-59.9262 6.90886 22.0502 -0.547337 0.00339453 0.836905 33.0196 0 0
-59.5072 8.28605 22.3319 -0.548526 0.00380273 0.836125 33.1834 0 0
-59.4502 9.22327 22.3652 -0.549355 0.00447019 0.835577 33.5275 0 0
-59.4128 11.2028 22.4082 -0.549762 0.00538498 0.835304 33.7059 0 0
-59.6694 12.1565 22.2215 -0.549643 0.00649571 0.835375 34.0093 0 0
-60.3884 13.676 21.7464 -0.548954 0.00773006 0.835817 34.2365 0 0
-61.0852 14.7552 21.2985 -0.547812 0.00902283 0.836553 34.4374 0 0
-61.6602 15.7028 20.8946 -0.546528 0.0103465 0.837377 34.6413 0 0
-61.9626 16.885 20.6732 -0.545541 0.0117231 0.838002 34.8071 0 0
-61.9396 17.8996 20.6746 -0.545278 0.0132085 0.838151 34.9725 0 0
-61.6903 18.8929 20.8233 -0.545989 0.0148662 0.837661 35.1401 0 0
-61.2786 19.7903 21.0528 -0.547671 0.0167502 0.836526 35.3134 0 0
-60.7358 20.6337 21.3754 -0.550117 0.018888 0.834874 35.4876 0 0
-60.1799 21.46 21.7199 -0.553065 0.0212513 0.832867 35.694 0 0
-59.6375 22.4971 22.0637 -0.556349 0.0237224 0.83061 35.974 0 0
-59.1723 24.0491 22.3274 -0.559958 0.0260913 0.82811 36.1561 0 0
-59.1187 25.1215 22.3222 -0.563997 0.0281109 0.825298 36.4134 0 0
-59.247 26.6382 22.1907 -0.568587 0.0295895 0.822091 36.6123 0 0
-59.3709 27.7723 22.0666 -0.573764 0.0304622 0.818454 36.8003 0 0
-59.1856 28.8252 22.1334 -0.579417 0.0307978 0.814449 36.9948 0 0
-58.3884 29.4481 22.6534 -0.585276 0.0307484 0.810251 37.1979 0 0
-57.4409 29.4178 23.3311 -0.590966 0.0304803 0.806121 37.4057 0 0
-56.5378 29.1369 24.0241 -0.596081 0.0301112 0.802359 37.6453 0 0
-55.6747 28.3902 24.6824 -0.600265 0.0296732 0.799251 37.8762 0 0
-55.0086 27.4043 25.2336 -0.603268 0.0291153 0.797007 38.0856 0 0
-54.6869 26.3223 25.5371 -0.604991 0.0283425 0.795728 38.3294 0 0
-54.6541 24.9928 25.6152 -0.605498 0.027266 0.795379 38.6809 0 0
-55.0732 23.1821 25.3467 -0.605007 0.0258372 0.795801 38.8808 0 0
-55.3442 22.152 25.1696 -0.603835 0.0240577 0.796746 39.0882 0 0
-55.5296 21.0521 25.0778 -0.602319 0.0219768 0.797953 39.2942 0 0
-55.5756 19.9478 25.0642 -0.600727 0.0196831 0.799212 39.5154 0 0
-55.5078 18.737 25.146 -0.599195 0.0172895 0.800417 39.7096 0 0
-55.4072 17.6811 25.242 -0.597718 0.0149173 0.801567 40.0358 0 0
-55.3043 15.9047 25.3509 -0.596208 0.0126863 0.80273 40.245 0 0
-55.4637 14.7966 25.2463 -0.594581 0.0107012 0.803964 40.5076 0 0
-56.1134 13.6331 24.7753 -0.592853 0.00902175 0.80526 40.6913 0 0
-56.6911 12.9351 24.3426 -0.591174 0.00762851 0.806508 40.9477 0 0
-57.5018 11.922 23.7448 -0.589792 0.00642264 0.80753 41.2393 0 0
-58.2484 10.5589 23.2087 -0.588966 0.00527505 0.808141 41.4957 0 0
-58.8914 9.34535 22.7545 -0.588875 0.00408865 0.808214 41.7278 0 0
-58.5645 8.09865 22.9805 -0.589556 0.00282925 0.807723 41.9975 0 0
-58.3524 6.57211 23.1452 -0.59087 0.0015163 0.806765 42.1788 0 0
-57.9324 5.67256 23.4561 -0.592505 0.000194854 0.805567 42.3722 0 0
-57.4213 4.76116 23.8311 -0.594007 -0.00109166 0.804459 42.6109 0 0
-56.8032 3.62469 24.2779 -0.594876 -0.00231917 0.803814 42.8014 0 0
-56.3709 2.68269 24.5927 -0.594688 -0.0034931 0.803949 43.0722 0 0
-55.8934 1.29591 24.954 -0.593205 -0.00465247 0.805038 43.2699 0 0
-55.7523 0.247816 25.0556 -0.590438 -0.00585532 0.807061 43.4712 0 0
-55.8609 -0.82682 24.9645 -0.586669 -0.00713342 0.809795 43.7279 0 0
-56.2257 -2.14896 24.6669 -0.58244 -0.0084416 0.81283 43.9531 0 0
-56.6689 -3.29358 24.3626 -0.578484 -0.0096535 0.815637 44.2564 0 0
-57.3424 -4.69455 23.8807 -0.575559 -0.0106227 0.817691 44.4419 0 0
-57.7477 -5.60143 23.5725 -0.574241 -0.0112697 0.818608 44.6461 0 0
-58.0174 -6.73182 23.3821 -0.574756 -0.0116331 0.818242 44.899 0 0
-58.1431 -8.13446 23.2659 -0.576935 -0.011855 0.816704 45.121 0 0
-58.0744 -9.38489 23.2715 -0.580311 -0.0121168 0.814305 45.4067 0 0
-57.5707 -10.8806 23.6033 -0.584291 -0.0125679 0.811447 45.6055 0 0
-57.019 -11.7907 24.0073 -0.588311 -0.0132861 0.808525 45.7865 0 0
-56.4749 -12.535 24.4138 -0.59194 -0.0142782 0.805855 46.0181 0 0
-55.827 -13.5132 24.8935 -0.594914 -0.0155049 0.80364 46.2463 0 0
-55.3553 -14.5998 25.2332 -0.597118 -0.0169088 0.801975 46.4823 0 0
-54.963 -15.7667 25.503 -0.59857 -0.0184375 0.800858 46.6843 0 0
-54.6754 -16.7831 25.6948 -0.599396 -0.0200648 0.800201 46.9411 0 0
-54.4694 -18.1196 25.8161 -0.599803 -0.0218054 0.79985 47.2882 0 0
-54.408 -19.9516 25.813 -0.600004 -0.023706 0.799646 47.4818 0 0
-54.4203 -20.9804 25.7748 -0.600097 -0.0258155 0.799511 47.727 0 0
-54.4973 -22.2946 25.6712 -0.599978 -0.028155 0.799521 47.9166 0 0
-54.5986 -23.3153 25.5623 -0.599356 -0.0307001 0.799894 48.1489 0 0
-54.7635 -24.5453 25.3951 -0.59788 -0.0333609 0.800891 48.3418 0 0
-54.939 -25.5438 25.2284 -0.595315 -0.0359622 0.802687 48.5691 0 0
-55.2498 -26.6844 24.941 -0.591656 -0.0382489 0.805282 48.7731 0 0
-55.7528 -27.5904 24.4925 -0.587147 -0.0399395 0.808495 48.9587 0 0
-56.4046 -28.2478 23.978 -0.582191 -0.0408125 0.812027 49.139 0 0
-57.0993 -28.7805 23.4394 -0.57723 -0.040781 0.815562 49.311 0 0
-57.8718 -29.1079 22.8898 -0.572619 -0.0399229 0.818849 49.5551 0 0
-59.0434 -28.8171 22.1276 -0.568547 -0.0384542 0.821751 49.8079 0 0
-59.6795 -27.5215 21.7451 -0.565046 -0.0366604 0.824245 50.0068 0 0
-59.8688 -26.3484 21.6609 -0.562044 -0.0348095 0.826375 50.2472 0 0
-59.9765 -24.8865 21.6503 -0.559438 -0.0330701 0.828212 50.4426 0 0
-60.1828 -23.7112 21.5527 -0.557132 -0.0314662 0.829828 50.6261 0 0
-60.4971 -22.6661 21.3678 -0.55504 -0.0298975 0.831286 50.7965 0 0
-60.7937 -21.6953 21.1986 -0.553096 -0.0282241 0.832639 51.0532 0 0
-61.1738 -20.2267 20.994 -0.551264 -0.0263671 0.833914 51.2554 0 0
-61.5221 -19.0681 20.8121 -0.549561 -0.0243599 0.835099 51.5136 0 0
-61.9363 -17.5601 20.5919 -0.548052 -0.0223221 0.836146 51.6848 0 0
-62.1763 -16.5211 20.4713 -0.546821 -0.0203953 0.837001 51.8518 0 0
-62.2323 -15.5123 20.4423 -0.545909 -0.0186934 0.837636 52.0492 0 0
-61.9962 -14.3307 20.6051 -0.545291 -0.0172824 0.838069 52.1501 0 0
-61.7921 -13.7736 20.7421 -0.544893 -0.0161645 0.838349 52.2862 0 0
-62.3679 -13.318 20.3779 -0.544638 -0.0152658 0.838532 52.4732 0 0
-61.9569 -12.2608 20.6618 -0.544457 -0.0144461 0.838665 52.6628 0 0
-61.6218 -11.1901 20.9095 -0.54428 -0.0135444 0.838795 52.8611 0 0
-61.3504 -10.0607 21.0982 -0.544036 -0.0124401 0.83897 53.0309 0 0
-61.32 -9.04234 21.1194 -0.543669 -0.0110875 0.839227 53.2001 0 0
-61.4183 -7.99844 21.0921 -0.543149 -0.0095079 0.839583 53.4183 0 0
-61.6749 -6.72437 20.9508 -0.542465 -0.00776276 0.840043 53.6212 0 0
-61.9699 -5.57111 20.7584 -0.541617 -0.00593785 0.840605 53.8061 0 0
-62.2355 -4.49163 20.586 -0.54064 -0.00413929 0.841244 53.9876 0 0
-62.4662 -3.42411 20.4405 -0.539635 -0.0024819 0.841895 54.1718 0 0
-62.6894 -2.33768 20.3032 -0.538772 -0.00106483 0.842451 54.373 0 0
-62.8695 -1.13604 20.1832 -0.538239 4.96331e-05 0.842792 54.6267 0 0
-62.9366 0.420787 20.1414 -0.538176 0.000840705 0.842832 54.821 0 0
-62.8886 1.60272 20.1547 -0.538624 0.0013227 0.842546 55.0108 0 0
-62.7611 2.76322 20.2125 -0.5395 0.00154252 0.841984 55.2138 0 0
-62.4991 3.99419 20.3732 -0.540627 0.00158349 0.841261 55.4104 0 0
-61.9947 5.03238 20.7041 -0.541779 0.00156167 0.840519 55.6036 0 0
-61.3664 5.89903 21.1092 -0.542767 0.00160029 0.839882 55.8329 0 0
-60.7061 6.98315 21.5391 -0.543491 0.00178488 0.839413 56.0146 0 0
-60.3086 7.92495 21.7992 -0.543934 0.00212683 0.839125 56.1892 0 0
-60.1026 8.90404 21.9353 -0.544094 0.00257276 0.83902 56.3771 0 0
-60.0441 9.97914 21.9806 -0.543932 0.00306608 0.839124 56.5845 0 0
-60.1533 11.1451 21.912 -0.543377 0.00361282 0.839481 56.8411 0 0
-60.5587 12.5367 21.6475 -0.542406 0.00429294 0.840106 57.0425 0 0
-61.0979 13.538 21.3001 -0.541106 0.00521313 0.840938 57.3105 0 0
-61.9443 14.7421 20.712 -0.539697 0.00644911 0.841835 57.5192 0 0
-62.4817 15.8299 20.3311 -0.538493 0.00801865 0.842592 57.6839 0 0
-62.6753 16.8468 20.2249 -0.537823 0.00989196 0.843 57.8798 0 0
-62.6385 18.0579 20.2416 -0.537948 0.0120259 0.842892 58.1239 0 0
-62.2253 19.4925 20.474 -0.538992 0.0143978 0.842188 58.3288 0 0
-61.6487 20.5447 20.7997 -0.540925 0.0170097 0.840899 58.5089 0 0
-61.0482 21.3985 21.169 -0.543607 0.0198589 0.839105 58.7133 0 0
-60.4217 22.3787 21.5593 -0.546884 0.0228992 0.836895 58.9452 0 0
-59.9287 23.6028 21.8247 -0.550672 0.0260192 0.834316 59.1803 0 0
-59.7371 25.0292 21.9021 -0.554995 0.0290423 0.831347 59.4728 0 0
-59.9315 26.7863 21.7188 -0.559944 0.0317472 0.827922 59.6482 0 0
-60.0749 27.8013 21.5886 -0.565585 0.0339114 0.823992 59.8547 0 0
-59.9749 29.0152 21.5774 -0.571871 0.0353683 0.819581 60.0291 0 0
-59.4287 29.8724 21.9093 -0.578589 0.0360523 0.814822 60.2563 0 0
-58.3538 30.3128 22.6386 -0.58539 0.0360115 0.809951 60.5589 0 0
-56.9336 30.1489 23.6764 -0.59186 0.0353815 0.805264 60.7935 0 0
-55.9577 29.7085 24.4347 -0.597601 0.0343294 0.801058 61.101 0 0
-54.9123 28.6429 25.2602 -0.602311 0.0329957 0.79758 61.3811 0 0
-54.2489 27.3496 25.8394 -0.60584 0.031463 0.794964 61.5909 0 0
-53.9775 26.2686 26.0958 -0.608241 0.029761 0.793194 61.8341 0 0
-53.9922 24.9547 26.1351 -0.609747 0.0278926 0.792105 62.1175 0 0
-54.3148 23.4882 25.9299 -0.610674 0.0258588 0.79146 62.3118 0 0
-54.6266 22.5292 25.7175 -0.611283 0.023674 0.791058 62.5064 0 0
-54.855 21.5286 25.5724 -0.611671 0.021375 0.790823 62.7047 0 0
-54.9537 20.4782 25.5222 -0.611777 0.0190239 0.790802 62.9068 0 0
-54.9367 19.3943 25.5513 -0.611468 0.0166992 0.791093 63.0993 0 0
-54.8499 18.3415 25.6398 -0.610652 0.0144773 0.791767 63.2917 0 0
-54.74 17.3014 25.7457 -0.609335 0.0124131 0.792816 63.4887 0 0
-54.645 16.2347 25.837 -0.607618 0.0105347 0.79416 63.6777 0 0
-54.6626 15.2134 25.838 -0.605661 0.00885457 0.795673 63.9164 0 0
-55.0089 14.0118 25.5831 -0.60365 0.00737972 0.797215 64.1188 0 0
-55.5429 13.1465 25.1995 -0.601755 0.00610161 0.798658 64.3548 0 0
-56.3069 12.3085 24.6339 -0.600103 0.00497828 0.799907 64.543 0 0
-56.8976 11.595 24.1924 -0.598761 0.00394389 0.800918 64.824 0 0
-57.5945 10.293 23.6867 -0.597714 0.00295247 0.801704 65.0191 0 0
-57.9679 9.30428 23.4222 -0.596881 0.00201205 0.802327 65.2952 0 0
-57.9441 7.77427 23.4303 -0.596169 0.00116485 0.802858 65.4753 0 0
-57.7079 6.79746 23.6117 -0.595537 0.000424173 0.803328 65.7216 0 0
-57.1341 5.61286 24.0476 -0.595017 -0.000275547 0.803713 65.958 0 0
-56.4982 4.55285 24.5206 -0.594639 -0.00106959 0.803992 66.1994 0 0
-55.9544 3.41409 24.9032 -0.594332 -0.00210108 0.804217 66.4056 0 0
-55.5375 2.41219 25.2178 -0.593878 -0.00345302 0.804548 66.6488 0 0
-55.1901 1.19115 25.4776 -0.592987 -0.00511195 0.805196 66.8594 0 0
-55.0874 0.0875943 25.5537 -0.591479 -0.00696608 0.806291 67.1195 0 0
-55.292 -1.2581 25.3924 -0.589447 -0.00882742 0.807759 67.4086 0 0
-55.706 -2.7098 25.0558 -0.587288 -0.0104749 0.80931 67.6187 0 0
-56.0922 -3.75796 24.7451 -0.585559 -0.0117139 0.810545 67.8815 0 0
-56.7007 -5.00007 24.3088 -0.584748 -0.0124373 0.811119 68.0699 0 0
-57.1413 -5.9454 24.0006 -0.5851 -0.012664 0.810862 68.3976 0 0
-57.4434 -7.70556 23.7457 -0.586575 -0.0125403 0.809797 68.6339 0 0
-57.4075 -9.0119 23.7246 -0.588923 -0.0122988 0.808096 68.8398 0 0
-57.167 -10.1283 23.8959 -0.591793 -0.0121917 0.805997 69.0296 0 0
-56.7541 -11.0429 24.2147 -0.594837 -0.0124235 0.803751 69.2597 0 0
-56.0606 -11.9636 24.7361 -0.597751 -0.0131067 0.801575 69.4517 0 0
-55.4752 -12.7074 25.1738 -0.600306 -0.0142479 0.799643 69.6856 0 0
-54.9168 -13.7483 25.5825 -0.602361 -0.0157638 0.798068 69.9949 0 0
-54.441 -15.2565 25.9166 -0.603868 -0.0175175 0.796892 70.3418 0 0
-53.9488 -16.9576 26.2401 -0.604885 -0.0193712 0.796077 70.539 0 0
-53.8277 -17.9847 26.3089 -0.605545 -0.0212418 0.795528 70.8314 0 0
-53.7901 -19.5095 26.2948 -0.605995 -0.0231348 0.795132 71.0397 0 0
-53.7883 -20.6268 26.2635 -0.606309 -0.0251335 0.794832 71.2364 0 0
-53.8328 -21.6828 26.1922 -0.606405 -0.0273451 0.794685 71.4464 0 0
-53.9214 -22.8118 26.0856 -0.606028 -0.0298256 0.794884 71.7025 0 0
-54.084 -24.1698 25.9191 -0.604812 -0.0325195 0.795704 71.9516 0 0
-54.2604 -25.4689 25.7445 -0.602405 -0.0352385 0.797412 72.2033 0 0
-54.5542 -26.7402 25.4787 -0.598618 -0.0376919 0.800147 72.3908 0 0
-54.9114 -27.6176 25.1458 -0.593513 -0.0395683 0.803851 72.5917 0 0
-55.4765 -28.4565 24.6519 -0.587408 -0.0406339 0.80827 72.8443 0 0
-56.4151 -29.264 23.9059 -0.580814 -0.0408014 0.813013 73.0586 0 0
-57.2814 -29.8358 23.2507 -0.574315 -0.0401395 0.81765 73.2782 0 0
-58.317 -30.0286 22.5324 -0.568432 -0.0388348 0.821813 73.4549 0 0
-59.1859 -29.8851 21.9662 -0.563503 -0.0371382 0.825279 73.6661 0 0
-59.9547 -28.9426 21.5138 -0.559615 -0.0353141 0.828 73.8788 0 0
-60.3378 -27.7126 21.2996 -0.556622 -0.0335915 0.830087 74.0498 0 0
-60.5226 -26.6732 21.2174 -0.554243 -0.0321152 0.831735 74.2292 0 0
-60.5558 -25.5672 21.2421 -0.552201 -0.0309099 0.833138 74.4315 0 0
-60.6807 -24.3225 21.1977 -0.550314 -0.0298769 0.834423 74.6114 0 0
-60.9729 -23.2654 21.0301 -0.548513 -0.0288387 0.835645 74.8176 0 0
-61.3682 -22.0663 20.8024 -0.546805 -0.0276182 0.836804 75.0067 0 0
-61.6657 -20.9586 20.6469 -0.54522 -0.026119 0.837886 75.2529 0 0
-62.0706 -19.5392 20.4435 -0.543789 -0.0243711 0.838868 75.4954 0 0
-62.4961 -18.1506 20.2074 -0.542537 -0.0225253 0.83973 75.6654 0 0
-62.758 -17.1211 20.067 -0.541489 -0.0207946 0.84045 75.8387 0 0
-62.9114 -16.028 20.0028 -0.540672 -0.019359 0.841011 76.0164 0 0
-62.9084 -14.9062 20.0147 -0.540125 -0.0182786 0.841386 76.2498 0 0
-62.4521 -13.5247 20.3212 -0.539901 -0.0174671 0.841547 76.381 0 0
-63.0207 -13.0511 19.9637 -0.540041 -0.0167443 0.841472 76.546 0 0
-62.6234 -12.0937 20.2313 -0.540532 -0.0159227 0.841173 76.821 0 0
-62.0829 -10.4858 20.6148 -0.541288 -0.0148718 0.840706 77.0112 0 0
-61.9749 -9.33744 20.6949 -0.542154 -0.013537 0.84017 77.218 0 0
-62.1237 -8.06152 20.6436 -0.542944 -0.011925 0.839685 77.3987 0 0
-62.3019 -6.99417 20.536 -0.543481 -0.0100832 0.839361 77.6708 0 0
-62.7296 -5.3729 20.2566 -0.543637 -0.0080907 0.839281 77.8423 0 0
-62.9678 -4.32131 20.1054 -0.54336 -0.00605924 0.839478 78.0221 0 0
-63.1939 -3.21823 19.9676 -0.542687 -0.00412436 0.839925 78.2022 0 0
-63.4179 -2.11304 19.8304 -0.541752 -0.00241879 0.840535 78.3833 0 0
-63.558 -0.986915 19.7354 -0.540765 -0.00104171 0.841173 78.6357 0 0
-63.5925 0.620394 19.7178 -0.539974 -4.63033e-05 0.841681 78.8591 0 0
-63.5441 2.02593 19.7415 -0.539605 0.000551848 0.841918 79.0743 0 0
-63.3929 3.35807 19.8216 -0.539797 0.000768505 0.841795 79.2677 0 0
-63.0997 4.49742 19.9938 -0.540568 0.000666735 0.8413 79.4537 0 0
-62.625 5.48283 20.3009 -0.541827 0.00037907 0.84049 79.6989 0 0
-61.7737 6.57002 20.8448 -0.543381 9.28554e-05 0.839486 79.9201 0 0
-61.1675 7.62561 21.2367 -0.544955 -1.77671e-05 0.838465 80.1103 0 0
-60.8346 8.6495 21.4547 -0.546215 0.000131289 0.837645 80.3036 0 0
-60.7135 9.74865 21.5389 -0.546836 0.000516566 0.837239 80.553 0 0
-60.8574 11.1362 21.4528 -0.546593 0.00106704 0.837398 80.7323 0 0
-61.1181 12.135 21.2952 -0.545435 0.00174658 0.838151 80.9555 0 0
-61.692 13.2355 20.9042 -0.543506 0.00258895 0.839401 81.154 0 0
-62.3683 14.0904 20.4328 -0.541111 0.00367152 0.840943 81.3229 0 0
-62.9003 14.9022 20.0592 -0.538635 0.00507011 0.842524 81.4894 0 0
-63.2555 15.908 19.8517 -0.536446 0.00683509 0.843907 81.7757 0 0
-63.4152 17.7054 19.7615 -0.53482 0.00898821 0.844918 81.9605 0 0
-63.2275 18.8394 19.8721 -0.533911 0.0115174 0.845462 82.1608 0 0
-62.8238 19.9667 20.0929 -0.53375 0.0143609 0.84552 82.331 0 0
-62.3266 20.836 20.3756 -0.534258 0.0173968 0.845143 82.5197 0 0
-61.6819 21.7159 20.7608 -0.535299 0.0204629 0.844415 82.6886 0 0
-61.1232 22.5027 21.1057 -0.536772 0.0234072 0.843403 82.9798 0 0
-60.4531 24.0496 21.4767 -0.538702 0.0261428 0.842091 83.1533 0 0
-60.3675 25.0862 21.4861 -0.541266 0.028666 0.840362 83.3487 0 0
-60.5064 26.2532 21.3463 -0.544731 0.0310208 0.838037 83.6205 0 0
-60.7824 27.8703 21.1089 -0.549335 0.0332294 0.834941 83.8059 0 0
-60.7386 29.0131 21.0756 -0.555184 0.0352361 0.830981 84.0026 0 0
-60.3067 30.1443 21.3001 -0.56219 0.0369031 0.826185 84.2713 0 0
-59.0776 31.0163 22.0988 -0.570082 0.0380604 0.820706 84.5058 0 0
-57.9209 31.1124 22.8988 -0.578459 0.0385786 0.814799 84.6895 0 0
-57.0576 30.9989 23.532 -0.586873 0.0384266 0.808767 84.8816 0 0
-56.2156 30.7255 24.1741 -0.594902 0.0376809 0.802915 85.0924 0 0
-55.3666 30.2415 24.8524 -0.602193 0.0364806 0.797516 85.3658 0 0
-54.4661 29.2799 25.5898 -0.608481 0.0349593 0.792798 85.5733 0 0
-53.9232 28.3992 26.0598 -0.613601 0.033205 0.788918 85.8941 0 0
-53.3819 26.8458 26.5498 -0.617499 0.0312648 0.78595 86.0863 0 0
-53.3015 25.8258 26.6512 -0.620235 0.0291714 0.783874 86.2771 0 0
-53.3458 24.8064 26.6493 -0.621956 0.0269578 0.782588 86.4984 0 0
-53.5876 23.659 26.5014 -0.622848 0.0246562 0.781954 86.7615 0 0
-54.0304 22.3849 26.2003 -0.623076 0.0223001 0.781844 87.0396 0 0
-54.3234 20.9854 26.003 -0.622739 0.0199331 0.782176 87.2313 0 0
-54.3545 19.9704 25.9964 -0.621862 0.0176113 0.782929 87.4231 0 0
-54.3098 18.9429 26.059 -0.620423 0.0153941 0.784117 87.6202 0 0
-54.1957 17.905 26.1708 -0.618407 0.0133322 0.785745 87.8142 0 0
-54.0723 16.8864 26.2795 -0.615869 0.0114626 0.787765 88.0136 0 0
-53.9796 15.8384 26.3684 -0.612959 0.00980716 0.790054 88.2132 0 0
-54.0383 14.797 26.3263 -0.6099 0.00836867 0.792434 88.4712 0 0
-54.3943 13.5345 26.0493 -0.606937 0.00712041 0.794718 88.8073 0 0
-55.3975 12.2417 25.3168 -0.604257 0.00600571 0.796767 89.0685 0 0
-56.2281 11.3323 24.6966 -0.601945 0.00496737 0.798522 89.3235 0 0
-56.8806 10.2162 24.2116 -0.599984 0.0039991 0.800002 89.5061 0 0
-57.2055 9.29613 23.98 -0.598318 0.00316902 0.801253 89.7136 0 0
-57.3214 8.17118 23.8948 -0.596922 0.00257263 0.802295 89.9367 0 0
-57.0533 6.98852 24.0953 -0.595855 0.00223833 0.803089 90.2087 0 0
-56.3903 5.7188 24.5981 -0.595231 0.00206773 0.803552 90.4808 0 0
-55.6877 4.50632 25.1182 -0.59515 0.00187042 0.803612 90.6869 0 0
-55.2725 3.52484 25.4077 -0.595598 0.00146448 0.803281 90.9955 0 0
-54.6928 2.03144 25.821 -0.59641 0.000756221 0.80268 91.1882 0 0
-54.4719 1.02928 25.9889 -0.597326 -0.000248039 0.801998 91.3917 0 0
-54.4181 -0.0634012 26.0401 -0.598119 -0.00147038 0.801406 91.6971 0 0
-54.6912 -1.65701 25.8459 -0.598695 -0.00278489 0.800972 91.9061 0 0
-54.9772 -2.68266 25.6142 -0.59909 -0.00403131 0.800671 92.1215 0 0
-55.3772 -3.71819 25.2876 -0.599392 -0.00504175 0.80044 92.3157 0 0
-55.7617 -4.66677 24.9734 -0.599666 -0.00569192 0.80023 92.5814 0 0
-56.3849 -5.94636 24.5365 -0.599942 -0.00596066 0.800021 92.7853 0 0
-56.6844 -7.00364 24.2979 -0.600252 -0.00596428 0.799789 93.065 0 0
-56.781 -8.53936 24.2006 -0.600666 -0.0059356 0.799478 93.2596 0 0
-56.6265 -9.59004 24.3106 -0.601293 -0.0061444 0.799005 93.4867 0 0
-56.1814 -10.7019 24.6538 -0.602259 -0.00679592 0.798272 93.7867 0 0
-55.2306 -11.8241 25.3523 -0.603674 -0.00796398 0.797192 93.9876 0 0
-54.6514 -12.6356 25.7882 -0.605579 -0.00958878 0.795728 94.2435 0 0
-54.1659 -13.8366 26.1481 -0.607883 -0.0115242 0.793943 94.4596 0 0
-53.8626 -14.8741 26.368 -0.610345 -0.0136039 0.792019 94.686 0 0
-53.5018 -15.9516 26.619 -0.612639 -0.0157082 0.790207 94.9275 0 0
-53.25 -17.165 26.7797 -0.614465 -0.0178128 0.788743 95.2426 0 0
-53.1829 -18.8035 26.7876 -0.615637 -0.0199935 0.787776 95.5254 0 0
-53.1775 -20.2881 26.7476 -0.616076 -0.0223735 0.787369 95.7338 0 0
-53.2022 -21.4017 26.6891 -0.615728 -0.0250388 0.787561 96.0821 0 0
-53.3404 -23.2684 26.5132 -0.614468 -0.0279704 0.788446 96.3811 0 0
-53.5433 -24.8445 26.309 -0.612083 -0.0310299 0.790185 96.6351 0 0
-53.7241 -26.1598 26.1367 -0.608337 -0.0339968 0.792951 96.8293 0 0
-53.9805 -27.1086 25.9023 -0.603096 -0.0366215 0.796827 97.1419 0 0
-54.6079 -28.5213 25.3263 -0.596432 -0.0386678 0.801732 97.4033 0 0
-55.4434 -29.5058 24.6146 -0.588645 -0.0399431 0.807405 97.6037 0 0
-56.2088 -30.1034 23.999 -0.580214 -0.0403266 0.813465 97.8966 0 0
-57.4324 -30.7876 23.0901 -0.571702 -0.0397976 0.819496 98.1336 0 0
-58.584 -30.8668 22.31 -0.563651 -0.0384521 0.825117 98.3222 0 0
-59.5099 -30.6889 21.7094 -0.556507 -0.0365011 0.830041 98.5301 0 0
-60.3805 -29.8632 21.2078 -0.550557 -0.0342394 0.834095 98.7043 0 0
-60.7675 -28.8805 20.9884 -0.545904 -0.0319836 0.837237 98.9645 0 0
-61.1294 -27.3121 20.8036 -0.542464 -0.0299985 0.839543 99.1736 0 0
-61.209 -26.0093 20.8017 -0.539982 -0.0284373 0.841196 99.3472 0 0
-61.2244 -24.9426 20.8186 -0.538089 -0.0273163 0.842445 99.5089 0 0
-61.416 -23.9611 20.7186 -0.536379 -0.0265235 0.84356 99.6936 0 0
-61.8069 -22.899 20.4903 -0.534516 -0.0258536 0.844763 99.878 0 0
-62.1174 -21.7876 20.3288 -0.532312 -0.0250676 0.846177 100.074 0 0
-62.4479 -20.641 20.1605 -0.529782 -0.0239693 0.847795 100.242 0 0
-62.7359 -19.675 20.0133 -0.527146 -0.0224763 0.849477 100.491 0 0
-63.1782 -18.236 19.7756 -0.524782 -0.0206501 0.850986 100.694 0 0
-63.4908 -16.9804 19.6185 -0.523123 -0.0186694 0.852053 100.849 0 0
-63.598 -15.9841 19.5895 -0.522509 -0.0167569 0.852469 101.01 0 0
-63.6492 -14.9827 19.5729 -0.523057 -0.0150875 0.852164 101.238 0 0
-63.2685 -13.6281 19.8072 -0.52459 -0.0137233 0.851244 101.367 0 0
-63.8912 -13.2128 19.4384 -0.526708 -0.0126106 0.849953 101.6 0 0
-63.3025 -11.8929 19.81 -0.52895 -0.011642 0.848573 101.789 0 0
-62.8398 -10.8211 20.1172 -0.530949 -0.0107324 0.847336 101.951 0 0
-62.6484 -9.83404 20.2588 -0.5325 -0.00984909 0.846373 102.117 0 0
-62.6851 -8.8015 20.2618 -0.533524 -0.00899184 0.845737 102.283 0 0
-62.8396 -7.79472 20.1819 -0.533995 -0.00815949 0.845448 102.54 0 0
-63.1939 -6.2493 19.9472 -0.533888 -0.00733717 0.845523 102.709 0 0
-63.486 -5.17083 19.7622 -0.533185 -0.0065056 0.845974 102.877 0 0
-63.7069 -4.09132 19.6203 -0.531939 -0.00565204 0.846764 103.043 0 0
-63.9297 -3.0022 19.4931 -0.530341 -0.00476704 0.847771 103.224 0 0
-64.1677 -1.82972 19.3476 -0.528723 -0.0038342 0.848786 103.398 0 0
-64.2648 -0.678892 19.3018 -0.527488 -0.0028354 0.849558 103.592 0 0
-64.2609 0.565536 19.2949 -0.526999 -0.00177914 0.849864 103.754 0 0
-64.2379 1.61102 19.3007 -0.527476 -0.000726269 0.84957 103.944 0 0
-64.1651 2.84472 19.3549 -0.528945 0.00022491 0.848656 104.206 0 0
-63.8481 4.44866 19.5249 -0.531237 0.000998501 0.847223 104.448 0 0
-63.3394 5.88148 19.8525 -0.534008 0.00159763 0.845478 104.614 0 0
-62.7269 6.60177 20.24 -0.536786 0.00210159 0.843716 104.792 0 0
-62.0908 7.36771 20.6289 -0.53905 0.00260102 0.84227 104.973 0 0
-61.6378 8.29693 20.9262 -0.540365 0.00312945 0.841425 105.19 0 0
-61.3916 9.51684 21.0843 -0.5405 0.00365426 0.841336 105.513 0 0
-61.5329 11.1379 21.0048 -0.53949 0.0041353 0.841982 105.769 0 0
-62.0504 12.5413 20.6696 -0.537592 0.00459825 0.843192 105.94 0 0
-62.653 13.2665 20.2653 -0.535187 0.00515814 0.844718 106.12 0 0
-63.2678 14.0717 19.8428 -0.532684 0.00597647 0.846293 106.285 0 0
-63.7497 14.9772 19.5498 -0.530454 0.00719236 0.847683 106.446 0 0
-64.0067 15.9458 19.3994 -0.528781 0.00887904 0.848712 106.698 0 0
-64.1444 17.513 19.309 -0.527818 0.0110385 0.849286 106.885 0 0
-64.0377 18.7042 19.3706 -0.527563 0.0136124 0.849407 107.064 0 0
-63.6871 19.7686 19.5736 -0.527872 0.016489 0.849164 107.296 0 0
-63.0675 21.0265 19.9161 -0.528514 0.0195107 0.848701 107.479 0 0
-62.4288 21.8774 20.2883 -0.529273 0.0224971 0.848153 107.65 0 0
-61.8273 22.661 20.6518 -0.530055 0.0252852 0.847586 107.882 0 0
-61.1684 23.8334 21.0312 -0.530961 0.0277724 0.846941 108.058 0 0
-61.0078 24.8869 21.0898 -0.532283 0.0299424 0.846037 108.258 0 0
-61.1389 26.0743 20.9533 -0.534431 0.0318642 0.844611 108.479 0 0
-61.3917 27.3855 20.7319 -0.537808 0.0336609 0.842395 108.705 0 0
-61.5268 28.8094 20.5944 -0.542669 0.0354497 0.839198 108.964 0 0
-61.1239 30.3608 20.7823 -0.549037 0.0372692 0.834967 109.125 0 0
-60.5509 31.1126 21.1039 -0.556696 0.0390298 0.829799 109.353 0 0
-59.4263 31.7395 21.8295 -0.565256 0.0405317 0.823919 109.546 0 0
-58.4744 31.9364 22.4683 -0.574262 0.0415522 0.817617 109.834 0 0
-57.0664 31.8381 23.4773 -0.583304 0.0419472 0.81117 110.021 0 0
-56.2182 31.5737 24.1185 -0.592058 0.0417026 0.804816 110.214 0 0
-55.4092 31.1829 24.761 -0.600262 0.0409134 0.798757 110.546 0 0
-54.2048 30.1772 25.7575 -0.607656 0.0397175 0.793207 110.748 0 0
-53.6653 29.3673 26.2303 -0.613978 0.0382279 0.788397 110.999 0 0
-53.1307 28.2578 26.6951 -0.61901 0.0365028 0.784534 111.232 0 0
-52.7456 27.1603 27.045 -0.62265 0.0345613 0.781737 111.482 0 0
-52.6573 25.8414 27.1791 -0.624955 0.0324151 0.779988 111.673 0 0
-52.7058 24.8425 27.1931 -0.626123 0.030084 0.779144 111.919 0 0
-52.9411 23.6314 27.0219 -0.626435 0.0275925 0.778985 112.13 0 0
-53.2969 22.6234 26.781 -0.626164 0.0249695 0.779292 112.327 0 0
-53.6093 21.6816 26.5711 -0.625511 0.0222625 0.779898 112.56 0 0
-53.7608 20.5205 26.4542 -0.624574 0.0195499 0.780721 112.754 0 0
-53.7516 19.4994 26.4849 -0.623356 0.0169271 0.781755 112.951 0 0
-53.6574 18.4714 26.5899 -0.621804 0.0144752 0.783039 113.166 0 0
-53.5129 17.3701 26.7186 -0.619856 0.0122431 0.78462 113.367 0 0
-53.3801 16.3467 26.8347 -0.617489 0.0102566 0.786513 113.567 0 0
-53.3138 15.3093 26.8901 -0.614753 0.00853192 0.788673 113.862 0 0
-53.5815 13.8235 26.6835 -0.61179 0.00706603 0.790989 114.069 0 0
-53.911 12.843 26.429 -0.6088 0.00580851 0.793302 114.279 0 0
-54.5211 12.0362 25.983 -0.60601 0.00466107 0.795443 114.56 0 0
-55.4324 11.1249 25.2833 -0.60363 0.00353486 0.797257 114.782 0 0
-56.1055 10.2774 24.7769 -0.601832 0.00242695 0.798619 115.089 0 0
-56.6557 8.73161 24.3904 -0.600733 0.00143805 0.799448 115.278 0 0
-56.615 7.70623 24.4221 -0.600358 0.000701656 0.799731 115.558 0 0
-55.9911 6.38166 24.8931 -0.600638 0.000280394 0.799521 115.793 0 0
-55.3271 5.40332 25.3986 -0.601428 0.000116027 0.798927 116.122 0 0
-54.6784 3.86661 25.855 -0.602548 6.78341e-05 0.798083 116.349 0 0
-54.2106 2.8126 26.1678 -0.603807 -4.20104e-06 0.79713 116.596 0 0
-53.8777 1.54127 26.4236 -0.605023 -0.000180505 0.796208 116.801 0 0
-53.7595 0.446408 26.5354 -0.606031 -0.000475986 0.795441 117.046 0 0
-53.8632 -0.838655 26.4785 -0.606712 -0.000864621 0.794921 117.319 0 0
-54.1299 -2.18918 26.2646 -0.60701 -0.00130164 0.794693 117.638 0 0
-54.6494 -3.68342 25.8491 -0.606953 -0.00173622 0.794736 117.849 0 0
-55.0582 -4.70303 25.5185 -0.606663 -0.00212973 0.794957 118.069 0 0
-55.5603 -5.73565 25.1337 -0.606323 -0.00248674 0.795215 118.387 0 0
-56.099 -7.34903 24.7285 -0.606145 -0.00287818 0.795349 118.633 0 0
-56.1576 -8.68893 24.6725 -0.606328 -0.00342671 0.795207 118.832 0 0
-55.9398 -9.73121 24.8396 -0.607031 -0.00425567 0.794667 119.099 0 0
-55.1726 -10.8166 25.3998 -0.60836 -0.00544225 0.793643 119.406 0 0
-54.2045 -11.9612 26.1169 -0.610351 -0.00700719 0.7921 119.684 0 0
-53.6099 -13.2127 26.5772 -0.61294 -0.00892813 0.790079 119.913 0 0
-53.3137 -14.3239 26.7938 -0.615933 -0.0111497 0.787719 120.2 0 0
-52.8668 -15.6864 27.1206 -0.619015 -0.0135922 0.785262 120.545 0 0
-52.5809 -17.4261 27.2947 -0.621805 -0.0161761 0.783005 120.778 0 0
-52.5632 -18.6367 27.2744 -0.623961 -0.0188553 0.781228 121.013 0 0
-52.59 -19.8666 27.2379 -0.625268 -0.0216289 0.780111 121.305 0 0
-52.6216 -21.3879 27.1793 -0.625651 -0.0245143 0.779718 121.58 0 0
-52.6787 -22.7864 27.0668 -0.62512 -0.0274982 0.780044 121.915 0 0
-52.8848 -24.497 26.8323 -0.623655 -0.030495 0.781105 122.14 0 0
-52.9886 -25.6588 26.7194 -0.621134 -0.0333368 0.782995 122.413 0 0
-53.2636 -27.0319 26.4635 -0.617345 -0.0358097 0.785877 122.618 0 0
-53.6076 -27.99 26.1411 -0.612084 -0.03772 0.789893 122.809 0 0
-53.9983 -28.8832 25.7813 -0.605284 -0.0389542 0.795056 123.042 0 0
-54.6425 -29.8687 25.2167 -0.597103 -0.0394999 0.801191 123.219 0 0
-55.2979 -30.4062 24.6741 -0.58793 -0.0394253 0.80795 123.49 0 0
-56.3562 -31.1703 23.8321 -0.578299 -0.0388374 0.8149 123.777 0 0
-57.6102 -31.6977 22.9284 -0.568778 -0.0378361 0.82162 123.984 0 0
-58.6125 -31.7346 22.2521 -0.559882 -0.0364849 0.827769 124.194 0 0
-59.6441 -31.5266 21.5828 -0.552016 -0.0348197 0.833106 124.374 0 0
-60.4993 -31.0056 21.0744 -0.545442 -0.0328955 0.837503 124.537 0 0
-61.0873 -30.2497 20.7435 -0.540243 -0.0308319 0.840944 124.698 0 0
-61.393 -29.3079 20.5774 -0.536304 -0.0288073 0.843533 124.992 0 0
-61.8502 -27.5286 20.3572 -0.533333 -0.0270016 0.845474 125.153 0 0
-61.8882 -26.523 20.3692 -0.530939 -0.0255345 0.847025 125.317 0 0
-61.8543 -25.5069 20.4057 -0.528752 -0.0244395 0.848424 125.482 0 0
-61.9535 -24.4724 20.3664 -0.526532 -0.0236685 0.849826 125.696 0 0
-62.4084 -23.2264 20.1019 -0.524214 -0.0231029 0.851273 125.858 0 0
-62.7455 -22.2573 19.9119 -0.521881 -0.022575 0.85272 126.031 0 0
-62.9875 -21.204 19.7966 -0.519691 -0.0219199 0.854073 126.226 0 0
-63.3393 -20.0629 19.63 -0.517795 -0.0210536 0.855246 126.416 0 0
-63.6812 -18.9529 19.4496 -0.51627 -0.0200224 0.856192 126.579 0 0
-64.0021 -17.947 19.2829 -0.515098 -0.0189777 0.856921 126.752 0 0
-64.1996 -16.8208 19.2026 -0.514177 -0.0180911 0.857494 127.008 0 0
-64.3618 -15.1853 19.1476 -0.513355 -0.0174726 0.857998 127.17 0 0
-64.285 -14.1659 19.2048 -0.512483 -0.0171384 0.858527 127.318 0 0
-65.0589 -14.0426 18.7386 -0.511473 -0.0170241 0.859131 127.59 0 0
-65.0513 -15.7567 18.7244 -0.510364 -0.0170253 0.85979 127.748 0 0
-64.897 -16.7655 18.7924 -0.509331 -0.0170523 0.860402 128.007 0 0
-64.7004 -18.4162 18.8582 -0.508609 -0.0170834 0.860828 128.184 0 0
-64.248 -19.4962 19.1004 -0.508396 -0.0171873 0.860952 128.344 0 0
-63.9542 -20.4628 19.2633 -0.508781 -0.0174935 0.860718 128.523 0 0
-63.6847 -21.5074 19.3839 -0.509729 -0.0181305 0.860144 128.732 0 0
-63.5054 -22.7902 19.4542 -0.511131 -0.019169 0.859289 129.027 0 0
-62.7162 -24.497 19.9034 -0.512884 -0.020598 0.858211 129.199 0 0
-62.4762 -25.5655 20.0201 -0.514962 -0.0223323 0.856922 129.359 0 0
-62.7234 -26.5644 19.8672 -0.517443 -0.0242446 0.855374 129.536 0 0
-62.558 -27.649 19.9183 -0.520508 -0.026213 0.853455 129.737 0 0
-62.3818 -28.8973 19.9754 -0.524404 -0.0281619 0.851004 130.046 0 0
-61.7189 -30.7108 20.34 -0.529409 -0.0300712 0.847834 130.231 0 0
-61.09 -31.5793 20.6831 -0.535749 -0.0319491 0.843772 130.424 0 0
-60.236 -32.2309 21.1849 -0.543491 -0.0337922 0.838734 130.602 0 0
-59.3227 -32.4441 21.746 -0.552447 -0.035562 0.832789 130.79 0 0
-58.3752 -32.5809 22.3785 -0.562176 -0.0371791 0.826182 131.001 0 0
-57.3441 -32.6693 23.0671 -0.572088 -0.0385276 0.819287 131.204 0 0
-56.4471 -32.263 23.687 -0.581608 -0.039474 0.812511 131.378 0 0
-55.708 -31.7679 24.2761 -0.590316 -0.0399092 0.806185 131.568 0 0
-55.0023 -31.172 24.8616 -0.598004 -0.0397936 0.800504 131.779 0 0
-54.2036 -30.5602 25.5232 -0.604654 -0.0391655 0.795525 132.043 0 0
-53.413 -29.4958 26.2066 -0.610354 -0.0380973 0.791212 132.343 0 0
-52.8139 -28.0465 26.7641 -0.615217 -0.0366418 0.787506 132.543 0 0
-52.5937 -27.0303 26.9868 -0.619327 -0.0348242 0.78436 132.798 0 0
-52.3295 -25.7561 27.2373 -0.622718 -0.0326833 0.781764 133 0 0
-52.2685 -24.7063 27.3226 -0.62538 -0.0303125 0.779731 133.248 0 0
-52.1228 -23.4386 27.498 -0.627284 -0.0278535 0.778292 133.461 0 0
-52.0694 -22.3472 27.5932 -0.628407 -0.0254463 0.777469 133.664 0 0
-52.049 -21.3225 27.6583 -0.628769 -0.0231774 0.777246 133.869 0 0
-52.0211 -20.2953 27.6987 -0.628448 -0.0210646 0.777566 134.078 0 0
-51.9428 -19.2361 27.7711 -0.627542 -0.0190801 0.778349 134.293 0 0
-51.9288 -18.131 27.8 -0.626128 -0.017189 0.779531 134.494 0 0
-51.9713 -17.1013 27.7954 -0.624239 -0.0153751 0.781082 134.77 0 0
-52.1641 -15.72 27.669 -0.621907 -0.0136441 0.782972 134.998 0 0
-52.4935 -14.6089 27.4317 -0.619227 -0.0120152 0.78512 135.268 0 0
-52.7677 -13.2642 27.2312 -0.616395 -0.0105145 0.787367 135.543 0 0
-53.2384 -11.9701 26.8681 -0.613685 -0.00917652 0.789497 135.756 0 0
-53.7785 -11.0891 26.4483 -0.611379 -0.0080407 0.791297 135.951 0 0
-54.4637 -10.5123 25.925 -0.609676 -0.00713396 0.792619 136.18 0 0
-55.2201 -9.70895 25.3761 -0.608651 -0.00644471 0.793412 136.479 0 0
-55.5585 -8.15975 25.1302 -0.608267 -0.00590691 0.793711 136.705 0 0
-55.319 -6.98393 25.3156 -0.608423 -0.0054148 0.793595 136.925 0 0
-54.8421 -5.96117 25.6875 -0.609 -0.00487529 0.793155 137.14 0 0
-54.3683 -4.97151 26.0536 -0.609858 -0.00427242 0.792499 137.334 0 0
-54.0636 -4.00298 26.3004 -0.610809 -0.00368786 0.79177 137.59 0 0
-53.5401 -2.81295 26.7179 -0.611611 -0.00324273 0.791152 137.799 0 0
-53.3492 -1.78175 26.8663 -0.612017 -0.00299784 0.790839 137.995 0 0
-53.0772 -0.842615 27.0792 -0.611844 -0.00289542 0.790973 138.193 0 0
-53.1465 0.162515 27.0232 -0.611038 -0.00279021 0.791596 138.392 0 0
-53.1425 1.18502 27.0164 -0.609689 -0.00253921 0.792637 138.715 0 0
-53.3455 2.83546 26.8342 -0.608021 -0.0020757 0.793918 139.028 0 0
-54.0541 4.25816 26.3278 -0.606349 -0.00142129 0.795198 139.221 0 0
-54.4642 5.13672 26.0353 -0.605013 -0.000650499 0.796215 139.456 0 0
-55.0197 6.15935 25.622 -0.604317 0.000149398 0.796744 139.721 0 0
-55.7585 7.22933 25.0576 -0.60446 0.000902467 0.796635 139.927 0 0
-56.1038 8.27582 24.7995 -0.605506 0.00156273 0.795839 140.109 0 0
-55.7448 9.16341 25.052 -0.607383 0.00213706 0.794406 140.422 0 0
-54.9488 10.5668 25.6511 -0.60991 0.00269697 0.792466 140.728 0 0
-53.9372 11.5766 26.4317 -0.612836 0.00335672 0.790203 140.949 0 0
-53.2188 12.2881 26.9748 -0.615885 0.00422266 0.787825 141.142 0 0
-53.0341 13.2674 27.1196 -0.618818 0.0053517 0.785516 141.477 0 0
-52.6719 14.913 27.407 -0.621493 0.00675501 0.783391 141.678 0 0
-52.7217 15.9308 27.3667 -0.623895 0.00843955 0.781463 141.877 0 0
-52.8093 16.939 27.2905 -0.626109 0.0104377 0.779666 142.189 0 0
-52.9425 18.5286 27.1689 -0.628235 0.0127868 0.777919 142.487 0 0
-53.0919 20.0175 26.9996 -0.630291 0.0154838 0.776204 142.7 0 0
-53.0094 21.115 27.0552 -0.632168 0.0184709 0.774611 142.966 0 0
-52.5922 22.3695 27.3472 -0.633641 0.0216686 0.773323 143.243 0 0
-52.2283 23.7205 27.6217 -0.634442 0.0250112 0.772566 143.466 0 0
-52.0937 24.844 27.7127 -0.634341 0.028448 0.77253 143.669 0 0
-51.9716 25.8498 27.757 -0.6332 0.0319198 0.77333 143.867 0 0
-51.9636 26.8757 27.7045 -0.630972 0.0353463 0.775 144.125 0 0
-52.2834 28.1635 27.38 -0.627656 0.0386337 0.777531 144.324 0 0
-52.7135 29.046 26.9964 -0.623245 0.0416781 0.780915 144.636 0 0
-53.4277 30.3684 26.351 -0.617697 0.0443493 0.785165 144.835 0 0
-53.991 31.1199 25.8547 -0.610961 0.0464746 0.790295 145.033 0 0
-54.7024 31.6831 25.2711 -0.603057 0.0478597 0.796261 145.228 0 0
-55.4711 32.1306 24.6553 -0.594153 0.0483553 0.802897 145.407 0 0
-56.2328 32.4255 24.0499 -0.584601 0.0479304 0.809904 145.622 0 0
-57.2252 32.6552 23.3078 -0.574898 0.046708 0.816891 145.909 0 0
-58.627 32.7438 22.3231 -0.56561 0.0449382 0.823447 146.185 0 0
-59.984 32.38 21.426 -0.557264 0.0429249 0.829225 146.353 0 0
-60.8153 32.0123 20.8975 -0.550254 0.040943 0.833993 146.595 0 0
-61.7307 30.8325 20.3958 -0.544761 0.0391786 0.837676 146.768 0 0
-62.2037 29.9135 20.1276 -0.540717 0.0377002 0.84036 146.935 0 0
-62.2253 28.8736 20.1609 -0.537838 0.0364497 0.84226 147.142 0 0
-62.1341 27.5844 20.2661 -0.535728 0.0352485 0.843655 147.362 0 0
-61.8508 26.2375 20.4946 -0.534006 0.0338388 0.844803 147.535 0 0
-61.6521 25.1764 20.668 -0.532405 0.0319743 0.845886 147.777 0 0
-61.89 23.708 20.5749 -0.530782 0.0295339 0.846994 147.978 0 0
-62.6326 22.8299 20.1339 -0.529091 0.0265904 0.848148 148.15 0 0
-63.2897 22.0911 19.7475 -0.527364 0.0233741 0.849318 148.325 0 0
-63.936 21.2868 19.3787 -0.525729 0.0201475 0.850413 148.592 0 0
-64.5306 19.7221 19.0665 -0.524403 0.0170844 0.851299 148.766 0 0
-64.8085 18.653 18.8951 -0.523632 0.0142408 0.851826 148.996 0 0
-64.8587 17.1157 18.8686 -0.5236 0.0116218 0.851885 149.173 0 0
-64.7271 15.968 18.9551 -0.524333 0.0092609 0.851463 149.467 0 0
-64.2079 14.174 19.2824 -0.525637 0.00723175 0.850678 149.658 0 0
-63.5895 13.2018 19.6597 -0.527099 0.00559218 0.849785 149.835 0 0
-62.8449 12.5024 20.1434 -0.528178 0.0043261 0.849123 150.007 0 0
-62.4013 11.5799 20.4455 -0.528368 0.00333585 0.849009 150.248 0 0
-62.1757 10.1559 20.5769 -0.527385 0.00248432 0.849623 150.531 0 0
-62.0988 9.14959 20.6186 -0.525275 0.0016576 0.850931 150.809 0 0
-62.553 8.1124 20.3263 -0.52238 0.000817502 0.852712 150.98 0 0
-63.1031 7.27122 19.9901 -0.519175 1.89605e-05 0.854668 151.213 0 0
-64.0192 6.28527 19.4447 -0.516068 -0.000616128 0.856547 151.378 0 0
-64.3533 5.34294 19.2239 -0.513286 -0.000953997 0.858217 151.546 0 0
-64.6425 4.29733 19.0492 -0.510882 -0.000910663 0.85965 151.721 0 0
-64.8768 3.17356 18.9396 -0.508839 -0.000506118 0.860862 151.896 0 0
-64.9634 2.08674 18.8683 -0.507188 0.000107472 0.861836 152.117 0 0
-65.0587 0.643481 18.8107 -0.506071 0.000671437 0.862492 152.274 0 0
-64.9703 -0.400298 18.8712 -0.505716 0.000904638 0.862699 152.428 0 0
-64.9323 -1.41891 18.8903 -0.506331 0.000606484 0.862339 152.638 0 0
-64.6867 -2.80335 19.035 -0.507957 -0.000273605 0.861382 152.81 0 0
-64.4552 -3.94812 19.1801 -0.51039 -0.00162498 0.859941 152.966 0 0
-64.2641 -4.97328 19.3022 -0.513208 -0.00321424 0.858258 153.122 0 0
-64.0408 -5.95236 19.4476 -0.515913 -0.00475088 0.856628 153.293 0 0
-63.7462 -6.99508 19.5953 -0.518085 -0.00595756 0.855309 153.481 0 0
-63.4233 -8.18622 19.7902 -0.519486 -0.00662613 0.854453 153.645 0 0
-63.3041 -9.22042 19.8474 -0.520074 -0.00664734 0.854095 153.814 0 0
-63.376 -10.2907 19.793 -0.519946 -0.00601344 0.854178 153.974 0 0
-63.7599 -11.1873 19.5384 -0.519264 -0.00480229 0.854601 154.181 0 0
-64.298 -12.3538 19.202 -0.5182 -0.00315403 0.855254 154.348 0 0
-64.721 -13.3025 18.9436 -0.51692 -0.00124698 0.856033 154.37 0 0
-64.7722 -13.4261 18.9134 -0.51558 0.000725398 0.856831 154.37 0 0
-59.658 -6.19357 22.3003 -0.560976 -0.0270704 0.827373 154.573 1 0
-59.0252 -5.336 22.7173 -0.563925 -0.0206322 0.825568 154.761 0 0
-58.6931 -4.35011 22.9234 -0.566285 -0.0149043 0.824075 154.968 0 0
-58.1824 -3.30497 23.2801 -0.567939 -0.0100623 0.823009 155.158 0 0
-57.7558 -2.3179 23.5699 -0.568905 -0.00612737 0.82238 155.342 0 0
-57.3764 -1.36407 23.8505 -0.569292 -0.00304184 0.82213 155.571 0 0
-57.1203 -0.104522 24.0435 -0.569211 -0.000730548 0.822191 155.786 0 0
-57.2119 1.09855 23.9712 -0.568718 0.000883492 0.822532 155.963 0 0
-57.525 2.03636 23.7467 -0.567801 0.00189952 0.823164 156.276 0 0
-58.3103 3.57433 23.2009 -0.566455 0.00245428 0.824089 156.47 0 0
-58.8906 4.46009 22.8068 -0.56477 0.00270605 0.825244 156.694 0 0
-59.9208 4.21365 22.0988 -0.562954 0.00279595 0.826484 156.88 0 0
-60.4555 3.3686 21.7321 -0.561254 0.0028089 0.827639 157.175 0 0
-60.8603 1.739 21.4548 -0.559869 0.00275706 0.828577 157.362 0 0
-60.9431 0.619912 21.3897 -0.558888 0.00260511 0.829239 157.545 0 0
-60.9237 -0.487349 21.4053 -0.558318 0.0023296 0.829624 157.768 0 0
-60.7609 -1.79358 21.5058 -0.558126 0.00196397 0.829754 157.952 0 0
-60.5421 -2.8969 21.6822 -0.558262 0.0015841 0.829663 158.137 0 0
-60.2713 -3.92761 21.8771 -0.558645 0.00124905 0.829406 158.332 0 0
-59.9699 -4.99934 22.0828 -0.559166 0.000958428 0.829055 158.521 0 0
-59.705 -6.03697 22.2744 -0.559715 0.00066722 0.828685 158.905 0 0
-59.4385 -3.9014 22.4304 -0.56022 0.000340822 0.828344 159.073 0 0
-59.8373 -3.05823 22.175 -0.560675 -9.40447e-07 0.828036 159.258 0 0
-60.0902 -2.04086 21.9802 -0.561132 -0.000289642 0.827726 159.468 0 0
-60.2676 -0.831129 21.8324 -0.561667 -0.000460011 0.827363 159.675 0 0
-60.3151 0.415553 21.8088 -0.56233 -0.00050571 0.826913 159.857 0 0
-60.2371 1.4917 21.8718 -0.563091 -0.000494057 0.826395 160.16 0 0
-59.7859 3.1905 22.1941 -0.56383 -0.000524328 0.825891 160.353 0 0
-58.8611 3.16958 22.8255 -0.56438 -0.000655687 0.825515 160.525 0 0
-58.3917 2.34123 23.144 -0.564616 -0.000860112 0.825353 160.701 0 0
-57.9912 1.43398 23.4292 -0.564529 -0.00104378 0.825413 160.9 0 0
-57.7756 0.326417 23.5867 -0.564234 -0.00112198 0.825614 161.131 0 0
-57.9621 -0.947882 23.4468 -0.563935 -0.00108279 0.825819 161.321 0 0
-58.3415 -1.91661 23.1644 -0.563855 -0.000989489 0.825873 161.617 0 0
-59.0596 -3.43396 22.6871 -0.564162 -0.00092596 0.825664 161.651 0 0
-59.1447 -3.60377 22.6291 -0.564886 -0.000925007 0.825169 161.921 0 0
-59.3612 -2.0778 22.4855 -0.56588 -0.00092214 0.824487 162.151 0 0
-59.6762 -0.806857 22.2427 -0.566843 -0.000760287 0.823825 162.358 0 0
-59.6499 0.420297 22.2546 -0.567411 -0.000241849 0.823435 162.661 0 0
-59.4481 2.2069 22.4211 -0.567266 0.000801551 0.823534 162.921 0 0
-58.5925 1.10994 23.0093 -0.56623 0.00245486 0.824243 163.106 0 0
-58.3711 0.0798071 23.1695 -0.564298 0.00469747 0.825558 163.291 0 0
-58.6518 -0.900644 22.9633 -0.56163 0.00741166 0.827356 163.51 0 0
-59.2295 -1.95286 22.5714 -0.558503 0.010412 0.829437 163.53 0 0
-59.271 -2.05929 22.5454 -0.555248 0.0134848 0.831575 163.53 0 0
-58.5265 11.5676 23.0034 -0.580174 -0.00970237 0.814433 163.719 1 0
-58.9978 12.4788 22.677 -0.575543 -0.0057508 0.817752 163.898 0 0
-59.4399 13.3466 22.3732 -0.571237 -0.00155731 0.820783 164.072 0 0
-59.9039 14.1807 22.0558 -0.567259 0.00271136 0.823535 164.25 0 0
-60.443 15.0263 21.7124 -0.563601 0.00671709 0.82602 164.445 0 0
-60.9997 15.971 21.3474 -0.560385 0.0101257 0.82817 164.619 0 0
-61.2634 16.9555 21.157 -0.557889 0.0127747 0.829817 164.786 0 0
-61.2201 17.9554 21.1437 -0.556434 0.014739 0.830761 164.954 0 0
-60.9201 18.9176 21.3015 -0.556219 0.016271 0.830876 165.122 0 0
-60.4584 19.7892 21.5723 -0.557224 0.0176632 0.830174 165.289 0 0
-59.9246 20.5897 21.8906 -0.55924 0.0191139 0.828786 165.457 0 0
-59.4211 21.4232 22.217 -0.561989 0.0206678 0.826886 165.635 0 0
-58.9657 22.3392 22.5078 -0.565247 0.0222492 0.824621 165.846 0 0
-58.6255 23.5207 22.7298 -0.568883 0.0237448 0.822075 166.03 0 0
-58.5095 24.5919 22.7797 -0.57281 0.0250618 0.819305 166.248 0 0
-58.5275 25.8722 22.7128 -0.576897 0.0261346 0.816398 166.573 0 0
-58.6668 27.725 22.5475 -0.580933 0.0269119 0.813506 166.835 0 0
-57.6844 28.6348 23.1817 -0.584666 0.02736 0.810812 167.027 0 0
-56.8245 28.3668 23.8314 -0.587887 0.027477 0.808476 167.289 0 0
-55.8764 27.5115 24.5456 -0.590474 0.0272895 0.806595 167.483 0 0
-55.4294 26.5507 24.938 -0.592399 0.02683 0.805198 167.704 0 0
-55.3086 25.3212 25.0887 -0.593705 0.0261156 0.804259 167.971 0 0
-55.5251 23.8748 24.9736 -0.594477 0.0251436 0.803719 168.176 0 0
-55.8149 22.8111 24.7871 -0.594811 0.0238891 0.80351 168.385 0 0
-56.0484 21.7108 24.6533 -0.594783 0.0222982 0.803577 168.584 0 0
-56.1821 20.6265 24.5996 -0.594424 0.0202945 0.803896 168.841 0 0
-56.1731 19.2258 24.6441 -0.593732 0.0178263 0.804465 169.069 0 0
-56.0675 17.9837 24.7521 -0.592688 0.0149353 0.805294 169.254 0 0
-55.9789 16.986 24.8347 -0.591253 0.0117968 0.8064 169.529 0 0
-56.0106 15.4779 24.8333 -0.589339 0.00870713 0.807839 169.749 0 0
-56.438 14.4027 24.5251 -0.586819 0.00603942 0.809696 169.939 0 0
-57.0229 13.6244 24.1032 -0.583588 0.00418694 0.812039 170.154 0 0
-57.7026 12.7741 23.604 -0.57968 0.00347444 0.814837 170.256 0 0
-58.0429 12.3832 23.3566 -0.575342 0.0040395 0.817903 170.416 0 0
-58.3048 13.2237 23.1817 -0.571038 0.00574748 0.820904 170.728 0 0
-59.2906 14.4536 22.4663 -0.567338 0.00821934 0.823444 170.898 0 0
-59.7941 15.2705 22.1306 -0.564748 0.0109826 0.82519 171.076 0 0
-60.2951 16.1336 21.8155 -0.563548 0.0136609 0.82597 171.342 0 0
-60.5413 17.6518 21.6282 -0.563729 0.0160861 0.825803 171.578 0 0
-60.1519 18.9195 21.7866 -0.565053 0.0182841 0.824852 171.744 0 0
-59.6628 19.7701 22.0824 -0.567192 0.0203759 0.823334 172.035 0 0
-58.783 21.2001 22.6609 -0.569857 0.0224736 0.821437 172.218 0 0
-58.3065 22.1002 22.9843 -0.572849 0.024609 0.819292 172.515 0 0
-57.9372 23.7721 23.2191 -0.576032 0.0266982 0.816991 172.702 0 0
-57.8358 24.841 23.2466 -0.579277 0.0285487 0.814631 172.892 0 0
-57.9026 25.9388 23.1503 -0.582433 0.0299267 0.812327 173.213 0 0
-57.6359 27.7522 23.2539 -0.585362 0.0306624 0.810192 173.386 0 0
-56.8796 27.4186 23.8176 -0.587982 0.0307301 0.80829 173.578 0 0
-56.2267 26.7067 24.3235 -0.590292 0.030243 0.806623 173.783 0 0
-55.9233 25.6085 24.6126 -0.592355 0.0293731 0.805141 173.983 0 0
-56.0178 24.5063 24.5992 -0.594244 0.0282637 0.803788 174.188 0 0
-56.3129 23.4691 24.4126 -0.595991 0.0269904 0.802537 174.393 0 0
-56.536 22.3997 24.2624 -0.597541 0.0255741 0.801431 174.581 0 0
-56.7115 21.3662 24.1718 -0.598746 0.0240124 0.800579 174.759 0 0
-56.8357 20.3749 24.1119 -0.599421 0.0223181 0.800123 174.943 0 0
-56.8128 19.3554 24.1625 -0.599437 0.0205537 0.800158 175.135 0 0
-56.7284 18.3019 24.2593 -0.598822 0.018837 0.80066 175.361 0 0
-56.6027 17.0921 24.3657 -0.597787 0.0173088 0.801468 175.552 0 0
-56.598 16.0354 24.3777 -0.596663 0.0160923 0.80233 175.74 0 0
-56.8886 15.0397 24.1718 -0.595784 0.0152751 0.802999 175.961 0 0
-57.5682 14.0813 23.7192 -0.595374 0.0149094 0.80331 176.083 0 0
-57.9581 13.6161 23.4337 -0.595479 0.0150009 0.803231 176.304 0 0
-57.8795 14.8304 23.4633 -0.595957 0.0154853 0.802867 176.506 0 0
-57.3409 15.7677 23.8137 -0.596525 0.0162174 0.80243 176.687 0 0
-57.2287 16.7973 23.8893 -0.596828 0.0170086 0.802189 176.909 0 0
-57.3314 18.0457 23.8112 -0.59651 0.0177094 0.80241 177.105 0 0
-57.4252 19.1011 23.7059 -0.595261 0.0182859 0.803324 177.297 0 0
-57.5637 20.1508 23.567 -0.592859 0.0188196 0.805086 177.484 0 0
-57.3777 21.187 23.6739 -0.589228 0.0194226 0.807734 177.66 0 0
-57.1339 22.1573 23.8262 -0.584533 0.0201454 0.81112 177.733 0 0
-57.4696 22.1024 23.5839 -0.579229 0.0209508 0.814896 177.94 0 0
-58.0268 21.1267 23.1986 -0.573993 0.0217522 0.818571 178.147 0 0
-58.6448 20.177 22.7791 -0.569564 0.0224587 0.82164 178.324 0 0
-59.1616 19.3378 22.4399 -0.566549 0.0229936 0.823707 178.57 0 0
-59.7867 18.0726 22.0778 -0.565285 0.0233011 0.824566 178.824 0 0
-59.6907 16.5912 22.1998 -0.565743 0.0233633 0.824251 179.034 0 0
-59.1854 15.5634 22.5216 -0.567501 0.023219 0.823045 179.213 0 0
-58.6741 14.7179 22.9094 -0.569833 0.0229608 0.821439 179.227 0 0
-58.6124 14.7309 22.9524 -0.571949 0.0227063 0.819975 179.417 0 0
-58.3564 15.7607 23.0962 -0.573295 0.0225648 0.819038 179.593 0 0
-57.8174 16.5364 23.4492 -0.573747 0.0226178 0.81872 179.827 0 0
-57.9662 17.858 23.337 -0.573571 0.0229134 0.818835 180.012 0 0
-58.0807 18.8518 23.2168 -0.573207 0.0234658 0.819074 180.122 0 0
-58.5815 18.9412 22.8504 -0.573014 0.0242549 0.819186 180.409 0 0
-59.2065 17.4323 22.4925 -0.573128 0.0252292 0.819077 180.591 0 0
-58.9254 16.4482 22.6751 -0.573474 0.0263149 0.818801 180.755 0 0
-58.3652 15.7755 23.0896 -0.573882 0.0274289 0.818478 180.755 0 0
-57.0621 23.2542 23.8656 -0.590703 0.00938153 0.806834 180.928 1 0
-57.3154 24.1575 23.6554 -0.590494 0.0144354 0.806913 181.128 0 0
-57.2202 25.2861 23.6614 -0.590178 0.0184238 0.807063 181.344 0 0
-57.2424 26.5347 23.5883 -0.589732 0.0211518 0.807322 181.556 0 0
-56.6518 25.5901 24.0653 -0.589169 0.0227758 0.807689 181.763 0 0
-56.6383 24.4288 24.133 -0.588531 0.023705 0.808127 181.907 0 0
-57.0181 23.7576 23.8921 -0.5878 0.024453 0.808482 181.907 0 0
-58.0726 -19.4514 23.1373 -0.578242 -0.0230085 0.81554 182.083 1 0
-57.5928 -20.2583 23.4555 -0.578184 -0.024004 0.815553 182.114 0 0
-57.7309 -20.2889 23.3554 -0.578124 -0.0249933 0.815566 182.132 0 0
-57.7545 -20.1958 23.3419 -0.57806 -0.0259807 0.815575 182.132 0 0
