-18.6013 -44.3254 34.1162 -0.495555 -0.00876039 0.868532 0 1 1
-17.4212 -43.9137 34.7548 -0.488085 -0.00844426 0.872755 0.663016 0 1
-15.9013 -44.1539 35.5624 -0.481718 -0.00826377 0.876287 0.891222 0 1
-14.9682 -44.1053 36.0489 -0.476868 -0.00827536 0.878936 1.12762 0 1
-14.0789 -43.6955 36.5089 -0.473666 -0.00846683 0.880664 1.21917 0 1
-13.941 -44.0755 36.5735 -0.471971 -0.0087355 0.881571 1.46573 0 1
-14.8525 -44.4889 36.1102 -0.471421 -0.00892492 0.881863 1.72328 0 1
-15.8895 -44.52 35.5666 -0.47147 -0.00890866 0.881837 1.96874 0 1
-16.8804 -44.5825 35.0292 -0.471376 -0.00866223 0.88189 2.19359 0 1
-17.8266 -44.6103 34.5271 -0.470191 -0.00826365 0.882526 2.38469 0 1
-18.5961 -44.3346 34.119 -0.466852 -0.007823 0.884301 2.55586 0 1
-18.5559 -45.1394 34.1198 -0.460402 -0.00740828 0.88768 2.87398 0 1
-17.2255 -45.2336 34.8391 -0.450194 -0.00703098 0.892903 3.09384 0 1
-16.3051 -45.2034 35.3374 -0.435974 -0.00668182 0.899935 3.3177 0 1
-15.3925 -45.1761 35.8316 -0.4178 -0.00635823 0.908517 3.63678 0 1
-14.1043 -45.0295 36.4782 -0.395925 -0.00605593 0.918263 3.97193 0 1
-12.7508 -45.0203 37.1017 -0.370697 -0.00574913 0.928736 4.33823 0 1
-11.2805 -44.8996 37.6581 -0.34252 -0.00539195 0.939495 4.57678 0 1
-10.279 -44.8767 37.9981 -0.311834 -0.00494635 0.950124 4.81147 0 1
-9.28342 -44.9908 38.3445 -0.279099 -0.00441538 0.960252 5.0966 0 1
-8.11387 -44.9701 38.6998 -0.244773 -0.00385606 0.969573 5.4108 0 1
-6.88328 -45.003 38.9884 -0.209305 -0.00336273 0.977845 5.68202 0 1
-5.81565 -44.9104 39.1763 -0.173112 -0.00303676 0.984897 5.92816 0 1
-4.82185 -44.7995 39.3385 -0.136529 -0.00296075 0.990632 6.35088 0 1
-3.12234 -44.6475 39.5412 -0.0997494 -0.00317711 0.995008 6.66909 0 1
-1.84729 -44.8207 39.6414 -0.0628236 -0.00366608 0.998018 6.94845 0 1
-0.737597 -44.9015 39.679 -0.0257283 -0.00433536 0.99966 7.25655 0 1
0.517776 -44.7906 39.6778 0.0115483 -0.00504091 0.999921 7.66365 0 1
2.16431 -44.8296 39.6261 0.0490036 -0.00564222 0.998783 7.99148 0 1
3.48426 -44.8616 39.5301 0.0866712 -0.00606891 0.996218 8.30678 0 1
4.76719 -44.9248 39.4119 0.124613 -0.00635997 0.992185 8.71826 0 1
6.41905 -44.8055 39.1744 0.162809 -0.00664507 0.986635 8.97594 0 1
7.41196 -44.868 38.9431 0.201018 -0.00707007 0.979562 9.26741 0 1
8.6037 -44.8038 38.6549 0.238708 -0.00770752 0.971061 9.50637 0 1
9.58978 -44.8464 38.4185 0.275113 -0.00850546 0.961374 9.8365 0 1
10.8976 -44.905 38.03 0.309377 -0.00930294 0.950894 10.0793 0 1
11.8389 -44.987 37.6964 0.340742 -0.00990086 0.940105 10.4977 0 1
13.3978 -44.9901 36.9871 0.368681 -0.0101481 0.929501 10.7291 0 1
14.3564 -44.9501 36.5614 0.39291 -0.00999611 0.919523 10.972 0 1
15.3444 -44.9286 36.0989 0.413308 -0.00949077 0.910542 11.1962 0 1
16.2468 -44.9379 35.6337 0.429818 -0.00870812 0.902874 11.4195 0 1
17.1696 -44.9628 35.149 0.442417 -0.00768616 0.896776 11.6652 0 1
18.2053 -45.0116 34.6081 0.451159 -0.00641716 0.892421 11.9491 0 1
19.3899 -44.9045 33.9853 0.456214 -0.00491406 0.889857 12.1459 0 1
19.9715 -44.2699 33.6572 0.457843 -0.00329503 0.889027 12.4052 0 1
19.7384 -43.0735 33.7991 0.456251 -0.00181454 0.889849 12.7507 0 1
18.3232 -42.8459 34.556 0.451393 -0.000815034 0.892325 13.0088 0 1
17.2316 -42.8633 35.1169 0.442858 -0.000621072 0.896592 13.2616 0 1
16.1719 -43.0332 35.6654 0.429929 -0.00141434 0.902862 13.5304 0 1
15.0453 -43.09 36.2165 0.41183 -0.00313107 0.911255 13.7853 0 1
13.9771 -43.186 36.7272 0.388068 -0.00542966 0.921615 14.0263 0 1
12.9593 -43.1901 37.2085 0.358713 -0.0077657 0.933416 14.2594 0 1
11.9951 -43.167 37.6381 0.32447 -0.00956133 0.945848 14.5839 0 1
10.69 -43.0535 38.1112 0.286511 -0.0103942 0.958021 15.0158 0 1
8.97158 -43.061 38.6169 0.246167 -0.0101191 0.969175 15.4704 0 1
7.1479 -43.076 39.0544 0.204651 -0.00887935 0.978795 15.9275 0 1
5.33787 -43.1465 39.3445 0.162895 -0.00702596 0.986618 16.1882 0 1
4.29647 -43.0347 39.4707 0.121493 -0.004995 0.99258 16.475 0 1
3.12259 -43.025 39.5631 0.0807285 -0.00319611 0.996731 16.8376 0 1
1.63991 -43.0509 39.6526 0.0406341 -0.00194566 0.999172 17.2499 0 1
-0.032762 -43.1739 39.6836 0.00110868 -0.00145381 0.999998 17.644 0 1
-1.60948 -43.2003 39.6445 -0.0379682 -0.00184264 0.999277 17.9066 0 1
-2.62029 -42.8995 39.5813 -0.0766888 -0.00314865 0.99705 18.3393 0 1
-4.33978 -42.7674 39.4283 -0.115158 -0.00528631 0.993333 18.5936 0 1
-5.329 -42.8174 39.2789 -0.153523 -0.00800843 0.988113 18.9037 0 1
-6.55174 -42.9484 39.0823 -0.191877 -0.0109242 0.981358 19.2202 0 1
-7.76788 -43.0555 38.8114 -0.230069 -0.0135923 0.973079 19.5548 0 1
-9.05214 -43.0916 38.4579 -0.267577 -0.0156442 0.96341 19.9144 0 1
-10.4515 -43.047 38.0084 -0.303566 -0.0168739 0.952661 20.1785 0 1
-11.5544 -43.0271 37.6681 -0.337107 -0.0172648 0.941308 20.4346 0 1
-12.5078 -43.0836 37.2674 -0.367414 -0.0169637 0.929903 20.7109 0 1
-13.5705 -43.0826 36.7763 -0.39399 -0.0162253 0.918971 20.9541 0 1
-14.5197 -43.1387 36.2914 -0.416677 -0.0153346 0.908925 21.388 0 1
-16.2504 -43.309 35.3778 -0.435612 -0.0145214 0.900017 21.6229 0 1
-17.217 -43.1087 34.8724 -0.451134 -0.0139028 0.892348 21.8412 0 1
-18.1375 -43.0998 34.3893 -0.463657 -0.0134817 0.885912 22.0554 0 1
-18.9951 -43.2683 33.9008 -0.473541 -0.0131933 0.880673 22.2556 0 1
-19.3361 -44.1337 33.6987 -0.48102 -0.0129632 0.876614 22.4672 0 1
-18.948 -45.0361 33.9104 -0.486205 -0.0127443 0.873752 22.6349 0 1
-19.2304 -45.7488 33.7269 -0.48917 -0.0125268 0.872098 22.8475 0 1
-19.911 -45.0853 33.3542 -0.490041 -0.0123292 0.871612 23.1152 0 1
-20.0125 -43.8184 33.3113 -0.489008 -0.0121834 0.872194 23.3415 0 1
-19.8042 -42.77 33.4469 -0.486209 -0.0121203 0.873759 23.5536 0 1
-19.0071 -42.3669 33.9039 -0.481544 -0.0121604 0.876338 23.7644 0 1
-18.1274 -42.3671 34.4031 -0.474575 -0.0123063 0.880129 23.9881 0 1
-17.2037 -42.3831 34.8886 -0.464638 -0.0125291 0.885412 24.2105 0 1
-16.281 -42.512 35.3726 -0.451084 -0.0127459 0.892391 24.4244 0 1
-15.3963 -42.4377 35.84 -0.433508 -0.0128112 0.901059 24.681 0 1
-14.3412 -42.3709 36.3934 -0.411845 -0.0125461 0.911167 24.962 0 1
-13.1977 -42.3436 36.9808 -0.386337 -0.0118025 0.922282 25.2311 0 1
-12.151 -42.3311 37.4403 -0.357442 -0.0105218 0.933876 25.5034 0 1
-11.0763 -42.3365 37.8307 -0.325769 -0.00875225 0.945409 25.8131 0 1
-9.84878 -42.3723 38.2173 -0.292025 -0.00662386 0.956388 26.1375 0 1
-8.54877 -42.3333 38.6125 -0.256962 -0.00430307 0.966412 26.4632 0 1
-7.28309 -42.2632 38.9348 -0.221294 -0.00195405 0.975205 26.7775 0 1
-6.08629 -42.1679 39.1618 -0.185624 0.000275372 0.982621 27.0333 0 1
-5.09495 -42.109 39.3138 -0.150385 0.00223814 0.988625 27.365 0 1
-3.77265 -42.1143 39.4799 -0.115801 0.00376214 0.993265 27.6434 0 1
-2.65866 -42.2307 39.5726 -0.0818432 0.00464834 0.996634 27.9352 0 1
-1.49267 -42.3993 39.6415 -0.0482191 0.00471111 0.998826 28.1934 0 1
-0.444071 -42.4214 39.6774 -0.0144271 0.003846 0.999889 28.4967 0 1
0.77543 -42.3403 39.683 0.0201082 0.00208753 0.999796 28.8191 0 1
2.07407 -42.3133 39.624 0.0558852 -0.000378403 0.998437 29.1305 0 1
3.35932 -42.3249 39.5386 0.0932151 -0.00325543 0.995641 29.4668 0 1
4.73651 -42.3561 39.4284 0.132133 -0.00619957 0.991213 29.81 0 1
6.1367 -42.3344 39.2722 0.172294 -0.00886546 0.985006 30.194 0 1
7.61753 -42.3094 38.9711 0.212905 -0.010937 0.977012 30.5045 0 1
8.82659 -42.3202 38.6753 0.252799 -0.0121741 0.967442 30.7783 0 1
9.911 -42.3339 38.3745 0.290681 -0.0124807 0.956739 31.1289 0 1
11.3028 -42.3619 37.9247 0.325448 -0.0119455 0.945484 31.4625 0 1
12.5544 -42.4145 37.3989 0.356422 -0.0108102 0.934262 31.6996 0 1
13.5011 -42.4507 36.9801 0.383371 -0.00937011 0.923547 32.0268 0 1
14.8164 -42.4158 36.3236 0.406354 -0.00787104 0.913682 32.2792 0 1
15.8809 -42.3568 35.7948 0.42552 -0.00646568 0.904926 32.5004 0 1
16.8198 -42.2366 35.3268 0.440979 -0.00524327 0.897502 32.8507 0 1
18.3127 -42.1668 34.5669 0.452803 -0.00429407 0.8916 33.1779 0 1
19.6808 -42.2617 33.8342 0.461097 -0.00374656 0.887342 33.4199 0 1
20.5844 -42.7166 33.3136 0.466041 -0.00373547 0.884755 33.6788 0 1
20.7176 -43.9425 33.2313 0.467862 -0.00431962 0.883791 33.8905 0 1
20.5071 -44.932 33.3529 0.466733 -0.00541676 0.884382 34.1957 0 1
19.4133 -45.6674 33.9748 0.462663 -0.00680236 0.886508 34.4142 0 1
18.505 -45.7146 34.4473 0.455449 -0.00816119 0.890224 34.6966 0 1
17.3222 -45.695 35.0648 0.444726 -0.00916181 0.89562 34.935 0 1
16.322 -45.6615 35.5865 0.430134 -0.00954556 0.902715 35.2727 0 1
14.9291 -45.6725 36.2809 0.4115 -0.00921566 0.911363 35.5586 0 1
13.7441 -45.6832 36.8171 0.38895 -0.00827555 0.921222 35.8122 0 1
12.6918 -45.6521 37.3041 0.362881 -0.00697545 0.931809 36.0806 0 1
11.5902 -45.6638 37.7732 0.333853 -0.0056007 0.942609 36.3675 0 1
10.4432 -45.6203 38.1821 0.302477 -0.00438143 0.953147 36.6402 0 1
9.37473 -45.5899 38.4742 0.269351 -0.00346338 0.963036 36.9362 0 1
8.17836 -45.5628 38.7681 0.235026 -0.00291641 0.971985 37.1833 0 1
7.17909 -45.5576 38.9964 0.199952 -0.00274592 0.979802 37.5105 0 1
5.84973 -45.5853 39.2359 0.164419 -0.00289787 0.986386 37.7977 0 1
4.67609 -45.6406 39.4134 0.128508 -0.00326622 0.991703 38.1418 0 1
3.27057 -45.6428 39.5419 0.0921035 -0.00371205 0.995743 38.4311 0 1
2.07788 -45.5803 39.6303 0.0549755 -0.00409182 0.998479 38.7239 0 1
0.895869 -45.5464 39.66 0.0169013 -0.00428279 0.999848 39.0408 0 1
-0.399594 -45.5832 39.6721 -0.022202 -0.00420353 0.999745 39.3375 0 1
-1.6169 -45.5337 39.661 -0.0621853 -0.00383936 0.998057 39.7897 0 1
-3.41036 -45.4743 39.506 -0.102656 -0.00326696 0.994712 40.2554 0 1
-5.29346 -45.5915 39.2736 -0.143066 -0.00264636 0.98971 40.5159 0 1
-6.32849 -45.6587 39.094 -0.182854 -0.00215813 0.983138 40.7891 0 1
-7.39335 -45.6908 38.8693 -0.221544 -0.00191139 0.975148 41.0387 0 1
-8.38033 -45.6645 38.6328 -0.258745 -0.0018909 0.965944 41.3831 0 1
-9.67991 -45.6714 38.2161 -0.29409 -0.00199658 0.955776 41.6609 0 1
-10.7969 -45.6682 37.823 -0.327194 -0.00215624 0.944955 41.9216 0 1
-11.8758 -45.7094 37.4458 -0.357671 -0.00241973 0.933844 42.2826 0 1
-13.2901 -45.7147 36.8684 -0.385193 -0.00294519 0.922831 42.5355 0 1
-14.2609 -45.7677 36.3915 -0.409542 -0.00388075 0.912283 42.8773 0 1
-15.619 -45.8501 35.7141 -0.430652 -0.00524117 0.902503 43.1303 0 1
-16.6337 -45.8652 35.1653 -0.448589 -0.00688049 0.893712 43.36 0 1
-17.5758 -45.9266 34.6557 -0.463484 -0.00857047 0.886064 43.5766 0 1
-18.4802 -45.8871 34.1664 -0.475446 -0.010111 0.879687 43.73 0 1
-18.6664 -46.5647 34.0357 -0.484517 -0.0113942 0.874708 44.0701 0 1
-20.0453 -46.2251 33.2389 -0.490709 -0.0124005 0.871236 44.3197 0 1
-20.582 -45.1886 32.9632 -0.494086 -0.0131615 0.869313 44.5467 0 1
-20.6508 -44.1411 32.9261 -0.494838 -0.0137284 0.868877 44.8292 0 1
-20.6014 -42.8097 32.9605 -0.493233 -0.0141546 0.869782 45.1066 0 1
-19.9141 -41.7557 33.3986 -0.489466 -0.0144786 0.871902 45.3223 0 1
-19.0374 -41.6237 33.8979 -0.483487 -0.0147103 0.875228 45.5408 0 1
-18.1319 -41.6466 34.4134 -0.474939 -0.0148325 0.879894 45.7595 0 1
-17.2373 -41.6553 34.8809 -0.463276 -0.0148117 0.88609 45.9951 0 1
-16.2654 -41.744 35.3915 -0.447976 -0.0145917 0.893926 46.2173 0 1
-15.3514 -41.7005 35.8738 -0.428717 -0.0140769 0.903329 46.566 0 1
-13.919 -41.6284 36.6255 -0.405457 -0.0131401 0.91402 46.8091 0 1
-12.9574 -41.6131 37.1151 -0.378425 -0.0116711 0.925558 47.1271 0 1
-11.7223 -41.6212 37.6109 -0.348052 -0.00963883 0.937426 47.3951 0 1
-10.6724 -41.6464 37.9679 -0.314886 -0.0071222 0.949103 47.6344 0 1
-9.71771 -41.6592 38.273 -0.279509 -0.00429408 0.960133 48.0797 0 1
-7.98677 -41.5747 38.7845 -0.242491 -0.00138138 0.970153 48.3941 0 1
-6.81371 -41.4956 39.0144 -0.204399 0.00137296 0.978887 48.6483 0 1
-5.80638 -41.4384 39.2037 -0.165821 0.0037357 0.986149 49.0219 0 1
-4.34227 -41.4101 39.4084 -0.127308 0.00550106 0.991848 49.3662 0 1
-2.97267 -41.5031 39.5431 -0.0892415 0.00650692 0.995989 49.6703 0 1
-1.74057 -41.6237 39.6175 -0.0517269 0.00665043 0.998639 50.0863 0 1
-0.0431703 -41.6396 39.6721 -0.0145944 0.00589663 0.999876 50.4918 0 1
1.63092 -41.5986 39.6358 0.0225013 0.00427488 0.999738 50.7448 0 1
2.67018 -41.5959 39.583 0.0599566 0.00187068 0.998199 51.0853 0 1
4.06231 -41.6323 39.4857 0.0981066 -0.00117142 0.995175 51.3525 0 1
5.14239 -41.6366 39.3872 0.137103 -0.00463409 0.990546 51.6367 0 1
6.30099 -41.5991 39.2491 0.176778 -0.00822472 0.984216 51.9593 0 1
7.53345 -41.5679 38.9973 0.21655 -0.0116036 0.976203 52.2623 0 1
8.72448 -41.5874 38.7164 0.255463 -0.0144396 0.966711 52.5932 0 1
10.0175 -41.5868 38.3568 0.292394 -0.0164748 0.956156 52.8769 0 1
11.1337 -41.6209 38.001 0.326331 -0.0175798 0.945092 53.2301 0 1
12.456 -41.6818 37.4601 0.356619 -0.0177809 0.934081 53.5077 0 1
13.546 -41.7194 36.9753 0.383051 -0.0172362 0.923567 53.851 0 1
14.9196 -41.7044 36.2872 0.4058 -0.0161644 0.913819 54.1167 0 1
16.022 -41.63 35.7364 0.425238 -0.0147668 0.904961 54.4228 0 1
17.3034 -41.5144 35.0872 0.441722 -0.0131907 0.897055 54.6378 0 1
18.2144 -41.4925 34.6221 0.455447 -0.0115457 0.890188 54.8654 0 1
19.1617 -41.5211 34.1161 0.4664 -0.00994237 0.884518 55.086 0 1
20.0812 -41.5608 33.6217 0.474452 -0.00851884 0.88024 55.3565 0 1
21.1411 -41.8713 33.0064 0.479492 -0.00743786 0.877515 55.7332 0 1
21.3472 -43.6469 32.8671 0.48155 -0.00684775 0.876392 56.0325 0 1
21.266 -45.082 32.9163 0.480835 -0.006816 0.876785 56.2691 0 1
20.9007 -46.1431 33.1318 0.47767 -0.0072742 0.878509 56.5183 0 1
19.8721 -46.3469 33.7281 0.472327 -0.00802486 0.881387 56.8076 0 1
18.6764 -46.4052 34.3529 0.464807 -0.00881743 0.885368 57.0336 0 1
17.723 -46.4166 34.8505 0.45471 -0.0094425 0.890589 57.2471 0 1
16.8213 -46.3718 35.3178 0.441291 -0.00978882 0.897311 57.5271 0 1
15.6595 -46.3908 35.893 0.423731 -0.00984576 0.905735 57.7662 0 1
14.6703 -46.3811 36.3845 0.401499 -0.00966315 0.915809 58.0145 0 1
13.6446 -46.3807 36.8661 0.374603 -0.00929408 0.927139 58.3847 0 1
12.1374 -46.3961 37.5549 0.343609 -0.00875686 0.939072 58.7367 0 1
10.7077 -46.365 38.0812 0.309471 -0.00804412 0.950875 59.0228 0 1
9.54824 -46.3304 38.4336 0.273296 -0.00716873 0.961903 59.4568 0 1
7.81027 -46.3032 38.8606 0.236157 -0.00620351 0.971695 59.811 0 1
6.3745 -46.2971 39.151 0.198937 -0.00527765 0.979998 60.085 0 1
5.27328 -46.3473 39.3183 0.162213 -0.00452955 0.986745 60.373 0 1
4.10334 -46.4049 39.4865 0.126194 -0.00405082 0.991997 60.6454 0 1
3.01584 -46.3978 39.5696 0.0907591 -0.00386154 0.995865 60.9061 0 1
1.96749 -46.3401 39.6355 0.0555781 -0.00392673 0.998447 61.1562 0 1
0.951383 -46.3089 39.6558 0.0202486 -0.00418312 0.999786 61.4074 0 1
-0.077054 -46.3025 39.6721 -0.0155686 -0.00454141 0.999868 61.7484 0 1
-1.47234 -46.2738 39.6552 -0.052046 -0.00487446 0.998633 62.0942 0 1
-2.8494 -46.2369 39.5568 -0.0891439 -0.00504004 0.996006 62.3673 0 1
-3.97225 -46.2632 39.4395 -0.126648 -0.0049536 0.991935 62.7744 0 1
-5.61462 -46.3371 39.2233 -0.164256 -0.00465463 0.986407 63.0984 0 1
-6.8967 -46.3741 38.9709 -0.201637 -0.0042965 0.979451 63.3678 0 1
-7.98688 -46.385 38.729 -0.238424 -0.00406036 0.971153 63.6495 0 1
-9.05644 -46.3847 38.4288 -0.27417 -0.00406272 0.961673 63.973 0 1
-10.2993 -46.3924 38.0128 -0.308328 -0.00431871 0.95127 64.2568 0 1
-11.3977 -46.4225 37.6221 -0.340249 -0.00476579 0.940323 64.4978 0 1
-12.3385 -46.4419 37.2502 -0.369202 -0.00531696 0.929334 64.915 0 1
-13.9533 -46.4817 36.5342 -0.394419 -0.00591082 0.918911 65.1812 0 1
-15.0057 -46.5142 36.0101 -0.415185 -0.00653239 0.909714 65.4187 0 1
-15.9858 -46.5317 35.5203 -0.43091 -0.00719381 0.902366 65.662 0 1
-16.9736 -46.5366 34.9852 -0.441177 -0.0078966 0.897385 65.8944 0 1
-17.9342 -46.5858 34.4673 -0.445747 -0.00861449 0.895118 66.0412 0 1
-18.077 -47.2525 34.3746 -0.444548 -0.0093078 0.895707 66.4588 0 1
-16.3418 -47.2181 35.329 -0.437668 -0.00994142 0.899082 66.6848 0 1
-15.4053 -47.2144 35.8039 -0.425344 -0.0104791 0.904971 66.9095 0 1
-14.477 -47.202 36.2632 -0.407953 -0.0108628 0.912938 67.1725 0 1
-13.3967 -47.1704 36.7879 -0.38601 -0.0110073 0.922429 67.4654 0 1
-12.2221 -47.1519 37.2964 -0.360125 -0.0108204 0.932841 67.8024 0 1
-10.8944 -47.1277 37.8015 -0.330933 -0.0102359 0.943599 68.0789 0 1
-9.81647 -47.1012 38.1913 -0.299013 -0.00924291 0.954204 68.3358 0 1
-8.84621 -47.0905 38.4765 -0.264866 -0.00790182 0.964253 68.6839 0 1
-7.49399 -47.0944 38.8436 -0.228964 -0.00634342 0.973414 68.9638 0 1
-6.41412 -47.0756 39.0659 -0.191775 -0.00475129 0.981427 69.2107 0 1
-5.40568 -47.0646 39.2548 -0.153753 -0.00333642 0.988104 69.5046 0 1
-4.23136 -47.0147 39.4074 -0.115304 -0.00231021 0.993328 69.867 0 1
-2.73895 -47.0017 39.5659 -0.0767604 -0.0018481 0.997048 70.3247 0 1
-0.861046 -47.0136 39.6601 -0.0383513 -0.00204239 0.999262 70.6773 0 1
0.584081 -47.0388 39.6613 -0.000149815 -0.00287105 0.999996 70.9898 0 1
1.86245 -47.102 39.6373 0.0379499 -0.00420987 0.999271 71.2566 0 1
2.95021 -47.15 39.578 0.0761861 -0.00587532 0.997076 71.5801 0 1
4.23952 -47.1372 39.4615 0.114798 -0.00766382 0.993359 71.8661 0 1
5.37081 -47.0716 39.2987 0.153846 -0.00938116 0.98805 72.2645 0 1
6.97721 -47.0424 39.0266 0.193057 -0.0108755 0.981127 72.5125 0 1
7.96242 -47.0573 38.8168 0.231774 -0.0120663 0.972695 72.8952 0 1
9.50661 -47.0705 38.4284 0.269061 -0.0129447 0.963036 73.1635 0 1
10.586 -47.0872 38.1205 0.303931 -0.0135396 0.952598 73.4226 0 1
11.606 -47.108 37.7441 0.335595 -0.0138784 0.941904 73.7358 0 1
12.9094 -47.0793 37.2048 0.363647 -0.0139609 0.931432 73.9956 0 1
13.9307 -47.0658 36.7321 0.3881 -0.0137556 0.921515 74.2695 0 1
15.0115 -47.0826 36.1976 0.409278 -0.0132223 0.912314 74.5343 0 1
16.1015 -47.1121 35.6581 0.427631 -0.0123598 0.903869 74.7539 0 1
17.0135 -47.0965 35.2061 0.443552 -0.0112592 0.896178 75.1114 0 1
18.4903 -47.0973 34.4453 0.457264 -0.0101166 0.889274 75.3398 0 1
19.4572 -47.0676 33.9443 0.468804 -0.0091774 0.883255 75.5647 0 1
20.392 -47.0303 33.4305 0.478078 -0.00863156 0.878275 75.7771 0 1
21.2509 -46.9085 32.928 0.484944 -0.00852626 0.874504 76.0591 0 1
21.8559 -45.7447 32.57 0.48931 -0.00876039 0.872066 76.347 0 1
21.908 -44.3529 32.5318 0.4912 -0.00916501 0.870998 76.5883 0 1
21.9612 -43.1776 32.5032 0.490778 -0.00961253 0.871232 76.8223 0 1
21.9324 -42.0414 32.542 0.488283 -0.0100821 0.872627 77.0665 0 1
21.386 -41.053 32.8848 0.483905 -0.0106448 0.875056 77.3309 0 1
20.3155 -40.8624 33.5044 0.477635 -0.0113911 0.878485 77.6854 0 1
18.8652 -40.8303 34.2781 0.46919 -0.0123589 0.883011 77.8966 0 1
17.9776 -40.8123 34.7492 0.45806 -0.0134988 0.888819 78.1506 0 1
16.9201 -40.8562 35.2909 0.44365 -0.0146696 0.89608 78.395 0 1
15.8964 -40.9302 35.8148 0.425441 -0.0156428 0.904851 78.7286 0 1
14.5061 -40.9877 36.5107 0.403103 -0.0161297 0.915012 79.0863 0 1
13.032 -40.9795 37.2331 0.376559 -0.0158468 0.926257 79.3566 0 1
11.9364 -40.938 37.7244 0.346036 -0.0146062 0.938108 79.6138 0 1
10.9533 -40.8855 38.0742 0.31208 -0.0123844 0.949975 79.882 0 1
9.89701 -40.8565 38.42 0.275504 -0.00933856 0.961255 80.1324 0 1
8.90498 -40.865 38.6789 0.237276 -0.00576899 0.971425 80.4132 0 1
7.78 -40.8302 38.9525 0.198376 -0.00205971 0.980124 80.8691 0 1
5.97105 -40.8802 39.3008 0.159647 0.00137358 0.987173 81.1222 0 1
4.9641 -40.9111 39.4017 0.12167 0.00412862 0.992562 81.497 0 1
3.43856 -40.8886 39.5281 0.0846872 0.00588103 0.99639 81.917 0 1
1.73224 -40.8733 39.6198 0.0486086 0.00646573 0.998797 82.2698 0 1
0.272851 -40.8835 39.6619 0.0130965 0.00592602 0.999897 82.5328 0 1
-0.81567 -40.9023 39.6603 -0.022301 0.00449121 0.999741 82.8577 0 1
-2.11071 -40.8552 39.5848 -0.0580314 0.00249788 0.998312 83.1438 0 1
-3.2788 -40.7491 39.5135 -0.0944729 0.000295108 0.995527 83.4457 0 1
-4.51152 -40.7089 39.3859 -0.131894 -0.0018397 0.991262 83.864 0 1
-6.18214 -40.7412 39.142 -0.170361 -0.00375618 0.985374 84.18 0 1
-7.40076 -40.8149 38.917 -0.209597 -0.00543767 0.977773 84.476 0 1
-8.52238 -40.888 38.6413 -0.248887 -0.00695581 0.968508 84.761 0 1
-9.59262 -40.9441 38.3269 -0.287178 -0.00839664 0.95784 85.194 0 1
-11.2604 -40.9239 37.7916 -0.323358 -0.00979611 0.946226 85.4937 0 1
-12.391 -40.8962 37.3442 -0.356558 -0.0111144 0.934207 85.7793 0 1
-13.487 -40.8938 36.8653 -0.386333 -0.0122571 0.922278 86.0129 0 1
-14.3783 -40.9263 36.4101 -0.412658 -0.0131276 0.910791 86.4714 0 1
-16.1744 -41.0003 35.45 -0.435801 -0.0136866 0.899939 86.7203 0 1
-17.1989 -40.9538 34.9156 -0.456132 -0.0139941 0.889802 86.9365 0 1
-18.0924 -40.9326 34.4491 -0.473927 -0.0142058 0.880449 87.1786 0 1
-19.0626 -40.9261 33.8977 -0.489232 -0.0145075 0.872033 87.4324 0 1
-20.1089 -40.9517 33.2921 -0.501864 -0.0150101 0.864816 87.6521 0 1
-20.9552 -41.2454 32.7652 -0.511544 -0.0156816 0.859114 87.9877 0 1
-21.2238 -42.8488 32.5783 -0.518055 -0.0163663 0.855191 88.2266 0 1
-21.249 -43.9826 32.5549 -0.521336 -0.0168766 0.853185 88.445 0 1
-21.2135 -45.0212 32.5656 -0.521491 -0.0170862 0.853086 88.6853 0 1
-21.0728 -46.1492 32.6241 -0.518743 -0.0169749 0.854762 88.92 0 1
-20.4078 -46.9695 32.9982 -0.513383 -0.0166175 0.857999 89.1775 0 1
-19.3482 -47.1827 33.6221 -0.505679 -0.01615 0.862571 89.406 0 1
-18.3836 -47.2438 34.1931 -0.495781 -0.0157375 0.868305 89.5499 0 1
-18.3288 -47.931 34.2194 -0.483658 -0.0155518 0.875119 89.8765 0 1
-16.9702 -47.8925 34.981 -0.469127 -0.01574 0.88299 90.1121 0 1
-15.9982 -47.9002 35.4929 -0.451958 -0.0163786 0.891889 90.3288 0 1
-15.0992 -47.9097 35.9479 -0.431968 -0.0174262 0.90172 90.5945 0 1
-14.0018 -47.9007 36.4824 -0.409079 -0.0187055 0.912307 90.8756 0 1
-12.8644 -47.8814 37.0307 -0.383321 -0.0199333 0.9234 91.201 0 1
-11.5638 -47.8582 37.54 -0.354834 -0.0207872 0.934698 91.4958 0 1
-10.3935 -47.8302 37.9768 -0.323856 -0.020982 0.945874 91.7726 0 1
-9.32799 -47.8132 38.3245 -0.29067 -0.0203313 0.956607 92.0346 0 1
-8.32351 -47.8071 38.6117 -0.255558 -0.0187946 0.966611 92.2923 0 1
-7.33324 -47.8004 38.8628 -0.218774 -0.0164993 0.975636 92.6457 0 1
-5.95094 -47.787 39.1491 -0.180548 -0.0137204 0.98347 92.927 0 1
-4.82133 -47.7797 39.332 -0.141126 -0.0108136 0.989933 93.2802 0 1
-3.3967 -47.7476 39.4994 -0.100787 -0.00812458 0.994875 93.7002 0 1
-1.68205 -47.7484 39.6561 -0.0597927 -0.00590943 0.998193 94.0654 0 1
-0.231181 -47.7358 39.6723 -0.0182858 -0.00430071 0.999824 94.3801 0 1
1.05818 -47.8058 39.6537 0.0237786 -0.0033335 0.999712 94.7446 0 1
2.56052 -47.8855 39.6018 0.0665474 -0.00300083 0.997779 95.0671 0 1
3.86362 -47.8631 39.5122 0.110051 -0.00328731 0.993921 95.5056 0 1
5.55529 -47.7941 39.2723 0.153975 -0.00415965 0.988066 95.8433 0 1
6.90327 -47.7981 39.0186 0.197566 -0.00553605 0.980274 96.1428 0 1
8.13061 -47.8128 38.7709 0.23972 -0.00726707 0.970815 96.5903 0 1
9.8997 -47.8163 38.3173 0.279228 -0.00914277 0.960181 96.9202 0 1
11.2 -47.8197 37.8774 0.315088 -0.0109219 0.949 97.2221 0 1
12.4045 -47.8073 37.4076 0.346751 -0.0123687 0.937876 97.4634 0 1
13.3572 -47.7686 36.9905 0.374198 -0.0132836 0.927254 97.7255 0 1
14.378 -47.7684 36.5017 0.397834 -0.0135225 0.917358 98.0144 0 1
15.521 -47.8057 35.9295 0.418266 -0.0130204 0.908231 98.295 0 1
16.6805 -47.8074 35.3554 0.436064 -0.0118263 0.899838 98.5307 0 1
17.6624 -47.7917 34.8637 0.451604 -0.0101349 0.892161 98.8454 0 1
18.975 -47.7852 34.1896 0.465032 -0.00827912 0.885255 99.132 0 1
20.168 -47.7254 33.5435 0.476327 -0.00666164 0.879243 99.349 0 1
21.0716 -47.7594 33.0339 0.485416 -0.00563886 0.874265 99.5656 0 1
21.9555 -47.6363 32.5159 0.49225 -0.00540285 0.870437 99.8548 0 1
22.4769 -46.3773 32.2038 0.496823 -0.00591623 0.867832 100.113 0 1
22.484 -45.1196 32.1883 0.499183 -0.00693621 0.866469 100.319 0 1
22.519 -44.1143 32.1688 0.499451 -0.00812127 0.866304 100.557 0 1
22.5896 -42.9569 32.1411 0.49784 -0.00916905 0.86722 100.788 0 1
22.6082 -41.8402 32.1504 0.494663 -0.00991801 0.869028 101.113 0 1
22.149 -40.3768 32.4557 0.490293 -0.0103718 0.871496 101.372 0 1
21.0872 -40.1773 33.0787 0.485093 -0.0106546 0.874398 101.599 0 1
20.1439 -40.1595 33.6019 0.479299 -0.0109384 0.877584 101.819 0 1
19.2351 -40.167 34.0827 0.472893 -0.0113815 0.881046 102.044 0 1
18.2876 -40.1356 34.5863 0.465514 -0.0120869 0.884958 102.261 0 1
17.39 -40.1487 35.0594 0.456473 -0.0130727 0.889641 102.494 0 1
16.4276 -40.2048 35.552 0.444886 -0.0142415 0.895474 102.745 0 1
15.3845 -40.2664 36.086 0.429856 -0.015359 0.902767 102.966 0 1
14.4719 -40.2803 36.5416 0.41066 -0.0160759 0.911647 103.192 0 1
13.5431 -40.2743 37.0005 0.386889 -0.0160162 0.921987 103.469 0 1
12.4078 -40.243 37.5424 0.358563 -0.0149044 0.933387 103.756 0 1
11.2893 -40.1881 37.9635 0.326195 -0.0126631 0.945218 103.994 0 1
10.3492 -40.1209 38.2994 0.290736 -0.00943473 0.956757 104.268 0 1
9.2769 -40.1318 38.6114 0.253383 -0.00553323 0.96735 104.645 0 1
7.79016 -40.1006 38.9571 0.215304 -0.00136098 0.976546 104.912 0 1
6.72748 -40.1201 39.1447 0.177418 0.00267091 0.984132 105.223 0 1
5.43526 -40.184 39.346 0.140262 0.00619621 0.990095 105.534 0 1
4.16787 -40.1958 39.4722 0.103971 0.00892503 0.99454 105.85 0 1
2.88576 -40.1435 39.5449 0.0683248 0.0106704 0.997606 106.148 0 1
1.66889 -40.1444 39.6072 0.0328799 0.011369 0.999395 106.513 0 1
0.164577 -40.1585 39.6519 -0.00287472 0.0110804 0.999934 106.877 0 1
-1.31797 -40.1363 39.6219 -0.0393811 0.00996983 0.999175 107.206 0 1
-2.64484 -40.0981 39.5445 -0.0769447 0.0082855 0.997001 107.572 0 1
-4.14335 -40.0191 39.4384 -0.115698 0.00632245 0.993264 107.917 0 1
-5.55061 -40.0144 39.2508 -0.155543 0.00435015 0.987819 108.219 0 1
-6.779 -40.0594 39.0451 -0.196069 0.00252401 0.980587 108.529 0 1
-7.97737 -40.1453 38.7734 -0.236505 0.000839752 0.97163 108.86 0 1
-9.24883 -40.2146 38.446 -0.275802 -0.000825963 0.961214 109.153 0 1
-10.38 -40.213 38.0885 -0.312856 -0.00260784 0.949797 109.555 0 1
-11.9387 -40.217 37.5225 -0.346772 -0.00454699 0.937938 109.833 0 1
-13.0238 -40.1693 37.0674 -0.377062 -0.00655495 0.926165 110.113 0 1
-14.1434 -40.1998 36.5504 -0.403677 -0.0084614 0.914863 110.36 0 1
-15.0735 -40.2291 36.0525 -0.426914 -0.0101034 0.904236 110.587 0 1
-15.9825 -40.2743 35.5655 -0.447251 -0.0113959 0.894336 110.814 0 1
-16.9149 -40.257 35.0838 -0.465188 -0.0123521 0.885126 111.213 0 1
-18.5459 -40.2252 34.2066 -0.481141 -0.0130605 0.876546 111.448 0 1
-19.4997 -40.2484 33.6608 -0.495371 -0.0136381 0.868575 111.672 0 1
-20.4054 -40.2243 33.1188 -0.507929 -0.0141782 0.861282 111.892 0 1
-21.2958 -40.3582 32.5654 -0.518647 -0.0147124 0.854862 112.12 0 1
-21.7994 -41.2882 32.2408 -0.527199 -0.0152008 0.849606 112.353 0 1
-21.8162 -42.3995 32.2043 -0.53326 -0.0155578 0.845808 112.619 0 1
-21.8273 -43.6781 32.1703 -0.536695 -0.0156993 0.84363 112.834 0 1
-21.8113 -44.7245 32.1683 -0.537707 -0.0155853 0.842988 113.057 0 1
-21.7513 -45.8031 32.1772 -0.536872 -0.0152339 0.843526 113.3 0 1
-21.5683 -46.9518 32.2651 -0.535054 -0.014709 0.84469 113.489 0 1
-20.9816 -47.5445 32.6345 -0.533205 -0.014107 0.845868 113.755 0 1
-19.9007 -47.8287 33.2839 -0.532136 -0.0135534 0.84655 114.008 0 1
-18.8413 -47.9234 33.916 -0.53232 -0.0131906 0.84644 114.162 0 1
-19.083 -48.6057 33.7638 -0.533813 -0.0131383 0.8455 114.388 0 1
-20.0136 -48.5148 33.2072 -0.536299 -0.0134394 0.843921 114.731 0 1
-21.4179 -48.3747 32.3449 -0.539232 -0.0140252 0.842041 114.945 0 1
-22.1338 -47.8311 31.8788 -0.541996 -0.0147269 0.840252 115.154 0 1
-22.2775 -46.8444 31.7917 -0.544028 -0.0153357 0.838927 115.404 0 1
-22.3358 -45.6232 31.7816 -0.544878 -0.0156845 0.838368 115.65 0 1
-22.3916 -44.43 31.7786 -0.544218 -0.0157171 0.838797 115.897 0 1
-22.4143 -43.23 31.7919 -0.54183 -0.0155088 0.840345 116.143 0 1
-22.4355 -42.0379 31.8053 -0.537611 -0.0152242 0.843056 116.452 0 1
-22.4004 -40.542 31.8628 -0.531582 -0.0150212 0.846874 116.639 0 1
-21.9654 -39.8058 32.1514 -0.52388 -0.0149508 0.851661 116.924 0 1
-20.8303 -39.4769 32.8657 -0.514689 -0.0149161 0.857247 117.161 0 1
-19.8548 -39.5384 33.4557 -0.504126 -0.0147236 0.863505 117.385 0 1
-18.9325 -39.5292 33.9993 -0.492122 -0.0142015 0.87041 117.627 0 1
-17.9391 -39.5315 34.5577 -0.478374 -0.0133101 0.878055 117.863 0 1
-16.976 -39.5518 35.074 -0.462398 -0.0121821 0.886589 118.098 0 1
-16.0195 -39.5518 35.5656 -0.443671 -0.0110688 0.896121 118.379 0 1
-14.879 -39.47 36.1674 -0.421797 -0.0102193 0.906633 118.708 0 1
-13.5745 -39.4648 36.8063 -0.396596 -0.00974395 0.917942 118.945 0 1
-12.6214 -39.4631 37.2448 -0.368138 -0.00953288 0.929722 119.236 0 1
-11.457 -39.5316 37.7221 -0.336763 -0.00928256 0.941544 119.49 0 1
-10.4484 -39.5086 38.0799 -0.303085 -0.00862309 0.952925 119.818 0 1
-9.16752 -39.4994 38.4755 -0.267943 -0.00726953 0.963407 120.109 0 1
-8.02486 -39.4415 38.7666 -0.232258 -0.00511707 0.972641 120.397 0 1
-6.90068 -39.3531 39.0345 -0.196856 -0.00225773 0.98043 120.68 0 1
-5.79455 -39.308 39.2177 -0.162348 0.00105436 0.986733 120.937 0 1
-4.73167 -39.3174 39.3812 -0.12909 0.00445805 0.991623 121.195 0 1
-3.68531 -39.3458 39.4615 -0.0971775 0.00754524 0.995238 121.468 0 1
-2.56306 -39.3883 39.541 -0.0664627 0.009922 0.99774 121.757 0 1
-1.37 -39.369 39.6077 -0.0366016 0.0112703 0.999266 122.012 0 1
-0.341013 -39.4378 39.639 -0.00710564 0.0114012 0.99991 122.332 0 1
0.938127 -39.4284 39.6258 0.0226262 0.010282 0.999691 122.69 0 1
2.38164 -39.4085 39.5562 0.0532797 0.00802764 0.998547 122.957 0 1
3.48274 -39.4645 39.5011 0.0855485 0.00487282 0.996322 123.286 0 1
4.82236 -39.5108 39.4006 0.11997 0.00114095 0.992777 123.537 0 1
5.85793 -39.408 39.2826 0.156697 -0.00278739 0.987643 123.832 0 1
7.03588 -39.378 39.0981 0.195306 -0.00651573 0.980721 124.101 0 1
8.15868 -39.3677 38.8915 0.234767 -0.0096835 0.972003 124.519 0 1
9.80621 -39.3852 38.4723 0.273629 -0.0120203 0.96176 124.771 0 1
10.7899 -39.4148 38.1719 0.310351 -0.013394 0.950528 125.064 0 1
11.9254 -39.5322 37.7613 0.343656 -0.0138432 0.938993 125.344 0 1
12.9814 -39.5538 37.2834 0.372802 -0.0135752 0.927812 125.697 0 1
14.4 -39.5697 36.5902 0.397672 -0.0129144 0.917437 126.017 0 1
15.715 -39.5397 35.9271 0.418688 -0.0122058 0.908048 126.264 0 1
16.726 -39.5054 35.4087 0.436561 -0.011715 0.899598 126.514 0 1
17.7422 -39.4702 34.8752 0.45201 -0.0115671 0.891938 126.761 0 1
18.7593 -39.4566 34.3379 0.46555 -0.0117429 0.884944 127.046 0 1
19.9473 -39.4528 33.7116 0.477442 -0.0121081 0.87858 127.263 0 1
20.8506 -39.4415 33.2336 0.487772 -0.0124536 0.872882 127.485 0 1
21.7492 -39.4719 32.7097 0.496553 -0.0125542 0.867916 127.699 0 1
22.6242 -39.6212 32.1952 0.503779 -0.0122465 0.863746 127.949 0 1
23.1526 -40.645 31.8488 0.509411 -0.0114932 0.860447 128.177 0 1
23.2216 -41.7289 31.7878 0.513329 -0.0103954 0.858129 128.413 0 1
23.2019 -42.8606 31.7798 0.515328 -0.00915183 0.856944 128.651 0 1
23.1255 -43.9982 31.8032 0.51518 -0.00799932 0.857045 129.006 0 1
23.0957 -45.7258 31.8044 0.512745 -0.00716559 0.858511 129.21 0 1
23.1062 -46.7516 31.825 0.508085 -0.00684339 0.86128 129.418 0 1
22.993 -47.7609 31.8977 0.501491 -0.00716929 0.865133 129.698 0 1
22.0476 -48.5315 32.4596 0.493398 -0.00818228 0.869765 130.029 0 1
20.6684 -48.4955 33.2584 0.484193 -0.00976492 0.874907 130.333 0 1
19.3992 -48.4679 33.9611 0.474005 -0.0116165 0.880446 130.623 0 1
18.197 -48.4716 34.5841 0.462574 -0.0133106 0.886481 130.979 0 1
16.7049 -48.5034 35.329 0.449289 -0.0144287 0.89327 131.197 0 1
15.7953 -48.5054 35.7797 0.433367 -0.0146978 0.901098 131.465 0 1
14.6845 -48.4809 36.3287 0.414098 -0.0140646 0.910123 131.7 0 1
13.7341 -48.4686 36.7966 0.391059 -0.0126786 0.920278 131.941 0 1
12.7794 -48.4837 37.2223 0.364216 -0.0108064 0.931252 132.182 0 1
11.826 -48.5247 37.6345 0.333926 -0.00872389 0.942559 132.476 0 1
10.6591 -48.5614 38.0828 0.300832 -0.00663691 0.953654 132.767 0 1
9.56165 -48.5972 38.425 0.265733 -0.00465862 0.964035 133.095 0 1
8.26877 -48.5556 38.7354 0.22942 -0.0028378 0.973323 133.531 0 1
6.55642 -48.5344 39.0899 0.192542 -0.00120829 0.981288 133.88 0 1
5.15705 -48.5519 39.3301 0.155547 0.0001703 0.987828 134.173 0 1
3.98808 -48.5851 39.4928 0.11872 0.00120334 0.992927 134.487 0 1
2.77441 -48.6235 39.5836 0.082243 0.00179865 0.996611 134.806 0 1
1.47437 -48.5776 39.6528 0.0462255 0.00193963 0.998929 135.09 0 1
0.342495 -48.4702 39.681 0.0106713 0.00174207 0.999942 135.35 0 1
-0.711967 -48.4458 39.6772 -0.0245265 0.00143403 0.999698 135.608 0 1
-1.7446 -48.4873 39.6448 -0.0595311 0.00125068 0.998226 135.949 0 1
-3.12017 -48.4851 39.5285 -0.0944787 0.00130429 0.995526 136.223 0 1
-4.21666 -48.4941 39.4018 -0.129434 0.00151153 0.991587 136.526 0 1
-5.42591 -48.5006 39.2289 -0.164393 0.00162397 0.986394 136.807 0 1
-6.54168 -48.5084 39.0358 -0.199277 0.00134582 0.979942 137.1 0 1
-7.63836 -48.5157 38.7694 -0.23389 0.000474145 0.972263 137.386 0 1
-8.74436 -48.5246 38.4853 -0.267886 -0.00101104 0.96345 137.667 0 1
-9.79672 -48.5337 38.1458 -0.300785 -0.00294722 0.953687 137.919 0 1
-10.7972 -48.5472 37.8221 -0.332048 -0.00506869 0.943249 138.163 0 1
-11.736 -48.5653 37.465 -0.361148 -0.00711387 0.932481 138.51 0 1
-13.1024 -48.6157 36.8998 -0.387597 -0.00890504 0.921786 138.801 0 1
-14.2481 -48.6109 36.3513 -0.410937 -0.0103737 0.911605 139.124 0 1
-15.5659 -48.5789 35.7007 -0.430719 -0.0115409 0.902412 139.363 0 1
-16.5446 -48.5678 35.1993 -0.446539 -0.0124799 0.894677 139.586 0 1
-17.4534 -48.5826 34.6998 -0.458088 -0.0132811 0.888807 139.809 0 1
-18.3757 -48.6136 34.1814 -0.465203 -0.014017 0.885093 139.876 0 1
-18.65 -48.6412 34.022 -0.467854 -0.014706 0.883684 140.058 0 1
-18.9088 -49.4511 33.8552 -0.466106 -0.015285 0.884597 140.313 0 1
-17.8623 -49.3732 34.4629 -0.460093 -0.0156151 0.887733 140.529 0 1
-16.9622 -49.3537 34.9614 -0.450023 -0.0155331 0.892882 140.746 0 1
-16.073 -49.3585 35.4314 -0.436171 -0.0149324 0.89974 141.014 0 1
-14.9669 -49.3917 35.9836 -0.418839 -0.0138359 0.907955 141.238 0 1
-14.0368 -49.335 36.4372 -0.398317 -0.0124142 0.917164 141.627 0 1
-12.4586 -49.5182 37.1834 -0.374894 -0.0109282 0.927003 141.876 0 1
-11.4753 -49.3666 37.5572 -0.348928 -0.00961662 0.9371 142.131 0 1
-10.4632 -49.2744 37.9375 -0.320903 -0.00859355 0.947073 142.398 0 1
-9.41274 -49.2537 38.2787 -0.291371 -0.00781931 0.956578 142.677 0 1
-8.31756 -49.2528 38.611 -0.260817 -0.00715655 0.965362 142.95 0 1
-7.2648 -49.2776 38.8849 -0.229534 -0.00646732 0.973279 143.232 0 1
-6.20942 -49.3038 39.0838 -0.197602 -0.00569395 0.980266 143.511 0 1
-5.11838 -49.3442 39.2711 -0.164985 -0.00488505 0.986284 143.819 0 1
-3.89063 -49.2853 39.4307 -0.131639 -0.00415652 0.991289 144.07 0 1
-2.86494 -49.2683 39.5579 -0.0975862 -0.0036133 0.995221 144.318 0 1
-1.85477 -49.2211 39.6426 -0.0629208 -0.00328619 0.998013 144.57 0 1
-0.838994 -49.1831 39.6825 -0.0277644 -0.00312693 0.99961 144.929 0 1
0.592067 -49.2027 39.6814 0.00781104 -0.00305406 0.999965 145.225 0 1
1.78011 -49.3482 39.6391 0.0438762 -0.00300765 0.999032 145.581 0 1
3.21692 -49.3759 39.5597 0.0806707 -0.00298303 0.996736 145.842 0 1
4.24447 -49.3354 39.4541 0.118474 -0.003041 0.992952 146.176 0 1
5.54719 -49.3979 39.2791 0.157339 -0.00329512 0.987539 146.443 0 1
6.56856 -49.2507 39.0883 0.196837 -0.00387115 0.980429 146.842 0 1
8.15506 -49.2726 38.7619 0.236012 -0.00484633 0.971738 147.154 0 1
9.35989 -49.5196 38.4864 0.273572 -0.00619754 0.961832 147.435 0 1
10.4075 -49.2939 38.1568 0.308249 -0.00778807 0.951274 147.784 0 1
11.7531 -49.3858 37.6797 0.339145 -0.00939938 0.940687 148.075 0 1
12.8654 -49.3217 37.1641 0.365925 -0.0107906 0.930582 148.328 0 1
13.8579 -49.3439 36.7125 0.388827 -0.0117611 0.921236 148.612 0 1
14.9632 -49.3089 36.1649 0.408509 -0.0121976 0.912673 148.891 0 1
16.1166 -49.3382 35.6049 0.425828 -0.0120912 0.904723 149.127 0 1
17.0952 -49.312 35.1197 0.441597 -0.0115228 0.89714 149.357 0 1
18.0615 -49.3049 34.6441 0.456381 -0.0106282 0.889721 149.575 0 1
18.9673 -49.2843 34.1774 0.470374 -0.00957303 0.882415 149.805 0 1
19.9241 -49.3585 33.673 0.483406 -0.00854257 0.875354 150.085 0 1
21.0652 -49.3959 33.0294 0.495076 -0.0077238 0.868815 150.368 0 1
22.209 -49.345 32.3584 0.504955 -0.00726382 0.863115 150.641 0 1
23.314 -49.1827 31.6713 0.512777 -0.00722581 0.858491 150.842 0 1
23.6962 -48.3067 31.4416 0.51852 -0.00757602 0.855032 151.176 0 1
23.7417 -46.688 31.4224 0.522365 -0.00820696 0.852682 151.385 0 1
23.7191 -45.6764 31.4207 0.524551 -0.00897485 0.851332 151.676 0 1
23.7132 -44.2539 31.436 0.525221 -0.00972988 0.85091 151.89 0 1
23.8541 -43.2354 31.3744 0.524369 -0.0103342 0.851429 152.147 0 1
23.9169 -42.0968 31.3581 0.521915 -0.0106747 0.85293 152.407 0 1
23.9298 -40.969 31.3593 0.517862 -0.0106821 0.855397 152.671 0 1
23.8914 -39.809 31.4031 0.512402 -0.0103559 0.858683 152.949 0 1
23.0988 -38.9544 31.9147 0.505912 -0.00978331 0.86253 153.203 0 1
22.0728 -38.6989 32.5378 0.498838 -0.00913008 0.866647 153.431 0 1
21.1247 -38.6761 33.0929 0.491523 -0.00859497 0.870822 153.664 0 1
20.1696 -38.6574 33.5989 0.484035 -0.00834884 0.875009 153.89 0 1
19.2244 -38.5847 34.0969 0.47605 -0.00849238 0.879377 154.122 0 1
18.2556 -38.6282 34.6021 0.466827 -0.00904677 0.884302 154.386 0 1
17.1599 -38.6311 35.1888 0.455332 -0.0099609 0.890266 154.644 0 1
16.1011 -38.6211 35.7426 0.440465 -0.0111102 0.897701 154.87 0 1
15.1751 -38.6967 36.2132 0.42132 -0.0122865 0.906829 155.105 0 1
14.2056 -38.7905 36.7007 0.397406 -0.0132112 0.917548 155.432 0 1
12.8572 -38.6904 37.3677 0.368767 -0.0136023 0.929422 155.679 0 1
11.8692 -38.6313 37.7903 0.335997 -0.0132742 0.94177 155.964 0 1
10.7238 -38.6705 38.2174 0.300141 -0.0121963 0.953817 156.22 0 1
9.72492 -38.6662 38.5072 0.262511 -0.0104602 0.964872 156.542 0 1
8.42847 -38.6482 38.8397 0.224439 -0.00819112 0.974454 156.909 0 1
6.93082 -38.4664 39.1361 0.187045 -0.00548247 0.982336 157.219 0 1
5.63539 -38.4638 39.3071 0.151092 -0.00240529 0.988517 157.473 0 1
4.64114 -38.8207 39.4121 0.116933 0.000928998 0.993139 157.777 0 1
3.39154 -38.661 39.5009 0.0845171 0.00430639 0.996413 158.077 0 1
2.17923 -38.6165 39.5594 0.053422 0.00740018 0.998545 158.343 0 1
1.09893 -38.5837 39.6006 0.0229413 0.00983553 0.999688 158.649 0 1
-0.1265 -38.7297 39.6176 -0.00774815 0.0113092 0.999906 158.933 0 1
-1.25168 -38.492 39.5992 -0.0393784 0.0117072 0.999156 159.41 0 1
-3.16733 -38.6707 39.4888 -0.0724386 0.0111521 0.997311 159.676 0 1
-4.27309 -38.6117 39.4076 -0.107131 0.00994575 0.994195 159.941 0 1
-5.34415 -38.5291 39.2993 -0.143391 0.00843035 0.98963 160.21 0 1
-6.44378 -38.5018 39.1313 -0.180898 0.0068407 0.983478 160.499 0 1
-7.59067 -38.5805 38.884 -0.219065 0.00522315 0.975696 160.782 0 1
-8.71117 -38.6287 38.612 -0.257078 0.00346191 0.966384 161.064 0 1
-9.79725 -38.7104 38.2871 -0.294016 0.00139563 0.9558 161.304 0 1
-10.756 -38.6944 37.9902 -0.329029 -0.00104321 0.944319 161.649 0 1
-12.0645 -38.6502 37.47 -0.361478 -0.00374813 0.932373 162.087 0 1
-13.8165 -38.6601 36.6981 -0.390978 -0.0064665 0.920377 162.358 0 1
-14.8744 -38.7303 36.1639 -0.417371 -0.00891532 0.908692 162.701 0 1
-16.2522 -38.6699 35.4718 -0.440662 -0.0109084 0.897607 162.983 0 1
-17.398 -38.6701 34.8738 -0.460973 -0.0124203 0.887327 163.234 0 1
-18.4052 -38.6534 34.3213 -0.478505 -0.0135635 0.87798 163.463 0 1
-19.3308 -38.6352 33.7863 -0.493513 -0.0145071 0.869617 163.696 0 1
-20.2737 -38.6042 33.2107 -0.506272 -0.0153814 0.862237 163.924 0 1
-21.2117 -38.6129 32.6336 -0.517041 -0.0162071 0.855807 164.261 0 1
-22.5373 -39.0794 31.7955 -0.526031 -0.0168821 0.850298 164.427 0 1
-23.0925 -39.5526 31.4337 -0.533384 -0.017235 0.845698 164.779 0 1
-23.2419 -41.2142 31.2975 -0.539157 -0.0171216 0.842031 165.1 0 1
-23.0903 -42.5475 31.3619 -0.543326 -0.0165108 0.839359 165.458 0 1
-22.9852 -44.1345 31.3886 -0.5458 -0.0155125 0.837772 165.68 0 1
-22.9077 -45.1411 31.4059 -0.546464 -0.0143397 0.83736 165.924 0 1
-22.8964 -46.2821 31.3801 -0.545237 -0.0132347 0.838178 166.165 0 1
-22.9082 -47.4039 31.3681 -0.542123 -0.0123973 0.840207 166.396 0 1
-22.9151 -48.4374 31.358 -0.537249 -0.011942 0.843339 166.706 0 1
-21.9544 -49.1774 31.9914 -0.530866 -0.0118849 0.847372 166.929 0 1
-21.0684 -49.3426 32.5448 -0.523337 -0.0121569 0.852039 167.23 0 1
-19.8358 -49.4085 33.3048 -0.515107 -0.0126306 0.857033 167.396 0 1
-19.1522 -49.4511 33.7143 -0.506645 -0.0131544 0.862016 167.396 0 1
-12.8813 -44.348 37.0668 -0.37169 -0.0236932 0.928054 167.667 1 1
-11.832 -44.1968 37.5049 -0.359365 -0.0251206 0.932859 167.93 0 1
-10.7884 -44.0175 37.87 -0.344764 -0.0257034 0.938338 168.171 0 1
-11.7428 -43.7449 37.5624 -0.327011 -0.0253011 0.944682 168.441 0 1
-12.7624 -43.9362 37.1248 -0.305921 -0.0240282 0.951754 169.253 0 1
-9.52934 -43.9859 38.273 -0.282224 -0.0221695 0.959092 169.522 0 1
-8.45814 -43.6677 38.6353 -0.257609 -0.020077 0.966041 169.798 0 1
-7.56446 -44.2974 38.841 -0.234538 -0.0180692 0.971939 170.094 0 1
-6.53056 -43.7487 39.0782 -0.215788 -0.0163657 0.976303 170.352 0 1
-5.5431 -43.5425 39.241 -0.203838 -0.0150776 0.978889 170.779 0 1
-3.82958 -43.3873 39.4767 -0.200307 -0.0142403 0.97963 170.906 0 1
-3.5182 -43.7939 39.506 -0.205674 -0.01385 0.978523 171.214 0 1
-4.74654 -43.9836 39.3585 -0.219333 -0.0138789 0.975551 171.466 0 1
-5.72094 -44.1528 39.2035 -0.239856 -0.0142696 0.970704 171.921 0 1
-7.55179 -44.39 38.843 -0.265304 -0.0149315 0.964049 172.325 0 1
-9.12599 -44.3173 38.3999 -0.293476 -0.0157476 0.955837 172.397 0 1
-9.41701 -44.3112 38.2998 -0.322083 -0.0165893 0.946432 172.397 0 1
-1.21526 -44.1008 39.6727 -0.060156 0.0066484 0.998159 172.434 1 1
-1.06626 -44.1042 39.6803 -0.0396469 0.00453985 0.999203 172.442 0 1
-1.09913 -44.0998 39.6798 -0.0198896 0.002567 0.999799 173.023 0 1
1.22591 -43.8718 39.6662 -0.0010424 0.000742382 0.999999 173.327 0 1
2.43866 -43.6797 39.621 0.0170205 -0.000990571 0.999855 173.58 0 1
1.54981 -44.189 39.6544 0.0347041 -0.002752 0.999394 173.613 0 1
1.41914 -44.168 39.6584 0.0525926 -0.00468804 0.998605 173.894 0 1
2.44322 -43.6791 39.6207 0.0712468 -0.00690555 0.997435 174.145 0 1
3.33742 -44.1589 39.5465 0.0909979 -0.00940541 0.995807 174.495 0 1
4.77262 -44.0688 39.4117 0.111865 -0.0120443 0.99365 174.869 0 1
3.26534 -43.8116 39.5532 0.133634 -0.0145461 0.990924 175.592 0 1
6.21613 -43.7422 39.2294 0.15602 -0.0165697 0.987615 175.878 0 1
7.26124 -44.1492 38.9833 0.178829 -0.0178181 0.983719 176.14 0 1
6.27477 -43.7177 39.2214 0.202016 -0.0181443 0.979214 176.678 0 1
8.37542 -43.7306 38.7442 0.225618 -0.0175992 0.974057 176.915 0 1
9.33178 -43.8739 38.492 0.249583 -0.0163888 0.968215 177.044 0 1
8.90266 -44.1794 38.5909 0.273621 -0.0147603 0.961724 177.437 0 1
10.4803 -43.7718 38.1641 0.297197 -0.0128871 0.954729 177.701 0 1
11.4357 -44.2415 37.8435 0.319664 -0.0108197 0.947469 177.915 0 1
10.5985 -44.1048 38.1259 0.340456 -0.00853052 0.940222 178.295 0 1
12.0928 -44.2045 37.5883 0.35924 -0.00601271 0.933226 178.478 0 1
12.7259 -43.8269 37.3089 0.37596 -0.00336618 0.92663 178.563 0 1
12.3769 -43.8134 37.4645 0.390771 -0.000812141 0.920488 178.924 0 1
13.7897 -44.2693 36.8242 0.403912 0.00136874 0.914797 179.158 0 1
14.655 -43.8224 36.4221 0.415582 0.00292901 0.909551 179.322 0 1
13.9889 -43.905 36.7412 0.425871 0.00372537 0.904776 179.669 0 1
15.3908 -43.929 36.068 0.434754 0.0037502 0.900541 179.929 0 1
16.4162 -43.6452 35.5484 0.44214 0.00313766 0.896941 180.201 0 1
17.5265 -43.5199 34.9672 0.447923 0.00215377 0.89407 180.423 0 1
18.4633 -43.5192 34.4761 0.452038 0.00115763 0.891998 180.618 0 1
19.0573 -44.159 34.1595 0.454502 0.000520947 0.890746 180.897 0 1
17.89 -44.2433 34.7775 0.455435 0.000523945 0.890269 181.148 0 1
16.8408 -44.1099 35.3307 0.455069 0.00127265 0.890455 181.382 0 1
15.8974 -44.334 35.8215 0.453731 0.00267678 0.891135 181.413 0 1
15.7696 -44.3483 35.8874 0.451817 0.00449451 0.892099 181.457 0 1
15.5915 -44.3213 35.9792 0.449675 0.00641761 0.89297 181.457 0 1
