-35.3877 -37.0675 45.0767 -0.696268 0.0104398 0.717706 0 1 0
-34.6777 -36.9573 45.7728 -0.695978 0.00979712 0.717997 0.504422 0 0
-33.8258 -36.583 46.6005 -0.695836 0.00926941 0.718141 0.768293 0 0
-33.0131 -36.8354 47.3788 -0.695819 0.00887551 0.718162 1.001 0 0
-33.5542 -37.5075 46.8688 -0.695815 0.00860844 0.71817 1.24727 0 0
-34.3186 -37.6319 46.1313 -0.695669 0.00845503 0.718312 1.5745 0 0
-35.2852 -37.1462 45.1773 -0.695256 0.00840487 0.718713 1.80207 0 0
-35.9767 -36.8254 44.5017 -0.69453 0.00844307 0.719414 2.0386 0 0
-35.464 -36.0335 44.9882 -0.693557 0.0085352 0.720351 2.42302 0 0
-34.2404 -35.8169 46.1929 -0.692501 0.00861814 0.721365 2.72428 0 0
-33.299 -35.9584 47.0988 -0.691579 0.00860686 0.72225 3.00228 0 0
-32.4346 -36.1446 47.9152 -0.690994 0.00841821 0.722811 3.38459 0 0
-31.3358 -36.7854 48.9544 -0.690883 0.00800041 0.722922 3.74193 0 0
-30.764 -38.0866 49.5117 -0.69129 0.00734916 0.72254 4.06756 0 0
-31.772 -38.0641 48.5629 -0.69218 0.00650062 0.721696 4.36827 0 0
-32.708 -38.0045 47.6799 -0.69346 0.0055111 0.720474 4.70307 0 0
-33.7388 -38.2207 46.701 -0.694991 0.00444248 0.719004 4.98149 0 0
-34.6003 -38.3576 45.8601 -0.696594 0.00336395 0.717458 5.26097 0 0
-35.4817 -38.3534 44.9961 -0.698057 0.00236383 0.716038 5.50402 0 0
-36.1229 -37.7505 44.3676 -0.699168 0.00155363 0.714956 5.5937 0 0
-36.1177 -37.3516 44.3727 -0.699747 0.00105044 0.71439 5.79472 0 0
-36.7326 -37.1229 43.7653 -0.699688 0.000943812 0.714448 6.04816 0 0
-36.705 -38.256 43.7882 -0.698984 0.00127134 0.715136 6.44892 0 0
-35.5921 -39.155 44.8859 -0.697727 0.00201991 0.716361 6.70701 0 0
-34.7693 -39.1436 45.6912 -0.696072 0.00314255 0.717965 7.08654 0 0
-33.5715 -38.9358 46.8682 -0.694196 0.00456734 0.719772 7.36206 0 0
-32.7085 -38.8201 47.687 -0.692263 0.00619011 0.721619 7.74429 0 0
-31.5117 -38.869 48.8189 -0.690418 0.00786491 0.723368 8.01423 0 0
-30.6699 -38.8926 49.6115 -0.68881 0.00941082 0.724881 8.25061 0 0
-29.9545 -38.6807 50.2846 -0.687593 0.0106401 0.726018 8.48858 0 0
-29.9281 -37.6827 50.2958 -0.686909 0.0113972 0.726654 8.82387 0 0
-30.539 -36.5733 49.6937 -0.686853 0.0115898 0.726704 9.06418 0 0
-31.1548 -36.0072 49.103 -0.687452 0.0111996 0.726143 9.32125 0 0
-31.8947 -35.5832 48.4072 -0.688673 0.0102726 0.724999 9.58511 0 0
-32.6993 -35.313 47.6557 -0.69043 0.00890108 0.723344 9.88666 0 0
-33.6278 -35.1209 46.7731 -0.692588 0.00720614 0.721297 10.2066 0 0
-34.6257 -35.0358 45.8059 -0.69496 0.00532602 0.719029 10.5099 0 0
-35.5724 -35.2004 44.8796 -0.697317 0.00340731 0.716755 10.8515 0 0
-36.4376 -36.1539 44.052 -0.699424 0.00159775 0.714705 11.0405 0 0
-36.6981 -36.9183 43.8017 -0.701074 3.96196e-05 0.713088 11.2234 0 0
-37.2546 -36.709 43.2433 -0.702113 -0.00113745 0.712064 11.4502 0 0
-37.3994 -37.712 43.0894 -0.702451 -0.00182924 0.71173 11.6753 0 0
-37.2458 -38.7214 43.2387 -0.702066 -0.00197839 0.712109 12.0875 0 0
-36.2003 -39.8804 44.2838 -0.701 -0.00159607 0.71316 12.3187 0 0
-35.4658 -39.9679 45.0056 -0.699352 -0.000764517 0.714777 12.5908 0 0
-34.6007 -39.8925 45.8539 -0.697269 0.00039302 0.716809 12.8211 0 0
-33.8718 -39.7732 46.5707 -0.694936 0.00176185 0.719069 13.1515 0 0
-32.8303 -39.6275 47.5817 -0.692554 0.00327014 0.721359 13.4049 0 0
-32.0363 -39.604 48.3341 -0.69031 0.00488196 0.723497 13.651 0 0
-31.2674 -39.6512 49.0588 -0.688337 0.00655824 0.725361 13.9987 0 0
-30.1839 -39.6814 50.0777 -0.686699 0.00822156 0.726896 14.2584 0 0
-29.4245 -39.3287 50.7889 -0.68541 0.00975384 0.728092 14.5011 0 0
-29.1436 -38.3929 51.0423 -0.684483 0.0110245 0.728946 14.7604 0 0
-29.3472 -37.366 50.8342 -0.683957 0.0119241 0.729425 15.0613 0 0
-29.84 -36.3441 50.3465 -0.683898 0.0123837 0.729473 15.3348 0 0
-30.4662 -35.6104 49.7351 -0.684369 0.0123762 0.729031 15.6233 0 0
-31.2664 -35.0675 48.9801 -0.685404 0.0119131 0.728066 15.8856 0 0
-32.0425 -34.7229 48.2539 -0.686986 0.0110454 0.726587 16.1949 0 0
-32.9974 -34.4696 47.3675 -0.689032 0.0098725 0.724664 16.4294 0 0
-33.7135 -34.3176 46.6794 -0.691384 0.00854991 0.722437 16.8374 0 0
-34.99 -34.2407 45.4466 -0.693815 0.00727654 0.720116 17.1881 0 0
-36.0671 -34.6031 44.4017 -0.696065 0.00625417 0.717951 17.4442 0 0
-36.7121 -35.3127 43.7845 -0.69788 0.00563488 0.716192 17.7142 0 0
-37.1658 -36.3354 43.334 -0.699056 0.00548599 0.715046 17.7494 0 0
-37.2155 -36.4772 43.2845 -0.699454 0.00579224 0.714654 17.9378 0 0
-37.698 -35.9738 42.8013 -0.699017 0.00648931 0.715075 18.2198 0 0
-37.2015 -34.8982 43.2938 -0.697786 0.00750213 0.716267 18.5628 0 0
-36.3598 -33.8792 44.108 -0.695898 0.00876114 0.718087 18.8801 0 0
-35.3795 -33.4973 45.0572 -0.693564 0.0101889 0.720323 19.1606 0 0
-34.4888 -33.4346 45.9199 -0.691011 0.0116736 0.72275 19.4959 0 0
-33.4321 -33.5925 46.9391 -0.688436 0.0130569 0.72518 19.8173 0 0
-32.4314 -33.8037 47.8808 -0.685991 0.0141546 0.727473 20.0556 0 0
-31.7025 -34.0378 48.5551 -0.683794 0.0148059 0.729525 20.4258 0 0
-30.6176 -34.5857 49.5657 -0.681954 0.014927 0.731243 20.7493 0 0
-29.7692 -35.2931 50.3818 -0.680575 0.0145361 0.732535 21.0516 0 0
-29.1389 -36.1938 51.0028 -0.679749 0.0137314 0.733316 21.3032 0 0
-28.7602 -37.0741 51.3667 -0.679548 0.0126384 0.733522 21.5654 0 0
-28.5385 -38.0974 51.5883 -0.680018 0.0113617 0.733107 21.8159 0 0
-28.508 -39.1275 51.6313 -0.68117 0.00996331 0.732057 22.0723 0 0
-28.9235 -40.0283 51.2534 -0.682971 0.00846981 0.730397 22.4696 0 0
-30.0889 -40.5074 50.1769 -0.685323 0.00689593 0.728206 22.7832 0 0
-31.0514 -40.4482 49.272 -0.688058 0.00526966 0.725637 23.0596 0 0
-31.9099 -40.3873 48.463 -0.690948 0.00364481 0.722895 23.3164 0 0
-32.7059 -40.3858 47.7 -0.693755 0.00209531 0.720208 23.743 0 0
-34.0255 -40.5701 46.4167 -0.696282 0.000701174 0.717768 24.0731 0 0
-35.0691 -40.7174 45.3946 -0.698407 -0.000459614 0.7157 24.4162 0 0
-36.1599 -40.735 44.3152 -0.700092 -0.00130939 0.714052 24.6485 0 0
-36.875 -40.506 43.5956 -0.701355 -0.00176997 0.71281 24.9956 0 0
-37.6678 -39.3965 42.8072 -0.702246 -0.00177545 0.711932 25.2597 0 0
-37.9915 -38.266 42.4952 -0.702805 -0.00129749 0.711381 25.5052 0 0
-37.9486 -37.1313 42.5429 -0.703043 -0.000365609 0.711148 25.5608 0 0
-37.9249 -36.877 42.5692 -0.702931 0.000935286 0.711258 25.7438 0 0
-38.521 -36.7662 41.9849 -0.702404 0.00248986 0.711774 26.0443 0 0
-38.1725 -35.4734 42.326 -0.701384 0.00418387 0.712772 26.316 0 0
-37.7012 -34.4184 42.7909 -0.699816 0.00592719 0.714299 26.5926 0 0
-37.057 -33.5237 43.4187 -0.697719 0.00766328 0.71633 26.9425 0 0
-36.0358 -32.8547 44.4104 -0.695206 0.00936554 0.718749 27.186 0 0
-35.2746 -32.662 45.1471 -0.692458 0.0110219 0.721374 27.481 0 0
-34.3385 -32.6632 46.0517 -0.689662 0.0126109 0.724021 27.8565 0 0
-33.1605 -32.8562 47.1885 -0.686963 0.014078 0.726556 28.1291 0 0
-32.3149 -33.0529 47.9718 -0.684447 0.0153259 0.728902 28.3927 0 0
-31.5104 -33.3148 48.7148 -0.68216 0.0162272 0.731023 28.665 0 0
-30.702 -33.6843 49.4618 -0.680147 0.0166601 0.732886 28.9167 0 0
-29.9903 -34.1225 50.1369 -0.678467 0.0165543 0.734444 29.2911 0 0
-29.0732 -35.0414 51.029 -0.677197 0.0159277 0.735629 29.5901 0 0
-28.4999 -35.9748 51.5734 -0.676415 0.0148911 0.73637 29.9367 0 0
-28.0595 -37.2456 52.008 -0.676189 0.0136163 0.736602 30.2566 0 0
-27.8424 -38.5092 52.2277 -0.676563 0.0122774 0.736283 30.5354 0 0
-27.9358 -39.6521 52.1583 -0.677553 0.0109952 0.735392 30.8041 0 0
-28.3896 -40.5853 51.7461 -0.679142 0.00980498 0.733942 31.0677 0 0
-29.101 -41.1241 51.0969 -0.681274 0.00865895 0.731977 31.3369 0 0
-29.9204 -41.3014 50.3398 -0.683856 0.00746153 0.729579 31.5878 0 0
-30.6957 -41.2797 49.6169 -0.686756 0.00612627 0.726862 31.9376 0 0
-31.7736 -41.156 48.6007 -0.689797 0.0046272 0.723988 32.2271 0 0
-32.6688 -41.1511 47.739 -0.692769 0.00301778 0.721153 32.4684 0 0
-33.4188 -41.2472 47.0117 -0.695457 0.00141064 0.718566 32.731 0 0
-34.2437 -41.3825 46.2081 -0.697682 -6.60047e-05 0.716407 33.0266 0 0
-35.1742 -41.5183 45.2941 -0.699344 -0.00131158 0.714784 33.2651 0 0
-35.9198 -41.5776 44.5436 -0.700441 -0.00227967 0.713706 33.5459 0 0
-36.8086 -41.426 43.6569 -0.701065 -0.00298169 0.713091 33.7936 0 0
-37.5408 -40.986 42.9288 -0.70136 -0.0034707 0.712798 34.1181 0 0
-38.1983 -39.827 42.286 -0.701482 -0.00381563 0.712677 34.3592 0 0
-38.5294 -38.8196 41.9681 -0.701557 -0.00407953 0.712602 34.5972 0 0
-38.6389 -37.7354 41.8639 -0.701671 -0.00431089 0.712488 34.6458 0 0
-38.6193 -37.5123 41.8841 -0.701869 -0.00454357 0.712291 34.8317 0 0
-39.2294 -37.4106 41.2888 -0.70215 -0.00479342 0.712013 35.0512 0 0
-39.2285 -38.4212 41.2846 -0.702468 -0.00504721 0.711697 35.2702 0 0
-39.0211 -39.3915 41.4816 -0.702736 -0.00525337 0.711432 35.5654 0 0
-38.58 -40.6057 41.9019 -0.702842 -0.00532571 0.711326 35.8096 0 0
-38.0834 -41.4899 42.3881 -0.702671 -0.00516323 0.711497 36.1834 0 0
-36.9916 -42.2427 43.4661 -0.702115 -0.0046805 0.712048 36.4373 0 0
-36.1753 -42.3706 44.2758 -0.70109 -0.00383877 0.713063 36.7221 0 0
-35.2604 -42.3277 45.1939 -0.699546 -0.00266464 0.714582 36.9905 0 0
-34.4141 -42.1889 46.0439 -0.697485 -0.00124431 0.716598 37.2768 0 0
-33.5133 -42.0395 46.9191 -0.694959 0.000310645 0.719049 37.5039 0 0
-32.7997 -41.9385 47.617 -0.692058 0.00191201 0.721839 37.7833 0 0
-31.9263 -41.8981 48.4659 -0.688897 0.00352941 0.724851 38.1912 0 0
-30.661 -42.0719 49.6595 -0.685613 0.00518959 0.727947 38.4997 0 0
-29.7048 -42.0942 50.5495 -0.682376 0.00694602 0.730968 38.7779 0 0
-28.853 -41.9018 51.3327 -0.679387 0.00884062 0.733727 39.141 0 0
-27.8838 -41.1205 52.2137 -0.676852 0.0108705 0.736039 39.5578 0 0
-27.2599 -39.5838 52.7695 -0.674936 0.0129649 0.737763 39.8066 0 0
-27.2007 -38.5602 52.8081 -0.673714 0.0149864 0.738841 40.1382 0 0
-27.3828 -37.2319 52.6118 -0.673159 0.0167657 0.739308 40.4438 0 0
-27.7518 -36.0955 52.2522 -0.673178 0.0181551 0.739258 40.724 0 0
-28.1921 -35.1341 51.827 -0.673665 0.0190685 0.738791 41.0207 0 0
-28.8044 -34.2638 51.2504 -0.674556 0.0194885 0.737967 41.2709 0 0
-29.3977 -33.6723 50.6743 -0.675835 0.0194527 0.736796 41.5264 0 0
-30.0755 -33.1741 50.0232 -0.677515 0.0190404 0.735262 41.803 0 0
-30.8901 -32.7793 49.2715 -0.679597 0.0183592 0.733356 42.0384 0 0
-31.5947 -32.4947 48.6206 -0.682043 0.0175211 0.731103 42.3727 0 0
-32.6128 -32.1987 47.6749 -0.684766 0.0166094 0.728574 42.6413 0 0
-33.4397 -31.9823 46.9061 -0.687641 0.0156551 0.725882 42.8749 0 0
-34.1535 -31.8554 46.2173 -0.690523 0.0146395 0.723162 43.1813 0 0
-35.117 -31.8539 45.2875 -0.693267 0.0135223 0.720554 43.4723 0 0
-36.0306 -32.0241 44.405 -0.695756 0.0122805 0.718173 43.7114 0 0
-36.7434 -32.3462 43.7031 -0.697916 0.0109388 0.716096 44.0499 0 0
-37.648 -33.1818 42.8298 -0.69972 0.00958041 0.714353 44.2784 0 0
-38.1813 -33.9019 42.3087 -0.701181 0.00833204 0.712935 44.518 0 0
-38.5903 -34.8458 41.9061 -0.70233 0.00733484 0.711814 44.7471 0 0
-38.9276 -35.791 41.5788 -0.7032 0.00671079 0.710961 45.0535 0 0
-39.1924 -37.1532 41.3264 -0.703814 0.00653307 0.710354 45.2449 0 0
-39.8108 -37.2674 40.7104 -0.704174 0.00680611 0.709995 45.4683 0 0
-39.6507 -36.2528 40.8646 -0.704249 0.00746538 0.709914 45.7901 0 0
-39.2533 -34.8628 41.2477 -0.703971 0.0084047 0.710179 46.0254 0 0
-38.8787 -33.9106 41.6114 -0.703244 0.00951941 0.710885 46.3467 0 0
-38.1911 -32.775 42.2863 -0.701978 0.0107361 0.712118 46.5866 0 0
-37.5879 -32.0653 42.8624 -0.700131 0.0120105 0.713914 46.9308 0 0
-36.5731 -31.4234 43.8531 -0.697739 0.0133091 0.716228 47.2097 0 0
-35.7061 -31.1347 44.7042 -0.694921 0.014605 0.718938 47.5298 0 0
-34.6926 -31.0278 45.6837 -0.691851 0.0158909 0.721865 47.7792 0 0
-33.9085 -31.0553 46.4404 -0.688722 0.0171784 0.724822 48.067 0 0
-33.0225 -31.2905 47.2703 -0.68569 0.0184695 0.727659 48.3551 0 0
-32.1359 -31.5592 48.0913 -0.68284 0.0197229 0.730301 48.6244 0 0
-31.314 -31.81 48.8621 -0.680177 0.0208504 0.732751 48.9094 0 0
-30.4711 -32.161 49.6447 -0.677663 0.0217396 0.735051 49.1874 0 0
-29.6634 -32.5422 50.3856 -0.675273 0.022279 0.737232 49.4488 0 0
-28.9761 -33.0871 51.0409 -0.673043 0.0223742 0.739265 49.7337 0 0
-28.3027 -33.7927 51.6887 -0.671086 0.0219655 0.741054 50.014 0 0
-27.7055 -34.573 52.2553 -0.669563 0.0210499 0.742457 50.3979 0 0
-27.1114 -35.886 52.8105 -0.668636 0.0196904 0.743329 50.6484 0 0
-26.791 -36.811 53.1196 -0.66842 0.0179995 0.743566 50.9153 0 0
-26.6384 -37.8828 53.2854 -0.668973 0.0161027 0.743113 51.2749 0 0
-26.5935 -39.3473 53.368 -0.670294 0.0141044 0.741962 51.5281 0 0
-26.8029 -40.3383 53.1912 -0.672337 0.0120748 0.740147 51.8039 0 0
-27.2145 -41.3274 52.8302 -0.675014 0.0100594 0.737737 52.2411 0 0
-28.2495 -42.4859 51.8945 -0.678197 0.00809591 0.734835 52.6076 0 0
-29.3383 -42.9109 50.8971 -0.681725 0.00622322 0.731582 52.9773 0 0
-30.4771 -42.9103 49.8388 -0.685406 0.0044778 0.728148 53.3953 0 0
-31.7502 -42.6836 48.64 -0.689031 0.00288401 0.724726 53.6828 0 0
-32.6266 -42.6555 47.786 -0.69241 0.00144815 0.721503 54.0333 0 0
-33.7088 -42.8478 46.7282 -0.695403 0.000160461 0.71862 54.3102 0 0
-34.5791 -43.002 45.8805 -0.697944 -0.000995081 0.716151 54.5754 0 0
-35.392 -43.1523 45.0558 -0.700035 -0.00202464 0.714106 54.8625 0 0
-36.3035 -43.2257 44.1425 -0.701721 -0.00290699 0.712446 55.2087 0 0
-37.3974 -42.9177 43.0582 -0.703059 -0.00358436 0.711123 55.492 0 0
-38.2471 -42.4093 42.2187 -0.704093 -0.00397102 0.710096 55.7328 0 0
-38.7941 -41.6114 41.6828 -0.704859 -0.00397941 0.709336 56.056 0 0
-39.3712 -40.3609 41.1163 -0.705386 -0.00355168 0.708814 56.3486 0 0
-39.741 -39.0982 40.7651 -0.705705 -0.00268035 0.708501 56.5726 0 0
-39.8358 -38.0596 40.679 -0.705842 -0.00140902 0.708368 56.7376 0 0
-40.3797 -37.9925 40.1346 -0.705816 0.000182055 0.708395 57.0529 0 0
-40.2744 -36.5036 40.2433 -0.705631 0.00199417 0.708577 57.2781 0 0
-40.1538 -35.4543 40.3594 -0.705263 0.00392633 0.708935 57.5287 0 0
-39.7297 -34.4374 40.7689 -0.70465 0.00589069 0.709531 57.758 0 0
-39.3919 -33.4831 41.0943 -0.703691 0.00782566 0.710463 58.1186 0 0
-38.591 -32.2409 41.8798 -0.702272 0.00970159 0.711843 58.4224 0 0
-37.8955 -31.2336 42.5436 -0.700304 0.0115204 0.713752 58.7018 0 0
-37.0367 -30.8293 43.3796 -0.697756 0.0133162 0.716212 59.0275 0 0
-36.0287 -30.4224 44.3691 -0.694674 0.0151546 0.719165 59.3018 0 0
-35.1655 -30.1839 45.2124 -0.691181 0.0171124 0.722479 59.5767 0 0
-34.3036 -30.1435 46.0426 -0.687457 0.0192265 0.72597 59.9808 0 0
-33.0536 -30.4379 47.2129 -0.683701 0.0214328 0.729447 60.3082 0 0
-32.0269 -30.5977 48.1653 -0.68008 0.0235505 0.732759 60.7167 0 0
-30.8135 -31.1142 49.3079 -0.676702 0.0253339 0.735821 61.0351 0 0
-29.9035 -31.5661 50.1434 -0.673613 0.0265588 0.738607 61.3478 0 0
-29.0042 -31.9934 50.9679 -0.670824 0.0270834 0.741122 61.6613 0 0
-28.2969 -32.8201 51.6431 -0.66836 0.0268614 0.743352 61.9407 0 0
-27.6377 -33.4887 52.2829 -0.666294 0.0259258 0.745238 62.2328 0 0
-27.0663 -34.3379 52.8143 -0.664748 0.024371 0.74667 62.5854 0 0
-26.5568 -35.5574 53.2919 -0.66386 0.0223399 0.747523 62.8385 0 0
-26.1023 -36.3881 53.7103 -0.663728 0.0200053 0.747707 63.1486 0 0
-26.008 -37.6535 53.8327 -0.664381 0.0175415 0.747188 63.5281 0 0
-25.9613 -39.1916 53.9091 -0.665788 0.0150961 0.745988 63.9914 0 0
-26.3599 -41.0107 53.5855 -0.667873 0.0127774 0.744165 64.3824 0 0
-27.0559 -42.3334 52.9853 -0.670547 0.0106587 0.741791 64.6374 0 0
-27.6453 -43.0243 52.4528 -0.673716 0.00878676 0.738938 64.9141 0 0
-28.4217 -43.5015 51.7445 -0.677284 0.00717937 0.735687 65.1651 0 0
-29.1886 -43.6795 51.0425 -0.681138 0.00581868 0.732132 65.4595 0 0
-30.0849 -43.8645 50.2107 -0.685128 0.00465022 0.728408 65.8165 0 0
-31.1781 -43.6832 49.1827 -0.689066 0.00359484 0.72469 66.089 0 0
-31.9867 -43.3823 48.4129 -0.692746 0.00257166 0.721177 66.3993 0 0
-32.9314 -43.4448 47.4861 -0.695987 0.00152431 0.718052 66.7371 0 0
-33.991 -43.5991 46.4519 -0.698676 0.00043789 0.715438 66.9757 0 0
-34.7257 -43.8108 45.7283 -0.700785 -0.000664461 0.713372 67.2521 0 0
-35.5756 -43.9877 44.869 -0.702355 -0.00174268 0.711825 67.4876 0 0
-36.3202 -44.0297 44.1243 -0.70346 -0.00276043 0.710729 67.7759 0 0
-37.2314 -43.854 43.2148 -0.704176 -0.00368917 0.710015 68.0196 0 0
-37.9803 -43.4691 42.4741 -0.70457 -0.00449813 0.70962 68.2358 0 0
-38.6683 -43.2104 41.794 -0.70471 -0.00514648 0.709477 68.4503 0 0
-39.064 -42.3735 41.4102 -0.704673 -0.00558976 0.70951 68.7587 0 0
-39.7206 -41.2806 40.7633 -0.704534 -0.00579844 0.709647 69.0869 0 0
-40.1423 -39.8657 40.3504 -0.704349 -0.00577574 0.709831 69.3107 0 0
-40.3877 -38.8656 40.1198 -0.704152 -0.00556394 0.710028 69.3175 0 0
-40.3921 -38.8339 40.1159 -0.703954 -0.00523609 0.710227 69.3475 0 0
-40.3792 -38.6931 40.1293 -0.703744 -0.00487856 0.710414 69.3475 0 0
