-35.9141 -37.5214 45.4565 -0.702078 -0.00199684 0.712093 0 1 0
-35.0581 -37.747 46.3015 -0.701866 -0.00196425 0.712307 0.627618 0 0
-34.0503 -36.9772 47.2868 -0.70172 -0.00185102 0.71245 0.884397 0 0
-34.8564 -36.8313 46.503 -0.701641 -0.00159293 0.712529 1.09101 0 0
-35.4896 -37.0464 45.8776 -0.701565 -0.00112999 0.712604 1.26672 0 0
-35.7598 -36.3548 45.6157 -0.701369 -0.000425667 0.712798 1.68276 0 0
-36.6552 -37.6991 44.7283 -0.700909 0.000520329 0.71325 1.90948 0 0
-36.2843 -38.583 45.0931 -0.700081 0.00167148 0.714062 2.20783 0 0
-35.3234 -38.6468 46.0402 -0.698871 0.00296023 0.715241 2.43898 0 0
-34.5899 -38.5072 46.7682 -0.697374 0.00428935 0.716695 2.68125 0 0
-33.8312 -38.4106 47.5264 -0.695772 0.00552941 0.718242 2.94396 0 0
-33.0119 -38.3845 48.3145 -0.694289 0.00652849 0.719667 3.19588 0 0
-32.2288 -38.3485 49.0615 -0.693139 0.00714867 0.720769 3.43197 0 0
-31.5002 -38.4428 49.7499 -0.692471 0.00731645 0.721409 3.64889 0 0
-31.2872 -37.5628 49.9369 -0.692341 0.00705104 0.721536 3.88852 0 0
-31.8277 -36.8716 49.4165 -0.692714 0.00644597 0.721184 4.12539 0 0
-32.5349 -36.6344 48.7408 -0.693487 0.00561859 0.720447 4.45332 0 0
-33.5415 -36.38 47.7825 -0.694539 0.00466577 0.71944 4.70447 0 0
-34.307 -36.1661 47.0411 -0.695758 0.00365292 0.718267 4.95773 0 0
-35.0987 -36.1264 46.2673 -0.697054 0.00263243 0.717014 5.01923 0 0
-35.2899 -36.1597 46.08 -0.698351 0.00166643 0.715754 5.21056 0 0
-35.6212 -35.4597 45.7541 -0.69956 0.000833766 0.714574 5.44376 0 0
-36.3025 -35.8178 45.0849 -0.700569 0.000220161 0.713584 5.77573 0 0
-37.0415 -36.8551 44.3519 -0.701247 -9.74019e-05 0.712919 6.00183 0 0
-37.2978 -37.8044 44.095 -0.701462 -6.34279e-05 0.712707 6.28272 0 0
-37.0727 -39.0243 44.3103 -0.701133 0.000347918 0.71303 6.62746 0 0
-36.0147 -39.4893 45.3595 -0.700255 0.00112894 0.713892 6.90507 0 0
-35.1233 -39.4092 46.2382 -0.69891 0.00223766 0.715206 7.21342 0 0
-34.1489 -39.2273 47.2106 -0.697241 0.00359625 0.716828 7.46241 0 0
-33.373 -39.154 47.9773 -0.695429 0.00508857 0.718577 7.72433 0 0
-32.555 -39.1152 48.7585 -0.693666 0.00656792 0.720266 8.10369 0 0
-31.3783 -39.2105 49.8756 -0.692141 0.00788769 0.721719 8.41287 0 0
-30.4229 -39.1663 50.7796 -0.691023 0.00894634 0.722778 8.68464 0 0
-30.1509 -38.0783 51.0191 -0.690439 0.00971657 0.723325 9.07687 0 0
-30.8793 -36.7726 50.3091 -0.69045 0.0102334 0.723308 9.31903 0 0
-31.5163 -36.2504 49.6975 -0.691034 0.0105479 0.722745 9.61279 0 0
-32.3829 -35.8902 48.8757 -0.692113 0.0106778 0.72171 9.89018 0 0
-33.2262 -35.6485 48.0733 -0.693584 0.0105866 0.720298 10.2099 0 0
-34.2122 -35.4241 47.1342 -0.695339 0.0101982 0.71861 10.4576 0 0
-34.9787 -35.3578 46.3848 -0.697274 0.00943763 0.716742 10.4756 0 0
-35.0342 -35.3613 46.3302 -0.699277 0.00827769 0.714803 10.6648 0 0
-34.8332 -34.5845 46.5125 -0.701218 0.00677144 0.712914 11.0765 0 0
-36.1153 -34.8202 45.2651 -0.702958 0.00505587 0.711214 11.3402 0 0
-36.8501 -35.3519 44.5422 -0.70436 0.00332268 0.709835 11.6451 0 0
-37.5075 -36.3369 43.8823 -0.705314 0.00176997 0.708893 12.0043 0 0
-37.9125 -37.8639 43.4771 -0.705736 0.000559287 0.708475 12.2671 0 0
-37.8225 -39.0425 43.5514 -0.70558 -0.000206573 0.70863 12.5228 0 0
-37.2738 -39.9144 44.0974 -0.704839 -0.000488548 0.709367 12.7714 0 0
-36.5176 -40.2837 44.8568 -0.703548 -0.000307223 0.710648 13.0155 0 0
-35.7343 -40.2807 45.6363 -0.70179 0.000272337 0.712384 13.3547 0 0
-34.6565 -40.0963 46.7054 -0.699689 0.0011707 0.714446 13.6489 0 0
-33.7345 -39.9384 47.6207 -0.6974 0.00232753 0.716679 13.9037 0 0
-32.9417 -39.8808 48.3969 -0.695079 0.00371431 0.718923 14.2319 0 0
-31.9212 -39.9588 49.3691 -0.69287 0.0053136 0.721043 14.4661 0 0
-31.1959 -40.019 50.0573 -0.690888 0.00707997 0.722927 14.7414 0 0
-30.3477 -40.0445 50.8648 -0.68924 0.00891571 0.724478 15.032 0 0
-29.5363 -39.538 51.6219 -0.688026 0.0106814 0.725607 15.2846 0 0
-29.375 -38.5068 51.7617 -0.687318 0.0122321 0.726253 15.6849 0 0
-29.858 -36.9874 51.2758 -0.687106 0.0134541 0.726432 15.9972 0 0
-30.5418 -36.0791 50.6071 -0.687263 0.0142912 0.726268 16.3643 0 0
-31.5613 -35.4107 49.6326 -0.687573 0.0147599 0.725966 16.5999 0 0
-32.2647 -35.1335 48.9697 -0.68781 0.0149489 0.725737 17.0173 0 0
-33.5354 -34.7739 47.7678 -0.687817 0.0149927 0.725729 17.3966 0 0
-34.7114 -34.5932 46.6324 -0.68753 0.0150181 0.726 17.5759 0 0
-34.6624 -33.8103 46.6618 -0.686957 0.015088 0.726542 17.9751 0 0
-33.4061 -34.0139 47.8779 -0.686139 0.0151701 0.727312 18.2772 0 0
-32.4713 -34.2819 48.7635 -0.685148 0.0151531 0.728246 18.5166 0 0
-31.7417 -34.5227 49.4403 -0.684086 0.0149031 0.729249 18.7752 0 0
-30.9729 -34.8505 50.1672 -0.683095 0.01433 0.730189 19.0868 0 0
-30.1242 -35.4649 50.9828 -0.682336 0.0134287 0.730915 19.52 0 0
-29.1977 -36.772 51.8827 -0.681967 0.0122735 0.73128 19.7984 0 0
-28.8452 -37.827 52.2382 -0.682112 0.0109761 0.731166 20.1786 0 0
-28.7526 -39.3937 52.344 -0.682854 0.00963679 0.730491 20.4398 0 0
-29.1386 -40.3456 51.9926 -0.684224 0.00830854 0.729225 20.6845 0 0
-29.8072 -40.813 51.3781 -0.686185 0.00698952 0.727393 20.9259 0 0
-30.5412 -40.8992 50.6882 -0.688633 0.00564297 0.725088 21.2447 0 0
-31.5105 -40.7624 49.7665 -0.691399 0.00423363 0.722461 21.5075 0 0
-32.3212 -40.6586 48.9958 -0.69428 0.0027609 0.7197 21.8502 0 0
-33.372 -40.6548 47.9735 -0.697072 0.00127497 0.717 22.1128 0 0
-34.1861 -40.7728 47.1767 -0.699615 -0.000126108 0.71452 22.536 0 0
-35.4886 -41.0422 45.8792 -0.701814 -0.00131363 0.712359 22.7826 0 0
-36.2686 -41.1123 45.0962 -0.703637 -0.00215357 0.710557 23.0075 0 0
-36.9869 -41.037 44.3778 -0.705084 -0.00253315 0.709119 23.2384 0 0
-37.6561 -40.5907 43.7067 -0.706144 -0.00238506 0.708064 23.4754 0 0
-38.2241 -39.8675 43.1372 -0.706784 -0.0017082 0.707427 23.6967 0 0
-38.4934 -38.9216 42.8789 -0.706972 -0.000579914 0.707241 23.9155 0 0
-38.5265 -37.9162 42.8584 -0.706729 0.000850386 0.707484 24.2413 0 0
-38.2119 -36.4944 43.1688 -0.706159 0.00238889 0.708049 24.5559 0 0
-37.6608 -35.2711 43.7213 -0.705446 0.00383608 0.708753 24.7965 0 0
-37.0744 -34.5466 44.3086 -0.704793 0.00502101 0.709395 25.163 0 0
-35.9809 -33.9518 45.3805 -0.704355 0.00582161 0.709824 25.4229 0 0
-35.1601 -33.8024 46.1753 -0.704196 0.00616923 0.709979 25.6029 0 0
-35.1385 -33.0032 46.186 -0.704294 0.00604351 0.709882 25.958 0 0
-36.258 -33.23 45.1028 -0.704581 0.0054666 0.709602 26.2605 0 0
-37.1539 -33.6941 44.22 -0.704981 0.00450147 0.709212 26.5401 0 0
-37.8865 -34.4055 43.4867 -0.705441 0.00325014 0.708762 26.8072 0 0
-38.4356 -35.355 42.9399 -0.705926 0.00184585 0.708283 27.1209 0 0
-38.8817 -36.6659 42.4991 -0.706415 0.000437543 0.707797 27.3389 0 0
-39.0845 -37.6366 42.2983 -0.706875 -0.000829817 0.707338 27.5617 0 0
-39.1466 -38.6635 42.2321 -0.707246 -0.00183432 0.706965 27.8139 0 0
-38.9411 -39.796 42.425 -0.707436 -0.00249033 0.706773 28.0401 0 0
-38.5228 -40.6629 42.8305 -0.707327 -0.00275454 0.706881 28.3413 0 0
-37.7547 -41.5334 43.6017 -0.706796 -0.00262812 0.707413 28.6046 0 0
-36.9533 -41.9358 44.4013 -0.705745 -0.00215738 0.708463 28.8425 0 0
-36.192 -41.9318 45.1668 -0.704123 -0.00142715 0.710077 29.1842 0 0
-35.1151 -41.7476 46.2551 -0.701939 -0.000538492 0.712236 29.428 0 0
-34.3572 -41.5679 47.0105 -0.699266 0.000426628 0.714862 29.796 0 0
-33.2069 -41.4144 48.1347 -0.696232 0.00143527 0.717815 30.0517 0 0
-32.4122 -41.4053 48.917 -0.693027 0.00250875 0.720907 30.2869 0 0
-31.6859 -41.5079 49.6072 -0.689884 0.00370137 0.723911 30.6799 0 0
-30.4706 -41.7063 50.7558 -0.687056 0.00506639 0.726587 30.9679 0 0
-29.5801 -41.6415 51.5929 -0.684754 0.00662343 0.728744 31.2907 0 0
-28.7114 -40.9767 52.3911 -0.683093 0.00833669 0.730284 31.6792 0 0
-28.1065 -39.5752 52.9337 -0.682062 0.0101102 0.731224 32.0361 0 0
-28.16 -38.0971 52.8665 -0.681569 0.0118014 0.731659 32.3342 0 0
-28.4437 -36.9386 52.5866 -0.681507 0.0132483 0.731691 32.5891 0 0
-28.8347 -36.0417 52.2062 -0.681816 0.0143022 0.731384 32.905 0 0
-29.4916 -35.1028 51.5718 -0.682489 0.0148622 0.730745 33.1458 0 0
-30.0838 -34.5374 50.9926 -0.683536 0.0149035 0.729765 33.4266 0 0
-30.8692 -34.0615 50.242 -0.684951 0.014489 0.728445 33.7243 0 0
-31.7621 -33.7124 49.4072 -0.6867 0.0137512 0.726811 34.1173 0 0
-32.957 -33.3482 48.2925 -0.688724 0.012846 0.72491 34.3845 0 0
-33.7785 -33.1576 47.509 -0.690948 0.0119 0.722807 34.6181 0 0
-34.5038 -33.0382 46.8038 -0.693282 0.0109771 0.720583 34.7179 0 0
-34.818 -33.012 46.498 -0.695621 0.0100711 0.718338 34.9044 0 0
-34.9386 -32.206 46.3738 -0.697861 0.00912044 0.716175 35.2318 0 0
-35.9654 -32.3364 45.3739 -0.699918 0.00803454 0.714178 35.4592 0 0
-36.6681 -32.5709 44.6874 -0.701748 0.00672975 0.712393 35.7975 0 0
-37.6548 -33.1429 43.7079 -0.703346 0.00516886 0.710829 36.048 0 0
-38.3041 -33.8232 43.0644 -0.70473 0.00339002 0.709467 36.3753 0 0
-38.9653 -35.004 42.4077 -0.705926 0.00151022 0.708284 36.6694 0 0
-39.3816 -36.2379 42.0007 -0.706947 -0.000300482 0.707267 37.036 0 0
-39.7231 -37.8711 41.6576 -0.707781 -0.00186331 0.70643 37.3561 0 0
-39.7024 -39.3681 41.6665 -0.708388 -0.00303525 0.705816 37.6397 0 0
-39.3068 -40.5744 42.0484 -0.708704 -0.00373684 0.705496 37.9944 0 0
-38.5353 -41.8288 42.8081 -0.708651 -0.00395569 0.705548 38.2547 0 0
-37.8141 -42.4815 43.5293 -0.708151 -0.00373119 0.706051 38.5723 0 0
-36.8062 -42.7785 44.5417 -0.70714 -0.00313493 0.707066 38.8438 0 0
-35.9437 -42.6973 45.4142 -0.705581 -0.00225861 0.708626 39.0809 0 0
-35.2038 -42.5583 46.1631 -0.703471 -0.00120915 0.710723 39.3303 0 0
-34.4367 -42.3275 46.9335 -0.700849 -9.99533e-05 0.713309 39.565 0 0
-33.7014 -42.2481 47.651 -0.697791 0.000972397 0.7163 39.9079 0 0
-32.6306 -42.1719 48.7034 -0.694399 0.00196204 0.719587 40.2036 0 0
-31.7074 -42.2625 49.5942 -0.690795 0.00289697 0.723045 40.4935 0 0
-30.8184 -42.4683 50.4375 -0.687122 0.0038694 0.726532 40.7308 0 0
-30.0847 -42.5628 51.1258 -0.683556 0.00499452 0.729881 41.0942 0 0
-28.9785 -42.2588 52.1495 -0.680311 0.00636056 0.732896 41.4127 0 0
-28.1506 -41.526 52.9071 -0.677617 0.00799221 0.735372 41.6827 0 0
-27.6487 -40.6183 53.3542 -0.675666 0.00983702 0.737142 41.9322 0 0
-27.4654 -39.6061 53.5121 -0.674554 0.0117776 0.738131 42.2257 0 0
-27.4806 -38.3858 53.4856 -0.674246 0.0136641 0.73838 42.5509 0 0
-27.7437 -37.0999 53.2182 -0.674609 0.0153498 0.738016 42.8329 0 0
-28.0943 -36.0458 52.8821 -0.675471 0.0167138 0.737198 43.1894 0 0
-28.7568 -34.9109 52.2483 -0.676679 0.0176727 0.736066 43.4565 0 0
-29.3597 -34.1953 51.6653 -0.678104 0.0181942 0.73474 43.7322 0 0
-30.0764 -33.6345 50.9709 -0.679616 0.0183094 0.73334 43.9969 0 0
-30.8332 -33.2274 50.2567 -0.68106 0.0181129 0.732003 44.3581 0 0
-31.9236 -32.8571 49.2402 -0.682283 0.0177404 0.730873 44.6598 0 0
-32.8325 -32.5563 48.385 -0.683166 0.0173358 0.730057 44.9673 0 0
-33.7868 -32.3476 47.4859 -0.683649 0.0170221 0.729612 45.1983 0 0
-34.506 -32.2496 46.7948 -0.683721 0.0168815 0.729548 45.3785 0 0
-34.4322 -31.4665 46.8504 -0.683379 0.0169424 0.729867 45.7054 0 0
-33.4039 -31.5792 47.8269 -0.682609 0.0171776 0.730581 45.9415 0 0
-32.6732 -31.7897 48.5108 -0.681387 0.0175126 0.731714 46.3386 0 0
-31.455 -32.1696 49.6546 -0.679717 0.0178406 0.733258 46.7784 0 0
-30.1503 -32.7181 50.8813 -0.677671 0.0180377 0.735144 47.07 0 0
-29.3448 -33.2333 51.6443 -0.675413 0.0179807 0.73722 47.334 0 0
-28.6973 -33.8615 52.2701 -0.673182 0.0175728 0.739268 47.607 0 0
-28.1131 -34.6244 52.8273 -0.671238 0.0167725 0.741052 47.9927 0 0
-27.4526 -35.8965 53.4468 -0.669811 0.0156105 0.742368 48.3858 0 0
-27.0221 -37.3895 53.8653 -0.669056 0.014183 0.743076 48.6729 0 0
-26.8304 -38.5305 54.0623 -0.669049 0.0126177 0.743112 48.9605 0 0
-26.846 -39.7086 54.0661 -0.669791 0.0110306 0.742467 49.2047 0 0
-26.9839 -40.7014 53.9546 -0.671244 0.0094949 0.741176 49.4555 0 0
-27.3613 -41.6147 53.6202 -0.673336 0.00803775 0.739293 49.6986 0 0
-27.8843 -42.3545 53.1533 -0.675977 0.00666147 0.736893 49.9649 0 0
-28.5726 -42.9777 52.5275 -0.679058 0.00536777 0.734065 50.2876 0 0
-29.5345 -43.3501 51.6447 -0.682464 0.00416936 0.730907 50.6197 0 0
-30.5583 -43.326 50.6897 -0.686072 0.00308443 0.727527 50.8681 0 0
-31.3117 -43.1306 49.976 -0.689758 0.00212112 0.724036 51.1391 0 0
-32.1371 -42.9357 49.1912 -0.693385 0.00126437 0.720566 51.4125 0 0
-32.9747 -42.927 48.3649 -0.696804 0.000476642 0.717261 51.6651 0 0
-33.7625 -42.9578 47.5916 -0.699867 -0.000286005 0.714273 51.9137 0 0
-34.5338 -43.1214 46.8373 -0.702458 -0.0010522 0.711725 52.1412 0 0
-35.2137 -43.384 46.1511 -0.704508 -0.00181836 0.709693 52.4426 0 0
-36.1495 -43.5433 45.2036 -0.70601 -0.00254044 0.708197 52.7012 0 0
-36.962 -43.6036 44.3807 -0.707001 -0.00313692 0.707205 52.9369 0 0
-37.7064 -43.4659 43.6268 -0.707558 -0.00350659 0.706647 53.2441 0 0
-38.6049 -42.8488 42.7234 -0.707778 -0.00355796 0.706426 53.5163 0 0
-39.2816 -41.9947 42.0571 -0.707772 -0.00323543 0.706433 53.8908 0 0
-39.9852 -40.5401 41.3623 -0.70764 -0.00252787 0.706569 54.2147 0 0
-40.3498 -39.0918 41.0156 -0.707453 -0.00146034 0.706759 54.4262 0 0
-40.3314 -38.0914 41.0473 -0.707237 -8.20176e-05 0.706977 54.8286 0 0
-40.0035 -36.2551 41.3817 -0.70696 0.00154021 0.707252 55.0779 0 0
-39.6928 -35.1781 41.6826 -0.706543 0.0033253 0.707662 55.3072 0 0
-39.3201 -34.2459 42.0491 -0.705878 0.00518632 0.708314 55.5668 0 0
-38.7747 -33.3187 42.5898 -0.704853 0.00704248 0.709319 55.8197 0 0
-38.1408 -32.5697 43.2161 -0.703386 0.0088269 0.710753 56.1642 0 0
-37.1171 -31.9538 44.2278 -0.70146 0.0104873 0.712632 56.3955 0 0
-36.4144 -31.651 44.9224 -0.699129 0.0119939 0.714895 56.6454 0 0
-35.6301 -31.4884 45.6894 -0.696504 0.0133691 0.717428 56.8834 0 0
-34.8786 -31.4069 46.4204 -0.693701 0.0147238 0.720112 57.0764 0 0
-34.5774 -30.6646 46.694 -0.690793 0.0162487 0.72287 57.3389 0 0
-33.7508 -30.632 47.4861 -0.687796 0.018127 0.725678 57.6621 0 0
-32.7497 -30.8597 48.415 -0.684693 0.0204053 0.728546 57.8998 0 0
-32.0454 -31.1974 49.0811 -0.68148 0.0229122 0.731478 58.1735 0 0
-31.2069 -31.4231 49.8697 -0.678199 0.0252929 0.734443 58.4905 0 0
-30.2665 -31.7882 50.7521 -0.674936 0.0271411 0.737377 58.7556 0 0
-29.5277 -32.2015 51.4503 -0.671804 0.028143 0.740194 59.0363 0 0
-28.7501 -32.6458 52.1696 -0.668929 0.0281591 0.742793 59.2919 0 0
-28.1547 -33.2707 52.7378 -0.666444 0.0272253 0.745057 59.5814 0 0
-27.5754 -34.1136 53.2974 -0.664487 0.0255051 0.746865 59.8645 0 0
-27.0919 -35.0303 53.747 -0.663184 0.0232304 0.748096 60.2369 0 0
-26.6472 -36.4092 54.1709 -0.662636 0.0206478 0.748657 60.5924 0 0
-26.2942 -37.7705 54.5156 -0.662902 0.0179743 0.748491 60.8613 0 0
-26.1309 -38.8387 54.6802 -0.663995 0.0153671 0.747579 61.1393 0 0
-26.2615 -39.9614 54.5822 -0.665888 0.0129182 0.74594 61.5277 0 0
-26.5824 -41.5047 54.3211 -0.668514 0.0106716 0.743623 61.7826 0 0
-27.0271 -42.373 53.9256 -0.671768 0.00864817 0.740711 62.1323 0 0
-27.8208 -43.3837 53.2194 -0.675524 0.00686028 0.737306 62.4969 0 0
-28.8375 -44.0442 52.2938 -0.679635 0.00531363 0.733531 62.8144 0 0
-29.8107 -44.1961 51.3919 -0.683949 0.00400293 0.729519 63.2888 0 0
-31.2609 -43.9302 50.0225 -0.688298 0.00290464 0.725422 63.5312 0 0
-32.0008 -43.7424 49.319 -0.692504 0.00197146 0.721411 63.8259 0 0
-32.9072 -43.734 48.4321 -0.69638 0.001137 0.717673 64.0976 0 0
-33.7531 -43.783 47.6026 -0.699751 0.000335012 0.714386 64.4161 0 0
-34.7125 -44.1557 46.6561 -0.702488 -0.000476464 0.711695 64.6449 0 0
-35.4099 -44.3469 45.9517 -0.704523 -0.00130148 0.70968 64.9743 0 0
-36.441 -44.4028 44.9076 -0.705856 -0.00210763 0.708353 65.2661 0 0
-37.3558 -44.4645 43.9763 -0.706551 -0.00283389 0.707656 65.5097 0 0
-38.1036 -44.1425 43.2186 -0.706731 -0.00339804 0.707475 65.8643 0 0
-39.1129 -43.3181 42.2127 -0.706558 -0.00370784 0.707646 66.0975 0 0
-39.7161 -42.621 41.6174 -0.706211 -0.00368143 0.707992 66.3596 0 0
-40.2694 -41.6606 41.0723 -0.70585 -0.00327103 0.708354 66.5882 0 0
-40.5857 -40.6793 40.7616 -0.705588 -0.00247595 0.708618 66.8881 0 0
-40.9215 -39.3353 40.4454 -0.705469 -0.00133736 0.708739 67.1364 0 0
-40.8921 -38.1618 40.4923 -0.705478 7.85787e-05 0.708732 67.4733 0 0
-40.7953 -36.5867 40.5956 -0.705544 0.00169596 0.708664 67.7148 0 0
-40.4563 -35.5618 40.9246 -0.705565 0.0034357 0.708637 67.9701 0 0
-40.1033 -34.4717 41.2677 -0.705421 0.00521718 0.708769 68.2259 0 0
-39.7007 -33.4233 41.6639 -0.704998 0.00696235 0.709175 68.5925 0 0
-38.7991 -32.2943 42.553 -0.704209 0.00860559 0.70994 68.8448 0 0
-38.2197 -31.4715 43.1228 -0.703018 0.0101058 0.7111 69.091 0 0
-37.4427 -31.2706 43.8899 -0.701446 0.0114548 0.71263 69.3462 0 0
-36.7004 -30.7932 44.6193 -0.69957 0.0126768 0.714452 69.683 0 0
-35.632 -30.7223 45.6721 -0.697506 0.0138201 0.716446 69.9005 0 0
-34.9606 -30.4872 46.3219 -0.695384 0.0149431 0.718474 69.9005 0 0
-33.8198 -37.1675 47.5155 -0.698947 0.0129867 0.715056 70.2423 1 0
-32.7751 -37.5363 48.5292 -0.697608 0.0125616 0.71637 70.2782 0 0
-32.8153 -37.3929 48.4887 -0.696273 0.0121373 0.717675 70.4783 0 0
-33.4327 -37.4924 47.8997 -0.694926 0.011713 0.718964 70.4783 0 0
