17.5105 44.6716 61.7864 0.402995 0.0318909 0.914646 0 1 1
17.592 43.4379 61.7942 0.40119 0.0313956 0.915457 0.664018 0 1
17.8948 42.2755 61.7029 0.399583 0.0308272 0.916179 0.915867 0 1
18.1557 43.1622 61.5556 0.398313 0.0301464 0.916754 1.20053 0 1
18.2491 44.2153 61.4844 0.397525 0.0293573 0.917122 1.57259 0 1
18.0824 45.5795 61.5041 0.397323 0.0285253 0.917236 1.6192 0 1
17.9307 45.5297 61.5715 0.397731 0.0277427 0.917083 1.87939 0 1
18.7174 45.9672 61.2213 0.398683 0.0270467 0.91669 2.23238 0 1
18.8297 44.6462 61.2273 0.400045 0.0263591 0.916117 2.7111 0 1
18.7672 42.8734 61.2955 0.401639 0.0255079 0.915443 3.03693 0 1
18.4799 41.6982 61.4648 0.403266 0.0243193 0.914759 3.30416 0 1
17.7492 41.1176 61.8093 0.40474 0.0227093 0.91415 3.74391 0 1
16.8889 42.4611 62.1447 0.405929 0.0207119 0.91367 4.12383 0 1
16.7527 43.8499 62.1493 0.40677 0.0184553 0.913344 4.447 0 1
16.739 45.02 62.1215 0.407243 0.0161304 0.913178 4.88017 0 1
17.0639 46.5325 61.9536 0.407329 0.0139817 0.913175 5.22671 0 1
18.1745 46.7538 61.4482 0.407002 0.0123004 0.913344 5.31227 0 1
18.4148 46.5724 61.3426 0.406277 0.0113801 0.913679 5.5579 0 1
18.9271 47.3045 61.1135 0.405257 0.0114244 0.914132 5.89114 0 1
17.8201 47.6384 61.6091 0.404154 0.0124422 0.914606 6.19577 0 1
16.8274 47.4423 62.0612 0.403251 0.0141993 0.914979 6.55855 0 1
16.1598 46.3986 62.36 0.402814 0.0162754 0.915137 6.89284 0 1
16.0541 45.2402 62.4227 0.402989 0.0182104 0.915024 7.1928 0 1
16.0403 44.1923 62.4476 0.403725 0.019667 0.914669 7.50375 0 1
16.0944 43.0877 62.4694 0.404769 0.0205327 0.914188 7.79086 0 1
16.2151 42.067 62.459 0.405733 0.0209179 0.913752 8.17811 0 1
16.6544 40.7478 62.3096 0.406242 0.0210499 0.913523 8.5705 0 1
17.8838 40.266 61.7595 0.406063 0.0211211 0.913601 8.88062 0 1
18.9231 40.5151 61.2771 0.405178 0.0211819 0.913992 9.13541 0 1
19.286 41.3849 61.099 0.403749 0.0211488 0.914626 9.41591 0 1
19.3847 42.4345 61.0383 0.402037 0.0209127 0.915385 9.68727 0 1
19.4491 43.459 60.9932 0.400335 0.0204505 0.916141 9.97477 0 1
19.4688 44.5308 60.9643 0.398917 0.0198479 0.916772 10.3088 0 1
19.3991 45.7701 60.9431 0.398013 0.0192261 0.917178 10.6426 0 1
19.186 47.0103 61.0037 0.397775 0.0186502 0.917293 10.6878 0 1
19.1266 47.169 61.0271 0.39827 0.018097 0.91709 10.9428 0 1
19.7297 47.8777 60.7647 0.399468 0.0174989 0.91658 11.2831 0 1
20.0059 46.6171 60.6558 0.401256 0.0168201 0.915812 11.549 0 1
20.1023 45.6012 60.6484 0.403436 0.0161102 0.914866 11.8225 0 1
20.1065 44.554 60.6873 0.405736 0.0155098 0.913859 12.0996 0 1
20.0852 43.516 60.7103 0.407828 0.0152152 0.912932 12.4501 0 1
20.06 42.1887 60.7366 0.409387 0.0154199 0.91223 12.7752 0 1
20.0054 40.9583 60.7759 0.410158 0.01624 0.91187 13.1249 0 1
19.5785 39.7278 60.984 0.410025 0.017636 0.911904 13.4975 0 1
18.3219 39.4711 61.5688 0.409047 0.0193708 0.912308 13.8602 0 1
17.0837 39.536 62.1423 0.407448 0.021056 0.912986 14.1368 0 1
16.1586 39.6958 62.5652 0.40556 0.0222771 0.913797 14.4497 0 1
15.6212 40.6569 62.7666 0.403746 0.0227284 0.914589 14.7354 0 1
15.5355 41.6742 62.7687 0.402301 0.0222826 0.915236 15.1372 0 1
15.4055 43.1028 62.7684 0.401377 0.0209874 0.915672 15.46 0 1
15.3694 44.2404 62.7337 0.400948 0.0190244 0.915903 15.8123 0 1
15.3515 45.4862 62.7136 0.400831 0.0166619 0.916 16.2153 0 1
15.4265 46.8826 62.683 0.400781 0.0142092 0.916064 16.5802 0 1
15.8104 48.0569 62.5048 0.400586 0.0119707 0.916181 16.9313 0 1
16.8628 48.4234 62.037 0.400147 0.0102021 0.916394 17.2257 0 1
17.8071 48.4285 61.6136 0.399517 0.0090652 0.916681 17.5189 0 1
18.7674 48.3681 61.1735 0.398883 0.00858744 0.916962 17.7916 0 1
19.6706 48.0601 60.7885 0.398505 0.00864682 0.917126 17.799 0 1
19.6941 48.0479 60.7787 0.398632 0.0090136 0.917067 18.0641 0 1
20.4753 48.5915 60.4435 0.39943 0.00944505 0.916715 18.3864 0 1
20.8431 47.4232 60.2948 0.400932 0.00978408 0.916056 18.744 0 1
20.8843 46.0379 60.298 0.403041 0.0100047 0.915127 19.0355 0 1
20.8679 44.8946 60.3395 0.405555 0.0101892 0.914014 19.3238 0 1
20.8609 43.7868 60.3582 0.408186 0.0104677 0.912839 19.6084 0 1
20.9161 42.6882 60.3469 0.410588 0.0109607 0.911755 19.9688 0 1
20.8442 41.3118 60.3877 0.412382 0.0117505 0.910935 20.2614 0 1
20.7798 40.1984 60.4188 0.41321 0.0128856 0.910545 20.5373 0 1
20.4456 39.2112 60.5875 0.412806 0.0143875 0.910705 20.81 0 1
19.5775 38.8122 60.997 0.411077 0.0162185 0.911456 21.208 0 1
18.2174 38.6916 61.6292 0.408151 0.0182164 0.912733 21.4771 0 1
17.31 38.7086 62.056 0.404403 0.0200732 0.914361 21.7645 0 1
16.3508 38.6788 62.4999 0.400391 0.0214185 0.916094 22.185 0 1
15.0568 39.2489 63.0367 0.396723 0.0219725 0.917675 22.5953 0 1
14.7151 40.6513 63.1599 0.393891 0.0216558 0.918902 23.0559 0 1
14.6766 42.2383 63.1171 0.392164 0.0205782 0.919665 23.4138 0 1
14.6342 43.4662 63.074 0.39156 0.0189324 0.919958 23.788 0 1
14.6485 44.7478 63.012 0.3919 0.0168876 0.919853 24.0951 0 1
14.6493 45.8133 63.022 0.392893 0.0145577 0.919469 24.4794 0 1
14.5831 47.1102 63.0518 0.394222 0.0120404 0.918937 24.8915 0 1
14.7597 48.4671 62.9582 0.395615 0.00946483 0.918368 25.3312 0 1
15.8482 49.3296 62.4668 0.396882 0.00699258 0.917843 25.7971 0 1
17.3323 49.3356 61.822 0.397918 0.00477081 0.917408 26.1026 0 1
18.318 49.3143 61.3791 0.398704 0.00287426 0.917075 26.4286 0 1
19.424 49.2059 60.8976 0.39928 0.0012783 0.916828 26.4828 0 1
19.6121 49.2059 60.8157 0.399727 -0.000124115 0.916634 26.5281 0 1
19.7278 49.0901 60.7635 0.400123 -0.00147657 0.916414 26.5281 0 1
