-17.63 -45.1845 60.6513 -0.442799 0.00688602 0.896559 0 1 1
-16.9398 -45.3915 60.9956 -0.44517 0.00528064 0.895431 0.512935 0 1
-17.5751 -44.536 60.6792 -0.447426 0.0037157 0.894313 0.583316 0 1
-17.5354 -44.2795 60.6994 -0.449521 0.00219773 0.893267 0.977339 0 1
-17.5124 -42.8291 60.7034 -0.451423 0.000724229 0.89231 1.20026 0 1
-16.959 -42.2965 60.9875 -0.453116 -0.000685684 0.891451 1.49753 0 1
-16.7565 -43.3412 61.0932 -0.454562 -0.00195432 0.890713 1.81058 0 1
-16.8161 -44.4577 61.0544 -0.45567 -0.00293597 0.890144 2.02449 0 1
-16.1763 -44.7749 61.3816 -0.456314 -0.00345291 0.889812 2.49218 0 1
-16.1346 -43.0899 61.4134 -0.456397 -0.00336173 0.88977 2.79198 0 1
-16.2169 -42.0491 61.3769 -0.455921 -0.00261832 0.890016 3.14255 0 1
-16.9574 -41.1632 61.0014 -0.455014 -0.00131463 0.890484 3.50401 0 1
-18.0361 -41.5428 60.4287 -0.453902 0.000334216 0.891052 3.8282 0 1
-18.2211 -42.7414 60.3445 -0.452841 0.00206271 0.891589 4.10989 0 1
-18.2443 -43.7988 60.3409 -0.452029 0.00365807 0.891996 4.49166 0 1
-18.2978 -45.2241 60.3228 -0.451554 0.00502443 0.89223 4.92098 0 1
-17.9416 -46.7805 60.5239 -0.451394 0.00615796 0.892304 5.2087 0 1
-17.0015 -46.9732 60.9898 -0.451453 0.00706335 0.892267 5.53771 0 1
-16.2761 -46.0597 61.3388 -0.45161 0.00769817 0.892182 5.78892 0 1
-16.199 -45.1424 61.3709 -0.45175 0.00799663 0.892109 5.99332 0 1
-15.5441 -45.0519 61.7079 -0.451787 0.00793553 0.892091 6.35573 0 1
-15.6267 -46.3315 61.6706 -0.451684 0.00756711 0.892146 6.65772 0 1
-15.9563 -47.3617 61.5297 -0.451477 0.00699156 0.892255 7.0267 0 1
-17.0452 -47.866 60.9795 -0.451272 0.00630432 0.892364 7.3068 0 1
-17.9665 -47.8057 60.5191 -0.451194 0.00555935 0.892409 7.6193 0 1
-18.8219 -47.153 60.0913 -0.451328 0.00476015 0.892345 8.12668 0 1
-18.9607 -45.2648 59.9986 -0.451666 0.00387564 0.892179 8.59477 0 1
-18.9237 -43.5111 59.9981 -0.452114 0.00287428 0.891955 8.96049 0 1
-18.8852 -42.126 60.0042 -0.452545 0.00176165 0.89174 9.22445 0 1
-18.7892 -41.1229 60.0406 -0.45284 0.000600631 0.891592 9.52403 0 1
-18.0664 -40.3248 60.4294 -0.452892 -0.000505352 0.891565 9.80155 0 1
-17.1737 -40.2721 60.8928 -0.452605 -0.0014645 0.89171 10.2384 0 1
-15.8694 -40.7085 61.5753 -0.45193 -0.00224308 0.892051 10.5476 0 1
-15.5639 -41.6898 61.7256 -0.450933 -0.00285771 0.892553 10.9994 0 1
-15.5027 -43.1936 61.7375 -0.449825 -0.00332146 0.893111 11.2932 0 1
-15.5271 -44.1963 61.725 -0.448897 -0.00360865 0.893576 11.3821 0 1
-15.5326 -44.5028 61.7184 -0.448397 -0.0036813 0.893827 11.5853 0 1
-14.901 -44.5095 62.0373 -0.448425 -0.00354126 0.893813 12.0768 0 1
-14.815 -42.8431 62.0576 -0.448899 -0.0032396 0.893576 12.3825 0 1
-14.8475 -41.7921 62.0699 -0.449611 -0.00282795 0.89322 12.6968 0 1
-15.0494 -40.7651 61.9951 -0.450311 -0.00230726 0.892869 13.0142 0 1
-15.4335 -39.8191 61.7965 -0.450804 -0.00163553 0.892622 13.3147 0 1
-16.2819 -39.5399 61.3529 -0.451007 -0.000799393 0.89252 13.6763 0 1
-17.3733 -39.4869 60.7865 -0.450985 0.000110247 0.892532 14.1626 0 1
-18.898 -39.6162 60.0094 -0.450915 0.000895861 0.892567 14.4762 0 1
-19.4603 -40.6 59.7023 -0.451005 0.00134806 0.89252 14.759 0 1
-19.5305 -41.6906 59.6758 -0.451384 0.0013733 0.892329 15.048 0 1
-19.5727 -42.8008 59.6674 -0.452005 0.0010568 0.892015 15.3773 0 1
-19.609 -44.0626 59.6667 -0.452639 0.000619815 0.891694 15.6849 0 1
-19.6166 -45.2288 59.677 -0.452949 0.00030942 0.891536 15.9935 0 1
-19.6279 -46.3869 59.6735 -0.452641 0.000291711 0.891693 16.3741 0 1
-19.3927 -47.8086 59.7807 -0.451585 0.000602336 0.892228 16.716 0 1
-18.4324 -48.5975 60.2699 -0.449853 0.00116006 0.893102 16.9799 0 1
-17.5427 -48.6454 60.7345 -0.44766 0.00180231 0.894202 17.3123 0 1
-16.4485 -48.6102 61.2969 -0.445283 0.00231153 0.895387 17.6216 0 1
-15.4726 -48.3951 61.7883 -0.442997 0.00246183 0.89652 17.9098 0 1
-15.0254 -47.5137 61.9919 -0.441038 0.00212322 0.897486 18.2205 0 1
-14.9334 -46.4302 62.0128 -0.439585 0.00137412 0.8982 18.6064 0 1
-14.9137 -45.0715 62.0283 -0.438746 0.000507608 0.898611 18.8675 0 1
-14.1081 -45.039 62.4249 -0.438562 -0.000116529 0.898701 19.1869 0 1
-14.0468 -43.9753 62.437 -0.439011 -0.000283243 0.898482 19.4955 0 1
-13.9548 -42.9303 62.4653 -0.440009 -4.62119e-05 0.897994 19.7994 0 1
-14.0678 -41.8888 62.4477 -0.441418 0.000318891 0.897302 20.1732 0 1
-14.1125 -40.6407 62.4737 -0.443059 0.000492151 0.896492 20.527 0 1
-14.3092 -39.5262 62.3531 -0.444729 0.000299325 0.895665 20.8321 0 1
-14.8377 -38.7373 62.0686 -0.446235 -0.000198327 0.894916 21.3367 0 1
-16.3294 -38.5946 61.3186 -0.447432 -0.000755834 0.894318 21.6972 0 1
-17.42 -38.7307 60.7626 -0.448264 -0.00109652 0.8939 21.9947 0 1
-18.3616 -38.5566 60.2992 -0.448786 -0.00107025 0.893639 22.34 0 1
-19.4707 -38.73 59.7325 -0.449145 -0.000721881 0.893458 22.6395 0 1
-20.2583 -39.4165 59.3145 -0.44954 -0.000229717 0.89326 22.9129 0 1
-20.3226 -40.4759 59.2748 -0.450151 0.000233601 0.892952 23.2232 0 1
-20.3504 -41.6863 59.2652 -0.451078 0.000604094 0.892484 23.5231 0 1
-20.3945 -42.8491 59.2581 -0.452275 0.000916328 0.891878 23.876 0 1
-20.2405 -44.197 59.3535 -0.453531 0.00121088 0.89124 24.1604 0 1
-20.4654 -45.2537 59.2476 -0.454516 0.00146338 0.890737 24.5477 0 1
-20.3486 -46.7273 59.2934 -0.454889 0.00160165 0.890547 24.9383 0 1
-20.2474 -48.2496 59.3261 -0.45443 0.0015763 0.890781 25.2441 0 1
-19.5671 -49.1964 59.6734 -0.453127 0.0014021 0.891445 25.5432 0 1
-18.5931 -49.6006 60.202 -0.451183 0.0011353 0.892431 25.9469 0 1
-17.2482 -49.4866 60.8932 -0.448934 0.00082122 0.893565 26.2418 0 1
-16.2872 -49.4916 61.3917 -0.446744 0.000462109 0.894662 26.5808 0 1
-15.2124 -49.3982 61.9021 -0.444902 2.35958e-05 0.895579 26.8683 0 1
-14.405 -48.9404 62.3034 -0.443568 -0.000535529 0.896241 27.195 0 1
-14.1369 -47.868 62.4166 -0.442765 -0.00123437 0.896637 27.5228 0 1
-14.1172 -46.7532 62.4138 -0.442399 -0.00205712 0.896816 27.7137 0 1
-14.1143 -46.1061 62.417 -0.442303 -0.00295849 0.896861 27.8454 0 1
-14.115 -45.6628 62.4183 -0.442274 -0.00388007 0.896871 27.8454 0 1
