41.4489 2.22118 41.9131 0.695151 -0.00322374 0.718848 0 1 0
41.9277 2.33428 41.454 0.694824 -0.00385625 0.71917 0.305694 0 0
41.5348 1.95142 41.8275 0.694484 -0.00441022 0.719495 0.461371 0 0
41.0913 1.65899 42.2542 0.694179 -0.00483747 0.719786 0.819084 0 0
41.8071 0.460489 41.5531 0.693974 -0.00511116 0.719982 1.07577 0 0
42.4868 1.07925 40.9014 0.693922 -0.00524112 0.720032 1.3185 0 0
42.7257 2.10286 40.6858 0.694026 -0.00527113 0.71993 1.60727 0 0
42.4789 3.32565 40.9363 0.694243 -0.00525749 0.719721 1.83072 0 0
41.8289 3.7063 41.5583 0.694499 -0.00524395 0.719475 2.07955 0 0
41.1527 3.14297 42.2001 0.694724 -0.00524968 0.719257 2.32312 0 0
40.9474 2.11058 42.3976 0.694875 -0.0052713 0.719111 2.49667 0 0
40.4107 2.2081 42.9212 0.694937 -0.00528947 0.719051 2.82226 0 0
40.7104 3.55416 42.6346 0.694919 -0.00527724 0.719068 3.1341 0 0
41.4468 4.46109 41.9296 0.694847 -0.00521414 0.719139 3.3952 0 0
42.2779 4.52587 41.1403 0.69476 -0.00510219 0.719223 3.67765 0 0
43.0087 3.83599 40.429 0.694703 -0.00497123 0.719279 3.93418 0 0
43.3223 2.79764 40.1214 0.694708 -0.00486758 0.719275 4.23703 0 0
43.2414 1.46541 40.1818 0.694774 -0.00483313 0.719212 4.4711 0 0
42.8799 0.55172 40.5199 0.694857 -0.00488859 0.719131 4.7059 0 0
42.4137 -0.262784 40.9683 0.694891 -0.00502807 0.719098 4.979 0 0
41.5807 -0.570519 41.7699 0.694815 -0.00522196 0.71917 5.20909 0 0
41.1151 0.192389 42.2195 0.694613 -0.00542315 0.719363 5.61233 0 0
40.4646 1.69644 42.8649 0.694319 -0.00557829 0.719646 5.79556 0 0
39.9101 1.51194 43.402 0.693997 -0.00564553 0.719956 6.16184 0 0
40.4573 0.140474 42.8576 0.693719 -0.00560919 0.720224 6.42707 0 0
40.987 -0.733336 42.3324 0.693547 -0.00547957 0.72039 6.69917 0 0
41.6041 -1.55951 41.7396 0.693519 -0.00528089 0.720419 6.97248 0 0
42.0669 -2.55643 41.2855 0.693649 -0.00504336 0.720296 7.32694 0 0
42.5946 -1.18704 40.7921 0.693925 -0.00480608 0.720031 7.58756 0 0
43.1087 -0.301668 40.2978 0.694315 -0.00461841 0.719656 7.90599 0 0
43.6886 0.853957 39.7459 0.694775 -0.00452731 0.719213 8.15586 0 0
43.9356 1.91481 39.521 0.695251 -0.00455539 0.718753 8.40922 0 0
43.9004 3.03741 39.5607 0.695684 -0.00468715 0.718332 8.70757 0 0
43.5068 4.24644 39.9485 0.696011 -0.00487498 0.718014 9.00497 0 0
42.818 5.14756 40.6181 0.696176 -0.00506331 0.717853 9.28758 0 0
41.9567 5.48722 41.4571 0.696158 -0.00521789 0.717869 9.59117 0 0
41.0368 5.09426 42.3348 0.695989 -0.00534301 0.718032 9.96709 0 0
40.1713 3.96444 43.1689 0.695751 -0.00547347 0.718262 10.2328 0 0
39.8945 2.87984 43.4291 0.695548 -0.00564304 0.718457 10.4774 0 0
39.8828 1.82536 43.4313 0.695471 -0.00585105 0.71853 10.6722 0 0
39.2949 1.99679 44.0011 0.695567 -0.00605339 0.718435 10.9376 0 0
39.3009 3.12848 43.9961 0.695823 -0.00618646 0.718187 11.3404 0 0
39.8248 4.723 43.5085 0.696177 -0.00620681 0.717844 11.6143 0 0
40.461 5.52114 42.9038 0.696547 -0.00611686 0.717485 11.9132 0 0
41.2697 6.17909 42.1244 0.69686 -0.00596022 0.717182 12.3152 0 0
42.545 6.27335 40.8982 0.697064 -0.00579467 0.716985 12.55 0 0
43.1926 5.81031 40.2529 0.697132 -0.00566473 0.71692 12.8266 0 0
43.8437 4.98052 39.6182 0.697057 -0.0055878 0.716994 13.1617 0 0
44.3893 3.67806 39.0905 0.696855 -0.00555431 0.717191 13.439 0 0
44.5463 2.45486 38.9303 0.696573 -0.00553593 0.717465 13.6977 0 0
44.4685 1.29971 38.9998 0.696278 -0.00549521 0.717751 13.9583 0 0
44.1206 0.240758 39.3267 0.696035 -0.00539265 0.717987 14.2132 0 0
43.6257 -0.664156 39.7982 0.695872 -0.00519324 0.718147 14.5729 0 0
42.9339 -1.9348 40.4612 0.695768 -0.00487631 0.71825 14.8331 0 0
42.5792 -2.96126 40.7892 0.695665 -0.0044466 0.718353 15.1792 0 0
42.3345 -4.4401 41.0109 0.695499 -0.00393733 0.718517 15.4307 0 0
42.5305 -5.50765 40.8194 0.695234 -0.0033992 0.718776 15.7094 0 0
42.9503 -6.57767 40.4042 0.694876 -0.00287825 0.719124 16.0003 0 0
43.4679 -7.65122 39.8934 0.69447 -0.00239381 0.719518 16.2788 0 0
44.021 -8.64313 39.3538 0.694081 -0.00192956 0.719895 16.6211 0 0
44.5781 -10.0046 38.8201 0.69377 -0.00144598 0.720195 16.9302 0 0
44.7705 -11.3945 38.6349 0.693573 -0.000909357 0.720386 17.185 0 0
44.8784 -12.5558 38.5287 0.693491 -0.000319084 0.720465 17.4356 0 0
45.0326 -13.6942 38.3781 0.693498 0.000286387 0.720458 17.6955 0 0
45.256 -14.8526 38.1621 0.693567 0.000850296 0.720391 17.9702 0 0
45.5515 -16.0455 37.875 0.693705 0.00133223 0.720258 18.2871 0 0
45.9824 -17.3768 37.4663 0.69396 0.00173464 0.720011 18.534 0 0
46.3811 -18.3792 37.0912 0.694405 0.00210488 0.719581 18.763 0 0
46.6672 -19.3757 36.821 0.695093 0.00251184 0.718916 19.0422 0 0
46.7199 -20.687 36.7738 0.696015 0.00301102 0.718021 19.2995 0 0
46.4947 -21.8612 36.9931 0.697093 0.00361719 0.716972 19.6465 0 0
45.857 -23.2413 37.6106 0.698196 0.00429786 0.715894 20.0328 0 0
44.707 -24.0912 38.7203 0.699174 0.00498662 0.714934 20.2445 0 0
43.9961 -24.1204 39.4229 0.699885 0.00560366 0.714233 20.4833 0 0
43.2465 -23.7389 40.1662 0.700223 0.00607237 0.713899 20.7674 0 0
42.4846 -22.9777 40.9148 0.700135 0.00633122 0.713982 21.0517 0 0
41.9682 -21.9056 41.4096 0.699648 0.0063433 0.714459 21.3595 0 0
41.6126 -20.6067 41.7496 0.698864 0.00610231 0.715228 21.6939 0 0
41.4271 -19.1357 41.9159 0.697937 0.00563107 0.716137 22.0045 0 0
41.2695 -17.7821 42.0524 0.697032 0.00497353 0.717023 22.4328 0 0
40.8339 -15.998 42.4553 0.696279 0.00418577 0.717759 22.7387 0 0
40.439 -14.7686 42.8306 0.695748 0.00332945 0.718279 23.0183 0 0
40.0056 -13.7158 43.2452 0.695436 0.00246313 0.718584 23.2943 0 0
39.5656 -12.6887 43.664 0.695285 0.0016279 0.718732 23.6044 0 0
39.2583 -11.4167 43.9623 0.695202 0.000834613 0.718814 23.894 0 0
39.2365 -10.1743 43.9832 0.695097 6.37336e-05 0.718916 24.1486 0 0
39.5148 -9.15468 43.713 0.694912 -0.000721343 0.719095 24.4046 0 0
39.9788 -8.26376 43.2672 0.694643 -0.00155486 0.719353 24.7142 0 0
40.6099 -7.26679 42.6583 0.694337 -0.00244968 0.719646 25.0361 0 0
41.11 -6.06367 42.1722 0.694062 -0.00338425 0.719907 25.4159 0 0
41.5308 -4.50178 41.7769 0.693872 -0.0043042 0.720086 25.6466 0 0
41.6423 -3.49924 41.6813 0.693776 -0.00514363 0.720172 25.879 0 0
41.3041 -2.60032 42.0196 0.693751 -0.00585536 0.720191 26.1424 0 0
40.8288 -1.668 42.4749 0.693761 -0.00642744 0.720177 26.3845 0 0
40.3568 -0.848446 42.9385 0.69378 -0.00687415 0.720154 26.632 0 0
39.8469 -0.0491632 43.4483 0.693795 -0.00721326 0.720136 26.8725 0 0
39.4567 0.825364 43.8347 0.6938 -0.00744859 0.72013 27.0363 0 0
39.3261 1.49762 43.9672 0.69379 -0.00756381 0.720137 27.2215 0 0
38.7613 1.4074 44.5084 0.693763 -0.00752445 0.720164 27.5809 0 0
39.1021 -0.0362637 44.1631 0.693706 -0.0072867 0.720222 27.8556 0 0
39.6442 -0.925332 43.6295 0.693595 -0.00681394 0.720333 28.12 0 0
40.1732 -1.78347 43.1007 0.693402 -0.00609772 0.720525 28.4205 0 0
40.6885 -2.8745 42.6028 0.693117 -0.00517411 0.720807 28.6999 0 0
40.9156 -4.04041 42.3742 0.692762 -0.00412453 0.721155 28.9499 0 0
40.78 -5.11682 42.4906 0.692388 -0.00305569 0.721519 29.1992 0 0
40.4792 -6.12876 42.7844 0.692055 -0.00206322 0.721842 29.4462 0 0
40.0478 -7.01534 43.205 0.691806 -0.00119472 0.722082 29.8061 0 0
39.2728 -8.1265 43.9407 0.691662 -0.000434352 0.722221 30.2118 0 0
38.6901 -9.66245 44.5024 0.691625 0.000279154 0.722257 30.4877 0 0
38.6113 -10.837 44.5822 0.691696 0.00101269 0.722188 30.7815 0 0
38.7322 -12.077 44.4679 0.691874 0.00180448 0.722016 31.055 0 0
39.0598 -13.1522 44.15 0.692165 0.00265334 0.721734 31.434 0 0
39.688 -14.5382 43.5492 0.692578 0.00352923 0.721334 31.6661 0 0
40.0109 -15.4361 43.2404 0.693131 0.00439154 0.720799 31.9773 0 0
40.4002 -16.6819 42.8768 0.693844 0.00520411 0.720107 32.2657 0 0
40.7234 -17.874 42.5892 0.69473 0.00594247 0.719246 32.6346 0 0
40.8582 -19.4708 42.4671 0.695766 0.00659047 0.718239 32.8623 0 0
40.9568 -20.4728 42.3837 0.69687 0.00712642 0.717162 33.0877 0 0
41.1559 -21.4444 42.2018 0.697912 0.00750939 0.716144 33.3293 0 0
41.4923 -22.4242 41.8871 0.698743 0.00768201 0.715332 33.5889 0 0
41.9489 -23.4017 41.4495 0.699243 0.00759403 0.714844 33.9023 0 0
42.7298 -24.3046 40.6876 0.699355 0.00723179 0.714738 34.1607 0 0
43.4922 -24.8069 39.9337 0.699093 0.00663456 0.715 34.4831 0 0
44.554 -24.9667 38.8803 0.698527 0.00588837 0.715559 34.7107 0 0
45.2982 -24.735 38.1442 0.69776 0.00509919 0.716314 34.9425 0 0
45.9889 -24.1876 37.4792 0.696898 0.00435577 0.717157 35.1594 0 0
46.5217 -23.4828 36.9684 0.696038 0.00370087 0.717995 35.3736 0 0
46.899 -22.6182 36.6071 0.69525 0.00312638 0.718761 35.6043 0 0
47.2022 -21.6108 36.315 0.694571 0.0025931 0.719419 35.8342 0 0
47.37 -20.5475 36.1474 0.694005 0.00206112 0.719967 36.1999 0 0
47.1652 -18.8315 36.3443 0.693537 0.00151492 0.720419 36.472 0 0
46.7648 -17.6822 36.7157 0.693145 0.000973092 0.720798 36.774 0 0
46.2914 -16.4281 37.1621 0.692819 0.000478689 0.721111 37.0581 0 0
45.9218 -15.2042 37.522 0.692577 7.32259e-05 0.721344 37.3263 0 0
45.6543 -14.0202 37.7815 0.69246 -0.000232985 0.721456 37.5825 0 0
45.4616 -12.866 37.9694 0.692513 -0.000477181 0.721405 37.8195 0 0
45.3679 -11.7766 38.0617 0.692762 -0.000736681 0.721166 38.0601 0 0
45.2795 -10.6739 38.1505 0.693194 -0.00110057 0.72075 38.2962 0 0
45.1164 -9.61527 38.3064 0.693769 -0.00163484 0.720195 38.5639 0 0
44.7005 -8.5335 38.7012 0.694438 -0.00235689 0.719549 38.7876 0 0
44.2372 -7.73137 39.1428 0.695149 -0.0032282 0.718859 39.0433 0 0
43.7387 -6.79167 39.6331 0.695854 -0.00416428 0.718171 39.3125 0 0
43.2888 -5.75 40.0778 0.6965 -0.00505568 0.717539 39.5515 0 0
42.9999 -4.75654 40.3694 0.697031 -0.0057945 0.717018 39.9466 0 0
43.1505 -3.02505 40.2401 0.697397 -0.00630322 0.716657 40.2054 0 0
43.5772 -2.05561 39.833 0.697579 -0.00656076 0.716477 40.5901 0 0
44.3227 -0.707109 39.1158 0.697598 -0.00661411 0.716459 40.8324 0 0
44.7885 0.172817 38.6712 0.697504 -0.00656534 0.716551 41.1791 0 0
45.1236 1.67369 38.3638 0.697354 -0.00653599 0.716697 41.4438 0 0
45.1035 2.86478 38.3899 0.697189 -0.00662403 0.716857 41.8004 0 0
44.8317 4.42969 38.6685 0.697017 -0.00687167 0.717021 42.0745 0 0
44.3255 5.44815 39.1537 0.69682 -0.00725335 0.717209 42.304 0 0
43.7872 6.17953 39.6676 0.696556 -0.00768331 0.717461 42.5648 0 0
43.0965 6.8581 40.3578 0.696183 -0.00803971 0.717819 42.8479 0 0
42.2397 7.19003 41.2035 0.69568 -0.00820426 0.718305 43.116 0 0
41.3992 7.08742 42.0141 0.695053 -0.00810943 0.718913 43.3917 0 0
40.5988 6.60801 42.785 0.694339 -0.00777197 0.719606 43.7649 0 0
39.6346 5.66916 43.7063 0.693596 -0.00729145 0.720327 44.0114 0 0
39.1555 4.82728 44.155 0.692893 -0.00681107 0.721008 44.2723 0 0
38.8156 3.79505 44.4652 0.692302 -0.00646114 0.721579 44.61 0 0
38.6832 2.33735 44.5825 0.691883 -0.00631238 0.721982 44.6235 0 0
38.6874 2.27958 44.5786 0.69167 -0.0063554 0.722186 44.8131 0 0
38.0991 2.27172 45.1416 0.691655 -0.00650825 0.722199 45.0873 0 0
38.1786 1.10535 45.0599 0.691788 -0.00664568 0.72207 45.3308 0 0
38.3736 0.114546 44.8624 0.691989 -0.00663879 0.721878 45.587 0 0
38.7479 -0.829912 44.4928 0.692164 -0.00639082 0.721712 45.9371 0 0
39.5081 -1.87264 43.7461 0.692241 -0.00585889 0.721643 46.2032 0 0
39.8925 -2.88117 43.3651 0.692195 -0.00505947 0.721693 46.4337 0 0
40.1806 -3.78643 43.0826 0.692054 -0.00405969 0.721834 46.7211 0 0
40.1373 -5.02646 43.1125 0.691892 -0.00295517 0.721995 47.029 0 0
39.7544 -6.2545 43.4837 0.691789 -0.00183715 0.722097 47.2836 0 0
39.1055 -6.88212 44.0994 0.691802 -0.000761605 0.722087 47.6105 0 0
38.548 -8.05667 44.627 0.691947 0.000260525 0.721948 47.9605 0 0
38.1456 -9.44659 45.0183 0.69221 0.00124544 0.721695 48.3715 0 0
38.0284 -11.1888 45.1404 0.69256 0.00220773 0.721357 48.7561 0 0
38.2599 -12.7846 44.9203 0.69297 0.00314359 0.720959 48.9975 0 0
38.5999 -13.7072 44.5974 0.69342 0.00403321 0.720522 49.3313 0 0
39.1544 -14.9132 44.0612 0.6939 0.00485342 0.720055 49.6025 0 0
39.4468 -16.0141 43.7847 0.694421 0.00559049 0.719547 49.8997 0 0
39.9335 -17.1235 43.3358 0.695012 0.00624932 0.718971 50.1446 0 0
40.1546 -18.147 43.1419 0.695715 0.0068566 0.718285 50.3816 0 0
40.2449 -19.1682 43.0602 0.696552 0.00745075 0.717467 50.8191 0 0
40.4294 -21.0791 42.9019 0.697493 0.00805489 0.716546 51.1691 0 0
40.8666 -22.5265 42.4948 0.698444 0.00864259 0.715612 51.3951 0 0
41.0642 -23.504 42.3149 0.699279 0.00911854 0.714791 51.6225 0 0
41.6479 -24.1258 41.7554 0.699889 0.00933445 0.714191 51.8647 0 0
42.1759 -24.9259 41.2431 0.700221 0.00914281 0.713867 52.12 0 0
42.9374 -25.3656 40.4955 0.70027 0.00846495 0.713828 52.4546 0 0
43.9768 -25.8697 39.4661 0.700039 0.00733593 0.714067 52.6765 0 0
44.7215 -25.8001 38.7293 0.699508 0.00589935 0.7146 53.0315 0 0
45.8578 -25.2757 37.608 0.69864 0.0043547 0.71546 53.3493 0 0
46.7328 -24.3771 36.7647 0.697415 0.00288598 0.716661 53.5884 0 0
47.2324 -23.4909 36.27 0.695872 0.00160831 0.718164 53.8081 0 0
47.5869 -22.5501 35.931 0.694113 0.000555255 0.719866 54.1809 0 0
48.0899 -20.884 35.4534 0.692287 -0.000296467 0.721622 54.4044 0 0
47.9003 -19.8307 35.6399 0.690556 -0.000987069 0.723279 54.6197 0 0
47.811 -18.8073 35.7304 0.689054 -0.00154156 0.724708 54.8333 0 0
47.555 -17.8585 35.9697 0.687876 -0.00195632 0.725826 55.094 0 0
47.0824 -16.8161 36.412 0.687067 -0.00220577 0.726591 55.3798 0 0
46.6988 -15.5811 36.7796 0.686637 -0.00226652 0.726997 55.644 0 0
46.3691 -14.4297 37.0983 0.686574 -0.00214949 0.727057 55.9211 0 0
46.077 -13.2056 37.3796 0.686859 -0.00192042 0.726788 56.1503 0 0
45.9724 -12.1486 37.4831 0.687466 -0.00169043 0.726215 56.3714 0 0
45.9165 -11.125 37.5402 0.688357 -0.00157885 0.725371 56.6039 0 0
45.8175 -10.0592 37.6383 0.689474 -0.00167135 0.724308 56.9123 0 0
45.4853 -8.72861 37.951 0.690742 -0.00199736 0.723098 57.1401 0 0
45.1367 -7.80119 38.2832 0.692071 -0.00253317 0.721825 57.3795 0 0
44.5852 -7.0079 38.8044 0.693368 -0.00322044 0.720576 57.6275 0 0
44.1092 -6.0826 39.2742 0.694555 -0.00398687 0.719429 57.9206 0 0
43.6193 -4.94033 39.7635 0.695567 -0.00476331 0.718445 58.2011 0 0
43.6049 -3.68194 39.7877 0.696353 -0.00549722 0.717678 58.5044 0 0
44.1124 -2.52544 39.3013 0.696863 -0.00616057 0.717178 58.7517 0 0
44.5349 -1.57688 38.8959 0.697056 -0.0067476 0.716985 58.999 0 0
45.0702 -0.730889 38.3827 0.696939 -0.00726358 0.717094 59.2221 0 0
45.4156 0.175469 38.0584 0.696585 -0.00771304 0.717432 59.4421 0 0
45.6846 1.11522 37.8082 0.696135 -0.00809597 0.717865 59.673 0 0
45.7302 2.16882 37.775 0.695741 -0.00841209 0.718243 59.9296 0 0
45.6879 3.33361 37.8279 0.695504 -0.00866667 0.71847 60.3296 0 0
45.3076 5.06532 38.2131 0.695442 -0.00887393 0.718527 60.576 0 0
44.8032 5.93642 38.7041 0.695504 -0.00905683 0.718466 60.8559 0 0
44.1459 6.81393 39.3374 0.695612 -0.00923843 0.718358 61.2507 0 0
43.1059 7.83166 40.3587 0.695707 -0.00941884 0.718264 61.5079 0 0
42.3172 8.08379 41.1415 0.695761 -0.00954571 0.71821 61.907 0 0
41.0722 7.85326 42.3435 0.695772 -0.00950335 0.7182 62.1562 0 0
40.3552 7.41394 43.0337 0.695752 -0.00914181 0.718224 62.4066 0 0
39.6691 6.88215 43.6914 0.695714 -0.00833739 0.718271 62.7687 0 0
38.8933 5.74116 44.4219 0.695664 -0.0070508 0.718333 63.0085 0 0
38.4916 4.86926 44.7989 0.695608 -0.00535018 0.718402 63.2876 0 0
38.1953 3.74148 45.0608 0.695547 -0.00339027 0.718473 63.5599 0 0
38.084 2.57408 45.1553 0.695467 -0.00136382 0.718526 63.5599 0 0
41.7879 -5.90759 41.5267 0.689659 -0.00408382 0.724123 63.8502 1 0
41.4472 -7.08872 41.8468 0.691003 -0.0031342 0.722845 64.1392 0 0
40.8728 -8.06958 42.4004 0.69217 -0.00215123 0.721731 64.372 0 0
40.4001 -8.83621 42.8563 0.693148 -0.00114112 0.720794 64.6103 0 0
39.9973 -9.70731 43.2442 0.693991 -0.000121906 0.719984 64.8743 0 0
39.8321 -10.8306 43.404 0.694791 0.000888665 0.719211 65.1589 0 0
40.0176 -12.0434 43.2287 0.695633 0.00187881 0.718395 65.6094 0 0
40.7325 -13.7345 42.5462 0.696561 0.0028377 0.717492 65.9143 0 0
41.1534 -14.9273 42.1487 0.697564 0.00374145 0.716513 66.1603 0 0
41.4429 -15.9198 41.8752 0.698577 0.00453807 0.715521 66.5096 0 0
41.7613 -17.3768 41.5641 0.699501 0.00514595 0.714613 66.7393 0 0
41.8945 -18.3771 41.4415 0.700231 0.00547599 0.713895 67.0466 0 0
42.0496 -19.7322 41.3107 0.700682 0.00547121 0.713453 67.2801 0 0
42.2332 -20.744 41.1351 0.700812 0.00514307 0.713328 67.5023 0 0
42.5334 -21.6557 40.8467 0.700629 0.00458182 0.713511 67.7241 0 0
42.9739 -22.4563 40.4211 0.700181 0.00393087 0.713955 68.0087 0 0
43.7749 -23.1097 39.6316 0.699541 0.00333449 0.714585 68.2771 0 0
44.6664 -23.2339 38.7637 0.698795 0.00288574 0.715316 68.5294 0 0
45.4075 -22.6698 38.0429 0.698029 0.00260155 0.716065 68.7847 0 0
45.8977 -21.6827 37.565 0.697318 0.00243415 0.716758 69.0924 0 0
46.1313 -20.2606 37.3429 0.696716 0.00230744 0.717343 69.3235 0 0
46.0029 -19.1955 37.4632 0.69625 0.00215584 0.717797 69.5722 0 0
45.6524 -18.1407 37.7921 0.695915 0.00194695 0.718121 69.8703 0 0
45.2021 -16.9163 38.2183 0.695692 0.00168041 0.718338 70.102 0 0
44.9174 -15.9376 38.4867 0.695556 0.00136951 0.718471 70.3308 0 0
44.682 -14.9414 38.7152 0.69548 0.00102155 0.718545 70.5639 0 0
44.4983 -13.9015 38.8934 0.69543 0.00063158 0.718593 70.8092 0 0
44.3583 -12.7904 39.0296 0.695363 0.000192635 0.718659 71.0846 0 0
44.2295 -11.5375 39.1557 0.695236 -0.000287916 0.718781 71.3222 0 0
44.0489 -10.4796 39.3286 0.695034 -0.000779011 0.718976 71.5813 0 0
43.7 -9.40313 39.6646 0.694779 -0.00122808 0.719222 71.8161 0 0
43.2417 -8.54997 40.1111 0.694521 -0.00157125 0.71947 72.0912 0 0
42.7023 -7.56995 40.6413 0.69432 -0.00174667 0.719664 72.3234 0 0
42.3161 -6.69375 41.0174 0.694218 -0.00170844 0.719763 72.5095 0 0
41.9447 -6.06 41.3767 0.694233 -0.00144052 0.719749 72.8968 0 0
41.8465 -7.74838 41.4636 0.694367 -0.000967121 0.71962 73.1667 0 0
41.27 -8.62022 42.0136 0.694618 -0.000349943 0.719379 73.3964 0 0
40.818 -9.40865 42.4491 0.694986 0.00033318 0.719023 73.6329 0 0
40.4851 -10.3403 42.7695 0.695468 0.00101533 0.718556 73.9916 0 0
40.6431 -11.9048 42.6221 0.696039 0.00165083 0.718002 74.2832 0 0
41.0912 -13.024 42.1948 0.696646 0.00220317 0.717412 74.5546 0 0
41.5127 -14.0606 41.7939 0.697218 0.0026294 0.716855 74.7963 0 0
41.8265 -15.028 41.4981 0.697686 0.00288436 0.716398 75.0955 0 0
42.1258 -16.2684 41.2035 0.698005 0.00294652 0.716087 75.4059 0 0
42.3682 -17.602 40.9618 0.698152 0.00284268 0.715944 75.6347 0 0
42.4801 -18.6255 40.8685 0.69812 0.0026469 0.715976 75.9511 0 0
42.7021 -20.0214 40.6698 0.697909 0.00244952 0.716182 76.3002 0 0
43.1565 -21.4646 40.2354 0.697539 0.00231605 0.716543 76.6004 0 0
43.9541 -22.2619 39.46 0.697055 0.00226145 0.717014 76.8404 0 0
44.7455 -22.2252 38.6904 0.696527 0.00225252 0.717527 77.0764 0 0
45.3046 -21.4587 38.1452 0.696034 0.00223266 0.718006 77.4302 0 0
45.5122 -19.8344 37.9421 0.695637 0.00215191 0.71839 77.6978 0 0
45.1952 -18.6772 38.2356 0.695369 0.00198585 0.71865 77.9416 0 0
44.8395 -17.6731 38.5711 0.695224 0.00173456 0.718791 78.2207 0 0
44.4665 -16.5229 38.9232 0.69517 0.00140774 0.718844 78.4501 0 0
44.2043 -15.5411 39.178 0.695161 0.00101213 0.718854 78.6811 0 0
44.0162 -14.5185 39.3606 0.695152 0.000554589 0.718862 78.9215 0 0
43.885 -13.4339 39.4879 0.695113 5.82175e-05 0.7189 79.1766 0 0
43.7651 -12.2782 39.6048 0.695034 -0.0004255 0.718977 79.4273 0 0
43.6065 -11.1589 39.7599 0.694926 -0.000824264 0.719081 79.6965 0 0
43.287 -10.0271 40.0654 0.69482 -0.00107101 0.719183 79.931 0 0
42.8661 -9.15012 40.4711 0.694755 -0.00113234 0.719246 80.1673 0 0
42.4044 -8.31526 40.924 0.694764 -0.0010225 0.719237 80.3569 0 0
41.8814 -7.90137 41.43 0.69486 -0.000795221 0.719144 80.6668 0 0
42.1464 -9.20508 41.1667 0.695028 -0.000516947 0.718983 80.9022 0 0
42.6159 -10.0135 40.7124 0.695217 -0.000233934 0.7188 81.1462 0 0
42.9864 -10.9703 40.3603 0.695363 5.01648e-05 0.718659 81.371 0 0
43.1921 -11.9305 40.1601 0.695409 0.000371722 0.718614 81.5935 0 0
43.3035 -12.9184 40.0515 0.695333 0.000777986 0.718688 81.8466 0 0
43.4075 -14.0543 39.9515 0.695158 0.00129038 0.718855 82.0936 0 0
43.4881 -15.172 39.8723 0.694949 0.00188747 0.719057 82.3216 0 0
43.7085 -16.1615 39.6579 0.694781 0.00251625 0.719217 82.6348 0 0
44.1732 -17.4338 39.21 0.694716 0.00311485 0.719277 82.8631 0 0
44.4311 -18.4089 38.9655 0.694791 0.00362702 0.719203 83.0913 0 0
44.7706 -19.3361 38.6451 0.695007 0.004008 0.718992 83.3213 0 0
44.9397 -20.3706 38.5001 0.695341 0.00423153 0.718668 83.5785 0 0
44.5009 -21.3752 38.9313 0.695744 0.00429816 0.718277 83.8567 0 0
43.639 -20.9515 39.7649 0.69615 0.00423473 0.717883 84.1827 0 0
43.181 -19.6123 40.1963 0.696493 0.00407967 0.717552 84.4277 0 0
42.9979 -18.5306 40.3614 0.696718 0.00386323 0.717335 84.6863 0 0
42.949 -17.3595 40.3964 0.696794 0.00359782 0.717262 85.0425 0 0
42.5904 -15.8272 40.7468 0.69672 0.00328453 0.717336 85.393 0 0
42.2612 -14.3264 41.0711 0.696519 0.00292844 0.717532 85.6379 0 0
41.9228 -13.3532 41.3918 0.696237 0.00255019 0.717807 85.9537 0 0
41.4053 -12.1592 41.8849 0.695933 0.00218683 0.718104 86.1952 0 0
41.092 -11.1851 42.1846 0.695661 0.00188164 0.718367 86.4425 0 0
41.2165 -10.1074 42.0622 0.695459 0.00166825 0.718564 86.685 0 0
41.7077 -9.27847 41.5883 0.695331 0.00155723 0.718688 86.95 0 0
41.8661 -10.4293 41.435 0.695261 0.00153254 0.718756 87.2526 0 0
42.5581 -11.3699 40.7733 0.69522 0.00155902 0.718795 87.5344 0 0
42.7443 -12.5949 40.5908 0.695187 0.00159619 0.718827 87.7594 0 0
42.8428 -13.5948 40.502 0.695147 0.00161148 0.718866 87.8009 0 0
42.7169 -13.5341 40.624 0.695096 0.00158818 0.718916 88.0922 0 0
42.2655 -12.3941 41.0532 0.695034 0.00152666 0.718975 88.3666 0 0
41.8057 -11.3511 41.4953 0.694966 0.00144004 0.719041 88.5267 0 0
41.6785 -10.6632 41.6168 0.694896 0.00134691 0.719109 88.5267 0 0
43.4879 -18.441 39.8848 0.699657 0.00683065 0.714446 88.8039 1 0
44.1369 -19.3179 39.2596 0.69961 0.00763525 0.714484 88.9413 0 0
43.8348 -19.7784 39.5608 0.699564 0.00843714 0.71452 89.04 0 0
43.715 -19.3605 39.6713 0.699516 0.00923822 0.714554 89.04 0 0
