-48.5811 -43.7711 34.8112 -0.763532 -0.0151676 0.645591 0 1 1
-48.2288 -44.8525 35.2083 -0.762182 -0.0145569 0.647199 0.50542 0 1
-48.1106 -43.5758 35.3537 -0.76076 -0.0139256 0.648884 0.631231 0 1
-48.4448 -43.2007 34.9872 -0.759232 -0.0133263 0.650684 0.817034 0 1
-48.9278 -42.6601 34.4291 -0.757613 -0.0128597 0.652577 1.18556 0 1
-48.9977 -44.5209 34.3026 -0.755969 -0.0126337 0.654486 1.40807 0 1
-48.6851 -45.539 34.6545 -0.754375 -0.0127021 0.65632 1.72719 0 1
-47.6739 -45.1212 35.8243 -0.752888 -0.0130207 0.65802 1.94017 0 1
-47.5864 -44.0864 35.9306 -0.751532 -0.0134541 0.65956 2.15308 0 1
-47.638 -43.0303 35.8891 -0.750338 -0.0138342 0.66091 2.4695 0 1
-48.578 -42.2816 34.8533 -0.749389 -0.0140301 0.661981 2.61848 0 1
-48.6204 -41.5426 34.8193 -0.748838 -0.0139899 0.662606 2.83663 0 1
-47.9032 -41.6164 35.6248 -0.748865 -0.0137382 0.66258 3.10245 0 1
-47.2172 -42.4964 36.3669 -0.749606 -0.0133452 0.66175 3.30138 0 1
-47.1255 -43.4901 36.453 -0.751071 -0.0128959 0.660095 3.53822 0 1
-47.1417 -44.6609 36.4191 -0.753124 -0.0124749 0.657761 3.86265 0 1
-47.4553 -46.1806 36.0528 -0.755507 -0.0121622 0.655028 4.17088 0 1
-48.4432 -46.3987 34.9279 -0.757926 -0.0120232 0.65223 4.38181 0 1
-49.1125 -46.2063 34.1385 -0.760151 -0.0120875 0.649635 4.58747 0 1
-49.3823 -45.2532 33.8282 -0.762082 -0.0123305 0.647364 4.94663 0 1
-49.4927 -43.4578 33.7394 -0.763748 -0.0126761 0.64539 5.23675 0 1
-49.363 -42.0063 33.9146 -0.765243 -0.0130196 0.64361 5.45806 0 1
-48.7072 -41.5389 34.7187 -0.766624 -0.0132612 0.641959 5.46871 0 1
-48.6736 -41.5396 34.7594 -0.76785 -0.0133422 0.64049 5.61696 0 1
-48.5857 -40.8216 34.8814 -0.768754 -0.0132681 0.639407 5.8238 0 1
-49.2298 -40.8849 34.0997 -0.769079 -0.0130999 0.639019 6.05263 0 1
-49.8121 -41.5899 33.3698 -0.76856 -0.0129146 0.639647 6.39527 0 1
-49.9353 -43.3572 33.2014 -0.767018 -0.012762 0.641499 6.71127 0 1
-49.8609 -44.9592 33.2491 -0.764446 -0.0126515 0.644563 6.91321 0 1
-49.7956 -45.9827 33.3244 -0.761042 -0.0125798 0.64858 7.2384 0 1
-49.0139 -47.0852 34.2429 -0.757176 -0.0125689 0.65309 7.52391 0 1
-48.0759 -47.0935 35.334 -0.753307 -0.0126808 0.657547 7.74193 0 1
-47.353 -47.013 36.1468 -0.74987 -0.0129918 0.661458 7.94526 0 1
-46.773 -46.5137 36.7988 -0.747176 -0.0135474 0.664489 8.21691 0 1
-46.6749 -45.1947 36.9188 -0.745356 -0.0143322 0.666513 8.43185 0 1
-46.6476 -44.1397 36.9648 -0.744355 -0.0152746 0.66761 8.6403 0 1
-46.6531 -43.1168 36.9723 -0.743977 -0.0162777 0.668007 8.90859 0 1
-46.8339 -41.7926 36.8178 -0.743952 -0.0172502 0.668011 9.10048 0 1
-47.2583 -41.0576 36.3708 -0.744007 -0.0181134 0.667926 9.30477 0 1
-47.9247 -40.8576 35.6266 -0.743918 -0.0187897 0.668006 9.34709 0 1
-48.0653 -40.8506 35.4681 -0.743541 -0.0192021 0.668414 9.49813 0 1
-48.1973 -40.1169 35.3423 -0.742834 -0.0193 0.669197 9.77247 0 1
-47.2895 -40.197 36.3645 -0.741868 -0.0190925 0.670274 9.97249 0 1
-46.6504 -40.5093 37.0625 -0.740829 -0.0186509 0.671435 10.2486 0 1
-46.247 -41.7636 37.4713 -0.74 -0.0180702 0.672364 10.4999 0 1
-46.1755 -43.0083 37.492 -0.739717 -0.0174164 0.672693 10.8285 0 1
-46.1689 -44.6653 37.4707 -0.740287 -0.0167011 0.672083 11.0337 0 1
-46.1871 -45.6772 37.4367 -0.741906 -0.0159031 0.670316 11.2439 0 1
-46.2383 -46.7082 37.3706 -0.744594 -0.0150138 0.667349 11.4734 0 1
-46.5798 -47.7065 36.9745 -0.748195 -0.0140678 0.66333 11.7864 0 1
-47.6291 -47.7747 35.8219 -0.752412 -0.0131376 0.658562 12.0261 0 1
-48.4124 -47.8643 34.9245 -0.756879 -0.0123066 0.653439 12.3457 0 1
-49.4702 -47.8125 33.6905 -0.761218 -0.0116466 0.648391 12.5907 0 1
-50.1378 -47.1235 32.9004 -0.765085 -0.0112088 0.643832 12.8577 0 1
-50.2675 -45.8032 32.7488 -0.768198 -0.0110209 0.640118 13.1246 0 1
-50.3302 -44.4634 32.688 -0.770354 -0.0110876 0.63752 13.332 0 1
-50.3695 -43.418 32.6582 -0.771422 -0.0113947 0.636221 13.5968 0 1
-50.3427 -42.0525 32.7102 -0.771334 -0.0119154 0.636319 13.7902 0 1
-50.2841 -41.0466 32.797 -0.770078 -0.012618 0.637825 14.0729 0 1
-49.5727 -40.1352 33.7023 -0.767719 -0.0134685 0.640645 14.3272 0 1
-48.7528 -40.0893 34.6959 -0.764416 -0.0144205 0.644562 14.403 0 1
-48.5111 -40.098 34.9879 -0.760415 -0.0153944 0.649255 14.5523 0 1
-48.4756 -39.3648 35.0483 -0.756022 -0.0162683 0.654344 14.876 0 1
-47.4098 -39.4118 36.2525 -0.751571 -0.016899 0.659436 15.0897 0 1
-46.6994 -39.5153 37.0368 -0.747383 -0.0171704 0.664172 15.2877 0 1
-46.0729 -39.8638 37.7193 -0.743746 -0.0170418 0.668246 15.6176 0 1
-45.7814 -41.4519 37.9902 -0.740887 -0.0165672 0.671425 15.9593 0 1
-45.6923 -43.1428 38.0169 -0.738973 -0.0158759 0.673547 16.1752 0 1
-45.6754 -44.2252 38.0108 -0.738114 -0.0151201 0.674507 16.3977 0 1
-45.684 -45.3179 37.9794 -0.738383 -0.0144137 0.674227 16.6657 0 1
-45.7138 -46.6414 37.9317 -0.739828 -0.0137916 0.672654 16.9643 0 1
-45.834 -48.1021 37.7767 -0.742454 -0.0132153 0.669766 17.177 0 1
-46.4963 -48.4941 37.0438 -0.746183 -0.012622 0.665621 17.3845 0 1
-47.2033 -48.508 36.2695 -0.750817 -0.0119823 0.660402 17.5845 0 1
-47.8816 -48.526 35.5218 -0.756025 -0.0113241 0.654444 17.9443 0 1
-49.0557 -48.5927 34.1676 -0.761397 -0.0107097 0.648198 18.1523 0 1
-49.7315 -48.5024 33.3688 -0.766511 -0.0101927 0.64215 18.3813 0 1
-50.4646 -48.3193 32.4797 -0.771024 -0.00979127 0.636731 18.5777 0 1
-50.7033 -47.3977 32.1892 -0.774701 -0.00949172 0.632257 18.7964 0 1
-50.7359 -46.2864 32.1459 -0.777416 -0.00927262 0.628919 19.0504 0 1
-50.7285 -44.9866 32.1747 -0.779105 -0.00913377 0.626826 19.3514 0 1
-50.8161 -43.4832 32.0975 -0.779725 -0.00911465 0.626055 19.5624 0 1
-50.7966 -42.4084 32.1361 -0.779226 -0.00928724 0.626674 19.7756 0 1
-50.7897 -41.3103 32.1642 -0.77756 -0.00972043 0.628733 20.0781 0 1
-50.5948 -39.7807 32.4263 -0.774717 -0.0104382 0.632221 20.3621 0 1
-49.7252 -39.3828 33.5228 -0.770776 -0.0114041 0.637004 20.5822 0 1
-49.0197 -39.3641 34.3866 -0.765938 -0.0125411 0.642792 20.7405 0 1
-48.9547 -38.5769 34.4751 -0.760527 -0.0137582 0.64916 20.9653 0 1
-48.2369 -38.6729 35.3336 -0.754942 -0.0149568 0.655621 21.2392 0 1
-47.3474 -38.4532 36.3521 -0.749577 -0.0160189 0.661724 21.585 0 1
-46.2078 -38.7395 37.6044 -0.744755 -0.0168077 0.667127 21.8029 0 1
-45.5369 -39.2194 38.2963 -0.740694 -0.0171919 0.671623 22.0446 0 1
-45.286 -40.3751 38.5493 -0.737515 -0.0170889 0.675115 22.2649 0 1
-45.2252 -41.4633 38.5819 -0.735266 -0.0165025 0.677577 22.5038 0 1
-45.1312 -42.648 38.6376 -0.733949 -0.015541 0.679027 22.7304 0 1
-45.1255 -43.78 38.6066 -0.733532 -0.0144 0.679503 22.9453 0 1
-45.1405 -44.8478 38.5669 -0.733979 -0.0133071 0.679041 23.2501 0 1
-45.1108 -46.3468 38.577 -0.735277 -0.012446 0.677653 23.5618 0 1
-45.2082 -47.8686 38.4576 -0.737436 -0.0118897 0.675313 23.7839 0 1
-45.3657 -48.9396 38.2787 -0.740476 -0.0115786 0.671983 24.0227 0 1
-46.1191 -49.3409 37.4578 -0.744381 -0.0113578 0.667659 24.2565 0 1
-46.893 -49.3535 36.5941 -0.749057 -0.0110614 0.662414 24.541 0 1
-47.8593 -49.4026 35.5222 -0.754321 -0.0105995 0.65642 24.7747 0 1
-48.6301 -49.387 34.6397 -0.759923 -0.0100004 0.649936 25.1063 0 1
-49.7233 -49.4422 33.3616 -0.765588 -0.00938085 0.643263 25.322 0 1
-50.4192 -49.3371 32.5253 -0.771054 -0.0088646 0.636708 25.6339 0 1
-51.2389 -48.437 31.5063 -0.776095 -0.0085 0.630559 25.8695 0 1
-51.1694 -47.2253 31.5935 -0.78052 -0.0082345 0.625077 26.0709 0 1
-51.3292 -46.2233 31.384 -0.784166 -0.00796051 0.6205 26.2871 0 1
-51.2178 -45.1179 31.5409 -0.786885 -0.00759497 0.617053 26.5363 0 1
-51.3026 -43.8473 31.452 -0.788548 -0.00713563 0.614932 26.7519 0 1
-51.3092 -42.7408 31.4702 -0.789063 -0.00666232 0.614276 26.9814 0 1
-51.2579 -41.5659 31.5671 -0.788399 -0.00629335 0.615132 27.2527 0 1
-51.3138 -40.1828 31.4947 -0.786608 -0.00612912 0.617422 27.4449 0 1
-51.1581 -39.2122 31.6927 -0.783834 -0.00621192 0.620939 27.7526 0 1
-50.2561 -38.5876 32.8604 -0.780303 -0.00651483 0.625367 27.9523 0 1
-49.6314 -38.4322 33.6543 -0.776306 -0.00695721 0.630318 28.0999 0 1
-49.1676 -38.5769 34.2165 -0.772164 -0.0074352 0.635379 28.0999 0 1
