49.5855 -43.6682 35.3801 0.757361 -0.0118623 0.652888 0 1 1
49.6939 -44.8261 35.2337 0.756284 -0.0109148 0.654152 0.468919 0 1
50.064 -43.7895 34.8226 0.755207 -0.00996145 0.655411 0.589127 0 1
49.9374 -43.2227 34.9803 0.754278 -0.00908053 0.656493 0.76787 0 1
50.3976 -42.6725 34.4561 0.753678 -0.00838878 0.65719 1.05367 0 1
49.4934 -42.3591 35.5037 0.753534 -0.00798612 0.65736 1.24971 0 1
49.123 -43.1509 35.9094 0.753867 -0.00789677 0.65698 1.4963 0 1
49.1364 -44.3751 35.8861 0.754584 -0.00804463 0.656154 1.80545 0 1
49.6133 -45.727 35.3233 0.75549 -0.00828574 0.655108 2.11317 0 1
50.49 -44.9353 34.3073 0.756313 -0.00847766 0.654155 2.35977 0 1
50.5356 -43.6819 34.2753 0.756763 -0.00853607 0.653634 2.43243 0 1
50.5165 -43.3198 34.3059 0.756608 -0.0084472 0.653814 2.57473 0 1
50.9776 -43.2724 33.7687 0.755758 -0.0082469 0.6548 2.80298 0 1
50.9726 -44.4112 33.742 0.754306 -0.00799539 0.656474 3.04989 0 1
50.8931 -45.6632 33.8286 0.752521 -0.00775998 0.658522 3.38818 0 1
49.8959 -46.4749 34.994 0.75078 -0.00759951 0.660508 3.614 0 1
49.1536 -46.2581 35.8443 0.749462 -0.00754809 0.662004 3.86424 0 1
48.7336 -45.1751 36.3213 0.748841 -0.00760749 0.662706 4.12907 0 1
48.6511 -43.8404 36.4222 0.749014 -0.0077525 0.662509 4.37702 0 1
48.679 -42.59 36.3989 0.749877 -0.00794047 0.66153 4.63079 0 1
49.2561 -41.6455 35.7709 0.751149 -0.0081186 0.660083 4.87545 0 1
50.054 -41.5505 34.8671 0.752448 -0.00823346 0.6586 5.09525 0 1
50.7124 -41.9782 34.1032 0.753387 -0.00824688 0.657526 5.22762 0 1
50.9142 -42.5526 33.8571 0.753675 -0.00815372 0.657197 5.38926 0 1
51.4201 -42.7406 33.2628 0.75318 -0.00799175 0.657766 5.59932 0 1
51.3265 -41.7104 33.3743 0.751941 -0.00783542 0.659183 5.84945 0 1
50.6945 -40.9311 34.1432 0.750147 -0.00776884 0.661225 6.05731 0 1
50.0233 -40.8203 34.915 0.748099 -0.0078424 0.663541 6.3641 0 1
49.0095 -40.8673 36.0517 0.746165 -0.00803221 0.665713 6.67039 0 1
48.2288 -41.875 36.8987 0.744725 -0.00823246 0.667321 6.92811 0 1
48.1759 -43.1713 36.9459 0.744091 -0.00830235 0.668026 7.18066 0 1
48.1947 -44.4484 36.9176 0.744432 -0.00815198 0.667648 7.41159 0 1
48.2402 -45.6155 36.8472 0.745719 -0.00780805 0.666215 7.71719 0 1
48.6827 -47.0023 36.3366 0.747737 -0.00740256 0.663953 7.91936 0 1
49.3685 -47.167 35.5899 0.750165 -0.00708881 0.661212 8.15332 0 1
50.1459 -47.1883 34.7007 0.752678 -0.00695071 0.658353 8.37639 0 1
50.8989 -47.055 33.8375 0.755024 -0.00696915 0.65566 8.61893 0 1
51.3534 -46.0534 33.2842 0.757041 -0.00705417 0.653329 8.82917 0 1
51.3858 -44.9703 33.2351 0.758611 -0.00710753 0.651505 9.0399 0 1
51.4212 -43.875 33.2327 0.759618 -0.00707622 0.650331 9.25689 0 1
51.4239 -42.783 33.2576 0.759948 -0.0069741 0.649946 9.40559 0 1
51.8823 -42.9856 32.718 0.759522 -0.00686502 0.650445 9.61079 0 1
51.8597 -41.9796 32.7459 0.758332 -0.00682151 0.651832 9.84078 0 1
51.6985 -40.8593 32.9447 0.75646 -0.00689022 0.654004 10.1724 0 1
50.7307 -40.1745 34.1134 0.754058 -0.00708564 0.65677 10.4349 0 1
49.875 -40.1018 35.0841 0.751323 -0.00740126 0.659893 10.7266 0 1
48.9008 -40.0982 36.178 0.748465 -0.00781268 0.663129 10.9273 0 1
48.2339 -40.2731 36.9227 0.745699 -0.00826466 0.666232 11.1348 0 1
47.7783 -41.0795 37.4045 0.743253 -0.00866009 0.668955 11.3836 0 1
47.7285 -42.3253 37.4414 0.741374 -0.00887255 0.671034 11.6013 0 1
47.6998 -43.4293 37.4639 0.74031 -0.00878591 0.672208 11.8999 0 1
47.725 -44.9416 37.417 0.740261 -0.00834421 0.672268 12.1808 0 1
47.735 -46.3696 37.3773 0.741306 -0.00759189 0.671124 12.4531 0 1
48.1091 -47.6106 36.9508 0.743366 -0.00668574 0.668851 12.6536 0 1
48.7706 -47.8619 36.2293 0.746227 -0.00585745 0.665666 12.8506 0 1
49.4536 -47.8937 35.4854 0.749624 -0.00532254 0.661843 13.0588 0 1
50.15 -47.8911 34.695 0.75332 -0.00517874 0.657633 13.2778 0 1
50.8959 -47.814 33.8448 0.757131 -0.00536454 0.653241 13.4967 0 1
51.5624 -47.4518 33.0394 0.760879 -0.00570906 0.648868 13.7859 0 1
51.8441 -46.0285 32.6947 0.76434 -0.00603187 0.644786 13.9842 0 1
51.8352 -45.0113 32.7 0.767213 -0.00622217 0.641362 14.304 0 1
51.8809 -43.3647 32.7098 0.769172 -0.00626066 0.639011 14.4479 0 1
52.3247 -43.2389 32.1726 0.769956 -0.00619839 0.638067 14.6547 0 1
52.3242 -42.2128 32.1792 0.769446 -0.00612359 0.638683 14.8575 0 1
52.2955 -41.1951 32.21 0.767699 -0.00613066 0.640782 15.1046 0 1
52.1308 -39.9706 32.419 0.764916 -0.00629093 0.644099 15.3385 0 1
51.4582 -39.4516 33.2431 0.761382 -0.00663291 0.648269 15.6853 0 1
50.331 -39.4103 34.5753 0.757392 -0.00714468 0.652921 15.9046 0 1
49.607 -39.364 35.3921 0.753199 -0.00779361 0.657746 16.1999 0 1
48.614 -39.3732 36.5078 0.748994 -0.00854058 0.662522 16.4301 0 1
47.8446 -39.5575 37.368 0.744934 -0.00933558 0.667073 16.6348 0 1
47.3264 -40.2579 37.9167 0.741189 -0.0101056 0.67122 16.8752 0 1
47.2453 -41.4619 37.9775 0.737985 -0.0107552 0.674732 17.1395 0 1
47.2449 -42.7948 37.9611 0.735603 -0.0111873 0.677321 17.4419 0 1
47.2103 -44.3218 37.9784 0.734352 -0.0113305 0.678675 17.6818 0 1
47.231 -45.5488 37.9371 0.734495 -0.0111566 0.678523 17.9229 0 1
47.1964 -46.7567 37.9401 0.736166 -0.0106882 0.676716 18.1276 0 1
47.1615 -47.7677 37.9478 0.739302 -0.0100086 0.673299 18.4743 0 1
48.2109 -48.5702 36.8299 0.743637 -0.00926952 0.66852 18.8121 0 1
49.3538 -48.5979 35.5891 0.748765 -0.00866808 0.662779 19.0464 0 1
50.14 -48.5875 34.7079 0.754249 -0.0083751 0.656536 19.2807 0 1
50.9246 -48.5636 33.8074 0.759698 -0.00844876 0.650222 19.5875 0 1
51.899 -48.3771 32.6281 0.764806 -0.00879988 0.6442 19.9027 0 1
52.2851 -46.8579 32.163 0.769348 -0.00924275 0.638763 20.1071 0 1
52.2913 -45.8136 32.1581 0.773148 -0.00959268 0.634153 20.4116 0 1
52.3024 -44.2605 32.1585 0.776053 -0.00973704 0.630592 20.4852 0 1
52.3095 -43.8858 32.1626 0.777913 -0.00964522 0.628298 20.6548 0 1
52.8119 -43.5669 31.5437 0.778592 -0.00934062 0.627461 20.8629 0 1
52.8327 -42.5011 31.5345 0.778016 -0.00887424 0.628182 21.0667 0 1
52.8449 -41.4628 31.5197 0.776218 -0.00831632 0.63041 21.3253 0 1
52.8385 -40.1412 31.5307 0.773352 -0.00775887 0.63393 21.6045 0 1
52.3824 -38.9202 32.1217 0.769667 -0.00731255 0.638403 21.8028 0 1
51.7821 -38.6178 32.8639 0.765455 -0.00708523 0.643451 22.1361 0 1
50.7069 -38.6983 34.1441 0.760994 -0.00714738 0.64872 22.384 0 1
49.8892 -38.6616 35.0807 0.756516 -0.00751116 0.653932 22.6068 0 1
49.143 -38.613 35.9208 0.752177 -0.00814357 0.658911 22.8753 0 1
48.2341 -38.6258 36.9412 0.748046 -0.00899783 0.663586 23.1003 0 1
47.4764 -38.787 37.7854 0.744117 -0.0100295 0.667974 23.3055 0 1
46.9128 -39.3939 38.3854 0.740348 -0.0111883 0.672131 23.5629 0 1
46.7117 -40.6601 38.5733 0.736721 -0.0124029 0.676083 23.7792 0 1
46.6981 -41.7486 38.5659 0.733305 -0.0135772 0.679764 23.9779 0 1
46.666 -42.751 38.5861 0.730279 -0.0145976 0.682993 24.2152 0 1
46.7022 -43.9464 38.529 0.727926 -0.0153502 0.685484 24.4466 0 1
46.6308 -45.1051 38.5756 0.726575 -0.0157422 0.686907 24.6867 0 1
46.6883 -46.2982 38.4705 0.726542 -0.0157294 0.686942 25.0192 0 1
46.4712 -47.9456 38.6558 0.728051 -0.0153335 0.685351 25.2363 0 1
46.7685 -48.9147 38.3292 0.73117 -0.0146346 0.682039 25.5043 0 1
47.6522 -49.2199 37.4048 0.735764 -0.0137397 0.677098 25.7063 0 1
48.3101 -49.5038 36.7076 0.741499 -0.0127486 0.670833 26.0903 0 1
49.5901 -49.3243 35.3187 0.74789 -0.0117428 0.663719 26.2919 0 1
50.2607 -49.3733 34.5634 0.754402 -0.0107992 0.656324 26.5378 0 1
51.0609 -49.3174 33.6365 0.76056 -0.0100125 0.64919 26.7746 0 1
51.809 -49.2908 32.72 0.76603 -0.00949976 0.642734 27.0199 0 1
52.5524 -48.8376 31.8057 0.770649 -0.00937718 0.637191 27.264 0 1
52.7587 -47.6094 31.5567 0.774408 -0.0097199 0.632612 27.4872 0 1
52.7441 -46.4471 31.5848 0.777417 -0.0105284 0.628898 27.6844 0 1
52.7428 -45.4237 31.5899 0.779863 -0.0117194 0.625841 27.8569 0 1
52.7749 -44.5244 31.5613 0.781974 -0.0131456 0.623173 27.8875 0 1
52.7765 -44.3651 31.5613 0.783968 -0.0146312 0.620577 27.8875 0 1
