17.5285 -23.9576 65.2047 0.524848 0.0187943 0.850988 0 1 0
17.7046 -22.8916 65.0715 0.527269 0.0174666 0.849519 0.673905 0 0
17.5459 -23.9559 65.1937 0.529032 0.0165417 0.848441 0.680472 0 0
17.5319 -23.969 65.2029 0.530022 0.0161123 0.847831 0.915068 0 0
17.9353 -24.5582 64.9441 0.530364 0.0161411 0.847616 1.44991 0 0
18.464 -22.9302 64.5894 0.530366 0.0164866 0.847608 1.76359 0 0
18.3342 -21.9207 64.6466 0.530403 0.0169498 0.847576 2.0828 0 0
17.9057 -20.9994 64.9041 0.530789 0.0173292 0.847327 2.39748 0 0
17.4042 -21.8223 65.2284 0.531685 0.0174742 0.846762 2.77274 0 0
17.028 -22.9393 65.4899 0.533075 0.0173272 0.84589 3.11561 0 0
16.7823 -23.9848 65.6656 0.534785 0.0169382 0.844819 3.43522 0 0
17.1058 -24.9421 65.4887 0.536548 0.0164417 0.843709 3.59235 0 0
17.5082 -24.7804 65.2234 0.538108 0.0160081 0.842724 3.86238 0 0
17.6626 -25.6434 65.1412 0.539323 0.0157885 0.841951 4.31773 0 0
18.605 -24.6994 64.5086 0.540239 0.0158614 0.841362 4.71384 0 0
19.0477 -23.5089 64.2112 0.541069 0.0161917 0.840822 5.04136 0 0
19.0062 -22.4489 64.2314 0.542082 0.0166288 0.840161 5.42455 0 0
18.7538 -21.2303 64.3697 0.543452 0.0169685 0.839269 5.92578 0 0
18.5338 -19.5887 64.4817 0.54512 0.0170659 0.838184 6.27085 0 0
18.5739 -18.4663 64.4229 0.546726 0.0169417 0.83714 6.83114 0 0
18.7497 -16.6386 64.2697 0.547659 0.016797 0.836533 7.18496 0 0
19.1907 -15.6074 63.9476 0.54723 0.0169038 0.836812 7.59566 0 0
19.6301 -14.3567 63.6188 0.544927 0.0174376 0.838302 8.09288 0 0
20.0458 -12.7652 63.3215 0.540643 0.0183703 0.841052 8.41284 0 0
19.8719 -11.7006 63.4339 0.534774 0.019488 0.84477 8.81351 0 0
19.0317 -10.7993 63.9759 0.528138 0.0205037 0.848911 9.1347 0 0
18.1452 -10.8362 64.5549 0.521723 0.0211886 0.852852 9.4614 0 0
17.3691 -11.3309 65.0228 0.516383 0.0214596 0.856089 9.81583 0 0
16.8662 -12.2599 65.3532 0.512617 0.0213919 0.858351 10.3946 0 0
16.7041 -14.0045 65.4648 0.510519 0.0211606 0.859606 10.7555 0 0
16.8943 -15.0983 65.3821 0.509881 0.0209506 0.85999 11.0959 0 0
17.1525 -16.1132 65.2429 0.510365 0.0208839 0.859704 11.4594 0 0
17.4476 -17.2344 65.1047 0.511655 0.0209917 0.858935 11.8899 0 0
17.6598 -18.5901 64.9877 0.513544 0.0212235 0.857801 12.4519 0 0
17.3519 -20.3827 65.2186 0.515953 0.0214685 0.856348 12.7753 0 0
17.0124 -21.351 65.45 0.51889 0.0215762 0.854568 13.0898 0 0
16.6424 -22.2588 65.7047 0.522408 0.0213809 0.852428 13.4362 0 0
16.29 -23.2743 65.9528 0.526538 0.0207425 0.849898 13.8016 0 0
16.1543 -24.4151 66.0629 0.53124 0.0196011 0.846995 14.2256 0 0
16.7012 -25.6116 65.7635 0.536341 0.0180207 0.843809 14.5779 0 0
17.6369 -25.6572 65.1583 0.541528 0.0161933 0.840527 14.5823 0 0
17.6483 -25.6534 65.1507 0.546393 0.0143961 0.837405 14.8135 0 0
17.9658 -26.3043 64.9574 0.550542 0.0129204 0.834708 15.1621 0 0
18.7546 -25.6916 64.4223 0.553704 0.0119975 0.832627 15.5126 0 0
19.3158 -24.7531 64.0348 0.555814 0.0117378 0.831224 15.8312 0 0
19.637 -23.7727 63.8073 0.557012 0.0120981 0.830416 16.1636 0 0
19.6613 -22.674 63.7843 0.557587 0.0128937 0.830018 16.5402 0 0
19.4359 -21.4582 63.9295 0.557883 0.0138571 0.829804 16.9062 0 0
19.2144 -20.2737 64.0453 0.558188 0.0147277 0.829583 17.3923 0 0
19.1565 -18.6593 64.063 0.558628 0.0153396 0.829276 17.7452 0 0
19.2309 -17.5095 63.9818 0.559077 0.015681 0.828968 18.1579 0 0
19.5892 -16.2352 63.6994 0.559129 0.015896 0.828928 18.4812 0 0
19.9394 -15.2565 63.4236 0.558173 0.0162219 0.829566 18.8386 0 0
20.338 -14.1421 63.1368 0.555571 0.0168754 0.831298 19.1706 0 0
20.6188 -13.0665 62.9217 0.550909 0.0179404 0.834373 19.5225 0 0
20.6935 -11.8681 62.8559 0.544203 0.0193184 0.838731 19.9786 0 0
20.0109 -10.5601 63.3267 0.535982 0.0207732 0.843974 20.3837 0 0
18.9585 -10.0378 64.0084 0.527185 0.0220357 0.849465 20.769 0 0
17.8905 -10.1163 64.6869 0.518908 0.0229081 0.854523 21.119 0 0
17.0494 -10.6366 65.1646 0.512084 0.0233282 0.858619 21.5429 0 0
16.3698 -11.7183 65.5945 0.50723 0.0233827 0.861493 21.9789 0 0
16.0579 -13.0159 65.8027 0.504374 0.0232704 0.863172 22.532 0 0
16.1756 -14.6973 65.771 0.503175 0.0232189 0.863872 22.8715 0 0
16.4176 -15.7114 65.6608 0.503183 0.0233833 0.863864 23.2261 0 0
16.703 -16.7702 65.5362 0.504058 0.0237657 0.863343 23.5522 0 0
16.8906 -17.7733 65.4528 0.50567 0.0241908 0.862388 24.1104 0 0
16.8511 -19.5425 65.4996 0.508032 0.0243651 0.860993 24.6269 0 0
16.4179 -21.1232 65.7946 0.511161 0.0240164 0.859149 24.9743 0 0
16.0332 -22.1222 66.062 0.514935 0.02306 0.856919 25.4587 0 0
15.5653 -23.5411 66.396 0.519023 0.0216971 0.854485 25.8158 0 0
15.4864 -24.6474 66.4751 0.522915 0.0203722 0.852141 26.2115 0 0
15.84 -25.8255 66.3055 0.526026 0.0196004 0.850243 26.6223 0 0
16.8097 -26.4471 65.7142 0.527839 0.0197478 0.849115 26.8311 0 0
17.3638 -26.4998 65.3542 0.528055 0.0208672 0.848954 27.0753 0 0
17.5911 -27.2363 65.1981 0.526691 0.0226716 0.849754 27.6351 0 0
16.068 -27.0233 66.2104 0.524094 0.0246668 0.851303 28.0031 0 0
15.3281 -26.2725 66.6434 0.520824 0.026377 0.853256 28.4208 0 0
14.8831 -25.0829 66.8617 0.517443 0.0275344 0.855274 28.7509 0 0
14.8305 -24.076 66.8502 0.51431 0.0281329 0.857143 29.1622 0 0
15.0929 -22.8722 66.6282 0.511479 0.0283444 0.858828 29.5732 0 0
15.5183 -21.7108 66.3356 0.508757 0.0283831 0.860442 30.093 0 0
16.0226 -20.2072 66.0141 0.505872 0.0284042 0.862141 30.5626 0 0
16.3024 -18.788 65.8272 0.502672 0.0284658 0.864008 30.9559 0 0
16.2302 -17.5672 65.8454 0.499295 0.0285339 0.865962 31.3024 0 0
16.0056 -16.526 65.9368 0.496221 0.0285049 0.867728 31.6338 0 0
15.7323 -15.5565 66.0407 0.494206 0.0282377 0.868886 32.0586 0 0
15.4702 -14.2813 66.1557 0.494063 0.0275948 0.868988 32.4899 0 0
15.4202 -12.9738 66.1389 0.496386 0.0264898 0.867698 32.8272 0 0
15.559 -11.9578 66.0387 0.501317 0.0249321 0.864904 33.3472 0 0
16.2189 -10.5584 65.6198 0.508469 0.0230447 0.860772 33.723 0 0
16.9843 -9.76004 65.1805 0.517034 0.0210433 0.855706 34.1287 0 0
18.0272 -9.31459 64.5738 0.526037 0.0191811 0.850245 34.6533 0 0
19.4427 -9.36438 63.6819 0.534592 0.0176812 0.844925 34.9592 0 0
20.2175 -9.76287 63.1746 0.54208 0.0166723 0.840161 35.2656 0 0
20.8197 -10.4778 62.7601 0.548202 0.0161462 0.83619 35.5752 0 0
21.2338 -11.3946 62.4748 0.552944 0.0159574 0.833066 36.0523 0 0
21.2597 -13.0184 62.484 0.556498 0.0158706 0.830697 36.3537 0 0
21.0248 -14.006 62.6702 0.559161 0.015641 0.828912 36.7824 0 0
20.5625 -15.351 63.0042 0.561229 0.0150917 0.827523 37.1932 0 0
20.0885 -16.6249 63.3713 0.562913 0.0141583 0.826395 37.6964 0 0
19.7775 -18.264 63.6334 0.56428 0.0128822 0.825483 38.2021 0 0
19.7902 -19.9314 63.6614 0.565236 0.0113707 0.824851 38.5625 0 0
19.9661 -21.1159 63.559 0.565591 0.00976383 0.824628 39.0553 0 0
20.2877 -22.7068 63.3492 0.565141 0.00823942 0.824953 39.3604 0 0
20.2785 -23.7214 63.3605 0.563723 0.00703867 0.825934 39.6602 0 0
20.0059 -24.6643 63.5537 0.561225 0.00646739 0.827638 40.0626 0 0
19.4868 -25.8616 63.9163 0.557587 0.00684463 0.83009 40.3747 0 0
18.8497 -26.5877 64.3567 0.55282 0.00840359 0.833259 40.7755 0 0
17.826 -27.1518 65.0464 0.547026 0.0111712 0.837041 41.0158 0 0
17.8309 -27.9457 65.0402 0.540404 0.0148741 0.841274 41.5299 0 0
16.4 -28.0254 65.9875 0.533218 0.0189427 0.845766 42.0534 0 0
15.1823 -27.1908 66.7699 0.525778 0.0226671 0.85032 42.3882 0 0
14.6058 -26.4024 67.0929 0.518434 0.0254655 0.854738 42.8167 0 0
14.2375 -25.1812 67.2516 0.511556 0.0271161 0.858822 43.3701 0 0
14.2535 -23.5332 67.1501 0.505475 0.0278047 0.862393 43.6988 0 0
14.507 -22.5886 66.9459 0.500394 0.0279623 0.865346 44.1017 0 0
14.9246 -21.4828 66.6569 0.496322 0.0280137 0.867687 44.4569 0 0
15.2506 -20.4814 66.4335 0.493099 0.0281908 0.869516 44.8323 0 0
15.5736 -19.3705 66.2551 0.490505 0.0284954 0.870973 45.2259 0 0
15.6703 -18.1633 66.1913 0.488365 0.0287872 0.872164 45.6224 0 0
15.4769 -16.9784 66.2682 0.486621 0.028909 0.873135 45.9684 0 0
15.2104 -15.9824 66.3637 0.485348 0.0287719 0.873848 46.3132 0 0
14.9456 -14.9932 66.4671 0.484776 0.0283721 0.874178 46.7032 0 0
14.7769 -13.8431 66.512 0.485289 0.0277586 0.873913 47.1093 0 0
14.7835 -12.6183 66.4703 0.487363 0.0269858 0.872782 47.5443 0 0
15.0702 -11.3369 66.2853 0.491417 0.0260785 0.870534 47.9274 0 0
15.5586 -10.3104 65.9835 0.497623 0.0250275 0.867032 48.2555 0 0
16.146 -9.55026 65.6278 0.505769 0.0238211 0.86234 48.6566 0 0
17.0841 -8.86719 65.1004 0.515246 0.0224858 0.856747 49.0383 0 0
18.0959 -8.54105 64.5137 0.5252 0.0211008 0.850717 49.3623 0 0
18.9822 -8.48469 63.9735 0.534755 0.0197784 0.844775 49.7369 0 0
19.9555 -8.77589 63.3298 0.543228 0.0186365 0.839378 50.208 0 0
21.0475 -9.62066 62.5896 0.550236 0.0177736 0.83482 50.5288 0 0
21.5791 -10.4848 62.2274 0.555702 0.0172412 0.831203 50.8294 0 0
21.8861 -11.4349 62.0216 0.559782 0.0170138 0.828466 51.1883 0 0
21.8948 -12.6554 62.0343 0.562768 0.0169772 0.826441 51.6295 0 0
21.6345 -14.1374 62.2599 0.565001 0.0169531 0.824916 51.9334 0 0
21.3284 -15.0998 62.4817 0.566793 0.016756 0.82369 52.2283 0 0
20.9669 -16.0004 62.7365 0.568369 0.0162573 0.822613 52.5744 0 0
20.6121 -17.1004 63.0259 0.56982 0.0154277 0.821625 52.9043 0 0
20.3887 -18.1766 63.2138 0.571088 0.0143392 0.820764 53.252 0 0
20.3178 -19.3339 63.2841 0.571991 0.0131247 0.820155 53.5621 0 0
20.4149 -20.3684 63.2327 0.572287 0.0119197 0.819967 53.9327 0 0
20.6546 -21.5757 63.0874 0.571775 0.010831 0.820339 54.235 0 0
20.8873 -22.5432 62.9259 0.570389 0.00994445 0.821314 54.541 0 0
20.9421 -23.5674 62.8955 0.568236 0.00934582 0.822812 55.0908 0 0
20.4462 -25.3039 63.2487 0.565515 0.00912396 0.824688 55.6058 0 0
19.6371 -26.7655 63.8133 0.562377 0.00936009 0.826828 55.8947 0 0
18.9882 -27.3848 64.2796 0.558822 0.0101225 0.829226 56.1055 0 0
18.4612 -27.7044 64.6433 0.554714 0.0114743 0.831962 56.3249 0 0
18.714 -28.3737 64.4793 0.549902 0.0134788 0.835121 56.6371 0 0
17.8765 -28.7024 65.0139 0.544336 0.0161759 0.838711 57.0575 0 0
16.6982 -28.8362 65.7978 0.538125 0.0195185 0.842639 57.398 0 0
15.8053 -28.5861 66.4057 0.531492 0.0232926 0.846743 57.7987 0 0
14.9083 -27.8975 66.9538 0.524689 0.0270886 0.850863 58.1876 0 0
14.1803 -27.0423 67.3663 0.517907 0.0303861 0.854897 58.5234 0 0
13.7915 -26.1354 67.5579 0.511224 0.0327367 0.858824 58.9274 0 0
13.5509 -24.9744 67.6407 0.504601 0.0339384 0.862685 59.2754 0 0
13.5261 -23.9675 67.596 0.497924 0.0340831 0.866551 59.6212 0 0
13.7129 -22.9852 67.4283 0.491093 0.0334565 0.870465 60.139 0 0
14.1763 -21.5866 67.0782 0.48414 0.0323771 0.874391 60.5742 0 0
14.5859 -20.4143 66.7945 0.477322 0.0310863 0.878178 61.1006 0 0
15.0106 -18.8722 66.5575 0.471112 0.0297316 0.881572 61.5085 0 0
14.9734 -17.6343 66.5608 0.466082 0.0284084 0.884285 61.8542 0 0
14.7339 -16.6442 66.6449 0.462723 0.0271974 0.886086 62.1998 0 0
14.4598 -15.67 66.7447 0.461345 0.0261697 0.886835 62.5664 0 0
14.1952 -14.6256 66.8342 0.462119 0.0253709 0.886455 62.9933 0 0
14.1047 -13.3547 66.8505 0.465169 0.0248093 0.884874 63.5323 0 0
14.2198 -11.7709 66.7485 0.470608 0.0244554 0.882003 63.8978 0 0
14.5572 -10.7543 66.5466 0.478447 0.0242418 0.877782 64.4406 0 0
15.3597 -9.41063 66.066 0.488467 0.0240589 0.872251 64.9015 0 0
16.3114 -8.49092 65.5087 0.500172 0.0237682 0.8656 65.2739 0 0
17.2615 -8.00249 64.9823 0.512861 0.0232455 0.858157 65.6601 0 0
18.2996 -7.76724 64.3704 0.525759 0.0224343 0.850338 66.003 0 0
19.2408 -7.76981 63.7877 0.538142 0.0213738 0.842583 66.4425 0 0
20.386 -8.1059 63.0118 0.549388 0.0201884 0.835323 66.8084 0 0
21.2251 -8.79244 62.4474 0.559017 0.0190452 0.828937 67.1431 0 0
21.858 -9.61432 62.016 0.566742 0.018093 0.823697 67.4708 0 0
22.3056 -10.578 61.7025 0.572515 0.0174033 0.81971 67.8151 0 0
22.5177 -11.7379 61.5735 0.576528 0.016944 0.816902 68.2211 0 0
22.4571 -13.135 61.6539 0.579136 0.0166026 0.815062 68.5398 0 0
22.2465 -14.1973 61.8266 0.580742 0.0162361 0.813926 68.9267 0 0
21.8566 -15.4304 62.1222 0.581678 0.0157223 0.813267 69.2725 0 0
21.4391 -16.4956 62.4231 0.582141 0.0150022 0.812949 69.6635 0 0
21.0773 -17.762 62.7251 0.582187 0.0141055 0.812933 69.9621 0 0
20.8786 -18.7407 62.8806 0.581785 0.0131395 0.813236 70.4216 0 0
20.9747 -20.2906 62.8344 0.580901 0.0122356 0.813882 70.9262 0 0
21.3711 -21.9264 62.5731 0.579553 0.0114903 0.814853 71.2655 0 0
21.5704 -23.0511 62.4336 0.577852 0.0109415 0.816068 71.5668 0 0
21.4725 -24.0715 62.5228 0.576011 0.0105775 0.817373 71.992 0 0
21.0621 -25.4245 62.8168 0.57434 0.0103459 0.818552 72.3238 0 0
20.6538 -26.4538 63.1193 0.573187 0.0101557 0.819362 72.8737 0 0
19.5722 -27.8301 63.8807 0.572852 0.00990208 0.819599 73.1238 0 0
18.9479 -28.2376 64.3184 0.573495 0.00952368 0.819154 73.3832 0 0
19.2628 -29.025 64.108 0.575094 0.0090466 0.818037 73.791 0 0
20.1533 -28.1784 63.4913 0.577454 0.00857424 0.816378 74.1068 0 0
20.8529 -27.4992 63.0077 0.580253 0.00823026 0.814395 74.5195 0 0
21.3925 -26.2661 62.5801 0.583119 0.00810099 0.812346 74.8452 0 0
21.8866 -25.3022 62.2189 0.585728 0.00821284 0.810466 75.1352 0 0
22.0453 -24.2963 62.1184 0.587888 0.00854393 0.808897 75.4268 0 0
22.1752 -23.3139 62.0034 0.589596 0.00904503 0.807648 75.7425 0 0
22.0754 -22.2394 62.056 0.591006 0.0096504 0.80661 76.0424 0 0
21.7968 -21.2563 62.2466 0.592326 0.0102812 0.805633 76.4422 0 0
21.5568 -19.9075 62.4069 0.593675 0.0108553 0.804632 76.7641 0 0
21.5395 -18.8081 62.4058 0.594989 0.0113092 0.803654 77.2136 0 0
21.8858 -17.3487 62.1311 0.596026 0.0116193 0.802881 77.6859 0 0
22.3424 -15.8204 61.7788 0.596452 0.0118116 0.802562 78.0126 0 0
22.6807 -14.7892 61.5129 0.595944 0.0119581 0.802937 78.4156 0 0
22.9893 -13.4772 61.2469 0.59425 0.0121587 0.804188 78.7136 0 0
23.2105 -12.4809 61.0633 0.59117 0.0125084 0.80645 79.1446 0 0
23.039 -10.9993 61.1805 0.586512 0.0130529 0.809835 79.515 0 0
22.7001 -9.79007 61.4093 0.580112 0.0137626 0.81442 79.9007 0 0
22.0283 -8.74305 61.8801 0.571888 0.0145569 0.820202 80.2593 0 0
21.3143 -7.88011 62.3559 0.561903 0.0153676 0.82706 80.603 0 0
20.4676 -7.30831 62.9295 0.550375 0.0161829 0.834761 80.9247 0 0
19.6254 -6.91197 63.5022 0.537654 0.0170315 0.842994 81.2921 0 0
18.5952 -7.03218 64.165 0.524186 0.0179298 0.851415 81.6478 0 0
17.603 -7.05015 64.7721 0.510485 0.0188618 0.85968 81.9803 0 0
16.7056 -7.29986 65.2699 0.497113 0.0198137 0.867459 82.3082 0 0
15.8635 -7.71648 65.7379 0.484647 0.0208098 0.874462 82.7933 0 0
14.919 -8.80494 66.2862 0.47365 0.0218915 0.880441 83.2145 0 0
14.1696 -9.77516 66.71 0.464628 0.0230576 0.885206 83.6669 0 0
13.7656 -11.0276 66.9733 0.45798 0.0242494 0.888632 84.1673 0 0
13.2946 -12.3717 67.2277 0.453927 0.0254232 0.890676 84.567 0 0
13.4494 -13.5091 67.1673 0.452433 0.0266456 0.8914 85.0213 0 0
13.4324 -14.856 67.2037 0.453136 0.0281104 0.890998 85.3702 0 0
13.8561 -15.8148 67.0453 0.455366 0.0300402 0.889798 85.7346 0 0
14.0786 -16.8748 66.9834 0.458309 0.0325335 0.888197 86.2605 0 0
14.3901 -18.3864 66.8836 0.461287 0.0354556 0.886542 86.5969 0 0
14.2998 -19.3817 66.9412 0.463999 0.0384399 0.885001 87.1432 0 0
13.7919 -20.928 67.2605 0.466597 0.0409945 0.883519 87.5168 0 0
13.2103 -21.797 67.6231 0.469571 0.0426584 0.881864 87.869 0 0
13.1209 -22.8029 67.7504 0.473523 0.043134 0.879724 88.2271 0 0
12.893 -23.7761 67.9463 0.478925 0.0423428 0.876834 88.5907 0 0
12.8626 -24.8012 68.0214 0.485939 0.0403869 0.873059 88.972 0 0
12.9928 -25.877 68.0117 0.49437 0.0374472 0.868445 89.3275 0 0
13.3222 -26.8256 67.8571 0.503752 0.033683 0.863191 89.6829 0 0
13.8114 -27.7183 67.6067 0.513528 0.0291916 0.857576 90.2348 0 0
14.8765 -28.8121 67.0002 0.523221 0.0240334 0.851858 90.6513 0 0
15.7308 -29.5904 66.4695 0.532553 0.018286 0.846199 90.9821 0 0
16.5788 -29.5185 65.8973 0.541466 0.0120802 0.840636 91.4341 0 0
17.7974 -29.4749 65.0791 0.550064 0.00559793 0.835104 91.8328 0 0
18.906 -29.2419 64.3531 0.558496 -0.000955099 0.829454 91.8328 0 0
17.9288 -16.3325 64.8005 0.523774 0.0158898 0.851076 92.1569 1 0
17.5704 -15.389 64.9975 0.526553 0.0151031 0.850008 92.4898 0 0
17.3697 -14.3714 65.1029 0.529511 0.0144671 0.848179 92.8749 0 0
17.3261 -13.186 65.0984 0.532847 0.014131 0.846093 93.2086 0 0
17.6003 -12.2171 64.9053 0.536275 0.014198 0.843924 93.6302 0 0
18.5691 -11.5524 64.2875 0.539442 0.0146701 0.841895 94.0041 0 0
19.3945 -12.259 63.7535 0.542054 0.0154259 0.840202 94.3056 0 0
19.3503 -13.2769 63.7869 0.543962 0.0162565 0.838952 94.706 0 0
18.9324 -14.5228 64.0909 0.54519 0.0169426 0.838141 95.0673 0 0
18.5922 -15.6459 64.3425 0.545893 0.0173389 0.837676 95.255 0 0
18.2817 -16.1333 64.5617 0.546282 0.017425 0.83742 95.6691 0 0
18.275 -14.7942 64.5269 0.546553 0.0173009 0.837246 95.9897 0 0
17.8361 -13.8872 64.7994 0.546842 0.0171336 0.83706 96.3543 0 0
18.1422 -12.8065 64.5711 0.547225 0.0170824 0.836811 96.6118 0 0
18.8203 -13.0403 64.1382 0.547719 0.0172388 0.836485 96.9035 0 0
18.3191 -13.8004 64.4818 0.548309 0.0176046 0.83609 97.1515 0 0
18.3285 -14.6103 64.488 0.548959 0.0181091 0.835653 97.1893 0 0
18.2963 -14.7273 64.5109 0.549613 0.0186492 0.835187 97.1893 0 0
