-49.2871 -44.269 34.8509 -0.771277 -0.0143614 0.636338 0 1 1
-48.781 -44.6161 35.4382 -0.769591 -0.0145616 0.638371 3.23888 0 1
-48.8182 -43.5727 35.4172 -0.767775 -0.0146299 0.640553 4.54869 0 1
-49.257 -43.3074 34.9112 -0.765825 -0.0145231 0.642885 5.15606 0 1
-49.2811 -43.6868 34.8713 -0.763864 -0.0142445 0.645221 6.48704 0 1
-49.7974 -43.9202 34.2418 -0.762133 -0.013848 0.647272 8.02195 0 1
-49.6627 -42.7554 34.4374 -0.760924 -0.0134225 0.648702 9.69035 0 1
-48.9551 -42.2584 35.2859 -0.760466 -0.0130595 0.649246 12.2212 0 1
-48.3084 -43.6732 35.9904 -0.76083 -0.0128179 0.648825 14.4201 0 1
-48.325 -44.786 35.9501 -0.761869 -0.0127115 0.647607 16.3945 0 1
-48.7263 -45.6823 35.4817 -0.76323 -0.0127185 0.646001 18.3275 0 1
-49.5401 -45.4086 34.5239 -0.764449 -0.0127962 0.644558 20.0963 0 1
-49.7841 -44.2179 34.2497 -0.765094 -0.0128904 0.643789 21.0928 0 1
-50.192 -44.6322 33.746 -0.764913 -0.0129484 0.644003 22.1821 0 1
-50.237 -43.6183 33.719 -0.763897 -0.0129409 0.645209 23.2456 0 1
-50.1761 -42.6206 33.8198 -0.762271 -0.0128815 0.64713 24.5996 0 1
-49.6709 -41.6958 34.4494 -0.760419 -0.0128195 0.649306 26.5431 0 1
-48.6923 -41.5794 35.5949 -0.758773 -0.0128028 0.651229 27.9885 0 1
-48.0391 -42.2174 36.3108 -0.757711 -0.0128371 0.652464 29.4817 0 1
-47.8913 -43.212 36.4643 -0.757478 -0.0128786 0.652733 31.3322 0 1
-47.8457 -44.2303 36.5029 -0.758164 -0.0128618 0.651937 33.3639 0 1
-47.8811 -45.24 36.4491 -0.759706 -0.0127346 0.650142 35.5331 0 1
-48.3464 -46.3334 35.8991 -0.761919 -0.0124744 0.647552 36.9353 0 1
-49.0612 -46.4437 35.0719 -0.76453 -0.0120846 0.644475 38.4389 0 1
-49.8372 -46.2575 34.156 -0.767207 -0.0115949 0.641295 40.1363 0 1
-50.1586 -44.9994 33.7832 -0.769586 -0.0110689 0.638447 40.4518 0 1
-50.183 -44.7122 33.7552 -0.771308 -0.0106039 0.636373 41.2189 0 1
-50.6203 -44.8309 33.2058 -0.772073 -0.0103026 0.63545 42.5396 0 1
-50.6647 -43.2559 33.1896 -0.771706 -0.0102278 0.635897 43.5896 0 1
-50.5827 -41.9983 33.3169 -0.770209 -0.0103764 0.637707 44.4814 0 1
-50.2647 -41.1312 33.7189 -0.767772 -0.0106931 0.640634 45.5432 0 1
-49.6545 -40.8999 34.4781 -0.764749 -0.0111077 0.644232 46.6721 0 1
-48.9427 -40.8359 35.3386 -0.761603 -0.0115587 0.647941 47.6824 0 1
-48.264 -40.9007 36.1023 -0.758823 -0.0119873 0.651187 49.0845 0 1
-47.579 -41.8625 36.8332 -0.756846 -0.012323 0.653477 51.3837 0 1
-47.4161 -43.5572 36.9938 -0.755985 -0.0124875 0.654469 53.3679 0 1
-47.3923 -44.5827 37.0012 -0.756371 -0.0124211 0.654025 56.0755 0 1
-47.4844 -46.0108 36.8812 -0.757939 -0.0121148 0.652214 58.0905 0 1
-48.111 -47.0953 36.1481 -0.760451 -0.0116216 0.649291 59.3363 0 1
-48.9168 -47.1833 35.22 -0.763566 -0.011033 0.645635 60.4892 0 1
-49.6802 -47.1567 34.3257 -0.766914 -0.0104347 0.641665 61.5622 0 1
-50.3488 -46.8607 33.525 -0.770159 -0.00987453 0.637775 62.8088 0 1
-50.5751 -45.6358 33.2566 -0.773024 -0.00936764 0.634308 62.8489 0 1
-50.5822 -45.5904 33.2485 -0.775276 -0.00893178 0.631559 63.4525 0 1
-51.0178 -45.6429 32.6975 -0.776706 -0.00862246 0.629804 64.2677 0 1
-51.0717 -44.3333 32.649 -0.777126 -0.00853457 0.629288 65.1671 0 1
-51.0876 -42.8346 32.6656 -0.776414 -0.00875929 0.630162 66.0678 0 1
-51.0077 -41.3563 32.7908 -0.774573 -0.00932331 0.632416 66.7636 0 1
-50.7067 -40.4176 33.1673 -0.771752 -0.0101572 0.635842 67.6353 0 1
-50.0574 -40.2422 33.9891 -0.768222 -0.0111193 0.640087 68.5865 0 1
-49.2877 -40.1378 34.9287 -0.764315 -0.012057 0.644731 69.3332 0 1
-48.6459 -40.1347 35.7003 -0.760369 -0.0128651 0.649364 70.2446 0 1
-47.8333 -40.2982 36.6047 -0.756704 -0.0135043 0.653619 71.0391 0 1
-47.2476 -40.7862 37.2413 -0.753615 -0.0139772 0.657167 72.7613 0 1
-47.0048 -42.5304 37.4693 -0.751376 -0.0142808 0.65972 74.9663 0 1
-46.9468 -43.9268 37.5118 -0.750223 -0.0143734 0.661028 76.8594 0 1
-46.9387 -44.939 37.4995 -0.750334 -0.0141839 0.660907 79.7363 0 1
-47.0044 -46.5594 37.3946 -0.751773 -0.0136636 0.65928 81.0008 0 1
-47.2132 -47.5567 37.1435 -0.75446 -0.0128411 0.65622 82.0697 0 1
-48.0305 -47.8051 36.2219 -0.758166 -0.0118378 0.651954 83.0375 0 1
-48.8579 -47.9047 35.2677 -0.762557 -0.010826 0.646831 83.903 0 1
-49.6306 -47.878 34.3673 -0.767267 -0.00995036 0.641251 84.8806 0 1
-50.4733 -47.6816 33.3654 -0.771955 -0.00926253 0.63561 85.8901 0 1
-50.9735 -46.7143 32.7495 -0.77633 -0.00871518 0.630267 86.1218 0 1
-50.9878 -46.3549 32.7314 -0.780131 -0.00821921 0.625562 86.6081 0 1
-51.4487 -46.1951 32.1425 -0.78311 -0.00772261 0.621836 87.187 0 1
-51.4788 -44.7341 32.1263 -0.78502 -0.00726061 0.619428 87.6972 0 1
-51.5027 -43.4239 32.1206 -0.785643 -0.00695319 0.618641 88.1146 0 1
-51.5055 -42.3448 32.1415 -0.78484 -0.00695703 0.619659 88.5246 0 1
-51.4852 -41.3074 32.182 -0.7826 -0.00739604 0.622481 88.9458 0 1
-51.4049 -40.2896 32.2837 -0.779058 -0.00830032 0.626897 89.6833 0 1
-50.5106 -39.5282 33.4236 -0.774478 -0.00957978 0.632528 90.3918 0 1
-49.6809 -39.4781 34.4647 -0.769201 -0.0110458 0.638911 90.9484 0 1
-48.9923 -39.3912 35.2948 -0.76359 -0.0124721 0.645581 91.5444 0 1
-48.1912 -39.4714 36.2261 -0.757993 -0.0136669 0.652119 92.0995 0 1
-47.4742 -39.5875 37.0306 -0.752729 -0.0145253 0.65817 92.6853 0 1
-46.8148 -40.0031 37.749 -0.748071 -0.0150436 0.663448 93.5036 0 1
-46.6286 -41.1273 37.9202 -0.744253 -0.0152944 0.667723 94.7987 0 1
-46.5405 -42.2897 37.9898 -0.741465 -0.0153731 0.670815 96.9303 0 1
-46.4975 -43.7444 38.006 -0.739862 -0.0153461 0.672584 98.8748 0 1
-46.4806 -44.9328 38.0002 -0.739554 -0.0152202 0.672925 100.859 0 1
-46.49 -46.0438 37.9673 -0.740607 -0.0149431 0.671773 102.485 0 1
-46.5175 -47.2017 37.911 -0.743015 -0.0144318 0.669119 103.624 0 1
-46.7365 -48.2792 37.6417 -0.746679 -0.0136253 0.665045 104.266 0 1
-47.4031 -48.5097 36.911 -0.751376 -0.0125388 0.659756 105.157 0 1
-48.535 -48.6092 35.6238 -0.756773 -0.0112826 0.65358 105.659 0 1
-49.2173 -48.6362 34.8433 -0.762482 -0.0100233 0.646931 106.351 0 1
-50.1622 -48.536 33.7367 -0.768129 -0.00890589 0.640233 106.884 0 1
-50.8204 -48.4258 32.9318 -0.773415 -0.00798643 0.63385 107.597 0 1
-51.3962 -47.5058 32.214 -0.778139 -0.00722108 0.62805 107.95 0 1
-51.4378 -46.6763 32.1496 -0.782179 -0.00651224 0.62302 108.321 0 1
-51.9113 -46.1453 31.5506 -0.785448 -0.00577967 0.618901 108.723 0 1
-51.928 -44.2402 31.553 -0.787852 -0.00501879 0.615845 108.966 0 1
-51.9574 -43.0991 31.5367 -0.789278 -0.0043251 0.614021 109.204 0 1
-51.9802 -41.9684 31.5308 -0.789604 -0.00387774 0.613605 109.426 0 1
-51.9708 -40.9004 31.5397 -0.788728 -0.00388236 0.61473 109.663 0 1
-51.9247 -39.7648 31.5959 -0.7866 -0.00448839 0.617446 109.921 0 1
-51.3941 -38.978 32.2937 -0.783251 -0.00571757 0.621679 110.316 0 1
-50.7028 -38.7213 33.1876 -0.778813 -0.00744412 0.627212 110.611 0 1
-49.9727 -38.6676 34.1092 -0.773524 -0.00943528 0.633697 110.875 0 1
-49.2575 -38.6142 34.9895 -0.767702 -0.0114233 0.640706 111.091 0 1
-48.6076 -38.5933 35.7646 -0.761705 -0.0131711 0.64779 111.313 0 1
-47.9084 -38.6495 36.5791 -0.755886 -0.0145118 0.654542 111.574 0 1
-47.1389 -38.7541 37.4315 -0.75056 -0.0153617 0.660624 111.895 0 1
-46.3526 -39.1496 38.284 -0.745981 -0.0157123 0.665782 112.481 0 1
-46.103 -40.2161 38.5207 -0.742329 -0.015612 0.669854 113.912 0 1
-46.0645 -41.83 38.5127 -0.739702 -0.0151492 0.672764 115.362 0 1
-45.9588 -43.0361 38.5961 -0.738118 -0.014441 0.674517 117.032 0 1
-45.9431 -44.347 38.584 -0.737536 -0.01362 0.67517 118.789 0 1
-45.9591 -45.5176 38.5474 -0.737904 -0.0128149 0.674784 120.558 0 1
-45.9578 -46.6016 38.5262 -0.73919 -0.0121236 0.673388 122.681 0 1
-45.9067 -48.2665 38.5498 -0.741397 -0.0115833 0.670967 123.515 0 1
-46.3914 -49.0599 38.0072 -0.744535 -0.011152 0.667491 123.963 0 1
-47.0731 -49.3029 37.252 -0.748563 -0.0107202 0.662977 124.24 0 1
-47.7954 -49.3721 36.4509 -0.753343 -0.0101575 0.657549 124.459 0 1
-48.4555 -49.3065 35.7005 -0.758637 -0.00936897 0.651446 124.846 0 1
-49.5015 -49.5257 34.5023 -0.764157 -0.00832692 0.644976 125.109 0 1
-50.5175 -49.3368 33.2878 -0.769648 -0.00706198 0.638429 125.364 0 1
-51.2083 -49.2215 32.4366 -0.774953 -0.00563211 0.631994 125.682 0 1
-51.8071 -48.5376 31.6927 -0.780033 -0.00409556 0.625725 125.941 0 1
-51.9159 -47.4913 31.5422 -0.784942 -0.00250125 0.619565 126.075 0 1
-52.0063 -46.8731 31.4174 -0.789737 -0.00089256 0.61338 126.075 0 1
