-19.6838 44.2603 63.9587 -0.472974 0.0257256 0.880677 0 1 1
-19.6517 43.2476 63.9983 -0.472725 0.0249591 0.880856 0.326653 0 1
-19.4623 43.2013 64.101 -0.472386 0.0241157 0.881062 0.712401 0 1
-18.9813 44.562 64.3288 -0.47208 0.0231864 0.881251 1.06563 0 1
-19.0139 45.8779 64.2712 -0.471944 0.0221713 0.88135 1.44406 0 1
-19.6576 44.6621 63.9583 -0.472042 0.0210369 0.881325 1.64216 0 1
-20.2135 45.0573 63.6499 -0.472344 0.0197027 0.881194 2.02206 0 1
-19.9548 46.4848 63.7533 -0.472745 0.0180984 0.881013 2.42769 0 1
-18.641 46.8434 64.4556 -0.473106 0.0162609 0.880855 2.70598 0 1
-18.2543 45.9187 64.6895 -0.473289 0.0143802 0.88079 3.07455 0 1
-18.2438 44.5674 64.7255 -0.473191 0.0127242 0.880868 3.37436 0 1
-18.2994 43.463 64.7201 -0.472782 0.0114794 0.881105 3.72504 0 1
-18.3814 42.1559 64.694 -0.472124 0.010624 0.881468 4.07227 0 1
-19.1411 41.1939 64.2792 -0.471359 0.009932 0.881885 4.39746 0 1
-20.0616 41.8876 63.7957 -0.470659 0.0091092 0.882268 4.72978 0 1
-20.2389 43.1458 63.6861 -0.47015 0.00796679 0.882551 5.00464 0 1
-20.253 44.1934 63.6542 -0.469874 0.00652552 0.88271 5.1956 0 1
-20.8615 43.924 63.3462 -0.469792 0.00500338 0.882763 5.57192 0 1
-20.8137 42.4904 63.3908 -0.469848 0.00371517 0.88274 5.9538 0 1
-20.6415 41.0407 63.4744 -0.470028 0.0029505 0.882646 6.19644 0 1
-19.9585 40.5055 63.831 -0.47038 0.0028828 0.882459 6.47003 0 1
-19.0408 40.3085 64.3267 -0.470962 0.0035261 0.882147 6.8884 0 1
-17.8174 41.0726 64.9917 -0.471756 0.00473721 0.881716 7.17175 0 1
-17.7108 42.0913 65.0504 -0.472603 0.00626488 0.881253 7.46365 0 1
-17.6627 43.1516 65.0648 -0.473219 0.00784036 0.88091 7.75876 0 1
-17.5986 44.2294 65.0794 -0.473299 0.00927344 0.880853 8.05714 0 1
-17.5904 45.2983 65.0727 -0.472653 0.0105008 0.881186 8.34662 0 1
-17.6203 46.3283 65.0314 -0.471287 0.0115624 0.881904 8.64177 0 1
-17.8564 47.3498 64.8777 -0.469407 0.0125305 0.882893 8.93233 0 1
-18.7201 47.6809 64.3974 -0.467333 0.0134433 0.883979 9.21685 0 1
-19.6539 47.6454 63.9036 -0.465387 0.0142747 0.884992 9.57384 0 1
-20.6111 46.8515 63.418 -0.463807 0.0149507 0.88581 9.98404 0 1
-20.8242 45.3216 63.3332 -0.462726 0.0153989 0.886368 10.1411 0 1
-20.8499 44.7231 63.3359 -0.462198 0.0156022 0.886639 10.3192 0 1
-21.4538 44.6565 63.0253 -0.462215 0.0156172 0.886631 10.5989 0 1
-21.4272 45.7295 63.0156 -0.462675 0.015534 0.886392 10.9447 0 1
-21.367 47.0575 63.0261 -0.463354 0.0154084 0.886039 11.2185 0 1
-21.0846 48.0497 63.1602 -0.463926 0.015219 0.885743 11.5577 0 1
-19.9966 48.4011 63.7228 -0.464074 0.0148765 0.885671 11.8335 0 1
-19.0877 48.4553 64.1905 -0.463639 0.0142607 0.885909 12.1316 0 1
-18.1118 48.4218 64.7169 -0.462713 0.0132492 0.886409 12.4424 0 1
-17.178 48.0626 65.2342 -0.461615 0.0117378 0.887003 12.9677 0 1
-16.947 46.2725 65.4049 -0.460751 0.00967087 0.887477 13.3154 0 1
-16.9453 45.0529 65.422 -0.460446 0.0070863 0.88766 13.6281 0 1
-16.958 43.9585 65.4172 -0.460832 0.00415139 0.887478 13.9264 0 1
-16.9882 42.9051 65.4159 -0.461827 0.00116235 0.886969 14.2251 0 1
-17.0285 41.8458 65.4108 -0.463198 -0.00150768 0.886254 14.6978 0 1
-17.2155 40.1812 65.3076 -0.464658 -0.00350699 0.885483 14.9825 0 1
-17.9591 39.6249 64.9031 -0.465965 -0.00461741 0.884791 15.4371 0 1
-19.4153 39.5513 64.11 -0.466981 -0.00482887 0.884254 15.7821 0 1
-20.5756 39.6575 63.4884 -0.467665 -0.00433714 0.883895 16.033 0 1
-21.2538 40.2742 63.1354 -0.468039 -0.00346861 0.883701 16.4491 0 1
-21.4284 41.9142 63.0679 -0.468143 -0.0025781 0.883649 16.7688 0 1
-21.4722 43.1408 63.0374 -0.468028 -0.00197121 0.883711 16.9951 0 1
-21.4622 44.0125 63.034 -0.467771 -0.00186847 0.883848 17.2092 0 1
-22.1713 44.178 62.6587 -0.467478 -0.00238909 0.884002 17.5894 0 1
-22.2911 42.7007 62.6038 -0.467247 -0.00352498 0.88412 17.8583 0 1
-22.1875 41.6524 62.6583 -0.46711 -0.0051053 0.884185 18.1249 0 1
-22.0795 40.6101 62.7018 -0.466978 -0.00679476 0.884243 18.5647 0 1
-21.5 38.9765 62.9931 -0.466664 -0.00817308 0.884397 18.8449 0 1
-20.5261 38.7414 63.502 -0.465954 -0.00887946 0.884764 19.1424 0 1
-19.5035 38.604 64.0378 -0.464718 -0.00873081 0.885416 19.4435 0 1
-18.4797 38.6434 64.5933 -0.462987 -0.0077324 0.886331 19.7223 0 1
-17.5631 38.7053 65.0919 -0.46096 -0.00599596 0.887401 20.1668 0 1
-16.3779 39.5762 65.7423 -0.458937 -0.0036563 0.888462 20.5206 0 1
-16.3471 40.8206 65.759 -0.457229 -0.000857188 0.889348 20.8802 0 1
-16.3164 42.078 65.7631 -0.45608 0.00220982 0.889936 21.3281 0 1
-16.2354 43.6669 65.7727 -0.455616 0.00528798 0.890161 21.6405 0 1
-16.2309 44.7919 65.7878 -0.455844 0.0081053 0.890023 21.96 0 1
-16.2569 45.9169 65.7723 -0.456661 0.0104617 0.889579 22.2738 0 1
-16.2845 46.9994 65.7298 -0.457889 0.0122873 0.888924 22.5805 0 1
-16.3283 48.0511 65.6767 -0.459303 0.0136355 0.888175 22.9695 0 1
-17.0533 49.0862 65.2697 -0.460672 0.0146253 0.88745 23.3471 0 1
-18.1838 49.3301 64.657 -0.461809 0.0153677 0.886846 23.649 0 1
-19.1592 49.3247 64.1476 -0.462603 0.0159097 0.886423 23.9289 0 1
-20.0826 49.3206 63.6703 -0.463038 0.0162185 0.88619 24.227 0 1
-21.0402 49.1742 63.1537 -0.463177 0.0162112 0.886118 24.6118 0 1
-22.0958 48.3261 62.6228 -0.463115 0.0158112 0.886157 25.0403 0 1
-22.1162 46.6793 62.6362 -0.462942 0.0150016 0.886262 25.325 0 1
-22.1314 45.5694 62.6547 -0.462716 0.0138462 0.886398 25.408 0 1
-22.1348 45.2469 62.6606 -0.462469 0.0124758 0.886548 25.5954 0 1
-22.1709 44.52 62.6579 -0.462195 0.0110498 0.88666 25.5954 0 1
