19.1718 43.3243 65.4012 0.455899 0.0144007 0.889915 0 1 1
19.2042 44.3859 65.3665 0.453906 0.0142763 0.890935 0.739783 0 1
19.5138 45.9731 65.1904 0.452253 0.0141016 0.891778 1.00263 0 1
20.2149 45.4123 64.8396 0.451054 0.0138609 0.892389 1.34671 0 1
19.556 44.3618 65.1909 0.450296 0.0135632 0.892776 1.63847 0 1
19.8443 43.3362 65.0632 0.449836 0.0132517 0.893013 1.9132 0 1
19.8964 42.3213 65.0549 0.449472 0.0129965 0.8932 2.11846 0 1
19.2194 42.367 65.3906 0.44904 0.0128606 0.893419 2.21511 0 1
19.2115 42.7183 65.3904 0.448477 0.012847 0.893702 2.42729 0 1
18.558 42.9566 65.7211 0.447835 0.0128671 0.894024 2.78854 0 1
18.6531 41.6852 65.6876 0.447224 0.0127665 0.894331 3.15951 0 1
19.6268 40.9379 65.2009 0.446751 0.0124079 0.894572 3.5436 0 1
20.5929 41.8635 64.7234 0.44648 0.0117604 0.894716 3.84362 0 1
20.5712 42.972 64.711 0.44643 0.0109328 0.894752 4.27257 0 1
20.7121 44.5591 64.6116 0.446602 0.0101326 0.894675 4.57729 0 1
20.8048 45.6925 64.5392 0.446972 0.00957908 0.894497 4.85778 0 1
20.5061 46.6977 64.6894 0.447477 0.00941982 0.894246 5.10531 0 1
19.7433 47.0299 65.0742 0.447995 0.00967863 0.893984 5.41401 0 1
18.8302 46.5541 65.5331 0.448367 0.0102488 0.893791 5.8197 0 1
18.694 45.1161 65.6117 0.44846 0.0109302 0.893736 6.15284 0 1
18.6024 43.9273 65.6828 0.448237 0.0114988 0.893841 6.39491 0 1
18.5625 43.0707 65.7174 0.447773 0.0117859 0.89407 6.59996 0 1
17.9796 43.3841 66.0108 0.447215 0.0117411 0.89435 6.92026 0 1
18.0199 44.4855 65.9612 0.4467 0.0114494 0.894611 7.28025 0 1
18.0659 45.7409 65.9184 0.446294 0.0110901 0.894818 7.57877 0 1
18.1035 46.7889 65.8837 0.445973 0.0108509 0.89498 7.87346 0 1
18.5974 47.6711 65.6384 0.44566 0.0108409 0.895137 8.33134 0 1
20.0443 47.8342 64.9245 0.445286 0.0110509 0.89532 8.65075 0 1
21.0472 47.5623 64.4168 0.444849 0.0113797 0.895533 8.99663 0 1
21.3884 46.3446 64.247 0.444428 0.0116994 0.895738 9.43872 0 1
21.3728 44.6852 64.2787 0.444137 0.0119154 0.89588 9.73579 0 1
21.2554 43.5745 64.3634 0.444021 0.0119904 0.895936 10.0041 0 1
21.2273 42.573 64.3978 0.443972 0.0119399 0.895961 10.3395 0 1
21.2578 41.3248 64.4086 0.443734 0.0118124 0.89608 10.6492 0 1
20.7493 40.3333 64.6616 0.443026 0.0116667 0.896433 10.925 0 1
19.8338 40.2101 65.107 0.441698 0.0115486 0.897089 11.2623 0 1
18.7185 40.2998 65.6706 0.439831 0.0114706 0.898007 11.6826 0 1
17.9907 41.5658 66.0268 0.437714 0.0114063 0.899042 11.9939 0 1
17.9509 42.6425 66.0347 0.435748 0.0113046 0.899998 12.2064 0 1
17.3532 42.3237 66.3146 0.434333 0.0111177 0.900684 12.5085 0 1
17.3772 43.3741 66.2908 0.433774 0.0108253 0.900957 12.9856 0 1
17.3889 45.0136 66.2553 0.434208 0.0104497 0.900752 13.2779 0 1
17.4475 46.0252 66.2103 0.435584 0.0100597 0.900092 13.5789 0 1
17.4379 47.076 66.2014 0.437684 0.00975774 0.899076 13.8847 0 1
17.6896 48.1104 66.074 0.440197 0.00964769 0.897849 14.3371 0 1
19.0514 48.5678 65.4078 0.442812 0.00978679 0.896561 14.7766 0 1
20.4654 48.5455 64.7044 0.445278 0.0101489 0.895335 15.1155 0 1
21.5468 48.2924 64.1573 0.447421 0.0106298 0.89426 15.4201 0 1
22.0028 47.2822 63.9301 0.449136 0.0111039 0.893394 15.74 0 1
22.0162 46.0781 63.9345 0.450363 0.0114957 0.892772 16.1189 0 1
21.9819 44.6452 63.9739 0.451077 0.011805 0.892407 16.4822 0 1
21.903 43.2722 64.0411 0.451262 0.0120729 0.89231 16.7704 0 1
21.8898 42.186 64.0699 0.450888 0.0123366 0.892495 17.07 0 1
21.9135 41.0606 64.077 0.449906 0.0126188 0.892987 17.3363 0 1
21.8168 40.0675 64.1333 0.448292 0.0129375 0.893794 17.5958 0 1
21.0383 39.6244 64.5226 0.4461 0.0132997 0.894884 17.895 0 1
20.0419 39.476 65.0143 0.443501 0.0136855 0.89617 18.2054 0 1
19.0129 39.4836 65.5379 0.440775 0.0140591 0.897508 18.5838 0 1
17.8287 39.8341 66.12 0.438278 0.0144031 0.898724 18.9199 0 1
17.3691 40.8922 66.3352 0.436375 0.0147339 0.899644 19.217 0 1
17.3602 41.9178 66.3154 0.435352 0.0150722 0.900134 19.4577 0 1
16.6015 41.8349 66.6715 0.435342 0.0153983 0.900133 19.8012 0 1
16.6996 40.6335 66.6628 0.436299 0.015644 0.899666 20.2018 0 1
16.9348 39.2745 66.5526 0.438035 0.0157309 0.89882 20.5051 0 1
17.7541 38.7373 66.1603 0.440274 0.0156214 0.897727 20.9674 0 1
19.246 38.6745 65.4454 0.442714 0.0153429 0.896531 21.2608 0 1
20.1892 38.7338 64.9587 0.445067 0.0149729 0.895372 21.5634 0 1
21.1856 38.7988 64.4599 0.447108 0.014596 0.894361 21.8692 0 1
22.201 38.9363 63.9468 0.448716 0.0142615 0.89356 22.1706 0 1
22.6176 39.9792 63.7243 0.449893 0.0139612 0.892973 22.4764 0 1
22.7225 41.1412 63.6597 0.450725 0.0136421 0.892558 22.7421 0 1
22.7153 42.1548 63.6479 0.451316 0.013242 0.892266 23.1301 0 1
22.6833 43.6347 63.6411 0.451703 0.0127268 0.892078 23.4195 0 1
22.5901 44.7328 63.6648 0.451827 0.0121094 0.892023 23.6937 0 1
22.6323 45.7795 63.625 0.45155 0.0114417 0.892172 23.9904 0 1
22.6885 46.9132 63.5799 0.450713 0.0107924 0.892604 24.3065 0 1
22.6255 48.1211 63.6027 0.449202 0.0102244 0.893372 24.6372 0 1
21.9626 49.1346 63.9365 0.446983 0.00978752 0.894489 24.9675 0 1
20.8603 49.2493 64.4971 0.444107 0.00952306 0.895923 25.3097 0 1
19.7572 49.5109 65.0534 0.440696 0.00947155 0.897606 25.5915 0 1
18.8491 49.3638 65.5006 0.436951 0.00967448 0.899433 26.0666 0 1
17.32 49.1231 66.2402 0.433122 0.0101688 0.901278 26.3991 0 1
16.7696 48.1184 66.51 0.429473 0.010977 0.903013 26.8985 0 1
16.6338 46.3798 66.5925 0.426206 0.0120963 0.904545 27.2173 0 1
16.7011 45.2743 66.5724 0.423409 0.0134929 0.905838 27.7027 0 1
16.589 43.5917 66.6434 0.421032 0.0151026 0.90692 27.851 0 1
16.5932 43.0808 66.6507 0.418922 0.0168397 0.907866 28.0447 0 1
16.5934 42.4142 66.6575 0.416852 0.0186078 0.908716 28.0447 0 1
