-42.6267 41.5137 44.6618 -0.738483 -0.0094419 0.674205 0 1 0
-41.849 41.8167 45.5233 -0.739329 -0.00848569 0.673291 0.497227 0 0
-41.0992 41.6524 46.3485 -0.740044 -0.00768689 0.672514 0.742833 0 0
-40.349 41.4306 47.1791 -0.740598 -0.00706539 0.671911 0.967247 0 0
-39.6787 41.1962 47.9219 -0.740992 -0.00659581 0.671481 1.20477 0 0
-40.3902 41.1616 47.1318 -0.741241 -0.0062436 0.671209 1.46626 0 0
-41.1888 41.0863 46.2435 -0.741335 -0.00599752 0.671108 1.71613 0 0
-41.9676 41.0268 45.3826 -0.741215 -0.00587699 0.671242 1.9136 0 0
-42.5712 41.2361 44.7182 -0.740784 -0.00591507 0.671717 2.11253 0 0
-42.7794 40.3592 44.4801 -0.739941 -0.00613649 0.672644 2.33226 0 0
-42.0963 40.2234 45.2338 -0.73862 -0.00654744 0.67409 2.7261 0 0
-40.872 40.3749 46.5918 -0.736811 -0.00713803 0.676061 2.97609 0 0
-40.1045 40.4552 47.4455 -0.734559 -0.00788708 0.678499 3.24364 0 0
-39.2848 40.4915 48.3388 -0.731953 -0.00876084 0.681299 3.52378 0 0
-38.4345 40.5465 49.2531 -0.729097 -0.00970712 0.684342 3.79784 0 0
-37.6513 40.9473 50.0838 -0.726087 -0.0106538 0.68752 4.11938 0 0
-36.7437 40.4226 51.0346 -0.722999 -0.0115185 0.690753 4.36824 0 0
-36.0017 40.2372 51.7992 -0.7199 -0.0122284 0.69397 4.41654 0 0
-35.8557 40.2214 51.949 -0.716876 -0.0127391 0.697084 4.65905 0 0
-35.1759 39.8101 52.6363 -0.714057 -0.0130455 0.699966 4.9169 0 0
-34.4224 39.5271 53.3937 -0.711625 -0.0131755 0.702436 5.19046 0 0
-33.6112 39.3398 54.2061 -0.709788 -0.0131726 0.704292 5.44385 0 0
-32.8564 39.3107 54.9647 -0.708736 -0.0130744 0.705353 5.72712 0 0
-32.0738 39.7379 55.7332 -0.708582 -0.0129011 0.70551 6.08097 0 0
-32.2925 41.1837 55.5486 -0.709339 -0.0126567 0.704754 6.33188 0 0
-33.0185 41.4477 54.8387 -0.710922 -0.0123355 0.703162 6.58076 0 0
-33.7629 41.4636 54.0977 -0.713195 -0.0119282 0.700864 6.91486 0 0
-34.7601 41.3093 53.0911 -0.715998 -0.0114255 0.698009 7.31176 0 0
-35.9493 41.3119 51.8765 -0.719162 -0.0108209 0.694758 7.60999 0 0
-36.8375 41.4295 50.9499 -0.722507 -0.0101147 0.69129 7.85915 0 0
-37.568 41.672 50.1819 -0.725846 -0.00931943 0.687794 8.12158 0 0
-38.3441 41.4283 49.3601 -0.729002 -0.00846476 0.68446 8.38277 0 0
-39.0919 41.8196 48.5743 -0.731827 -0.00759496 0.681448 8.62853 0 0
-39.7986 42.0649 47.793 -0.734228 -0.00675796 0.67887 8.85302 0 0
-40.4664 42.2599 47.0531 -0.736166 -0.00599251 0.676775 9.08473 0 0
-41.1746 42.4272 46.2733 -0.737658 -0.00532306 0.675153 9.36629 0 0
-42.0479 42.5151 45.3113 -0.738751 -0.00476494 0.673962 9.58258 0 0
-42.7225 42.4755 44.5656 -0.739482 -0.00433507 0.673163 9.83409 0 0
-43.2138 41.5551 44.0177 -0.739856 -0.00405973 0.672753 10.0807 0 0
-42.9885 40.4474 44.2499 -0.73984 -0.00397365 0.672771 10.2696 0 0
-43.2 39.6236 44.0129 -0.739385 -0.00411146 0.673271 10.6146 0 0
-42.1248 39.4791 45.2 -0.73845 -0.00449962 0.674293 10.8681 0 0
-41.3374 39.5734 46.0698 -0.737025 -0.00515362 0.675846 11.1099 0 0
-40.5926 39.6755 46.898 -0.735132 -0.00607441 0.677897 11.3819 0 0
-39.7615 39.7572 47.8144 -0.73282 -0.00723562 0.680384 11.6461 0 0
-38.9606 39.8056 48.684 -0.730153 -0.0085673 0.68323 11.8927 0 0
-38.2133 39.8462 49.4763 -0.727189 -0.00995558 0.686365 12.1731 0 0
-37.3607 39.8281 50.374 -0.723985 -0.0112691 0.689724 12.4583 0 0
-36.5085 39.6177 51.2695 -0.720614 -0.0123996 0.693226 12.7466 0 0
-35.6652 39.2674 52.126 -0.717191 -0.0132903 0.69675 13.0075 0 0
-34.9122 38.9151 52.8801 -0.713881 -0.0139361 0.700129 13.2718 0 0
-34.1385 38.65 53.6594 -0.710878 -0.0143634 0.703169 13.5369 0 0
-33.3539 38.5336 54.4488 -0.708379 -0.0146062 0.705682 13.9284 0 0
-32.1985 38.7437 55.5979 -0.706552 -0.0146906 0.707509 14.1885 0 0
-31.538 39.2951 56.2459 -0.705527 -0.014629 0.708532 14.6037 0 0
-31.2938 40.9711 56.5196 -0.705379 -0.0144218 0.708683 14.8654 0 0
-31.8358 41.7519 56.0074 -0.706116 -0.0140636 0.707956 15.1092 0 0
-32.5144 42.1198 55.3473 -0.707677 -0.0135495 0.706406 15.3656 0 0
-33.2794 42.2242 54.5942 -0.709949 -0.0128806 0.704135 15.7238 0 0
-34.3508 42.1183 53.5224 -0.712793 -0.0120714 0.70127 16.0627 0 0
-35.3614 42.046 52.4944 -0.716055 -0.011153 0.697954 16.3041 0 0
-36.0811 42.0671 51.7486 -0.719567 -0.0101686 0.694348 16.6661 0 0
-37.1595 42.2548 50.6217 -0.723149 -0.00916204 0.690631 16.9207 0 0
-37.9225 42.4001 49.8162 -0.726625 -0.00816926 0.686986 17.1481 0 0
-38.6124 42.5093 49.0901 -0.729843 -0.00722126 0.683576 17.402 0 0
-39.3583 42.7299 48.2864 -0.732696 -0.00635156 0.680527 17.6371 0 0
-40.0463 42.9205 47.524 -0.73512 -0.00559802 0.677914 17.8652 0 0
-40.7367 43.083 46.7615 -0.737104 -0.00499365 0.675761 18.1034 0 0
-41.4673 43.2088 45.9565 -0.738681 -0.00455122 0.67404 18.4681 0 0
-42.5952 43.2688 44.7074 -0.739924 -0.00425143 0.672677 18.7202 0 0
-43.3702 43.0377 43.8506 -0.740926 -0.00404445 0.671575 19.0352 0 0
-43.7298 41.6654 43.4467 -0.741772 -0.00386671 0.670641 19.2496 0 0
-43.7015 40.6642 43.47 -0.742511 -0.00366551 0.669824 19.4435 0 0
-43.4822 39.8199 43.7023 -0.743145 -0.00341878 0.669122 19.6364 0 0
-43.7702 39.0288 43.3817 -0.743642 -0.00314108 0.66857 19.9863 0 0
-44.2235 40.5188 42.8869 -0.74396 -0.00287194 0.668218 20.2298 0 0
-44.2348 41.6611 42.8829 -0.744059 -0.00265277 0.668108 20.58 0 0
-44.1098 43.2909 43.021 -0.7439 -0.00250791 0.668286 20.7931 0 0
-43.5889 43.9248 43.607 -0.74344 -0.00244549 0.668798 21.0612 0 0
-42.7491 44.0333 44.5382 -0.742639 -0.00247774 0.669687 21.3373 0 0
-41.8831 43.9655 45.4964 -0.741471 -0.00264329 0.67098 21.6197 0 0
-41.0027 43.8859 46.4743 -0.739923 -0.00300878 0.672684 21.8426 0 0
-40.3202 43.7536 47.2283 -0.737991 -0.00364132 0.674801 22.064 0 0
-39.6498 43.5986 47.9686 -0.73566 -0.00456823 0.677336 22.2904 0 0
-38.9691 43.4278 48.7042 -0.732919 -0.00575341 0.680291 22.5241 0 0
-38.2722 43.2432 49.457 -0.729781 -0.00710634 0.683644 22.7759 0 0
-37.5177 43.0707 50.253 -0.726299 -0.00851471 0.687326 23.0182 0 0
-36.79 42.9185 51.0208 -0.722569 -0.00987813 0.691228 23.3573 0 0
-35.7684 42.8004 52.0941 -0.718719 -0.0111276 0.695211 23.6051 0 0
-35.025 42.804 52.8528 -0.714899 -0.0122294 0.69912 23.9088 0 0
-34.1094 42.8998 53.7779 -0.711268 -0.0131809 0.702798 24.1637 0 0
-33.3464 42.9796 54.5413 -0.707989 -0.0140047 0.706084 24.5467 0 0
-32.201 42.8163 55.6728 -0.705232 -0.0147398 0.708824 24.8473 0 0
-31.3766 42.3032 56.4693 -0.703154 -0.0154283 0.71087 25.094 0 0
-30.8529 41.5778 56.9647 -0.701875 -0.016098 0.712118 25.3769 0 0
-30.5218 40.5046 57.259 -0.70144 -0.0167458 0.712532 25.6415 0 0
-30.7324 39.468 57.0352 -0.701817 -0.0173285 0.712146 25.9091 0 0
-31.2086 38.6148 56.5502 -0.702922 -0.0177669 0.711045 26.2153 0 0
-32.0028 38.025 55.7727 -0.704657 -0.0179663 0.709321 26.4696 0 0
-32.7355 37.8012 55.0533 -0.706946 -0.0178457 0.707043 26.8447 0 0
-33.83 37.8095 53.9484 -0.70973 -0.0173633 0.70426 27.0906 0 0
-34.5496 37.9789 53.2214 -0.712946 -0.0165281 0.701024 27.3878 0 0
-35.403 38.3469 52.365 -0.716496 -0.015395 0.697422 27.677 0 0
-36.2425 38.7141 51.525 -0.720226 -0.0140498 0.693597 28.0168 0 0
-37.2368 39.0053 50.4922 -0.723952 -0.012592 0.689736 28.413 0 0
-38.4347 39.1157 49.2325 -0.727488 -0.0111193 0.686031 28.7402 0 0
-39.4217 39.0644 48.179 -0.730693 -0.00971634 0.682637 29.0079 0 0
-40.2188 38.9889 47.3045 -0.733496 -0.00844434 0.679642 29.269 0 0
-41.007 38.8847 46.4324 -0.735887 -0.00733292 0.677065 29.506 0 0
-41.7315 38.783 45.6312 -0.737907 -0.00637712 0.674873 29.7858 0 0
-42.6008 38.7147 44.6711 -0.739614 -0.0055476 0.673009 30.0471 0 0
-43.4147 38.7783 43.773 -0.741058 -0.0048134 0.671423 30.2173 0 0
-43.5785 38.0244 43.5883 -0.742267 -0.00416503 0.670092 30.4903 0 0
-44.3908 38.4133 42.6869 -0.743236 -0.00362204 0.66902 30.7567 0 0
-44.7111 39.5804 42.3342 -0.743947 -0.00321925 0.668231 31.0019 0 0
-44.7249 40.7494 42.3273 -0.744377 -0.0029805 0.667753 31.3479 0 0
-44.7218 42.3906 42.3339 -0.744507 -0.00289714 0.667609 31.5838 0 0
-44.6437 43.5089 42.4198 -0.744317 -0.00292596 0.66782 31.8446 0 0
-44.1395 44.5096 42.9874 -0.743788 -0.00300989 0.668409 32.1039 0 0
-43.3348 44.7624 43.9004 -0.742909 -0.00311128 0.669386 32.455 0 0
-42.2313 44.7544 45.1115 -0.74168 -0.00323962 0.670746 32.6728 0 0
-41.5488 44.6813 45.8718 -0.740112 -0.00345614 0.672475 32.9789 0 0
-40.598 44.5637 46.9263 -0.738204 -0.00384853 0.674566 33.2077 0 0
-39.9009 44.4245 47.6965 -0.735936 -0.00448801 0.677036 33.4452 0 0
-39.1815 44.2693 48.4764 -0.733281 -0.00539499 0.679905 33.6994 0 0
-38.4208 44.0789 49.2976 -0.730237 -0.00653356 0.683162 33.9558 0 0
-37.6559 43.8714 50.1139 -0.726847 -0.0078308 0.686754 34.1918 0 0
-36.947 43.7009 50.8614 -0.723192 -0.00920155 0.690586 34.4467 0 0
-36.1854 43.58 51.677 -0.719375 -0.010564 0.694542 34.7867 0 0
-35.167 43.5464 52.7266 -0.715518 -0.011847 0.698493 35.1381 0 0
-34.1069 43.6482 53.7941 -0.711759 -0.0129977 0.702303 35.3744 0 0
-33.4014 43.7326 54.5002 -0.708244 -0.0139943 0.705829 35.742 0 0
-32.3037 43.6505 55.5902 -0.705119 -0.0148569 0.708933 36.0015 0 0
-31.5581 43.3313 56.3155 -0.702515 -0.0156425 0.711497 36.2435 0 0
-30.9227 42.8439 56.9244 -0.700547 -0.0164183 0.713417 36.6074 0 0
-30.2127 41.6974 57.5845 -0.699307 -0.0172235 0.714614 36.952 0 0
-29.8915 40.3511 57.859 -0.698847 -0.018045 0.715043 37.2284 0 0
-30.1011 39.2626 57.6428 -0.699165 -0.0188236 0.714712 37.4796 0 0
-30.5186 38.4361 57.2191 -0.700199 -0.0194847 0.713682 37.7895 0 0
-31.2094 37.6419 56.5251 -0.701847 -0.0199695 0.712048 38.0919 0 0
-32.0089 37.1123 55.7386 -0.704001 -0.0202492 0.70991 38.3658 0 0
-32.8136 37.008 54.946 -0.706569 -0.0203178 0.707353 38.7148 0 0
-33.841 37.0344 53.9153 -0.709485 -0.0201779 0.704431 39.0769 0 0
-34.8979 37.3269 52.8478 -0.712697 -0.0198283 0.701192 39.3913 0 0
-35.8011 37.7438 51.9449 -0.716134 -0.0192576 0.697697 39.6513 0 0
-36.5584 38.0588 51.1865 -0.719692 -0.0184472 0.694048 39.9532 0 0
-37.4402 38.3 50.2662 -0.723229 -0.0173857 0.69039 40.2056 0 0
-38.2029 38.38 49.4654 -0.726589 -0.0160856 0.686884 40.4332 0 0
-38.8883 38.3727 48.7353 -0.729638 -0.0145897 0.683678 40.7596 0 0
-39.8696 38.3002 47.6782 -0.732291 -0.0129628 0.680869 41.0239 0 0
-40.6594 38.2007 46.803 -0.73452 -0.0112785 0.678494 41.2801 0 0
-41.4466 38.0868 45.9407 -0.736351 -0.00961353 0.676531 41.5184 0 0
-42.1819 37.9988 45.1281 -0.737846 -0.0080463 0.674921 41.7396 0 0
-42.873 37.9706 44.3665 -0.739069 -0.00665239 0.673597 41.8007 0 0
-43.0643 37.9731 44.1558 -0.740064 -0.00549266 0.672514 41.9834 0 0
-43.3452 37.2351 43.8409 -0.740851 -0.00460165 0.671654 42.2291 0 0
-44.1108 37.3441 42.9928 -0.741441 -0.00398473 0.671007 42.4845 0 0
-44.8913 37.6349 42.1248 -0.741856 -0.00362646 0.67055 42.7606 0 0
-45.229 38.8595 41.7526 -0.742135 -0.00350246 0.670242 42.9879 0 0
-45.208 39.9535 41.7804 -0.742318 -0.00358218 0.670038 43.2876 0 0
-45.214 41.397 41.7807 -0.742425 -0.00381876 0.669918 43.546 0 0
-45.2177 42.6383 41.7788 -0.742446 -0.00413778 0.669893 43.8628 0 0
-45.1463 44.1692 41.8689 -0.742337 -0.00444181 0.670012 44.1302 0 0
-44.609 45.1849 42.4663 -0.74204 -0.00463635 0.67034 44.3751 0 0
-43.8478 45.4936 43.3222 -0.7415 -0.00466671 0.670936 44.6997 0 0
-42.8183 45.5422 44.4747 -0.740684 -0.00454545 0.671838 44.9221 0 0
-42.1191 45.4883 45.246 -0.739572 -0.00435499 0.673064 45.3188 0 0
-40.8766 45.338 46.6242 -0.738141 -0.00422327 0.674633 45.5587 0 0
-40.1425 45.2225 47.4349 -0.736348 -0.00428368 0.67659 45.7827 0 0
-39.4602 45.1018 48.175 -0.734138 -0.0046363 0.678985 46.0266 0 0
-38.7261 44.9453 48.97 -0.731483 -0.00532562 0.681839 46.2944 0 0
-37.9282 44.728 49.8258 -0.728407 -0.00633833 0.685116 46.5673 0 0
-37.1112 44.4919 50.6943 -0.724991 -0.00761307 0.688717 46.7978 0 0
-36.4201 44.3625 51.4343 -0.721346 -0.00905277 0.692515 47.0782 0 0
-35.5852 44.2893 52.3206 -0.717582 -0.0105386 0.696395 47.3918 0 0
-34.6492 44.3251 53.268 -0.713785 -0.01195 0.700263 47.7801 0 0
-33.4892 44.4767 54.4265 -0.710033 -0.0131905 0.704045 48.0951 0 0
-32.5492 44.4764 55.3638 -0.706413 -0.0142117 0.707657 48.347 0 0
-31.8144 44.267 56.0905 -0.703047 -0.0150247 0.710984 48.6006 0 0
-31.1028 43.9023 56.7804 -0.700091 -0.0156932 0.713881 48.8514 0 0
-30.4591 43.3658 57.3808 -0.697716 -0.0163091 0.716189 49.2782 0 0
-29.6443 41.9987 58.1381 -0.696079 -0.0169545 0.717765 49.533 0 0
-29.3474 41.0332 58.3962 -0.69529 -0.0176644 0.718512 49.8099 0 0
-29.3038 39.9009 58.4098 -0.695382 -0.0184109 0.718405 50.1058 0 0
-29.6155 38.7724 58.095 -0.696293 -0.0191187 0.717503 50.4122 0 0
-30.159 37.7929 57.5508 -0.697885 -0.0197038 0.715938 50.6926 0 0
-30.7747 37.0672 56.9322 -0.699992 -0.0201095 0.713868 51.1007 0 0
-31.8369 36.3541 55.8773 -0.702466 -0.0203217 0.711427 51.5483 0 0
-33.1478 36.2167 54.5822 -0.705218 -0.0203583 0.708698 51.8772 0 0
-34.1216 36.3018 53.609 -0.708207 -0.0202473 0.705714 52.1486 0 0
-34.9166 36.5215 52.8062 -0.711415 -0.020004 0.702487 52.3959 0 0
-35.6253 36.8626 52.0997 -0.714806 -0.0196189 0.699048 52.6527 0 0
-36.3634 37.2134 51.3626 -0.7183 -0.0190614 0.695472 52.9101 0 0
-37.1074 37.4776 50.5923 -0.721779 -0.0182988 0.691881 53.1632 0 0
-37.8665 37.6175 49.7971 -0.725108 -0.0173206 0.688417 53.4269 0 0
-38.6706 37.6459 48.9535 -0.728163 -0.0161524 0.685214 53.7031 0 0
-39.5014 37.602 48.0623 -0.730852 -0.0148481 0.682374 53.9744 0 0
-40.3131 37.5164 47.1713 -0.733127 -0.0134631 0.679959 54.2224 0 0
-41.0664 37.4069 46.3442 -0.73498 -0.0120278 0.677983 54.4717 0 0
-41.8357 37.3002 45.5042 -0.736443 -0.0105457 0.676417 54.7264 0 0
-42.6243 37.2297 44.6356 -0.737579 -0.00902001 0.6752 54.7397 0 0
-42.6657 37.2284 44.5899 -0.738463 -0.00748734 0.674253 54.9281 0 0
-42.3319 36.5013 44.9495 -0.739159 -0.0060274 0.673504 55.1508 0 0
-43.021 36.4788 44.1901 -0.739714 -0.00474269 0.672904 55.399 0 0
-43.8014 36.5192 43.3353 -0.740153 -0.00372156 0.672428 55.6528 0 0
-44.5898 36.6647 42.4606 -0.740487 -0.00300576 0.672064 55.8726 0 0
-45.2662 36.94 41.7176 -0.740733 -0.00257882 0.671795 56.2002 0 0
-45.7801 38.2945 41.1363 -0.740921 -0.002383 0.671588 56.4518 0 0
-45.7009 39.5047 41.229 -0.741095 -0.00235686 0.671396 56.6683 0 0
-45.693 40.5539 41.2472 -0.741298 -0.00247172 0.671172 57.0008 0 0
-45.7281 42.158 41.2143 -0.74155 -0.00274392 0.670892 57.2199 0 0
-45.7278 43.2225 41.2208 -0.74183 -0.00321476 0.67058 57.5673 0 0
-45.6213 44.9058 41.3528 -0.742077 -0.00390954 0.670304 57.7822 0 0
-45.2253 45.7661 41.7872 -0.742195 -0.00480034 0.670166 58.008 0 0
-44.5255 46.1131 42.5614 -0.742085 -0.00579488 0.670281 58.2346 0 0
-43.8061 46.2925 43.3752 -0.741658 -0.00675705 0.670744 58.5408 0 0
-42.8359 46.3037 44.4678 -0.740857 -0.0075489 0.671621 58.7797 0 0
-42.0861 46.2293 45.2946 -0.739638 -0.0080769 0.672956 59.0617 0 0
-41.2063 46.123 46.2759 -0.737967 -0.00832419 0.674785 59.3273 0 0
-40.3927 46.0014 47.1748 -0.735813 -0.00835586 0.677133 59.6707 0 0
-39.3497 45.8512 48.3014 -0.733174 -0.00829653 0.67999 60.0302 0 0
-38.2682 45.6146 49.4657 -0.730097 -0.00829209 0.683293 60.343 0 0
-37.3381 45.3186 50.4605 -0.726669 -0.00846912 0.686935 60.626 0 0
-36.4904 45.1357 51.3652 -0.722992 -0.00890075 0.690799 60.9115 0 0
-35.6345 45.0394 52.2724 -0.719145 -0.00958898 0.694794 61.1586 0 0
-34.8988 45.0435 53.0319 -0.715182 -0.010473 0.698859 61.4558 0 0
-34.0111 45.1559 53.9204 -0.711153 -0.0114612 0.702944 61.7023 0 0
-33.2743 45.2485 54.6534 -0.707129 -0.0124697 0.706975 62.0969 0 0
-32.0983 45.169 55.8279 -0.70323 -0.013451 0.710835 62.3437 0 0
-31.3988 44.8715 56.5177 -0.699628 -0.0144039 0.714362 62.634 0 0
-30.5914 44.4377 57.2841 -0.696517 -0.0153659 0.717376 63.0151 0 0
-29.6978 43.4558 58.1147 -0.694077 -0.0163847 0.719715 63.317 0 0
-29.1524 42.46 58.6103 -0.692433 -0.0174781 0.721271 63.8017 0 0
-28.6652 40.58 59.0258 -0.691645 -0.0186027 0.721998 64.0567 0 0
-28.7251 39.5421 58.9457 -0.69171 -0.019657 0.721908 64.438 0 0
-29.2061 38.146 58.4608 -0.692575 -0.0205206 0.721054 64.861 0 0
-30.0243 36.8716 57.6562 -0.694146 -0.0211075 0.719524 65.1145 0 0
-30.5941 36.2643 57.0778 -0.69631 -0.0213991 0.717422 65.4974 0 0
-31.6024 35.6264 56.0754 -0.698943 -0.0214411 0.714856 65.7855 0 0
-32.4439 35.4339 55.2549 -0.701927 -0.0213109 0.71193 66.1517 0 0
-33.524 35.4591 54.1908 -0.705157 -0.0210832 0.708738 66.4209 0 0
-34.3176 35.5473 53.3898 -0.708547 -0.0208117 0.705356 66.7914 0 0
-35.392 35.9347 52.3099 -0.712026 -0.020527 0.701853 67.0263 0 0
-36.0583 36.297 51.6474 -0.715514 -0.0202361 0.698306 67.269 0 0
-36.7512 36.613 50.9383 -0.718911 -0.0199171 0.694817 67.5168 0 0
-37.4856 36.8176 50.1747 -0.722098 -0.0195242 0.691515 67.7771 0 0
-38.2749 36.8996 49.3477 -0.724964 -0.0190147 0.688524 68.0531 0 0
-39.1195 36.8877 48.4606 -0.727433 -0.0183898 0.685933 68.3431 0 0
-39.9786 36.8175 47.5183 -0.729463 -0.0177171 0.683791 68.5989 0 0
-40.7507 36.7109 46.6683 -0.73103 -0.0171118 0.68213 68.8688 0 0
-41.5845 36.6022 45.7564 -0.732105 -0.0166875 0.680987 69.0675 0 0
-42.2099 36.5123 45.0838 -0.732644 -0.0165097 0.680412 69.235 0 0
-42.0761 35.7653 45.2144 -0.732602 -0.0165762 0.680455 69.4693 0 0
-41.3442 35.8895 46.0032 -0.731957 -0.0168293 0.681143 69.7158 0 0
-40.5758 35.9818 46.8396 -0.730715 -0.0171882 0.682467 70.0215 0 0
-39.6352 36.1049 47.8742 -0.728907 -0.0175888 0.684386 70.2474 0 0
-38.9499 36.1494 48.6195 -0.726583 -0.0180137 0.686843 70.5993 0 0
-37.8799 36.1324 49.7416 -0.723792 -0.0184996 0.689771 70.8478 0 0
-37.1255 35.9961 50.5278 -0.720593 -0.0191152 0.693095 71.0784 0 0
-36.4476 35.7226 51.2302 -0.717061 -0.0199173 0.696725 71.4294 0 0
-35.4562 35.1485 52.2246 -0.713292 -0.0209032 0.700555 71.7764 0 0
-34.4366 34.7826 53.2495 -0.7094 -0.0219837 0.704463 72.0469 0 0
-33.6304 34.6878 54.0663 -0.705509 -0.022995 0.708328 72.4548 0 0
-32.4088 34.6391 55.259 -0.701741 -0.0237486 0.712036 72.7129 0 0
-31.6478 34.7602 55.9989 -0.698208 -0.0240928 0.71549 72.9826 0 0
-30.8922 35.1129 56.7402 -0.695005 -0.0239561 0.718606 73.3247 0 0
-30.0408 35.8432 57.5921 -0.692216 -0.0233544 0.721313 73.6163 0 0
-29.42 36.6248 58.2149 -0.689914 -0.0223677 0.723546 73.8984 0 0
-28.8794 37.4582 58.746 -0.688173 -0.0211039 0.72524 74.1528 0 0
-28.4352 38.2689 59.1871 -0.687073 -0.0196713 0.726322 74.4449 0 0
-28.1287 39.3666 59.4992 -0.686694 -0.0181649 0.726719 74.8968 0 0
-28.1588 41.2036 59.5161 -0.687096 -0.0166655 0.726375 75.216 0 0
-28.4918 42.4284 59.2298 -0.688288 -0.0152364 0.725278 75.5652 0 0
-29.0272 43.666 58.7495 -0.690229 -0.0139148 0.723457 75.9089 0 0
-29.7717 44.6427 58.0653 -0.692849 -0.0127078 0.720971 76.1708 0 0
-30.4388 45.213 57.4444 -0.696058 -0.0116008 0.717892 76.4885 0 0
-31.3308 45.6663 56.5994 -0.69975 -0.010579 0.71431 76.7658 0 0
-32.1074 45.9877 55.8322 -0.703789 -0.00964748 0.710343 77.0666 0 0
-32.9941 46.0172 54.9466 -0.708017 -0.00884005 0.70614 77.4026 0 0
-33.9908 45.9081 53.9522 -0.712277 -0.00821175 0.701851 77.7947 0 0
-35.1547 45.7505 52.7711 -0.716444 -0.00781628 0.697601 78.0407 0 0
-35.8856 45.8011 52.0164 -0.720445 -0.00767579 0.693469 78.3403 0 0
-36.7611 45.9569 51.0813 -0.724244 -0.00775666 0.6895 78.6321 0 0
-37.6235 46.2158 50.1633 -0.727814 -0.00796436 0.685729 78.9018 0 0
-38.4254 46.4464 49.307 -0.731114 -0.0081623 0.682207 79.2065 0 0
-39.3396 46.6067 48.3216 -0.734078 -0.00820991 0.679015 79.5417 0 0
-40.3534 46.7379 47.2289 -0.736628 -0.00800718 0.67625 79.8705 0 0
-41.3418 46.8781 46.1399 -0.738696 -0.00752782 0.673997 80.095 0 0
-42.0266 46.9746 45.3729 -0.740243 -0.00682499 0.672305 80.4335 0 0
-43.0853 47.1075 44.2003 -0.741281 -0.00600419 0.671168 80.6514 0 0
-43.7616 47.0776 43.4324 -0.741871 -0.00517165 0.670522 81.032 0 0
-44.9482 46.7831 42.0951 -0.74211 -0.00438318 0.670263 81.3514 0 0
-45.8903 46.1217 41.0492 -0.742106 -0.00362584 0.670273 81.6137 0 0
-46.1629 44.9045 40.7522 -0.741952 -0.00284859 0.670447 81.9326 0 0
-46.2428 43.3502 40.6535 -0.741715 -0.00202357 0.670712 82.1805 0 0
-46.2335 42.1379 40.6592 -0.741431 -0.00119523 0.671028 82.3909 0 0
-46.1931 41.1156 40.6983 -0.741115 -0.000482915 0.671378 82.7 0 0
-46.1813 39.6167 40.6984 -0.740768 -3.44903e-05 0.671761 83.0407 0 0
-46.3522 37.983 40.5072 -0.740383 3.99843e-05 0.672185 83.2953 0 0
-46.3443 36.7579 40.5284 -0.739949 -0.000286322 0.672663 83.5762 0 0
-45.5273 36.1907 41.437 -0.739454 -0.000960462 0.673207 83.8666 0 0
-44.6197 35.8986 42.4343 -0.738893 -0.00189707 0.67382 84.1863 0 0
-43.6059 35.7624 43.5437 -0.738257 -0.00303236 0.674513 84.443 0 0
-42.7996 35.7415 44.4265 -0.737517 -0.00434524 0.675315 84.5008 0 0
-42.6194 35.7477 44.625 -0.73662 -0.0058375 0.676282 84.6575 0 0
-42.6102 35.0231 44.6254 -0.735499 -0.0074972 0.677484 84.9013 0 0
-41.8454 35.0281 45.454 -0.73409 -0.00927598 0.678988 85.1263 0 0
-41.1445 35.1586 46.2127 -0.732348 -0.0110944 0.68084 85.4216 0 0
-40.2287 35.2856 47.2073 -0.730246 -0.0128687 0.683063 85.6893 0 0
-39.406 35.3655 48.0973 -0.727772 -0.01454 0.685665 86.0536 0 0
-38.2905 35.4158 49.2923 -0.724926 -0.0160885 0.688639 86.3153 0 0
-37.4916 35.3568 50.1268 -0.721723 -0.017529 0.69196 86.5444 0 0
-36.8081 35.1378 50.8365 -0.71821 -0.0188963 0.69557 86.8367 0 0
-35.9836 34.6553 51.6794 -0.714461 -0.0202274 0.699383 87.2082 0 0
-34.9217 34.1149 52.7397 -0.710574 -0.0215382 0.703293 87.4683 0 0
-34.1439 33.9429 53.5257 -0.706647 -0.0227994 0.707198 87.8239 0 0
-33.0782 33.8536 54.5773 -0.702762 -0.0239259 0.711022 88.1251 0 0
-32.1804 33.8542 55.4517 -0.698977 -0.0247911 0.714714 88.3684 0 0
-31.4643 33.9732 56.1471 -0.69534 -0.025263 0.718236 88.6868 0 0
-30.5892 34.4319 57.006 -0.691912 -0.0252469 0.721541 89.0882 0 0
-29.6021 35.2989 57.9853 -0.688781 -0.0247128 0.724549 89.3424 0 0
-29.0801 36.0083 58.5064 -0.686065 -0.0237023 0.727154 89.8123 0 0
-28.1777 37.3936 59.4032 -0.683886 -0.0223135 0.729248 90.0632 0 0
-27.7842 38.2263 59.7959 -0.682342 -0.0206714 0.73074 90.3359 0 0
-27.5419 39.2608 60.0422 -0.681494 -0.0188979 0.73158 90.6534 0 0
-27.452 40.5336 60.1531 -0.68137 -0.0170934 0.731739 90.9536 0 0
-27.6538 41.7274 59.9924 -0.681985 -0.0153349 0.731206 91.3633 0 0
-28.1346 43.2741 59.5786 -0.683339 -0.0136826 0.729973 91.6428 0 0
-28.5745 44.2515 59.1836 -0.685419 -0.0121817 0.728047 91.8884 0 0
-29.1101 44.9402 58.6905 -0.688193 -0.0108575 0.725446 92.2053 0 0
-29.8948 45.6766 57.9642 -0.691605 -0.00971503 0.722211 92.5329 0 0
-30.7903 46.2232 57.1238 -0.695563 -0.00874546 0.718412 92.7976 0 0
-31.5239 46.6242 56.4155 -0.699929 -0.00793611 0.714169 93.1917 0 0
-32.6781 46.7875 55.2721 -0.704522 -0.00727365 0.709645 93.5442 0 0
-33.7248 46.7079 54.2251 -0.709156 -0.00674267 0.705019 93.8456 0 0
-34.6248 46.5235 53.3279 -0.713679 -0.00632886 0.700444 94.2156 0 0
-35.7139 46.5049 52.1987 -0.718002 -0.0060274 0.696015 94.448 0 0
-36.3939 46.6601 51.4786 -0.722097 -0.00584395 0.691767 94.7005 0 0
-37.1407 46.8048 50.682 -0.725964 -0.00578047 0.687708 95.0484 0 0
-38.1679 47.1625 49.5915 -0.729596 -0.00581423 0.683854 95.3115 0 0
-38.9549 47.3168 48.7447 -0.732952 -0.00588534 0.680255 95.691 0 0
-40.099 47.4502 47.5101 -0.735967 -0.00590259 0.676992 95.9798 0 0
-40.9813 47.5466 46.5573 -0.738571 -0.0057692 0.674151 96.2487 0 0
-41.7858 47.703 45.6545 -0.740707 -0.00542106 0.671806 96.4807 0 0
-42.5043 47.821 44.8547 -0.742341 -0.00485998 0.670005 96.7594 0 0
-43.3748 47.8797 43.8805 -0.743461 -0.00416216 0.668767 97.0743 0 0
-44.3471 47.7145 42.7725 -0.744084 -0.00345216 0.668077 97.3945 0 0
-45.358 47.4522 41.6424 -0.744263 -0.00284899 0.66788 97.6678 0 0
-46.1992 47.0168 40.7045 -0.744091 -0.00240702 0.668073 97.9426 0 0
-46.6861 45.8886 40.164 -0.743689 -0.00208345 0.668522 98.1703 0 0
-46.687 44.7786 40.1695 -0.743181 -0.00175635 0.669088 98.3758 0 0
-46.7186 43.7794 40.1301 -0.742663 -0.00129076 0.669664 98.7128 0 0
-46.7317 42.1264 40.1121 -0.742184 -0.000618108 0.670196 98.9492 0 0
-46.6895 40.9789 40.1522 -0.741745 0.000216539 0.670681 99.1576 0 0
-46.6678 39.9684 40.1653 -0.741317 0.00106523 0.671154 99.4343 0 0
-46.7371 38.6308 40.0758 -0.740864 0.00173919 0.671653 99.7283 0 0
-47.1326 37.325 39.6495 -0.740361 0.00209053 0.672206 99.9694 0 0
-47.2708 36.1808 39.5136 -0.739806 0.00207461 0.672817 100.255 0 0
-46.4099 35.695 40.473 -0.73922 0.00176536 0.673462 100.475 0 0
-45.7302 35.4074 41.2209 -0.738643 0.0013215 0.674095 100.763 0 0
-44.8226 35.1456 42.212 -0.738137 0.000926923 0.67465 101.034 0 0
-43.9616 35.0068 43.1501 -0.737785 0.000736819 0.675035 101.331 0 0
-43.0222 35.0273 44.1771 -0.737692 0.00085256 0.675137 101.526 0 0
-43.1281 34.1363 44.0515 -0.737971 0.00132997 0.674831 101.775 0 0
-43.9155 34.1693 43.1987 -0.738726 0.00220897 0.674002 101.996 0 0
-44.6138 34.2562 42.4394 -0.740012 0.00354908 0.672584 102.21 0 0
-45.2801 34.4698 41.7147 -0.741799 0.00545862 0.6706 102.526 0 0
-46.263 34.8106 40.6419 -0.743951 0.00810307 0.668185 102.79 0 0
-47.1106 34.8988 39.712 -0.746239 0.0116843 0.665575 103.114 0 0
-47.9073 35.8672 38.8068 -0.748386 0.0164038 0.663061 103.332 0 0
-48.5392 36.2931 38.0777 -0.750098 0.0224165 0.660946 103.555 0 0
-49.2607 36.2177 37.2471 -0.751041 0.0297439 0.659585 103.76 0 0
-49.8887 35.8606 36.5309 -0.750783 0.0381274 0.659447 103.984 0 0
-50.6117 35.6813 35.6822 -0.748814 0.0468982 0.661119 104.326 0 0
-51.6437 34.9157 34.5272 -0.744683 0.0550052 0.665148 104.62 0 0
-52.6457 34.6578 33.4112 -0.738193 0.06126 0.671802 104.823 0 0
-53.3274 34.647 32.6363 -0.729528 0.0646985 0.680884 105.068 0 0
-54.1169 34.9795 31.725 -0.71924 0.0648703 0.691726 105.3 0 0
-54.7783 35.4975 30.8764 -0.708136 0.0619163 0.703356 105.588 0 0
-55.4549 36.6961 30.0204 -0.697116 0.0564413 0.714733 105.873 0 0
-55.9992 38.1819 29.3888 -0.686994 0.0492935 0.72499 106.043 0 0
-56.1182 39.2085 29.2347 -0.678348 0.0413554 0.733576 106.252 0 0
-56.3474 40.468 28.9897 -0.671449 0.0333871 0.740298 106.454 0 0
-56.5659 41.6961 28.7853 -0.666319 0.0259162 0.745217 106.686 0 0
-57.0877 42.9217 28.3114 -0.662895 0.0191782 0.748466 106.901 0 0
-57.2901 44.2324 28.1256 -0.661249 0.0131284 0.750052 107.073 0 0
-57.3569 45.3023 28.0653 -0.661703 0.00754258 0.749728 107.281 0 0
-57.5725 46.5607 27.89 -0.664763 0.00218724 0.747051 107.469 0 0
-57.5668 47.7128 27.9156 -0.670845 -0.00302124 0.741591 107.719 0 0
-57.4079 49.2035 28.0313 -0.679955 -0.00795338 0.733211 107.893 0 0
-57.1446 50.2502 28.2771 -0.691507 -0.0123246 0.722265 108.082 0 0
-56.6359 51.198 28.7472 -0.704422 -0.0158255 0.709605 108.245 0 0
-56.0269 51.7459 29.3411 -0.717443 -0.0182503 0.696378 108.584 0 0
-54.6421 52.0819 30.7936 -0.729499 -0.019573 0.683702 108.772 0 0
-53.9496 52.0734 31.6031 -0.739945 -0.0199617 0.672372 109.075 0 0
-52.9688 52.0856 32.8281 -0.748575 -0.0197541 0.662756 109.353 0 0
-52.1476 52.5891 33.8659 -0.755454 -0.0193969 0.654915 109.569 0 0
-51.4803 52.3005 34.6745 -0.760664 -0.0193173 0.648858 109.834 0 0
-50.635 52.2171 35.6899 -0.764141 -0.0197433 0.644747 110.12 0 0
-50.3116 50.8837 36.0496 -0.765678 -0.0205904 0.642894 110.42 0 0
-51.2497 50.6385 34.9163 -0.76509 -0.021525 0.643563 110.624 0 0
-51.8927 50.7816 34.1268 -0.762362 -0.0221677 0.646771 110.886 0 0
-52.7073 50.5885 33.1082 -0.757712 -0.0222812 0.652208 111.129 0 0
-53.4574 50.6355 32.1578 -0.75155 -0.0218225 0.659315 111.341 0 0
-54.0916 50.6489 31.3097 -0.744391 -0.0208718 0.667418 111.57 0 0
-54.6134 49.7608 30.6545 -0.736773 -0.0195298 0.675858 111.739 0 0
-54.6896 48.7286 30.5919 -0.729192 -0.0178374 0.684077 111.92 0 0
-54.733 47.6584 30.5368 -0.722081 -0.0156857 0.691631 112.144 0 0
-54.7101 46.3246 30.5185 -0.715874 -0.0126996 0.698114 112.339 0 0
-54.5305 45.1658 30.6901 -0.711114 -0.00821452 0.703029 112.552 0 0
-54.5604 43.9125 30.6157 -0.708473 -0.0015058 0.705736 112.771 0 0
-54.5788 42.5583 30.593 -0.708567 0.00776584 0.705601 112.939 0 0
-54.6353 41.5211 30.5376 -0.711644 0.0191682 0.702279 113.104 0 0
-54.7233 40.5174 30.4469 -0.717386 0.0314609 0.695965 113.316 0 0
-54.5926 39.2458 30.58 -0.724961 0.0429576 0.687449 113.487 0 0
-54.5891 38.1839 30.6306 -0.733282 0.0520783 0.677927 113.658 0 0
-54.2038 37.3267 31.1411 -0.741302 0.0577972 0.668679 113.838 0 0
-53.4957 37.4899 31.9938 -0.748206 0.0598093 0.660765 114.049 0 0
-52.8321 37.4748 32.8576 -0.753483 0.0584244 0.654866 114.279 0 0
-52.0857 37.4324 33.7744 -0.75691 0.0543257 0.651257 114.534 0 0
-51.2879 37.2672 34.767 -0.758519 0.0483406 0.649856 114.764 0 0
-50.5868 36.9776 35.65 -0.758549 0.041293 0.650306 115.048 0 0
-49.6733 36.9196 36.737 -0.757401 0.0339306 0.652068 115.233 0 0
-49.085 37.155 37.4174 -0.755556 0.0268816 0.654532 115.491 0 0
-48.2693 37.4489 38.3638 -0.753491 0.0206163 0.657134 115.726 0 0
-47.5283 37.728 39.2078 -0.751589 0.0154125 0.659452 116.045 0 0
-47.2411 39.1933 39.5278 -0.750082 0.0113448 0.661248 116.28 0 0
-47.2288 40.3331 39.5529 -0.749043 0.00831117 0.662469 116.679 0 0
-47.2452 42.2692 39.5491 -0.748417 0.006093 0.663201 116.918 0 0
-47.2414 43.4281 39.5513 -0.748083 0.00443077 0.663591 117.131 0 0
-47.3055 44.4689 39.4771 -0.747913 0.00309013 0.663789 117.397 0 0
-47.1806 45.75 39.6051 -0.747805 0.00190407 0.663915 117.604 0 0
-47.3069 46.7466 39.4501 -0.747676 0.000788592 0.664064 117.812 0 0
-46.8683 47.5238 39.9484 -0.747444 -0.000265851 0.664325 118.084 0 0
-46.0866 48.1224 40.8312 -0.747024 -0.00122397 0.664796 118.313 0 0
-45.3499 48.2363 41.6561 -0.746337 -0.00204484 0.665565 118.572 0 0
-44.5319 48.5137 42.5721 -0.745331 -0.00271046 0.666689 118.838 0 0
-43.6889 48.6386 43.5288 -0.743994 -0.00323042 0.668179 119.183 0 0
-42.6059 48.6089 44.7522 -0.742349 -0.0036284 0.670003 119.453 0 0
-41.7648 48.6032 45.691 -0.740437 -0.00392838 0.672114 119.824 0 0
-40.6248 48.3174 46.9436 -0.738284 -0.00415204 0.674477 120.048 0 0
-39.9305 48.2585 47.6919 -0.735885 -0.00432431 0.677093 120.296 0 0
-39.1727 48.188 48.5204 -0.733214 -0.00447671 0.679984 120.725 0 0
-37.8877 47.8791 49.8962 -0.730256 -0.00464317 0.683158 120.993 0 0
-37.0916 47.644 50.741 -0.727026 -0.00485032 0.686593 121.296 0 0
-36.192 47.3906 51.6976 -0.723563 -0.00510874 0.690239 121.55 0 0
-35.4307 47.3077 52.4972 -0.719909 -0.00541216 0.694048 121.784 0 0
-34.7328 47.1977 53.2219 -0.71609 -0.00574591 0.697985 122.027 0 0
-34.0344 47.5044 53.9251 -0.712123 -0.00609748 0.702028 122.264 0 0
-33.3253 47.6437 54.6317 -0.708031 -0.00646071 0.706152 122.499 0 0
-32.624 47.5354 55.3335 -0.703854 -0.00683454 0.710311 122.744 0 0
-31.9151 47.7854 56.0463 -0.699671 -0.00722407 0.714429 123.013 0 0
-31.2037 47.3045 56.7291 -0.695586 -0.00764813 0.718403 123.332 0 0
-30.3149 46.7871 57.5794 -0.691715 -0.00814804 0.722124 123.719 0 0
-29.237 46.1851 58.5893 -0.688167 -0.00879006 0.725499 123.999 0 0
-28.605 45.4243 59.172 -0.685028 -0.009659 0.728453 124.263 0 0
-27.9673 44.7821 59.7507 -0.682363 -0.0108457 0.730933 124.52 0 0
-27.6724 43.8098 60.008 -0.680224 -0.0124285 0.732899 124.767 0 0
-27.2748 42.9551 60.3628 -0.678644 -0.014443 0.734325 125.171 0 0
-26.9484 41.368 60.634 -0.677645 -0.0168411 0.735196 125.579 0 0
-26.892 39.7166 60.6457 -0.677247 -0.0194615 0.735499 125.87 0 0
-27.0283 38.5613 60.4951 -0.67747 -0.0220467 0.73522 126.158 0 0
-27.3437 37.5012 60.1737 -0.67834 -0.0243134 0.734346 126.464 0 0
-27.903 36.5598 59.6258 -0.679868 -0.0260429 0.732872 126.834 0 0
-28.6425 35.5201 58.8922 -0.682045 -0.0271414 0.730806 127.148 0 0
-29.2145 34.5602 58.3122 -0.684834 -0.0276429 0.728175 127.449 0 0
-29.961 33.9469 57.5881 -0.688163 -0.0276669 0.725028 127.818 0 0
-30.9484 33.3893 56.623 -0.691932 -0.0273613 0.721444 128.057 0 0
-31.6238 33.1504 55.965 -0.696009 -0.0268538 0.71753 128.416 0 0
-32.6754 33.0743 54.9432 -0.700249 -0.0262213 0.713417 128.782 0 0
-33.7597 33.1541 53.883 -0.704512 -0.0254763 0.709235 129.049 0 0
-34.5501 33.1241 53.0867 -0.708679 -0.0245759 0.705103 129.328 0 0
-35.3623 33.3756 52.2708 -0.71266 -0.0234538 0.701117 129.736 0 0
-36.491 34.0914 51.1335 -0.716389 -0.0220643 0.697352 129.977 0 0
-37.1607 34.519 50.4497 -0.719819 -0.0204162 0.693862 130.209 0 0
-37.8598 34.6454 49.7215 -0.722924 -0.0185789 0.690678 130.476 0 0
-38.666 34.5517 48.8744 -0.725699 -0.0166568 0.68781 130.799 0 0
-39.6379 34.6255 47.8326 -0.728164 -0.0147505 0.685244 131.028 0 0
-40.3181 34.4079 47.0969 -0.730363 -0.0129229 0.682937 131.382 0 0
-41.4031 34.3403 45.9263 -0.732361 -0.0111865 0.680825 131.693 0 0
-42.3641 34.1676 44.8828 -0.734238 -0.00951289 0.678825 131.781 0 0
-42.6376 34.1446 44.5854 -0.73608 -0.00785572 0.676849 131.781 0 0
-51.157 36.0784 35.0038 -0.775039 0.037601 0.630793 132.039 1 0
-51.9861 36.3384 34.0023 -0.7722 0.0479327 0.633569 132.252 0 0
-52.6555 36.6414 33.1965 -0.769493 0.0558305 0.63621 132.465 0 0
-53.3064 36.7682 32.3806 -0.76718 0.060634 0.638559 132.727 0 0
-53.9764 35.822 31.7324 -0.765476 0.0622737 0.640444 132.921 0 0
-53.3809 35.4895 32.4867 -0.764454 0.0611323 0.641773 133.212 0 0
-52.4328 35.4714 33.571 -0.764015 0.0578935 0.642595 133.492 0 0
-51.5152 35.8401 34.5888 -0.763931 0.0534152 0.643083 133.526 0 0
-51.4031 35.9029 34.7117 -0.76376 0.0486119 0.643335 133.526 0 0
-55.3549 37.8835 29.9701 -0.659779 0.0466444 0.750002 133.828 1 0
-55.187 39.7275 30.0082 -0.666885 0.0349467 0.744341 134.008 0 0
-55.2379 40.8875 29.9547 -0.673244 0.0244152 0.739018 134.172 0 0
-55.2237 41.945 29.9726 -0.678862 0.0153918 0.734105 134.338 0 0
-55.1989 42.9977 29.9946 -0.683877 0.0078571 0.729555 134.499 0 0
-55.1165 43.9935 30.0776 -0.688378 0.00154273 0.725351 134.682 0 0
-55.1786 45.1292 30.0713 -0.692272 -0.00384411 0.721627 134.861 0 0
-55.2612 46.1913 29.9905 -0.695284 -0.00842747 0.718686 135.047 0 0
-55.2399 47.3178 29.9995 -0.697077 -0.0121205 0.716894 135.294 0 0
-55.1856 48.8339 30.085 -0.697418 -0.0147364 0.716513 135.488 0 0
-55.1237 50.0051 30.1559 -0.696302 -0.0161506 0.717567 135.682 0 0
-54.9801 51.1816 30.3372 -0.69395 -0.0164015 0.719836 135.722 0 0
-55.154 51.2226 30.1693 -0.690712 -0.0156759 0.72296 135.912 0 0
-55.8994 50.7385 29.4287 -0.686938 -0.0142077 0.726577 136.173 0 0
-56.6525 49.5576 28.7097 -0.682891 -0.0121558 0.730419 136.379 0 0
-56.9458 48.3735 28.448 -0.678752 -0.00953093 0.734306 136.595 0 0
-56.9309 47.056 28.4631 -0.674659 -0.0062055 0.738103 136.861 0 0
-56.7904 45.4603 28.586 -0.670755 -0.00199132 0.741677 137.047 0 0
-56.6288 44.3563 28.7237 -0.667184 0.00326332 0.744886 137.231 0 0
-56.4932 43.265 28.8268 -0.664051 0.00960113 0.747625 137.504 0 0
-55.8517 41.8231 29.406 -0.661375 0.0169274 0.749864 137.672 0 0
-55.6523 40.8086 29.5818 -0.659072 0.0250212 0.751664 137.839 0 0
-55.4916 39.7519 29.7406 -0.656976 0.033574 0.753163 138.007 0 0
-55.4584 38.6736 29.8306 -0.654884 0.0422404 0.754529 138.007 0 0
-55.6371 44.5915 29.6047 -0.671579 -0.0344049 0.739793 138.192 1 0
-55.7944 45.7274 29.497 -0.672768 -0.0271884 0.739353 138.302 0 0
-56.1946 45.3491 29.1316 -0.673881 -0.0206103 0.738552 138.361 0 0
-56.1383 45.0045 29.1798 -0.674934 -0.0149071 0.737727 138.612 0 0
-56.3301 46.4779 29.0104 -0.675667 -0.0101693 0.737137 138.792 0 0
-55.7178 47.1762 29.5663 -0.675839 -0.00636196 0.737021 138.962 0 0
-55.9145 48.1653 29.3791 -0.675344 -0.00335158 0.737495 139.143 0 0
-55.5785 49.1513 29.68 -0.674253 -0.00093526 0.7385 139.322 0 0
-56.3417 48.6552 28.9903 -0.67278 0.00113178 0.739841 139.553 0 0
-56.2626 47.299 29.0711 -0.671203 0.0031108 0.741262 139.553 0 0
-51.9758 51.7353 34.0506 -0.774581 -0.0176948 0.632226 139.766 1 0
-51.3028 51.5425 34.8695 -0.775003 -0.0163699 0.631745 139.822 0 0
-51.4446 51.3822 34.6916 -0.775421 -0.0150449 0.63126 139.822 0 0
-33.9103 40.7247 53.9372 -0.707364 -0.0141288 0.706706 140.112 1 0
-33.056 40.4641 54.7865 -0.707481 -0.0145283 0.706583 140.222 0 0
-33.1334 40.018 54.7001 -0.707597 -0.0149289 0.706459 140.392 0 0
-33.6116 40.2571 54.2262 -0.707712 -0.0153304 0.706334 140.474 0 0
-33.8567 40.2843 53.9811 -0.707828 -0.0157321 0.70621 140.474 0 0
