20.0334 45.3274 66.7036 0.444171 0.0122088 0.895859 0 1 1
20.835 44.9401 66.2744 0.447076 0.0109645 0.894429 0.606057 0 1
20.8745 43.7142 66.2629 0.449485 0.00962202 0.893236 0.880541 0 1
20.2104 44.4236 66.6064 0.451431 0.00821047 0.892268 1.09272 0 1
20.0485 45.1834 66.6982 0.453094 0.00686247 0.891436 1.29119 0 1
19.4252 45.352 67.0049 0.45467 0.00577009 0.890641 1.58407 0 1
19.5388 46.4117 66.9351 0.456276 0.00509879 0.889824 2.01127 0 1
20.8563 46.9159 66.275 0.45792 0.00492231 0.88898 2.29886 0 1
21.3996 46.0648 65.9918 0.459515 0.00521726 0.888155 2.71487 0 1
21.4959 44.5455 65.9149 0.460914 0.00590335 0.887425 3.11011 0 1
21.4683 43.0319 65.9633 0.461956 0.00688362 0.886876 3.40179 0 1
21.3745 41.9273 66.0259 0.462508 0.00805177 0.886579 3.66418 0 1
20.9071 41.0791 66.2801 0.462514 0.00927359 0.886563 3.9374 0 1
19.992 41.1637 66.7606 0.462027 0.0103805 0.886805 4.19642 0 1
19.6005 42.0247 66.9641 0.461196 0.0111974 0.887227 4.47412 0 1
19.5516 43.0389 66.9822 0.460235 0.0115861 0.887722 4.78999 0 1
19.5149 44.179 66.9822 0.459342 0.0114766 0.888185 4.94565 0 1
19.489 44.7431 66.9817 0.458643 0.0108863 0.888554 5.14686 0 1
18.8355 44.7672 67.3148 0.458161 0.00993243 0.888814 5.51781 0 1
18.8 46.1181 67.3047 0.457855 0.00882111 0.888983 5.84375 0 1
19.0035 47.2907 67.1969 0.457679 0.00779916 0.889083 6.27538 0 1
20.3245 47.8008 66.532 0.457634 0.00708144 0.889113 6.76907 0 1
21.8926 47.34 65.7365 0.457767 0.00678869 0.889046 7.03949 0 1
22.0669 46.3647 65.6496 0.458129 0.0069283 0.888858 7.40016 0 1
22.1192 45.0435 65.6035 0.458716 0.00742818 0.888552 7.76346 0 1
22.1484 43.6697 65.594 0.459435 0.00820014 0.888174 8.21876 0 1
22.0815 41.9143 65.6578 0.460135 0.00918647 0.887801 8.50866 0 1
21.8098 40.8448 65.816 0.460666 0.0103557 0.887513 8.89879 0 1
20.607 40.2362 66.4507 0.460931 0.0116576 0.887359 9.20051 0 1
19.603 40.3501 66.9796 0.460916 0.0129869 0.887349 9.50756 0 1
19.0298 41.292 67.2667 0.460675 0.0141967 0.887455 9.84418 0 1
18.925 42.5194 67.3155 0.460311 0.0151552 0.887628 10.2865 0 1
18.8661 44.1033 67.3154 0.459952 0.0157961 0.887803 10.3653 0 1
18.8632 44.3879 67.3089 0.459723 0.0161255 0.887916 10.5722 0 1
18.2144 44.5757 67.6381 0.459703 0.0161914 0.887925 10.892 0 1
18.2667 43.4228 67.6458 0.4599 0.0160476 0.887826 11.2653 0 1
18.2964 42.1008 67.6452 0.460256 0.0157293 0.887647 11.5542 0 1
18.3204 41.0691 67.6344 0.460684 0.0152436 0.887433 11.8422 0 1
18.5271 40.043 67.5586 0.461125 0.0145806 0.887215 12.332 0 1
20.0041 39.4648 66.7828 0.461587 0.0137449 0.886988 12.6179 0 1
20.9494 39.4928 66.2824 0.46214 0.0127857 0.886715 13.0068 0 1
22.2089 39.8831 65.6187 0.462848 0.0117911 0.886359 13.3164 0 1
22.7021 40.9304 65.3553 0.463686 0.0108449 0.885933 13.5842 0 1
22.7639 41.9518 65.3046 0.464514 0.00997559 0.885509 13.9972 0 1
22.7971 43.538 65.2643 0.465137 0.00914192 0.885191 14.285 0 1
22.7379 44.6438 65.2819 0.465398 0.0082752 0.885063 14.7029 0 1
22.7464 46.2461 65.2923 0.465251 0.00735609 0.885148 15.0119 0 1
22.6715 47.3938 65.3114 0.464769 0.00647301 0.885408 15.2797 0 1
22.2921 48.3101 65.4962 0.464095 0.00581264 0.885766 15.646 0 1
21.0935 48.583 66.1414 0.463369 0.00557794 0.886148 15.9196 0 1
20.2006 48.612 66.5918 0.462679 0.0058859 0.886506 16.3765 0 1
18.7293 48.3577 67.3481 0.462053 0.00671596 0.886827 16.6702 0 1
18.2323 47.4729 67.6011 0.461488 0.00793556 0.887111 16.9651 0 1
18.1566 46.4311 67.6333 0.461007 0.00936677 0.887347 17.2597 0 1
18.1793 45.3605 67.6374 0.460676 0.01084 0.887502 17.4973 0 1
17.4852 45.0008 68.0067 0.460584 0.0122109 0.887532 17.8067 0 1
17.5159 43.9049 68.0203 0.460795 0.0133547 0.887406 18.1042 0 1
17.5343 42.8631 68.0339 0.46132 0.0141635 0.887121 18.4523 0 1
17.5213 41.6491 68.0475 0.462113 0.0145635 0.886701 18.9606 0 1
17.6755 39.8627 67.9886 0.463095 0.0145395 0.886189 19.3477 0 1
18.364 38.6976 67.6723 0.464172 0.014145 0.885632 19.747 0 1
19.6224 38.6313 67.0003 0.465262 0.0134851 0.88507 20.0664 0 1
20.6701 38.6423 66.446 0.466321 0.0126845 0.884525 20.4322 0 1
21.8866 38.6525 65.8003 0.467351 0.0118588 0.883993 20.7218 0 1
22.8063 39.014 65.3115 0.468378 0.0110942 0.883458 21.0006 0 1
23.362 39.8837 65.0187 0.46941 0.0104317 0.882919 21.4033 0 1
23.4482 41.4356 64.9529 0.470385 0.00985952 0.882406 21.825 0 1
23.5785 43.0582 64.858 0.471169 0.00931984 0.881994 22.2284 0 1
23.4509 44.6184 64.9135 0.47159 0.0087317 0.881775 22.5239 0 1
23.4487 45.7562 64.9129 0.471504 0.00802571 0.881827 22.8253 0 1
23.4301 46.8936 64.9106 0.47086 0.00718117 0.882179 23.0902 0 1
23.3857 47.8957 64.9122 0.469728 0.0062527 0.882789 23.3509 0 1
23.1264 48.8532 65.038 0.468295 0.00537032 0.883556 23.7313 0 1
21.9637 49.4553 65.6817 0.466813 0.00470524 0.884344 24.1348 0 1
20.649 49.5046 66.3625 0.46553 0.00440933 0.885021 24.4143 0 1
19.7568 49.3559 66.8199 0.464624 0.0045536 0.885496 24.8962 0 1
18.212 49.1984 67.6214 0.464164 0.00509771 0.885735 25.2183 0 1
17.5431 48.3449 67.9607 0.464104 0.00590788 0.885761 25.5513 0 1
17.4691 47.1863 67.9889 0.464322 0.00681119 0.88564 25.8918 0 1
17.4647 45.9808 68.0014 0.464666 0.00765413 0.885453 25.9534 0 1
17.4657 45.7617 68.0032 0.465011 0.00833941 0.885266 27.0736 0 1
20.1821 43.193 66.6474 0.465281 0.0088354 0.885119 27.2604 0 1
20.6324 42.7347 66.4158 0.46546 0.00916651 0.885021 27.4127 0 1
20.1595 42.5598 66.6673 0.465575 0.00939437 0.884958 27.4702 0 1
20.1432 42.7698 66.6746 0.46567 0.00959569 0.884896 27.4702 0 1
