-7.31061 43.1971 42.328 -0.177873 0.00525018 0.984035 0 1 1
-6.84628 43.9964 42.3917 -0.170946 0.0040071 0.985272 0.651978 0 1
-6.8842 45.5995 42.3715 -0.165638 0.00288772 0.986182 0.86416 0 1
-6.19726 45.1638 42.4737 -0.162418 0.00204639 0.98672 1.13471 0 1
-6.12021 44.1084 42.4969 -0.16125 0.00161972 0.986912 1.40269 0 1
-6.41629 43.1117 42.4512 -0.161617 0.00164728 0.986852 1.62596 0 1
-6.73681 42.3021 42.4184 -0.162639 0.00203937 0.986683 1.83208 0 1
-7.25514 42.8804 42.3388 -0.163291 0.0026067 0.986574 2.04373 0 1
-7.89542 42.3937 42.2238 -0.16267 0.00312663 0.986676 2.31596 0 1
-8.03106 43.4078 42.1963 -0.160255 0.00340799 0.98707 2.60842 0 1
-7.95556 44.5074 42.2005 -0.156073 0.00333115 0.98774 2.96441 0 1
-7.75278 45.8442 42.2247 -0.150719 0.00286108 0.988573 3.24999 0 1
-7.07447 46.693 42.3259 -0.145226 0.00204202 0.989396 3.55741 0 1
-5.88628 46.6327 42.5191 -0.140792 0.000984984 0.990039 3.85161 0 1
-5.448 45.5394 42.5721 -0.138452 -0.00014341 0.990369 4.19441 0 1
-5.39384 44.2041 42.5821 -0.138789 -0.0011328 0.990321 4.48829 0 1
-5.41205 43.0435 42.5663 -0.141812 -0.00175576 0.989892 4.75496 0 1
-5.49326 41.9684 42.5606 -0.147006 -0.00181896 0.989134 5.02342 0 1
-6.31486 41.3214 42.4755 -0.153489 -0.00122936 0.98815 5.30054 0 1
-7.32601 41.4425 42.3098 -0.160176 -4.98935e-05 0.987088 5.55124 0 1
-7.86038 42.2117 42.2305 -0.165933 0.00148813 0.986136 5.76763 0 1
-8.60634 41.9164 42.095 -0.169726 0.00303904 0.985487 6.19356 0 1
-8.84264 43.4551 42.0477 -0.170801 0.00425026 0.985296 6.58785 0 1
-8.72699 44.8959 42.0422 -0.168847 0.00487143 0.98563 6.90648 0 1
-8.53933 46.088 42.0663 -0.164063 0.00481348 0.986438 7.22588 0 1
-8.15683 47.2437 42.1257 -0.157107 0.00414122 0.987573 7.69826 0 1
-6.40413 47.6197 42.4337 -0.148954 0.003015 0.98884 7.97109 0 1
-5.33875 47.4694 42.5901 -0.140745 0.00161378 0.990045 8.222 0 1
-4.68964 46.698 42.6547 -0.133653 7.62264e-05 0.991028 8.48853 0 1
-4.62854 45.6357 42.6606 -0.128773 -0.00151384 0.991673 8.77104 0 1
-4.62944 44.5179 42.6602 -0.127006 -0.00309928 0.991897 9.0453 0 1
-4.60535 43.4192 42.6557 -0.128912 -0.00461307 0.991645 9.33601 0 1
-4.59339 42.2363 42.6468 -0.134525 -0.00596985 0.990892 9.69494 0 1
-4.84851 40.8099 42.6226 -0.143207 -0.00708437 0.989667 9.9501 0 1
-5.78441 40.4903 42.5335 -0.15364 -0.00788374 0.988095 10.2296 0 1
-6.82906 40.458 42.3881 -0.164021 -0.00829963 0.986422 10.4972 0 1
-7.81137 40.5704 42.2254 -0.172445 -0.0082664 0.984985 10.8029 0 1
-8.52007 41.4659 42.1108 -0.177349 -0.00775351 0.984118 10.8113 0 1
-8.52568 41.496 42.1096 -0.177886 -0.00681839 0.984027 11.0506 0 1
-9.32462 41.2011 41.9151 -0.174086 -0.00562855 0.984714 11.3989 0 1
-8.97285 39.962 41.9879 -0.166752 -0.00441801 0.985989 11.7296 0 1
-7.80373 39.6626 42.2051 -0.157157 -0.00340206 0.987568 12.1459 0 1
-6.24438 39.6286 42.4577 -0.146667 -0.00271358 0.989182 12.4163 0 1
-5.23325 39.6539 42.5957 -0.136452 -0.00240178 0.990644 12.6857 0 1
-4.22423 39.7846 42.6866 -0.127387 -0.00246969 0.99185 12.9684 0 1
-3.83194 40.7931 42.7148 -0.120144 -0.00288659 0.992752 13.2799 0 1
-3.76443 42.0233 42.7328 -0.115314 -0.00354469 0.993323 13.5475 0 1
-3.78426 43.0935 42.7434 -0.113457 -0.00420645 0.993534 13.804 0 1
-3.83643 44.1184 42.7368 -0.115003 -0.00452144 0.993355 14.1108 0 1
-3.81208 45.3513 42.7416 -0.120101 -0.00414264 0.992753 14.3801 0 1
-3.81306 46.426 42.7412 -0.128516 -0.00289172 0.991703 14.6566 0 1
-3.85679 47.5358 42.7532 -0.139644 -0.000875798 0.990201 15.0922 0 1
-5.34548 48.4189 42.5872 -0.15262 0.00152684 0.988284 15.3826 0 1
-6.52176 48.4392 42.413 -0.16646 0.00381466 0.986041 15.6624 0 1
-7.6035 48.3855 42.2018 -0.180197 0.00555386 0.983615 16.045 0 1
-9.06678 48.0121 41.9108 -0.192989 0.00649836 0.981179 16.3451 0 1
-9.23185 46.8497 41.8991 -0.204177 0.00659419 0.978912 16.6616 0 1
-9.4344 45.6411 41.886 -0.213283 0.00591587 0.976973 16.9619 0 1
-9.57488 44.5185 41.8637 -0.219923 0.00461032 0.975506 17.386 0 1
-9.58259 42.9698 41.8573 -0.22371 0.00288019 0.974652 17.6699 0 1
-9.4288 41.9247 41.8848 -0.224214 0.000979986 0.974539 17.6926 0 1
-9.41946 41.8395 41.8877 -0.22104 -0.000817009 0.975264 17.9016 0 1
-10.1843 41.8171 41.6991 -0.213997 -0.00228864 0.976832 18.3261 0 1
-10.1095 40.2437 41.7167 -0.203282 -0.00333338 0.979114 18.6656 0 1
-9.77851 39.061 41.7847 -0.189586 -0.00399033 0.981856 19.0204 0 1
-8.5221 38.8243 42.0624 -0.174047 -0.00439145 0.984728 19.2973 0 1
-7.49123 38.7794 42.2627 -0.15805 -0.00467395 0.98742 19.7783 0 1
-5.68316 38.7589 42.5459 -0.142937 -0.00490874 0.98972 20.0485 0 1
-4.67688 38.7839 42.6517 -0.129741 -0.00508849 0.991535 20.3129 0 1
-3.67382 38.8917 42.7415 -0.119027 -0.00517434 0.992878 20.5993 0 1
-2.77073 39.5122 42.8002 -0.11092 -0.00515825 0.993816 21.0786 0 1
-2.99755 41.3325 42.795 -0.105304 -0.00509239 0.994427 21.3795 0 1
-2.93341 42.5169 42.8221 -0.102085 -0.00507127 0.994763 21.6412 0 1
-2.90251 43.5464 42.8341 -0.101372 -0.00518734 0.994835 21.9363 0 1
-2.89602 44.7172 42.8321 -0.103463 -0.00548132 0.994618 22.1968 0 1
-2.99557 45.7445 42.8221 -0.108654 -0.00589828 0.994062 22.5015 0 1
-2.89075 46.9494 42.833 -0.117008 -0.00627232 0.993111 22.8926 0 1
-3.02775 48.4944 42.8375 -0.12821 -0.00637269 0.991727 23.3171 0 1
-4.53448 49.2894 42.7114 -0.141567 -0.00601009 0.98991 23.6014 0 1
-5.65936 49.3371 42.5618 -0.156121 -0.00514565 0.987725 23.9426 0 1
-6.98891 49.255 42.3316 -0.170828 -0.00393005 0.985293 24.2256 0 1
-8.09366 49.219 42.1102 -0.184733 -0.00264872 0.982785 24.6729 0 1
-9.81396 49.0407 41.7285 -0.197117 -0.00161295 0.980379 25.1237 0 1
-10.0693 47.3042 41.6966 -0.207571 -0.00106038 0.978219 25.5219 0 1
-10.2406 45.823 41.6851 -0.216008 -0.00110376 0.976391 25.799 0 1
-10.4288 44.8169 41.647 -0.222631 -0.00172803 0.974901 26.1233 0 1
-10.536 43.6456 41.6254 -0.227861 -0.0028159 0.97369 26.3572 0 1
-10.5368 42.8003 41.6202 -0.232261 -0.0041844 0.972644 26.6075 0 1
-10.2074 41.9597 41.6941 -0.236447 -0.00562408 0.971626 26.6075 0 1
