5.94759 -44.0759 42.1321 0.115696 -0.0133638 0.993122 0 1 1
6.40697 -42.5099 42.086 0.118266 -0.0132952 0.992893 0.730173 0 1
6.74791 -43.6741 41.9997 0.120472 -0.0131956 0.992629 1.01197 0 1
6.73067 -44.7959 42.011 0.122777 -0.0130531 0.992348 1.23723 0 1
5.95274 -44.4189 42.124 0.125672 -0.012839 0.991989 1.39345 0 1
5.33764 -44.4847 42.1889 0.129242 -0.0125482 0.991534 1.74168 0 1
5.33188 -43.0625 42.2083 0.133019 -0.0122492 0.991038 2.04254 0 1
5.57929 -41.8761 42.1753 0.136159 -0.0120703 0.990613 2.43195 0 1
7.11786 -41.8878 41.9899 0.137785 -0.0121096 0.990388 2.75395 0 1
7.42728 -43.0629 41.87 0.137317 -0.0123363 0.99045 3.04395 0 1
7.50528 -44.2582 41.8552 0.134671 -0.0125728 0.990811 3.33093 0 1
7.49901 -45.4166 41.882 0.130319 -0.012587 0.991392 3.62213 0 1
6.77596 -46.2321 41.9615 0.125215 -0.012247 0.992054 4.0046 0 1
5.50895 -45.4178 42.1464 0.120603 -0.0116267 0.992633 4.21494 0 1
5.33868 -44.5539 42.1873 0.117731 -0.0109624 0.992985 4.38122 0 1
4.6668 -44.6328 42.2557 0.117543 -0.0104875 0.993012 4.63979 0 1
4.64015 -43.5976 42.2723 0.120449 -0.0102931 0.992666 4.95456 0 1
4.66095 -42.3479 42.2655 0.126214 -0.0103245 0.991949 5.23136 0 1
4.89693 -41.2589 42.2495 0.134008 -0.0104643 0.990925 5.62892 0 1
6.41565 -40.8886 42.08 0.14258 -0.0105847 0.989727 6.02541 0 1
7.87809 -41.3925 41.884 0.150539 -0.0105488 0.988548 6.30685 0 1
8.07735 -42.397 41.7914 0.156662 -0.0102203 0.987599 6.6131 0 1
8.17119 -43.5925 41.7183 0.160134 -0.0095029 0.98705 6.90692 0 1
8.23744 -44.7874 41.7295 0.160644 -0.00836961 0.986977 7.2062 0 1
8.17904 -45.9228 41.7412 0.15839 -0.00685298 0.987353 7.48491 0 1
7.68761 -46.8246 41.8294 0.154024 -0.00501965 0.988054 7.78486 0 1
6.62058 -47.0821 41.9685 0.148579 -0.00297562 0.988896 8.04417 0 1
5.59407 -47.036 42.145 0.143355 -0.000911441 0.989671 8.34958 0 1
4.86594 -46.0464 42.2172 0.1397 0.000870346 0.990193 8.56009 0 1
4.75285 -45.1907 42.2324 0.138693 0.0020171 0.990333 8.73179 0 1
4.06968 -45.3467 42.3215 0.140802 0.00226577 0.990035 9.01505 0 1
4.1612 -46.4621 42.3103 0.14574 0.00155562 0.989322 9.29702 0 1
4.44588 -47.5381 42.3103 0.15262 3.38104e-05 0.988285 9.72227 0 1
6.04494 -47.8124 42.0895 0.16032 -0.00201254 0.987063 10.0765 0 1
7.40531 -47.7666 41.8471 0.167789 -0.00422167 0.985814 10.4092 0 1
8.59576 -47.3209 41.6091 0.174132 -0.006209 0.984703 10.7169 0 1
8.88802 -46.1623 41.5772 0.178544 -0.00764346 0.983902 11.0203 0 1
8.9518 -45.023 41.5971 0.180306 -0.00834633 0.983575 11.3089 0 1
8.8945 -43.9663 41.5909 0.1789 -0.00835029 0.983832 11.5775 0 1
8.83028 -42.9318 41.6094 0.17416 -0.00785986 0.984686 11.8322 0 1
8.74432 -41.9319 41.6745 0.166326 -0.00712559 0.986045 12.1017 0 1
8.60577 -40.9087 41.7221 0.155994 -0.00632003 0.987738 12.5106 0 1
7.23844 -40.2105 41.9587 0.144 -0.00550909 0.989562 12.8081 0 1
6.07561 -40.143 42.1165 0.131272 -0.00472834 0.991335 13.1734 0 1
4.6397 -40.2703 42.2805 0.118701 -0.00407191 0.992922 13.4408 0 1
3.99414 -41.0991 42.3448 0.107037 -0.0036905 0.994248 13.7217 0 1
3.95356 -42.1848 42.33 0.0968731 -0.00369456 0.99529 14.1212 0 1
3.95629 -43.7628 42.3155 0.0887072 -0.00405658 0.996049 14.3587 0 1
3.99009 -44.7123 42.3127 0.0830277 -0.00459777 0.996537 14.5292 0 1
3.31153 -44.7962 42.356 0.0803662 -0.0050606 0.996753 14.8331 0 1
3.27088 -43.5756 42.3602 0.0812638 -0.00521341 0.996679 15.1267 0 1
3.25717 -42.3976 42.3795 0.0861173 -0.00494104 0.996273 15.4173 0 1
3.24804 -41.25 42.4153 0.0949271 -0.00429821 0.995475 15.6984 0 1
3.3404 -40.1898 42.4058 0.107096 -0.0035125 0.994243 15.9844 0 1
4.19094 -39.5004 42.3272 0.121471 -0.00293116 0.992591 16.2913 0 1
5.38421 -39.4163 42.1986 0.136675 -0.00291724 0.990612 16.6211 0 1
6.69118 -39.4177 42.0348 0.151506 -0.00371957 0.988449 16.9816 0 1
8.09686 -39.4577 41.8225 0.16517 -0.00536273 0.986251 17.3883 0 1
9.33148 -40.4114 41.5439 0.177225 -0.00761155 0.984141 17.6573 0 1
9.42059 -41.4435 41.5206 0.187376 -0.0100377 0.982237 17.9712 0 1
9.52757 -42.6526 41.4854 0.195266 -0.0121617 0.980675 18.235 0 1
9.57898 -43.6584 41.4741 0.200369 -0.0135993 0.979626 18.519 0 1
9.65592 -44.7103 41.4464 0.20201 -0.0141472 0.979281 18.8099 0 1
9.63868 -45.7698 41.4176 0.19954 -0.0137817 0.979793 19.1137 0 1
9.54961 -46.9041 41.4045 0.192606 -0.0125937 0.981195 19.453 0 1
9.07273 -48.1246 41.4922 0.181409 -0.0107157 0.983349 19.7685 0 1
7.90708 -48.4879 41.7504 0.166792 -0.00829379 0.985957 20.0876 0 1
6.69714 -48.5307 41.9825 0.150076 -0.00550857 0.988659 20.4101 0 1
5.47604 -48.5404 42.2014 0.132744 -0.00259444 0.991147 20.744 0 1
4.21554 -48.4802 42.3265 0.116127 0.000185299 0.993234 21.018 0 1
3.5436 -47.6727 42.3769 0.101293 0.00258998 0.994853 21.3159 0 1
3.40396 -46.5221 42.3785 0.0891261 0.00443108 0.99601 21.5854 0 1
3.34574 -45.4601 42.3676 0.0804738 0.0055714 0.996741 21.7311 0 1
3.3221 -44.8804 42.3572 0.0761693 0.00593439 0.997077 21.962 0 1
2.40285 -44.9854 42.414 0.0768695 0.00555016 0.997026 22.3321 0 1
2.58572 -46.4364 42.4094 0.0828035 0.00459577 0.996555 22.6983 0 1
2.6421 -47.885 42.4188 0.0935919 0.00334964 0.995605 22.9741 0 1
2.8403 -48.9429 42.4222 0.108233 0.00204823 0.994123 23.2952 0 1
4.04856 -49.2467 42.3452 0.125258 0.00075554 0.992124 23.7691 0 1
5.87981 -49.3545 42.1191 0.143016 -0.000621467 0.98972 24.0597 0 1
6.98512 -49.3895 41.9281 0.160003 -0.00217491 0.987114 24.3472 0 1
8.08304 -49.3462 41.7062 0.17514 -0.00384931 0.984536 24.6604 0 1
9.27698 -49.2288 41.4443 0.18789 -0.00544591 0.982175 24.9269 0 1
10.111 -48.6201 41.2539 0.198144 -0.0067564 0.98015 25.2428 0 1
10.2169 -47.4101 41.2404 0.205922 -0.00768441 0.978538 25.7318 0 1
10.3654 -45.5522 41.245 0.211099 -0.00825153 0.97743 26.0395 0 1
10.3736 -44.3962 41.3058 0.21329 -0.00850905 0.976952 26.368 0 1
10.2775 -43.2326 41.3236 0.21199 -0.00845085 0.977235 26.6991 0 1
10.2584 -42.023 41.3266 0.206809 -0.00800184 0.978349 27.0328 0 1
10.2683 -40.7627 41.3073 0.197676 -0.00708921 0.980242 27.2923 0 1
10.1876 -39.7476 41.3408 0.18493 -0.00574544 0.982735 27.739 0 1
8.893 -38.7057 41.6586 0.169321 -0.00416608 0.985552 28.1466 0 1
7.31658 -38.7347 41.9386 0.151954 -0.00266768 0.988384 28.425 0 1
6.24446 -38.4789 42.1052 0.13416 -0.00156113 0.990958 28.7079 0 1
5.14246 -38.5913 42.2238 0.117281 -0.00101972 0.993098 28.9616 0 1
4.14956 -38.7006 42.3236 0.10243 -0.00102152 0.99474 29.2663 0 1
2.95207 -38.8357 42.422 0.0903047 -0.0013868 0.995913 29.5482 0 1
2.53298 -39.8227 42.4589 0.0811346 -0.00187245 0.996701 29.8318 0 1
2.48122 -40.8976 42.4531 0.0747446 -0.00226837 0.9972 30.11 0 1
2.50825 -41.975 42.4386 0.0706772 -0.0024579 0.997496 30.4574 0 1
2.4626 -43.3314 42.4144 0.0683083 -0.00243127 0.997661 30.6445 0 1
2.4808 -44.0851 42.4104 0.0669285 -0.00226027 0.997755 30.7166 0 1
2.48761 -44.3739 42.4089 0.0657968 -0.00205167 0.997828 30.7166 0 1
