21.5727 24.3087 68.9028 0.568818 -0.00807966 0.822317 0 1 0
22.2151 23.5398 68.4288 0.575287 -0.00982895 0.817893 0.646278 0 0
21.9322 24.5813 68.6631 0.580554 -0.0113358 0.814143 0.892054 0 0
21.8837 25.4165 68.7085 0.58428 -0.0124947 0.811456 1.19652 0 0
22.623 24.9312 68.1518 0.586424 -0.0132603 0.809896 1.5677 0 0
23.1005 23.8042 67.7639 0.587312 -0.0136511 0.809245 1.96459 0 0
22.5486 22.5999 68.1507 0.587537 -0.0137425 0.809081 2.33963 0 0
21.5648 22.9683 68.9019 0.587751 -0.0136602 0.808927 2.73287 0 0
20.9066 23.9955 69.3672 0.58845 -0.0135683 0.80842 3.04642 0 0
21.0648 25.0432 69.2679 0.589824 -0.0136336 0.807417 3.30833 0 0
21.7351 25.4454 68.8196 0.591716 -0.0139571 0.806026 3.54774 0 0
21.5759 26.2353 68.9465 0.593709 -0.0145064 0.804549 3.85661 0 0
22.4019 26.0425 68.329 0.595287 -0.0151123 0.803371 4.27673 0 0
23.2842 25.087 67.6519 0.596016 -0.0155594 0.802822 4.70596 0 0
23.734 23.692 67.2777 0.595679 -0.0157112 0.803069 5.10026 0 0
23.441 22.3648 67.4682 0.594317 -0.015573 0.80408 5.40329 0 0
22.7235 21.8112 67.9956 0.59219 -0.0152582 0.805654 5.74913 0 0
21.7812 21.9026 68.7083 0.589686 -0.0149077 0.807495 6.11566 0 0
20.9551 22.5848 69.3348 0.587199 -0.0146248 0.809311 6.42208 0 0
20.4302 23.3582 69.7028 0.585019 -0.0144512 0.810891 6.77379 0 0
20.2142 24.4949 69.8466 0.583278 -0.0143856 0.812145 7.14738 0 0
20.606 25.6843 69.6025 0.581985 -0.0144286 0.813072 7.44809 0 0
21.3664 26.1487 69.0875 0.581129 -0.0146274 0.81368 7.70287 0 0
21.4378 27.0128 69.0502 0.580781 -0.0150801 0.81392 8.00684 0 0
20.6266 26.718 69.6247 0.581095 -0.0158869 0.813681 8.37263 0 0
19.8884 25.8682 70.1155 0.582233 -0.0170666 0.812843 8.90516 0 0
19.5792 24.1258 70.3032 0.584271 -0.0184974 0.811348 9.2137 0 0
19.8249 23.1527 70.1276 0.587142 -0.0199265 0.809239 9.5786 0 0
20.3871 22.1861 69.7221 0.590625 -0.0210444 0.806672 10.1261 0 0
21.5756 21.1908 68.8398 0.594376 -0.0215766 0.803898 10.4391 0 0
22.3882 20.931 68.2198 0.597988 -0.0213506 0.801221 10.7477 0 0
23.2006 21.1604 67.5967 0.601063 -0.0203271 0.798943 11.0665 0 0
23.9427 21.8088 67.0732 0.603276 -0.0186068 0.797315 11.4582 0 0
24.3304 23.0725 66.799 0.604386 -0.016413 0.796523 11.7609 0 0
24.3073 24.131 66.8362 0.604228 -0.014051 0.796688 12.0511 0 0
24.0212 25.0896 67.0778 0.602702 -0.0118489 0.797878 12.4179 0 0
23.3962 26.1244 67.5826 0.59981 -0.0101022 0.800079 12.9053 0 0
22.2014 26.9587 68.4786 0.595712 -0.00903156 0.803148 12.9756 0 0
22.005 26.9922 68.6258 0.590783 -0.00875502 0.806783 13.2013 0 0
22.0753 27.7783 68.5725 0.585621 -0.00927534 0.810532 13.6157 0 0
20.9028 27.6713 69.433 0.580979 -0.0104892 0.813851 14.058 0 0
19.8182 26.9698 70.1991 0.577608 -0.0122207 0.816223 14.4272 0 0
19.2103 26.0024 70.6031 0.576078 -0.0142628 0.81727 14.9377 0 0
18.9358 24.3766 70.7623 0.576631 -0.0164006 0.81684 15.3494 0 0
19.1411 23.0702 70.5902 0.579146 -0.0184178 0.815016 15.8993 0 0
19.9804 21.6143 69.9843 0.5832 -0.0201055 0.81208 16.2695 0 0
20.746 20.8448 69.4431 0.588188 -0.0212828 0.808444 16.7661 0 0
21.945 20.2138 68.5296 0.593449 -0.0218192 0.804576 17.0678 0 0
22.7481 20.158 67.9072 0.598367 -0.0216471 0.80093 17.3571 0 0
23.5058 20.4653 67.3306 0.60245 -0.0207679 0.797887 17.8371 0 0
24.5995 21.5109 66.5639 0.605368 -0.0192482 0.795713 18.1355 0 0
24.913 22.4587 66.332 0.606933 -0.0171972 0.794567 18.6185 0 0
24.9675 24.1497 66.3171 0.607031 -0.0147378 0.794541 18.9386 0 0
24.7086 25.2505 66.5441 0.605578 -0.0119977 0.795695 19.3628 0 0
23.9827 26.471 67.1321 0.602534 -0.00913244 0.798041 19.7081 0 0
23.2274 27.2503 67.7085 0.597976 -0.00635532 0.801488 19.9826 0 0
22.5187 27.6558 68.2402 0.592176 -0.00394161 0.805799 20.2004 0 0
22.7214 28.3836 68.0908 0.585601 -0.00219126 0.810596 20.7278 0 0
21.231 28.5546 69.2024 0.578857 -0.00135658 0.815428 21.0449 0 0
20.3676 28.3302 69.7991 0.572576 -0.00156348 0.81985 21.5189 0 0
19.2717 27.446 70.5573 0.567342 -0.00276217 0.823478 21.838 0 0
18.732 26.6237 70.9143 0.563645 -0.00473074 0.826003 22.1442 0 0
18.392 25.7087 71.136 0.56186 -0.00713505 0.827202 22.4669 0 0
18.2929 24.6851 71.197 0.562185 -0.00962623 0.826956 22.861 0 0
18.3961 23.4583 71.0979 0.564597 -0.0119336 0.825281 23.2067 0 0
18.6647 22.4232 70.8904 0.568846 -0.0139074 0.822326 23.5707 0 0
19.2002 21.461 70.5057 0.574504 -0.0154978 0.818355 24.0113 0 0
20.0224 20.4505 69.9248 0.581029 -0.016696 0.813711 24.4612 0 0
21.0654 19.7232 69.1722 0.58784 -0.0174848 0.808788 25.0359 0 0
22.568 19.2872 68.0378 0.594372 -0.0178249 0.803993 25.4032 0 0
23.525 19.6011 67.2934 0.600125 -0.0176778 0.799711 25.7373 0 0
24.3569 20.1637 66.6807 0.604716 -0.017039 0.796259 26.2684 0 0
25.3664 21.5622 65.9414 0.607906 -0.0159463 0.793849 26.6446 0 0
25.5974 22.8682 65.7869 0.609595 -0.0144456 0.792582 27.0034 0 0
25.6154 24.1694 65.8136 0.609773 -0.0125432 0.792477 27.512 0 0
25.1318 25.911 66.2108 0.608476 -0.0101994 0.793506 27.959 0 0
24.3071 27.1743 66.892 0.605753 -0.00739183 0.795618 28.245 0 0
23.672 27.8066 67.3745 0.60167 -0.00420928 0.798734 28.5106 0 0
23.0036 28.2516 67.8774 0.596318 -0.0009025 0.802748 28.7509 0 0
23.3494 28.9906 67.622 0.589818 0.00214862 0.807533 29.0404 0 0
22.5803 29.3556 68.2036 0.582362 0.0045249 0.812917 29.3716 0 0
21.6404 29.3405 68.8932 0.574247 0.00585826 0.818661 29.746 0 0
20.5984 29.1872 69.6192 0.565884 0.00589929 0.824464 30.1795 0 0
19.4362 28.7452 70.4194 0.557779 0.00457265 0.829977 30.5456 0 0
18.6381 27.9984 70.9637 0.550491 0.0020153 0.834838 30.8565 0 0
18.2083 27.1177 71.2504 0.544585 -0.00143397 0.838705 31.182 0 0
17.7712 26.2065 71.5344 0.540575 -0.00531176 0.841279 31.5356 0 0
17.5965 25.1027 71.6428 0.538869 -0.00914358 0.84234 31.8833 0 0
17.6989 24.0358 71.5797 0.539689 -0.0125379 0.841771 32.2576 0 0
17.7646 22.9127 71.4896 0.543014 -0.0152326 0.839585 32.6211 0 0
18.0759 21.8693 71.2516 0.548546 -0.0171094 0.835946 32.9862 0 0
18.6853 20.9914 70.8378 0.555758 -0.018193 0.831145 33.3002 0 0
19.0701 20.1122 70.5552 0.564028 -0.0186331 0.825546 33.6999 0 0
20.0323 19.5407 69.8979 0.572766 -0.0186586 0.819507 34.1497 0 0
21.0961 18.8728 69.1242 0.581493 -0.0185102 0.813341 34.5486 0 0
22.1288 18.567 68.345 0.589833 -0.018367 0.807316 34.8491 0 0
22.9552 18.5511 67.7259 0.597477 -0.0182989 0.801677 35.2553 0 0
23.9933 19.035 66.9315 0.604167 -0.01827 0.796649 35.6989 0 0
25.0553 19.8542 66.145 0.6097 -0.0181817 0.792423 35.9904 0 0
25.6073 20.5985 65.7259 0.613935 -0.0179224 0.789153 36.32 0 0
26.057 21.618 65.381 0.61679 -0.0174002 0.786936 36.7338 0 0
26.2451 23.0903 65.2664 0.618245 -0.0165615 0.785811 37.0025 0 0
26.3791 24.0691 65.1979 0.618354 -0.0153999 0.785749 37.4863 0 0
25.9115 25.7369 65.6016 0.617241 -0.0139522 0.78665 37.836 0 0
25.396 26.8436 66.0093 0.615085 -0.0122814 0.788365 38.0951 0 0
24.8831 27.5431 66.4399 0.612104 -0.0104547 0.790708 38.4029 0 0
24.2135 28.262 66.9686 0.608531 -0.00852972 0.793485 38.4523 0 0
24.1186 28.3909 67.0418 0.604608 -0.00655186 0.796496 38.6872 0 0
23.5722 28.874 67.4534 0.600584 -0.0045609 0.799547 38.6872 0 0
