-21.5889 -45.187 67.3888 -0.578434 0.00119066 0.815696 0 1 1
-21.4578 -43.8529 67.4867 -0.575471 0.000434305 0.817822 6.08321 0 1
-21.4158 -42.7997 67.5082 -0.57311 -0.000196121 0.819478 8.77167 0 1
-21.0966 -41.7965 67.7284 -0.571515 -0.000716914 0.820591 11.8652 0 1
-20.7826 -42.9132 67.9288 -0.570637 -0.0011952 0.821202 14.9344 0 1
-20.8349 -44.0221 67.9135 -0.570288 -0.00173807 0.821443 18.0427 0 1
-21.0762 -45.103 67.7504 -0.570242 -0.00249153 0.821473 20.5787 0 1
-21.3717 -45.9466 67.5358 -0.570321 -0.00361053 0.821414 22.2001 0 1
-21.5868 -45.41 67.3925 -0.570429 -0.0051688 0.821331 24.0715 0 1
-22.0971 -45.0465 67.0282 -0.570509 -0.0070557 0.821261 26.9392 0 1
-22.0643 -43.8201 67.0569 -0.570513 -0.00896149 0.82124 29.2934 0 1
-22.078 -42.7743 67.0613 -0.570398 -0.0104914 0.821301 32.2379 0 1
-21.9268 -41.4626 67.1734 -0.570154 -0.0113336 0.82146 34.786 0 1
-21.1077 -40.963 67.7476 -0.569816 -0.0113677 0.821694 37.4443 0 1
-20.3489 -41.3999 68.2576 -0.569464 -0.0106701 0.821947 40.8643 0 1
-20.2176 -42.553 68.3096 -0.569193 -0.0094565 0.822149 44.4436 0 1
-20.2353 -43.7464 68.3156 -0.569061 -0.00802004 0.822256 47.5585 0 1
-20.27 -44.7794 68.3096 -0.569035 -0.00668131 0.822286 52.386 0 1
-20.2975 -46.356 68.2789 -0.568987 -0.00572896 0.822327 55.7179 0 1
-20.9909 -46.9629 67.7929 -0.568757 -0.005344 0.822488 58.6972 0 1
-21.812 -46.868 67.2292 -0.56827 -0.00554194 0.822824 61.3925 0 1
-22.0893 -45.9021 67.0424 -0.5676 -0.00617059 0.823281 63.1751 0 1
-22.6579 -45.6702 66.6401 -0.566928 -0.00696103 0.823738 66.1795 0 1
-22.6372 -44.2878 66.6461 -0.566408 -0.00760391 0.82409 68.8704 0 1
-22.6866 -42.9712 66.644 -0.566082 -0.00783331 0.824312 71.2779 0 1
-22.6685 -41.7477 66.6751 -0.565895 -0.00750233 0.824443 73.6576 0 1
-22.4103 -40.5839 66.868 -0.565783 -0.00662199 0.824528 77.2341 0 1
-21.024 -40.2039 67.819 -0.565728 -0.00534355 0.824574 81.4027 0 1
-19.8123 -40.7178 68.6696 -0.565765 -0.00389576 0.824557 84.2219 0 1
-19.6585 -41.7522 68.7449 -0.565922 -0.0025086 0.824455 88.9773 0 1
-19.641 -43.4815 68.7124 -0.56619 -0.00135139 0.824274 92.0749 0 1
-19.6599 -44.5292 68.7198 -0.566513 -0.000502239 0.824053 96.5913 0 1
-19.6172 -45.9899 68.7554 -0.566813 4.52811e-05 0.823846 100.539 0 1
-19.7453 -47.1726 68.6633 -0.567026 0.000346784 0.8237 104.28 0 1
-20.5064 -47.7006 68.1333 -0.567118 0.000463781 0.823636 107.735 0 1
-21.3752 -47.7874 67.5264 -0.56711 0.000434459 0.823642 110.811 0 1
-22.2439 -47.6844 66.9301 -0.567068 0.000271593 0.823671 113.59 0 1
-22.6173 -46.6912 66.6767 -0.567088 -1.41552e-05 0.823657 113.964 0 1
-22.6593 -46.5364 66.6483 -0.56725 -0.000381989 0.823545 115.666 0 1
-23.249 -46.2979 66.2462 -0.567585 -0.000742506 0.823314 118.099 0 1
-23.1753 -47.5109 66.2913 -0.568049 -0.000978814 0.822994 120.262 0 1
-22.7326 -48.3573 66.5935 -0.568534 -0.00102287 0.822659 123.134 0 1
-21.7768 -48.5396 67.2486 -0.568912 -0.000946447 0.822398 126.171 0 1
-20.8992 -48.5269 67.8597 -0.569097 -0.000968816 0.82227 129.387 0 1
-20.0732 -48.4571 68.4377 -0.569085 -0.00133507 0.822277 132.927 0 1
-19.2907 -48.1218 68.9822 -0.568946 -0.00215379 0.822372 137.568 0 1
-18.991 -46.8613 69.1869 -0.56876 -0.00333287 0.822497 141.961 0 1
-19.0251 -45.5077 69.1575 -0.568543 -0.00465522 0.822641 145.638 0 1
-19.0631 -44.2868 69.1175 -0.568219 -0.00591712 0.822856 149.146 0 1
-19.0218 -43.0471 69.099 -0.567658 -0.00702659 0.823235 152.166 0 1
-19.073 -41.9166 69.1326 -0.566752 -0.00801076 0.823849 156.421 0 1
-19.1851 -40.2449 69.1091 -0.56548 -0.00894077 0.824714 159.068 0 1
-19.8787 -39.5377 68.6122 -0.563919 -0.00982896 0.825771 162.245 0 1
-20.871 -39.4715 67.9331 -0.562233 -0.0105741 0.826911 165.13 0 1
-21.7331 -39.4952 67.3331 -0.560624 -0.010998 0.827997 168.54 0 1
-22.9039 -39.7613 66.5544 -0.559297 -0.0109427 0.828895 170.447 0 1
-23.2843 -40.661 66.294 -0.55841 -0.0103547 0.829501 172.407 0 1
-23.2917 -41.8046 66.265 -0.558042 -0.00930504 0.82976 174.225 0 1
-23.282 -42.8657 66.2392 -0.558187 -0.00795309 0.829677 176.929 0 1
-23.2248 -44.4403 66.24 -0.558775 -0.0064867 0.829294 179.26 0 1
-23.245 -45.7223 66.2401 -0.559708 -0.00506818 0.828674 180.965 0 1
-23.9744 -45.674 65.7536 -0.560885 -0.00380075 0.827885 182.856 0 1
-23.9477 -46.822 65.7627 -0.562202 -0.0027185 0.826996 185.03 0 1
-23.8624 -48.0446 65.8168 -0.563556 -0.00178952 0.826076 187.625 0 1
-23.2217 -49.102 66.2584 -0.56485 -0.000926285 0.825193 190.54 0 1
-22.2385 -49.3348 66.9319 -0.566006 -3.03113e-05 0.824401 193.613 0 1
-21.3298 -49.3386 67.5521 -0.566972 0.000904329 0.823737 197.266 0 1
-20.3733 -49.3363 68.2213 -0.567736 0.00169435 0.823209 203.385 0 1
-18.9493 -49.1775 69.2274 -0.568352 0.00200685 0.822783 207.69 0 1
-18.5371 -48.0881 69.5051 -0.568938 0.00156293 0.822379 211.298 0 1
-18.2523 -47.0332 69.7006 -0.569628 0.000353453 0.821902 214.646 0 1
-18.3349 -45.9143 69.6412 -0.57048 -0.00131904 0.82131 217.638 0 1
-18.3971 -44.8619 69.5869 -0.571406 -0.00299908 0.820662 220.642 0 1
-18.4518 -43.7396 69.5062 -0.572188 -0.00429823 0.820112 224.168 0 1
-18.3293 -42.3513 69.6163 -0.572567 -0.00503248 0.819842 227.233 0 1
-18.4066 -41.0223 69.6499 -0.572364 -0.00524433 0.819983 229.914 0 1
-18.5074 -39.7849 69.5959 -0.571536 -0.00515072 0.820561 232.167 0 1
-19.0031 -38.8875 69.2326 -0.570177 -0.00504805 0.821506 234.783 0 1
-19.9464 -38.7415 68.5652 -0.568458 -0.00518967 0.822696 237.632 0 1
-20.8342 -38.6417 67.9652 -0.566555 -0.00567419 0.824005 241.285 0 1
-21.9045 -38.6124 67.2299 -0.564606 -0.00639853 0.825336 245.035 0 1
-23.2136 -38.6539 66.3514 -0.562697 -0.00709894 0.826632 247.537 0 1
-23.9058 -39.718 65.8876 -0.560882 -0.00745209 0.827862 249.441 0 1
-24.0066 -41.0011 65.8087 -0.559193 -0.00718367 0.829006 251.023 0 1
-23.9477 -42.118 65.814 -0.557646 -0.00614429 0.830056 252.471 0 1
-23.9405 -43.1247 65.7911 -0.556236 -0.00433826 0.831013 254.087 0 1
-23.9305 -44.244 65.7773 -0.554934 -0.00191014 0.831892 254.99 0 1
-23.9489 -44.8385 65.763 -0.553696 0.000897698 0.832719 255.319 0 1
-23.9485 -45.0474 65.7624 -0.552453 0.00380215 0.8335 255.319 0 1
