-64.7353 18.5584 26.6833 -0.645866 0.0126847 0.763279 0 1 0
-64.1979 17.5822 27.1422 -0.646211 0.0137212 0.763035 0.352763 0 0
-64.5068 16.6673 26.8838 -0.64654 0.0151464 0.762729 0.516166 0 0
-64.0159 17.4928 27.2974 -0.646916 0.0170378 0.762371 0.681162 0 0
-64.16 18.5085 27.1713 -0.647379 0.0193404 0.761923 0.882282 0 0
-64.6992 19.535 26.6847 -0.647984 0.0218663 0.76134 0.889326 0 0
-64.7327 19.5243 26.6567 -0.64879 0.0243056 0.760579 0.989168 0 0
-65.2014 19.6718 26.2521 -0.649829 0.0262722 0.759626 1.27666 0 0
-64.7297 21.4358 26.5846 -0.651048 0.0273961 0.758542 1.49318 0 0
-63.9915 22.4375 27.1831 -0.652284 0.0274386 0.757478 1.6643 0 0
-64.243 23.4362 26.9064 -0.653296 0.026379 0.756643 1.83293 0 0
-63.9517 22.4565 27.2164 -0.653852 0.0244243 0.756228 2.00115 0 0
-64.0268 21.4117 27.1913 -0.653827 0.0219361 0.756326 2.18087 0 0
-63.7207 20.3648 27.512 -0.653242 0.019318 0.756903 2.48605 0 0
-63.5813 18.4958 27.6633 -0.652234 0.0169297 0.757829 2.76104 0 0
-63.5994 16.7904 27.6579 -0.650967 0.0150507 0.758957 2.93596 0 0
-63.7159 15.7085 27.5694 -0.649551 0.0138741 0.760191 3.14011 0 0
-64.0167 14.4769 27.3258 -0.648019 0.0134977 0.761505 3.29626 0 0
-64.4107 15.3097 26.9902 -0.646365 0.0139151 0.762902 3.4565 0 0
-64.876 16.1117 26.5815 -0.644609 0.0150291 0.764365 3.68837 0 0
-65.2051 17.5472 26.2884 -0.642839 0.0166983 0.765819 3.85254 0 0
-65.3032 18.6093 26.2019 -0.641188 0.0187975 0.767153 3.87468 0 0
-65.3028 18.7509 26.198 -0.63976 0.021261 0.768281 3.9899 0 0
-65.853 18.9475 25.7466 -0.638548 0.0240823 0.769206 4.2235 0 0
-65.5343 20.4237 25.9427 -0.637405 0.0272772 0.770046 4.37891 0 0
-65.273 21.3936 26.1241 -0.636094 0.030842 0.770995 4.55461 0 0
-64.9653 22.471 26.3414 -0.6344 0.0347457 0.772223 4.73113 0 0
-64.8192 23.5915 26.4166 -0.632268 0.0389432 0.77377 4.96795 0 0
-64.6673 25.1052 26.4703 -0.62989 0.043355 0.775473 5.18263 0 0
-64.7331 26.4551 26.3374 -0.627672 0.0478063 0.777009 5.36535 0 0
-64.8055 27.5995 26.2058 -0.62607 0.0520041 0.77803 5.56086 0 0
-65.0264 28.7918 25.9494 -0.625402 0.0556075 0.778319 5.74668 0 0
-65.2193 29.9281 25.7145 -0.625737 0.0583468 0.777849 5.91233 0 0
-65.2372 30.995 25.6211 -0.62693 0.0600916 0.776754 6.09507 0 0
-64.4909 31.7811 26.1227 -0.628743 0.060837 0.77523 6.26179 0 0
-63.7058 31.4749 26.8112 -0.63096 0.060652 0.773441 6.47329 0 0
-63.3103 30.2685 27.2516 -0.633464 0.0596352 0.771471 6.6376 0 0
-63.3281 29.2433 27.2812 -0.636229 0.0578801 0.769326 6.87183 0 0
-63.5061 27.7478 27.2341 -0.639263 0.0554367 0.766988 7.03957 0 0
-63.6767 26.6994 27.1814 -0.64253 0.0522903 0.764474 7.21248 0 0
-63.6837 25.6353 27.2626 -0.6459 0.048396 0.761886 7.39684 0 0
-63.7022 24.5204 27.3124 -0.649163 0.0437645 0.759389 7.58346 0 0
-63.583 23.4056 27.4799 -0.652083 0.0385408 0.757167 7.75189 0 0
-63.4165 22.4004 27.6835 -0.654456 0.0330227 0.755379 7.93467 0 0
-63.3046 21.2912 27.8351 -0.656126 0.0276209 0.754146 8.10628 0 0
-63.1792 20.2645 28.0043 -0.65698 0.0227844 0.753563 8.28793 0 0
-63.0903 19.205 28.0977 -0.656964 0.0188997 0.753685 8.48811 0 0
-63.0049 17.9944 28.1688 -0.656113 0.0161736 0.75449 8.69613 0 0
-63.027 16.7122 28.1476 -0.654592 0.014553 0.755843 8.8626 0 0
-63.1548 15.6827 28.0518 -0.652671 0.0137453 0.757516 9.05207 0 0
-63.3762 14.5398 27.8579 -0.65064 0.0133434 0.759269 9.26736 0 0
-63.6436 13.2156 27.6349 -0.648685 0.0129916 0.760946 9.53539 0 0
-63.8072 11.5251 27.5353 -0.646823 0.0125152 0.762537 9.63001 0 0
-64.18 11.1971 27.2394 -0.644942 0.0119638 0.764138 9.80586 0 0
-64.324 12.2408 27.0778 -0.642912 0.0115578 0.765853 10.0903 0 0
-64.7134 13.9542 26.7347 -0.6407 0.0115691 0.767704 10.2497 0 0
-65.0119 14.8861 26.4869 -0.638423 0.0122038 0.769589 10.4123 0 0
-65.3579 15.7978 26.1781 -0.636304 0.0135422 0.771319 10.6485 0 0
-65.7603 17.2479 25.8184 -0.634578 0.0155449 0.772702 10.8191 0 0
-65.9087 18.395 25.7211 -0.633376 0.0180937 0.773632 10.9379 0 0
-66.5087 18.3831 25.2432 -0.632651 0.0210375 0.774152 11.2163 0 0
-66.192 20.1625 25.4301 -0.632169 0.0242355 0.774452 11.3763 0 0
-65.9173 21.1608 25.6068 -0.631589 0.0275953 0.774812 11.5357 0 0
-65.6592 22.151 25.7867 -0.630589 0.0310943 0.775494 11.7105 0 0
-65.4407 23.2428 25.915 -0.628993 0.0347792 0.776632 11.9514 0 0
-65.2961 24.7919 25.9635 -0.626872 0.0387362 0.778159 12.1122 0 0
-65.2543 25.8236 25.941 -0.624552 0.0430166 0.779798 12.383 0 0
-65.4122 27.5749 25.7254 -0.622539 0.0475408 0.781143 12.6253 0 0
-65.6687 29.0729 25.4271 -0.621367 0.0520503 0.781789 12.7957 0 0
-65.8416 30.1288 25.2207 -0.621416 0.0561616 0.781465 13.0279 0 0
-65.716 31.6233 25.2067 -0.6228 0.0594896 0.780116 13.1935 0 0
-65.1569 32.4745 25.5615 -0.625348 0.0617599 0.777898 13.4695 0 0
-63.7293 32.4994 26.6358 -0.628699 0.06286 0.775104 13.6628 0 0
-63.0533 31.6413 27.3423 -0.632432 0.0628316 0.772063 13.8717 0 0
-62.7353 30.407 27.7213 -0.636179 0.0618127 0.769061 14.1371 0 0
-62.8161 28.7463 27.7472 -0.639688 0.0599418 0.766294 14.3922 0 0
-63.033 27.1358 27.6805 -0.642842 0.0572751 0.763855 14.554 0 0
-63.1251 26.1166 27.7019 -0.645659 0.0537836 0.76173 14.7333 0 0
-63.144 25.0505 27.7535 -0.648247 0.0494424 0.759823 14.9244 0 0
-63.0693 23.9249 27.8929 -0.650739 0.0443385 0.758006 15.1059 0 0
-62.9329 22.8613 28.0752 -0.6532 0.0387193 0.756195 15.3607 0 0
-62.7284 21.369 28.3426 -0.655558 0.0329592 0.754425 15.5623 0 0
-62.6187 20.2026 28.5102 -0.657588 0.0274683 0.752877 15.7905 0 0
-62.5095 18.9325 28.6087 -0.658977 0.0225798 0.751824 16.0188 0 0
-62.4309 17.5664 28.6717 -0.659458 0.0184634 0.751514 16.251 0 0
-62.5279 16.1258 28.6031 -0.658942 0.0151068 0.752042 16.4591 0 0
-62.7437 14.8924 28.4308 -0.657577 0.0123676 0.753286 16.6539 0 0
-62.9664 13.7697 28.2259 -0.655719 0.010057 0.754938 16.943 0 0
-63.2266 12.0111 27.9988 -0.653825 0.00800723 0.756604 17.1483 0 0
-63.3765 10.7341 27.911 -0.652326 0.00610092 0.757914 17.3848 0 0
-63.481 9.29332 27.8486 -0.651529 0.00427053 0.758612 17.576 0 0
-63.391 8.11948 27.9309 -0.651558 0.0024872 0.758594 17.749 0 0
-63.2663 7.08166 28.029 -0.652357 0.000760829 0.757911 17.9302 0 0
-63.0959 5.99192 28.18 -0.653723 -0.00084543 0.756733 18.1446 0 0
-62.8528 4.71511 28.3797 -0.65537 -0.00221143 0.755305 18.3547 0 0
-62.6399 3.45122 28.5664 -0.656997 -0.00320053 0.753886 18.5414 0 0
-62.5178 2.32842 28.6563 -0.658365 -0.00374057 0.752689 18.7224 0 0
-62.4931 1.23324 28.669 -0.65935 -0.00388774 0.751826 18.8987 0 0
-62.594 0.157116 28.5748 -0.659965 -0.00381412 0.751286 19.1459 0 0
-62.7868 -1.34372 28.3709 -0.66033 -0.00372806 0.750966 19.3139 0 0
-62.8601 -2.39811 28.2979 -0.66059 -0.00379385 0.750737 19.5194 0 0
-62.96 -3.65769 28.2072 -0.660847 -0.00409771 0.750509 19.6821 0 0
-63.0078 -4.66747 28.1792 -0.661142 -0.0046532 0.750246 19.8582 0 0
-62.9892 -5.75367 28.1969 -0.661476 -0.00542126 0.749947 20.088 0 0
-63.0039 -7.14497 28.1674 -0.661854 -0.00634037 0.749606 20.3275 0 0
-63.008 -8.58266 28.0934 -0.662312 -0.00737382 0.749191 20.4838 0 0
-62.9798 -9.59575 28.1292 -0.662917 -0.00856071 0.748644 20.674 0 0
-62.8295 -10.7581 28.2798 -0.66374 -0.0100256 0.747896 20.8723 0 0
-62.596 -11.891 28.461 -0.664823 -0.0119075 0.746906 21.0461 0 0
-62.4081 -12.9088 28.6085 -0.666131 -0.0142403 0.745699 21.2973 0 0
-62.2006 -14.4023 28.7686 -0.667525 -0.0168904 0.744396 21.4818 0 0
-62.0583 -15.5025 28.8767 -0.668783 -0.0196246 0.743199 21.6649 0 0
-61.977 -16.59 28.9352 -0.669674 -0.0222646 0.742321 21.8546 0 0
-61.9165 -17.7008 28.9571 -0.670067 -0.0248057 0.741886 22.0348 0 0
-61.8758 -18.7558 28.9558 -0.669985 -0.0274157 0.741868 22.21 0 0
-61.7954 -19.7727 28.9521 -0.669582 -0.0303385 0.742118 22.3818 0 0
-61.698 -20.7958 28.9697 -0.669021 -0.0337859 0.742475 22.5488 0 0
-61.6389 -21.8391 29.0184 -0.66836 -0.0378806 0.742873 22.724 0 0
-61.5896 -22.9036 29.0355 -0.667491 -0.042656 0.743395 22.9181 0 0
-61.5249 -24.0145 29.0255 -0.666192 -0.0480723 0.744229 23.1255 0 0
-61.4194 -25.2046 29.0462 -0.664214 -0.0540066 0.745589 23.3692 0 0
-61.2077 -26.5961 29.1165 -0.66137 -0.0602083 0.747639 23.5923 0 0
-60.9879 -27.9239 29.2121 -0.657571 -0.0662535 0.750474 23.7678 0 0
-60.9413 -28.9938 29.1731 -0.652852 -0.071558 0.754098 23.9674 0 0
-61.0418 -30.1625 28.9525 -0.647422 -0.0754863 0.758384 24.1782 0 0
-61.4007 -31.3182 28.5157 -0.641697 -0.0775291 0.763029 24.353 0 0
-61.8759 -32.1619 28.0164 -0.636251 -0.0774628 0.767583 24.5407 0 0
-62.642 -32.6617 27.3181 -0.631643 -0.0754114 0.771583 24.7066 0 0
-63.4204 -32.721 26.6635 -0.628225 -0.071789 0.774713 24.9836 0 0
-64.6127 -31.6283 25.8798 -0.626032 -0.0671602 0.7769 25.1387 0 0
-64.787 -30.6272 25.8217 -0.624833 -0.062088 0.778286 25.2951 0 0
-64.8317 -29.5774 25.8638 -0.624289 -0.0570314 0.779109 25.5489 0 0
-64.7265 -27.897 26.0344 -0.624127 -0.0523117 0.77957 25.747 0 0
-64.6305 -26.5498 26.2009 -0.624227 -0.0481139 0.77976 25.9049 0 0
-64.5732 -25.5119 26.2892 -0.624624 -0.0444854 0.779657 26.0683 0 0
-64.5858 -24.4262 26.3469 -0.625431 -0.0413359 0.779184 26.2211 0 0
-64.6877 -23.4254 26.3247 -0.626751 -0.0384623 0.77827 26.4688 0 0
-65.0127 -21.8511 26.128 -0.628619 -0.0356067 0.776898 26.643 0 0
-65.2414 -20.763 25.9761 -0.630977 -0.0325363 0.775119 26.8188 0 0
-65.4421 -19.6399 25.8727 -0.633678 -0.0291283 0.773048 26.9859 0 0
-65.5829 -18.5712 25.7922 -0.636492 -0.0254301 0.770864 27.2476 0 0
-65.7419 -16.8737 25.7425 -0.639129 -0.0216495 0.768795 27.4154 0 0
-65.7748 -15.8204 25.7288 -0.641278 -0.0180691 0.767096 27.6421 0 0
-65.7589 -14.3705 25.7631 -0.642687 -0.0149297 0.765984 27.8019 0 0
-65.7398 -13.3323 25.7939 -0.643235 -0.0123462 0.76557 27.957 0 0
-65.6948 -12.3229 25.8425 -0.642968 -0.010288 0.765824 28.1148 0 0
-65.6202 -11.3004 25.8896 -0.642053 -0.00862403 0.766612 28.265 0 0
-65.5406 -10.2758 25.9451 -0.64069 -0.00721398 0.767766 28.4663 0 0
-65.4452 -8.8655 26.0754 -0.639047 -0.00599751 0.769144 28.6879 0 0
-65.3304 -7.4104 26.1823 -0.637256 -0.00502321 0.770635 28.8817 0 0
-65.3006 -6.13064 26.2243 -0.635458 -0.00438919 0.772123 29.0582 0 0
-65.4271 -5.00829 26.1371 -0.633837 -0.00413943 0.773456 29.2356 0 0
-65.4597 -3.90002 26.1118 -0.632618 -0.00419616 0.774452 29.3981 0 0
-65.5006 -2.88108 26.0763 -0.632022 -0.00437308 0.774938 29.6048 0 0
-65.6205 -1.56057 25.9695 -0.63221 -0.00444903 0.774784 29.7667 0 0
-65.7476 -0.492831 25.872 -0.63325 -0.0042426 0.773936 30.0111 0 0
-65.8973 1.13277 25.7825 -0.635102 -0.00364507 0.77242 30.1704 0 0
-65.994 2.17035 25.7299 -0.637628 -0.00262269 0.77034 30.4344 0 0
-66.0627 3.8758 25.6826 -0.640597 -0.00122445 0.767876 30.5932 0 0
-65.9797 4.94981 25.7499 -0.643692 0.000403129 0.765285 30.7922 0 0
-65.6749 6.25487 26.0194 -0.646517 0.00203111 0.762897 31.0284 0 0
-65.2403 7.68278 26.3744 -0.648624 0.00341799 0.761102 31.2142 0 0
-65.0451 8.85964 26.5266 -0.649577 0.00441369 0.760283 31.4659 0 0
-64.8603 10.464 26.6935 -0.649064 0.0050445 0.760717 31.6876 0 0
-64.9093 11.8048 26.603 -0.647026 0.00552732 0.762448 31.8528 0 0
-65.062 12.8142 26.4268 -0.643721 0.00619656 0.765235 32.1286 0 0
-65.5187 14.5334 26.0482 -0.639697 0.00737688 0.768592 32.3005 0 0
-65.8705 15.5327 25.737 -0.635641 0.00926594 0.771929 32.5456 0 0
-66.3454 17.0551 25.361 -0.632181 0.0118775 0.774729 32.7037 0 0
-66.5183 18.1206 25.2437 -0.629705 0.0150567 0.776689 32.8255 0 0
-67.1288 17.9556 24.7708 -0.62826 0.0185514 0.777782 33.0898 0 0
-66.9159 19.697 24.8724 -0.62757 0.0221122 0.778246 33.2597 0 0
-66.6239 20.7937 25.057 -0.627147 0.0255823 0.778481 33.4213 0 0
-66.3345 21.8241 25.2475 -0.626459 0.0289436 0.778917 33.585 0 0
-66.0839 22.8417 25.4035 -0.62511 0.0322971 0.779869 33.7413 0 0
-65.9218 23.8406 25.4923 -0.622956 0.0357911 0.781438 33.9929 0 0
-65.8323 25.5056 25.4776 -0.620151 0.0395403 0.783485 34.172 0 0
-65.8822 26.7009 25.3849 -0.617112 0.0435829 0.785667 34.4203 0 0
-66.1127 28.3016 25.1236 -0.614425 0.0478872 0.78752 34.577 0 0
-66.3014 29.2818 24.9303 -0.612726 0.052361 0.788559 34.8291 0 0
-66.4758 30.8914 24.6861 -0.612557 0.05683 0.788381 34.9982 0 0
-66.2844 32.0406 24.7496 -0.614241 0.061014 0.786756 35.1675 0 0
-65.6886 32.9691 25.112 -0.617794 0.0645553 0.783686 35.3382 0 0
-64.8381 33.4363 25.7167 -0.622915 0.0671074 0.779406 35.5 0 0
-63.9926 33.4331 26.3522 -0.629048 0.0684356 0.774348 35.6573 0 0
-63.2374 33.0802 26.98 -0.635507 0.0684763 0.769052 35.9127 0 0
-62.4211 31.8566 27.8482 -0.64163 0.0673313 0.764054 36.1111 0 0
-62.1539 30.6886 28.1828 -0.646897 0.0652068 0.759785 36.3641 0 0
-62.2267 29.0576 28.2591 -0.65101 0.0623231 0.756506 36.5759 0 0
-62.4043 27.7948 28.1973 -0.653927 0.0588403 0.754266 36.7998 0 0
-62.5455 26.4506 28.1763 -0.65585 0.0548423 0.752897 37.0377 0 0
-62.5864 25.0284 28.2443 -0.65717 0.0503725 0.752057 37.2076 0 0
-62.5216 24.0226 28.3642 -0.658337 0.0454828 0.751348 37.3896 0 0
-62.3834 22.969 28.5498 -0.659695 0.0402657 0.750454 37.5637 0 0
-62.2095 21.9722 28.753 -0.66137 0.0348716 0.749249 37.7352 0 0
-62.1029 20.9611 28.9072 -0.663259 0.0295165 0.747807 37.9432 0 0
-62.0157 19.786 29.0339 -0.665097 0.0244654 0.746356 38.168 0 0
-61.917 18.515 29.1258 -0.666556 0.0199766 0.745188 38.4107 0 0
-61.8904 17.0538 29.1903 -0.667333 0.0162273 0.744583 38.6067 0 0
-61.9857 15.8997 29.114 -0.667222 0.013265 0.744741 38.8579 0 0
-62.2636 14.4715 28.864 -0.66619 0.011009 0.745701 39.0311 0 0
-62.4514 13.4927 28.6896 -0.664428 0.0092918 0.747295 39.1985 0 0
-62.62 12.5068 28.5421 -0.662336 0.00790996 0.749165 39.4013 0 0
-62.7636 11.3127 28.4264 -0.660418 0.00666856 0.750869 39.6114 0 0
-62.8566 10.0641 28.3685 -0.659123 0.00541631 0.752016 39.8002 0 0
-62.8731 8.92631 28.3552 -0.658723 0.00406668 0.752375 39.965 0 0
-62.81 7.91451 28.4148 -0.659255 0.00260262 0.751915 40.1644 0 0
-62.6393 6.72219 28.5609 -0.660537 0.00107176 0.750793 40.3676 0 0
-62.4259 5.49366 28.7524 -0.662225 -0.000422877 0.749305 40.5764 0 0
-62.1914 4.24398 28.9669 -0.663914 -0.00174855 0.747807 40.8066 0 0
-61.9758 2.87584 29.1479 -0.665233 -0.0027985 0.746631 40.974 0 0
-61.9035 1.87147 29.2022 -0.665943 -0.00355783 0.745994 41.1551 0 0
-61.9448 0.76501 29.158 -0.665996 -0.00412508 0.745944 41.4151 0 0
-62.146 -0.818217 28.9556 -0.665516 -0.0046602 0.746369 41.6197 0 0
-62.2945 -2.09021 28.8034 -0.664731 -0.00529693 0.747064 41.8003 0 0
-62.3778 -3.22253 28.7218 -0.663877 -0.00608438 0.747817 41.9679 0 0
-62.421 -4.24921 28.6877 -0.663128 -0.00698653 0.748473 42.1302 0 0
-62.4343 -5.25168 28.6759 -0.662579 -0.00792102 0.74895 42.3005 0 0
-62.4388 -6.29669 28.6738 -0.662257 -0.00880792 0.749225 42.5848 0 0
-62.4264 -8.00755 28.6374 -0.662133 -0.00961182 0.749325 42.7646 0 0
-62.4108 -9.11279 28.6342 -0.662143 -0.0103699 0.749305 42.9281 0 0
-62.345 -10.1149 28.7132 -0.662231 -0.0111992 0.749216 43.1096 0 0
-62.1884 -11.1621 28.8357 -0.662388 -0.0122715 0.74906 43.291 0 0
-61.9942 -12.2059 28.9863 -0.66267 -0.0137486 0.748785 43.5086 0 0
-61.7868 -13.4728 29.149 -0.663132 -0.0157004 0.748338 43.7632 0 0
-61.5666 -14.9589 29.3275 -0.663747 -0.0180611 0.747739 43.942 0 0
-61.4594 -16.0051 29.409 -0.66438 -0.0206669 0.747109 44.1243 0 0
-61.3983 -17.0575 29.4454 -0.664858 -0.0233555 0.746605 44.307 0 0
-61.3586 -18.095 29.4457 -0.665082 -0.026063 0.746315 44.4844 0 0
-61.3173 -19.1098 29.4489 -0.665101 -0.0288659 0.746196 44.6661 0 0
-61.2268 -20.1236 29.461 -0.665075 -0.0319569 0.746092 44.8451 0 0
-61.1192 -21.157 29.4872 -0.665169 -0.0355747 0.745845 45.0186 0 0
-61.0541 -22.2213 29.5159 -0.665417 -0.0399219 0.745404 45.1984 0 0
-61.0081 -23.3168 29.5199 -0.665643 -0.0450981 0.744906 45.3987 0 0
-60.9323 -24.4602 29.5194 -0.665479 -0.0510505 0.744669 45.612 0 0
-60.7964 -25.6799 29.5692 -0.664441 -0.057533 0.745123 45.8285 0 0
-60.6064 -26.9313 29.6419 -0.662048 -0.0640872 0.746717 46.1139 0 0
-60.4077 -28.6304 29.6876 -0.657956 -0.0700852 0.749788 46.3118 0 0
-60.4006 -29.7801 29.5654 -0.652098 -0.0748472 0.754431 46.5223 0 0
-60.6232 -30.9689 29.2193 -0.644769 -0.0777997 0.760408 46.6929 0 0
-60.9416 -31.9002 28.8242 -0.636626 -0.0786193 0.767155 46.9835 0 0
-61.8412 -33.1717 27.9053 -0.628555 -0.0773198 0.773913 47.1508 0 0
-62.5874 -33.4999 27.2482 -0.621453 -0.0742527 0.779925 47.3373 0 0
-63.5352 -33.5248 26.4945 -0.615999 -0.0700064 0.78463 47.6075 0 0
-64.8733 -32.7718 25.5948 -0.612502 -0.0652257 0.787774 47.8617 0 0
-65.3284 -31.1631 25.3857 -0.610881 -0.0604274 0.789413 48.0201 0 0
-65.4198 -30.0988 25.4052 -0.610783 -0.0558998 0.789822 48.2003 0 0
-65.3769 -28.9148 25.4758 -0.61175 -0.0517223 0.789359 48.3837 0 0
-65.2899 -27.6583 25.599 -0.613379 -0.0478667 0.788337 48.5733 0 0
-65.1748 -26.3582 25.7585 -0.615402 -0.0442962 0.786968 48.7264 0 0
-65.1265 -25.313 25.8624 -0.617662 -0.0410011 0.785374 48.9327 0 0
-65.1941 -23.9384 25.8952 -0.620027 -0.0379781 0.783661 49.1386 0 0
-65.4372 -22.6253 25.7709 -0.622305 -0.0351988 0.781983 49.309 0 0
-65.6883 -21.5825 25.6011 -0.62421 -0.0325995 0.780576 49.4769 0 0
-65.8951 -20.5298 25.4669 -0.625425 -0.030094 0.779704 49.6367 0 0
-66.0583 -19.4821 25.3707 -0.625718 -0.0276093 0.779561 49.7856 0 0
-66.196 -18.4764 25.2884 -0.625068 -0.0251309 0.780166 50.0169 0 0
-66.3209 -16.8707 25.2606 -0.623719 -0.0227226 0.781318 50.1897 0 0
-66.346 -15.7238 25.2546 -0.62212 -0.020492 0.782653 50.3616 0 0
-66.3441 -14.577 25.2694 -0.620779 -0.0185205 0.783767 50.5512 0 0
-66.3332 -13.3184 25.3085 -0.620088 -0.0168115 0.784352 50.7301 0 0
-66.2737 -12.1851 25.3842 -0.620212 -0.0152904 0.784285 50.8979 0 0
-66.1821 -11.0924 25.448 -0.621045 -0.0138557 0.783653 51.0554 0 0
-66.0833 -9.99297 25.5132 -0.622262 -0.012442 0.78271 51.2231 0 0
-66.01 -8.81428 25.6255 -0.623454 -0.0110535 0.781782 51.3867 0 0
-65.9693 -7.73826 25.6713 -0.624291 -0.00975105 0.781131 51.5886 0 0
-65.943 -6.40684 25.6978 -0.624653 -0.00859973 0.780855 51.7825 0 0
-66.0272 -5.15329 25.6444 -0.624665 -0.00761125 0.780856 51.947 0 0
-66.0452 -4.1133 25.6303 -0.624643 -0.00671268 0.780881 52.1169 0 0
-66.0924 -3.03979 25.5905 -0.624988 -0.00576064 0.780613 52.3774 0 0
-66.2386 -1.35202 25.4845 -0.626064 -0.00459532 0.779758 52.6159 0 0
-66.409 0.218435 25.3673 -0.628102 -0.00310847 0.778125 52.811 0 0
-66.5296 1.49751 25.2752 -0.631131 -0.00129623 0.775675 53.0242 0 0
-66.6326 2.94298 25.2267 -0.63495 0.000720235 0.772553 53.3133 0 0
-66.586 4.86547 25.2419 -0.639136 0.00271213 0.769089 53.4806 0 0
-66.352 6.03858 25.4367 -0.643108 0.00439729 0.765763 53.6309 0 0
-66.063 7.02956 25.6799 -0.646212 0.00551956 0.763138 53.8524 0 0
-65.7002 8.4668 25.964 -0.647851 0.00592579 0.761744 54.0288 0 0
-65.5428 9.64171 26.0865 -0.64763 0.00560741 0.761934 54.2665 0 0
-65.5007 11.22 26.0976 -0.645462 0.00468659 0.763778 54.4515 0 0
-65.606 12.4308 25.9595 -0.641596 0.00335685 0.767036 54.5995 0 0
-65.817 13.4183 25.7822 -0.636559 0.00181741 0.771226 54.755 0 0
-66.096 14.4324 25.5502 -0.631056 0.000245478 0.775738 54.9155 0 0
-66.447 15.426 25.2694 -0.625865 -0.00118422 0.779931 55.086 0 0
-66.8363 16.5236 24.9847 -0.62175 -0.00227046 0.783212 55.2452 0 0
-67.0859 17.5783 24.8007 -0.619328 -0.002798 0.785128 55.3697 0 0
-67.7435 17.7584 24.306 -0.618905 -0.00260441 0.785462 55.5792 0 0
-67.4531 16.4011 24.517 -0.620364 -0.00165887 0.784313 55.7451 0 0
-67.0555 15.3701 24.8061 -0.623154 -9.70437e-05 0.782099 55.8979 0 0
-66.7059 14.391 25.0576 -0.626426 0.00180423 0.779479 56.0797 0 0
-66.3665 13.1709 25.3182 -0.629265 0.00369099 0.777182 56.2427 0 0
-66.1528 12.0117 25.4911 -0.630953 0.00521429 0.775804 56.3953 0 0
-66.0601 10.9025 25.5995 -0.631157 0.00611485 0.775631 56.5623 0 0
-66.1015 9.70951 25.5872 -0.629952 0.00628071 0.776609 56.7914 0 0
-66.375 8.12145 25.3941 -0.627703 0.00575006 0.778431 56.949 0 0
-66.6661 7.0786 25.1625 -0.624903 0.00466687 0.780689 57.1296 0 0
-67.0327 5.84359 24.8902 -0.622044 0.00322462 0.782975 57.2973 0 0
-67.2685 4.67016 24.7285 -0.619554 0.00162339 0.784952 57.5445 0 0
-67.2185 2.93313 24.7497 -0.617743 4.16655e-05 0.78638 57.791 0 0
-67.1264 1.2201 24.8037 -0.616748 -0.00138221 0.787159 57.9478 0 0
-67.0194 0.158221 24.8955 -0.616491 -0.00256025 0.787358 58.1507 0 0
-66.8655 -1.18443 25.0111 -0.616693 -0.00346375 0.787196 58.3197 0 0
-66.7474 -2.30009 25.0867 -0.616985 -0.00413803 0.786964 58.5873 0 0
-66.6451 -4.08593 25.1373 -0.617063 -0.00470913 0.7869 58.7451 0 0
-66.6297 -5.13995 25.1519 -0.61681 -0.00535411 0.787094 59.0112 0 0
-66.5356 -6.90297 25.216 -0.616313 -0.00622816 0.787477 59.173 0 0
-66.5479 -7.98735 25.1935 -0.61575 -0.00738601 0.787907 59.3868 0 0
-66.6134 -9.44204 25.1109 -0.615231 -0.00875905 0.788299 59.5441 0 0
-66.7269 -10.5702 25.0382 -0.614726 -0.0102167 0.788674 59.7023 0 0
-66.8331 -11.6619 24.9661 -0.614134 -0.0116712 0.789115 59.8682 0 0
-66.9106 -12.7698 24.875 -0.613412 -0.0131507 0.789653 60.0397 0 0
-66.9638 -13.9066 24.8047 -0.612657 -0.0147958 0.79021 60.2198 0 0
-66.9404 -15.0952 24.7832 -0.61206 -0.0167856 0.790633 60.4357 0 0
-66.9172 -16.5625 24.78 -0.611788 -0.0192319 0.790788 60.6982 0 0
-66.8256 -18.3665 24.7954 -0.611876 -0.0220936 0.790645 60.896 0 0
-66.6286 -19.7627 24.9302 -0.612182 -0.0251679 0.790317 61.057 0 0
-66.4597 -20.8464 25.01 -0.612418 -0.0281834 0.790031 61.2875 0 0
-66.1027 -22.3809 25.2514 -0.612246 -0.030946 0.790062 61.4464 0 0
-65.8534 -23.3706 25.4021 -0.611376 -0.0334428 0.790633 61.6104 0 0
-65.7101 -24.4354 25.4579 -0.609672 -0.0358496 0.791843 61.834 0 0
-65.7078 -25.9031 25.3632 -0.607223 -0.038457 0.7936 61.9842 0 0
-65.7965 -26.9206 25.2403 -0.604387 -0.0415741 0.795605 62.2256 0 0
-65.9297 -28.5713 25.0719 -0.601762 -0.0454448 0.797381 62.4517 0 0
-65.9972 -30.136 24.972 -0.600094 -0.0501835 0.798354 62.6222 0 0
-65.9391 -31.2723 24.9375 -0.600114 -0.0557255 0.797971 62.8256 0 0
-65.6567 -32.6238 25.0404 -0.602353 -0.0618014 0.795833 62.9989 0 0
-65.1185 -33.6333 25.3587 -0.606981 -0.0679641 0.791805 63.2296 0 0
-63.9557 -34.2937 26.1203 -0.613752 -0.073677 0.786053 63.3917 0 0
-63.07 -34.3391 26.7527 -0.622087 -0.0784257 0.779011 63.6115 0 0
-61.9402 -34.0916 27.6991 -0.631249 -0.0818023 0.771255 63.7821 0 0
-61.2164 -33.6237 28.3619 -0.640533 -0.0835462 0.763372 63.9811 0 0
-60.6144 -32.7337 28.9863 -0.649394 -0.0835555 0.755848 64.1443 0 0
-60.2753 -31.8531 29.4306 -0.657485 -0.0818855 0.749005 64.3549 0 0
-59.9546 -30.6783 29.8643 -0.664635 -0.0787399 0.743008 64.5842 0 0
-59.8342 -29.3105 30.1318 -0.670763 -0.0744508 0.737925 64.7764 0 0
-59.8812 -28.1853 30.2157 -0.675796 -0.069432 0.733811 64.9576 0 0
-60.0202 -27.1572 30.1693 -0.679618 -0.0640975 0.73076 65.1441 0 0
-60.1841 -26.0871 30.0974 -0.682089 -0.0587653 0.728905 65.3477 0 0
-60.3424 -24.9093 30.0269 -0.683118 -0.0535949 0.728339 65.5478 0 0
-60.4366 -23.7351 30.0136 -0.682748 -0.0485985 0.729036 65.7435 0 0
-60.486 -22.6007 30.0256 -0.681184 -0.0437184 0.730806 65.9295 0 0
-60.5471 -21.5128 30.0211 -0.67877 -0.0389172 0.733319 66.1078 0 0
-60.6447 -20.4691 29.9741 -0.675918 -0.0342269 0.736182 66.2809 0 0
-60.7541 -19.4551 29.9445 -0.673028 -0.0297413 0.739019 66.637 0 0
-60.8282 -17.462 29.9302 -0.670433 -0.0255819 0.741529 66.8129 0 0
-60.8711 -16.4556 29.9228 -0.668365 -0.0218638 0.743512 66.9943 0 0
-60.955 -15.4184 29.8627 -0.666943 -0.018667 0.744874 67.1707 0 0
-61.0872 -14.407 29.7555 -0.666201 -0.0160144 0.745601 67.3993 0 0
-61.299 -13.0844 29.5884 -0.666109 -0.0138719 0.745725 67.6731 0 0
-61.5676 -11.5202 29.3752 -0.666608 -0.0121729 0.745309 67.8511 0 0
-61.7258 -10.4952 29.2501 -0.667616 -0.0108467 0.744427 68.0217 0 0
-61.8249 -9.49974 29.1721 -0.669021 -0.00982746 0.743179 68.3226 0 0
-61.8748 -7.72997 29.1403 -0.670684 -0.00904637 0.741688 68.5277 0 0
-61.8797 -6.50457 29.1505 -0.67245 -0.00842381 0.740094 68.7806 0 0
-61.8706 -4.96142 29.1709 -0.674178 -0.00786596 0.738527 68.9727 0 0
-61.8525 -3.78241 29.1915 -0.675767 -0.00727212 0.73708 69.1533 0 0
-61.8005 -2.67856 29.2468 -0.677139 -0.00655817 0.735826 69.362 0 0
-61.6806 -1.4015 29.3793 -0.6782 -0.0056855 0.734855 69.5719 0 0
-61.5035 -0.120634 29.5754 -0.678827 -0.00467324 0.734283 69.9158 0 0
-61.317 1.91809 29.7293 -0.678911 -0.00358588 0.734212 70.1041 0 0
-61.4278 3.0673 29.6527 -0.678436 -0.00251063 0.734655 70.4104 0 0
-61.7421 4.83766 29.3831 -0.677525 -0.00153469 0.735498 70.6472 0 0
-61.9823 6.19654 29.1607 -0.676414 -0.000716095 0.736521 70.8864 0 0
-62.2046 7.60122 28.9372 -0.675371 -4.35989e-05 0.737478 71.0878 0 0
-62.2897 8.82177 28.8611 -0.674584 0.000597789 0.738198 71.3584 0 0
-62.2805 10.4354 28.8718 -0.67408 0.00142702 0.738657 71.6006 0 0
-62.1658 11.8351 28.9549 -0.673724 0.00271763 0.738978 71.8134 0 0
-61.9758 13.0564 29.1191 -0.673301 0.00471234 0.739354 72.0035 0 0
-61.768 14.1313 29.3132 -0.672626 0.00754128 0.739944 72.2357 0 0
-61.5012 15.4383 29.565 -0.671629 0.0111864 0.740803 72.4438 0 0
-61.3477 16.6302 29.7088 -0.670372 0.015508 0.741863 72.7035 0 0
-61.3496 18.108 29.6673 -0.669001 0.020313 0.742984 72.927 0 0
-61.4208 19.3826 29.5478 -0.667659 0.0254304 0.744032 73.1386 0 0
-61.4937 20.6263 29.4429 -0.666399 0.0307738 0.74496 73.4113 0 0
-61.6664 22.2087 29.2123 -0.665126 0.0363709 0.745845 73.5923 0 0
-61.855 23.2492 28.9974 -0.663628 0.0423197 0.746865 73.8409 0 0
-62.0259 24.6892 28.7611 -0.661642 0.048654 0.74824 74.0155 0 0
-62.0578 25.7254 28.6628 -0.658947 0.0551937 0.750162 74.2941 0 0
-61.9058 27.3628 28.6851 -0.655413 0.0615082 0.752762 74.5606 0 0
-61.6756 28.9099 28.7593 -0.651 0.0670382 0.756112 74.7252 0 0
-61.597 29.917 28.7383 -0.645711 0.0712886 0.760247 74.8871 0 0
-61.595 30.9174 28.652 -0.639553 0.0739666 0.76518 75.1141 0 0
-61.8419 32.2648 28.2657 -0.632569 0.0750154 0.770862 75.3291 0 0
-62.4557 33.2647 27.6284 -0.624927 0.0745678 0.777114 75.551 0 0
-63.3378 34.0247 26.8265 -0.617002 0.0728733 0.783581 75.7299 0 0
-64.2349 34.2264 26.1012 -0.609347 0.0702292 0.789788 75.9251 0 0
-65.2716 34.117 25.3241 -0.602563 0.0669212 0.795261 76.0755 0 0
-66.0044 33.6687 24.8096 -0.597143 0.0631877 0.799642 76.2183 0 0
-66.588 32.9166 24.4489 -0.593366 0.059218 0.802751 76.3624 0 0
-66.9979 31.9885 24.2321 -0.591248 0.0551747 0.8046 76.5459 0 0
-67.1029 30.6887 24.2522 -0.590547 0.0512089 0.805377 76.7471 0 0
-66.9118 29.3139 24.4736 -0.590843 0.0474397 0.805391 76.9692 0 0
-66.6244 27.8686 24.7518 -0.591671 0.0439088 0.804983 77.1341 0 0
-66.4661 26.7614 24.9375 -0.592648 0.0405457 0.80444 77.3337 0 0
-66.4011 25.4151 25.0307 -0.593549 0.0371778 0.803939 77.5713 0 0
-66.4933 23.7603 25.0318 -0.5943 0.0335878 0.803542 77.7581 0 0
-66.7499 22.4903 24.8909 -0.594935 0.0295975 0.803229 77.9212 0 0
-67.0546 21.4448 24.7114 -0.59555 0.0251523 0.802924 78.0959 0 0
-67.3875 20.3201 24.5074 -0.596273 0.0203792 0.802523 78.2829 0 0
-67.6573 19.1116 24.3391 -0.597244 0.0155902 0.801908 78.4336 0 0
-67.7587 18.1072 24.2964 -0.598595 0.01121 0.800973 78.5516 0 0
-68.3754 18.0414 23.8323 -0.600417 0.00765017 0.79965 78.7816 0 0
-68.1767 16.5222 23.9785 -0.602695 0.00518488 0.797955 78.9548 0 0
-67.7291 15.4449 24.294 -0.605249 0.0038769 0.796027 79.1009 0 0
-67.3743 14.4966 24.5503 -0.607748 0.00356057 0.794122 79.2488 0 0
-67.076 13.4989 24.7583 -0.609815 0.00387574 0.792534 79.3991 0 0
-66.8411 12.4521 24.9451 -0.611182 0.00435906 0.791478 79.5614 0 0
-66.7032 11.2928 25.0716 -0.611792 0.00458865 0.791006 79.7575 0 0
-66.6803 9.90873 25.0995 -0.61179 0.00432631 0.791008 79.9679 0 0
-66.9196 8.41431 24.9354 -0.611431 0.00356966 0.79129 80.141 0 0
-67.2642 7.22586 24.6865 -0.610944 0.00248007 0.79167 80.3811 0 0
-67.7761 5.58806 24.3405 -0.610465 0.00124928 0.792042 80.5363 0 0
-67.8899 4.53469 24.2628 -0.610042 6.11394e-06 0.792369 80.6951 0 0
-67.8415 3.44443 24.2823 -0.609692 -0.00119076 0.792637 80.8538 0 0
-67.7991 2.33914 24.293 -0.60944 -0.00230436 0.792829 81.0419 0 0
-67.7269 1.0078 24.33 -0.609285 -0.00327361 0.792944 81.1863 0 0
-67.6113 -0.00644732 24.432 -0.609154 -0.00401267 0.793042 81.3851 0 0
-67.448 -1.35807 24.5698 -0.6089 -0.0044618 0.793234 81.5509 0 0
-67.3344 -2.45016 24.6412 -0.6084 -0.00465253 0.793617 81.8219 0 0
-67.2452 -4.2556 24.6762 -0.607664 -0.00473111 0.79418 82.0168 0 0
-67.2112 -5.58261 24.6828 -0.606866 -0.00491511 0.794789 82.172 0 0
-67.1482 -6.66748 24.7315 -0.606265 -0.0054044 0.795244 82.3459 0 0
-67.1259 -7.87196 24.7349 -0.606049 -0.00629063 0.795402 82.5023 0 0
-67.1559 -8.97837 24.7043 -0.606214 -0.00751023 0.795266 82.6518 0 0
-67.279 -10.062 24.6246 -0.606546 -0.00887619 0.794999 82.8085 0 0
-67.3866 -11.1595 24.5555 -0.60673 -0.0101883 0.794842 82.9664 0 0
-67.4745 -12.2286 24.4507 -0.606521 -0.0113628 0.794986 83.1277 0 0
-67.5472 -13.3491 24.3649 -0.605888 -0.0124943 0.795452 83.2732 0 0
-67.5572 -14.3616 24.3205 -0.605051 -0.0138081 0.796067 83.4191 0 0
-67.5151 -15.3879 24.3206 -0.604363 -0.0155324 0.796557 83.5787 0 0
-67.5039 -16.508 24.3207 -0.604118 -0.0177621 0.796697 83.7811 0 0
-67.4923 -17.9293 24.3122 -0.604382 -0.0203881 0.796434 83.9564 0 0
-67.3274 -19.1862 24.4305 -0.604971 -0.0231356 0.795911 84.1021 0 0
-67.1894 -20.187 24.5231 -0.60554 -0.0256982 0.7954 84.3025 0 0
-66.9617 -21.4772 24.5913 -0.605725 -0.0278857 0.795185 84.5481 0 0
-66.4866 -23.1417 24.9156 -0.605235 -0.0297002 0.795492 84.8205 0 0
-66.244 -24.9178 25.0039 -0.603897 -0.0313203 0.796446 84.9816 0 0
-66.293 -25.988 24.8985 -0.601676 -0.033029 0.798057 85.1776 0 0
-66.4048 -27.3375 24.7449 -0.598714 -0.0351312 0.800192 85.3384 0 0
-66.5173 -28.4862 24.6312 -0.595384 -0.0378895 0.802547 85.4989 0 0
-66.5646 -29.6218 24.5635 -0.592299 -0.0414847 0.80465 85.6869 0 0
-66.566 -30.9429 24.5004 -0.590239 -0.0459944 0.805917 85.8927 0 0
-66.382 -32.351 24.5353 -0.590012 -0.0513732 0.805759 86.0932 0 0
-65.9396 -33.6689 24.7775 -0.592261 -0.0574281 0.803697 86.2532 0 0
-65.2985 -34.4475 25.17 -0.597298 -0.0638062 0.799477 86.412 0 0
-64.4896 -34.9228 25.6864 -0.605005 -0.0700206 0.793137 86.5814 0 0
-63.5589 -35.1611 26.3273 -0.61485 -0.0755209 0.78502 86.8037 0 0
-62.37 -35.0084 27.2403 -0.626001 -0.0797863 0.77573 86.9862 0 0
-61.483 -34.7084 27.99 -0.637507 -0.0824205 0.766023 87.2748 0 0
-60.3857 -33.6916 29.0681 -0.64849 -0.0832215 0.756661 87.4357 0 0
-60.0106 -32.8874 29.5368 -0.658297 -0.0822058 0.748256 87.6139 0 0
-59.6662 -31.9634 29.9926 -0.666577 -0.0795745 0.741177 87.8471 0 0
-59.3939 -30.6694 30.3807 -0.673249 -0.0756421 0.735537 88.0751 0 0
-59.2989 -29.334 30.6393 -0.678391 -0.0707638 0.731285 88.3902 0 0
-59.4134 -27.5434 30.7118 -0.68211 -0.0652848 0.728329 88.5931 0 0
-59.5949 -26.4118 30.6293 -0.684453 -0.0595089 0.726624 88.7894 0 0
-59.7623 -25.3031 30.5558 -0.685422 -0.0536753 0.726165 88.9956 0 0
-59.8808 -24.1356 30.5212 -0.685051 -0.0479477 0.726915 89.199 0 0
-59.9338 -22.9742 30.54 -0.683486 -0.0424289 0.728729 89.3922 0 0
-59.9768 -21.8636 30.5597 -0.681007 -0.0371972 0.731331 89.5785 0 0
-60.0655 -20.8071 30.5124 -0.677986 -0.0323393 0.734363 89.758 0 0
-60.1837 -19.7851 30.4477 -0.674807 -0.027955 0.737464 90.0658 0 0
-60.2666 -18.0317 30.4032 -0.671796 -0.0241341 0.740343 90.2432 0 0
-60.2903 -16.9895 30.4129 -0.669188 -0.0209239 0.742799 90.4402 0 0
-60.3585 -15.8467 30.3844 -0.667136 -0.0183096 0.74471 90.613 0 0
-60.467 -14.8536 30.2966 -0.66574 -0.0162158 0.746008 90.7823 0 0
-60.6038 -13.86 30.186 -0.665054 -0.0145289 0.746654 90.9521 0 0
-60.7767 -12.8723 30.0544 -0.665092 -0.013135 0.746646 91.1255 0 0
-60.9507 -11.8803 29.9169 -0.66581 -0.0119597 0.746026 91.3028 0 0
-61.1109 -10.8703 29.7847 -0.66711 -0.0109868 0.744878 91.4741 0 0
-61.2313 -9.87284 29.6931 -0.668863 -0.0102382 0.743315 91.7522 0 0
-61.3086 -8.24945 29.6484 -0.670933 -0.0097307 0.741454 91.953 0 0
-61.322 -7.07554 29.6537 -0.673198 -0.00944745 0.739402 92.2523 0 0
-61.3254 -5.30925 29.6729 -0.675547 -0.00933469 0.737258 92.4215 0 0
-61.3194 -4.3042 29.682 -0.677871 -0.00930512 0.735122 92.6018 0 0
-61.2924 -3.22067 29.7133 -0.680058 -0.00923464 0.733101 92.8083 0 0
-61.2063 -1.99915 29.8073 -0.681998 -0.00896869 0.731299 93.0564 0 0
-61.0127 -0.515197 30.027 -0.683592 -0.00836042 0.729817 93.247 0 0
-60.8372 0.576293 30.1914 -0.684753 -0.00733235 0.728738 93.5621 0 0
-60.7772 2.42026 30.2559 -0.685419 -0.00592248 0.728125 93.735 0 0
-60.9161 3.40859 30.1423 -0.685574 -0.0042818 0.72799 93.9431 0 0
-61.1336 4.57187 29.9532 -0.685262 -0.00262171 0.728292 94.2168 0 0
-61.3986 6.09428 29.7178 -0.684567 -0.00113402 0.728949 94.426 0 0
-61.5812 7.26841 29.5333 -0.683584 8.74743e-05 0.729872 94.6197 0 0
-61.7058 8.38702 29.399 -0.682403 0.00109389 0.730975 94.8214 0 0
-61.7483 9.58094 29.3403 -0.681129 0.00206895 0.73216 94.9999 0 0
-61.7243 10.6536 29.3585 -0.679904 0.00325483 0.733294 95.2296 0 0
-61.6074 12.0112 29.4633 -0.678909 0.00485686 0.734206 95.5379 0 0
-61.2792 13.7564 29.7607 -0.678327 0.00698552 0.734727 95.7375 0 0
-61.0394 14.8739 29.9884 -0.678293 0.00965783 0.734728 95.9118 0 0
-60.8453 15.8508 30.1678 -0.678854 0.0128338 0.734161 96.1179 0 0
-60.7662 17.0251 30.2281 -0.679966 0.0164599 0.733058 96.298 0 0
-60.7976 18.0518 30.177 -0.68152 0.0205145 0.731512 96.6083 0 0
-60.9023 19.808 30.0142 -0.683341 0.0250464 0.729669 96.938 0 0
-61.0284 21.7142 29.8379 -0.685153 0.0301833 0.727774 97.1316 0 0
-61.2064 22.7949 29.6322 -0.686515 0.0360933 0.726219 97.3969 0 0
-61.4472 24.2609 29.3087 -0.686855 0.0429048 0.725527 97.5887 0 0
-61.5328 25.3816 29.158 -0.685594 0.0506125 0.726223 97.7694 0 0
-61.4896 26.4537 29.1278 -0.682319 0.059001 0.72867 97.9525 0 0
-61.3542 27.5323 29.1873 -0.676911 0.0676083 0.732954 98.1502 0 0
-61.1538 28.6634 29.2777 -0.66957 0.0757521 0.738876 98.3565 0 0
-61.0471 29.8844 29.2432 -0.660736 0.0826384 0.746055 98.5302 0 0
-61.0038 30.9345 29.1417 -0.650943 0.0875439 0.754062 98.7223 0 0
-61.1155 32.1076 28.8954 -0.640668 0.0900091 0.762524 98.9943 0 0
-61.7505 33.4864 28.1602 -0.630257 0.0899569 0.771157 99.2294 0 0
-62.5849 34.4385 27.3549 -0.619963 0.0876835 0.779716 99.4063 0 0
-63.4122 34.8945 26.6521 -0.610043 0.0837393 0.787931 99.5635 0 0
-64.2476 34.9824 26.0166 -0.600843 0.0787672 0.795477 99.7124 0 0
-65.0627 34.9472 25.4175 -0.592786 0.0733535 0.802013 99.8825 0 0
-65.9267 34.6139 24.7908 -0.58629 0.0679175 0.807249 100.078 0 0
-66.8669 33.7261 24.2097 -0.581665 0.0626712 0.811011 100.235 0 0
-67.4075 32.8068 23.9055 -0.57904 0.0576806 0.813256 100.396 0 0
-67.7091 31.7125 23.7723 -0.578321 0.0529888 0.814086 100.6 0 0
-67.7261 30.2711 23.8456 -0.579192 0.0486971 0.813735 100.745 0 0
-67.5277 29.2916 24.0282 -0.581163 0.0449355 0.812546 100.944 0 0
-67.2386 27.9812 24.3021 -0.583679 0.0417621 0.81091 101.106 0 0
-67.0747 26.8847 24.4989 -0.586244 0.0390859 0.809191 101.338 0 0
-66.986 25.3203 24.5999 -0.588504 0.0366713 0.807662 101.497 0 0
-67.0122 24.19 24.6087 -0.590269 0.0342115 0.806481 101.645 0 0
-67.1824 23.1446 24.5391 -0.591482 0.0314206 0.805705 101.803 0 0
-67.4576 22.1203 24.3741 -0.592188 0.0281092 0.805309 101.975 0 0
-67.8295 20.9925 24.1653 -0.592512 0.0242355 0.805197 102.167 0 0
-68.1502 19.7639 23.9642 -0.592657 0.0199309 0.805208 102.383 0 0
-68.3714 18.3669 23.8321 -0.592874 0.0154884 0.805146 102.402 0 0
-68.384 18.2398 23.8269 -0.593404 0.0113006 0.804825 102.528 0 0
-69.028 18.0047 23.3583 -0.594383 0.00776292 0.804145 102.685 0 0
-68.9881 16.968 23.3812 -0.595763 0.00517732 0.803144 102.895 0 0
-68.5152 15.6461 23.7219 -0.597324 0.00367773 0.801991 103.074 0 0
-68.0308 14.5237 24.0577 -0.598775 0.00318472 0.800911 103.254 0 0
-67.6583 13.2987 24.3077 -0.599881 0.00340453 0.800082 103.419 0 0
-67.4084 12.1242 24.5089 -0.600553 0.00389968 0.799575 103.605 0 0
-67.2688 10.8122 24.638 -0.600833 0.00423452 0.799364 103.82 0 0
-67.338 9.31797 24.5789 -0.600833 0.00413368 0.799364 103.973 0 0
-67.5841 8.23059 24.4232 -0.600682 0.00355316 0.79948 104.135 0 0
-67.9612 7.15643 24.1734 -0.600502 0.00261947 0.799619 104.301 0 0
-68.3108 6.09969 23.934 -0.600404 0.00150033 0.799696 104.48 0 0
-68.5354 4.89349 23.7829 -0.60047 0.00031609 0.799647 104.756 0 0
-68.4157 3.02055 23.8354 -0.600731 -0.000857316 0.799451 104.897 0 0
-68.4001 2.02054 23.826 -0.601126 -0.00193872 0.799152 105.035 0 0
-68.35 1.0152 23.8593 -0.601514 -0.00283254 0.798857 105.292 0 0
-68.116 -0.822987 24.0641 -0.601734 -0.00349596 0.798689 105.54 0 0
-67.9316 -2.48409 24.1896 -0.601711 -0.00402261 0.798704 105.696 0 0
-67.8629 -3.52219 24.2219 -0.601495 -0.00464511 0.798863 105.894 0 0
-67.837 -4.86448 24.2178 -0.601209 -0.005621 0.799072 106.119 0 0
-67.7499 -6.42879 24.2586 -0.600947 -0.007068 0.799257 106.261 0 0
-67.7155 -7.44019 24.2768 -0.600707 -0.00886235 0.79942 106.461 0 0
-67.759 -8.90086 24.2699 -0.600399 -0.0106762 0.799629 106.667 0 0
-67.9132 -10.3627 24.1685 -0.599901 -0.0121472 0.799982 106.863 0 0
-68.0369 -11.7025 24.0217 -0.599126 -0.013091 0.800548 107.01 0 0
-68.1054 -12.7743 23.9379 -0.598078 -0.0136268 0.801322 107.169 0 0
-68.1869 -13.9444 23.8717 -0.596887 -0.0141297 0.802201 107.324 0 0
-68.1647 -15.0523 23.8426 -0.595799 -0.0150363 0.802993 107.495 0 0
-68.0986 -16.3205 23.8806 -0.595059 -0.0166248 0.80351 107.706 0 0
-68.1674 -17.8286 23.8167 -0.594767 -0.0188956 0.803676 107.841 0 0
-68.0026 -18.8025 23.9371 -0.594807 -0.0216012 0.803578 108.002 0 0
-67.8348 -19.9309 24.0605 -0.594917 -0.0243796 0.803417 108.166 0 0
-67.7157 -21.0053 24.0743 -0.594803 -0.0268997 0.803422 108.328 0 0
-67.4356 -22.097 24.1968 -0.594199 -0.0289647 0.803796 108.565 0 0
-66.9199 -23.6864 24.5473 -0.592898 -0.0305609 0.804697 108.825 0 0
-66.8018 -25.4077 24.5301 -0.590785 -0.0318603 0.8062 109.01 0 0
-66.9712 -26.7109 24.361 -0.587896 -0.0331694 0.808256 109.19 0 0
-67.0841 -27.9731 24.234 -0.584468 -0.0348342 0.810669 109.445 0 0
-67.1515 -29.7719 24.1171 -0.580929 -0.0371402 0.813106 109.583 0 0
-67.1879 -30.7842 24.0523 -0.577858 -0.0402597 0.815143 109.729 0 0
-67.1017 -31.8239 24.0587 -0.575906 -0.044263 0.816317 109.89 0 0
-66.8905 -32.9927 24.1683 -0.575695 -0.0491571 0.816185 110.048 0 0
-66.5394 -33.9859 24.3538 -0.577738 -0.054892 0.814375 110.237 0 0
-65.8257 -34.9467 24.7661 -0.582353 -0.0613109 0.810621 110.401 0 0
-64.9927 -35.5124 25.2929 -0.589619 -0.0680864 0.804806 110.581 0 0
-64.0163 -35.8931 25.9335 -0.599328 -0.0747122 0.797009 110.814 0 0
-62.7275 -35.8813 26.8639 -0.610968 -0.0805825 0.787544 110.98 0 0
-61.8696 -35.6525 27.5626 -0.62376 -0.0851204 0.776967 111.138 0 0
-61.115 -35.3446 28.2067 -0.636771 -0.0878987 0.766026 111.366 0 0
-60.1765 -34.6413 29.0847 -0.649078 -0.0887146 0.755532 111.53 0 0
-59.7343 -33.8286 29.661 -0.659942 -0.0876017 0.746192 111.762 0 0
-59.2679 -32.6739 30.2705 -0.668923 -0.0847794 0.738481 111.986 0 0
-58.9554 -31.4804 30.725 -0.675886 -0.0805658 0.732589 112.223 0 0
-58.8043 -30.1623 31.0252 -0.680943 -0.075298 0.728455 112.469 0 0
-58.776 -28.7955 31.2343 -0.684356 -0.0692959 0.725847 112.809 0 0
-58.9616 -27.0087 31.1825 -0.686469 -0.062867 0.724436 113.053 0 0
-59.1701 -25.6676 31.087 -0.687661 -0.0563173 0.723844 113.265 0 0
-59.3276 -24.4877 31.0289 -0.688314 -0.0499318 0.723693 113.471 0 0
-59.3842 -23.3295 31.0472 -0.688763 -0.0439322 0.723654 113.668 0 0
-59.4089 -22.2174 31.0902 -0.689237 -0.0384488 0.723515 113.859 0 0
-59.4715 -21.1559 31.0637 -0.68979 -0.0335305 0.723233 114.046 0 0
-59.6061 -20.1079 30.97 -0.690275 -0.0291788 0.722959 114.222 0 0
-59.7054 -19.108 30.9038 -0.690395 -0.0253814 0.722987 114.501 0 0
-59.749 -17.5078 30.9108 -0.689845 -0.0221306 0.723619 114.679 0 0
-59.7834 -16.4909 30.9108 -0.688458 -0.0194241 0.725016 114.878 0 0
-59.862 -15.3703 30.858 -0.686305 -0.0172484 0.727109 115.065 0 0
-59.982 -14.3143 30.7492 -0.683673 -0.0155571 0.729622 115.242 0 0
-60.1403 -13.293 30.6166 -0.680966 -0.0142612 0.732176 115.419 0 0
-60.3194 -12.2779 30.4711 -0.678562 -0.0132484 0.734424 115.598 0 0
-60.4875 -11.2604 30.331 -0.676712 -0.0124254 0.736143 115.773 0 0
-60.6306 -10.2497 30.2157 -0.675505 -0.0117493 0.737262 116.026 0 0
-60.7432 -8.77387 30.1546 -0.674909 -0.011223 0.737815 116.264 0 0
-60.7617 -7.42148 30.1581 -0.674853 -0.0108573 0.737872 116.538 0 0
-60.7727 -5.81781 30.1723 -0.675276 -0.0106335 0.737488 116.711 0 0
-60.7764 -4.80122 30.1825 -0.676122 -0.0104896 0.736715 116.892 0 0
-60.7675 -3.73987 30.1965 -0.677301 -0.0103275 0.735633 117.083 0 0
-60.7216 -2.62409 30.2451 -0.678678 -0.0100286 0.734368 117.254 0 0
-60.6309 -1.62227 30.3522 -0.680097 -0.00947336 0.733061 117.54 0 0
-60.3682 0.0177594 30.6294 -0.681439 -0.00857176 0.731825 117.748 0 0
-60.2054 1.18072 30.7844 -0.682634 -0.00729938 0.730724 117.928 0 0
-60.1965 2.20698 30.8115 -0.683646 -0.00571929 0.729791 118.149 0 0
-60.3503 3.43051 30.6861 -0.684439 -0.0039712 0.729059 118.375 0 0
-60.5849 4.64598 30.4648 -0.684945 -0.00222685 0.728591 118.652 0 0
-60.8451 6.17181 30.2383 -0.685072 -0.000626787 0.728475 118.85 0 0
-61.0158 7.24967 30.0707 -0.68475 0.000777269 0.728778 119.147 0 0
-61.1966 8.90921 29.8728 -0.683995 0.00204531 0.729484 119.423 0 0
-61.2119 10.5005 29.846 -0.682947 0.00331859 0.73046 119.627 0 0
-61.1226 11.6716 29.9178 -0.681859 0.00475618 0.731468 119.861 0 0
-60.893 12.9839 30.1259 -0.681014 0.0064895 0.732242 120.178 0 0
-60.5023 14.7287 30.4819 -0.680641 0.00861881 0.732567 120.398 0 0
-60.2533 15.9651 30.6977 -0.680846 0.0112249 0.73234 120.577 0 0
-60.1929 16.9925 30.7432 -0.681602 0.0143709 0.731582 120.845 0 0
-60.2761 18.5232 30.6487 -0.682772 0.0181114 0.730407 121.063 0 0
-60.3664 19.7479 30.5227 -0.684159 0.022527 0.728985 121.301 0 0
-60.4158 21.1011 30.4223 -0.685538 0.0277499 0.727507 121.511 0 0
-60.5594 22.3005 30.28 -0.686659 0.0339271 0.726187 121.795 0 0
-60.835 23.7905 29.924 -0.68722 0.0411253 0.725285 121.986 0 0
-60.9961 24.8542 29.7017 -0.68685 0.0492372 0.72513 122.178 0 0
-61.0145 25.97 29.621 -0.68514 0.0579423 0.726103 122.387 0 0
-60.8854 27.1754 29.6651 -0.681727 0.0667293 0.728557 122.616 0 0
-60.6283 28.4483 29.8185 -0.676398 0.0749606 0.732712 122.912 0 0
-60.4931 30.0922 29.7338 -0.669178 0.0819677 0.738568 123.176 0 0
-60.42 31.63 29.5646 -0.660324 0.0871663 0.745905 123.342 0 0
-60.559 32.608 29.2956 -0.650258 0.0901705 0.754344 123.585 0 0
-61.1454 33.8136 28.5977 -0.639442 0.0908734 0.76345 123.766 0 0
-61.7339 34.6056 28.0121 -0.628306 0.0894622 0.772806 123.998 0 0
-62.6482 35.4203 27.1636 -0.617217 0.0863518 0.78204 124.149 0 0
-63.4319 35.6962 26.5417 -0.606517 0.0820649 0.790824 124.311 0 0
-64.3201 35.7286 25.8871 -0.596562 0.0771173 0.798853 124.513 0 0
-65.4322 35.6364 25.0848 -0.587752 0.071949 0.805836 124.661 0 0
-66.2383 35.3108 24.5342 -0.580509 0.0668904 0.811502 124.843 0 0
-67.118 34.5324 23.9824 -0.575208 0.0621387 0.815644 125.011 0 0
-67.7664 33.5625 23.619 -0.572076 0.0577659 0.818164 125.162 0 0
-68.1855 32.5719 23.4005 -0.571106 0.0537739 0.819113 125.35 0 0
-68.4329 31.2344 23.3177 -0.572009 0.0501578 0.818712 125.509 0 0
-68.383 30.0995 23.421 -0.57426 0.0469165 0.817327 125.778 0 0
-67.9121 28.3427 23.7954 -0.577217 0.0440071 0.815404 125.932 0 0
-67.7108 27.2842 24.0126 -0.58028 0.0413054 0.813369 126.106 0 0
-67.6063 26.0974 24.1484 -0.583002 0.038619 0.811552 126.304 0 0
-67.5419 24.7497 24.178 -0.58513 0.0357474 0.810151 126.455 0 0
-67.6638 23.6187 24.1427 -0.586569 0.0325462 0.809245 126.672 0 0
-68.0776 22.1315 23.9151 -0.587333 0.0289667 0.808827 126.864 0 0
-68.5158 20.8577 23.6712 -0.587523 0.02507 0.808819 127.021 0 0
-68.761 19.8372 23.5174 -0.587323 0.0210254 0.80908 127.193 0 0
-68.9512 18.7088 23.403 -0.586991 0.0170954 0.809413 127.307 0 0
-69.5528 18.822 22.9616 -0.586814 0.0135999 0.809607 127.474 0 0
-69.6729 17.694 22.8919 -0.587021 0.0108548 0.809499 127.619 0 0
-69.6136 16.6929 22.9303 -0.58771 0.00908008 0.809021 127.803 0 0
-69.2037 15.468 23.2238 -0.588835 0.00830082 0.808211 128.005 0 0
-68.6018 14.2218 23.6468 -0.590243 0.008294 0.807183 128.246 0 0
-68.1154 12.6196 23.9674 -0.591728 0.00863536 0.806091 128.389 0 0
-67.9556 11.6307 24.1015 -0.593061 0.00884781 0.805109 128.605 0 0
-67.844 10.156 24.1915 -0.593999 0.00857815 0.80442 128.786 0 0
-68.0319 8.92255 24.0684 -0.594337 0.007706 0.804179 128.956 0 0
-68.4082 7.78108 23.829 -0.594001 0.00633583 0.804439 129.146 0 0
-68.8611 6.56929 23.5178 -0.593132 0.00469386 0.805091 129.297 0 0
-69.0865 5.55138 23.3627 -0.59208 0.00299872 0.805873 129.454 0 0
-69.1202 4.45537 23.3327 -0.59127 0.00138325 0.806472 129.607 0 0
-69.0372 3.38394 23.3709 -0.591011 -9.38924e-05 0.806664 129.788 0 0
-69.0157 2.07755 23.3888 -0.591363 -0.00138094 0.806405 129.929 0 0
-68.9849 1.06106 23.4097 -0.592135 -0.00239985 0.805835 130.073 0 0
-68.8439 0.0628109 23.5038 -0.593022 -0.00310461 0.80518 130.22 0 0
-68.6984 -0.952949 23.6202 -0.593779 -0.00357579 0.80462 130.421 0 0
-68.5434 -2.32067 23.7235 -0.594328 -0.00403247 0.804213 130.634 0 0
-68.4375 -3.77406 23.7797 -0.594734 -0.00472166 0.803909 130.86 0 0
-68.433 -5.33215 23.7586 -0.595094 -0.00577114 0.803635 131.022 0 0
-68.3583 -6.48122 23.797 -0.595425 -0.0071163 0.803379 131.177 0 0
-68.3017 -7.60812 23.8587 -0.59564 -0.00853223 0.803206 131.353 0 0
-68.3725 -8.87918 23.8291 -0.595599 -0.00973337 0.803223 131.599 0 0
-68.541 -10.6031 23.7001 -0.595193 -0.0105012 0.803514 131.79 0 0
-68.6563 -11.9142 23.5306 -0.594397 -0.0108118 0.804099 131.937 0 0
-68.7338 -13.0453 23.462 -0.593281 -0.0109042 0.804921 132.076 0 0
-68.845 -14.083 23.3818 -0.591992 -0.0112152 0.805866 132.225 0 0
-68.7715 -15.1636 23.4026 -0.590729 -0.0121819 0.806778 132.362 0 0
-68.6842 -16.1907 23.4475 -0.589697 -0.0140251 0.807503 132.506 0 0
-68.8 -17.2556 23.3604 -0.589028 -0.0166483 0.807941 132.64 0 0
-68.8051 -18.2577 23.3561 -0.588701 -0.019699 0.808111 132.819 0 0
-68.4996 -19.5124 23.5802 -0.588519 -0.0227385 0.808163 132.977 0 0
-68.4096 -20.6044 23.6064 -0.588179 -0.0254165 0.808331 133.126 0 0
-68.2828 -21.6408 23.6244 -0.587385 -0.0275573 0.808838 133.288 0 0
-67.8534 -22.6804 23.8589 -0.585947 -0.029142 0.809825 133.426 0 0
-67.5261 -23.6093 24.0821 -0.583825 -0.0302466 0.811316 133.61 0 0
-67.3473 -24.84 24.1568 -0.581107 -0.0310106 0.813236 133.778 0 0
-67.4551 -26.0094 24.043 -0.577972 -0.0316413 0.815443 133.932 0 0
-67.6426 -27.0418 23.8872 -0.574642 -0.0324024 0.817763 134.087 0 0
-67.6631 -28.0778 23.8256 -0.571362 -0.0335565 0.820012 134.28 0 0
-67.7118 -29.4071 23.7348 -0.568391 -0.0352961 0.822001 134.453 0 0
-67.7763 -30.6384 23.6321 -0.566011 -0.0377181 0.823534 134.623 0 0
-67.7209 -31.8979 23.6388 -0.564554 -0.0408603 0.824384 134.791 0 0
-67.5329 -33.0962 23.7404 -0.564404 -0.0447668 0.824284 134.95 0 0
-67.2448 -34.1207 23.8686 -0.565967 -0.0495166 0.822939 135.114 0 0
-66.672 -35.0305 24.1864 -0.56961 -0.0551754 0.820061 135.273 0 0
-65.9549 -35.7389 24.6201 -0.575596 -0.0616936 0.815404 135.442 0 0
-65.0917 -36.315 25.1621 -0.583994 -0.0688192 0.808835 135.681 0 0
-63.7664 -36.7204 26.0418 -0.594591 -0.0760944 0.800419 135.84 0 0
-62.8912 -36.687 26.6711 -0.606874 -0.0829376 0.790459 135.998 0 0
-62.0565 -36.5041 27.3071 -0.620112 -0.0887533 0.779476 136.235 0 0
-60.876 -36.0341 28.3005 -0.633505 -0.0930217 0.768127 136.389 0 0
-60.1473 -35.7212 28.9477 -0.646309 -0.0953633 0.757094 136.563 0 0
-59.5648 -34.9735 29.6047 -0.65792 -0.0955963 0.746995 136.785 0 0
-59.0837 -33.8721 30.2775 -0.667904 -0.0937737 0.738316 136.992 0 0
-58.6736 -32.8699 30.8104 -0.676005 -0.0901598 0.731361 137.174 0 0
-58.4519 -31.889 31.1661 -0.682148 -0.08514 0.72624 137.47 0 0
-58.2757 -30.2341 31.5484 -0.68643 -0.0791167 0.722879 137.666 0 0
-58.237 -29.1591 31.7268 -0.689081 -0.0724534 0.721053 137.924 0 0
-58.3007 -27.7864 31.7676 -0.690427 -0.0654826 0.720432 138.122 0 0
-58.4712 -26.7227 31.6799 -0.69085 -0.0585303 0.720626 138.43 0 0
-58.7363 -25.0565 31.5469 -0.690739 -0.0519041 0.721239 138.656 0 0
-58.8282 -23.8073 31.5515 -0.690448 -0.0458423 0.721928 138.882 0 0
-58.8455 -22.5519 31.613 -0.690249 -0.0404659 0.72244 139.146 0 0
-58.9172 -21.1133 31.5839 -0.690305 -0.0357754 0.722633 139.334 0 0
-59.0751 -20.0735 31.4679 -0.690671 -0.0316937 0.722474 139.511 0 0
-59.1846 -19.0759 31.3979 -0.691298 -0.0281297 0.722022 139.697 0 0
-59.2152 -18.0174 31.401 -0.692059 -0.0250243 0.721407 139.887 0 0
-59.2491 -16.95 31.4148 -0.692776 -0.0223558 0.720806 140.079 0 0
-59.2994 -15.8943 31.3931 -0.693263 -0.0201076 0.720404 140.294 0 0
-59.3994 -14.7287 31.3141 -0.693356 -0.0182302 0.720364 140.497 0 0
-59.5329 -13.6255 31.2006 -0.692946 -0.0166324 0.720797 140.808 0 0
-59.8242 -11.9321 30.9549 -0.691997 -0.0152158 0.72174 141.043 0 0
-60.0275 -10.6444 30.7732 -0.690559 -0.0139262 0.723142 141.221 0 0
-60.1493 -9.64727 30.6753 -0.688775 -0.0127778 0.724863 141.45 0 0
-60.204 -8.33956 30.6579 -0.686852 -0.0118258 0.726701 141.715 0 0
-60.2184 -6.82925 30.675 -0.685021 -0.0111043 0.728438 141.979 0 0
-60.2252 -5.32091 30.6859 -0.683472 -0.0105759 0.7299 142.159 0 0
-60.2243 -4.283 30.6902 -0.682304 -0.0101251 0.730999 142.355 0 0
-60.206 -3.1472 30.7125 -0.681515 -0.00959372 0.731741 142.563 0 0
-60.1225 -1.94861 30.8092 -0.681048 -0.00883414 0.732185 142.852 0 0
-59.8583 -0.318493 31.0877 -0.680844 -0.00775457 0.732387 143.053 0 0
-59.6764 0.791767 31.284 -0.680873 -0.00634459 0.732374 143.329 0 0
-59.6387 2.31969 31.3397 -0.681128 -0.0046746 0.73215 143.656 0 0
-59.8882 4.08234 31.1192 -0.6816 -0.00286786 0.731719 143.917 0 0
-60.1696 5.47735 30.86 -0.682251 -0.00105484 0.731117 144.125 0 0
-60.3418 6.60827 30.7004 -0.682999 0.000668308 0.730419 144.412 0 0
-60.575 8.15751 30.4751 -0.683724 0.00225845 0.729737 144.598 0 0
-60.6872 9.173 30.3573 -0.684287 0.0037219 0.729203 144.816 0 0
-60.7086 10.387 30.325 -0.68459 0.00510081 0.72891 145.143 0 0
-60.5042 12.2159 30.4936 -0.684632 0.00645887 0.72886 145.333 0 0
-60.2857 13.2633 30.6954 -0.684522 0.00787555 0.72895 145.524 0 0
-60.0475 14.2979 30.9171 -0.684417 0.00945628 0.72903 145.717 0 0
-59.7751 15.3303 31.1563 -0.684438 0.011342 0.728983 145.895 0 0
-59.6516 16.3315 31.2556 -0.684623 0.0136852 0.728768 146.133 0 0
-59.6646 17.6751 31.2137 -0.684936 0.0165958 0.728414 146.348 0 0
-59.7333 18.898 31.1352 -0.685297 0.0201122 0.727986 146.543 0 0
-59.8392 19.9926 31.0073 -0.685611 0.0242401 0.727564 146.749 0 0
-59.8893 21.1581 30.9292 -0.685817 0.0290295 0.727195 146.945 0 0
-59.9849 22.2557 30.8285 -0.685912 0.0346106 0.726861 147.16 0 0
-60.1935 23.3661 30.5616 -0.68592 0.0411393 0.726513 147.358 0 0
-60.4183 24.4074 30.2784 -0.68577 0.0486711 0.726189 147.59 0 0
-60.5242 25.7198 30.1039 -0.68518 0.0570394 0.726137 147.798 0 0
-60.4093 26.9068 30.1442 -0.683643 0.0658039 0.726844 148.118 0 0
-60.0442 28.6375 30.3524 -0.680567 0.0743005 0.728909 148.365 0 0
-59.9445 29.9595 30.2697 -0.675481 0.0817665 0.73283 148.579 0 0
-59.8494 31.1493 30.1939 -0.668213 0.0874947 0.738808 148.862 0 0
-59.9508 32.7563 29.8394 -0.658936 0.0909711 0.746678 149.11 0 0
-60.4841 33.9635 29.1619 -0.648092 0.0919672 0.755989 149.311 0 0
-61.0433 34.86 28.5285 -0.636224 0.0905709 0.76617 149.523 0 0
-61.7776 35.7141 27.818 -0.623854 0.0871521 0.776667 149.731 0 0
-62.7125 36.2976 27.0031 -0.611431 0.082274 0.787009 149.877 0 0
-63.5044 36.4685 26.4086 -0.599364 0.0765743 0.796806 150.067 0 0
-64.5577 36.4826 25.6413 -0.588055 0.0706405 0.80573 150.22 0 0
-65.4105 36.3752 25.0408 -0.577898 0.0649057 0.813524 150.371 0 0
-66.2656 36.1256 24.4644 -0.56926 0.0595993 0.819995 150.567 0 0
-67.2631 35.4166 23.823 -0.562468 0.0547648 0.825004 150.735 0 0
-68.0147 34.523 23.4029 -0.557792 0.0503244 0.828454 150.907 0 0
-68.5634 33.4391 23.1098 -0.555377 0.0461659 0.830316 151.046 0 0
-68.8744 32.4959 22.9584 -0.555137 0.0422323 0.830686 151.223 0 0
-69.0809 31.242 22.8921 -0.55671 0.0385815 0.82981 151.401 0 0
-69.0286 29.9871 23.0017 -0.559546 0.035368 0.828044 151.549 0 0
-68.772 29.0302 23.1937 -0.563057 0.0327411 0.825769 151.706 0 0
-68.4497 28.0055 23.435 -0.566746 0.0307296 0.823319 151.853 0 0
-68.2465 26.9752 23.6367 -0.570243 0.0291937 0.820957 152.069 0 0
-68.137 25.439 23.7536 -0.573286 0.0278727 0.818881 152.265 0 0
-68.1821 24.0511 23.7595 -0.575699 0.0264799 0.817233 152.505 0 0
-68.6097 22.4309 23.5188 -0.577391 0.024783 0.816091 152.646 0 0
-68.9518 21.5015 23.3248 -0.578368 0.0226386 0.815462 152.826 0 0
-69.2811 20.3103 23.1271 -0.578726 0.0200029 0.815277 152.986 0 0
-69.4865 19.2384 23.003 -0.578638 0.0169477 0.815408 153.098 0 0
-70.0233 19.6073 22.6076 -0.578341 0.013679 0.815681 153.264 0 0
-70.2004 18.4657 22.4979 -0.578075 0.0105217 0.815916 153.42 0 0
-70.3177 17.3642 22.4301 -0.578024 0.00783883 0.815982 153.561 0 0
-70.2238 16.3474 22.4973 -0.578249 0.0059047 0.815839 153.801 0 0
-69.6125 14.7609 22.931 -0.578706 0.00479631 0.815522 154.004 0 0
-69.0351 13.4675 23.3276 -0.579295 0.00437123 0.815106 154.17 0 0
-68.6922 12.3332 23.5537 -0.57991 0.00434331 0.814669 154.316 0 0
-68.5339 11.3193 23.6767 -0.580458 0.00440651 0.814278 154.517 0 0
-68.4735 9.92253 23.722 -0.580852 0.00433664 0.813998 154.698 0 0
-68.7329 8.62596 23.558 -0.581014 0.00402787 0.813883 154.859 0 0
-69.1778 7.56461 23.2856 -0.580908 0.00346275 0.813962 155.009 0 0
-69.5498 6.62461 23.0186 -0.580572 0.0026493 0.814205 155.161 0 0
-69.7764 5.56078 22.8514 -0.580147 0.00158102 0.81451 155.334 0 0
-69.769 4.29939 22.8535 -0.579836 0.000263798 0.814733 155.504 0 0
-69.5997 3.09145 22.9733 -0.579827 -0.00121001 0.814739 155.749 0 0
-69.6335 1.34696 22.9576 -0.580215 -0.00262803 0.814459 155.923 0 0
-69.472 0.145425 23.0638 -0.580975 -0.00373607 0.813912 156.073 0 0
-69.3047 -0.906398 23.1739 -0.581983 -0.00439124 0.813189 156.223 0 0
-69.173 -1.94349 23.2498 -0.583022 -0.00466504 0.812443 156.381 0 0
-69.0749 -3.05814 23.3124 -0.583808 -0.00480562 0.811877 156.546 0 0
-69.0466 -4.21118 23.3101 -0.584033 -0.00509083 0.811714 156.783 0 0
-69.0284 -5.88709 23.3035 -0.583471 -0.00568236 0.812114 156.949 0 0
-68.9153 -7.08555 23.4114 -0.582084 -0.00656825 0.813102 157.184 0 0
-68.963 -8.74691 23.4035 -0.580072 -0.00761541 0.81453 157.327 0 0
-69.0693 -9.74599 23.3112 -0.577817 -0.0087001 0.81612 157.554 0 0
-69.2416 -11.3613 23.1252 -0.575755 -0.00983698 0.817563 157.716 0 0
-69.3312 -12.6242 23.0501 -0.574228 -0.0112061 0.818619 157.904 0 0
-69.4664 -14.0224 22.9329 -0.573404 -0.0130374 0.819169 158.087 0 0
-69.3817 -15.3768 22.9731 -0.573277 -0.0154259 0.819216 158.291 0 0
-69.3898 -16.9051 22.9477 -0.573714 -0.0182155 0.818853 158.439 0 0
-69.4987 -18.0111 22.8559 -0.574504 -0.021039 0.818231 158.577 0 0
-69.2552 -19.0256 23.0345 -0.57539 -0.0234895 0.817542 158.763 0 0
-69.0811 -20.362 23.1341 -0.576108 -0.0253068 0.816982 158.954 0 0
-68.9959 -21.7234 23.114 -0.576429 -0.0264599 0.816719 159.105 0 0
-68.5745 -22.7183 23.353 -0.576204 -0.0270929 0.816857 159.275 0 0
-68.0727 -23.7754 23.6726 -0.575392 -0.027402 0.817418 159.45 0 0
-67.8737 -24.9792 23.7603 -0.574056 -0.0275544 0.818353 159.593 0 0
-68.0162 -25.9699 23.6464 -0.572324 -0.0276982 0.81956 159.737 0 0
-68.2635 -26.9228 23.4595 -0.570342 -0.0280111 0.82093 159.887 0 0
-68.2315 -27.9535 23.4394 -0.568229 -0.0287023 0.82237 160.039 0 0
-68.2747 -29.0266 23.3665 -0.566079 -0.029947 0.823807 160.192 0 0
-68.3599 -30.1246 23.2582 -0.563993 -0.0318167 0.825166 160.34 0 0
-68.4019 -31.2183 23.1898 -0.562154 -0.0342811 0.826322 160.479 0 0
-68.3285 -32.2452 23.2196 -0.560885 -0.0372943 0.827053 160.637 0 0
-68.1245 -33.3567 23.3333 -0.560666 -0.0409037 0.827031 160.826 0 0
-67.7667 -34.572 23.49 -0.562054 -0.0452989 0.825859 160.977 0 0
-67.242 -35.4349 23.7756 -0.565549 -0.0507665 0.823151 161.125 0 0
-66.6046 -36.1636 24.1619 -0.571466 -0.0575554 0.818605 161.374 0 0
-65.3195 -37.0273 24.961 -0.579856 -0.0656887 0.812066 161.611 0 0
-63.9993 -37.4603 25.823 -0.590498 -0.0748069 0.803564 161.871 0 0
-62.5353 -37.3949 26.8631 -0.602945 -0.084151 0.793332 162.115 0 0
-61.2291 -36.9954 27.8945 -0.616588 -0.0927206 0.781807 162.311 0 0
-60.2499 -36.5964 28.732 -0.630719 -0.0995258 0.769602 162.464 0 0
-59.5347 -36.2574 29.3798 -0.644586 -0.103813 0.757451 162.612 0 0
-59.1016 -35.5402 29.9184 -0.657464 -0.1052 0.746106 162.819 0 0
-58.6912 -34.491 30.5626 -0.668742 -0.10371 0.736225 163.016 0 0
-58.273 -33.611 31.089 -0.678008 -0.0997209 0.728259 163.244 0 0
-57.9534 -32.4269 31.5665 -0.685093 -0.0938345 0.722386 163.431 0 0
-57.8562 -31.3683 31.8305 -0.690082 -0.0867127 0.718518 163.744 0 0
-57.7262 -29.6735 32.1785 -0.693265 -0.0789519 0.716345 163.93 0 0
-57.6989 -28.6762 32.2911 -0.695049 -0.0710292 0.715445 164.155 0 0
-57.8138 -27.4765 32.2677 -0.695846 -0.0633091 0.715396 164.376 0 0
-57.9911 -26.2883 32.1815 -0.695986 -0.0560626 0.715863 164.653 0 0
-58.2249 -24.7969 32.0552 -0.695703 -0.0494672 0.716624 164.984 0 0
-58.2863 -22.9688 32.1252 -0.695159 -0.0435983 0.717533 165.207 0 0
-58.2791 -21.7638 32.1752 -0.694491 -0.0384361 0.718474 165.421 0 0
-58.4321 -20.5993 32.0597 -0.693838 -0.0338969 0.719333 165.61 0 0
-58.6091 -19.5682 31.9242 -0.693323 -0.0298767 0.720008 165.795 0 0
-58.6823 -18.5305 31.8876 -0.693017 -0.0262899 0.720441 165.991 0 0
-58.7116 -17.4305 31.9065 -0.692911 -0.0230898 0.720653 166.191 0 0
-58.7766 -16.3334 31.8874 -0.692904 -0.0202604 0.720745 166.423 0 0
-58.8302 -15.088 31.8596 -0.692844 -0.0177891 0.720868 166.616 0 0
-58.9074 -14.0533 31.8044 -0.692581 -0.0156426 0.721171 166.931 0 0
-59.1987 -12.3848 31.5538 -0.692024 -0.0137761 0.721743 167.174 0 0
-59.3963 -11.0698 31.3843 -0.691182 -0.0121666 0.722578 167.367 0 0
-59.5753 -10.0236 31.218 -0.690164 -0.0108356 0.723572 167.57 0 0
-59.6638 -8.88352 31.1597 -0.689133 -0.00983232 0.724568 167.876 0 0
-59.6746 -7.16126 31.1834 -0.688241 -0.00918566 0.725424 168.109 0 0
-59.6776 -5.85674 31.1903 -0.687559 -0.00886104 0.726074 168.288 0 0
-59.6785 -4.84394 31.1978 -0.687072 -0.00874761 0.726537 168.474 0 0
-59.6761 -3.77602 31.1984 -0.686703 -0.00867878 0.726886 168.708 0 0
-59.611 -2.42847 31.2714 -0.686364 -0.00847379 0.727209 168.896 0 0
-59.4946 -1.3639 31.4039 -0.685987 -0.00798463 0.72757 169.201 0 0
-59.1829 0.302776 31.7425 -0.685535 -0.00713277 0.728005 169.397 0 0
-59.0898 1.36255 31.8406 -0.685014 -0.0059236 0.728506 169.585 0 0
-59.0895 2.38769 31.8543 -0.684475 -0.00443527 0.729023 169.781 0 0
-59.1809 3.44631 31.7801 -0.684005 -0.00278688 0.729472 169.979 0 0
-59.3675 4.48702 31.6065 -0.683697 -0.00109668 0.729765 170.259 0 0
-59.6661 5.96333 31.3242 -0.683611 0.000556048 0.729846 170.522 0 0
-59.8823 7.38433 31.1195 -0.683748 0.00214969 0.729715 170.74 0 0
-60.0606 8.55022 30.9483 -0.684059 0.00370711 0.729418 171.004 0 0
-60.2049 9.97731 30.8003 -0.684464 0.00525609 0.729028 171.184 0 0
-60.1737 10.9767 30.8209 -0.684884 0.00679882 0.72862 171.529 0 0
-59.8274 12.8562 31.1355 -0.685245 0.00833057 0.728265 171.718 0 0
-59.5946 13.865 31.3512 -0.685482 0.00990106 0.728022 171.9 0 0
-59.3188 14.8123 31.5954 -0.685543 0.0116536 0.727939 172.082 0 0
-59.1123 15.8033 31.7734 -0.685392 0.0137837 0.728044 172.28 0 0
-59.0937 16.9175 31.7596 -0.685019 0.0164445 0.72834 172.463 0 0
-59.1267 17.9494 31.6986 -0.684446 0.0196875 0.728798 172.693 0 0
-59.2126 19.2572 31.6096 -0.68374 0.0234866 0.729348 172.939 0 0
-59.3285 20.6435 31.482 -0.683032 0.0278062 0.729859 173.189 0 0
-59.3875 22.0225 31.3975 -0.682529 0.0326511 0.730129 173.387 0 0
-59.5676 23.056 31.1629 -0.682482 0.0380861 0.729909 173.576 0 0
-59.7707 24.0429 30.906 -0.683083 0.0442386 0.729 173.8 0 0
-60.0015 25.2469 30.6171 -0.684315 0.051273 0.727382 174.013 0 0
-59.9581 26.465 30.5929 -0.685839 0.0593138 0.725332 174.25 0 0
-59.6433 27.7233 30.7891 -0.687004 0.0683217 0.723434 174.45 0 0
-59.4234 28.7909 30.8987 -0.686999 0.0779724 0.722463 174.637 0 0
-59.355 29.8132 30.8425 -0.68509 0.0876087 0.723171 174.858 0 0
-59.2972 31.0673 30.7568 -0.680826 0.0963199 0.726085 175.052 0 0
-59.2045 32.1231 30.7128 -0.674123 0.103143 0.731382 175.245 0 0
-59.4234 33.0491 30.3161 -0.665232 0.107307 0.738886 175.455 0 0
-59.7849 34.0304 29.7583 -0.654621 0.108415 0.748143 175.639 0 0
-60.2636 34.9125 29.1908 -0.642827 0.106495 0.758573 175.809 0 0
-60.7654 35.6535 28.6189 -0.630333 0.101929 0.769604 176.024 0 0
-61.6045 36.5004 27.8439 -0.617521 0.0953294 0.780756 176.24 0 0
-62.6176 37.0633 26.9917 -0.604714 0.0874231 0.79163 176.417 0 0
-63.5973 37.2236 26.2625 -0.592253 0.0789671 0.801873 176.57 0 0
-64.4781 37.2111 25.6418 -0.58054 0.0706583 0.81116 176.726 0 0
-65.3607 37.1119 25.0284 -0.570004 0.0630303 0.81922 176.896 0 0
-66.3212 36.9562 24.3758 -0.561034 0.0563648 0.825871 177.098 0 0
-67.3744 36.2968 23.7191 -0.553911 0.0506789 0.831032 177.306 0 0
-68.3173 35.3258 23.1726 -0.54879 0.0458097 0.834704 177.454 0 0
-68.8384 34.4688 22.8879 -0.545696 0.041554 0.836952 177.62 0 0
-69.2611 33.366 22.6712 -0.544525 0.0377853 0.837893 177.846 0 0
-69.6888 31.7851 22.4737 -0.545045 0.0344947 0.837697 177.991 0 0
-69.7848 30.7236 22.4726 -0.546926 0.0317461 0.836579 178.139 0 0
-69.625 29.6882 22.6199 -0.549781 0.0295908 0.834784 178.358 0 0
-69.1842 28.2346 22.9426 -0.553226 0.0279975 0.832561 178.559 0 0
-68.8174 26.8913 23.2208 -0.556904 0.0268369 0.830143 178.721 0 0
-68.7423 25.718 23.3119 -0.560507 0.0259197 0.827744 178.89 0 0
-68.7138 24.5205 23.3776 -0.563769 0.025056 0.825553 179.035 0 0
-68.8736 23.5119 23.3098 -0.566476 0.0240993 0.823725 179.286 0 0
-69.4951 21.9434 22.9126 -0.568486 0.0229614 0.822372 179.445 0 0
-69.7858 20.833 22.7413 -0.569741 0.0216081 0.82154 179.595 0 0
-69.9919 19.7893 22.6257 -0.570267 0.0200446 0.821215 179.719 0 0
-70.5174 20.3495 22.2394 -0.570136 0.0183085 0.821346 179.876 0 0
-70.72 19.2376 22.1211 -0.569427 0.0164786 0.821876 180.033 0 0
-70.8718 18.1061 22.0298 -0.568236 0.0146836 0.822735 180.168 0 0
-70.9921 17.1147 21.9673 -0.566712 0.0130799 0.823812 180.323 0 0
-70.7858 16.0154 22.1129 -0.565081 0.0117818 0.824951 180.469 0 0
-70.7297 14.962 22.1543 -0.563608 0.0107891 0.825972 180.699 0 0
-69.8668 13.7145 22.7723 -0.562511 0.00997518 0.82673 180.908 0 0
-69.3732 12.3863 23.08 -0.561914 0.00915392 0.827145 181.075 0 0
-69.1813 11.2011 23.2089 -0.561843 0.00818137 0.827203 181.305 0 0
-69.1633 9.58065 23.2481 -0.562248 0.00701804 0.826939 181.453 0 0
-69.3738 8.53661 23.1177 -0.563014 0.00571392 0.826428 181.589 0 0
-69.8487 7.70141 22.816 -0.563963 0.00433678 0.825789 181.794 0 0
-70.3232 6.33072 22.4781 -0.564879 0.00290875 0.825169 181.959 0 0
-70.5183 5.16551 22.3443 -0.565554 0.0014109 0.82471 182.145 0 0
-70.3652 3.84855 22.439 -0.565853 -0.00014517 0.824506 182.343 0 0
-70.2382 2.42199 22.5251 -0.565758 -0.00165168 0.82457 182.513 0 0
-70.2907 1.20634 22.4956 -0.565394 -0.00292422 0.824816 182.782 0 0
-69.984 -0.642431 22.6974 -0.564983 -0.00380505 0.825094 182.931 0 0
-69.9469 -1.72254 22.7398 -0.564741 -0.00426715 0.825257 183.118 0 0
-69.8068 -3.00829 22.7951 -0.56476 -0.00443831 0.825243 183.263 0 0
-69.6554 -4.06956 22.8825 -0.564958 -0.00453664 0.825107 183.424 0 0
-69.7688 -5.25375 22.784 -0.565137 -0.00476898 0.824983 183.587 0 0
-69.5592 -6.46572 22.9354 -0.565084 -0.00525072 0.825016 183.789 0 0
-69.4647 -7.94443 23.0324 -0.564676 -0.00597918 0.825291 183.935 0 0
-69.5955 -8.99531 22.9486 -0.563921 -0.00686769 0.8258 184.144 0 0
-69.7637 -10.4577 22.7835 -0.562943 -0.00782388 0.826459 184.283 0 0
-69.9049 -11.5281 22.676 -0.561917 -0.00882807 0.827147 184.489 0 0
-70.0053 -13.0864 22.5881 -0.560978 -0.00995887 0.827771 184.656 0 0
-70.1878 -14.3096 22.4491 -0.560166 -0.0113456 0.828303 184.816 0 0
-70.069 -15.4905 22.5052 -0.559445 -0.0130741 0.828765 185.02 0 0
-70.0846 -17.03 22.4722 -0.558768 -0.0151019 0.829187 185.167 0 0
-70.1628 -18.1475 22.4124 -0.558155 -0.0172406 0.829558 185.311 0 0
-69.893 -19.1891 22.5772 -0.557698 -0.0192323 0.829821 185.501 0 0
-69.7327 -20.6049 22.6583 -0.557509 -0.0208795 0.829909 185.627 0 0
-69.6483 -21.5549 22.6869 -0.557643 -0.0221342 0.829786 185.778 0 0
-69.444 -22.6409 22.7784 -0.55807 -0.0230861 0.829473 185.933 0 0
-68.9095 -23.5692 23.0913 -0.55868 -0.0238801 0.82904 186.101 0 0
-68.4184 -24.5998 23.3823 -0.559322 -0.0246475 0.828584 186.242 0 0
-68.5473 -25.6073 23.2772 -0.559842 -0.0254907 0.828207 186.416 0 0
-68.8689 -26.7889 23.0437 -0.560098 -0.0264924 0.828003 186.622 0 0
-68.9044 -28.1205 22.9727 -0.559982 -0.0277108 0.828041 186.767 0 0
-68.8708 -29.1702 22.9505 -0.559445 -0.0291665 0.828354 186.915 0 0
-69.0205 -30.2528 22.8074 -0.558516 -0.0308482 0.82892 187.063 0 0
-69.0714 -31.355 22.7338 -0.557341 -0.0327362 0.829638 187.301 0 0
-68.8039 -33.1051 22.8759 -0.556209 -0.0348175 0.830313 187.495 0 0
-68.6291 -34.459 22.928 -0.555547 -0.0370884 0.830658 187.674 0 0
-68.0541 -35.509 23.2365 -0.555878 -0.0395736 0.830321 187.818 0 0
-67.4689 -36.2675 23.5882 -0.557748 -0.0423936 0.828927 188.015 0 0
-66.5251 -37.1352 24.1659 -0.561636 -0.0458533 0.826113 188.182 0 0
-65.6341 -37.6791 24.7175 -0.567869 -0.0504534 0.821571 188.336 0 0
-64.8159 -38.1258 25.222 -0.576559 -0.0567201 0.815084 188.57 0 0
-63.4687 -38.207 26.134 -0.587575 -0.0648796 0.806564 188.744 0 0
-62.4649 -38.1251 26.8705 -0.600559 -0.0745688 0.796096 188.938 0 0
-61.4007 -37.9212 27.6693 -0.61496 -0.0847969 0.783986 189.146 0 0
-60.3634 -37.4201 28.5264 -0.63007 -0.0942019 0.770803 189.298 0 0
-59.5956 -37.1943 29.2056 -0.645082 -0.101462 0.757347 189.488 0 0
-58.8335 -36.6153 29.9264 -0.659185 -0.105656 0.744521 189.686 0 0
-58.3122 -35.6798 30.6081 -0.671686 -0.106441 0.73315 189.869 0 0
-58.0562 -34.6751 31.138 -0.68209 -0.10404 0.723829 190.126 0 0
-57.497 -33.5847 31.8806 -0.690146 -0.0990783 0.716855 190.438 0 0
-57.3891 -31.8656 32.2497 -0.695841 -0.0923617 0.712232 190.637 0 0
-57.1773 -30.834 32.5924 -0.699378 -0.0846656 0.709719 190.821 0 0
-57.1123 -29.8354 32.7815 -0.701135 -0.0766071 0.708901 191.091 0 0
-57.1126 -28.3958 32.8944 -0.70158 -0.0686161 0.709279 191.293 0 0
-57.2981 -27.3279 32.7862 -0.701179 -0.060976 0.710373 191.478 0 0
-57.4677 -26.3364 32.6903 -0.700305 -0.0538797 0.711807 191.737 0 0
-57.6422 -24.9423 32.6063 -0.699195 -0.0474614 0.713354 192.008 0 0
-57.7059 -23.4421 32.6484 -0.697972 -0.0417981 0.714904 192.195 0 0
-57.7461 -22.4065 32.6676 -0.696707 -0.0368998 0.716406 192.452 0 0
-57.7891 -21.0006 32.6709 -0.695471 -0.0327075 0.717809 192.638 0 0
-57.962 -19.9946 32.5417 -0.694354 -0.0291088 0.719044 192.827 0 0
-58.1423 -18.9826 32.4032 -0.693443 -0.0259693 0.720044 193.04 0 0
-58.0903 -17.8326 32.4734 -0.692786 -0.0231692 0.720771 193.242 0 0
-58.1761 -16.7201 32.4372 -0.692379 -0.0206301 0.721239 193.466 0 0
-58.2562 -15.5071 32.4016 -0.692163 -0.0183181 0.721508 193.707 0 0
-58.3258 -14.2136 32.3587 -0.69206 -0.0162288 0.721658 193.96 0 0
-58.549 -12.8732 32.1712 -0.692007 -0.0143767 0.721747 194.201 0 0
-58.7385 -11.5855 32.0139 -0.691992 -0.0127951 0.721792 194.415 0 0
-58.885 -10.4339 31.8847 -0.692034 -0.0115314 0.721773 194.601 0 0
-59.1063 -9.44593 31.6785 -0.692149 -0.0106262 0.721676 194.78 0 0
-59.1191 -8.44085 31.6856 -0.692312 -0.0100824 0.721528 194.975 0 0
-59.0963 -7.34639 31.7266 -0.692454 -0.00984524 0.721395 195.299 0 0
-59.0422 -5.55486 31.7926 -0.692488 -0.00980594 0.721363 195.517 0 0
-59.0285 -4.3416 31.8084 -0.692352 -0.00982366 0.721493 195.702 0 0
-59.0284 -3.30127 31.8154 -0.692024 -0.00975334 0.721809 195.932 0 0
-59.0264 -2.00158 31.846 -0.69152 -0.00947057 0.722296 196.124 0 0
-58.8334 -0.975434 32.0517 -0.690869 -0.00889114 0.722926 196.308 0 0
-58.6724 0.00109495 32.22 -0.690096 -0.00798601 0.723674 196.493 0 0
-58.5336 0.979144 32.3615 -0.689224 -0.00678916 0.724517 196.679 0 0
-58.4306 1.97064 32.4688 -0.688291 -0.0053918 0.725415 196.873 0 0
-58.4748 3.01936 32.4384 -0.687373 -0.00391556 0.726294 197.066 0 0
-58.6433 4.0321 32.2861 -0.686586 -0.00246679 0.727045 197.375 0 0
-59.0678 5.59124 31.8887 -0.686055 -0.00109067 0.727549 197.624 0 0
-59.0998 6.94704 31.8522 -0.685881 0.000247944 0.727714 197.835 0 0
-59.408 8.01162 31.554 -0.686104 0.00164059 0.727501 198.098 0 0
-59.5773 9.41578 31.3871 -0.686689 0.003176 0.726944 198.299 0 0
-59.6199 10.5133 31.3447 -0.68752 0.00488047 0.726149 198.606 0 0
-59.4164 12.1813 31.5276 -0.688426 0.00670496 0.725275 198.807 0 0
-59.1823 13.2574 31.7476 -0.689225 0.00857954 0.724496 199.028 0 0
-58.874 14.4048 32.0269 -0.68978 0.010495 0.723943 199.229 0 0
-58.5875 15.4468 32.2859 -0.690037 0.01254 0.723666 199.424 0 0
-58.5145 16.5229 32.3295 -0.690025 0.0148678 0.723633 199.613 0 0
-58.5881 17.5581 32.2293 -0.68983 0.0176391 0.723757 199.826 0 0
-58.5459 18.733 32.2387 -0.68958 0.0210037 0.723905 200.017 0 0
-58.6069 19.8023 32.1707 -0.689442 0.0251314 0.723904 200.216 0 0
-58.8009 20.8894 31.9749 -0.689602 0.0302527 0.723557 200.453 0 0
-58.7642 22.1907 31.9694 -0.690198 0.0366503 0.722692 200.783 0 0
-59.1585 23.8778 31.4905 -0.691218 0.0445755 0.721271 201.013 0 0
-59.4136 25.0836 31.1702 -0.69238 0.0541111 0.719501 201.33 0 0
-59.3166 26.8702 31.1741 -0.693086 0.0650327 0.717916 201.545 0 0
-59.0265 27.9553 31.3489 -0.692515 0.0767311 0.717311 201.853 0 0
-58.8099 29.6466 31.4082 -0.68987 0.0882467 0.718534 202.169 0 0
-58.7044 31.3984 31.3148 -0.684655 0.0984331 0.72219 202.482 0 0
-58.7833 33.0304 30.9589 -0.676823 0.106213 0.728443 202.68 0 0
-59.1383 33.9044 30.4337 -0.666753 0.110831 0.736992 202.86 0 0
-59.345 34.8387 30.0183 -0.655084 0.111999 0.747209 203.074 0 0
-59.9993 35.7444 29.2474 -0.642516 0.109895 0.758351 203.241 0 0
-60.5021 36.5308 28.6795 -0.629642 0.10504 0.769751 203.444 0 0
-61.4306 37.2762 27.8721 -0.616863 0.098135 0.780929 203.594 0 0
-62.1429 37.7271 27.2792 -0.604396 0.0899285 0.791592 203.742 0 0
-62.9209 38.0287 26.6731 -0.592369 0.0811247 0.801572 203.909 0 0
-63.9001 38.0319 25.9799 -0.580913 0.0723358 0.810745 204.06 0 0
-64.7788 38.0325 25.365 -0.570229 0.0640645 0.818984 204.215 0 0
-65.6733 37.7772 24.7677 -0.560586 0.0567054 0.826152 204.369 0 0
-66.5583 37.8013 24.1659 -0.552258 0.0505337 0.83214 204.532 0 0
-67.4259 37.147 23.6538 -0.545447 0.0456636 0.836901 204.68 0 0
-68.2365 36.6831 23.1734 -0.540238 0.0420114 0.840463 204.845 0 0
-68.8556 35.7822 22.8255 -0.536615 0.039318 0.842911 204.989 0 0
-69.3696 34.9583 22.54 -0.534493 0.0372441 0.844352 205.191 0 0
-69.9551 33.6534 22.2317 -0.533758 0.0354809 0.844892 205.376 0 0
-70.1852 32.3312 22.1269 -0.534275 0.0338171 0.844634 205.511 0 0
-70.3966 31.3338 22.0537 -0.535897 0.0321469 0.843671 205.716 0 0
-70.3248 29.8288 22.1753 -0.538471 0.0304483 0.842094 205.86 0 0
-70.2143 28.8191 22.2642 -0.541839 0.0287584 0.83999 206.05 0 0
-69.717 27.5741 22.6073 -0.545838 0.0271499 0.83745 206.21 0 0
-69.3585 26.525 22.8735 -0.550306 0.0257041 0.834567 206.405 0 0
-69.3439 25.1231 22.9292 -0.555093 0.0244806 0.831428 206.573 0 0
-69.3751 23.9685 22.9503 -0.560077 0.0234944 0.828107 206.727 0 0
-69.7617 22.9881 22.7039 -0.56517 0.022709 0.824662 206.952 0 0
-70.2714 21.4607 22.3811 -0.570309 0.0220483 0.821135 207.095 0 0
-70.4958 20.4505 22.2522 -0.575439 0.0214187 0.81756 207.095 0 0
-64.0728 27.7371 26.781 -0.623691 0.0633155 0.779102 207.322 1 0
-63.8344 29.1493 26.8575 -0.623347 0.0614731 0.779526 207.489 0 0
-63.925 30.2236 26.7303 -0.622759 0.0601155 0.780101 207.662 0 0
-64.6146 30.8352 26.114 -0.621908 0.05932 0.78084 207.842 0 0
-64.5779 29.6683 26.2345 -0.620841 0.0590102 0.781713 207.985 0 0
-64.5004 28.7593 26.361 -0.619641 0.0590039 0.782665 208.045 0 0
-64.4591 28.3749 26.4199 -0.618386 0.0590733 0.78361 208.045 0 0
-64.2128 9.76497 27.2396 -0.63805 0.00457117 0.769982 208.24 1 0
-63.9818 8.61626 27.4375 -0.640108 0.00273323 0.76828 208.439 0 0
-63.8647 7.40335 27.5318 -0.642208 0.00102199 0.76653 208.611 0 0
-63.7716 6.35939 27.6038 -0.644231 -0.000474134 0.764831 208.867 0 0
-63.4486 4.84934 27.8701 -0.645996 -0.00168111 0.763339 209.126 0 0
-63.1962 3.29637 28.0863 -0.647355 -0.00259369 0.762185 209.369 0 0
-63.0763 1.83234 28.1564 -0.648266 -0.00330188 0.761407 209.605 0 0
-63.1371 0.374694 28.0964 -0.648793 -0.0039441 0.760955 209.807 0 0
-63.2954 -0.84675 27.931 -0.649047 -0.0046231 0.760734 210 0 0
-63.3945 -2.02847 27.829 -0.649134 -0.00536216 0.760655 210.159 0 0
-63.4442 -3.02872 27.7786 -0.64915 -0.0061292 0.760636 210.467 0 0
-63.6106 -4.98495 27.6591 -0.649207 -0.00689037 0.76058 210.645 0 0
-63.5355 -6.07263 27.7301 -0.649452 -0.00764716 0.760364 210.816 0 0
-63.5086 -7.10479 27.7298 -0.650054 -0.00845034 0.759841 210.986 0 0
-63.5849 -8.12062 27.6047 -0.651162 -0.00940441 0.758881 211.276 0 0
-63.5882 -10.0084 27.6272 -0.652854 -0.0106502 0.757409 211.53 0 0
-63.2315 -11.4942 27.9188 -0.655092 -0.0123003 0.755449 211.725 0 0
-62.9813 -12.6514 28.1053 -0.657707 -0.0143597 0.753137 211.895 0 0
-62.8329 -13.6883 28.2222 -0.660438 -0.0167144 0.750694 212.098 0 0
-62.6756 -14.9224 28.3415 -0.663007 -0.0192205 0.748366 212.281 0 0
-62.5742 -16.0359 28.4043 -0.665189 -0.0218219 0.746356 212.477 0 0
-62.4817 -17.2293 28.4569 -0.666847 -0.0245904 0.744789 212.673 0 0
-62.44 -18.4197 28.4572 -0.667931 -0.0276605 0.743709 212.846 0 0
-62.3514 -19.4642 28.4579 -0.668427 -0.0311309 0.743126 213.048 0 0
-62.2546 -20.721 28.4715 -0.668317 -0.0350236 0.743052 213.326 0 0
-62.1634 -22.5075 28.5471 -0.66755 -0.039313 0.743526 213.509 0 0
-62.1022 -23.5789 28.5397 -0.666062 -0.0439633 0.7446 213.71 0 0
-62.0406 -24.7583 28.5194 -0.663805 -0.0489092 0.746305 213.915 0 0
-61.8671 -25.9625 28.5749 -0.660785 -0.0539796 0.748631 214.113 0 0
-61.6686 -27.1592 28.654 -0.65711 -0.0588345 0.751495 214.281 0 0
-61.4878 -28.1895 28.7384 -0.653012 -0.0629889 0.754724 214.462 0 0
-61.4968 -29.3164 28.6534 -0.648833 -0.065939 0.758068 214.715 0 0
-61.8475 -30.7217 28.2052 -0.644951 -0.0673299 0.761252 214.926 0 0
-62.4838 -31.6784 27.5713 -0.641685 -0.0670723 0.76403 215.097 0 0
-63.2584 -31.8956 26.899 -0.63924 -0.0653524 0.766225 215.276 0 0
-64.0343 -31.2993 26.3642 -0.637677 -0.0625397 0.767761 215.475 0 0
-64.2387 -30.0951 26.2956 -0.636915 -0.0590608 0.768668 215.635 0 0
-64.242 -29.0869 26.3692 -0.636742 -0.0552989 0.769092 215.807 0 0
-64.1567 -27.9648 26.5028 -0.636855 -0.0515371 0.769259 216.027 0 0
-64.0587 -26.5332 26.6804 -0.636947 -0.0479392 0.769415 216.273 0 0
-64.0245 -24.9672 26.7579 -0.636801 -0.0445589 0.76974 216.431 0 0
-64.0504 -23.895 26.8104 -0.636375 -0.0413676 0.77027 216.584 0 0
-64.1912 -22.8938 26.7522 -0.635821 -0.0382794 0.770887 216.876 0 0
-64.5789 -21.0759 26.4962 -0.635421 -0.0351687 0.771365 217.052 0 0
-64.7826 -19.962 26.3869 -0.63546 -0.0318988 0.771474 217.229 0 0
-64.9519 -18.857 26.3088 -0.636092 -0.0283766 0.771091 217.436 0 0
-65.0984 -17.5926 26.2377 -0.63726 -0.0246162 0.770256 217.665 0 0
-65.1931 -16.1739 26.2038 -0.638728 -0.020772 0.769152 217.858 0 0
-65.1879 -14.9743 26.2273 -0.640199 -0.0171054 0.768019 218.022 0 0
-65.1774 -13.9209 26.2698 -0.641435 -0.013884 0.767052 218.181 0 0
-65.1335 -12.9107 26.3179 -0.642305 -0.0112647 0.766366 218.471 0 0
-65.0463 -11.0475 26.3808 -0.642766 -0.00924265 0.766007 218.63 0 0
-64.9748 -10.005 26.4388 -0.642818 -0.00770733 0.76598 218.781 0 0
-64.9435 -9.00666 26.5013 -0.642494 -0.00655698 0.766263 219.015 0 0
-64.6653 -7.55447 26.7141 -0.641859 -0.00577304 0.766801 219.2 0 0
-64.6184 -6.3212 26.7848 -0.641022 -0.00539601 0.767503 219.39 0 0
-64.8828 -5.16571 26.5924 -0.640131 -0.00543772 0.768246 219.64 0 0
-64.8837 -3.63798 26.5867 -0.63934 -0.00581395 0.768902 219.833 0 0
-64.9243 -2.43559 26.5435 -0.638774 -0.00634646 0.769368 220.045 0 0
-65.0831 -1.08889 26.4045 -0.638511 -0.00682062 0.769582 220.201 0 0
-65.1631 -0.065786 26.3525 -0.638592 -0.00705571 0.769513 220.397 0 0
-65.3125 1.19829 26.2624 -0.639023 -0.00695545 0.769157 220.649 0 0
-65.446 2.78908 26.1931 -0.63976 -0.00652633 0.768547 220.834 0 0
-65.4774 3.95675 26.1737 -0.640694 -0.00586527 0.767774 221.075 0 0
-65.2399 5.4995 26.3783 -0.641654 -0.00512938 0.766977 221.268 0 0
-64.9634 6.67564 26.6182 -0.642446 -0.00450333 0.766318 221.463 0 0
-64.2275 7.42469 27.231 -0.64292 -0.00416693 0.765922 221.633 0 0
-64.407 8.44181 27.0775 -0.643016 -0.00425483 0.765841 221.801 0 0
-64.5257 9.48149 26.9789 -0.642795 -0.00481224 0.766023 221.832 0 0
-64.4931 9.66573 27.0079 -0.642419 -0.00577262 0.766332 222.454 0 0
-64.3297 5.86905 27.1385 -0.642101 -0.00698031 0.766588 222.621 0 0
-64.8226 5.0548 26.7253 -0.642035 -0.00824909 0.766631 222.794 0 0
-64.8929 3.96376 26.6613 -0.642329 -0.00942011 0.766371 222.967 0 0
-64.8326 2.85344 26.7005 -0.642962 -0.0103866 0.765828 223.162 0 0
-64.7786 1.63683 26.7109 -0.643789 -0.0110835 0.765123 223.388 0 0
-64.4683 0.277569 26.9435 -0.64459 -0.0114674 0.764442 223.565 0 0
-64.5663 -0.82752 26.8438 -0.645142 -0.0115088 0.763976 223.693 0 0
-63.9926 -1.16023 27.3278 -0.645284 -0.0111985 0.763861 223.87 0 0
-63.7019 -0.110593 27.5901 -0.644947 -0.0105543 0.764154 224.118 0 0
-63.6928 1.42727 27.624 -0.644147 -0.00961971 0.764841 224.336 0 0
-63.6978 2.77294 27.6442 -0.642955 -0.00845485 0.765857 224.538 0 0
-63.8619 3.99381 27.5159 -0.641475 -0.00712705 0.767111 224.722 0 0
-64.0933 5.12319 27.3305 -0.639825 -0.00570587 0.7685 224.816 0 0
-64.247 5.67868 27.206 -0.638129 -0.0042613 0.769918 224.816 0 0
-64.3754 -1.90557 26.9919 -0.644384 -0.000534218 0.764634 225.04 1 0
-64.0232 -3.27608 27.2984 -0.643101 0.00151046 0.76578 225.209 0 0
-64.206 -4.31506 27.1573 -0.641799 0.00351379 0.766865 225.365 0 0
-64.2331 -3.35569 27.1245 -0.640508 0.00548622 0.767932 225.512 0 0
-64.1122 -2.44445 27.2155 -0.639216 0.00745036 0.768991 225.512 0 0
-64.3756 -8.90141 26.9564 -0.63134 0.00682454 0.775448 225.763 1 0
-64.4433 -10.5206 26.9055 -0.632373 0.0014655 0.774663 225.922 0 0
-64.5423 -11.5127 26.8222 -0.633028 -0.00374229 0.77412 226.098 0 0
-64.5157 -12.6281 26.8413 -0.633365 -0.00868642 0.773805 226.258 0 0
-64.5997 -13.6274 26.7649 -0.633588 -0.0132808 0.773556 226.419 0 0
-64.6065 -14.6307 26.724 -0.633963 -0.0174917 0.773165 226.579 0 0
-64.6453 -15.6436 26.6557 -0.634694 -0.021335 0.772469 226.852 0 0
-64.5151 -17.3751 26.7077 -0.635833 -0.0248566 0.771426 227.038 0 0
-64.4327 -18.5323 26.7388 -0.637251 -0.0281238 0.770143 227.34 0 0
-64.1418 -20.3707 26.8927 -0.638682 -0.0312422 0.768836 227.505 0 0
-63.9319 -21.3846 27.0288 -0.639827 -0.0343759 0.76775 227.693 0 0
-63.6695 -22.5141 27.2061 -0.640462 -0.0377227 0.767063 227.922 0 0
-63.5034 -23.9319 27.2785 -0.640523 -0.0414168 0.766821 228.107 0 0
-63.5473 -25.0898 27.1604 -0.640108 -0.0454071 0.766942 228.336 0 0
-63.507 -26.6051 27.1357 -0.639438 -0.0494061 0.767254 228.497 0 0
-63.5294 -27.6275 27.0501 -0.638792 -0.0529646 0.767554 228.697 0 0
-63.6609 -28.8757 26.8616 -0.638458 -0.0556371 0.767643 228.869 0 0
-63.6781 -29.9605 26.7574 -0.638691 -0.0571349 0.767339 229.026 0 0
-63.3944 -30.8854 26.908 -0.63967 -0.0573852 0.766505 229.227 0 0
-62.4764 -30.5589 27.7003 -0.64143 -0.0564925 0.765099 229.571 0 0
-61.9933 -28.586 28.2679 -0.643818 -0.0546649 0.763223 229.745 0 0
-62.1308 -27.5197 28.2259 -0.646508 -0.0521573 0.761122 229.92 0 0
-62.3327 -26.4542 28.1222 -0.649093 -0.0492336 0.759114 230.086 0 0
-62.6051 -25.4597 27.9606 -0.651219 -0.0461222 0.757487 230.273 0 0
-63.0037 -24.3804 27.6849 -0.652676 -0.0429704 0.756418 230.449 0 0
-62.6401 -23.4185 28.0666 -0.65341 -0.0398276 0.755956 230.629 0 0
-62.7071 -22.3297 28.0584 -0.653477 -0.0366703 0.756057 230.821 0 0
-62.7875 -21.1523 27.9981 -0.652991 -0.0334449 0.756626 231.02 0 0
-62.8829 -19.8771 27.9708 -0.652089 -0.0300933 0.757545 231.276 0 0
-62.9863 -18.2718 27.9695 -0.650911 -0.0265558 0.758689 231.482 0 0
-63.0192 -16.9873 27.9824 -0.649573 -0.0227728 0.759958 231.728 0 0
-63.1753 -15.467 27.8935 -0.648149 -0.0186955 0.761284 231.984 0 0
-63.3516 -13.8786 27.7733 -0.646662 -0.0143021 0.762642 232.226 0 0
-63.5081 -12.3722 27.6679 -0.645105 -0.00960471 0.764033 232.392 0 0
-63.7865 -11.3969 27.4579 -0.643467 -0.00464673 0.76546 232.566 0 0
-64.3498 -10.6021 26.9855 -0.641749 0.000505447 0.766914 232.728 0 0
-64.2901 -9.59333 27.0342 -0.639972 0.00577169 0.768377 232.745 0 0
-64.2998 -9.48856 27.024 -0.638155 0.0110664 0.769812 232.745 0 0
-63.7528 -14.7876 27.4183 -0.642058 -0.0262602 0.766118 232.956 1 0
-64.0816 -16.0698 27.0981 -0.642851 -0.0265481 0.765531 233.071 0 0
-64.0955 -15.3191 27.1161 -0.643602 -0.026909 0.764888 233.31 0 0
-63.8968 -16.8375 27.2331 -0.644244 -0.0273906 0.76433 233.537 0 0
-63.912 -18.2762 27.1634 -0.644641 -0.0280526 0.763971 233.552 0 0
-63.8418 -18.3118 27.2215 -0.644677 -0.0289754 0.763906 233.72 0 0
-63.4994 -17.3771 27.5579 -0.644285 -0.0302477 0.764187 233.79 0 0
-63.5523 -16.9516 27.5253 -0.643455 -0.0319327 0.764818 234.184 0 0
-63.4677 -19.4058 27.5032 -0.64223 -0.0340329 0.765756 234.402 0 0
-63.4214 -20.739 27.4839 -0.640701 -0.0364761 0.766924 234.422 0 0
-63.4861 -20.8301 27.4262 -0.638985 -0.0391307 0.768223 234.584 0 0
-63.6868 -19.8553 27.297 -0.637216 -0.0418389 0.769549 234.584 0 0
-62.8895 -26.6911 27.6446 -0.639178 -0.0449595 0.767744 234.794 1 0
-62.5576 -27.9457 27.841 -0.639486 -0.0464589 0.767398 234.97 0 0
-62.5322 -29.0318 27.7879 -0.639701 -0.0475379 0.767153 235.09 0 0
-62.9982 -29.4167 27.366 -0.639807 -0.0481238 0.767027 235.278 0 0
-62.9152 -28.2629 27.521 -0.639819 -0.04828 0.767007 235.469 0 0
-62.8372 -27.0913 27.6643 -0.639773 -0.0481664 0.767053 235.477 0 0
-62.8338 -27.0417 27.6705 -0.639708 -0.0479835 0.767112 235.477 0 0
