56.1434 -43.8301 35.4532 0.792624 -0.00902353 0.609644 0 1 1
56.6176 -43.3246 34.8441 0.792822 -0.00955273 0.609379 3.47611 0 1
56.6845 -44.6405 34.7257 0.793127 -0.0101388 0.608972 4.30193 0 1
56.3613 -44.831 35.147 0.793639 -0.0107509 0.608294 5.34438 0 1
56.1531 -44.306 35.4335 0.794401 -0.0112989 0.607288 6.68396 0 1
55.7019 -44.7111 36.0068 0.795345 -0.0116611 0.606044 9.2212 0 1
55.7557 -42.8364 35.9711 0.796289 -0.0117337 0.604802 11.0709 0 1
56.41 -41.9918 35.1435 0.796992 -0.0114804 0.603881 12.563 0 1
57.0197 -42.3692 34.344 0.797237 -0.0109551 0.603566 14.3134 0 1
57.1389 -43.6939 34.1369 0.796912 -0.010287 0.604008 15.5394 0 1
57.1344 -44.706 34.1281 0.796039 -0.00963966 0.605169 16.9903 0 1
56.9253 -45.8596 34.3929 0.794786 -0.00917349 0.60682 18.4185 0 1
56.2878 -46.0877 35.2376 0.793431 -0.00902416 0.608593 20.1376 0 1
55.7285 -45.2285 35.9743 0.79231 -0.00928268 0.610048 21.2774 0 1
55.2477 -45.5251 36.5859 0.791743 -0.00995759 0.610774 22.4717 0 1
55.2258 -44.4398 36.6168 0.791941 -0.0109385 0.6105 23.8274 0 1
55.2511 -43.1879 36.6125 0.792939 -0.0120079 0.609183 25.2382 0 1
55.3696 -41.9 36.4867 0.794567 -0.0129207 0.607038 26.8971 0 1
56.1422 -41.1442 35.5133 0.796492 -0.0135045 0.604498 28.075 0 1
56.7998 -41.1698 34.6616 0.798297 -0.0137172 0.602107 29.7046 0 1
57.5085 -42.0265 33.6893 0.799578 -0.0136288 0.600408 30.7732 0 1
57.5755 -43.0581 33.5394 0.800022 -0.0133555 0.599822 31.7796 0 1
57.5945 -44.1049 33.4969 0.799472 -0.0129997 0.600563 33.2631 0 1
57.5284 -45.677 33.5775 0.79795 -0.0126337 0.602591 34.4591 0 1
57.1572 -46.7396 34.0705 0.79566 -0.0123233 0.605618 35.66 0 1
56.5345 -46.9441 34.9013 0.79295 -0.0121508 0.609166 36.7538 0 1
55.9116 -46.8675 35.7159 0.790252 -0.0122092 0.612661 38.1259 0 1
55.292 -46.1265 36.5225 0.788015 -0.0125748 0.615528 39.0366 0 1
54.7843 -46.1558 37.1481 0.786626 -0.0132825 0.617287 40.026 0 1
54.7485 -44.9937 37.2185 0.786339 -0.0143056 0.617629 41.188 0 1
54.7475 -43.5716 37.2307 0.787227 -0.0155372 0.616467 42.6125 0 1
54.8253 -41.8145 37.1675 0.789175 -0.0167896 0.61394 43.83 0 1
55.2479 -40.5129 36.6735 0.791917 -0.0178397 0.610368 45.6016 0 1
56.4913 -40.2963 35.0892 0.795092 -0.01851 0.606206 46.6152 0 1
57.2553 -40.478 34.0936 0.798281 -0.0187402 0.601994 47.6939 0 1
57.9133 -41.0276 33.1829 0.801042 -0.0186032 0.59832 48.5081 0 1
58.0318 -42.0016 32.9658 0.802956 -0.0182626 0.595758 49.307 0 1
58.033 -43.1082 32.9037 0.803688 -0.0179024 0.594782 50.1049 0 1
58.0361 -44.2548 32.8825 0.803051 -0.017665 0.595648 51.2976 0 1
57.9801 -45.9909 32.9518 0.801071 -0.0176217 0.59831 52.1947 0 1
57.8034 -47.2177 33.1769 0.798003 -0.0177744 0.602391 53.6266 0 1
56.7846 -47.7167 34.5507 0.794314 -0.0180756 0.607238 54.4244 0 1
56.1753 -47.7286 35.3483 0.790609 -0.0184535 0.612043 55.2226 0 1
55.5645 -47.6347 36.1467 0.787525 -0.0188348 0.615995 56.5236 0 1
54.7915 -46.6652 37.1261 0.785617 -0.0191574 0.618417 57.2398 0 1
54.2585 -46.7314 37.7633 0.785257 -0.019368 0.618868 57.8856 0 1
54.311 -47.8576 37.6652 0.786559 -0.019415 0.61721 58.5415 0 1
54.892 -48.3881 36.9392 0.789368 -0.0192614 0.613618 59.2047 0 1
55.5894 -48.4605 36.088 0.793297 -0.0189228 0.60854 59.8596 0 1
56.3325 -48.5098 35.1193 0.797821 -0.0185006 0.60261 60.385 0 1
56.9472 -48.5034 34.3143 0.802375 -0.0181612 0.596544 60.9292 0 1
57.5564 -48.4036 33.4717 0.806442 -0.0180616 0.591037 61.8019 0 1
58.3225 -47.5286 32.4164 0.809609 -0.0182733 0.586686 62.5171 0 1
58.4254 -46.0986 32.3042 0.811592 -0.0187595 0.583923 63.1197 0 1
58.4762 -44.7739 32.2531 0.812251 -0.0194062 0.582986 63.7022 0 1
58.4998 -43.4355 32.231 0.811566 -0.0200758 0.583916 64.2627 0 1
58.4902 -42.126 32.3137 0.809618 -0.0206396 0.586594 64.7551 0 1
58.4883 -41.0546 32.383 0.806563 -0.0209854 0.590776 65.2496 0 1
58.2412 -40.1416 32.7632 0.802624 -0.021019 0.596115 65.9451 0 1
57.651 -39.7408 33.5896 0.79808 -0.0206843 0.602196 66.7927 0 1
56.8223 -39.4864 34.6875 0.793248 -0.0199981 0.60857 67.3146 0 1
56.207 -39.494 35.4868 0.788442 -0.0190666 0.614813 68.0601 0 1
55.3255 -39.625 36.6099 0.783936 -0.0180638 0.620578 68.9706 0 1
54.4342 -40.4285 37.6829 0.779936 -0.0171703 0.625624 69.664 0 1
54.3249 -41.5651 37.783 0.77657 -0.0165074 0.629814 70.4198 0 1
54.2686 -42.9139 37.8228 0.773918 -0.0161062 0.633081 71.2117 0 1
54.2599 -44.3736 37.8161 0.772041 -0.0159281 0.635373 71.8792 0 1
54.255 -45.5945 37.797 0.771025 -0.0159168 0.636606 72.0779 0 1
54.2509 -45.9524 37.7926 0.771004 -0.0160368 0.636629 72.5739 0 1
53.6875 -46.1122 38.4627 0.77214 -0.0162783 0.635244 72.8345 0 1
53.6877 -47.1399 38.4296 0.774566 -0.0166343 0.632274 73.1293 0 1
53.733 -48.2388 38.3451 0.7783 -0.0170714 0.62766 73.4438 0 1
54.1147 -49.0787 37.8715 0.783186 -0.0175178 0.621541 74.024 0 1
54.8118 -49.2781 37.0143 0.788891 -0.0178774 0.614273 74.7217 0 1
56.0924 -49.3423 35.4067 0.794964 -0.0180726 0.606388 74.9559 0 1
56.7107 -49.4571 34.5999 0.800934 -0.0180948 0.59848 75.2993 0 1
57.7693 -49.2226 33.1434 0.806405 -0.0180234 0.591089 75.5881 0 1
58.3823 -49.081 32.2815 0.811107 -0.0179884 0.584621 75.964 0 1
58.8618 -48.2493 31.604 0.814884 -0.0181001 0.579342 76.2121 0 1
58.8372 -47.1393 31.6733 0.817635 -0.0183962 0.575443 76.5294 0 1
58.8977 -45.8177 31.6196 0.819263 -0.018837 0.573108 76.8319 0 1
58.9698 -44.4836 31.5385 0.819656 -0.0193344 0.57253 77.1442 0 1
58.9612 -42.9851 31.5798 0.818712 -0.0197895 0.573864 77.414 0 1
58.9551 -41.7352 31.6631 0.816393 -0.0201193 0.577146 77.6723 0 1
58.9844 -40.6411 31.6801 0.812773 -0.0202683 0.582228 78.1006 0 1
58.5317 -39.073 32.3828 0.808059 -0.0202071 0.588755 78.5322 0 1
57.8694 -38.9695 33.3245 0.802579 -0.019922 0.596213 78.9765 0 1
57.1165 -38.5908 34.336 0.796735 -0.0194078 0.604017 79.3559 0 1
55.9927 -38.6309 35.7992 0.790932 -0.0186729 0.611619 79.6828 0 1
55.0668 -38.7915 36.9537 0.785519 -0.0177554 0.618583 80.0942 0 1
54.1321 -39.0563 38.0885 0.780745 -0.0167313 0.624625 80.7713 0 1
53.7691 -40.8224 38.4643 0.776745 -0.0157011 0.629619 81.0526 0 1
53.7927 -41.9461 38.4095 0.773535 -0.0147576 0.633582 81.3378 0 1
53.7559 -42.9808 38.4307 0.771028 -0.013953 0.636649 81.6546 0 1
53.6958 -44.1688 38.4874 0.769059 -0.013285 0.63904 81.8491 0 1
53.6799 -44.9763 38.4966 0.76741 -0.0127069 0.641031 81.9288 0 1
53.6765 -45.3121 38.4966 0.765828 -0.0121519 0.642911 81.9288 0 1
