-55.5807 44.3444 34.7866 -0.79884 -8.49815e-05 0.601543 0 1 1
-55.5524 43.2843 34.8258 -0.79994 -0.00203894 0.600077 0.372257 0 1
-55.0733 43.4472 35.4541 -0.800775 -0.00389342 0.598953 0.572078 0 1
-55.1358 44.4397 35.3764 -0.801214 -0.00557566 0.598352 0.725414 0 1
-55.5685 44.7424 34.8031 -0.801247 -0.00700955 0.598292 0.881816 0 1
-56.0407 44.8351 34.1608 -0.801049 -0.00813221 0.598544 1.09768 0 1
-55.8246 45.8732 34.4844 -0.800941 -0.00890859 0.598678 1.34802 0 1
-55.0591 45.9356 35.5182 -0.801276 -0.0093391 0.598221 1.54668 0 1
-54.7181 45.0983 35.9484 -0.80229 -0.00946262 0.596859 1.75663 0 1
-54.6169 44.0506 36.0545 -0.803992 -0.0093542 0.594567 2.00428 0 1
-54.6758 42.8068 35.9647 -0.806142 -0.00911204 0.591652 2.23575 0 1
-55.1547 41.9542 35.3288 -0.808323 -0.00883625 0.588673 2.54852 0 1
-56.0017 42.6395 34.1976 -0.810058 -0.00861101 0.586286 2.76732 0 1
-56.0499 43.7405 34.1394 -0.810954 -0.00849673 0.585048 2.83925 0 1
-56.055 44.1075 34.1351 -0.810807 -0.00852592 0.585251 2.98876 0 1
-56.4757 44.2983 33.5261 -0.809646 -0.00869605 0.586854 3.19165 0 1
-56.4752 45.3417 33.5432 -0.807715 -0.00896302 0.589505 3.54179 0 1
-55.8698 46.7908 34.4428 -0.805423 -0.00924619 0.592629 3.88196 0 1
-54.8323 46.7568 35.8329 -0.803266 -0.00945017 0.595545 4.10454 0 1
-54.3005 46.0303 36.5088 -0.801731 -0.00949704 0.59761 4.33697 0 1
-54.2004 44.8771 36.6164 -0.801178 -0.00935428 0.598352 4.57162 0 1
-54.1556 43.7104 36.644 -0.801758 -0.00904554 0.59758 4.92346 0 1
-54.2427 41.9492 36.5101 -0.803381 -0.00863955 0.595402 5.16246 0 1
-54.8403 41.2407 35.7269 -0.805771 -0.00822246 0.59217 5.37293 0 1
-55.4812 41.1 34.8897 -0.808553 -0.00786902 0.588371 5.5955 0 1
-56.1156 41.237 33.9972 -0.811325 -0.00762978 0.584546 5.84827 0 1
-56.4362 42.4203 33.5641 -0.813702 -0.00753659 0.581234 6.03525 0 1
-56.4626 43.371 33.5372 -0.815337 -0.00761005 0.578937 6.18387 0 1
-56.8815 43.5545 32.9306 -0.815964 -0.00785439 0.578049 6.41403 0 1
-56.903 44.7357 32.9166 -0.815454 -0.00824564 0.578763 6.62346 0 1
-56.9191 45.8146 32.9106 -0.813855 -0.00872655 0.581002 6.81559 0 1
-56.8698 46.8117 32.9926 -0.811389 -0.00921041 0.584435 7.03933 0 1
-56.3398 47.5198 33.7716 -0.808394 -0.00958975 0.588564 7.30771 0 1
-55.5366 47.6591 34.9083 -0.805249 -0.00975368 0.592857 7.61315 0 1
-54.6064 47.5751 36.1523 -0.802297 -0.00961889 0.596848 7.8185 0 1
-53.9966 47.3097 36.9288 -0.799818 -0.00916447 0.600173 8.14746 0 1
-53.77 45.7107 37.1905 -0.798038 -0.00844761 0.602548 8.41907 0 1
-53.7253 44.3691 37.2191 -0.79714 -0.00758655 0.603747 8.66897 0 1
-53.6924 43.1293 37.2311 -0.797255 -0.00672147 0.603606 8.93094 0 1
-53.7041 41.8126 37.2048 -0.798418 -0.00597713 0.602074 9.13254 0 1
-53.8717 40.8354 36.9832 -0.800533 -0.00544211 0.599264 9.36366 0 1
-54.542 40.45 36.1082 -0.803365 -0.00516221 0.595465 9.59568 0 1
-55.255 40.3076 35.1811 -0.806583 -0.00513871 0.591098 9.82963 0 1
-55.9393 40.2994 34.242 -0.809838 -0.00532987 0.58663 10.0833 0 1
-56.6441 40.6882 33.2454 -0.812825 -0.00566353 0.58248 10.2774 0 1
-56.8439 41.6228 32.9636 -0.815316 -0.00606586 0.578984 10.5614 0 1
-56.8857 43.0736 32.9187 -0.817135 -0.00649547 0.576409 10.7175 0 1
-57.2966 43.4071 32.3191 -0.818124 -0.0069613 0.574999 10.9381 0 1
-57.321 44.5467 32.3069 -0.818141 -0.00750893 0.574969 11.2932 0 1
-57.368 46.3739 32.2778 -0.817089 -0.0081826 0.576454 11.4907 0 1
-57.324 47.3936 32.3488 -0.814966 -0.00898771 0.579439 11.7366 0 1
-56.8178 48.314 33.0833 -0.811886 -0.00987316 0.583732 11.9365 0 1
-56.2251 48.3913 33.9484 -0.808072 -0.0107341 0.588986 12.2525 0 1
-55.2681 48.4765 35.2854 -0.80382 -0.0114272 0.594763 12.454 0 1
-54.6593 48.4071 36.1018 -0.799469 -0.0117966 0.600592 12.7136 0 1
-53.8635 48.3499 37.124 -0.795369 -0.0117109 0.606012 12.9255 0 1
-53.3952 47.6066 37.7036 -0.791854 -0.0111058 0.61061 13.1501 0 1
-53.2785 46.5157 37.8246 -0.789196 -0.0100153 0.61406 13.4251 0 1
-53.2716 45.1628 37.8043 -0.787581 -0.00857724 0.616152 13.654 0 1
-53.2501 44.0335 37.808 -0.787093 -0.00700374 0.616795 13.9042 0 1
-53.2213 42.7916 37.8166 -0.787731 -0.0055223 0.615994 14.1343 0 1
-53.218 41.6352 37.8274 -0.789428 -0.00430845 0.613828 14.342 0 1
-53.2568 40.6045 37.7795 -0.792057 -0.00344215 0.610438 14.5403 0 1
-53.61 39.8 37.3314 -0.795434 -0.00291033 0.606033 14.7749 0 1
-54.3082 39.6201 36.419 -0.799331 -0.00265193 0.600885 15.012 0 1
-55.0281 39.5115 35.4711 -0.803488 -0.00261417 0.595315 15.2162 0 1
-55.635 39.4478 34.6459 -0.807635 -0.00277981 0.589676 15.4589 0 1
-56.351 39.5124 33.653 -0.811526 -0.00314578 0.584308 15.6576 0 1
-56.9252 39.6916 32.8389 -0.814972 -0.00367535 0.579489 15.8824 0 1
-57.2503 40.6984 32.3746 -0.817872 -0.00427177 0.575384 16.0921 0 1
-57.3039 41.7747 32.2959 -0.820207 -0.00480465 0.572047 16.2703 0 1
-57.3125 42.6939 32.2924 -0.821992 -0.00517412 0.569476 16.4434 0 1
-57.7729 43.0271 31.6114 -0.823215 -0.00536801 0.567704 16.6563 0 1
-57.8377 44.1303 31.5449 -0.823792 -0.00547464 0.566866 16.8701 0 1
-57.9129 45.2264 31.4581 -0.823564 -0.00564434 0.567196 17.2108 0 1
-57.7877 46.978 31.669 -0.82236 -0.00602193 0.568936 17.419 0 1
-57.7495 48.0568 31.7178 -0.820076 -0.00668634 0.572216 17.6875 0 1
-57.2546 49.1528 32.4508 -0.816744 -0.00762535 0.57695 17.9589 0 1
-56.4451 49.1984 33.6358 -0.812551 -0.0087502 0.582825 18.1702 0 1
-55.8384 49.4458 34.5281 -0.807806 -0.00993233 0.589365 18.4025 0 1
-55.1484 49.2593 35.467 -0.80287 -0.0110346 0.596051 18.6667 0 1
-54.3524 49.3222 36.53 -0.798082 -0.0119199 0.602431 18.8988 0 1
-53.6433 49.22 37.4291 -0.793696 -0.0124463 0.608188 19.1085 0 1
-53.0341 48.881 38.1903 -0.789873 -0.0124794 0.613144 19.3076 0 1
-52.8315 47.9545 38.4173 -0.786711 -0.0119376 0.617206 19.5239 0 1
-52.794 46.8982 38.4401 -0.78429 -0.0108491 0.620299 19.7727 0 1
-52.6596 45.6974 38.5794 -0.782702 -0.00937464 0.622326 20.0845 0 1
-52.6799 44.1096 38.5169 -0.782042 -0.00777131 0.623177 20.3418 0 1
-52.6744 42.8326 38.4965 -0.782388 -0.00631111 0.622759 20.609 0 1
-52.7049 41.4944 38.4551 -0.783767 -0.00519338 0.621034 20.8282 0 1
-52.734 40.4052 38.4263 -0.786133 -0.00448919 0.618041 21.0519 0 1
-52.8184 39.3131 38.3411 -0.789359 -0.00413521 0.613919 21.3074 0 1
-53.5298 38.8467 37.4363 -0.793241 -0.00397393 0.608894 21.5079 0 1
-54.1261 38.743 36.6584 -0.797536 -0.00382174 0.60326 21.7668 0 1
-54.9023 38.7068 35.6321 -0.801993 -0.0035371 0.597323 21.9973 0 1
-55.5942 38.6475 34.6922 -0.806401 -0.00305993 0.591361 22.33 0 1
-56.5823 38.6919 33.3159 -0.810609 -0.00240869 0.585582 22.5307 0 1
-57.1649 38.8872 32.4908 -0.814542 -0.00164493 0.580102 22.741 0 1
-57.6852 39.4778 31.746 -0.818191 -0.000831328 0.574946 22.978 0 1
-57.7863 40.691 31.6002 -0.821605 -6.24205e-06 0.570058 23.2235 0 1
-57.752 41.9576 31.6392 -0.824865 0.00081804 0.565329 23.2498 0 1
-57.751 42.0939 31.6391 -0.828054 0.00164154 0.560619 23.2498 0 1
