-56.4556 44.3127 34.5544 -0.82372 -0.00448128 0.566979 0 1 1
-56.3442 43.2387 34.7056 -0.821898 -0.00465771 0.569615 0.431407 0 1
-55.7509 43.5769 35.4978 -0.82046 -0.00479291 0.571684 0.769203 0 1
-56.0938 45.205 35.083 -0.819334 -0.00493361 0.573296 0.783691 0 1
-56.1329 45.2315 35.0302 -0.818292 -0.00513606 0.57478 0.959372 0 1
-56.2411 46.0676 34.8701 -0.817096 -0.00542166 0.576476 1.17128 0 1
-56.7241 45.4226 34.1718 -0.815633 -0.0057482 0.578542 1.49234 0 1
-56.8165 43.795 34.0258 -0.813975 -0.00601276 0.580868 1.7086 0 1
-56.734 42.7074 34.1357 -0.812353 -0.00609532 0.583135 1.91519 0 1
-56.3415 41.9153 34.6874 -0.811054 -0.00592373 0.584941 2.23699 0 1
-55.4476 42.4676 35.8875 -0.810323 -0.00551758 0.585957 2.45386 0 1
-55.3183 43.537 36.072 -0.810283 -0.00498276 0.586017 2.65876 0 1
-55.385 44.5612 36.0037 -0.810909 -0.00446665 0.585155 2.97238 0 1
-55.7754 45.9916 35.5223 -0.812029 -0.0041054 0.583603 3.14035 0 1
-55.7981 46.8221 35.4808 -0.813356 -0.00398644 0.581753 3.33712 0 1
-56.382 46.8419 34.6641 -0.814539 -0.00413306 0.580095 3.56484 0 1
-56.9981 46.3753 33.7812 -0.815243 -0.00451052 0.579101 3.80247 0 1
-57.1937 45.1974 33.488 -0.815233 -0.00504947 0.579111 4.01766 0 1
-57.2269 44.0951 33.4318 -0.814429 -0.00567468 0.580235 4.25923 0 1
-57.18 42.8692 33.4898 -0.812926 -0.00632312 0.582333 4.54294 0 1
-56.9663 41.4809 33.7777 -0.81096 -0.00694764 0.585061 4.79017 0 1
-56.2832 41.0671 34.7531 -0.808825 -0.00751751 0.588001 4.9927 0 1
-55.6793 41.0986 35.5591 -0.806775 -0.00802255 0.590804 5.18782 0 1
-55.1368 41.499 36.2884 -0.804952 -0.00847291 0.593279 5.46416 0 1
-54.9085 42.8205 36.606 -0.803383 -0.00888592 0.595397 5.68116 0 1
-54.8745 43.8958 36.6636 -0.802026 -0.00926565 0.597218 5.9988 0 1
-54.9515 45.4696 36.5966 -0.800833 -0.00959161 0.59881 6.29925 0 1
-55.4353 46.7538 35.9896 -0.799788 -0.00982602 0.600202 6.46732 0 1
-55.3973 47.5842 36.0486 -0.798913 -0.00993573 0.601364 6.72551 0 1
-54.6474 47.2065 37.0325 -0.798273 -0.00991483 0.602214 7.03899 0 1
-54.4812 45.6703 37.2162 -0.797973 -0.00979249 0.602614 7.26894 0 1
-54.4479 44.5361 37.2379 -0.798148 -0.00961887 0.602385 7.48459 0 1
-54.4266 43.4774 37.2494 -0.79893 -0.00943652 0.601351 7.73107 0 1
-54.4591 42.2806 37.1891 -0.800399 -0.00925699 0.599397 7.96529 0 1
-54.5317 41.1428 37.0799 -0.802536 -0.00906033 0.596534 8.1677 0 1
-54.9799 40.4698 36.4837 -0.805209 -0.00881911 0.592926 8.37388 0 1
-55.59 40.2843 35.6671 -0.808186 -0.00852744 0.588866 8.57541 0 1
-56.2049 40.284 34.8461 -0.811184 -0.00821012 0.584733 8.77595 0 1
-56.7819 40.3354 34.0268 -0.813923 -0.00790808 0.580919 8.99265 0 1
-57.3828 40.6825 33.1673 -0.816171 -0.00765898 0.57776 9.23069 0 1
-57.573 41.8538 32.9097 -0.817771 -0.00748932 0.575494 9.46358 0 1
-57.6167 43.0323 32.8547 -0.818647 -0.00741707 0.574249 9.66257 0 1
-57.6312 44.039 32.8416 -0.818774 -0.00745761 0.574068 9.86699 0 1
-57.6205 45.081 32.8666 -0.818153 -0.00762748 0.57495 10.1193 0 1
-57.5783 46.374 32.9529 -0.816798 -0.00794152 0.576868 10.4059 0 1
-57.0784 47.5464 33.6834 -0.814741 -0.00840015 0.579764 10.6847 0 1
-56.2499 47.6221 34.8541 -0.812037 -0.00897143 0.583537 10.8775 0 1
-55.6649 47.6339 35.6752 -0.808788 -0.00957808 0.588023 11.0314 0 1
-55.6631 48.4183 35.6947 -0.805156 -0.0101 0.592977 11.2424 0 1
-55.027 48.3734 36.5572 -0.801384 -0.0103993 0.59806 11.4528 0 1
-54.3951 48.1971 37.3861 -0.797783 -0.0103652 0.602855 11.6716 0 1
-54.0668 47.2539 37.7899 -0.794695 -0.00996184 0.606927 11.9479 0 1
-54.0335 45.904 37.794 -0.792434 -0.00925385 0.609887 12.2192 0 1
-53.995 44.5655 37.8148 -0.791234 -0.00838742 0.611456 12.4331 0 1
-53.9689 43.5101 37.8301 -0.791218 -0.00753342 0.611488 12.6543 0 1
-53.9654 42.4256 37.8246 -0.792396 -0.00682343 0.609968 12.9268 0 1
-53.9934 41.0974 37.7929 -0.794669 -0.0063154 0.60701 13.1547 0 1
-54.1595 40.024 37.5693 -0.797845 -0.00600034 0.602833 13.358 0 1
-54.7025 39.607 36.843 -0.801663 -0.00583237 0.597748 13.6026 0 1
-55.4359 39.5038 35.8617 -0.805832 -0.00575477 0.592116 13.8308 0 1
-56.1295 39.5254 34.9353 -0.810068 -0.00570483 0.586308 14.1707 0 1
-57.1132 39.5822 33.5365 -0.814119 -0.00560706 0.580672 14.4059 0 1
-57.7897 39.8641 32.5672 -0.817766 -0.00538428 0.575526 14.6217 0 1
-57.9814 40.9298 32.3049 -0.820819 -0.0049996 0.571166 14.8808 0 1
-58.0085 42.2482 32.2699 -0.82312 -0.00449997 0.56785 15.1791 0 1
-58.0314 43.7667 32.2521 -0.824548 -0.00401536 0.565777 15.4058 0 1
-58.0352 44.9224 32.2597 -0.82503 -0.00370365 0.565076 15.6179 0 1
-58.0277 46.0104 32.2764 -0.824527 -0.00368029 0.565811 15.8796 0 1
-57.9961 47.3699 32.3457 -0.823028 -0.00398179 0.567987 16.2004 0 1
-57.2575 48.3639 33.422 -0.820562 -0.00457798 0.571539 16.4668 0 1
-56.464 48.4159 34.5526 -0.817216 -0.00540772 0.576307 16.6179 0 1
-56.0069 48.4166 35.2117 -0.813151 -0.00640194 0.582018 16.7912 0 1
-55.984 49.3187 35.2639 -0.808598 -0.00747634 0.588314 16.9929 0 1
-55.3706 49.3208 36.1034 -0.803832 -0.00850715 0.594796 17.1995 0 1
-54.7417 49.2708 36.9555 -0.799132 -0.00932523 0.601083 17.4062 0 1
-54.1163 49.1235 37.7602 -0.794765 -0.00975374 0.606839 17.6884 0 1
-53.6063 47.9809 38.3854 -0.790976 -0.00967524 0.611771 17.9507 0 1
-53.5096 46.6956 38.4767 -0.787996 -0.00908479 0.615613 18.2309 0 1
-53.44 45.3279 38.5272 -0.786029 -0.00809558 0.618137 18.4638 0 1
-53.4378 44.1763 38.5038 -0.785224 -0.00689982 0.619173 18.7096 0 1
-53.419 42.9617 38.4996 -0.785659 -0.00571185 0.618634 19.0182 0 1
-53.4937 41.4351 38.4072 -0.787325 -0.00472025 0.61652 19.3013 0 1
-53.3756 40.0469 38.5649 -0.790137 -0.00405613 0.612917 19.5111 0 1
-53.6524 39.1066 38.2307 -0.793924 -0.00377144 0.608005 19.7247 0 1
-54.2291 38.6916 37.465 -0.798428 -0.00382882 0.602078 19.9523 0 1
-54.9155 38.6923 36.5622 -0.803319 -0.00411788 0.595535 20.2708 0 1
-55.8597 38.7616 35.2887 -0.808245 -0.00449927 0.588829 20.5318 0 1
-56.6305 38.7266 34.212 -0.812899 -0.00485032 0.582385 20.7603 0 1
-57.3106 38.8031 33.2487 -0.81707 -0.00508018 0.576516 21.04 0 1
-58.1349 38.7878 32.0615 -0.820667 -0.00511329 0.571383 21.2566 0 1
-58.3753 39.8231 31.7107 -0.823697 -0.00487793 0.567009 21.4602 0 1
-58.4213 40.8782 31.6502 -0.826214 -0.00433685 0.56334 21.7158 0 1
-58.4486 42.193 31.611 -0.828256 -0.00354892 0.560339 21.9228 0 1
-58.4684 43.258 31.5974 -0.829815 -0.00270554 0.558033 22.156 0 1
-58.4711 44.4568 31.6085 -0.830841 -0.00209613 0.556506 22.3845 0 1
-58.4365 45.6331 31.6666 -0.831288 -0.00201527 0.555838 22.6104 0 1
-58.495 46.8079 31.574 -0.831145 -0.00266836 0.556049 22.8832 0 1
-58.4197 48.2374 31.6798 -0.830454 -0.00412612 0.557072 23.082 0 1
-58.0103 48.9762 32.2933 -0.829296 -0.00633629 0.558774 23.2834 0 1
-57.4509 49.2773 33.1289 -0.827771 -0.00916589 0.560991 23.5591 0 1
-56.6396 49.2757 34.316 -0.825985 -0.012442 0.563555 23.6138 0 1
-56.4753 49.2771 34.5534 -0.82404 -0.0159758 0.566307 23.6867 0 1
-56.2745 49.4206 34.8495 -0.822037 -0.0195738 0.569094 23.6867 0 1
