22.3929 43.5119 70.764 0.514296 -0.0176762 0.857431 0 1 1
22.4349 44.5354 70.762 0.514971 -0.0152719 0.857071 0.606325 0 1
23.0704 43.6342 70.3609 0.515641 -0.0130982 0.856705 0.991744 0 1
23.061 42.2183 70.347 0.516289 -0.0112418 0.85634 1.27863 0 1
22.5008 43.0218 70.6892 0.516919 -0.0097152 0.855979 1.50961 0 1
21.7945 42.8711 71.116 0.517559 -0.00847719 0.855605 1.80498 0 1
21.9042 41.8241 71.0476 0.518241 -0.00748447 0.855202 2.13126 0 1
22.6828 41.1302 70.5729 0.518953 -0.00672735 0.854776 2.50328 0 1
23.6682 41.7665 69.971 0.519624 -0.00621852 0.854372 2.90275 0 1
23.7991 43.2256 69.9186 0.520148 -0.00595069 0.854055 3.33822 0 1
23.7746 44.8309 69.9495 0.520435 -0.00586488 0.853881 3.66844 0 1
23.7154 46.0568 69.9811 0.520457 -0.00585804 0.853868 3.95407 0 1
23.1094 46.8573 70.355 0.520266 -0.0058283 0.853985 4.31136 0 1
22.0644 46.3667 71.0042 0.519961 -0.00573193 0.854171 4.75357 0 1
21.8348 44.7759 71.1272 0.519646 -0.0056125 0.854363 5.18221 0 1
21.7812 43.2401 71.125 0.519378 -0.00556939 0.854527 5.38019 0 1
21.1727 43.1967 71.492 0.519171 -0.0056757 0.854652 5.83741 0 1
21.2861 41.5713 71.4196 0.519027 -0.00590721 0.854738 6.1709 0 1
21.7041 40.5252 71.1657 0.518976 -0.00614325 0.854766 6.51217 0 1
22.6861 40.2505 70.5691 0.519091 -0.00624061 0.854696 6.93706 0 1
23.9387 40.5131 69.7983 0.51945 -0.00612613 0.854479 7.22207 0 1
24.323 41.4546 69.5646 0.520095 -0.00584975 0.854088 7.55169 0 1
24.4085 42.6828 69.5473 0.520992 -0.00557297 0.853543 7.84346 0 1
24.4163 43.757 69.566 0.522021 -0.00550452 0.852915 8.14147 0 1
24.397 44.8516 69.5685 0.523011 -0.00581999 0.852306 8.71228 0 1
24.2252 46.9825 69.6654 0.523796 -0.00660328 0.851818 8.97764 0 1
23.5593 47.6161 70.0765 0.524293 -0.00782287 0.851502 9.25272 0 1
22.6909 47.726 70.6226 0.524536 -0.00933283 0.851337 9.64265 0 1
21.5232 47.3046 71.3486 0.524657 -0.0108908 0.851244 10.03 0 1
21.3071 45.9175 71.4655 0.524819 -0.0121997 0.851126 10.3202 0 1
21.2219 44.8704 71.5009 0.525141 -0.0129777 0.850916 10.6926 0 1
21.1718 43.5462 71.4951 0.525655 -0.0130376 0.850598 10.8945 0 1
20.5837 43.7748 71.8491 0.526298 -0.0123391 0.850211 11.2254 0 1
20.6009 44.9589 71.8896 0.52695 -0.010988 0.849825 11.643 0 1
20.7046 46.4106 71.849 0.527492 -0.00918525 0.84951 11.9231 0 1
20.8018 47.4127 71.8002 0.527847 -0.00716999 0.849309 12.3978 0 1
21.9539 48.4642 71.0883 0.527976 -0.00519317 0.849243 12.6849 0 1
22.8419 48.4803 70.5289 0.527845 -0.00351043 0.849333 12.9649 0 1
23.7186 48.4017 69.9777 0.527414 -0.00234758 0.849605 13.2366 0 1
24.5402 48.0511 69.4717 0.526665 -0.00182925 0.850071 13.5609 0 1
24.9422 46.912 69.2237 0.525645 -0.00192285 0.850702 13.904 0 1
24.9706 45.5964 69.2066 0.524473 -0.00245242 0.851423 14.1767 0 1
25.0071 44.5531 69.1944 0.523288 -0.00317663 0.85215 14.4842 0 1
25.0268 43.3952 69.1931 0.522183 -0.00387756 0.852825 14.7847 0 1
25.0042 42.2876 69.1824 0.521158 -0.00441586 0.853449 15.0829 0 1
24.944 41.1815 69.1844 0.520138 -0.00475079 0.854069 15.3524 0 1
24.8123 40.1673 69.2579 0.519043 -0.00494725 0.854734 15.6211 0 1
24.0653 39.6474 69.7187 0.517876 -0.00517114 0.85544 15.9052 0 1
23.1777 39.5282 70.2671 0.516783 -0.00564593 0.856098 16.2491 0 1
22.1239 39.4797 70.9059 0.51603 -0.0065587 0.856545 16.5891 0 1
21.1383 39.7788 71.5054 0.515921 -0.00795271 0.856599 16.9207 0 1
20.7093 40.7985 71.7629 0.516673 -0.00966977 0.856128 17.2274 0 1
20.6155 41.843 71.8213 0.518314 -0.0113818 0.855114 17.5373 0 1
20.5884 42.9161 71.8412 0.52066 -0.0126995 0.85367 17.7676 0 1
19.9282 43.193 72.2284 0.523362 -0.0133051 0.852006 18.0548 0 1
19.9272 44.2186 72.2762 0.526025 -0.0130466 0.850369 18.4552 0 1
19.92 45.6115 72.3272 0.528303 -0.0119613 0.848972 18.7848 0 1
19.9651 46.7635 72.3272 0.529971 -0.0102349 0.847954 19.0837 0 1
20.0003 47.8127 72.3203 0.530939 -0.00813082 0.847371 19.5091 0 1
20.6823 49.0735 71.8839 0.531246 -0.00591746 0.847197 19.8238 0 1
21.6178 49.2942 71.2971 0.531015 -0.00382269 0.847354 20.1406 0 1
22.5956 49.3352 70.6818 0.530385 -0.00202692 0.847755 20.4357 0 1
23.5192 49.3344 70.1001 0.529442 -0.00067593 0.848346 20.726 0 1
24.4444 49.307 69.5223 0.528201 0.000126934 0.849119 21.1417 0 1
25.5149 48.3325 68.8687 0.526659 0.000358404 0.850077 21.4139 0 1
25.6455 47.2964 68.7918 0.524878 0.000102916 0.851178 21.8631 0 1
25.6892 45.5678 68.7631 0.523014 -0.000471091 0.852324 22.185 0 1
25.6853 44.3366 68.7728 0.521274 -0.00117833 0.853388 22.569 0 1
25.6798 42.8817 68.7896 0.519816 -0.00187883 0.854276 22.8962 0 1
25.6418 41.6735 68.7858 0.518681 -0.00249695 0.854964 23.1942 0 1
25.5755 40.5453 68.8056 0.517789 -0.00300159 0.855503 23.4711 0 1
25.4412 39.4891 68.8828 0.516989 -0.00337822 0.855986 23.7926 0 1
24.5531 38.8383 69.4173 0.516155 -0.00361527 0.856488 24.1472 0 1
23.4086 38.7951 70.1237 0.515262 -0.00370431 0.857025 24.456 0 1
22.455 38.6435 70.6979 0.514406 -0.00364475 0.857539 24.7936 0 1
21.4223 38.6676 71.3234 0.513762 -0.00344934 0.857926 25.1415 0 1
20.4362 39.0559 71.9197 0.513491 -0.00315008 0.858089 25.4747 0 1
19.9853 40.0836 72.1851 0.513678 -0.00279969 0.857979 25.7885 0 1
19.9431 41.1563 72.2138 0.514304 -0.00246209 0.857604 26.1091 0 1
19.9349 42.259 72.2205 0.515283 -0.00219327 0.857017 27.2421 0 1
22.5418 44.8511 70.7012 0.516507 -0.00202259 0.856281 27.543 0 1
22.8345 45.8867 70.5269 0.517882 -0.00194517 0.85545 27.7475 0 1
23.2158 45.2864 70.2935 0.519335 -0.00192831 0.854568 27.8547 0 1
23.1835 44.8934 70.3131 0.520803 -0.0019271 0.853666 27.8547 0 1
