46.1143 41.9191 48.4879 0.747914 0.00123021 0.663792 0 1 0
46.9692 42.0005 47.5153 0.748519 0.00102355 0.663112 0.477102 0 0
47.5349 41.6684 46.8694 0.749053 0.00076254 0.66251 0.848327 0 0
46.3859 41.8089 48.1818 0.749497 0.000471552 0.662008 0.871833 0 0
46.3139 41.8146 48.2635 0.749854 0.00019805 0.661604 1.06234 0 0
46.0751 42.6207 48.5329 0.750152 -1.80237e-05 0.661266 1.38612 0 0
45.1227 42.1979 49.6113 0.750429 -0.000159441 0.660951 1.63896 0 0
44.3794 41.9051 50.4586 0.750716 -0.0002212 0.660625 1.77363 0 0
44.4456 41.3011 50.3792 0.751028 -0.000187143 0.66027 2.10313 0 0
45.4299 41.0763 49.2632 0.751363 -1.96227e-05 0.659889 2.51243 0 0
46.6735 40.9109 47.8569 0.751711 0.000320995 0.659492 2.72812 0 0
47.3365 40.8968 47.0993 0.752055 0.000838407 0.6591 3.05308 0 0
48.3244 41.1225 45.9616 0.752369 0.00147598 0.658741 3.29393 0 0
49.0532 41.3919 45.1262 0.752618 0.00212683 0.658454 3.60621 0 0
49.9383 42.0116 44.1091 0.752771 0.00267008 0.658277 3.85087 0 0
49.9888 43.19 44.0446 0.752811 0.0030104 0.65823 4.16186 0 0
49.0629 43.7402 45.1057 0.75273 0.00310518 0.658322 4.37141 0 0
48.42 43.5635 45.8521 0.752523 0.00297398 0.65856 4.58984 0 0
47.7679 43.2959 46.6016 0.752175 0.0026886 0.658958 4.9462 0 0
46.7137 42.8127 47.8063 0.751666 0.00234663 0.65954 4.9813 0 0
46.6087 42.776 47.9257 0.750989 0.0020367 0.660312 5.14462 0 0
46.428 43.4847 48.1292 0.750169 0.00180673 0.661244 5.49049 0 0
45.4019 43.0688 49.2928 0.749273 0.00164698 0.66226 5.83088 0 0
44.4089 42.6138 50.429 0.7484 0.00149769 0.663246 6.05994 0 0
43.7529 42.2931 51.1686 0.747653 0.00128152 0.664089 6.28845 0 0
43.0728 42.1416 51.9299 0.747107 0.000946146 0.664703 6.56943 0 0
42.2267 42.1724 52.8693 0.746798 0.000492954 0.665051 6.9198 0 0
41.3854 41.2239 53.81 0.746729 -2.47221e-05 0.665129 7.18007 0 0
42.1532 41.0488 52.9562 0.746891 -0.000529461 0.664946 7.41035 0 0
42.8146 40.7344 52.2225 0.747268 -0.000950956 0.664522 7.66268 0 0
43.5456 40.4797 51.3939 0.747828 -0.00124103 0.663892 7.92156 0 0
44.3194 40.3654 50.5148 0.748511 -0.00137289 0.663121 8.15836 0 0
45.0399 40.2925 49.7045 0.749235 -0.00133632 0.662303 8.37639 0 0
45.7039 40.2414 48.9583 0.749908 -0.00113331 0.661541 8.77964 0 0
46.9259 40.1441 47.5715 0.750451 -0.000770452 0.660925 9.08894 0 0
47.871 40.2249 46.48 0.750826 -0.000250412 0.6605 9.35248 0 0
48.6727 40.4501 45.558 0.751047 0.000425711 0.660249 9.60196 0 0
49.4271 40.7598 44.698 0.751166 0.00123921 0.660112 9.8246 0 0
50.0801 41.1409 43.9523 0.751249 0.00213074 0.660015 10.087 0 0
50.5323 42.1989 43.4292 0.751345 0.00299503 0.659903 10.3105 0 0
50.6054 43.2833 43.348 0.751469 0.003702 0.659759 10.5678 0 0
50.3114 44.4504 43.6789 0.751598 0.00413549 0.659609 10.9133 0 0
49.2012 44.498 44.9332 0.751676 0.00423235 0.659519 11.133 0 0
48.5137 44.3296 45.7299 0.751628 0.0040054 0.659576 11.4531 0 0
47.5465 43.949 46.8469 0.751383 0.0035394 0.659857 11.6933 0 0
46.831 43.6448 47.6702 0.750893 0.00296126 0.660417 11.8572 0 0
46.8033 44.4061 47.7019 0.750144 0.00239964 0.66127 12.2803 0 0
45.5542 43.8735 49.1217 0.749149 0.00195201 0.662399 12.5261 0 0
44.8349 43.5668 49.9447 0.747957 0.00166896 0.663745 12.8677 0 0
43.8382 43.1482 51.072 0.746662 0.00155302 0.665202 13.1184 0 0
43.0965 42.9234 51.9003 0.745391 0.00156316 0.666626 13.4834 0 0
41.995 42.8336 53.1259 0.744291 0.0016222 0.667853 13.8776 0 0
40.8294 42.5326 54.423 0.74349 0.00163309 0.668745 14.1063 0 0
40.1756 42.2528 55.1459 0.743066 0.00150815 0.669216 14.383 0 0
39.553 41.4655 55.8346 0.74303 0.00120284 0.669257 14.5903 0 0
40.1522 41.3868 55.1751 0.743332 0.000737605 0.668922 14.8265 0 0
40.7558 40.864 54.513 0.743889 0.000196789 0.668303 15.1305 0 0
41.6093 40.4569 53.5643 0.744624 -0.000294619 0.667484 15.3722 0 0
42.2999 40.1625 52.7969 0.745485 -0.000609341 0.666522 15.6389 0 0
43.0616 39.8816 51.9351 0.746443 -0.000660688 0.665449 15.9166 0 0
43.8786 39.6745 51.0083 0.747465 -0.000432971 0.664301 16.1585 0 0
44.6087 39.5565 50.186 0.748498 1.76551e-05 0.663137 16.3792 0 0
45.2822 39.5098 49.4287 0.749474 0.000590796 0.662033 16.6066 0 0
45.9773 39.4326 48.65 0.750335 0.00117574 0.661057 16.8355 0 0
46.6723 39.3895 47.8615 0.751054 0.00167366 0.660239 17.0838 0 0
47.4309 39.3975 46.9931 0.75163 0.00201259 0.659581 17.373 0 0
48.3091 39.5453 45.9716 0.752065 0.00216735 0.659086 17.752 0 0
49.4658 39.9966 44.6545 0.75235 0.00217835 0.65876 17.9755 0 0
50.1435 40.2747 43.8829 0.75249 0.0021469 0.658601 18.1914 0 0
50.7264 40.8196 43.216 0.75252 0.00219501 0.658565 18.4536 0 0
51.051 41.9996 42.8402 0.75252 0.00240633 0.658565 18.6639 0 0
51.0842 43.0329 42.7942 0.752581 0.00278235 0.658494 18.9001 0 0
51.0414 44.1891 42.8506 0.752773 0.00323687 0.658273 19.1259 0 0
50.7565 45.1919 43.1772 0.753113 0.00362693 0.657881 19.3925 0 0
49.8941 45.3489 44.1348 0.753555 0.00380326 0.657374 19.7425 0 0
48.7724 45.1281 45.4169 0.753999 0.00366195 0.656865 19.9779 0 0
48.042 44.9039 46.2626 0.754331 0.00318145 0.656486 20.2048 0 0
47.3543 44.637 47.0603 0.754473 0.00243367 0.656327 20.3103 0 0
47.0402 44.5066 47.4259 0.75441 0.00156636 0.656401 20.4945 0 0
47.1855 45.3386 47.252 0.75419 0.000761404 0.656656 20.8168 0 0
48.1558 45.6815 46.13 0.75388 0.000180045 0.657012 21.0279 0 0
48.8084 45.8711 45.3791 0.753536 -8.49813e-05 0.657407 21.3378 0 0
49.7815 46.0789 44.2633 0.753188 -2.68603e-05 0.657806 21.6132 0 0
50.6766 46.1576 43.2672 0.752855 0.000296073 0.658187 21.845 0 0
51.3593 45.711 42.4907 0.75256 0.000800323 0.658523 22.1927 0 0
51.5522 44.0297 42.2564 0.752333 0.00140617 0.658781 22.4853 0 0
51.5579 42.5925 42.2505 0.752186 0.00204127 0.658948 22.8436 0 0
51.4052 40.8159 42.4454 0.752094 0.00262967 0.659051 23.1169 0 0
50.8023 39.8115 43.1347 0.751999 0.00308713 0.659157 23.3649 0 0
50.0386 39.4387 44.0032 0.751829 0.00333364 0.659349 23.5777 0 0
49.3853 39.1727 44.7467 0.751536 0.00331633 0.659684 23.8695 0 0
48.5034 38.8131 45.7572 0.751103 0.00302543 0.660178 24.0998 0 0
47.7939 38.6509 46.5794 0.750542 0.00249008 0.660818 24.3578 0 0
46.9972 38.6152 47.4967 0.749859 0.00175854 0.661595 24.5949 0 0
46.2676 38.6447 48.3223 0.74904 0.000879694 0.662524 24.8245 0 0
45.5647 38.7096 49.1108 0.748041 -9.9812e-05 0.663652 25.0638 0 0
44.8327 38.755 49.9306 0.746801 -0.00112573 0.665047 25.4267 0 0
43.7339 38.9675 51.1683 0.745259 -0.00212953 0.666771 25.7802 0 0
42.6859 39.2273 52.3538 0.743371 -0.00303658 0.668873 26.016 0 0
42.0125 39.4885 53.1167 0.7411 -0.00378531 0.671384 26.3431 0 0
41.0915 39.9095 54.1357 0.738421 -0.00434566 0.674327 26.577 0 0
40.428 40.2153 54.8683 0.735316 -0.00472905 0.677708 26.8324 0 0
39.693 40.4684 55.6735 0.731787 -0.00498554 0.681515 27.0986 0 0
38.9102 40.6187 56.5067 0.727852 -0.00518447 0.685715 27.4109 0 0
38.0036 40.3643 57.4587 0.723552 -0.00538075 0.690249 27.7214 0 0
37.1109 40.0636 58.4039 0.718967 -0.00558268 0.695022 28.0842 0 0
36.2124 39.2205 59.3143 0.714241 -0.00574449 0.699876 28.3793 0 0
35.5399 38.4202 59.9851 0.709611 -0.00579348 0.704569 28.7403 0 0
34.6291 37.6188 60.9022 0.705406 -0.00567454 0.708781 29.1029 0 0
33.5598 37.7043 61.9506 0.701999 -0.00538089 0.712158 29.4629 0 0
32.6844 38.5217 62.8113 0.699733 -0.00495209 0.714387 29.7715 0 0
32.1401 39.519 63.3347 0.698837 -0.00444582 0.715267 30.1907 0 0
31.9134 41.1739 63.5504 0.699367 -0.00390492 0.714752 30.5497 0 0
32.4065 42.4542 63.0871 0.701203 -0.00333988 0.712954 30.9675 0 0
33.6124 42.8541 61.9425 0.704106 -0.0027353 0.710089 31.2289 0 0
34.3741 42.6854 61.2047 0.707789 -0.00207357 0.706421 31.6541 0 0
35.5451 42.1651 60.0186 0.71197 -0.00135996 0.702209 31.9375 0 0
36.3435 41.8389 59.202 0.716393 -0.000634942 0.697697 32.3591 0 0
37.5623 41.6151 57.9289 0.720834 3.18117e-05 0.693108 32.6209 0 0
38.3184 41.8332 57.1252 0.725112 0.000563441 0.688631 33.0466 0 0
39.4896 42.534 55.8947 0.729105 0.000905053 0.684401 33.2811 0 0
40.1085 42.9759 55.2177 0.732761 0.00104588 0.680485 33.5363 0 0
40.8081 43.3873 54.4424 0.736086 0.00102121 0.676887 33.8019 0 0
41.5941 43.5206 53.5704 0.739118 0.000891251 0.673576 34.0572 0 0
42.3542 43.614 52.7244 0.741893 0.000708251 0.670518 34.2818 0 0
43.0277 43.6903 51.9748 0.744426 0.000489844 0.667705 34.5055 0 0
43.6922 43.8876 51.2399 0.746697 0.000212527 0.665165 34.8733 0 0
44.7538 44.3167 50.0405 0.74866 -0.000170328 0.662955 35.2997 0 0
45.9779 44.8804 48.64 0.750263 -0.000691539 0.661139 35.5207 0 0
46.636 45.116 47.892 0.751481 -0.00133293 0.659753 35.6829 0 0
46.5063 45.8421 48.0388 0.752331 -0.00201321 0.658782 35.9067 0 0
47.1714 46.06 47.2697 0.752865 -0.0026102 0.65817 36.1685 0 0
47.9565 46.3403 46.3627 0.753135 -0.00299914 0.657859 36.3839 0 0
48.6185 46.5492 45.6034 0.753163 -0.00308319 0.657827 36.6149 0 0
49.3357 46.7357 44.7808 0.752941 -0.0028109 0.658082 36.8683 0 0
50.1327 46.899 43.8753 0.752468 -0.00218878 0.658626 37.0791 0 0
50.813 46.9518 43.1184 0.751785 -0.00128796 0.659407 37.2903 0 0
51.4736 46.8135 42.3554 0.750989 -0.000233068 0.660314 37.6135 0 0
51.9673 45.4103 41.7833 0.750212 0.000832764 0.661197 37.83 0 0
52.0237 44.3301 41.7145 0.749588 0.0017921 0.661902 38.0477 0 0
52.0345 43.2457 41.7001 0.749215 0.00257973 0.662322 38.2521 0 0
52.0324 42.2127 41.718 0.749126 0.00317587 0.66242 38.5109 0 0
51.9655 40.9101 41.8103 0.749271 0.00357713 0.662253 38.7872 0 0
51.632 39.621 42.1999 0.749536 0.00377185 0.661952 38.9964 0 0
51.0416 39.0784 42.8671 0.749785 0.00373785 0.661671 39.2244 0 0
50.3237 38.7667 43.6815 0.749909 0.00345964 0.661532 39.5726 0 0
49.247 38.3156 44.9137 0.749854 0.00294874 0.661597 39.9328 0 0
48.15 37.9147 46.1781 0.749607 0.00224994 0.661879 40.16 0 0
47.4506 37.8297 46.9866 0.749168 0.00142751 0.662379 40.4527 0 0
46.545 37.8572 48.0106 0.748519 0.000541296 0.663113 40.6827 0 0
45.8372 37.888 48.8035 0.747626 -0.000368694 0.66412 41.0609 0 0
44.6775 38.021 50.102 0.746441 -0.00127947 0.66545 41.2996 0 0
43.9534 38.1367 50.9175 0.744923 -0.00217281 0.667147 41.7097 0 0
42.7359 38.4429 52.2952 0.743043 -0.00302614 0.669237 41.9591 0 0
42.023 38.6987 53.1028 0.740793 -0.00380968 0.671723 42.1901 0 0
41.3715 38.9947 53.8171 0.738181 -0.00448846 0.674588 42.4703 0 0
40.5819 39.3758 54.6894 0.735228 -0.00503288 0.677801 42.7203 0 0
39.8615 39.6369 55.4799 0.731949 -0.00543724 0.681337 43.0201 0 0
38.9775 39.7826 56.4262 0.728352 -0.00573157 0.685179 43.2604 0 0
38.2676 39.7136 57.1759 0.724435 -0.00596833 0.689317 43.7038 0 0
37.0266 39.097 58.4882 0.720192 -0.00618398 0.693747 43.953 0 0
36.4102 38.5171 59.1042 0.715624 -0.00636149 0.698457 44.2137 0 0
35.8026 37.8353 59.7197 0.710755 -0.00642597 0.703411 44.4983 0 0
35.1291 37.118 60.3962 0.705663 -0.0062827 0.70852 44.912 0 0
33.9431 36.696 61.5647 0.700525 -0.00587251 0.713603 45.2239 0 0
33.0996 37.1813 62.3892 0.695634 -0.00520676 0.718377 45.5257 0 0
32.3707 37.8647 63.1028 0.691373 -0.00436422 0.722485 45.7749 0 0
31.8669 38.598 63.5775 0.688144 -0.00346126 0.725566 46.0623 0 0
31.5166 39.6524 63.9142 0.68628 -0.00261701 0.727333 46.4015 0 0
31.3356 40.9943 64.0809 0.685971 -0.00192615 0.727627 46.6734 0 0
31.4783 42.0593 63.9402 0.687232 -0.00144211 0.726437 46.9842 0 0
32.0079 43.0941 63.4584 0.68991 -0.00117123 0.723894 47.2394 0 0
32.6812 43.566 62.8308 0.693728 -0.00107724 0.720236 47.5137 0 0
33.4936 43.6278 62.0577 0.69835 -0.00109443 0.715755 47.8122 0 0
34.3666 43.4471 61.2137 0.703446 -0.0011465 0.710748 48.17 0 0
35.3591 43.0212 60.2117 0.708732 -0.00116663 0.705477 48.4745 0 0
36.2127 42.6406 59.3373 0.713977 -0.00111234 0.700168 48.7532 0 0
37.0232 42.4314 58.5056 0.719002 -0.00097008 0.695007 49.0831 0 0
37.9774 42.5301 57.4897 0.723675 -0.000750375 0.690141 49.4109 0 0
38.8929 42.9897 56.5189 0.727921 -0.000478781 0.685661 49.6732 0 0
39.5938 43.4928 55.7779 0.731726 -0.000186669 0.681599 49.9845 0 0
40.4176 44.085 54.8704 0.73512 9.8851e-05 0.677937 50.2382 0 0
41.1574 44.3045 54.0509 0.738155 0.00036484 0.674631 50.616 0 0
42.2896 44.3496 52.7951 0.740875 0.000614479 0.671643 50.8418 0 0
42.9645 44.4446 52.044 0.743304 0.000855403 0.668953 51.1352 0 0
43.8388 44.6883 51.079 0.745444 0.00108229 0.666567 51.4009 0 0
44.5974 45.0135 50.2176 0.747277 0.00126778 0.664512 51.6721 0 0
45.3726 45.381 49.3277 0.748778 0.0013662 0.66282 52.0419 0 0
46.4636 45.826 48.0879 0.749931 0.00132577 0.661514 52.0496 0 0
46.4865 45.8341 48.0619 0.750748 0.0011067 0.660588 52.2215 0 0
46.587 46.6163 47.9382 0.751266 0.000702723 0.659999 52.5368 0 0
47.5316 46.9199 46.8499 0.751538 0.000156028 0.659689 52.7503 0 0
48.183 47.1465 46.1075 0.751604 -0.000444655 0.659615 52.9762 0 0
48.8761 47.3656 45.3131 0.751476 -0.000981029 0.65976 53.2319 0 0
49.6718 47.5642 44.4094 0.751151 -0.00132924 0.660129 53.4896 0 0
50.476 47.7034 43.4971 0.75063 -0.00138789 0.660722 53.7429 0 0
51.2724 47.7606 42.5825 0.749937 -0.00110628 0.661509 53.9572 0 0
51.929 47.4537 41.8237 0.74913 -0.000501083 0.662422 54.255 0 0
52.3934 46.1387 41.3014 0.748295 0.000348976 0.663366 54.4717 0 0
52.4897 45.0638 41.1955 0.747532 0.00132717 0.664225 54.6911 0 0
52.5117 43.9714 41.1663 0.746941 0.00230954 0.664886 54.9078 0 0
52.5145 42.8856 41.172 0.746614 0.00319122 0.66525 55.11 0 0
52.5131 41.8668 41.1895 0.746611 0.00390151 0.665249 55.3328 0 0
52.4713 40.7493 41.2476 0.746936 0.00440439 0.664881 55.5953 0 0
52.2389 39.478 41.5171 0.747514 0.00468825 0.664229 55.8326 0 0
51.6866 38.622 42.1446 0.748203 0.00475401 0.663453 56.0484 0 0
51.0136 38.2416 42.9015 0.74883 0.00460778 0.662746 56.3413 0 0
50.0788 37.8866 43.9648 0.749259 0.00425802 0.662264 56.5769 0 0
49.3591 37.5583 44.7907 0.749421 0.00371644 0.662083 56.8579 0 0
48.5058 37.2007 45.7739 0.749319 0.0030032 0.662202 57.1388 0 0
47.6369 37.0438 46.7778 0.748984 0.00215335 0.662585 57.3542 0 0
46.9672 37.042 47.5337 0.748436 0.0012177 0.663206 57.6667 0 0
46.0006 37.0949 48.6205 0.747661 0.000255745 0.664081 57.9601 0 0
45.0986 37.2139 49.6271 0.746616 -0.000674231 0.665255 58.2042 0 0
44.3539 37.3299 50.4629 0.745256 -0.00152214 0.666777 58.5064 0 0
43.4435 37.5189 51.485 0.743554 -0.00224796 0.668672 58.7763 0 0
42.6457 37.7126 52.3907 0.741511 -0.00282222 0.670934 59.1996 0 0
41.4303 38.1778 53.7505 0.739145 -0.00323265 0.673539 59.4412 0 0
40.7523 38.5199 54.4926 0.736464 -0.00349842 0.676468 59.6869 0 0
40.0475 38.8128 55.2667 0.733458 -0.00368086 0.679725 59.9758 0 0
39.1993 38.9843 56.1865 0.730104 -0.00387426 0.683325 60.2889 0 0
38.2725 38.9348 57.1672 0.726388 -0.00417171 0.687272 60.5258 0 0
37.5986 38.656 57.88 0.722324 -0.00461994 0.691539 60.7915 0 0
36.9047 38.1185 58.597 0.717956 -0.00518789 0.696069 61.0887 0 0
36.1999 37.3673 59.3144 0.713345 -0.00576599 0.70079 61.4118 0 0
35.4708 36.4883 60.0448 0.708549 -0.00619882 0.705634 61.7772 0 0
34.476 35.8988 61.0365 0.703636 -0.00634354 0.710532 62.0358 0 0
33.7179 35.9403 61.7727 0.698698 -0.00613069 0.715391 62.303 0 0
33.002 36.3707 62.4697 0.693892 -0.00559157 0.720057 62.5935 0 0
32.2864 36.996 63.1694 0.689467 -0.00483306 0.724301 62.8708 0 0
31.6663 37.7198 63.762 0.685748 -0.00398068 0.727828 63.1893 0 0
31.1438 38.7784 64.2517 0.683079 -0.00313256 0.730337 63.4435 0 0
30.9038 39.7464 64.4724 0.681744 -0.00235068 0.731587 63.8167 0 0
30.749 41.2267 64.6019 0.681892 -0.00167915 0.731451 64.1786 0 0
31.0058 42.6299 64.3564 0.683517 -0.00115962 0.729933 64.433 0 0
31.4557 43.4843 63.9686 0.686471 -0.000826636 0.727157 64.8042 0 0
32.3614 44.3135 63.1277 0.690495 -0.000689973 0.723337 65.0988 0 0
33.2293 44.4447 62.3119 0.695268 -0.000722401 0.71875 65.4699 0 0
34.3079 44.2339 61.2673 0.700466 -0.000863559 0.713685 65.7193 0 0
35.0167 43.9791 60.5615 0.705807 -0.00103775 0.708404 65.961 0 0
35.6873 43.6327 59.8851 0.71108 -0.00117469 0.703111 66.2008 0 0
36.3555 43.3289 59.1951 0.716139 -0.00122152 0.697956 66.4592 0 0
37.1097 43.1797 58.4151 0.720893 -0.00114328 0.693045 66.8462 0 0
38.2247 43.4356 57.2292 0.725289 -0.000920124 0.688443 67.1228 0 0
38.9797 43.8973 56.43 0.729313 -0.000550653 0.68418 67.3826 0 0
39.6602 44.4281 55.706 0.732978 -5.78106e-05 0.680252 67.7696 0 0
40.7187 45.0348 54.5367 0.736312 0.000514031 0.676641 68.0989 0 0
41.7011 45.0835 53.4483 0.739342 0.00111169 0.673329 68.3594 0 0
42.482 45.102 52.5804 0.742078 0.00168347 0.670311 68.6365 0 0
43.3119 45.2428 51.659 0.744509 0.00218007 0.667609 68.867 0 0
43.9896 45.4869 50.9059 0.746612 0.00255401 0.665255 69.1509 0 0
44.789 45.894 49.9937 0.748361 0.00276648 0.663286 69.4196 0 0
45.5639 46.2621 49.1101 0.749745 0.00279634 0.661721 69.6279 0 0
46.181 46.4966 48.4089 0.750773 0.00264127 0.660555 69.787 0 0
46.047 47.2056 48.5572 0.751481 0.00231391 0.659751 70.0056 0 0
46.6959 47.3871 47.805 0.751921 0.00184435 0.65925 70.3536 0 0
47.7495 47.7274 46.6042 0.752146 0.00128875 0.658996 70.5737 0 0
48.4187 47.9637 45.8398 0.752184 0.000730771 0.658952 70.8112 0 0
49.1436 48.2008 45.0052 0.752038 0.000268523 0.659119 71.0472 0 0
49.8808 48.3806 44.1702 0.751692 -6.57761e-06 0.659514 71.2632 0 0
50.5631 48.5027 43.4023 0.751137 -3.10584e-05 0.660146 71.5112 0 0
51.345 48.5563 42.5063 0.750394 0.000213395 0.660991 71.8147 0 0
52.2802 48.1048 41.4271 0.749525 0.000693244 0.661975 72.0363 0 0
52.7552 47.2517 40.8902 0.748624 0.00133434 0.662993 72.3269 0 0
52.9411 45.8248 40.6858 0.747792 0.00204734 0.66393 72.5459 0 0
52.9812 44.7339 40.6437 0.747114 0.00275182 0.664691 72.7701 0 0
52.9899 43.6127 40.6397 0.746649 0.00338715 0.66521 72.9895 0 0
52.9904 42.5189 40.6487 0.746433 0.00391195 0.665449 73.1948 0 0
52.9933 41.4937 40.6576 0.746482 0.00429948 0.665392 73.4443 0 0
52.9484 40.2457 40.7194 0.746784 0.00453264 0.665051 73.6962 0 0
52.7381 39.0158 40.9587 0.747292 0.00460026 0.66448 73.9031 0 0
52.2844 38.2253 41.4813 0.74791 0.00449855 0.663785 74.1214 0 0
51.6502 37.6944 42.198 0.748516 0.00423742 0.663104 74.3705 0 0
50.8531 37.3819 43.0878 0.748988 0.0038428 0.662572 74.6208 0 0
50.0594 37.086 43.9915 0.749248 0.00334843 0.662281 74.9494 0 0
49.0631 36.5881 45.1348 0.749274 0.00278209 0.662254 75.1675 0 0
48.3955 36.3341 45.907 0.749094 0.00215682 0.66246 75.5489 0 0
47.2031 36.2458 47.269 0.748741 0.0014725 0.662861 75.8001 0 0
46.4267 36.2648 48.1441 0.748221 0.000725248 0.663449 76.0253 0 0
45.7358 36.3543 48.9176 0.747505 -8.13625e-05 0.664256 76.3304 0 0
44.8027 36.5029 49.9614 0.746545 -0.000929232 0.665334 76.561 0 0
44.1019 36.6402 50.7412 0.745289 -0.00178673 0.666739 76.8693 0 0
43.1725 36.8371 51.7843 0.743699 -0.00261867 0.668509 77.1472 0 0
42.3555 37.0442 52.7172 0.741751 -0.00339989 0.670666 77.3932 0 0
41.6485 37.291 53.5044 0.739437 -0.00412167 0.673213 77.6384 0 0
40.9596 37.6263 54.2585 0.736751 -0.00478474 0.676147 77.8858 0 0
40.2595 37.966 55.0272 0.73369 -0.005387 0.679463 78.1287 0 0
39.5562 38.1794 55.7988 0.73025 -0.00592052 0.683154 78.5521 0 0
38.3005 38.1638 57.1339 0.726443 -0.00637811 0.687197 78.8075 0 0
37.5773 37.8436 57.8945 0.722306 -0.00675487 0.691541 79.0772 0 0
36.9142 37.2086 58.5796 0.717896 -0.00703742 0.696114 79.344 0 0
36.2945 36.512 59.2126 0.713278 -0.00718985 0.700845 79.7144 0 0
35.4157 35.583 60.089 0.708498 -0.00715062 0.705677 80.0232 0 0
34.573 35.1057 60.9325 0.703588 -0.00685076 0.710575 80.3085 0 0
33.7382 35.1376 61.7432 0.698595 -0.00625286 0.71549 80.6382 0 0
32.8354 35.6094 62.6181 0.693621 -0.00538817 0.72032 80.9032 0 0
32.1815 36.1799 63.2569 0.688851 -0.00435936 0.72489 81.1784 0 0
31.5356 36.8384 63.8818 0.684551 -0.00330258 0.728957 81.4528 0 0
30.9798 37.6309 64.3989 0.681027 -0.00233729 0.732254 81.8384 0 0
30.4666 39.005 64.8668 0.678574 -0.00153764 0.73453 82.1415 0 0
30.2616 40.1885 65.0567 0.677432 -0.000934901 0.735585 82.4414 0 0
30.1624 41.3729 65.1204 0.677745 -0.000535957 0.735297 82.8689 0 0
30.4882 43.0283 64.8308 0.679537 -0.000336998 0.733641 83.1699 0 0
31.027 44.0117 64.3595 0.682703 -0.000323071 0.730696 83.4651 0 0
31.6937 44.7593 63.7464 0.687021 -0.000458855 0.726638 83.9202 0 0
32.979 45.2736 62.5538 0.692184 -0.00068337 0.721721 84.3045 0 0
34.0864 45.0784 61.4787 0.69786 -0.000918709 0.716234 84.5934 0 0
34.9202 44.8134 60.654 0.703741 -0.00109187 0.710456 84.8629 0 0
35.6716 44.4161 59.9063 0.709577 -0.00115663 0.704627 85.1066 0 0
36.3398 44.0757 59.2161 0.715175 -0.00109969 0.698945 85.4763 0 0
37.4224 43.9614 58.0856 0.720399 -0.000928072 0.693559 85.7733 0 0
38.2698 44.2863 57.1839 0.72516 -0.00065203 0.688581 86.1617 0 0
39.2945 45.0416 56.0976 0.729418 -0.00028061 0.684068 86.4298 0 0
39.9813 45.5985 55.3485 0.733179 0.000169702 0.680036 86.8661 0 0
41.2477 45.901 53.9507 0.736474 0.000667913 0.676465 87.1096 0 0
41.9766 45.8248 53.1426 0.739342 0.00117392 0.673329 87.3407 0 0
42.6707 45.8378 52.3704 0.741801 0.00165136 0.670618 87.575 0 0
43.3703 45.9911 51.5923 0.743844 0.00207448 0.66835 87.8359 0 0
44.1196 46.3337 50.7477 0.745443 0.00242282 0.666565 88.0581 0 0
44.7501 46.6705 50.0294 0.746572 0.00267057 0.665299 88.3036 0 0
45.4682 46.9917 49.2187 0.747219 0.00278237 0.664572 88.4411 0 0
45.8718 47.1569 48.76 0.747396 0.00272185 0.664373 88.6085 0 0
45.6245 47.8308 49.0401 0.747126 0.00246767 0.664678 88.9255 0 0
44.6941 47.4218 50.0877 0.746426 0.00202633 0.665465 89.1869 0 0
43.9403 47.0395 50.944 0.745295 0.00143369 0.666733 89.5403 0 0
42.9085 46.6021 52.1057 0.743707 0.000745981 0.668505 89.7734 0 0
42.2065 46.5333 52.8866 0.741618 2.703e-05 0.670823 90.1592 0 0
41.0506 46.7023 54.1704 0.738973 -0.00066118 0.673734 90.3886 0 0
40.3646 46.678 54.9341 0.735722 -0.00126329 0.677283 90.762 0 0
39.3437 45.9983 56.043 0.731821 -0.00173311 0.681495 91.0028 0 0
38.7282 45.4684 56.7006 0.727256 -0.00203591 0.686363 91.4032 0 0
37.646 44.7634 57.8502 0.72206 -0.00215476 0.691827 91.8143 0 0
36.4193 44.7884 59.1383 0.716333 -0.00210461 0.697756 92.0754 0 0
35.6995 45.1824 59.8812 0.710237 -0.00194151 0.70396 92.337 0 0
34.9924 45.6179 60.5872 0.703973 -0.00174159 0.710225 92.7099 0 0
33.9035 45.9599 61.6573 0.697739 -0.00155091 0.716351 92.9994 0 0
33.0473 46.0995 62.4902 0.691715 -0.00134788 0.722169 93.2661 0 0
32.265 45.9161 63.2157 0.686078 -0.00105732 0.727527 93.5397 0 0
31.5034 45.4993 63.9166 0.681027 -0.000610262 0.732258 93.8002 0 0
30.8576 44.9073 64.5104 0.676793 -7.54345e-06 0.736173 94.0756 0 0
30.3069 44.0962 65.0161 0.673615 0.000653647 0.739082 94.3645 0 0
29.8611 43.1126 65.3895 0.671688 0.00120547 0.740833 94.7233 0 0
29.5842 41.7209 65.6246 0.671111 0.00147206 0.741355 95.0655 0 0
29.6283 40.3537 65.6015 0.671861 0.00133496 0.740676 95.3374 0 0
29.787 39.2985 65.4827 0.673803 0.000770267 0.738911 95.6162 0 0
30.0597 38.2563 65.2349 0.676738 -0.000154486 0.736224 95.8774 0 0
30.4321 37.3434 64.907 0.680449 -0.00131443 0.732794 96.3133 0 0
31.3159 36.0993 64.0834 0.684735 -0.00257087 0.728788 96.6344 0 0
32.0785 35.3857 63.3441 0.689416 -0.00380393 0.724355 96.8858 0 0
32.6951 34.8473 62.7442 0.694332 -0.00492575 0.719638 97.3486 0 0
33.9853 34.2827 61.4992 0.699337 -0.00587835 0.714768 97.5985 0 0
34.7062 34.3496 60.7919 0.704307 -0.00662645 0.709864 97.8647 0 0
35.4458 34.6456 60.0508 0.70915 -0.00715166 0.705021 98.1818 0 0
36.2191 35.3667 59.2712 0.713807 -0.00744818 0.700303 98.5106 0 0
36.9459 36.2849 58.5352 0.718256 -0.0075181 0.695738 98.8122 0 0
37.6412 37.086 57.8179 0.722491 -0.00736663 0.691341 99.0625 0 0
38.3474 37.3798 57.0745 0.726486 -0.00700091 0.687145 99.3846 0 0
39.2994 37.4402 56.0643 0.730183 -0.00643662 0.683221 99.6889 0 0
40.1815 37.2369 55.1062 0.733504 -0.0057111 0.679661 99.919 0 0
40.8221 36.9079 54.4016 0.736391 -0.00489006 0.676538 100.154 0 0
41.4868 36.5789 53.6746 0.738844 -0.00405301 0.673864 100.533 0 0
42.5787 36.2279 52.4586 0.740921 -0.00325992 0.671585 100.761 0 0
43.2425 36.0877 51.703 0.742717 -0.00252233 0.669601 101.073 0 0
44.1749 35.8751 50.6584 0.744314 -0.00180427 0.667827 101.303 0 0
44.872 35.7295 49.8853 0.745744 -0.00105663 0.666232 101.536 0 0
45.5805 35.6266 49.0932 0.746972 -0.000261036 0.664855 101.926 0 0
46.7619 35.4185 47.7597 0.747937 0.000549422 0.66377 102.192 0 0
47.5854 35.4599 46.8326 0.748595 0.00130668 0.663026 102.418 0 0
48.2842 35.4843 46.04 0.748966 0.00194754 0.662606 102.659 0 0
49.0094 35.7175 45.2014 0.74913 0.00244975 0.662419 102.954 0 0
49.894 36.1764 44.1899 0.749213 0.00284207 0.662323 103.194 0 0
50.6267 36.5285 43.3514 0.749348 0.00318097 0.662169 103.5 0 0
51.5996 36.8393 42.2561 0.74963 0.00350792 0.661848 103.732 0 0
52.3076 37.274 41.4689 0.750084 0.00381813 0.661331 103.945 0 0
52.8563 37.916 40.8405 0.750662 0.00406297 0.660674 104.212 0 0
53.347 39.0237 40.2762 0.751268 0.00417829 0.659985 104.513 0 0
53.4688 40.533 40.1294 0.751811 0.0041137 0.659366 104.711 0 0
53.465 41.5327 40.1231 0.752241 0.00384852 0.658877 104.927 0 0
53.455 42.6179 40.1164 0.752546 0.00339775 0.658531 105.152 0 0
53.4505 43.7519 40.1119 0.752737 0.00281321 0.658316 105.381 0 0
53.4525 44.903 40.112 0.752835 0.00217528 0.658206 105.596 0 0
53.4388 45.9744 40.1252 0.752866 0.00157042 0.658172 105.946 0 0
53.233 47.6977 40.3465 0.752864 0.00106447 0.658175 106.255 0 0
52.5767 48.8818 41.0943 0.752866 0.000688919 0.658173 106.488 0 0
51.8528 49.2892 41.9281 0.752901 0.000443894 0.658133 106.769 0 0
50.9305 49.3421 42.9845 0.752982 0.000306831 0.658041 107.061 0 0
49.9887 49.1802 44.0494 0.753096 0.000240648 0.65791 107.31 0 0
49.2034 48.9886 44.9363 0.753218 0.000205589 0.657771 107.681 0 0
48.0725 48.577 46.2379 0.753322 0.000173993 0.657652 107.93 0 0
47.3096 48.3029 47.1039 0.753384 0.000136426 0.657581 108.293 0 0
46.1977 47.9922 48.3769 0.753382 9.15211e-05 0.657583 108.335 0 0
46.0723 47.9545 48.5218 0.753293 2.86558e-05 0.657685 108.524 0 0
45.7229 48.6587 48.9235 0.753117 -7.76845e-05 0.657886 108.887 0 0
46.8058 48.9312 47.6818 0.752888 -0.00025149 0.658149 109.112 0 0
47.4964 49.1346 46.9007 0.752669 -0.000485769 0.658399 109.335 0 0
48.163 49.4112 46.1283 0.752522 -0.000724792 0.658567 109.56 0 0
48.8479 49.6613 45.3385 0.752471 -0.000881268 0.658625 109.778 0 0
49.526 49.9014 44.5701 0.752497 -0.000884337 0.658595 110.094 0 0
50.5275 50.1106 43.445 0.752562 -0.000718648 0.658521 110.343 0 0
51.3146 50.3295 42.5515 0.75264 -0.000415719 0.658432 110.648 0 0
52.2776 49.9682 41.4416 0.752735 -7.95119e-06 0.658324 110.867 0 0
52.9444 49.5598 40.6718 0.752859 0.000503276 0.658181 111.127 0 0
53.5689 48.6445 39.9551 0.753015 0.00113237 0.658002 111.361 0 0
53.9452 47.6075 39.5342 0.753175 0.00186605 0.657817 111.624 0 0
54.0188 46.2874 39.4713 0.753294 0.00263534 0.657679 111.861 0 0
54.0148 45.1051 39.4699 0.753321 0.0033276 0.657644 112.11 0 0
54.0051 43.8504 39.4627 0.753219 0.00383134 0.657759 112.339 0 0
54.0246 42.6747 39.4563 0.75297 0.00408563 0.658042 112.561 0 0
54.0422 41.539 39.4628 0.75259 0.00410366 0.658477 112.772 0 0
54.0867 40.4737 39.4265 0.752127 0.00395691 0.659006 112.975 0 0
54.0206 39.3936 39.5074 0.751656 0.00373138 0.659545 113.33 0 0
53.5063 37.7605 40.1003 0.751248 0.00348314 0.66001 113.533 0 0
53.0087 37.068 40.6718 0.750944 0.00321855 0.660358 113.74 0 0
52.4287 36.5223 41.3303 0.750737 0.0029103 0.660595 114.037 0 0
51.5416 35.9088 42.319 0.750582 0.00253799 0.660772 114.312 0 0
50.6554 35.7248 43.3294 0.750422 0.00212051 0.660956 114.578 0 0
49.8727 35.2286 44.2234 0.750204 0.00170794 0.661204 114.788 0 0
49.2159 35.0039 44.9664 0.749892 0.00133618 0.661559 114.995 0 0
48.6082 34.645 45.6728 0.749463 0.000985732 0.662046 115.237 0 0
47.8539 34.6463 46.5269 0.748894 0.000584543 0.66269 115.475 0 0
47.1143 34.6024 47.3562 0.748158 5.31541e-05 0.66352 115.834 0 0
46.0065 34.7208 48.6145 0.747224 -0.000646363 0.664572 116.125 0 0
45.1351 34.9443 49.5958 0.746058 -0.00149377 0.66588 116.468 0 0
44.086 35.0698 50.7622 0.744627 -0.00243052 0.667477 116.839 0 0
42.968 35.3234 52.0122 0.742914 -0.00339364 0.669378 117.085 0 0
42.2407 35.4388 52.8394 0.740926 -0.00433825 0.671573 117.392 0 0
41.3412 35.6862 53.8228 0.738691 -0.00523819 0.674023 117.651 0 0
40.614 36.0693 54.6228 0.736252 -0.00607143 0.67668 117.883 0 0
39.9653 36.4158 55.3367 0.733639 -0.00680684 0.679506 118.187 0 0
39.0941 36.7551 56.2739 0.730852 -0.00740443 0.682496 118.418 0 0
38.4171 36.5577 56.9902 0.727862 -0.00782793 0.685678 118.661 0 0
37.7139 36.304 57.7305 0.72463 -0.00805927 0.689092 118.918 0 0
37.1493 35.5593 58.3148 0.721136 -0.00810583 0.692746 119.173 0 0
36.6636 34.7242 58.803 0.717408 -0.0079967 0.696607 119.412 0 0
36.075 34.1716 59.407 0.713497 -0.00776784 0.700615 119.652 0 0
35.4018 33.8671 60.0888 0.709442 -0.0074417 0.704725 119.923 0 0
34.6788 33.404 60.8066 0.70522 -0.00701305 0.708954 120.181 0 0
33.9262 33.4329 61.5467 0.70075 -0.00644895 0.713378 120.425 0 0
33.2438 33.7039 62.209 0.695937 -0.00570324 0.71808 120.688 0 0
32.5084 33.9939 62.9171 0.690746 -0.00474447 0.723082 120.982 0 0
31.7673 34.5848 63.6335 0.685261 -0.00359309 0.728289 121.257 0 0
31.1653 35.3036 64.2204 0.679689 -0.00234447 0.733496 121.51 0 0
30.5822 35.9145 64.7641 0.67433 -0.00114884 0.738429 121.815 0 0
29.9695 36.7967 65.3267 0.669519 -0.000151336 0.742795 122.079 0 0
29.5643 37.6914 65.684 0.665577 0.000565117 0.746329 122.384 0 0
29.2841 38.8371 65.925 0.662772 0.000995594 0.748821 122.785 0 0
28.8979 40.3358 66.2311 0.661297 0.00118864 0.750123 123.041 0 0
29.0254 41.3225 66.1125 0.661257 0.00121023 0.750158 123.42 0 0
29.1762 42.8097 65.9778 0.662671 0.00112053 0.74891 123.69 0 0
29.4557 43.8362 65.7486 0.665473 0.00096801 0.746421 124.087 0 0
30.1823 45.104 65.118 0.669527 0.000790668 0.742787 124.413 0 0
30.8783 45.9994 64.4824 0.67464 0.00061357 0.738147 124.67 0 0
31.5709 46.4746 63.8566 0.680572 0.000442156 0.732681 124.948 0 0
32.374 46.7867 63.1171 0.687048 0.000260693 0.726612 125.31 0 0
33.4442 46.8939 62.1045 0.69378 4.28486e-05 0.720187 125.609 0 0
34.3094 46.652 61.2627 0.700499 -0.000229546 0.713653 126.057 0 0
35.5523 46.0212 60.0322 0.70699 -0.00054999 0.707223 126.33 0 0
36.2841 45.5784 59.2813 0.7131 -0.000880656 0.701062 126.658 0 0
37.2289 45.3847 58.2979 0.718733 -0.00115729 0.695285 127.01 0 0
38.0485 45.9412 57.4285 0.72384 -0.0013049 0.689967 127.267 0 0
38.7254 46.3802 56.709 0.7284 -0.00126166 0.68515 127.579 0 0
39.4849 47.1398 55.8973 0.732414 -0.00100236 0.680859 127.813 0 0
40.0916 47.6409 55.2403 0.735888 -0.000549168 0.677103 128.074 0 0
40.8439 47.4484 54.4032 0.738838 3.72183e-05 0.673883 128.392 0 0
41.7931 47.5497 53.347 0.741296 0.000680795 0.671178 128.633 0 0
42.5048 47.3647 52.554 0.743311 0.00131577 0.668944 128.916 0 0
43.3454 47.5273 51.6128 0.74496 0.00190365 0.667107 129.202 0 0
44.1594 47.9204 50.6866 0.746337 0.00243734 0.665563 129.512 0 0
45.019 48.5197 49.7179 0.747556 0.00293388 0.664192 129.692 0 0
45.5626 48.6279 49.1052 0.748731 0.00342068 0.662862 129.692 0 0
47.7385 42.5403 46.6359 0.752407 0.000612104 0.658698 129.989 1 0
48.6397 42.7998 45.6033 0.752766 0.000472904 0.658288 130.244 0 0
49.426 42.7276 44.6919 0.753023 0.000319788 0.657995 130.439 0 0
48.97 42.1049 45.223 0.753175 0.000152691 0.657821 130.667 0 0
48.2616 42.0591 46.0368 0.753258 -2.36155e-05 0.657725 130.816 0 0
47.8292 41.806 46.533 0.753322 -0.000202312 0.65765 130.816 0 0
36.7249 41.0237 58.8061 0.713426 -0.0043335 0.700713 131.158 1 0
36.0463 39.9519 59.4912 0.710068 -0.00455194 0.704118 131.59 0 0
35.0585 38.7874 60.4728 0.707004 -0.00469467 0.707194 131.838 0 0
34.3939 38.3494 61.1431 0.704502 -0.00476785 0.709686 132.155 0 0
33.4791 38.633 62.0401 0.702803 -0.00480982 0.711369 132.479 0 0
32.7831 39.5291 62.7247 0.702015 -0.00487064 0.712145 132.768 0 0
32.4963 40.6387 62.9982 0.702056 -0.00498809 0.712104 133.152 0 0
33.0671 41.9948 62.4671 0.70266 -0.0051715 0.711507 133.483 0 0
34.0325 42.0167 61.5328 0.70346 -0.00540254 0.710714 133.799 0 0
34.9253 41.7058 60.6434 0.704119 -0.00565164 0.71006 134.069 0 0
35.6622 41.3083 59.8918 0.704433 -0.00589838 0.709746 134.298 0 0
36.3145 41.0722 59.2252 0.704391 -0.00614239 0.709785 134.632 0 0
35.4262 40.458 60.1234 0.704131 -0.00639937 0.710041 134.985 0 0
34.5113 41.1534 61.0579 0.703841 -0.00668651 0.710326 135.263 0 0
33.7062 41.3441 61.8452 0.70365 -0.00700785 0.710512 135.559 0 0
33.118 40.4452 62.4086 0.703583 -0.00734959 0.710575 135.815 0 0
33.4755 39.5281 62.0528 0.703587 -0.00768772 0.710567 136.065 0 0
34.1501 39.12 61.3924 0.703604 -0.00800096 0.710547 136.336 0 0
34.9094 39.4309 60.631 0.703609 -0.00827926 0.71054 136.615 0 0
35.5024 40.242 60.043 0.703613 -0.00852402 0.710532 136.938 0 0
34.5544 40.0646 60.9985 0.703641 -0.00874287 0.710502 137.182 0 0
33.9364 40.5801 61.6159 0.703702 -0.00894456 0.710439 137.301 0 0
33.9865 40.0972 61.5621 0.703786 -0.00913687 0.710353 137.398 0 0
34.2486 39.9391 61.3057 0.703841 -0.0093264 0.710224 137.398 0 0
