18.8498 7.26799 73.6241 0.545979 -0.0154156 0.837657 0 1 0
19.4129 7.84887 73.2602 0.547204 -0.0149607 0.836865 0.759533 0 0
19.6284 6.36861 73.0889 0.548448 -0.0147449 0.836055 1.01573 0 0
18.9933 6.63568 73.5185 0.549717 -0.0146733 0.835222 1.23683 0 0
18.5419 6.20827 73.8153 0.550942 -0.014571 0.834416 1.7034 0 0
18.3588 7.63775 73.9505 0.551976 -0.0143196 0.833737 2.08442 0 0
18.89 8.63838 73.6242 0.552662 -0.0139436 0.833289 2.47644 0 0
19.8923 8.42432 72.9514 0.552933 -0.0136027 0.833114 2.99597 0 0
20.5527 6.96146 72.4689 0.552897 -0.0135012 0.83314 3.33721 0 0
20.2521 5.93758 72.6576 0.55284 -0.0137608 0.833174 3.93093 0 0
18.6756 5.89531 73.7263 0.553118 -0.0143302 0.832979 4.16179 0 0
18.1594 5.52294 74.0582 0.553979 -0.0149908 0.832395 4.76041 0 0
17.6965 7.26669 74.3731 0.555403 -0.0154655 0.831437 5.33391 0 0
18.1927 8.89053 74.0882 0.557088 -0.0155643 0.830307 5.7688 0 0
19.2162 9.43909 73.4337 0.558588 -0.0152709 0.829304 6.15843 0 0
20.1668 9.01305 72.7923 0.559537 -0.0147119 0.828675 6.47579 0 0
20.7402 8.31104 72.362 0.559832 -0.0140465 0.828487 6.97604 0 0
21.1356 6.78959 72.0537 0.559687 -0.0133719 0.828596 7.53483 0 0
20.4613 5.18393 72.5139 0.559536 -0.0127129 0.828709 8.12458 0 0
18.9193 4.86193 73.5578 0.559841 -0.0120825 0.828512 8.15542 0 0
18.846 4.90137 73.6067 0.560901 -0.0115449 0.827803 8.3884 0 0
18.4226 4.36867 73.8669 0.562703 -0.0112237 0.826583 8.7672 0 0
19.3787 4.07654 73.2317 0.564889 -0.0112527 0.82509 9.13036 0 0
20.3189 4.33013 72.6105 0.566821 -0.0117105 0.823758 9.48444 0 0
21.0967 4.94901 72.0703 0.567745 -0.0125776 0.823109 9.9617 0 0
21.6425 6.34578 71.6854 0.566995 -0.0137328 0.823607 10.354 0 0
21.6125 7.62795 71.7155 0.564188 -0.0149859 0.82551 10.7042 0 0
21.2228 8.65375 72.0223 0.559376 -0.0161445 0.828757 11.0522 0 0
20.6188 9.47714 72.4837 0.553069 -0.0170919 0.83296 11.5946 0 0
19.3644 10.247 73.3598 0.546133 -0.0178257 0.837509 12.0297 0 0
18.2494 9.91133 74.0751 0.539558 -0.0184141 0.841747 12.5276 0 0
17.4421 8.70263 74.5725 0.534244 -0.0188921 0.845119 12.9335 0 0
17.1269 7.55361 74.7153 0.530849 -0.0191821 0.847249 13.2908 0 0
17.1577 6.47654 74.6787 0.529741 -0.0191094 0.847944 13.7108 0 0
17.5676 5.29764 74.4265 0.531001 -0.018501 0.847169 13.8902 0 0
17.8789 4.90149 74.2293 0.534454 -0.0172983 0.84502 14.1245 0 0
17.4455 4.39693 74.4822 0.539721 -0.0156135 0.841699 14.5653 0 0
18.3578 3.61959 73.8828 0.546276 -0.0137043 0.837493 14.9183 0 0
19.2674 3.33574 73.2944 0.553501 -0.0118864 0.832763 15.2579 0 0
20.1634 3.52974 72.7203 0.560716 -0.0104264 0.827943 15.6418 0 0
21.075 4.02511 72.0829 0.567199 -0.00946056 0.823526 15.9733 0 0
21.719 4.76385 71.6278 0.572231 -0.00896199 0.820044 16.5267 0 0
22.2567 6.43002 71.243 0.57516 -0.00877497 0.817994 16.8612 0 0
22.2061 7.53103 71.2802 0.575511 -0.00871007 0.817747 17.2572 0 0
21.8518 8.74641 71.5645 0.573087 -0.00865146 0.819449 17.5736 0 0
21.3569 9.56087 71.9479 0.568039 -0.0086018 0.822957 17.9011 0 0
20.7148 10.2371 72.4281 0.560864 -0.00863834 0.827863 18.2434 0 0
19.9602 10.783 72.9818 0.552334 -0.00883042 0.833576 18.6965 0 0
18.7824 10.9507 73.7526 0.543353 -0.00918658 0.839454 19.0732 0 0
17.8596 10.5037 74.324 0.534773 -0.00965475 0.844941 19.4029 0 0
17.2602 9.76849 74.6996 0.527218 -0.0101573 0.84967 19.7932 0 0
16.7941 8.73121 74.9431 0.520991 -0.0106354 0.853496 20.1608 0 0
16.5347 7.66454 75.059 0.516085 -0.0110791 0.856466 20.5433 0 0
16.5401 6.50926 75.033 0.51229 -0.0115227 0.858735 20.8862 0 0
16.7737 5.50925 74.8853 0.509348 -0.0120041 0.860477 21.2556 0 0
17.2867 4.55662 74.5863 0.507093 -0.012525 0.8618 21.4912 0 0
16.8947 4.007 74.8112 0.505563 -0.0130422 0.862691 21.8465 0 0
16.3443 4.87762 75.1312 0.505046 -0.01349 0.862987 22.2713 0 0
16.0156 6.08578 75.3273 0.506034 -0.0138067 0.862403 22.6366 0 0
15.8632 7.15392 75.4361 0.509055 -0.013953 0.860621 22.9831 0 0
16.0122 8.16255 75.369 0.51444 -0.0139142 0.857413 23.5373 0 0
16.5061 9.71626 75.133 0.522126 -0.0136886 0.852759 23.9035 0 0
17.0513 10.6128 74.8196 0.531619 -0.0132796 0.846879 24.3406 0 0
17.9654 11.3859 74.2641 0.54213 -0.0127084 0.840198 24.7785 0 0
19.0963 11.7595 73.5638 0.552777 -0.0120321 0.833243 25.2085 0 0
20.1807 11.4337 72.8266 0.562737 -0.011332 0.826559 25.7375 0 0
21.3269 10.5552 71.9834 0.571288 -0.0106661 0.820681 26.2497 0 0
22.2145 9.34552 71.302 0.577807 -0.010021 0.816112 26.5896 0 0
22.6096 8.35008 70.9891 0.581819 -0.0093048 0.813265 26.9348 0 0
22.8035 7.23052 70.8357 0.583105 -0.00838618 0.812353 27.4107 0 0
22.6857 5.65329 70.9259 0.58179 -0.00715578 0.813308 27.7629 0 0
22.3004 4.58186 71.2004 0.578351 -0.00557712 0.815769 28.0827 0 0
21.7535 3.78514 71.5964 0.57352 -0.00371773 0.819183 28.439 0 0
20.9673 3.14343 72.1605 0.56814 -0.00175815 0.82293 28.8728 0 0
19.8526 2.73038 72.9151 0.563046 3.36924e-05 0.826426 29.3224 0 0
18.6458 2.73008 73.6811 0.559004 0.0013684 0.829164 29.7368 0 0
17.6314 3.28113 74.329 0.556665 0.00201853 0.830735 29.8393 0 0
17.4119 3.47166 74.4658 0.556476 0.00188361 0.830861 30.0801 0 0
17.1362 2.79998 74.6602 0.558573 0.00101478 0.829455 30.4785 0 0
18.0308 2.22774 74.0928 0.562713 -0.000405722 0.826652 30.8473 0 0
18.9566 1.95706 73.4836 0.568324 -0.00212314 0.822802 31.3155 0 0
20.1983 2.0889 72.6847 0.574646 -0.00388606 0.818393 31.7286 0 0
21.2238 2.53091 71.9861 0.580904 -0.00550749 0.813953 32.0687 0 0
21.9812 3.09463 71.4146 0.586448 -0.00688948 0.809958 32.4982 0 0
22.7175 4.17044 70.8668 0.590797 -0.00801684 0.80678 32.8513 0 0
23.1623 5.22135 70.5581 0.593608 -0.00893827 0.804705 33.1523 0 0
23.3769 6.19114 70.3981 0.594594 -0.00973872 0.803967 33.5827 0 0
23.3288 7.6421 70.4419 0.593486 -0.010496 0.804776 34.0007 0 0
22.9926 8.97967 70.7112 0.590067 -0.0112359 0.807276 34.4145 0 0
22.4265 10.1602 71.1589 0.584244 -0.0119229 0.81149 34.793 0 0
21.7325 11.0492 71.689 0.576115 -0.0124954 0.817273 35.1126 0 0
21.0507 11.6449 72.1983 0.565992 -0.0129109 0.82431 35.5914 0 0
19.9259 12.3236 73.0204 0.554408 -0.0131548 0.832141 35.9155 0 0
19.0893 12.4891 73.5831 0.542104 -0.013211 0.840207 36.4058 0 0
17.8194 12.1107 74.3714 0.529977 -0.013029 0.847912 36.749 0 0
17.0334 11.5163 74.8199 0.518974 -0.0125217 0.854699 37.1143 0 0
16.3274 10.7324 75.2383 0.509932 -0.0115967 0.860137 37.562 0 0
15.7757 9.53788 75.5402 0.503433 -0.0101972 0.863974 37.9283 0 0
15.4657 8.51212 75.6705 0.499741 -0.00831981 0.866135 38.4785 0 0
15.2575 6.89141 75.7601 0.498823 -0.00600818 0.866683 38.852 0 0
15.4488 5.8177 75.635 0.500431 -0.00334596 0.86577 39.2325 0 0
15.7255 4.7397 75.4871 0.504193 -0.000475811 0.863591 39.6507 0 0
16.2958 3.70907 75.1556 0.509724 0.00236642 0.860335 39.9564 0 0
16.868 3.07778 74.826 0.516708 0.00484617 0.856148 40.2288 0 0
16.2086 2.77697 75.2134 0.524918 0.0065916 0.851128 40.8031 0 0
17.3966 1.77194 74.5172 0.53414 0.0073123 0.845364 41.1598 0 0
18.2206 1.39842 73.9795 0.544078 0.00691408 0.839006 41.4985 0 0
19.0825 1.26086 73.4118 0.554307 0.00553907 0.832294 41.8363 0 0
19.9682 1.32438 72.8291 0.56432 0.00350643 0.825549 42.1966 0 0
20.9009 1.61971 72.2158 0.573615 0.00118985 0.819124 42.5313 0 0
21.6969 2.03906 71.6179 0.581793 -0.00110228 0.813336 43.0448 0 0
22.7784 3.05277 70.7999 0.588589 -0.00319224 0.808426 43.4277 0 0
23.3317 4.14754 70.3991 0.593848 -0.00502746 0.804562 43.7265 0 0
23.6991 5.05059 70.1429 0.597468 -0.00662858 0.801865 44.0478 0 0
23.9373 6.09443 69.9649 0.59933 -0.00804072 0.800461 44.558 0 0
23.868 7.83163 70.0359 0.599255 -0.00932211 0.800504 44.8634 0 0
23.6273 8.82361 70.2278 0.597029 -0.0105528 0.80215 45.2034 0 0
23.2507 9.8715 70.5247 0.59248 -0.0118185 0.805498 45.6086 0 0
22.6251 10.974 71.0259 0.585566 -0.0131578 0.810518 45.9804 0 0
21.8912 11.7749 71.5848 0.576428 -0.014514 0.817019 46.3621 0 0
21.0716 12.4944 72.1981 0.565416 -0.0157347 0.824656 46.9311 0 0
19.6708 13.1652 73.2154 0.553091 -0.0166191 0.832955 47.444 0 0
18.3235 13.0742 74.092 0.540202 -0.0169773 0.841364 47.888 0 0
17.229 12.5474 74.7391 0.527616 -0.0166741 0.849319 48.2123 0 0
16.5345 11.9341 75.1307 0.516209 -0.0156571 0.85632 48.747 0 0
15.5718 10.7348 75.6778 0.506685 -0.0139794 0.862018 49.1294 0 0
15.1574 9.70465 75.8625 0.499401 -0.0118073 0.86629 49.7016 0 0
14.7074 8.07453 76.073 0.494257 -0.0093992 0.869265 50.0702 0 0
14.638 7.0066 76.0966 0.490743 -0.00705503 0.871276 50.5425 0 0
14.8496 5.6684 75.9529 0.488115 -0.00505884 0.872765 50.9832 0 0
15.1701 4.41856 75.8064 0.48563 -0.0036388 0.874157 51.3551 0 0
15.6208 3.4835 75.547 0.482771 -0.00295955 0.875742 51.6617 0 0
16.1567 2.82961 75.2436 0.479412 -0.00313374 0.877584 51.9126 0 0
15.8558 2.17349 75.4222 0.475877 -0.00422006 0.879502 52.4666 0 0
14.8566 3.32417 75.977 0.472845 -0.00618737 0.881124 52.9222 0 0
14.5191 4.59051 76.149 0.471121 -0.00886367 0.882024 53.5282 0 0
14.1507 6.28424 76.3429 0.471385 -0.0119192 0.881847 53.9591 0 0
13.8769 7.47898 76.4973 0.47403 -0.0149238 0.880382 54.3382 0 0
14.1067 8.52187 76.3872 0.479122 -0.0174685 0.877574 54.9248 0 0
14.6479 10.1121 76.1463 0.486474 -0.0192872 0.873482 55.2987 0 0
14.9496 11.1666 76.0457 0.495743 -0.0203097 0.868232 55.832 0 0
15.9421 12.2238 75.4936 0.50651 -0.0206294 0.861987 56.2222 0 0
16.6158 13.0954 75.1274 0.518333 -0.0204165 0.854935 56.6307 0 0
17.5548 13.6694 74.5809 0.530752 -0.019833 0.847295 56.9573 0 0
18.3959 13.866 74.0586 0.543298 -0.0189908 0.839325 57.3006 0 0
19.2905 13.8914 73.4846 0.555544 -0.0179607 0.831293 57.6372 0 0
20.1534 13.8573 72.8836 0.567187 -0.0168089 0.823417 57.9851 0 0
20.9526 13.3595 72.3019 0.578063 -0.0156229 0.815842 58.4124 0 0
21.962 12.7447 71.553 0.588063 -0.0145066 0.808685 58.7501 0 0
22.6262 12.0047 71.0442 0.59701 -0.0135409 0.802119 59.1163 0 0
23.2352 11.0633 70.5537 0.604617 -0.0127315 0.796415 59.4852 0 0
23.8859 10.141 70.0383 0.610552 -0.011981 0.791885 60.0305 0 0
24.3762 8.37449 69.6553 0.614543 -0.0111144 0.788805 60.3474 0 0
24.5204 7.32092 69.5245 0.616419 -0.00994166 0.787356 60.6896 0 0
24.5911 6.16168 69.4434 0.616095 -0.00832241 0.787628 61.1664 0 0
24.1998 4.60378 69.7473 0.613546 -0.00621801 0.789635 61.6246 0 0
23.675 3.19885 70.1144 0.608805 -0.003733 0.793311 61.9201 0 0
23.1333 2.45655 70.5196 0.601988 -0.00112334 0.798504 62.244 0 0
22.4903 1.7149 71.0146 0.593332 0.00125964 0.804957 62.6567 0 0
21.486 1.1457 71.7851 0.58321 0.00308102 0.812316 62.9947 0 0
20.6521 0.749478 72.3913 0.572106 0.0041302 0.820169 63.3187 0 0
19.8063 0.538712 72.9543 0.560537 0.00436412 0.828118 63.6715 0 0
18.8802 0.52684 73.5652 0.548933 0.00387585 0.835857 64.051 0 0
17.9159 0.73076 74.1996 0.537554 0.00282761 0.843225 64.3938 0 0
17.0979 1.14905 74.6907 0.526453 0.00139569 0.850203 64.6758 0 0
16.4133 1.42642 75.094 0.51552 -0.000251657 0.856877 64.8668 0 0
16.1146 1.87359 75.2716 0.504563 -0.00195246 0.863357 64.8668 0 0
