-2.28139 -42.9695 87.0873 -0.183766 0.156357 0.970453 0 1 0
-0.95116 -42.922 87.2269 -0.113836 0.154337 0.981439 1.29502 0 0
0.270304 -42.5787 87.3208 -0.0509471 0.151012 0.987218 1.87892 0 0
1.36366 -42.3026 87.2752 0.000135696 0.146308 0.989239 2.44248 0 0
2.4143 -42.1958 87.1409 0.0359443 0.140408 0.989441 3.09571 0 0
3.36219 -43.0133 87.0801 0.0550102 0.133766 0.989485 3.61445 0 0
4.24087 -42.5558 86.8177 0.0578462 0.126963 0.990219 4.1219 0 0
3.36554 -43.0224 87.0807 0.0462642 0.12052 0.991632 4.72699 0 0
2.19419 -42.9095 87.2909 0.0225079 0.114762 0.993138 5.30962 0 0
1.10387 -43.0665 87.3769 -0.0112925 0.109828 0.993886 5.86994 0 0
0.0393259 -43.1341 87.3447 -0.0531291 0.105753 0.992972 6.85145 0 0
-1.88663 -42.9655 87.1591 -0.100737 0.102549 0.989614 6.86328 0 0
-1.90999 -42.9668 87.1572 -0.151192 0.100212 0.983412 7.25153 0 0
-2.04677 -43.7211 87.219 -0.200813 0.0987123 0.974643 7.78624 0 0
-3.07222 -43.7373 86.9804 -0.2455 0.0980281 0.964427 8.51939 0 0
-4.50631 -43.8247 86.5254 -0.281351 0.098191 0.954568 9.04925 0 0
-5.52683 -43.8536 86.1095 -0.305283 0.0992938 0.947071 9.60481 0 0
-6.55645 -43.6266 85.5906 -0.315371 0.101442 0.943531 9.90544 0 0
-6.37265 -43.0006 85.6054 -0.310868 0.104689 0.94467 10.349 0 0
-5.51336 -42.8583 86.0289 -0.291989 0.108976 0.950193 10.8506 0 0
-4.53183 -42.6849 86.393 -0.25964 0.114081 0.958943 11.356 0 0
-3.53305 -42.4543 86.7409 -0.215167 0.119597 0.969227 11.882 0 0
-2.50199 -42.253 86.9314 -0.160231 0.124966 0.979137 12.3929 0 0
-1.47681 -42.1051 87.0994 -0.0969179 0.12955 0.986825 12.9326 0 0
-0.422968 -41.8568 87.1877 -0.028031 0.132751 0.990753 13.4799 0 0
0.612105 -41.6053 87.2383 0.0426085 0.134172 0.990042 14.276 0 0
2.10025 -41.526 87.0535 0.110202 0.133738 0.98487 14.9416 0 0
3.37116 -41.6962 86.8737 0.169511 0.131712 0.976687 15.8204 0 0
5.02617 -42.1504 86.5153 0.215733 0.128562 0.967952 16.4889 0 0
6.32835 -42.5548 86.1333 0.245336 0.124777 0.961375 17.0862 0 0
7.44804 -42.9667 85.6865 0.256619 0.12072 0.958944 17.37 0 0
7.33404 -43.5572 85.8059 0.249923 0.116606 0.961219 18.0617 0 0
5.99159 -43.6886 86.4539 0.227437 0.112545 0.967267 18.5772 0 0
4.97788 -43.6924 86.771 0.192551 0.108591 0.97526 19.4152 0 0
3.31151 -43.7 87.1734 0.148884 0.104743 0.983292 20.0788 0 0
2.02881 -43.7185 87.4321 0.0994116 0.100921 0.989915 20.6816 0 0
0.906204 -43.7681 87.4098 0.0460943 0.0969743 0.994219 21.2822 0 0
-0.284631 -43.7888 87.3684 -0.0099308 0.0927996 0.995635 21.8423 0 0
-1.41891 -43.7124 87.2711 -0.0678856 0.0884813 0.993762 21.9209 0 0
-1.57833 -43.696 87.2571 -0.126892 0.0843368 0.988325 22.2815 0 0
-1.44194 -44.4097 87.3275 -0.185636 0.0807929 0.979291 23.1389 0 0
-3.18035 -44.4541 87.0091 -0.242197 0.07819 0.967071 23.6239 0 0
-4.14183 -44.4656 86.7253 -0.29407 0.0766801 0.952703 24.1725 0 0
-5.1748 -44.5081 86.3054 -0.33842 0.0762819 0.937898 24.67 0 0
-6.15685 -44.4632 85.8955 -0.372513 0.0769946 0.924828 25.1797 0 0
-7.07528 -44.3172 85.3742 -0.394158 0.0788361 0.915655 25.8936 0 0
-8.11975 -43.3846 84.6677 -0.401996 0.0817953 0.911981 26.3757 0 0
-8.15964 -42.2864 84.5105 -0.395523 0.0857914 0.91444 26.9358 0 0
-7.0347 -42.1011 85.1729 -0.374926 0.0906834 0.922609 27.4146 0 0
-6.09408 -42.0001 85.6511 -0.340892 0.0962818 0.935159 28.0974 0 0
-4.74293 -41.8974 86.2277 -0.294517 0.10231 0.950154 28.5753 0 0
-3.78978 -41.7176 86.5658 -0.237288 0.108347 0.965378 29.0637 0 0
-2.82757 -41.5496 86.7836 -0.17104 0.113804 0.978669 29.8868 0 0
-1.1648 -41.253 87.0471 -0.0979112 0.11799 0.988176 30.4192 0 0
-0.137406 -41.0099 87.1294 -0.0203639 0.12025 0.992535 31.3117 0 0
1.53181 -40.7774 87.006 0.0586664 0.120159 0.99102 31.856 0 0
2.57527 -40.7976 86.8827 0.135626 0.117682 0.983746 32.7595 0 0
4.29967 -41.1235 86.6404 0.206413 0.113255 0.971888 33.6493 0 0
5.9074 -41.6838 86.1779 0.266791 0.107706 0.957717 34.3114 0 0
7.1665 -42.1228 85.7082 0.313032 0.102054 0.944244 34.9146 0 0
8.28119 -42.5946 85.2096 0.342455 0.0972361 0.934489 35.604 0 0
9.4263 -43.3816 84.6187 0.35369 0.093888 0.930639 36.115 0 0
8.80035 -44.2342 85.0558 0.346738 0.0922321 0.933416 36.7315 0 0
7.61651 -44.4038 85.7272 0.323002 0.0920863 0.941907 37.2422 0 0
6.62652 -44.3967 86.2443 0.285195 0.0929746 0.953949 38.0529 0 0
5.03459 -44.3932 86.8323 0.236899 0.09428 0.966949 38.5646 0 0
4.01892 -44.3769 87.0825 0.181763 0.0953806 0.978706 39.3166 0 0
2.51802 -44.4276 87.4371 0.122673 0.0957477 0.987818 39.9226 0 0
1.37886 -44.4464 87.514 0.0613482 0.0950245 0.993583 40.6652 0 0
-0.0402094 -44.4542 87.4447 -0.00149873 0.0930954 0.995656 41.0828 0 0
-0.891865 -44.4435 87.3723 -0.0656004 0.0901162 0.993768 41.4285 0 0
-0.868884 -45.1544 87.4444 -0.130503 0.0864785 0.987669 41.9172 0 0
-1.87159 -45.1292 87.3457 -0.195114 0.0827129 0.977287 42.4144 0 0
-2.86061 -45.1491 87.1629 -0.257569 0.0793669 0.962995 43.014 0 0
-4.01403 -45.1591 86.8117 -0.315429 0.0768965 0.945828 43.9149 0 0
-5.72453 -45.1844 86.1152 -0.366087 0.0756121 0.927504 44.4388 0 0
-6.7349 -45.1373 85.632 -0.407197 0.075694 0.910198 44.924 0 0
-7.64208 -44.9873 85.1108 -0.437014 0.0772472 0.896132 45.5334 0 0
-8.55622 -44.2175 84.4434 -0.45452 0.0803302 0.887107 46.0012 0 0
-8.88075 -43.2058 84.1161 -0.459365 0.084927 0.884178 46.6883 0 0
-8.90867 -41.535 83.9602 -0.45163 0.0909057 0.887562 47.2945 0 0
-7.68777 -41.3845 84.716 -0.431584 0.098015 0.896732 47.741 0 0
-6.81013 -41.3573 85.2403 -0.399605 0.105912 0.910549 48.2174 0 0
-5.88319 -41.2846 85.6724 -0.356312 0.114184 0.927364 48.7245 0 0
-4.88898 -41.1638 86.0937 -0.302775 0.122345 0.945177 49.2434 0 0
-3.85589 -40.9765 86.4245 -0.240552 0.129835 0.961913 49.7491 0 0
-2.85126 -40.7914 86.6887 -0.171537 0.136057 0.975737 50.4745 0 0
-1.40966 -40.5307 86.9171 -0.0977114 0.140444 0.985255 51.3114 0 0
0.203361 -40.1593 86.9803 -0.0209691 0.142556 0.989565 51.8381 0 0
1.22265 -40.0702 86.9287 0.0568989 0.142157 0.988207 52.5664 0 0
2.62669 -40.0407 86.7597 0.134062 0.139262 0.981139 53.2955 0 0
4.03599 -40.2878 86.5759 0.208444 0.134148 0.968791 53.9281 0 0
5.19414 -40.6624 86.2906 0.277625 0.127329 0.952214 54.7242 0 0
6.66393 -41.1925 85.8102 0.339001 0.119485 0.933168 55.1907 0 0
7.5501 -41.5183 85.4613 0.390122 0.111328 0.914008 55.9597 0 0
8.95681 -42.1562 84.802 0.429022 0.103473 0.897348 56.4257 0 0
9.75431 -42.6242 84.3256 0.454365 0.0963647 0.885588 56.9243 0 0
10.467 -43.3863 83.8997 0.465399 0.0902737 0.880485 57.3786 0 0
10.2044 -44.3966 84.177 0.461828 0.085347 0.882854 57.8522 0 0
9.38133 -44.8884 84.7611 0.443785 0.0816568 0.892405 58.3476 0 0
8.43855 -45.0585 85.3279 0.412113 0.0791781 0.907686 58.8444 0 0
7.48536 -45.1234 85.859 0.368905 0.0776728 0.926216 59.3174 0 0
6.56292 -45.1292 86.3329 0.317978 0.0766037 0.944998 60.0452 0 0
5.13021 -45.1433 86.8737 0.264796 0.0752567 0.961363 60.6525 0 0
3.91858 -45.1109 87.1823 0.215661 0.0730695 0.973731 61.5154 0 0
2.19381 -45.1637 87.5046 0.1765 0.0699367 0.981813 62.3172 0 0
0.622442 -45.1554 87.5548 0.151776 0.0662587 0.986192 62.5695 0 0
0.119852 -45.1635 87.5275 0.143884 0.0627211 0.987605 62.9318 0 0
0.221689 -45.8865 87.596 0.153069 0.0599797 0.986394 63.4759 0 0
1.31945 -45.9011 87.6041 0.17772 0.0584332 0.982345 64.0539 0 0
2.45601 -45.8737 87.4902 0.214852 0.0581556 0.974914 64.6726 0 0
3.68151 -45.8407 87.3087 0.260607 0.0589664 0.963643 65.223 0 0
4.74446 -45.8537 87.0254 0.310719 0.0605687 0.94857 65.824 0 0
5.93055 -45.8412 86.6426 0.3609 0.0626805 0.930496 66.5017 0 0
7.22734 -45.8325 86.0404 0.407175 0.0651185 0.911026 67.1004 0 0
8.39071 -45.8141 85.4178 0.446145 0.0678529 0.892385 67.8927 0 0
9.86138 -45.5185 84.5173 0.475158 0.0710559 0.877027 68.3843 0 0
10.6422 -45.0048 83.9072 0.492379 0.075112 0.867134 68.9687 0 0
11.2731 -43.8849 83.3432 0.496787 0.0805191 0.864129 69.4172 0 0
11.0814 -42.8169 83.3891 0.488145 0.087676 0.868348 69.8985 0 0
10.305 -42.1402 83.8983 0.466933 0.0966732 0.878992 70.5012 0 0
9.21784 -41.5371 84.5532 0.434192 0.107214 0.894417 71.2075 0 0
7.88631 -40.9077 85.2303 0.391256 0.118662 0.9126 71.7374 0 0
6.8714 -40.5169 85.6355 0.339469 0.130111 0.931575 72.5544 0 0
5.27648 -39.915 86.1605 0.28004 0.140484 0.949654 73.1268 0 0
4.17429 -39.5456 86.4127 0.214104 0.148723 0.965423 73.7523 0 0
2.94495 -39.3119 86.5866 0.142929 0.154059 0.977669 74.3217 0 0
1.80321 -39.2519 86.7246 0.0680627 0.156228 0.985373 75.0662 0 0
0.326538 -39.4172 86.8565 -0.00866182 0.155458 0.987804 75.6032 0 0
-0.704764 -39.6065 86.8847 -0.0852399 0.152274 0.984656 76.2376 0 0
-1.891 -39.867 86.7388 -0.159631 0.147252 0.976133 77.0833 0 0
-3.50794 -40.1536 86.4118 -0.229888 0.140871 0.962968 77.6136 0 0
-4.53498 -40.3512 86.1352 -0.294279 0.133481 0.946352 78.1694 0 0
-5.59475 -40.5361 85.6992 -0.351381 0.125344 0.927804 78.7215 0 0
-6.67219 -40.6303 85.2373 -0.400115 0.116674 0.909008 79.2208 0 0
-7.58477 -40.6678 84.6972 -0.439681 0.107664 0.891678 79.7997 0 0
-8.67722 -40.6399 84 -0.469493 0.0985124 0.877423 80.3943 0 0
-9.81956 -41.0946 83.3036 -0.489144 0.0894657 0.867602 80.9637 0 0
-9.65562 -42.4549 83.544 -0.498413 0.0808584 0.86316 81.5976 0 0
-9.35725 -43.9614 83.8568 -0.49724 0.0731246 0.864526 82.1282 0 0
-8.89822 -45.1031 84.2818 -0.485681 0.0667551 0.871584 82.5381 0 0
-8.22284 -45.6442 84.773 -0.463949 0.0621793 0.883677 83.006 0 0
-7.31823 -45.8348 85.3578 -0.432569 0.059578 0.89963 83.4473 0 0
-6.4249 -45.8769 85.8085 -0.392531 0.0587008 0.917864 84.0559 0 0
-5.20474 -45.89 86.3638 -0.345289 0.0588301 0.936651 84.5817 0 0
-4.151 -45.8596 86.7949 -0.292589 0.059 0.954416 85.0975 0 0
-3.1316 -45.8475 87.1279 -0.236144 0.0584095 0.969961 85.8052 0 0
-1.70822 -45.8474 87.4397 -0.177286 0.0567958 0.982519 86.483 0 0
-0.3571 -45.9023 87.5643 -0.116752 0.0545319 0.991663 86.6352 0 0
-0.0504928 -45.9049 87.5825 -0.0547486 0.052399 0.997124 86.9983 0 0
0.121488 -46.6142 87.6456 0.00873157 0.0511871 0.998651 87.552 0 0
1.23871 -46.6094 87.6193 0.0735347 0.0513464 0.99597 88.23 0 0
2.59238 -46.5813 87.4767 0.139112 0.0528431 0.988866 88.7407 0 0
3.62329 -46.5533 87.3289 0.204506 0.0552462 0.977305 89.3101 0 0
4.76062 -46.5634 87.0754 0.268447 0.0579606 0.961549 89.7992 0 0
5.72195 -46.5272 86.7957 0.329442 0.0604778 0.942237 90.292 0 0
6.64564 -46.5463 86.3799 0.385824 0.0625361 0.92045 90.9238 0 0
7.84866 -46.5493 85.7826 0.435822 0.0641485 0.897744 91.3775 0 0
8.72272 -46.5417 85.2922 0.477697 0.0655404 0.876076 91.9908 0 0
9.86641 -46.3089 84.5695 0.509895 0.0670763 0.857618 92.7295 0 0
11.0776 -45.6039 83.6328 0.531189 0.0692265 0.84442 93.2294 0 0
11.7075 -44.7478 83.0726 0.54081 0.0725359 0.838011 93.7165 0 0
11.9596 -43.6189 82.7673 0.538535 0.0775323 0.839028 94.3196 0 0
11.4771 -42.2377 83.035 0.524711 0.0845776 0.847069 94.8176 0 0
10.6741 -41.5361 83.5726 0.500176 0.0937593 0.860833 95.5452 0 0
9.35425 -40.829 84.4001 0.466074 0.104891 0.878506 96.0412 0 0
8.43856 -40.3898 84.9162 0.423593 0.117569 0.898191 96.7588 0 0
7.06539 -39.8531 85.4728 0.37371 0.131185 0.918222 97.2645 0 0
6.08031 -39.4657 85.8162 0.317027 0.144877 0.937286 97.8386 0 0
4.97342 -39.0352 86.0937 0.25378 0.157533 0.954348 98.3809 0 0
3.89981 -38.7031 86.3053 0.184084 0.167947 0.968456 98.9935 0 0
2.66315 -38.5139 86.5057 0.108364 0.175078 0.978573 99.8061 0 0
1.04788 -38.5794 86.6922 0.027813 0.178286 0.983585 100.358 0 0
-0.0255145 -38.722 86.7087 -0.0553933 0.17745 0.98257 101.108 0 0
-1.48822 -39.0079 86.6633 -0.138284 0.172917 0.975181 102.029 0 0
-3.24236 -39.3414 86.3992 -0.217617 0.165357 0.961925 102.575 0 0
-4.26872 -39.5443 86.1214 -0.290478 0.155583 0.944149 103.56 0 0
-6.10492 -39.8554 85.3766 -0.354722 0.144432 0.923749 104.149 0 0
-7.22857 -39.941 84.8152 -0.409123 0.132715 0.902776 104.615 0 0
-8.09732 -39.9287 84.2817 -0.45326 0.121197 0.8831 105.064 0 0
-8.95779 -39.8609 83.7281 -0.487226 0.110534 0.866252 105.591 0 0
-10.0044 -39.8534 83.0323 -0.511303 0.101147 0.853428 106.246 0 0
-10.4458 -41.3835 82.878 -0.525759 0.0931202 0.845521 106.668 0 0
-10.3161 -42.4174 83.0675 -0.530768 0.0862212 0.84312 107.178 0 0
-10.0704 -43.6318 83.335 -0.526389 0.080078 0.846464 107.62 0 0
-9.83678 -44.6828 83.5883 -0.512585 0.074414 0.855406 108.248 0 0
-9.19944 -45.9966 84.1505 -0.489371 0.0692002 0.869326 108.718 0 0
-8.33873 -46.4796 84.7626 -0.457111 0.0646259 0.887059 109.367 0 0
-7.03905 -46.5846 85.5613 -0.416776 0.0609068 0.906967 110.024 0 0
-5.69939 -46.5925 86.192 -0.369944 0.0580673 0.927238 110.584 0 0
-4.57823 -46.5723 86.6475 -0.318477 0.0558555 0.946284 111.179 0 0
-3.38794 -46.5641 87.0909 -0.264047 0.0538424 0.963006 112.049 0 0
-1.61098 -46.5612 87.4788 -0.207736 0.0516245 0.976822 112.551 0 0
-0.597082 -46.6023 87.6094 -0.149841 0.0490172 0.987494 112.573 0 0
-0.553574 -46.6035 87.6126 -0.089973 0.0461537 0.994874 112.944 0 0
-0.797951 -47.3043 87.636 -0.0274251 0.0434386 0.99868 113.475 0 0
0.265103 -47.324 87.6877 0.0382995 0.0413578 0.99841 114.059 0 0
1.42777 -47.3189 87.6042 0.107014 0.0402466 0.993443 114.954 0 0
3.24734 -47.2719 87.4043 0.177612 0.040164 0.983281 115.449 0 0
4.25298 -47.2498 87.2702 0.248163 0.04094 0.967853 116.226 0 0
5.73692 -47.2362 86.8077 0.316283 0.0423256 0.94772 116.717 0 0
6.67867 -47.2595 86.4263 0.379615 0.0441225 0.924092 117.605 0 0
8.36124 -47.2747 85.5627 0.436202 0.0462301 0.898661 118.099 0 0
9.30595 -47.24 85.0017 0.484677 0.0486309 0.87334 118.556 0 0
10.1312 -47.0264 84.4159 0.524259 0.0513596 0.850009 119.214 0 0
11.2566 -46.3952 83.5501 0.554622 0.0544846 0.830317 119.698 0 0
11.9475 -45.687 82.9444 0.575719 0.0581176 0.815579 120.31 0 0
12.5071 -44.4122 82.3725 0.587612 0.0624489 0.806729 120.734 0 0
12.5619 -43.3627 82.2308 0.590377 0.0677775 0.804277 121.14 0 0
12.3739 -42.3614 82.3125 0.584116 0.0744834 0.808246 121.539 0 0
11.8672 -41.5813 82.6771 0.56903 0.0829274 0.818125 121.999 0 0
11.0948 -40.9707 83.2029 0.545468 0.0933277 0.83292 122.448 0 0
10.2996 -40.4896 83.7298 0.513901 0.105696 0.851313 123.102 0 0
9.07879 -39.9373 84.4701 0.474868 0.119846 0.871859 123.595 0 0
8.15844 -39.5284 84.9798 0.428933 0.135391 0.893132 124.146 0 0
7.10677 -39.1314 85.3498 0.376672 0.151665 0.913847 124.625 0 0
6.17243 -38.7227 85.6573 0.318631 0.167645 0.932936 125.103 0 0
5.23401 -38.3474 85.8866 0.255278 0.182035 0.949577 125.902 0 0
3.63468 -37.8735 86.1984 0.187024 0.193516 0.963106 126.448 0 0
2.54735 -37.7513 86.3958 0.1144 0.201088 0.97287 127.197 0 0
1.08388 -37.8493 86.4893 0.0383148 0.204287 0.978161 127.781 0 0
-0.0839082 -37.9925 86.5307 -0.0397702 0.203208 0.978328 128.291 0 0
-1.09277 -38.1906 86.5163 -0.117915 0.198367 0.973009 128.89 0 0
-2.27233 -38.4495 86.4166 -0.194005 0.190514 0.962323 129.713 0 0
-3.89175 -38.6873 86.1398 -0.266083 0.180462 0.946907 130.601 0 0
-5.49602 -39.0581 85.5275 -0.332523 0.168968 0.927835 131.09 0 0
-6.44841 -39.1806 85.0991 -0.392015 0.156681 0.906518 131.659 0 0
-7.54519 -39.2261 84.5083 -0.443512 0.144158 0.884599 132.275 0 0
-8.72923 -39.1328 83.7719 -0.486278 0.131905 0.863791 132.758 0 0
-9.69075 -39.0436 83.1546 -0.520019 0.120397 0.845627 133.304 0 0
-10.7469 -39.1436 82.3896 -0.544947 0.110039 0.831218 133.753 0 0
-11.186 -40.1763 82.1608 -0.561653 0.101065 0.821177 134.143 0 0
-11.1259 -41.1806 82.3266 -0.570808 0.0934621 0.815747 134.596 0 0
-10.9341 -42.3001 82.6031 -0.572902 0.0869447 0.814999 135.038 0 0
-10.7302 -43.3702 82.8439 -0.568177 0.081028 0.818907 135.452 0 0
-10.5517 -44.3702 83.0553 -0.556755 0.0751955 0.827266 135.893 0 0
-10.3173 -45.3919 83.3177 -0.538781 0.0691259 0.839605 136.312 0 0
-9.97262 -46.2972 83.6414 -0.514509 0.0628646 0.855177 137.033 0 0
-8.76825 -47.1826 84.5522 -0.484432 0.0568051 0.872983 137.598 0 0
-7.63431 -47.2983 85.2675 -0.449588 0.0514771 0.891751 138.303 0 0
-6.2094 -47.3033 86.0113 -0.411959 0.0473078 0.909973 138.785 0 0
-5.22631 -47.2944 86.3932 -0.374618 0.0445197 0.92611 139.253 0 0
-4.25531 -47.2648 86.7884 -0.341343 0.0431553 0.938948 139.793 0 0
-3.17352 -47.2711 87.195 -0.315786 0.0431191 0.94785 140.382 0 0
-1.98269 -47.2701 87.4493 -0.300654 0.0441863 0.952709 140.756 0 0
-1.22923 -47.2895 87.5712 -0.297284 0.0460189 0.953679 141.121 0 0
-1.48092 -47.9964 87.5713 -0.305684 0.0482218 0.950911 141.706 0 0
-2.66637 -47.9713 87.3688 -0.324817 0.0504161 0.944432 142.307 0 0
-3.80512 -47.962 86.9599 -0.352918 0.0522884 0.934192 142.781 0 0
-4.76493 -47.9767 86.5894 -0.387703 0.0536205 0.920224 143.247 0 0
-5.74312 -48.0049 86.213 -0.426522 0.0543325 0.902844 143.706 0 0
-6.71121 -48.0215 85.8259 -0.466541 0.0545319 0.882817 144.48 0 0
-8.22105 -48.0047 84.9851 -0.505022 0.0545177 0.861383 144.943 0 0
-9.09967 -47.8968 84.387 -0.539657 0.0547177 0.840105 145.561 0 0
-10.1589 -47.2754 83.605 -0.568801 0.0555942 0.820594 146.149 0 0
-10.7669 -46.1342 83.0382 -0.59153 0.0575636 0.804225 146.617 0 0
-11.0188 -45.0675 82.7436 -0.607522 0.0609356 0.791962 147.081 0 0
-11.2182 -43.9712 82.5048 -0.616839 0.0658579 0.784329 147.549 0 0
-11.4213 -42.8605 82.2378 -0.619728 0.0722844 0.781481 147.968 0 0
-11.6102 -41.8246 81.9722 -0.61648 0.0800054 0.783295 148.569 0 0
-11.8374 -40.2773 81.6266 -0.607322 0.0887564 0.789482 148.97 0 0
-11.7355 -39.1943 81.5893 -0.592277 0.0983786 0.799706 149.4 0 0
-11.0597 -38.3661 82.0341 -0.571048 0.108941 0.813656 149.826 0 0
-10.1598 -38.2256 82.6805 -0.543032 0.120726 0.830988 150.362 0 0
-9.06979 -38.3426 83.4417 -0.50758 0.13406 0.851112 150.788 0 0
-8.21275 -38.4525 83.9861 -0.46438 0.149069 0.873 151.389 0 0
-6.98474 -38.496 84.7044 -0.413746 0.165504 0.895222 152.008 0 0
-5.74004 -38.3738 85.3014 -0.356602 0.18267 0.916224 152.63 0 0
-4.50375 -38.0949 85.7762 -0.294205 0.199468 0.934695 153.274 0 0
-3.21756 -37.8356 86.0965 -0.227794 0.214535 0.949781 153.915 0 0
-1.94761 -37.6257 86.274 -0.158374 0.226492 0.961051 154.484 0 0
-0.789615 -37.3762 86.3307 -0.0867251 0.23424 0.968303 154.982 0 0
0.209807 -37.1958 86.3127 -0.0135547 0.237155 0.971377 155.566 0 0
1.41699 -37.08 86.266 0.0603209 0.235124 0.970092 156.087 0 0
2.4846 -37.0072 86.1998 0.133881 0.228451 0.964306 156.983 0 0
4.26642 -37.2462 85.9033 0.205925 0.217742 0.954035 157.587 0 0
5.44016 -37.6516 85.6967 0.275159 0.203837 0.939541 158.121 0 0
6.44704 -38.0788 85.4266 0.340301 0.187748 0.921383 158.771 0 0
7.72824 -38.6312 85.0018 0.400155 0.170552 0.900438 159.318 0 0
8.76566 -39.0594 84.529 0.453693 0.153257 0.877881 159.813 0 0
9.71738 -39.4548 84.0099 0.500121 0.136657 0.855105 160.313 0 0
10.6199 -39.8648 83.4308 0.538925 0.121273 0.833578 160.832 0 0
11.5304 -40.4049 82.8228 0.569852 0.107374 0.814702 161.422 0 0
12.4542 -41.24 82.1345 0.592832 0.0950735 0.799695 161.881 0 0
12.9855 -42.2013 81.7549 0.607859 0.0844017 0.789547 162.387 0 0
13.1509 -43.4853 81.7323 0.614872 0.0753027 0.785023 162.86 0 0
13.0896 -44.6838 81.8903 0.61366 0.0675824 0.786672 163.391 0 0
12.6363 -45.8475 82.3797 0.603829 0.0609182 0.794783 163.901 0 0
11.9739 -46.713 82.9904 0.584882 0.0549712 0.809253 164.32 0 0
11.3205 -47.265 83.5376 0.556448 0.0495087 0.829406 164.907 0 0
10.2791 -47.7704 84.3453 0.518594 0.0444445 0.853864 165.508 0 0
9.11794 -47.9834 85.1691 0.472092 0.0398103 0.88065 166.162 0 0
7.84122 -48.0061 85.9079 0.418457 0.035721 0.907534 166.784 0 0
6.59939 -47.9778 86.458 0.359752 0.0323269 0.932488 167.383 0 0
5.36909 -47.9482 86.9362 0.298175 0.0297352 0.954048 168.117 0 0
3.90377 -47.9546 87.3522 0.235561 0.0279626 0.971457 168.634 0 0
2.88687 -47.9755 87.4751 0.173004 0.0269897 0.984551 169.144 0 0
1.84681 -48.0031 87.5642 0.110837 0.0268608 0.993476 169.651 0 0
0.790627 -48.0206 87.6673 0.0489957 0.0276959 0.998415 170.221 0 0
-0.370923 -48.0355 87.7103 -0.0125372 0.0295726 0.999484 170.419 0 0
-0.755668 -48.0238 87.6879 -0.0735558 0.0323783 0.996765 170.793 0 0
-0.608585 -48.7432 87.7295 -0.133779 0.0357619 0.990366 171.606 0 0
-2.17924 -48.6955 87.4551 -0.19306 0.0392266 0.980403 172.175 0 0
-3.33044 -48.6835 87.2072 -0.251391 0.042304 0.966961 172.676 0 0
-4.30851 -48.6764 86.8303 -0.308681 0.0446979 0.950115 173.154 0 0
-5.27469 -48.6989 86.4341 -0.364476 0.0463235 0.93006 173.611 0 0
-6.26766 -48.7254 86.0521 -0.41783 0.0472536 0.907296 174.07 0 0
-7.20751 -48.744 85.6135 -0.467414 0.047654 0.882753 174.858 0 0
-8.73425 -48.7062 84.6869 -0.511807 0.0477523 0.857773 175.354 0 0
-9.69391 -48.5335 84.0228 -0.549819 0.0478309 0.833913 175.998 0 0
-10.7277 -47.7777 83.155 -0.580715 0.0482215 0.812677 176.417 0 0
-11.1599 -46.9305 82.7502 -0.604272 0.0492977 0.795252 176.902 0 0
-11.4394 -45.8173 82.3953 -0.620707 0.0514564 0.782352 177.319 0 0
-11.6492 -44.8046 82.1562 -0.630537 0.0550621 0.774203 177.745 0 0
-11.8243 -43.755 81.9396 -0.634404 0.0603635 0.770641 178.233 0 0
-12.065 -42.5242 81.6473 -0.632916 0.0674281 0.771279 178.692 0 0
-12.2889 -41.3424 81.3391 -0.626523 0.0761293 0.775676 179.19 0 0
-12.4428 -40.0082 81.0916 -0.615423 0.0862029 0.783469 179.794 0 0
-12.1318 -38.3763 81.1914 -0.599452 0.0973677 0.794466 180.198 0 0
-11.4345 -37.6813 81.6472 -0.577995 0.109476 0.808664 180.666 0 0
-10.4381 -37.4224 82.3431 -0.550053 0.122604 0.826081 181.071 0 0
-9.62174 -37.4717 82.955 -0.514553 0.136989 0.846445 181.747 0 0
-8.27769 -37.7051 83.8317 -0.470802 0.152823 0.868902 182.175 0 0
-7.40516 -37.7876 84.3456 -0.418851 0.170011 0.891998 182.618 0 0
-6.50598 -37.7455 84.8181 -0.359601 0.187996 0.913972 183.333 0 0
-5.06038 -37.501 85.4291 -0.294625 0.205767 0.933197 184.159 0 0
-3.386 -37.1324 85.8994 -0.225813 0.222039 0.948529 184.685 0 0
-2.31518 -36.9435 86.0598 -0.154968 0.235564 0.959424 185.398 0 0
-0.858998 -36.6335 86.1259 -0.0835129 0.24541 0.965815 186.179 0 0
0.730199 -36.4064 86.0891 -0.0123967 0.251046 0.967896 186.679 0 0
1.76922 -36.3096 86.0254 0.0578068 0.252241 0.965936 187.257 0 0
2.9757 -36.2899 85.8903 0.12671 0.248915 0.960201 187.832 0 0
4.17101 -36.4612 85.7297 0.193938 0.241106 0.950924 188.314 0 0
5.12427 -36.7522 85.5584 0.259009 0.229071 0.938318 188.812 0 0
6.10501 -37.1521 85.3978 0.32127 0.213427 0.922624 189.367 0 0
7.12014 -37.6307 85.0574 0.379877 0.195191 0.904209 189.836 0 0
8.05159 -38.0462 84.7013 0.433864 0.175651 0.883691 190.531 0 0
9.3921 -38.581 84.0616 0.482292 0.156095 0.861991 190.99 0 0
10.2754 -38.9248 83.5869 0.524426 0.137534 0.840275 191.523 0 0
11.2214 -39.3804 82.9499 0.55983 0.120563 0.81979 192.054 0 0
12.1073 -39.9804 82.2903 0.588358 0.105431 0.801698 192.562 0 0
12.9102 -40.769 81.692 0.610056 0.0922438 0.78697 193.126 0 0
13.5668 -41.9905 81.2075 0.625064 0.0811386 0.776345 193.51 0 0
13.6866 -42.998 81.1921 0.633522 0.0722904 0.77034 194.022 0 0
13.7267 -44.3475 81.2977 0.635488 0.0657797 0.769303 194.437 0 0
13.5562 -45.3656 81.5173 0.630875 0.0614217 0.773449 195.142 0 0
12.8106 -46.7988 82.2706 0.619426 0.058689 0.782858 195.845 0 0
11.7728 -47.8219 83.2032 0.600739 0.0568024 0.797425 196.338 0 0
10.937 -48.3331 83.8971 0.574372 0.0549621 0.816747 196.769 0 0
10.1455 -48.5814 84.4951 0.54006 0.0526014 0.839981 197.207 0 0
9.31656 -48.695 85.0978 0.498044 0.0495351 0.865736 197.69 0 0
8.38047 -48.7395 85.6536 0.449365 0.0459461 0.892166 198.143 0 0
7.48408 -48.7292 86.1557 0.395884 0.0422242 0.917329 198.878 0 0
5.99433 -48.6831 86.7061 0.339827 0.0387291 0.93969 199.431 0 0
4.88063 -48.6613 87.1054 0.283006 0.035613 0.958457 200.077 0 0
3.57765 -48.6563 87.425 0.226174 0.0328347 0.973533 200.668 0 0
2.41149 -48.6948 87.5394 0.168974 0.0303562 0.985153 201.211 0 0
1.2748 -48.7298 87.6307 0.110471 0.0283292 0.993475 201.696 0 0
0.269704 -48.7468 87.6841 0.0499076 0.0270779 0.998387 201.753 0 0
0.152342 -48.7461 87.69 -0.0128247 0.0268916 0.999556 202.131 0 0
0.435165 -49.46 87.7029 -0.0771639 0.0278112 0.99663 202.995 0 0
-1.34008 -49.4314 87.6011 -0.142164 0.0295774 0.989401 203.671 0 0
-2.75801 -49.4028 87.3267 -0.206799 0.0317584 0.977868 204.192 0 0
-3.83706 -49.3942 87.0777 -0.270113 0.0339522 0.96223 204.704 0 0
-4.82944 -49.4002 86.6763 -0.331196 0.0359232 0.942878 205.196 0 0
-5.84282 -49.4283 86.2549 -0.389103 0.037605 0.920426 205.677 0 0
-6.85726 -49.458 85.8012 -0.44282 0.0390071 0.895762 206.252 0 0
-8.03842 -49.4597 85.1773 -0.491344 0.0401344 0.87004 206.78 0 0
-9.06179 -49.417 84.5107 -0.533858 0.0409948 0.84458 207.423 0 0
-10.2828 -49.1588 83.5847 -0.569906 0.0416831 0.820652 207.95 0 0
-11.1184 -48.4639 82.8675 -0.599462 0.0424589 0.799276 208.739 0 0
-11.8306 -46.7897 82.113 -0.62281 0.0437462 0.781149 209.177 0 0
-12.0275 -45.7077 81.8382 -0.640296 0.0460436 0.766747 209.621 0 0
-12.2405 -44.5798 81.6018 -0.652133 0.0497928 0.756468 210.084 0 0
-12.4578 -43.3853 81.3355 -0.658364 0.0552645 0.750668 210.721 0 0
-12.8083 -41.6895 80.9119 -0.658973 0.0625002 0.749565 211.131 0 0
-13.0039 -40.5966 80.6501 -0.654033 0.0713214 0.753096 211.512 0 0
-13.0783 -39.5564 80.5137 -0.643784 0.0814165 0.760864 211.935 0 0
-12.912 -38.4277 80.5698 -0.628584 0.0925006 0.772222 212.359 0 0
-12.3227 -37.5194 80.9316 -0.608722 0.104476 0.786475 212.975 0 0
-11.1133 -36.7215 81.7376 -0.584174 0.117475 0.803082 213.366 0 0
-10.2909 -36.6271 82.3282 -0.554488 0.131736 0.821699 213.771 0 0
-9.4828 -36.7142 82.9193 -0.51895 0.147405 0.841999 214.225 0 0
-8.58735 -36.8979 83.4995 -0.476982 0.164372 0.863406 214.869 0 0
-7.26739 -37.0846 84.2776 -0.42856 0.182206 0.88495 215.319 0 0
-6.35095 -37.0411 84.7701 -0.374381 0.200148 0.905417 215.893 0 0
-5.19296 -36.8098 85.2256 -0.315654 0.217181 0.923686 216.485 0 0
-3.97242 -36.5245 85.6003 -0.253684 0.232181 0.939008 217.067 0 0
-2.76557 -36.2936 85.8417 -0.189494 0.24416 0.95104 217.559 0 0
-1.76164 -36.0789 85.8884 -0.123693 0.252499 0.959658 218.071 0 0
-0.715203 -35.864 85.8992 -0.0566311 0.257022 0.964745 218.683 0 0
0.553846 -35.6863 85.8663 0.0113236 0.257856 0.966117 219.41 0 0
2.10183 -35.5405 85.7797 0.0796276 0.255168 0.963612 219.898 0 0
3.12869 -35.5529 85.6658 0.147581 0.248986 0.957197 220.748 0 0
4.91847 -35.9032 85.4112 0.214408 0.239244 0.946991 221.218 0 0
5.8426 -36.2751 85.2608 0.279283 0.225988 0.933237 221.72 0 0
6.75179 -36.7107 84.9853 0.341323 0.209608 0.916277 222.169 0 0
7.62409 -37.1365 84.6916 0.399656 0.190915 0.896564 222.875 0 0
9.01493 -37.6993 84.1247 0.453559 0.171005 0.874667 223.324 0 0
9.86373 -38.0225 83.6872 0.502541 0.150987 0.851267 223.894 0 0
10.9182 -38.4378 83.0763 0.546245 0.131733 0.827202 224.382 0 0
11.771 -38.8757 82.4565 0.584272 0.113762 0.803545 224.89 0 0
12.6143 -39.5267 81.821 0.616114 0.0972785 0.781627 225.55 0 0
13.643 -40.6252 81.0122 0.641271 0.0823049 0.762888 226.015 0 0
14.1198 -41.7384 80.6772 0.659429 0.0688453 0.748608 226.51 0 0
14.2529 -43.0732 80.6828 0.670565 0.0570237 0.739656 227.124 0 0
14.2557 -44.6996 80.7912 0.674867 0.0471282 0.736433 227.529 0 0
14.0597 -45.7213 81.0421 0.672555 0.039531 0.73899 227.978 0 0
13.6373 -46.7259 81.4901 0.663702 0.0345107 0.7472 228.441 0 0
13.0422 -47.5468 82.0853 0.648182 0.0320574 0.76081 228.941 0 0
12.3024 -48.2985 82.7668 0.62574 0.0317635 0.779385 229.412 0 0
11.5097 -48.8532 83.4158 0.59611 0.0328854 0.802229 229.841 0 0
10.7694 -49.2043 84.0989 0.559162 0.0345604 0.828338 230.273 0 0
9.97862 -49.3739 84.6871 0.51514 0.0360537 0.856348 230.941 0 0
8.69573 -49.4533 85.5181 0.465042 0.0369038 0.884519 231.512 0 0
7.5503 -49.4491 86.1788 0.411016 0.036921 0.91088 231.996 0 0
6.59944 -49.4216 86.523 0.356484 0.036109 0.933603 232.749 0 0
5.07721 -49.3823 87.051 0.305791 0.034601 0.95147 233.557 0 0
3.44286 -49.3676 87.4527 0.263436 0.0326443 0.964125 234.145 0 0
2.26116 -49.4162 87.5739 0.233251 0.0305911 0.971935 234.928 0 0
0.630721 -49.4568 87.6928 0.217856 0.028843 0.975555 235.274 0 0
0.577456 -50.1705 87.7171 0.218427 0.0277392 0.975459 236.134 0 0
2.34839 -50.1363 87.5902 0.234676 0.0274222 0.971687 236.624 0 0
3.36127 -50.089 87.4863 0.264915 0.0277365 0.963873 237.228 0 0
4.5442 -50.1353 87.1958 0.306232 0.0282387 0.951538 237.753 0 0
5.60961 -50.1142 86.9002 0.354877 0.0283579 0.934483 238.318 0 0
6.71511 -50.1495 86.5188 0.406887 0.0276512 0.91306 239.081 0 0
8.18009 -50.1722 85.865 0.458776 0.0260208 0.888171 239.65 0 0
9.25035 -50.1673 85.218 0.507998 0.0237719 0.86103 240.311 0 0
10.4746 -50.0287 84.368 0.553016 0.0214903 0.832893 240.768 0 0
11.249 -49.8592 83.6889 0.593023 0.0198186 0.804942 241.266 0 0
12.0728 -49.3615 82.9522 0.627538 0.0192571 0.778347 241.755 0 0
12.8718 -48.7048 82.2522 0.656127 0.0200749 0.754383 242.194 0 0
13.5084 -47.9943 81.6456 0.678336 0.0223473 0.734412 242.615 0 0
14.0377 -47.2411 81.081 0.693785 0.0260841 0.71971 243.289 0 0
14.6325 -45.7083 80.4182 0.702256 0.0313788 0.711233 243.725 0 0
14.7732 -44.5433 80.1667 0.703694 0.0384895 0.709459 244.08 0 0
14.7813 -43.5223 80.0899 0.698169 0.0478007 0.714336 244.597 0 0
14.6836 -42.0157 80.1186 0.685857 0.0596824 0.725285 245.146 0 0
14.3756 -40.5576 80.3281 0.667055 0.0743175 0.741292 245.65 0 0
13.6184 -39.6043 80.9541 0.642134 0.0915867 0.761102 246.09 0 0
12.8942 -38.8633 81.5169 0.61139 0.111068 0.783496 246.779 0 0
11.633 -37.9769 82.4535 0.57493 0.132136 0.807462 247.326 0 0
10.5795 -37.5467 83.1695 0.532711 0.154087 0.832152 247.82 0 0
9.62271 -37.2043 83.6777 0.484781 0.176192 0.856705 248.34 0 0
8.60496 -36.8312 84.1172 0.431578 0.197704 0.880144 248.965 0 0
7.36418 -36.2811 84.5886 0.374025 0.217834 0.901473 249.455 0 0
6.41486 -35.7915 84.9001 0.31328 0.235791 0.919923 250.241 0 0
4.87173 -35.1134 85.2167 0.250232 0.250837 0.935128 250.853 0 0
3.59176 -34.8664 85.3994 0.18513 0.26232 0.947056 251.386 0 0
2.43599 -34.7976 85.526 0.117679 0.269676 0.955733 252.01 0 0
1.08214 -34.8776 85.6046 0.0475548 0.272461 0.960991 252.483 0 0
0.0516101 -35.0061 85.6495 -0.0250097 0.270479 0.962401 253.05 0 0
-1.14773 -35.2108 85.6858 -0.0989232 0.263949 0.959451 253.538 0 0
-2.15655 -35.4356 85.6637 -0.172372 0.253553 0.95184 254.285 0 0
-3.67741 -35.7606 85.4656 -0.243305 0.240312 0.939709 255.022 0 0
-5.22441 -36.112 85.0354 -0.310003 0.225326 0.923648 255.702 0 0
-6.63247 -36.3344 84.4896 -0.371456 0.209516 0.904502 256.222 0 0
-7.65197 -36.2956 83.9364 -0.427365 0.193467 0.883136 256.806 0 0
-8.77994 -36.0845 83.2346 -0.477833 0.177426 0.860346 257.362 0 0
-9.87349 -35.8964 82.4868 -0.522959 0.161425 0.836933 257.802 0 0
-10.7545 -35.8796 81.8653 -0.562603 0.145466 0.813829 258.229 0 0
-11.6246 -36.096 81.2575 -0.596431 0.129668 0.792122 258.678 0 0
-12.4854 -36.7 80.6775 -0.624154 0.114334 0.77289 259.136 0 0
-13.1766 -37.5987 80.1996 -0.645782 0.0999014 0.756958 259.54 0 0
-13.5441 -38.6103 79.9236 -0.661712 0.0868324 0.744713 259.949 0 0
-13.6138 -39.7725 79.9672 -0.672624 0.0754799 0.736125 260.519 0 0
-13.4465 -41.369 80.2895 -0.679233 0.0660077 0.730948 261.016 0 0
-13.1468 -42.6843 80.6252 -0.68205 0.0583734 0.728972 261.463 0 0
-12.9187 -43.9215 80.9227 -0.681217 0.0523523 0.730207 261.862 0 0
-12.7305 -45.0126 81.1612 -0.6765 0.0475826 0.734904 262.256 0 0
-12.5343 -46.0548 81.3821 -0.667398 0.0436334 0.743422 262.864 0 0
-12.2035 -47.6171 81.8353 -0.65337 0.040092 0.755976 263.311 0 0
-11.7638 -48.6067 82.2881 -0.634058 0.0366444 0.772417 263.904 0 0
-11.0088 -49.727 83.0324 -0.60939 0.0331177 0.792178 264.357 0 0
-10.1627 -50.0589 83.7096 -0.579543 0.0294785 0.814408 264.771 0 0
-9.35432 -50.1311 84.3365 -0.544778 0.0258005 0.838183 265.211 0 0
-8.46492 -50.1545 84.9214 -0.505302 0.0222216 0.862657 265.633 0 0
-7.61383 -50.1831 85.4542 -0.461329 0.0188992 0.887028 266.146 0 0
-6.5367 -50.1702 85.9644 -0.413505 0.0159656 0.910362 266.669 0 0
-5.42119 -50.1304 86.4635 -0.363532 0.013487 0.931484 267.165 0 0
-4.37979 -50.1131 86.902 -0.314536 0.0114307 0.949177 267.692 0 0
-3.29417 -50.113 87.2003 -0.270737 0.00965948 0.962605 268.214 0 0
-2.2011 -50.1281 87.4452 -0.236498 0.00798478 0.971599 268.724 0 0
-1.12683 -50.1509 87.6287 -0.215194 0.00627323 0.976551 269.25 0 0
-0.0278068 -50.1732 87.7538 -0.208477 0.00454323 0.978017 269.603 0 0
-0.0513455 -50.8823 87.764 -0.216172 0.00298294 0.976351 270.401 0 0
-1.62818 -50.85 87.5594 -0.236684 0.00187662 0.971585 270.917 0 0
-2.6929 -50.8422 87.3463 -0.267618 0.00148158 0.963524 271.405 0 0
-3.71089 -50.8245 87.1133 -0.306325 0.00192071 0.951925 271.904 0 0
-4.71868 -50.8434 86.758 -0.350206 0.00314532 0.936668 272.394 0 0
-5.72228 -50.8539 86.3514 -0.396791 0.00498449 0.917896 272.871 0 0
-6.71699 -50.884 85.8845 -0.443726 0.00724705 0.896133 273.328 0 0
-7.68987 -50.916 85.4265 -0.488821 0.00980937 0.872329 273.857 0 0
-8.73121 -50.8904 84.7603 -0.530205 0.0126355 0.847775 274.32 0 0
-9.65916 -50.8555 84.1433 -0.566529 0.015729 0.823892 274.736 0 0
-10.4533 -50.7909 83.5193 -0.597113 0.0190657 0.80193 275.323 0 0
-11.4775 -50.3344 82.6031 -0.621994 0.0225635 0.782697 275.748 0 0
-12.0058 -49.5086 82.0948 -0.641813 0.0261095 0.766416 276.222 0 0
-12.5024 -48.4713 81.5886 -0.65757 0.0296174 0.752811 276.603 0 0
-12.8204 -47.5805 81.2416 -0.670287 0.0330822 0.741364 277.011 0 0
-13.0235 -46.5507 80.9524 -0.680695 0.0366218 0.731651 277.469 0 0
-13.2291 -45.3349 80.7077 -0.689057 0.0405025 0.723574 277.994 0 0
-13.4594 -43.9364 80.4077 -0.695177 0.0451207 0.717422 278.372 0 0
-13.6666 -42.887 80.1361 -0.698534 0.0509155 0.713764 278.764 0 0
-13.9059 -41.8106 79.8243 -0.69849 0.0582345 0.713246 279.115 0 0
-14.0795 -40.8322 79.5717 -0.694479 0.0672225 0.716366 279.714 0 0
-14.1265 -39.0805 79.3442 -0.68613 0.0778061 0.723306 280.059 0 0
-14.017 -38.0528 79.3824 -0.673297 0.0897955 0.733899 280.424 0 0
-13.6114 -37.1206 79.7117 -0.655991 0.103029 0.747704 280.962 0 0
-12.7694 -36.0414 80.3243 -0.634292 0.117436 0.764122 281.347 0 0
-12.0455 -35.4958 80.8411 -0.608263 0.132976 0.782517 281.739 0 0
-11.2024 -35.1757 81.4339 -0.577819 0.149532 0.80235 282.25 0 0
-10.1093 -35.1114 82.16 -0.542623 0.166838 0.823241 282.697 0 0
-9.19388 -35.2418 82.8008 -0.502142 0.184448 0.844886 283.21 0 0
-8.17408 -35.4673 83.4925 -0.455924 0.20172 0.866858 283.835 0 0
-6.90628 -35.649 84.1796 -0.403985 0.217881 0.888439 284.271 0 0
-5.98341 -35.5941 84.5646 -0.347019 0.232204 0.908658 284.81 0 0
-4.85999 -35.3415 84.9717 -0.286247 0.244181 0.926519 285.568 0 0
-3.26237 -34.9504 85.3753 -0.222948 0.25354 0.941282 286.17 0 0
-2.01054 -34.6708 85.4567 -0.15799 0.260113 0.952565 286.805 0 0
-0.695304 -34.4063 85.4462 -0.0917125 0.263727 0.960227 287.312 0 0
0.397456 -34.2226 85.418 -0.0241881 0.26422 0.964159 287.859 0 0
1.59494 -34.0971 85.3416 0.0443989 0.261533 0.964173 288.304 0 0
2.61403 -34.0697 85.28 0.11354 0.255757 0.960051 288.994 0 0
4.15792 -34.2176 85.1277 0.182419 0.24708 0.95167 289.484 0 0
5.18692 -34.4537 84.9675 0.250057 0.235702 0.939104 290.243 0 0
6.63413 -35.1221 84.6335 0.315471 0.22184 0.92264 290.867 0 0
7.81706 -35.7746 84.2514 0.377802 0.205798 0.902725 291.404 0 0
8.88187 -36.2238 83.833 0.436372 0.188036 0.879899 292.064 0 0
10.1982 -36.6845 83.2357 0.490641 0.169166 0.854783 292.529 0 0
11.0848 -36.9852 82.7182 0.540117 0.149907 0.828131 292.979 0 0
11.9104 -37.3217 82.1376 0.584297 0.131005 0.800896 293.498 0 0
12.8651 -37.9256 81.438 0.622718 0.113133 0.774224 294.016 0 0
13.7045 -38.7878 80.8099 0.655058 0.0967738 0.749356 294.471 0 0
14.428 -39.507 80.179 0.681222 0.0821617 0.727452 294.922 0 0
14.9816 -40.5101 79.6893 0.701358 0.0693174 0.709431 295.28 0 0
15.1556 -41.5009 79.5431 0.715777 0.0581736 0.695902 295.629 0 0
15.2225 -42.5061 79.521 0.724838 0.0486893 0.687197 296.151 0 0
15.2908 -44.0587 79.5269 0.728863 0.040867 0.683439 296.58 0 0
15.2339 -45.3176 79.6794 0.728078 0.0346769 0.684617 297.045 0 0
14.9379 -46.57 80.0932 0.722541 0.0299716 0.690678 297.517 0 0
14.4675 -47.6613 80.6205 0.712022 0.026472 0.701658 297.879 0 0
13.9911 -48.3805 81.142 0.695917 0.0238362 0.717727 298.256 0 0
13.4711 -49.0475 81.7062 0.67333 0.0217567 0.739022 298.747 0 0
12.6997 -49.7943 82.4029 0.643347 0.020025 0.765313 299.161 0 0
11.98 -50.2925 83.0466 0.605399 0.0185356 0.795706 299.866 0 0
10.6779 -50.7495 84.2325 0.55958 0.0172332 0.828597 300.516 0 0
9.47085 -50.899 85.0951 0.506824 0.0160413 0.8619 301.032 0 0
8.48567 -50.8991 85.7032 0.448994 0.0148331 0.893412 301.837 0 0
6.84754 -50.865 86.4858 0.388908 0.0134852 0.921178 302.463 0 0
5.60172 -50.8441 86.9268 0.330269 0.0119856 0.943811 302.987 0 0
4.5562 -50.8269 87.2005 0.277373 0.0105062 0.960705 303.546 0 0
3.41157 -50.8166 87.4869 0.234556 0.00936045 0.972058 304.452 0 0
1.58016 -50.8688 87.6755 0.205506 0.00885353 0.978616 305.058 0 0
0.333041 -50.8808 87.7433 0.192675 0.00911627 0.98122 305.437 0 0
0.611324 -51.6041 87.7229 0.196953 0.0100393 0.980362 305.935 0 0
1.65301 -51.5724 87.6722 0.217602 0.0113538 0.975972 306.783 0 0
3.41837 -51.5469 87.491 0.252401 0.0127922 0.967538 307.281 0 0
4.41659 -51.5279 87.2545 0.29797 0.0142048 0.954469 307.981 0 0
5.84326 -51.5508 86.8823 0.350275 0.0155645 0.936518 308.503 0 0
6.84786 -51.5702 86.4958 0.405266 0.0168956 0.914043 309.19 0 0
8.18142 -51.579 85.8822 0.459471 0.0182032 0.888006 309.741 0 0
9.25517 -51.6572 85.2624 0.510358 0.0194515 0.859742 310.506 0 0
10.6389 -51.517 84.2634 0.556392 0.0206009 0.830664 311.017 0 0
11.5308 -51.3586 83.4947 0.596862 0.0216685 0.802051 311.632 0 0
12.5728 -50.7847 82.5511 0.631617 0.0227515 0.774947 312.04 0 0
13.2647 -50.2723 81.9327 0.660843 0.0239842 0.750141 312.443 0 0
13.834 -49.6075 81.3473 0.68491 0.025474 0.728182 312.821 0 0
14.3327 -48.9209 80.7907 0.704266 0.0272854 0.709412 313.239 0 0
14.878 -48.082 80.1846 0.719325 0.0294905 0.694048 313.64 0 0
15.3255 -47.1586 79.6523 0.730358 0.0322336 0.682303 314.114 0 0
15.6638 -45.9419 79.2225 0.737418 0.0357502 0.67449 314.521 0 0
15.789 -44.7892 78.9913 0.740332 0.0403315 0.67103 314.982 0 0
15.8195 -43.4272 78.8755 0.738759 0.0462699 0.672379 315.493 0 0
15.6851 -41.9092 78.949 0.732256 0.0538031 0.678901 315.955 0 0
15.52 -40.5309 79.0628 0.720362 0.0630545 0.690726 316.338 0 0
15.1468 -39.5201 79.4142 0.702715 0.0740033 0.707612 316.692 0 0
14.6298 -38.7933 79.885 0.679176 0.086535 0.728857 317.11 0 0
13.9245 -38.1134 80.5338 0.649878 0.100559 0.753357 317.764 0 0
12.8478 -36.9678 81.3328 0.615151 0.116067 0.779819 318.349 0 0
11.6909 -36.4555 82.1849 0.575376 0.133014 0.807001 318.765 0 0
10.8339 -36.1557 82.7101 0.530947 0.151069 0.833831 319.287 0 0
9.78292 -35.8174 83.3065 0.482377 0.169462 0.859416 319.812 0 0
8.73001 -35.4714 83.7616 0.430417 0.187126 0.883021 320.46 0 0
7.48921 -34.8248 84.1956 0.376023 0.203096 0.904079 321.01 0 0
6.46135 -34.2263 84.5113 0.320114 0.216873 0.922222 321.5 0 0
5.48294 -33.8035 84.6859 0.263223 0.228517 0.93728 321.967 0 0
4.51974 -33.5424 84.8719 0.205283 0.238418 0.949219 322.518 0 0
3.33877 -33.3843 84.9923 0.145748 0.246957 0.958003 323.072 0 0
2.10038 -33.313 85.1377 0.0840309 0.254257 0.963479 323.525 0 0
1.08234 -33.3782 85.2204 0.0199971 0.260125 0.965368 324.001 0 0
0.0474043 -33.5385 85.2108 -0.0457762 0.264152 0.963394 324.664 0 0
-1.41148 -33.8276 85.2541 -0.11207 0.265846 0.957479 325.263 0 0
-2.66266 -34.1267 85.1969 -0.177329 0.264736 0.947876 325.832 0 0
-3.87442 -34.382 85.0577 -0.24006 0.26042 0.935175 326.353 0 0
-4.88096 -34.684 84.7607 -0.299181 0.25265 0.920141 327.178 0 0
-6.61655 -34.9667 84.1139 -0.354215 0.241441 0.903459 327.652 0 0
-7.62645 -34.8404 83.6467 -0.405223 0.227139 0.885552 328.143 0 0
-8.57295 -34.6148 83.0391 -0.45254 0.210365 0.866576 328.599 0 0
-9.48143 -34.4263 82.428 -0.496439 0.191897 0.846595 329.049 0 0
-10.4215 -34.3331 81.8006 -0.536923 0.172556 0.825795 329.517 0 0
-11.4229 -34.4613 81.1524 -0.573725 0.153141 0.804604 330.038 0 0
-12.4491 -34.9269 80.3954 -0.606467 0.134389 0.783669 330.44 0 0
-13.2229 -35.578 79.8488 -0.634836 0.116926 0.763749 330.861 0 0
-13.8842 -36.4219 79.3393 -0.65869 0.101213 0.745576 331.343 0 0
-14.4647 -37.5917 78.8867 -0.678072 0.0875048 0.729768 331.719 0 0
-14.6448 -38.6823 78.7749 -0.693169 0.0758536 0.716773 332.137 0 0
-14.6601 -39.9351 78.8627 -0.704266 0.0661291 0.706849 332.525 0 0
-14.5828 -41.0857 79.0457 -0.711726 0.0580581 0.700054 332.881 0 0
-14.3715 -42.096 79.3372 -0.715965 0.0512774 0.69625 333.313 0 0
-14.1033 -43.3282 79.7101 -0.717401 0.0454057 0.695179 333.672 0 0
-13.9186 -44.344 79.9737 -0.716333 0.0401328 0.696603 334.295 0 0
-13.6524 -46.1078 80.3394 -0.71281 0.0352994 0.700468 334.658 0 0
-13.5216 -47.0847 80.5181 -0.706532 0.0309292 0.707005 335.052 0 0
-13.2594 -48.0895 80.8359 -0.696873 0.0271834 0.716679 335.534 0 0
-12.8045 -49.2109 81.3243 -0.683039 0.0242546 0.729979 335.963 0 0
-12.373 -50.1798 81.7562 -0.664288 0.0222447 0.747146 336.495 0 0
-11.6682 -51.2338 82.4462 -0.640108 0.0210746 0.767996 336.901 0 0
-10.8988 -51.496 83.1556 -0.61028 0.0204593 0.791921 337.379 0 0
-9.97457 -51.5925 83.9322 -0.574813 0.0199547 0.818042 337.801 0 0
-9.12762 -51.6311 84.5167 -0.533858 0.0190573 0.845359 338.356 0 0
-8.00188 -51.6262 85.2519 -0.487769 0.017335 0.872801 338.89 0 0
-6.87029 -51.5665 85.8238 -0.437411 0.0145705 0.899144 339.433 0 0
-5.71531 -51.5583 86.3628 -0.384659 0.010886 0.922994 339.953 0 0
-4.5827 -51.5755 86.7816 -0.332742 0.00678345 0.942993 340.495 0 0
-3.41292 -51.5463 87.1948 -0.286053 0.0030331 0.958209 341.018 0 0
-2.31511 -51.5839 87.4265 -0.249298 0.000408395 0.968427 341.626 0 0
-1.01426 -51.5598 87.6656 -0.226322 -0.000632822 0.974052 342.097 0 0
-0.0639221 -51.5627 87.7435 -0.219194 -0.000148118 0.975681 342.511 0 0
0.0265992 -52.395 87.7209 -0.227947 0.00133869 0.973673 343.037 0 0
-1.05436 -52.4309 87.6403 -0.250951 0.00311453 0.967995 343.774 0 0
-2.58449 -52.355 87.3804 -0.285541 0.00461083 0.958356 344.597 0 0
-4.31182 -52.3204 86.9088 -0.328576 0.00559776 0.944461 345.142 0 0
-5.4786 -52.3675 86.4875 -0.376776 0.00616304 0.926284 345.642 0 0
-6.51488 -52.3978 86.0186 -0.42693 0.00655782 0.904261 346.157 0 0
-7.59234 -52.3948 85.4756 -0.476139 0.00705016 0.879342 346.638 0 0
-8.57059 -52.3214 84.9203 -0.522077 0.00785516 0.852862 347.134 0 0
-9.54213 -52.3705 84.2596 -0.563186 0.00911849 0.82628 347.764 0 0
-10.743 -52.4826 83.3095 -0.598704 0.0109137 0.800896 348.219 0 0
-11.5618 -52.1747 82.5653 -0.628544 0.013244 0.777661 348.678 0 0
-12.3317 -51.6284 81.8205 -0.653072 0.0160496 0.757126 349.191 0 0
-12.9233 -50.5084 81.2207 -0.67289 0.0192169 0.739493 349.715 0 0
-13.526 -49.3335 80.6163 -0.688657 0.0225939 0.724736 350.164 0 0
-13.847 -48.2125 80.2508 -0.700962 0.0260145 0.712724 350.627 0 0
-14.1035 -47.0201 79.9073 -0.710265 0.0293247 0.703323 351.01 0 0
-14.178 -45.9362 79.7816 -0.716873 0.0323973 0.69645 351.385 0 0
-14.3988 -44.9137 79.4884 -0.720943 0.0351484 0.692102 351.825 0 0
-14.6245 -43.6802 79.164 -0.722481 0.0375844 0.690368 352.18 0 0
-14.8422 -42.678 78.8535 -0.721329 0.0398887 0.691443 352.585 0 0
-15.0489 -41.484 78.5602 -0.717164 0.0425138 0.695606 352.97 0 0
-15.181 -40.3294 78.3455 -0.709561 0.0462073 0.703127 353.42 0 0
-15.2085 -38.9678 78.2093 -0.698124 0.0519158 0.714092 353.808 0 0
-15.131 -37.7925 78.2124 -0.682661 0.0605648 0.728221 354.223 0 0
-14.8684 -36.5961 78.4129 -0.663283 0.072777 0.744822 354.591 0 0
-14.249 -35.8593 78.9471 -0.64038 0.0886235 0.762928 355.112 0 0
-13.3878 -34.8299 79.6316 -0.614457 0.107524 0.781589 355.672 0 0
-12.314 -33.9488 80.4226 -0.585904 0.128386 0.800146 356.303 0 0
-10.8962 -33.5792 81.3283 -0.554773 0.149949 0.818378 356.749 0 0
-9.91062 -33.5269 81.9697 -0.52069 0.171147 0.836415 357.166 0 0
-9.01326 -33.6737 82.5207 -0.483008 0.19127 0.85447 357.56 0 0
-8.17715 -33.8344 83.0612 -0.441191 0.209862 0.87253 358.017 0 0
-7.26378 -34.1462 83.6168 -0.395207 0.226497 0.89023 358.568 0 0
-6.05899 -34.2468 84.1586 -0.345635 0.240681 0.906978 359.102 0 0
-4.89869 -33.9096 84.5331 -0.293428 0.251955 0.922181 359.538 0 0
-4.00062 -33.5458 84.7824 -0.239515 0.260113 0.9354 360.016 0 0
-2.97621 -33.531 84.973 -0.18448 0.265312 0.946349 360.517 0 0
-1.93247 -33.1292 84.9827 -0.128471 0.26795 0.954829 361.005 0 0
-0.855248 -32.8984 84.9982 -0.0713499 0.268384 0.960666 361.568 0 0
0.418798 -32.7716 85.0241 -0.0129556 0.266718 0.963687 362.045 0 0
1.48059 -32.5313 85.0106 0.0466625 0.262823 0.963715 362.563 0 0
2.60361 -32.6069 84.8835 0.107176 0.256546 0.960571 363.107 0 0
3.84928 -32.6682 84.7338 0.168059 0.247913 0.954094 363.579 0 0
4.90811 -32.8981 84.5982 0.228709 0.237164 0.944164 364.225 0 0
6.25327 -33.3485 84.3099 0.288503 0.224662 0.930749 364.655 0 0
7.12843 -33.8211 84.1447 0.346788 0.210758 0.913958 365.266 0 0
8.29343 -34.4656 83.7726 0.402876 0.195718 0.894083 365.776 0 0
9.31736 -34.821 83.3652 0.456078 0.179723 0.871604 366.314 0 0
10.3317 -35.3038 82.8774 0.505756 0.16295 0.847147 366.762 0 0
11.2055 -35.4916 82.338 0.55137 0.145683 0.821443 367.43 0 0
12.513 -36.0669 81.4645 0.592508 0.128357 0.795273 367.943 0 0
13.4777 -36.6714 80.7395 0.628923 0.111508 0.769429 368.356 0 0
14.1274 -37.4291 80.2555 0.660537 0.0956378 0.744677 368.733 0 0
14.7458 -37.9889 79.6809 0.687393 0.0811276 0.72174 369.399 0 0
15.6931 -39.3312 78.7706 0.709581 0.0682349 0.701313 369.818 0 0
16.0466 -40.4728 78.4477 0.727175 0.0571389 0.68407 370.155 0 0
16.1422 -41.4926 78.3741 0.740229 0.0479487 0.670643 370.776 0 0
16.3094 -43.38 78.289 0.74879 0.0406638 0.661559 371.215 0 0
16.3755 -44.7004 78.2705 0.752938 0.0351301 0.657154 371.592 0 0
16.2025 -45.7965 78.5568 0.752808 0.0310286 0.657508 372.059 0 0
15.912 -47.095 78.9626 0.748597 0.0279097 0.662437 372.421 0 0
15.5684 -47.9872 79.3662 0.740495 0.0252741 0.671586 372.772 0 0
15.165 -48.8299 79.886 0.728551 0.0226866 0.684616 373.142 0 0
14.608 -49.522 80.5257 0.71253 0.019894 0.701359 373.788 0 0
13.7464 -50.8207 81.4653 0.691877 0.0168966 0.721818 374.164 0 0
13.1546 -51.3714 82.0653 0.665821 0.0139228 0.745982 374.645 0 0
12.2716 -51.8011 82.8574 0.633606 0.0113007 0.773574 375.248 0 0
11.1378 -52.1665 83.8483 0.594748 0.00929098 0.803859 375.711 0 0
10.2645 -52.3216 84.5308 0.549257 0.00798315 0.835615 376.257 0 0
9.23676 -52.5406 85.2895 0.497774 0.00729576 0.867276 376.958 0 0
7.84607 -52.3903 86.0627 0.441574 0.00703609 0.897197 377.517 0 0
6.73045 -52.388 86.5733 0.38242 0.00695624 0.923962 378 0 0
5.7694 -52.3675 86.9164 0.322244 0.00679013 0.946632 378.505 0 0
4.75069 -52.3647 87.1993 0.262767 0.00629317 0.964839 379.141 0 0
3.4557 -52.2368 87.4846 0.205166 0.00529478 0.978713 379.861 0 0
1.96262 -52.406 87.6425 0.149892 0.00374361 0.988695 380.377 0 0
0.853019 -52.3286 87.7244 0.0966902 0.00171866 0.995313 380.417 0 0
0.770855 -52.3333 87.7295 0.0447833 -0.000601194 0.998997 380.45 0 0
0.700899 -52.3265 87.7292 -0.00684625 -0.00299378 0.9999 380.45 0 0
