22.8984 44.9914 71.4073 0.521399 -0.00698669 0.853284 0 1 1
22.9209 43.86 71.3841 0.522414 -0.0068903 0.852664 0.613521 0 1
22.9767 42.7803 71.3411 0.523573 -0.00683195 0.851953 0.867153 0 1
23.5653 43.3764 70.9825 0.524823 -0.00683546 0.851184 1.15345 0 1
23.5496 44.4197 71.0046 0.526026 -0.00690213 0.850441 1.43917 0 1
23.4265 45.4497 71.0869 0.527038 -0.00700344 0.849813 1.60412 0 1
22.9175 45.4007 71.399 0.527783 -0.00708834 0.84935 1.8149 0 1
22.2904 45.5934 71.7891 0.528279 -0.00709873 0.849041 2.1538 0 1
22.2595 44.3691 71.802 0.52862 -0.00699104 0.84883 2.49231 0 1
22.2971 43.1666 71.7568 0.528931 -0.00675881 0.848638 2.84678 0 1
22.4271 41.9078 71.6669 0.529333 -0.00644225 0.84839 3.22632 0 1
23.419 41.1966 71.0618 0.529926 -0.00611708 0.848022 3.67383 0 1
24.1533 42.55 70.6088 0.530779 -0.00587419 0.84749 4.00464 0 1
24.1816 43.7636 70.6092 0.531894 -0.00580366 0.846791 4.32444 0 1
24.1525 44.9398 70.6314 0.533175 -0.00597406 0.845984 4.6098 0 1
24.0669 45.9809 70.6895 0.534419 -0.00639287 0.845196 5.01413 0 1
23.0685 46.8689 71.3162 0.535381 -0.00696859 0.844582 5.30346 0 1
22.3969 46.1745 71.724 0.53587 -0.00752236 0.844267 5.40603 0 1
22.3002 45.8186 71.7849 0.535828 -0.00786407 0.844291 5.62717 0 1
21.6867 46.1378 72.1881 0.535335 -0.00788246 0.844603 5.97287 0 1
21.6447 44.9123 72.2031 0.534564 -0.00757694 0.845094 6.31991 0 1
21.6584 43.6926 72.1773 0.533711 -0.00701279 0.845638 6.70361 0 1
21.6988 42.366 72.1107 0.532953 -0.00624855 0.846122 7.1248 0 1
21.8894 40.8713 71.9991 0.532435 -0.0052984 0.846454 7.51219 0 1
22.9741 40.3452 71.3394 0.53225 -0.00415445 0.846577 7.98979 0 1
24.385 40.6688 70.4551 0.532431 -0.00284607 0.846469 8.29822 0 1
24.6987 41.7272 70.255 0.532962 -0.00148747 0.846138 8.72834 0 1
24.7768 43.324 70.2394 0.533797 -0.000274041 0.845613 9.02916 0 1
24.7853 44.4376 70.2421 0.53488 0.000577579 0.844928 9.31092 0 1
24.7429 45.4759 70.2539 0.536161 0.000919998 0.844115 9.58484 0 1
24.6764 46.4962 70.2977 0.53758 0.000754137 0.843213 10.0117 0 1
23.785 47.6832 70.8564 0.539045 0.000252677 0.842277 10.3436 0 1
22.7535 47.6747 71.5183 0.540414 -0.000296272 0.841399 10.6699 0 1
21.8592 47.1417 72.0821 0.541511 -0.000602587 0.840694 10.9361 0 1
21.6884 46.2085 72.1876 0.54217 -0.00048262 0.840269 11.1519 0 1
21.0598 46.3588 72.5986 0.54229 8.74498e-05 0.840191 11.4589 0 1
21.158 47.4232 72.548 0.541858 0.000975871 0.84047 11.7353 0 1
21.606 48.228 72.2615 0.540935 0.00193688 0.841062 12.2254 0 1
23.0414 48.4837 71.3176 0.539624 0.00268337 0.841902 12.6756 0 1
24.4508 48.5009 70.4176 0.538042 0.00298499 0.842913 12.9408 0 1
25.1705 47.9619 69.9707 0.536312 0.00275401 0.844015 13.2151 0 1
25.3006 46.9313 69.8933 0.534565 0.00206841 0.845125 13.4944 0 1
25.3458 45.8734 69.8699 0.532916 0.0011211 0.846168 13.7706 0 1
25.376 44.8296 69.8656 0.531428 0.000133224 0.847104 14.0474 0 1
25.3837 43.7929 69.875 0.530108 -0.000729054 0.84793 14.3333 0 1
25.3651 42.7277 69.8628 0.528928 -0.00141706 0.848665 14.6263 0 1
25.3757 41.6283 69.8387 0.527865 -0.00202019 0.849326 15.1437 0 1
24.8223 39.8047 70.1734 0.526931 -0.00271686 0.849904 15.4471 0 1
23.9008 39.5751 70.7618 0.526181 -0.00366968 0.850365 15.9117 0 1
22.4918 39.5674 71.6412 0.525709 -0.00493246 0.85065 16.2437 0 1
21.5243 39.8303 72.2323 0.525631 -0.00642726 0.850688 16.5156 0 1
21.1895 40.694 72.4303 0.526069 -0.00798548 0.850404 16.8072 0 1
21.0862 41.7096 72.4794 0.527123 -0.00940389 0.849737 17.1644 0 1
21.0443 42.9779 72.5397 0.528831 -0.0104818 0.848662 17.5257 0 1
21.0373 44.2235 72.5852 0.53112 -0.0110445 0.847225 17.8731 0 1
21.0398 45.4045 72.601 0.533768 -0.010971 0.84556 17.9071 0 1
21.0411 45.5224 72.6014 0.536426 -0.010226 0.843885 18.137 0 1
20.4221 45.8396 72.9926 0.538705 -0.00887727 0.842448 18.4313 0 1
20.4428 46.8704 73.0086 0.540284 -0.0070832 0.841453 18.7973 0 1
20.545 48.1319 72.9622 0.541006 -0.00505366 0.841004 19.1874 0 1
21.258 49.1761 72.4948 0.5409 -0.00299992 0.841081 19.5893 0 1
22.419 49.2666 71.7116 0.540145 -0.00109908 0.841571 19.8986 0 1
23.377 49.3028 71.0884 0.538974 0.000510773 0.842322 20.2477 0 1
24.4927 49.2949 70.3856 0.537575 0.00171283 0.843214 20.53 0 1
25.3966 49.3906 69.8177 0.536045 0.00240246 0.844186 20.7879 0 1
25.8591 48.5667 69.532 0.534433 0.00251127 0.845207 21.2674 0 1
26.0002 46.7307 69.4569 0.532809 0.00205315 0.846233 21.5347 0 1
26.0233 45.7121 69.4471 0.531295 0.00115037 0.847186 21.8211 0 1
26.0205 44.6246 69.4633 0.53001 6.44794e-06 0.847992 22.1233 0 1
26.0192 43.4862 69.471 0.528991 -0.00116368 0.848627 22.3976 0 1
26.0565 42.4545 69.4299 0.528176 -0.00220163 0.849132 22.8343 0 1
25.988 40.811 69.4633 0.527448 -0.00303791 0.849582 23.1673 0 1
25.945 39.5654 69.4685 0.526716 -0.00369334 0.850034 23.5055 0 1
25.0416 38.8453 70.0319 0.525963 -0.00426986 0.850497 23.8662 0 1
23.9314 38.6259 70.7427 0.525243 -0.00492845 0.850938 24.203 0 1
22.9137 38.659 71.381 0.524635 -0.00583634 0.851307 24.5038 0 1
22.0124 38.6632 71.9248 0.524209 -0.00709172 0.85156 24.8106 0 1
21.0961 38.7154 72.4811 0.524006 -0.00867129 0.85167 25.216 0 1
20.5687 39.9856 72.8102 0.524041 -0.0104425 0.851629 25.5899 0 1
20.3961 41.2595 72.9038 0.524302 -0.0122344 0.851444 25.8816 0 1
20.3273 42.2712 72.9615 0.524761 -0.0139199 0.851136 26.2235 0 1
20.3634 43.4434 72.9741 0.525367 -0.0154601 0.850735 26.5782 0 1
20.3879 44.6522 72.9982 0.526061 -0.0168957 0.850279 26.621 0 1
20.3899 44.7982 73.0017 0.526748 -0.0183026 0.849761 26.621 0 1
