58.2317 -44.2029 35.4497 0.810077 -0.0189818 0.586016 0 1 1
58.2553 -43.1937 35.4499 0.808685 -0.0182554 0.587958 0.32908 0 1
58.6277 -43.4526 34.9264 0.807541 -0.0175812 0.589549 0.564111 0 1
58.6838 -44.661 34.8161 0.806859 -0.0169544 0.5905 0.711736 0 1
58.2323 -44.5818 35.4367 0.80679 -0.0163497 0.590612 0.863114 0 1
57.7788 -44.8063 36.0502 0.807318 -0.0157285 0.589907 1.05772 0 1
57.7798 -43.8022 36.0837 0.808236 -0.0150504 0.588666 1.28742 0 1
57.9419 -42.6634 35.9015 0.809213 -0.0142899 0.587342 1.5234 0 1
58.5154 -41.9691 35.1361 0.809911 -0.0134546 0.586399 1.72913 0 1
59.0889 -42.2759 34.3177 0.810125 -0.0125968 0.586122 1.99315 0 1
59.1869 -43.624 34.1412 0.809858 -0.0118087 0.586507 2.26377 0 1
59.1385 -45.0277 34.1818 0.809314 -0.0111975 0.587269 2.47535 0 1
58.8055 -45.9811 34.6256 0.808807 -0.0108481 0.587974 2.74534 0 1
57.9745 -45.8571 35.7737 0.808637 -0.0107949 0.588209 2.93694 0 1
57.7796 -44.9328 36.0473 0.808988 -0.0110232 0.587722 3.09343 0 1
57.3345 -45.2756 36.6279 0.809874 -0.0114956 0.586491 3.41303 0 1
57.7885 -46.7424 36.0151 0.811138 -0.0121717 0.584729 3.61245 0 1
58.3724 -46.9275 35.2094 0.812481 -0.0129985 0.582842 3.87219 0 1
59.1414 -46.6936 34.1358 0.813551 -0.0138903 0.581327 4.09938 0 1
59.5398 -45.7144 33.5955 0.814032 -0.0147354 0.580633 4.30801 0 1
59.6237 -44.6406 33.4967 0.813733 -0.0154289 0.581034 4.61943 0 1
59.6269 -43.0316 33.5162 0.81263 -0.0159021 0.582563 4.86543 0 1
59.5248 -41.7702 33.6955 0.810853 -0.0161243 0.585027 5.06909 0 1
59.021 -41.2055 34.4571 0.80864 -0.0160948 0.588084 5.30808 0 1
58.2978 -41.1589 35.4358 0.806274 -0.015846 0.59133 5.5115 0 1
57.6792 -41.3929 36.2591 0.804045 -0.0154584 0.594368 5.75091 0 1
57.4055 -42.5395 36.6218 0.802224 -0.0150582 0.596834 6.08964 0 1
57.3291 -44.2225 36.6545 0.801057 -0.0147824 0.598406 6.12241 0 1
57.3294 -44.3912 36.6483 0.800739 -0.0147229 0.598832 6.26955 0 1
56.8805 -44.5669 37.2366 0.801368 -0.0148827 0.597986 6.4856 0 1
56.8849 -45.6793 37.2138 0.802908 -0.0151784 0.595909 6.77701 0 1
57.0509 -47.1441 36.9746 0.80519 -0.0154921 0.592815 6.96792 0 1
57.5742 -47.6001 36.2805 0.807946 -0.0157425 0.589046 7.19514 0 1
58.2529 -47.6914 35.3514 0.810857 -0.0159266 0.585027 7.42378 0 1
58.9431 -47.6714 34.3898 0.81358 -0.0161093 0.58123 7.74447 0 1
59.826 -47.0323 33.1365 0.815777 -0.0163764 0.578135 7.97394 0 1
60.0133 -45.8657 32.9035 0.817169 -0.0167792 0.576154 8.23202 0 1
60.0552 -44.519 32.8713 0.817592 -0.0173041 0.575538 8.56541 0 1
60.0585 -42.7987 32.8955 0.817028 -0.0178796 0.57632 8.82465 0 1
60.04 -41.4392 32.9537 0.815586 -0.0184125 0.578343 9.04699 0 1
59.608 -40.5667 33.6357 0.813448 -0.0188283 0.581333 9.27009 0 1
58.9542 -40.3849 34.5802 0.81081 -0.0190974 0.584997 9.4776 0 1
58.3219 -40.3563 35.4353 0.807857 -0.0192407 0.589065 9.69887 0 1
57.6307 -40.3992 36.3479 0.804773 -0.0193161 0.593269 9.88414 0 1
57.1193 -40.8562 37.0246 0.801776 -0.0193961 0.597309 10.1384 0 1
56.9612 -42.1273 37.2196 0.799123 -0.019544 0.60085 10.4174 0 1
56.908 -43.5117 37.2274 0.797061 -0.0197913 0.603574 10.5052 0 1
56.8931 -43.9618 37.2301 0.795788 -0.020121 0.605241 10.6498 0 1
56.4473 -43.8172 37.8115 0.795435 -0.0204675 0.605693 10.8476 0 1
56.4755 -42.8017 37.8166 0.796083 -0.020744 0.604832 11.1672 0 1
56.5214 -41.1842 37.8196 0.797754 -0.0208781 0.602622 11.4049 0 1
56.6459 -40.0187 37.6926 0.800391 -0.0208326 0.599116 11.6075 0 1
57.2025 -39.6004 36.9594 0.803831 -0.0206006 0.594501 11.8575 0 1
57.9687 -39.553 35.9374 0.807812 -0.0201958 0.589094 12.0559 0 1
58.5836 -39.56 35.1204 0.812022 -0.0196533 0.583296 12.3133 0 1
59.3384 -39.6117 34.0581 0.816145 -0.0190389 0.577534 12.5376 0 1
59.9948 -39.7195 33.098 0.819897 -0.0184472 0.572213 12.7362 0 1
60.4694 -40.2713 32.3576 0.823036 -0.0179821 0.567704 13.0033 0 1
60.4811 -41.6995 32.2963 0.825355 -0.0177297 0.564336 13.2466 0 1
60.4739 -42.9858 32.285 0.826683 -0.0177363 0.562388 13.5179 0 1
60.4688 -44.3847 32.2611 0.826899 -0.0179925 0.562063 13.7407 0 1
60.4733 -45.533 32.2274 0.825944 -0.0184238 0.563452 13.9971 0 1
60.3844 -46.8625 32.3255 0.823836 -0.018896 0.566513 14.1941 0 1
60.2262 -47.8578 32.5234 0.820687 -0.0192483 0.571053 14.4089 0 1
59.6436 -48.332 33.3636 0.816712 -0.0193466 0.576721 14.7266 0 1
58.6932 -48.4521 34.7184 0.812213 -0.0191332 0.583046 14.9243 0 1
58.0951 -48.4425 35.5384 0.807533 -0.0186488 0.589528 15.1288 0 1
57.4694 -48.3818 36.3914 0.80298 -0.0180159 0.595733 15.3815 0 1
56.7104 -48.1165 37.4034 0.798782 -0.0173901 0.60137 15.6038 0 1
56.4675 -47.0546 37.7287 0.79508 -0.0168984 0.606269 15.8863 0 1
56.4289 -45.6054 37.8048 0.791977 -0.0165958 0.610326 16.103 0 1
56.4324 -44.4935 37.8189 0.78958 -0.0164603 0.613427 16.2819 0 1
55.9153 -44.1396 38.4831 0.788018 -0.0164242 0.615433 16.4852 0 1
55.9392 -43.098 38.4788 0.78742 -0.0164156 0.616198 16.7016 0 1
55.9448 -42.0032 38.5141 0.787897 -0.0163849 0.615589 16.9412 0 1
55.9847 -40.8065 38.4963 0.789521 -0.0163075 0.613507 17.1803 0 1
56.0984 -39.6129 38.3939 0.792303 -0.0161754 0.609913 17.3771 0 1
56.3821 -38.7253 38.0662 0.796161 -0.0159898 0.604873 17.583 0 1
56.9975 -38.8038 37.2509 0.800889 -0.0157571 0.598605 17.871 0 1
57.8859 -38.7375 36.0747 0.806169 -0.0154827 0.591483 18.1299 0 1
58.6904 -38.7622 34.9998 0.811616 -0.0151714 0.583994 18.3428 0 1
59.3131 -38.7262 34.1104 0.816856 -0.01484 0.576651 18.5569 0 1
59.9629 -38.6725 33.1847 0.821588 -0.0145305 0.569897 18.8902 0 1
60.8636 -39.1934 31.7835 0.82562 -0.0143064 0.564045 19.1072 0 1
61.0236 -40.333 31.5258 0.828851 -0.0142304 0.559289 19.4447 0 1
60.8993 -42.1316 31.6544 0.831221 -0.0143458 0.555757 19.6476 0 1
60.8825 -43.2048 31.6465 0.832675 -0.0146715 0.553568 19.8368 0 1
60.9383 -44.1991 31.5503 0.833144 -0.0152061 0.552847 20.0448 0 1
61.0016 -45.2826 31.4354 0.832572 -0.0159244 0.553688 20.2379 0 1
60.8987 -46.2807 31.5583 0.830939 -0.0167636 0.55611 20.432 0 1
60.7998 -47.293 31.667 0.828278 -0.0176133 0.560041 20.7261 0 1
60.6356 -48.8371 31.8829 0.824671 -0.0183306 0.565316 20.9481 0 1
60.017 -49.2631 32.7811 0.82026 -0.0187875 0.571683 21.2767 0 1
59.0352 -49.2614 34.2076 0.815256 -0.0189249 0.578791 21.4759 0 1
58.4309 -49.2868 35.0436 0.809949 -0.0187744 0.5862 21.6893 0 1
57.7784 -49.2603 35.9367 0.804674 -0.0184346 0.593431 21.9061 0 1
57.113 -49.2549 36.8332 0.799753 -0.0180231 0.600058 22.1279 0 1
56.4385 -49.0571 37.7245 0.795416 -0.0176343 0.605807 22.3371 0 1
56.0188 -48.2426 38.2794 0.791738 -0.0173189 0.610615 22.6885 0 1
55.8838 -46.4819 38.4532 0.788632 -0.0170827 0.614629 22.9164 0 1
55.8881 -45.3016 38.4904 0.78588 -0.0168997 0.618148 22.9864 0 1
55.8984 -44.9437 38.4904 0.783187 -0.0167299 0.621514 22.9864 0 1
