-45.568 -41.3282 49.7961 -0.760687 -0.00670339 0.649084 0 1 0
-44.7268 -41.7528 50.77 -0.759002 -0.00624893 0.651058 0.531692 0 0
-43.9929 -41.8112 51.6011 -0.757692 -0.00592222 0.652586 0.835758 0 0
-43.2148 -41.052 52.4858 -0.756838 -0.00577516 0.653577 1.1183 0 0
-44.0443 -41.3984 51.5467 -0.75641 -0.00581478 0.654072 1.36276 0 0
-44.74 -40.9997 50.7575 -0.756283 -0.00599266 0.654217 1.56052 0 0
-45.3274 -41.1583 50.0799 -0.756284 -0.00621631 0.654214 1.75424 0 0
-45.5473 -40.3239 49.8294 -0.756242 -0.00637974 0.654261 1.97953 0 0
-46.1966 -40.6579 49.0718 -0.756033 -0.00639908 0.654503 2.19336 0 0
-46.699 -41.2958 48.4787 -0.755607 -0.00623655 0.654996 2.41419 0 0
-46.0947 -41.7953 49.1737 -0.754985 -0.00590464 0.655715 2.65644 0 0
-45.4023 -42.2233 49.9809 -0.754237 -0.00545374 0.656579 2.98949 0 0
-44.4059 -42.5292 51.1274 -0.753455 -0.00495342 0.657481 3.25703 0 0
-43.5963 -42.3894 52.0463 -0.752736 -0.00447469 0.658307 3.5345 0 0
-42.7492 -42.412 53.0079 -0.752174 -0.00407547 0.658952 3.75665 0 0
-42.0732 -42.3989 53.7746 -0.751842 -0.00379196 0.659332 4.00168 0 0
-41.3338 -42.303 54.6113 -0.751779 -0.00364032 0.659405 4.38994 0 0
-42.237 -41.1726 53.5918 -0.75198 -0.00362822 0.659176 4.63047 0 0
-42.8256 -40.5274 52.926 -0.752398 -0.00376489 0.658698 5.04382 0 0
-44.0645 -40.1645 51.5341 -0.75297 -0.00405905 0.658042 5.27935 0 0
-44.7759 -40.1511 50.7203 -0.753631 -0.00450794 0.657282 5.35538 0 0
-45.0044 -40.1884 50.4565 -0.754324 -0.00508744 0.656482 5.52901 0 0
-45.1585 -39.4177 50.2842 -0.754993 -0.00574611 0.655707 5.76868 0 0
-45.8735 -39.6239 49.4551 -0.75557 -0.0064022 0.655037 6.19455 0 0
-47.1145 -40.2379 48.0113 -0.755972 -0.00694956 0.654567 6.43327 0 0
-47.6762 -40.9709 47.3496 -0.756121 -0.00727949 0.654391 6.69086 0 0
-47.0961 -41.838 48.0063 -0.755955 -0.00731365 0.654582 6.97593 0 0
-46.3084 -42.4733 48.9175 -0.755441 -0.00703002 0.655179 7.35547 0 0
-45.2008 -43.0754 50.2015 -0.754566 -0.0064661 0.656192 7.57147 0 0
-44.5513 -43.2321 50.9561 -0.753325 -0.00569909 0.657623 7.90952 0 0
-43.5237 -43.1962 52.1249 -0.751709 -0.00481629 0.659477 8.28697 0 0
-42.3747 -43.1316 53.4303 -0.749691 -0.00389281 0.661777 8.50914 0 0
-41.6994 -43.0809 54.1979 -0.747232 -0.00298486 0.664556 8.79427 0 0
-40.8488 -42.8471 55.1586 -0.744301 -0.00213467 0.66784 9.06267 0 0
-40.0381 -42.8692 56.0594 -0.740897 -0.00137447 0.671617 9.39668 0 0
-39.0463 -43.0939 57.1529 -0.737066 -0.000722236 0.67582 9.69281 0 0
-38.1936 -43.4058 58.0952 -0.73291 -0.000176386 0.680325 10.014 0 0
-37.262 -43.7021 59.0832 -0.728574 0.000279095 0.684967 10.3163 0 0
-36.3779 -43.9364 60.02 -0.724241 0.000658913 0.689547 10.5718 0 0
-35.6337 -44.0865 60.8043 -0.72013 0.000962439 0.693838 10.8089 0 0
-34.9301 -44.1182 61.5139 -0.716485 0.00117289 0.697602 11.0722 0 0
-34.1615 -43.9103 62.2887 -0.713547 0.00127022 0.700606 11.3732 0 0
-33.3321 -43.4373 63.1202 -0.711523 0.00124819 0.702661 11.6278 0 0
-32.6849 -42.8995 63.756 -0.710554 0.00112356 0.703642 11.9072 0 0
-32.3308 -41.8628 64.0936 -0.710699 0.000931081 0.703496 12.1642 0 0
-32.8968 -41.1563 63.5421 -0.711929 0.000706908 0.702251 12.4883 0 0
-33.78 -40.6539 62.6663 -0.714134 0.000471795 0.700009 12.7737 0 0
-34.609 -40.4588 61.8357 -0.717135 0.000226124 0.696934 13.0995 0 0
-35.5652 -40.4038 60.859 -0.720716 -4.05264e-05 0.69323 13.4739 0 0
-36.6601 -40.5817 59.7287 -0.724644 -0.000334465 0.689124 13.7605 0 0
-37.4828 -40.8073 58.8556 -0.728683 -0.000649495 0.684851 13.9921 0 0
-38.1465 -41.0738 58.1431 -0.732618 -0.000969515 0.680639 14.4047 0 0
-39.3503 -41.2498 56.8255 -0.736279 -0.00127792 0.676677 14.705 0 0
-40.2347 -41.1863 55.8483 -0.739561 -0.00156721 0.673088 14.9536 0 0
-40.9678 -41.0155 55.0379 -0.742426 -0.00184516 0.669925 15.2251 0 0
-41.7263 -40.6323 54.1779 -0.744896 -0.00213624 0.667177 15.5567 0 0
-42.6066 -39.9586 53.1757 -0.747018 -0.00247641 0.664799 15.8013 0 0
-43.2981 -39.5414 52.3991 -0.748851 -0.00290145 0.662732 16.0227 0 0
-43.9631 -39.3572 51.6512 -0.750451 -0.00343363 0.660917 16.2408 0 0
-44.6255 -39.3295 50.8996 -0.751864 -0.00407382 0.659306 16.4148 0 0
-44.7758 -38.5594 50.7311 -0.753119 -0.00479996 0.657867 16.6504 0 0
-45.4826 -38.6995 49.9125 -0.754225 -0.00556865 0.656592 16.989 0 0
-46.4896 -39.0582 48.7437 -0.755176 -0.00632125 0.655492 17.2704 0 0
-47.3166 -39.4943 47.7893 -0.755958 -0.00699823 0.654582 17.4857 0 0
-47.9059 -39.9664 47.098 -0.756564 -0.00755497 0.653876 17.7034 0 0
-48.4489 -40.5878 46.4606 -0.756988 -0.00796483 0.65338 17.9645 0 0
-49.1708 -41.1546 45.6058 -0.757219 -0.00820676 0.653109 18.2066 0 0
-48.4616 -41.5841 46.4313 -0.757238 -0.00825178 0.653087 18.5058 0 0
-47.6201 -42.2388 47.3905 -0.757019 -0.00806414 0.653343 18.7264 0 0
-47.012 -42.7431 48.0942 -0.75654 -0.0076196 0.653903 19.0946 0 0
-45.9769 -43.5111 49.2892 -0.755781 -0.00692902 0.654787 19.4853 0 0
-44.7972 -43.9216 50.6555 -0.754729 -0.00605045 0.656009 19.7391 0 0
-44.0242 -43.9863 51.5517 -0.753368 -0.005079 0.65758 19.9727 0 0
-43.3152 -43.9327 52.3592 -0.751684 -0.00411737 0.659511 20.1936 0 0
-42.646 -43.8845 53.1204 -0.749662 -0.00324126 0.661813 20.46 0 0
-41.8381 -43.8437 54.039 -0.747289 -0.00247632 0.664495 20.6984 0 0
-41.1172 -43.7689 54.8571 -0.744552 -0.00179671 0.667562 20.9448 0 0
-40.3743 -43.7399 55.6909 -0.741444 -0.0011455 0.671014 21.2763 0 0
-39.382 -43.8559 56.7807 -0.737967 -0.000467585 0.674837 21.5601 0 0
-38.5525 -44.0868 57.7 -0.734132 0.000259923 0.679006 21.9034 0 0
-37.5594 -44.414 58.7682 -0.729961 0.00101429 0.683488 22.1384 0 0
-36.8732 -44.6013 59.4934 -0.725493 0.00173519 0.688227 22.4238 0 0
-36.0355 -44.7666 60.3831 -0.720824 0.00234636 0.693114 22.7376 0 0
-35.1012 -44.8865 61.3448 -0.716145 0.00277882 0.697946 22.977 0 0
-34.3887 -44.786 62.0641 -0.711755 0.00298917 0.702422 23.2466 0 0
-33.6225 -44.4515 62.8333 -0.708022 0.00297182 0.706184 23.5438 0 0
-32.8232 -43.9481 63.6306 -0.705299 0.00276337 0.708904 23.8063 0 0
-32.1529 -43.3978 64.2682 -0.703834 0.00243643 0.71036 24.1079 0 0
-31.6302 -42.383 64.762 -0.703726 0.00208271 0.710469 24.4806 0 0
-32.0243 -40.9505 64.3889 -0.704924 0.00178966 0.70928 24.8384 0 0
-32.9367 -40.2225 63.5014 -0.707261 0.00161791 0.706951 25.1326 0 0
-33.7639 -39.8566 62.6858 -0.710489 0.00158834 0.703707 25.4961 0 0
-34.819 -39.6558 61.625 -0.714326 0.00168293 0.699811 25.7553 0 0
-35.575 -39.6283 60.8466 -0.718501 0.00185426 0.695524 26.0458 0 0
-36.431 -39.725 59.965 -0.722777 0.00203359 0.691078 26.3872 0 0
-37.4134 -40.0078 58.9307 -0.726968 0.00213654 0.686668 26.6422 0 0
-38.1427 -40.2714 58.1448 -0.730933 0.00207605 0.682446 26.8994 0 0
-38.8928 -40.42 57.324 -0.734576 0.00178793 0.678524 27.1527 0 0
-39.6404 -40.4864 56.5039 -0.737844 0.00125728 0.67497 27.414 0 0
-40.4113 -40.3755 55.6527 -0.740728 0.000525022 0.671804 27.6735 0 0
-41.1631 -40.1048 54.8191 -0.743249 -0.000333988 0.669014 27.9528 0 0
-41.9219 -39.6355 53.954 -0.745443 -0.00124661 0.666568 28.2194 0 0
-42.6458 -39.1164 53.1386 -0.747351 -0.00216691 0.664426 28.5345 0 0
-43.5551 -38.6781 52.1164 -0.749017 -0.00307988 0.662544 28.7608 0 0
-44.2357 -38.5388 51.3452 -0.75049 -0.00399036 0.660869 28.9376 0 0
-44.3826 -37.7531 51.186 -0.75182 -0.00490982 0.65935 29.1629 0 0
-45.0629 -37.8071 50.4024 -0.753046 -0.00584593 0.657941 29.4724 0 0
-45.9909 -38.0613 49.3269 -0.75419 -0.00679346 0.656621 29.7554 0 0
-46.8434 -38.3829 48.3465 -0.755253 -0.00772805 0.655388 29.974 0 0
-47.4873 -38.7163 47.6035 -0.756224 -0.00860742 0.654257 30.3262 0 0
-48.4369 -39.5281 46.4878 -0.757088 -0.00938053 0.653245 30.5948 0 0
-49.1522 -40.1945 45.6422 -0.757832 -0.00999766 0.652374 30.8272 0 0
-49.828 -40.6066 44.846 -0.758441 -0.0104137 0.651658 31.0603 0 0
-50.5262 -40.9479 44.024 -0.758903 -0.0105863 0.651117 31.2654 0 0
-51.1669 -41.1385 43.271 -0.759206 -0.0104816 0.650766 31.5754 0 0
-51.8587 -42.2215 42.4444 -0.759342 -0.0100924 0.650614 31.8719 0 0
-50.9095 -42.3842 43.5483 -0.759314 -0.00946138 0.650656 32.0907 0 0
-50.2448 -42.0476 44.3325 -0.759138 -0.00868197 0.650872 32.3619 0 0
-49.3809 -42.0124 45.3474 -0.758832 -0.00786873 0.651238 32.6007 0 0
-48.6563 -42.3353 46.1924 -0.75841 -0.00711069 0.651739 32.9542 0 0
-47.6543 -43.0707 47.3457 -0.75787 -0.00643994 0.652373 33.2342 0 0
-46.8875 -43.7113 48.2338 -0.757194 -0.00583505 0.653165 33.4841 0 0
-46.1844 -44.2104 49.0455 -0.756346 -0.00525318 0.654151 33.8303 0 0
-45.1379 -44.5915 50.2465 -0.755281 -0.00466574 0.655384 34.0774 0 0
-44.3811 -44.738 51.1271 -0.753949 -0.00407281 0.65692 34.3107 0 0
-43.6714 -44.7342 51.9512 -0.752302 -0.00349005 0.658809 34.53 0 0
-43.0109 -44.6537 52.7028 -0.750305 -0.00292398 0.661085 34.751 0 0
-42.3453 -44.6056 53.4629 -0.747938 -0.0023587 0.663765 35.1441 0 0
-41.162 -44.5682 54.8077 -0.745188 -0.00176332 0.666852 35.3672 0 0
-40.4934 -44.5731 55.5616 -0.742042 -0.00111106 0.670353 35.7003 0 0
-39.498 -44.6591 56.6507 -0.738473 -0.000394587 0.674283 35.9757 0 0
-38.6887 -44.8509 57.5453 -0.73445 0.000369694 0.678663 36.2871 0 0
-37.7869 -45.1369 58.5271 -0.729954 0.0011447 0.683495 36.6604 0 0
-36.7017 -45.4175 59.6794 -0.725013 0.00187728 0.688733 36.9279 0 0
-35.9115 -45.5585 60.5217 -0.719736 0.0025067 0.694243 37.2357 0 0
-34.9972 -45.6548 61.4558 -0.714346 0.00298155 0.699787 37.4941 0 0
-34.2317 -45.5283 62.2283 -0.709162 0.00327925 0.705038 37.9007 0 0
-33.0967 -44.9682 63.3673 -0.704559 0.00341329 0.709638 38.1799 0 0
-32.3537 -44.4839 64.0875 -0.700896 0.00342259 0.713256 38.5376 0 0
-31.48 -43.6545 64.913 -0.698451 0.00335278 0.71565 38.8764 0 0
-30.9699 -42.4427 65.3803 -0.697378 0.00324307 0.716697 39.1822 0 0
-31.1054 -41.2075 65.2471 -0.697691 0.0031229 0.716392 39.5099 0 0
-31.7572 -40.189 64.6449 -0.69929 0.00301412 0.714831 39.7934 0 0
-32.4765 -39.6176 63.9436 -0.701996 0.00293314 0.712175 40.0461 0 0
-33.1843 -39.2505 63.2587 -0.705575 0.00289108 0.708629 40.3697 0 0
-34.1141 -38.9741 62.3391 -0.709766 0.00289235 0.704432 40.6724 0 0
-34.9856 -38.8299 61.4515 -0.714302 0.00292957 0.699832 41.0335 0 0
-36.0422 -38.8557 60.3631 -0.718935 0.00297312 0.695071 41.2858 0 0
-36.781 -39.015 59.6024 -0.723458 0.00296255 0.690362 41.5588 0 0
-37.5546 -39.2727 58.7722 -0.727713 0.00281419 0.685876 41.8524 0 0
-38.3988 -39.5712 57.8614 -0.731596 0.00245024 0.681734 42.0973 0 0
-39.1197 -39.6982 57.0716 -0.73505 0.00183656 0.67801 42.3459 0 0
-39.8583 -39.6955 56.2608 -0.738067 0.00100586 0.674727 42.5965 0 0
-40.5959 -39.5316 55.4446 -0.740675 4.94857e-05 0.671863 42.8504 0 0
-41.3187 -39.1932 54.6389 -0.742931 -0.000921582 0.669367 43.1118 0 0
-42.0251 -38.7123 53.8391 -0.744895 -0.00182541 0.667179 43.3444 0 0
-42.6651 -38.2784 53.1254 -0.746622 -0.00263884 0.665243 43.6985 0 0
-43.6904 -37.8413 51.9713 -0.748159 -0.0033931 0.663511 43.7385 0 0
-43.8104 -37.8141 51.8358 -0.749544 -0.00414374 0.661942 43.9225 0 0
-43.9566 -36.9978 51.678 -0.750816 -0.00493712 0.660493 44.1408 0 0
-44.6126 -36.9695 50.923 -0.752005 -0.00579215 0.659131 44.3591 0 0
-45.275 -37.052 50.1599 -0.753135 -0.00670183 0.657832 44.7409 0 0
-46.4286 -37.4101 48.8367 -0.754212 -0.00764438 0.656587 44.9687 0 0
-47.1131 -37.6647 48.0479 -0.755223 -0.00858939 0.655412 45.1946 0 0
-47.7749 -38.0137 47.2809 -0.756137 -0.00949687 0.654345 45.4358 0 0
-48.4257 -38.5737 46.5164 -0.756909 -0.0103197 0.653439 45.6874 0 0
-49.0879 -39.2154 45.7354 -0.757501 -0.0110152 0.652741 45.9765 0 0
-49.8886 -39.8617 44.7895 -0.757904 -0.0115572 0.652263 46.1836 0 0
-50.5098 -40.1717 44.0592 -0.758153 -0.0119382 0.651967 46.5333 0 0
-51.6055 -40.4281 42.7671 -0.758313 -0.0121573 0.651778 46.7512 0 0
-52.2863 -40.6703 41.9579 -0.758452 -0.0122046 0.651615 46.9609 0 0
-52.3889 -41.7221 41.8288 -0.758612 -0.0120565 0.651431 47.1882 0 0
-52.3108 -42.8571 41.9059 -0.7588 -0.0116912 0.651219 47.424 0 0
-52.0941 -43.9923 42.1338 -0.758987 -0.0111122 0.651012 47.6398 0 0
-51.4515 -43.5498 42.8865 -0.75913 -0.0103604 0.650857 47.9432 0 0
-50.5354 -43 43.9765 -0.759185 -0.00950858 0.650805 48.1634 0 0
-49.8419 -42.8044 44.7936 -0.759119 -0.00864594 0.650894 48.4585 0 0
-48.9139 -43.0287 45.8806 -0.758919 -0.00785842 0.651137 48.7135 0 0
-48.1638 -43.4724 46.7523 -0.758593 -0.00720452 0.651525 48.9612 0 0
-47.4933 -44.0582 47.5306 -0.758155 -0.0066944 0.65204 49.1773 0 0
-46.9114 -44.5708 48.1947 -0.757609 -0.00628765 0.652678 49.3976 0 0
-46.283 -44.9701 48.9323 -0.756933 -0.00591684 0.653466 49.6706 0 0
-45.4634 -45.2669 49.8728 -0.756077 -0.00552465 0.65446 49.9282 0 0
-44.6757 -45.4594 50.7716 -0.754982 -0.00508979 0.655726 50.1621 0 0
-43.9562 -45.5239 51.6081 -0.753596 -0.00462381 0.657322 50.3787 0 0
-43.3033 -45.4473 52.3674 -0.751887 -0.0041447 0.659279 50.6061 0 0
-42.6218 -45.3699 53.1453 -0.749838 -0.00365357 0.661612 50.8606 0 0
-41.8606 -45.3601 54.015 -0.747436 -0.00313439 0.664326 51.2183 0 0
-40.794 -45.3637 55.2227 -0.744675 -0.00257166 0.667422 51.5244 0 0
-39.876 -45.4078 56.2342 -0.741551 -0.0019651 0.670894 51.752 0 0
-39.1983 -45.5155 56.9757 -0.738063 -0.00132893 0.67473 52.0627 0 0
-38.2927 -45.7823 57.9747 -0.734208 -0.000680907 0.678924 52.3459 0 0
-37.4722 -46.0228 58.8596 -0.729968 -3.37618e-05 0.683481 52.591 0 0
-36.7551 -46.1876 59.6266 -0.725327 0.000603681 0.688404 52.8219 0 0
-36.076 -46.3061 60.3524 -0.720305 0.00121695 0.693656 53.0825 0 0
-35.3022 -46.4273 61.1441 -0.714998 0.00177546 0.699125 53.3539 0 0
-34.4918 -46.3959 61.9717 -0.709591 0.00223256 0.70461 53.5934 0 0
-33.804 -46.1698 62.6648 -0.704353 0.00254263 0.709845 54.046 0 0
-32.5631 -45.4722 63.8867 -0.699595 0.00268517 0.714534 54.3423 0 0
-31.7818 -44.9295 64.6395 -0.695631 0.00267657 0.718394 54.6832 0 0
-30.9438 -44.1366 65.4142 -0.692734 0.00256128 0.721188 54.9603 0 0
-30.4576 -43.2031 65.8607 -0.691107 0.00239256 0.722748 55.2467 0 0
-30.3017 -42.0511 65.9998 -0.690855 0.00221714 0.72299 55.5252 0 0
-30.5072 -40.9558 65.8034 -0.691968 0.0020673 0.721925 55.9144 0 0
-31.2436 -39.7123 65.1293 -0.694327 0.00195548 0.719657 56.2036 0 0
-31.9632 -39.087 64.435 -0.697725 0.00187037 0.716363 56.5464 0 0
-32.9042 -38.5502 63.5248 -0.701905 0.00177925 0.712269 56.8189 0 0
-33.6869 -38.2648 62.763 -0.706593 0.00163978 0.707618 57.075 0 0
-34.4322 -38.1219 62.0169 -0.711528 0.0014161 0.702657 57.3646 0 0
-35.2758 -38.052 61.1513 -0.716475 0.00109043 0.697612 57.7606 0 0
-36.4458 -38.116 59.9453 -0.721244 0.000666009 0.692681 58.0406 0 0
-37.2528 -38.3681 59.1013 -0.725687 0.000164093 0.688025 58.2824 0 0
-37.9325 -38.6309 58.3647 -0.729709 -0.000380372 0.683758 58.5175 0 0
-38.614 -38.8642 57.6254 -0.733258 -0.000923844 0.67995 58.7582 0 0
-39.3227 -38.9648 56.8467 -0.736318 -0.00142204 0.676634 59.0003 0 0
-40.043 -38.905 56.0553 -0.738895 -0.00184063 0.673818 59.2398 0 0
-40.7389 -38.6813 55.2799 -0.741003 -0.00216426 0.671499 59.4836 0 0
-41.4242 -38.2972 54.5165 -0.742654 -0.00239743 0.669671 59.728 0 0
-42.0857 -37.8245 53.7789 -0.743862 -0.00255577 0.668328 59.959 0 0
-42.7203 -37.402 53.0707 -0.744633 -0.00265279 0.667469 60.173 0 0
-43.3369 -37.1299 52.3768 -0.744966 -0.00268907 0.667097 60.3634 0 0
-43.4508 -36.2801 52.2518 -0.744847 -0.00264934 0.66723 60.6216 0 0
-42.6917 -36.5617 53.1059 -0.744242 -0.00251034 0.667905 60.8494 0 0
-42.0655 -36.9831 53.8074 -0.743115 -0.00225652 0.66916 61.1111 0 0
-41.361 -37.5023 54.5915 -0.741435 -0.0018946 0.671022 61.515 0 0
-40.219 -38.0972 55.8626 -0.739195 -0.00145974 0.67349 61.7598 0 0
-39.4915 -38.2209 56.6636 -0.736409 -0.00101331 0.676536 61.9914 0 0
-38.8037 -38.1574 57.4194 -0.733107 -0.000632888 0.680113 62.3672 0 0
-37.722 -37.7581 58.5946 -0.729328 -0.000393721 0.684164 62.6613 0 0
-36.8738 -37.4269 59.49 -0.725121 -0.00034596 0.688621 62.9132 0 0
-36.1373 -37.2496 60.2606 -0.720551 -0.000496522 0.693402 63.151 0 0
-35.4302 -37.2546 60.9905 -0.715702 -0.000800874 0.698406 63.4152 0 0
-34.6476 -37.3103 61.797 -0.71069 -0.00116611 0.703505 63.7306 0 0
-33.7123 -37.4621 62.7372 -0.70567 -0.00146743 0.70854 64.0496 0 0
-32.7826 -37.7531 63.6425 -0.700837 -0.0015792 0.713319 64.3163 0 0
-32.0325 -38.1411 64.3636 -0.696423 -0.00141499 0.71763 64.564 0 0
-31.3623 -38.5949 65.0025 -0.692672 -0.000961677 0.721252 64.8675 0 0
-30.6468 -39.3766 65.687 -0.689816 -0.000290063 0.723984 65.1672 0 0
-30.0942 -40.3342 66.1903 -0.688041 0.000466681 0.725671 65.5118 0 0
-29.6797 -41.6098 66.5744 -0.687463 0.00115967 0.726218 65.8359 0 0
-29.749 -42.9055 66.5166 -0.688115 0.00167546 0.7256 66.0883 0 0
-30.0087 -43.8663 66.281 -0.689952 0.00196666 0.723852 66.5343 0 0
-30.9427 -45.1878 65.4245 -0.692866 0.00204714 0.721064 66.9364 0 0
-32.0149 -45.9569 64.4208 -0.696696 0.0019612 0.717364 67.1999 0 0
-32.7145 -46.4007 63.7431 -0.70124 0.00175266 0.712923 67.4494 0 0
-33.3908 -46.7883 63.0816 -0.706254 0.00145266 0.707957 67.7565 0 0
-34.2459 -47.1466 62.2219 -0.711472 0.00108303 0.702714 68.1533 0 0
-35.4019 -47.1949 61.0415 -0.716645 0.000661189 0.697437 68.4404 0 0
-36.2539 -47.0481 60.1687 -0.721591 0.000199421 0.69232 68.6879 0 0
-36.9725 -46.9366 59.4002 -0.726213 -0.000297179 0.68747 68.9618 0 0
-37.7673 -46.7583 58.5456 -0.730492 -0.000826293 0.68292 69.2235 0 0
-38.5146 -46.5314 57.7257 -0.734448 -0.00137772 0.678664 69.4673 0 0
-39.2192 -46.3044 56.951 -0.738092 -0.00192803 0.674697 69.7028 0 0
-39.919 -46.1913 56.1848 -0.741417 -0.00245174 0.67104 69.9294 0 0
-40.5979 -46.1521 55.4423 -0.744406 -0.00294246 0.667721 70.2419 0 0
-41.5123 -46.135 54.4058 -0.747051 -0.00342353 0.664758 70.5885 0 0
-42.5394 -46.113 53.2354 -0.749369 -0.00393721 0.662141 70.8311 0 0
-43.2597 -46.198 52.4097 -0.751398 -0.00452405 0.659834 71.0943 0 0
-44.0397 -46.3247 51.5028 -0.753182 -0.00520867 0.657792 71.3264 0 0
-44.7451 -46.2105 50.6902 -0.754755 -0.00599447 0.65598 71.542 0 0
-45.4053 -46.0525 49.9367 -0.756127 -0.00686123 0.654389 71.9291 0 0
-46.5605 -45.6639 48.5956 -0.757286 -0.00776478 0.653037 72.2674 0 0
-47.5007 -44.9641 47.5048 -0.758208 -0.00864419 0.651955 72.4906 0 0
-48.0858 -44.3833 46.8357 -0.75888 -0.00943706 0.651162 72.7214 0 0
-48.7316 -43.9127 46.0835 -0.759304 -0.0100954 0.650657 72.9779 0 0
-49.5112 -43.6292 45.1666 -0.7595 -0.0105977 0.650421 73.2011 0 0
-50.2188 -43.6851 44.3343 -0.759487 -0.0109595 0.65043 73.431 0 0
-50.9157 -44.0312 43.5076 -0.759291 -0.0112398 0.650654 73.7271 0 0
-51.7245 -44.8158 42.5504 -0.75895 -0.0115301 0.651047 73.9299 0 0
-52.2759 -45.3716 41.9022 -0.75853 -0.0119169 0.651529 74.1333 0 0
-52.7311 -44.6221 41.3855 -0.758115 -0.0124353 0.652003 74.3885 0 0
-52.7828 -43.3365 41.3495 -0.757782 -0.0130434 0.652378 74.6066 0 0
-52.8636 -42.2443 41.2786 -0.757577 -0.0136365 0.652604 74.8444 0 0
-52.9027 -41.058 41.2445 -0.757497 -0.0140907 0.652686 75.0444 0 0
-52.8721 -40.0476 41.3099 -0.757498 -0.0143073 0.652681 75.2789 0 0
-52.1402 -39.6926 42.1595 -0.757507 -0.0142342 0.652672 75.5053 0 0
-51.4031 -39.6671 43.0272 -0.75745 -0.0138624 0.652745 75.7594 0 0
-50.5995 -39.4464 43.9683 -0.757277 -0.013213 0.65296 76.0509 0 0
-49.7448 -38.8911 44.9755 -0.756967 -0.012326 0.653336 76.3133 0 0
-49.0361 -38.2335 45.8123 -0.756527 -0.0112552 0.653865 76.5517 0 0
-48.4066 -37.6042 46.5542 -0.755974 -0.0100656 0.654524 76.7936 0 0
-47.7314 -37.0845 47.3467 -0.755334 -0.00883148 0.655281 77.082 0 0
-46.8622 -36.747 48.3503 -0.754648 -0.00763285 0.656086 77.3235 0 0
-46.1304 -36.4956 49.1865 -0.753973 -0.00655019 0.656873 77.6557 0 0
-45.114 -36.2318 50.3497 -0.753373 -0.0056596 0.657569 77.9232 0 0
-44.294 -36.1908 51.2947 -0.752907 -0.00502829 0.658108 78.1734 0 0
-43.5323 -36.2691 52.1597 -0.752615 -0.00470679 0.658444 78.1938 0 0
-43.4708 -36.2757 52.2293 -0.752522 -0.0047193 0.65855 78.3774 0 0
-43.2134 -35.5347 52.5211 -0.752634 -0.00505991 0.65842 78.7387 0 0
-44.3002 -35.4028 51.2929 -0.752927 -0.0056995 0.658079 78.9947 0 0
-45.0715 -35.427 50.4044 -0.753356 -0.00659764 0.65758 79.218 0 0
-45.7488 -35.5675 49.6241 -0.75386 -0.00770944 0.656989 79.6062 0 0
-46.9401 -35.9453 48.2762 -0.754383 -0.0089825 0.656373 79.8643 0 0
-47.7146 -36.1946 47.3792 -0.754879 -0.0103486 0.655783 80.0883 0 0
-48.3609 -36.5792 46.6244 -0.755314 -0.0117197 0.655259 80.3069 0 0
-48.9211 -37.1804 45.9637 -0.755667 -0.0129952 0.654827 80.5516 0 0
-49.5722 -37.8187 45.1967 -0.755937 -0.0140781 0.654493 80.8501 0 0
-50.3969 -38.5309 44.2273 -0.75614 -0.0148936 0.654241 81.0768 0 0
-51.0828 -38.8687 43.4255 -0.756314 -0.0153996 0.654027 81.3204 0 0
-51.8544 -38.9519 42.518 -0.756499 -0.0155854 0.653809 81.6029 0 0
-52.7695 -38.7225 41.4691 -0.756714 -0.0154618 0.653563 81.8286 0 0
-53.3933 -39.3158 40.734 -0.756945 -0.0150546 0.653305 82.0408 0 0
-53.4264 -40.3731 40.668 -0.757155 -0.0144087 0.653076 82.2911 0 0
-53.3795 -41.6273 40.6923 -0.757311 -0.0135961 0.652913 82.5223 0 0
-53.3254 -42.7904 40.7271 -0.757407 -0.0127147 0.65282 82.7219 0 0
-53.2684 -43.8018 40.7724 -0.757469 -0.0118732 0.652763 82.9393 0 0
-53.2071 -44.9076 40.824 -0.757555 -0.0111671 0.652675 83.2169 0 0
-53.1502 -46.3213 40.8685 -0.757725 -0.0106579 0.652487 83.4576 0 0
-53.0345 -47.5304 40.9903 -0.758016 -0.0103623 0.652154 83.574 0 0
-52.6477 -47.5463 41.4346 -0.758426 -0.0102551 0.651678 83.8093 0 0
-52.1336 -46.671 42.044 -0.75891 -0.0102823 0.651114 84.0457 0 0
-51.6388 -45.7766 42.6336 -0.759393 -0.0103733 0.650549 84.2844 0 0
-51.067 -44.9767 43.3104 -0.759794 -0.0104461 0.65008 84.5761 0 0
-50.1794 -44.4791 44.3632 -0.760039 -0.010415 0.649794 84.8075 0 0
-49.4379 -44.4232 45.2352 -0.760076 -0.0102101 0.649754 85.0118 0 0
-48.8094 -44.6626 45.9798 -0.759878 -0.00980268 0.649992 85.3663 0 0
-47.8513 -45.5439 47.0877 -0.759438 -0.00921717 0.650514 85.6927 0 0
-46.9525 -46.283 48.1208 -0.758761 -0.00851718 0.651314 85.9334 0 0
-46.2452 -46.6512 48.9498 -0.757841 -0.00777585 0.652392 86.2388 0 0
-45.3102 -46.832 50.0432 -0.756665 -0.00705208 0.653764 86.5285 0 0
-44.4378 -47.0994 51.0435 -0.755218 -0.00638531 0.655443 86.7513 0 0
-43.7526 -47.0616 51.8312 -0.753498 -0.00580049 0.657425 87.1013 0 0
-42.6952 -46.8703 53.0502 -0.751516 -0.00530655 0.659694 87.3496 0 0
-41.9525 -46.8983 53.8996 -0.749272 -0.00488327 0.662244 87.5807 0 0
-41.2646 -46.9354 54.6812 -0.746736 -0.00446977 0.665106 87.8092 0 0
-40.5868 -46.9275 55.4516 -0.743839 -0.00397431 0.668347 88.0422 0 0
-39.8918 -46.9748 56.2131 -0.740494 -0.00331141 0.672055 88.4049 0 0
-38.8194 -47.2361 57.3889 -0.736621 -0.00244544 0.676301 88.6729 0 0
-38.0414 -47.5143 58.2385 -0.732178 -0.00140777 0.681112 88.9788 0 0
-37.1455 -47.7099 59.217 -0.727178 -0.000275936 0.686449 89.2246 0 0
-36.426 -47.7901 59.991 -0.72171 0.000863772 0.692195 89.669 0 0
-35.108 -48.0238 61.3407 -0.715929 0.00194141 0.698171 89.9464 0 0
-34.2841 -47.9527 62.1846 -0.710041 0.00290722 0.704154 90.3995 0 0
-33.0027 -47.4096 63.4612 -0.70426 0.00372465 0.709933 90.6805 0 0
-32.2378 -46.9484 64.208 -0.698768 0.00436335 0.715335 90.9726 0 0
-31.456 -46.4327 64.9546 -0.693709 0.00479311 0.72024 91.2712 0 0
-30.6673 -45.8675 65.6922 -0.689212 0.00497733 0.724543 91.5523 0 0
-29.9711 -45.2115 66.3256 -0.685429 0.0048703 0.728123 91.819 0 0
-29.5069 -44.3197 66.748 -0.68255 0.0044282 0.730825 92.074 0 0
-29.2196 -43.354 67.0074 -0.680768 0.00363863 0.73249 92.4568 0 0
-29.027 -41.82 67.1735 -0.680227 0.00255438 0.732997 92.7609 0 0
-29.2749 -40.6511 66.9374 -0.680973 0.00130326 0.732308 93.0133 0 0
-29.6598 -39.7817 66.5886 -0.682931 5.82676e-05 0.730483 93.2897 0 0
-30.1463 -38.8841 66.1452 -0.685926 -0.00101602 0.72767 93.5809 0 0
-30.8307 -38.1425 65.5205 -0.689721 -0.00180774 0.724073 93.8448 0 0
-31.5102 -37.6149 64.872 -0.694069 -0.00227279 0.719905 94.1787 0 0
-32.4362 -37.0859 63.9898 -0.698755 -0.00242595 0.715357 94.4224 0 0
-33.1374 -36.8171 63.3125 -0.703611 -0.0023252 0.710582 94.704 0 0
-33.9508 -36.645 62.4975 -0.708513 -0.00205872 0.705695 95.0545 0 0
-34.9763 -36.4939 61.4613 -0.713366 -0.00173197 0.70079 95.3155 0 0
-35.7444 -36.4274 60.6693 -0.718089 -0.00145012 0.69595 95.5652 0 0
-36.4786 -36.5041 59.9055 -0.722608 -0.00129741 0.691257 95.8452 0 0
-37.2841 -36.768 59.0618 -0.726847 -0.0013208 0.686798 96.1394 0 0
-38.1048 -37.1333 58.178 -0.730733 -0.00152449 0.682661 96.4354 0 0
-38.9564 -37.4467 57.2538 -0.734199 -0.00187736 0.678932 96.7096 0 0
-39.7639 -37.4527 56.3655 -0.737184 -0.00232959 0.675688 96.9443 0 0
-40.4466 -37.2429 55.612 -0.739645 -0.00282816 0.672992 97.3651 0 0
-41.5907 -36.4817 54.3421 -0.741544 -0.00332041 0.670896 97.6206 0 0
-42.2643 -35.9505 53.588 -0.74286 -0.0037461 0.669436 97.858 0 0
-42.9336 -35.59 52.8378 -0.743579 -0.00403314 0.668636 98.0436 0 0
-42.9646 -34.7504 52.8096 -0.743695 -0.00411133 0.668507 98.2874 0 0
-42.2645 -35.0732 53.5934 -0.743211 -0.00394073 0.669046 98.5179 0 0
-41.6456 -35.5247 54.2865 -0.742132 -0.00353428 0.670245 98.7613 0 0
-41.0164 -36.0627 54.9889 -0.740471 -0.00295678 0.672082 98.9927 0 0
-40.386 -36.473 55.6879 -0.738253 -0.00230316 0.67452 99.3668 0 0
-39.2858 -36.7477 56.8912 -0.735527 -0.00167413 0.677494 99.625 0 0
-38.5298 -36.5436 57.7145 -0.732348 -0.00116185 0.680929 99.9289 0 0
-37.6684 -36.1301 58.645 -0.728768 -0.000841526 0.68476 100.189 0 0
-36.931 -35.8068 59.4342 -0.724811 -0.000759563 0.688947 100.456 0 0
-36.1492 -35.6503 60.2496 -0.720474 -0.000919128 0.693481 100.725 0 0
-35.36 -35.6315 61.0692 -0.715746 -0.00127132 0.69836 100.991 0 0
-34.5771 -35.7887 61.8656 -0.710635 -0.0017166 0.703559 101.359 0 0
-33.4974 -35.9289 62.9531 -0.705207 -0.00211808 0.708999 101.638 0 0
-32.6934 -36.1636 63.757 -0.699602 -0.00233035 0.714529 101.907 0 0
-31.9355 -36.5131 64.4793 -0.694038 -0.00224092 0.719935 102.168 0 0
-31.2124 -36.9215 65.1673 -0.688783 -0.00180592 0.724965 102.553 0 0
-30.2166 -37.739 66.0895 -0.68412 -0.00105865 0.729369 102.807 0 0
-29.6205 -38.4088 66.6255 -0.680297 -8.77926e-05 0.732936 103.101 0 0
-29.1409 -39.4028 67.0564 -0.677499 0.000998693 0.735523 103.405 0 0
-28.6779 -40.4437 67.468 -0.675837 0.00210394 0.737048 103.662 0 0
-28.3785 -41.3871 67.7497 -0.675357 0.00315644 0.737484 104.125 0 0
-28.5547 -43.2175 67.6147 -0.676049 0.00410847 0.736845 104.391 0 0
-28.8254 -44.2247 67.3766 -0.67786 0.00492607 0.735175 104.658 0 0
-29.1759 -45.185 67.063 -0.680692 0.00557912 0.732549 105.065 0 0
-30.0604 -46.3012 66.2579 -0.68442 0.00603566 0.729063 105.323 0 0
-30.7423 -46.7896 65.6348 -0.688903 0.00626249 0.724826 105.69 0 0
-31.7031 -47.4621 64.7242 -0.693987 0.00623421 0.71996 105.979 0 0
-32.4844 -47.9546 63.9791 -0.699491 0.00594757 0.714616 106.242 0 0
-33.2035 -48.349 63.278 -0.705205 0.00542891 0.708983 106.5 0 0
-33.9284 -48.6347 62.5583 -0.710914 0.00472528 0.703263 106.788 0 0
-34.747 -48.797 61.7189 -0.716438 0.00388528 0.69764 107.188 0 0
-35.9142 -48.7164 60.5184 -0.721666 0.00294697 0.692236 107.649 0 0
-37.2505 -48.4939 59.0949 -0.726543 0.00194327 0.687118 107.879 0 0
-37.9258 -48.4094 58.3568 -0.731054 0.000918295 0.682319 108.131 0 0
-38.651 -48.1051 57.5668 -0.735195 -6.25885e-05 0.677856 108.44 0 0
-39.5594 -47.8272 56.5757 -0.73897 -0.000922286 0.673737 108.688 0 0
-40.3019 -47.7298 55.7618 -0.742387 -0.00159972 0.66997 108.994 0 0
-41.2081 -47.7088 54.7403 -0.74545 -0.00207943 0.666558 109.242 0 0
-41.9424 -47.6853 53.9045 -0.748164 -0.00240268 0.66351 109.517 0 0
-42.7598 -47.6254 52.9678 -0.750528 -0.00265099 0.660833 109.74 0 0
-43.4205 -47.7536 52.2089 -0.752558 -0.00291185 0.658519 110.098 0 0
-44.5054 -47.8648 50.9653 -0.754286 -0.00324775 0.656538 110.323 0 0
-45.1717 -47.6127 50.1973 -0.755751 -0.0036841 0.654849 110.543 0 0
-45.8313 -47.499 49.4221 -0.75698 -0.00421655 0.653425 110.794 0 0
-46.597 -47.3425 48.524 -0.757972 -0.00482591 0.65227 111.047 0 0
-47.3355 -46.8987 47.6699 -0.7587 -0.00548848 0.651418 111.336 0 0
-48.1219 -46.2275 46.7654 -0.759125 -0.00617585 0.650915 111.692 0 0
-49.0584 -45.3184 45.6744 -0.759223 -0.00684641 0.650795 111.921 0 0
-49.7626 -45.1541 44.8387 -0.758997 -0.00744141 0.651051 112.161 0 0
-50.5117 -45.4248 43.9561 -0.758501 -0.00790151 0.651624 112.454 0 0
-51.2735 -46.2755 43.0525 -0.757831 -0.00820249 0.652399 112.659 0 0
-51.669 -47.0837 42.5764 -0.757114 -0.00838325 0.65323 113.031 0 0
-52.4771 -48.4525 41.6219 -0.756472 -0.00853741 0.65397 113.35 0 0
-53.3321 -49.3819 40.6312 -0.756005 -0.00876853 0.654507 113.565 0 0
-53.7312 -48.4664 40.1905 -0.755772 -0.00914023 0.654771 113.807 0 0
-53.7058 -47.2444 40.2276 -0.755791 -0.00965667 0.654741 114.101 0 0
-53.6984 -45.7598 40.2396 -0.756039 -0.010283 0.654445 114.318 0 0
-53.7536 -44.651 40.1888 -0.756452 -0.0109826 0.653956 114.515 0 0
-53.7682 -43.6474 40.192 -0.75694 -0.0117387 0.653379 114.774 0 0
-53.8434 -42.332 40.1364 -0.757402 -0.0125465 0.652828 115.006 0 0
-53.8719 -41.1489 40.1302 -0.757754 -0.0133885 0.652402 115.334 0 0
-53.9079 -39.4861 40.1317 -0.757937 -0.0142156 0.652173 115.543 0 0
-53.8907 -38.4563 40.1645 -0.757929 -0.014948 0.652166 115.789 0 0
-53.2787 -37.6901 40.9001 -0.75774 -0.0154945 0.652372 116.051 0 0
-52.4252 -38.023 41.884 -0.757402 -0.0157801 0.652758 116.248 0 0
-51.7915 -38.2369 42.6155 -0.756937 -0.0157696 0.653298 116.468 0 0
-51.0861 -38.1062 43.4425 -0.756358 -0.0154751 0.653975 116.726 0 0
-50.3237 -37.6369 44.3357 -0.755681 -0.0149439 0.654769 116.95 0 0
-49.739 -37.0267 45.025 -0.754941 -0.014237 0.655638 117.308 0 0
-48.8088 -36.0226 46.1131 -0.754188 -0.0134089 0.656522 117.516 0 0
-48.2291 -35.5448 46.7933 -0.753467 -0.0125015 0.657367 117.759 0 0
-47.4881 -35.2759 47.6604 -0.752799 -0.0115484 0.65815 117.988 0 0
-46.7888 -35.0822 48.4564 -0.752173 -0.0105818 0.65888 118.213 0 0
-46.1001 -34.8639 49.2289 -0.751558 -0.00963371 0.659596 118.448 0 0
-45.3775 -34.6874 50.0592 -0.750904 -0.00873043 0.660354 118.711 0 0
-44.5695 -34.6221 50.9898 -0.750151 -0.00788431 0.661219 119.013 0 0
-43.6502 -34.6534 52.0333 -0.749237 -0.00708952 0.662264 119.229 0 0
-42.9967 -34.7338 52.7736 -0.748102 -0.00632656 0.663553 119.417 0 0
-43.0218 -33.8894 52.7519 -0.746694 -0.00557423 0.665145 119.637 0 0
-42.3848 -34.1739 53.4657 -0.744961 -0.00482296 0.667091 119.883 0 0
-41.6727 -34.464 54.2621 -0.742853 -0.00408286 0.669443 120.134 0 0
-41.0643 -35.1123 54.9421 -0.740322 -0.00338254 0.672244 120.432 0 0
-40.2336 -35.5698 55.8604 -0.737333 -0.00276416 0.675524 120.791 0 0
-39.1977 -35.9778 56.9874 -0.733865 -0.00228449 0.679291 121.132 0 0
-38.2302 -35.5165 58.0388 -0.729909 -0.00202004 0.683541 121.478 0 0
-37.2457 -35.0545 59.0992 -0.725458 -0.0020541 0.688263 121.88 0 0
-36.0661 -34.8483 60.3351 -0.72051 -0.00243161 0.69344 122.133 0 0
-35.3391 -34.622 61.093 -0.715082 -0.00310264 0.699034 122.557 0 0
-34.1275 -35.0682 62.3201 -0.709242 -0.00389771 0.704954 122.821 0 0
-33.3553 -34.9905 63.0963 -0.70314 -0.00456188 0.711037 123.174 0 0
-32.3739 -35.4845 64.0684 -0.697006 -0.00483858 0.717049 123.498 0 0
-31.4684 -35.9271 64.9349 -0.691125 -0.00456359 0.722721 123.851 0 0
-30.4522 -36.3437 65.8903 -0.68578 -0.0037215 0.7278 124.182 0 0
-29.7015 -37.2552 66.5646 -0.68121 -0.00243846 0.732084 124.548 0 0
-28.8815 -38.2525 67.2884 -0.67758 -0.000922557 0.735449 124.797 0 0
-28.576 -39.1532 67.5602 -0.674982 0.000611302 0.737834 125.162 0 0
-28.0017 -40.3812 68.0697 -0.673446 0.00199899 0.739234 125.572 0 0
-27.769 -41.9932 68.3082 -0.672966 0.003153 0.739667 125.86 0 0
-27.8641 -43.1272 68.2347 -0.673521 0.00405678 0.739157 126.279 0 0
-28.2861 -44.7027 67.8656 -0.675088 0.00473537 0.737722 126.559 0 0
-28.6903 -45.6818 67.5061 -0.677631 0.00521677 0.735383 126.997 0 0
-29.6357 -46.8866 66.6564 -0.681089 0.0055055 0.73218 127.26 0 0
-30.3202 -47.3908 66.0315 -0.685359 0.00558656 0.728184 127.51 0 0
-30.971 -47.8732 65.426 -0.690299 0.00545526 0.723504 127.762 0 0
-31.6079 -48.389 64.8255 -0.695738 0.00514311 0.718277 128.18 0 0
-32.7617 -49.008 63.722 -0.70149 0.00471124 0.712664 128.527 0 0
-33.7509 -49.3323 62.7392 -0.707366 0.0042136 0.706834 128.916 0 0
-34.8661 -49.5535 61.6016 -0.713204 0.00366325 0.700947 129.169 0 0
-35.6085 -49.5513 60.8362 -0.718869 0.00303188 0.695139 129.518 0 0
-36.6222 -49.3037 59.782 -0.724259 0.00228153 0.689524 129.796 0 0
-37.4241 -49.3092 58.9081 -0.729293 0.00140124 0.6842 130.2 0 0
-38.5966 -48.9552 57.6301 -0.733908 0.000425548 0.679249 130.451 0 0
-39.3287 -48.6857 56.834 -0.738067 -0.000569264 0.674727 130.835 0 0
-40.4515 -48.3906 55.593 -0.741774 -0.00148594 0.670648 131.065 0 0
-41.1142 -48.6019 54.8387 -0.745057 -0.00223805 0.666997 131.423 0 0
-42.1752 -48.4276 53.6306 -0.747955 -0.00278303 0.663743 131.737 0 0
-43.1129 -48.4703 52.5559 -0.750496 -0.00314035 0.660867 132.027 0 0
-43.9489 -48.8855 51.6034 -0.7527 -0.0033833 0.658355 132.235 0 0
-44.5701 -48.8505 50.8834 -0.754587 -0.00360961 0.65619 132.525 0 0
-45.3758 -48.3182 49.9581 -0.756178 -0.00390915 0.654355 132.744 0 0
-46.0316 -48.2851 49.1873 -0.757488 -0.00434177 0.652835 132.965 0 0
-46.7033 -48.2338 48.3952 -0.758518 -0.00492572 0.651634 133.173 0 0
-47.279 -47.7782 47.7284 -0.75925 -0.00563467 0.650774 133.413 0 0
-47.9729 -47.3512 46.9235 -0.75967 -0.0064078 0.650278 133.767 0 0
-48.8323 -46.2756 45.933 -0.759783 -0.00717553 0.650137 133.983 0 0
-49.4622 -45.9199 45.1883 -0.759637 -0.00788858 0.650299 134.315 0 0
-50.4766 -46.3008 43.9859 -0.759301 -0.00852744 0.650683 134.551 0 0
-51.0015 -47.137 43.358 -0.758843 -0.00908344 0.65121 134.772 0 0
-51.4028 -48.0282 42.8685 -0.758303 -0.0095345 0.651832 135.071 0 0
-52.1005 -49.0512 42.0475 -0.757703 -0.00984824 0.652526 135.315 0 0
-52.7078 -49.8601 41.3397 -0.757067 -0.0100146 0.653261 135.651 0 0
-53.7253 -50.555 40.1608 -0.756445 -0.0100723 0.65398 135.869 0 0
-54.4432 -50.6748 39.3307 -0.755923 -0.0100946 0.654583 136.155 0 0
-54.289 -49.272 39.532 -0.755617 -0.0101395 0.654935 136.396 0 0
-54.268 -48.0473 39.5826 -0.755676 -0.0102105 0.654866 136.62 0 0
-54.3125 -46.9169 39.5404 -0.756262 -0.0102721 0.654188 136.89 0 0
-54.2376 -45.5562 39.6278 -0.757527 -0.0103224 0.652723 137.197 0 0
-54.2771 -44.0046 39.5959 -0.759576 -0.0104751 0.650334 137.406 0 0
-54.4473 -42.9788 39.4237 -0.762432 -0.0109857 0.646976 137.609 0 0
-54.4017 -41.9534 39.4994 -0.765999 -0.0121772 0.642726 137.828 0 0
-54.377 -40.8383 39.5493 -0.770049 -0.0142778 0.637825 138.058 0 0
-54.3999 -39.6753 39.5477 -0.774234 -0.0172562 0.632664 138.336 0 0
-54.485 -38.2958 39.4447 -0.77814 -0.0207638 0.627747 138.544 0 0
-54.8396 -37.3935 39.0189 -0.781362 -0.0242348 0.623608 138.756 0 0
-55.4885 -37.4897 38.1814 -0.783564 -0.0270924 0.62072 138.964 0 0
-56.108 -37.5329 37.3588 -0.784536 -0.0289451 0.619407 139.294 0 0
-57.1137 -37.2237 36.0576 -0.784215 -0.029676 0.61978 139.466 0 0
-56.6759 -36.7746 36.669 -0.782691 -0.0294099 0.621715 139.721 0 0
-55.8914 -36.6838 37.6931 -0.780188 -0.0284069 0.6249 139.978 0 0
-55.1167 -36.4297 38.7004 -0.777009 -0.026953 0.628913 140.225 0 0
-54.3351 -36.5444 39.666 -0.773483 -0.0252875 0.633312 140.473 0 0
-53.5461 -36.7033 40.6202 -0.769912 -0.0235772 0.637714 140.677 0 0
-52.8928 -36.9598 41.376 -0.766536 -0.0219238 0.641827 140.988 0 0
-51.9229 -37.5104 42.4863 -0.763506 -0.0203842 0.645478 141.288 0 0
-50.9614 -37.2937 43.608 -0.76089 -0.0189873 0.648603 141.503 0 0
-50.3627 -36.7912 44.3131 -0.758683 -0.0177376 0.651218 141.737 0 0
-49.7795 -36.0946 45.0019 -0.756845 -0.0166125 0.653383 141.955 0 0
-49.2079 -35.4956 45.6691 -0.755327 -0.0155664 0.655163 142.176 0 0
-48.6633 -34.8169 46.3033 -0.754084 -0.0145471 0.656616 142.464 0 0
-47.7734 -34.507 47.3416 -0.753073 -0.0135154 0.657798 142.68 0 0
-47.1277 -34.2254 48.0939 -0.752251 -0.0124543 0.658759 142.919 0 0
-46.3852 -34.0984 48.9278 -0.751574 -0.0113654 0.659551 143.163 0 0
-45.6321 -33.8991 49.777 -0.751002 -0.0102584 0.66022 143.404 0 0
-44.8913 -33.7589 50.6295 -0.7505 -0.00914214 0.660808 143.622 0 0
-44.226 -33.8123 51.389 -0.750035 -0.00802168 0.661349 143.822 0 0
-43.6149 -33.8801 52.0807 -0.749579 -0.00690027 0.661879 143.822 0 0
-38.742 -41.8909 57.4922 -0.738901 -0.00128674 0.673811 144.137 1 0
-37.8184 -41.6858 58.4952 -0.733622 -0.000637544 0.679558 144.464 0 0
-36.8604 -41.4356 59.521 -0.728724 -5.33368e-05 0.684808 144.701 0 0
-36.1764 -41.1917 60.2292 -0.724507 0.000443793 0.689267 144.995 0 0
-35.3046 -41.2027 61.128 -0.721249 0.000830284 0.692676 145.353 0 0
-34.2448 -41.3391 62.2029 -0.719133 0.00107391 0.694871 145.619 0 0
-33.5214 -41.7794 62.9291 -0.718199 0.00114323 0.695837 145.834 0 0
-33.4794 -42.6659 62.9731 -0.7183 0.00102858 0.695733 146.294 0 0
-34.7375 -43.3355 61.7082 -0.719124 0.000759831 0.694881 146.552 0 0
-35.5041 -43.3845 60.9348 -0.720263 0.000407871 0.693701 146.794 0 0
-36.1924 -43.1716 60.2087 -0.721322 6.50448e-05 0.6926 147.028 0 0
-36.8843 -43.0639 59.485 -0.722032 -0.000189136 0.691859 147.266 0 0
-37.5309 -42.6534 58.7982 -0.7223 -0.000320538 0.691579 147.557 0 0
-38.3876 -42.5606 57.8788 -0.722195 -0.000352664 0.691689 148.161 0 0
-36.5885 -42.269 59.7994 -0.721877 -0.00035082 0.692021 148.515 0 0
-35.568 -42.6598 60.8615 -0.721514 -0.000387652 0.6924 148.862 0 0
-34.5444 -42.4766 61.902 -0.721218 -0.000509982 0.692708 149.154 0 0
-35.3891 -42.2214 61.0483 -0.721026 -0.000723381 0.692907 149.426 0 0
-36.1451 -41.8597 60.264 -0.720911 -0.00099819 0.693027 149.461 0 0
-36.2449 -41.896 60.1608 -0.720808 -0.00128902 0.69312 149.461 0 0
