-9.53819 42.9197 85.6785 -0.47505 -0.0235797 0.879629 0 1 0
-8.3839 43.2017 86.2485 -0.425974 -0.0304011 0.904224 0.992591 0 0
-7.34645 43.3249 86.6781 -0.375101 -0.036268 0.926274 1.48097 0 0
-6.23818 43.387 87.0653 -0.322505 -0.0409892 0.94568 1.95375 0 0
-5.16894 43.4138 87.4161 -0.26839 -0.0445569 0.962279 2.41705 0 0
-4.14035 43.4384 87.7318 -0.213042 -0.0470303 0.97591 2.90915 0 0
-3.09079 43.4554 87.8951 -0.156879 -0.0484738 0.986428 3.40193 0 0
-2.01588 43.4308 88.03 -0.100617 -0.0489754 0.993719 3.92106 0 0
-0.898057 43.3459 88.0808 -0.0454805 -0.0487074 0.997777 4.4518 0 0
0.278769 43.2006 88.0932 0.00670412 -0.0479755 0.998826 4.94537 0 0
1.37409 43.1891 88.0425 0.0536086 -0.0472132 0.997445 5.46743 0 0
2.5452 43.1929 87.9335 0.0927126 -0.0469004 0.994588 5.97702 0 0
3.65287 43.1436 87.7112 0.121742 -0.0474251 0.991428 6.47059 0 0
4.74619 43.0569 87.4499 0.13909 -0.0489478 0.989069 6.97762 0 0
5.87456 42.9066 87.1506 0.14406 -0.0513489 0.988236 7.43841 0 0
4.85195 42.8926 87.4162 0.13685 -0.054295 0.989103 7.90078 0 0
3.81111 42.901 87.6669 0.118337 -0.0573887 0.991314 8.3834 0 0
2.73283 42.9012 87.888 0.0898344 -0.0603112 0.994129 8.8932 0 0
1.60681 42.831 88 0.0529661 -0.0628724 0.996615 9.411 0 0
0.450674 42.7835 88.0627 0.00961313 -0.0649654 0.997841 9.90718 0 0
-0.651547 42.7556 88.0519 -0.0381737 -0.0664914 0.997057 10.3805 0 0
-1.71012 42.6961 88.0119 -0.0883315 -0.0673333 0.993813 10.868 0 0
-2.76426 42.6869 87.8986 -0.138943 -0.0673891 0.988005 11.3664 0 0
-3.84191 42.7552 87.7572 -0.188329 -0.0666196 0.979844 11.8865 0 0
-4.92404 42.8854 87.4493 -0.235081 -0.0650666 0.969796 12.3962 0 0
-6.04684 43.0219 87.1018 -0.278011 -0.0628465 0.95852 12.8772 0 0
-7.13468 42.9964 86.7379 -0.316042 -0.0601506 0.946837 13.3393 0 0
-8.1502 42.8407 86.3318 -0.348093 -0.0572488 0.93571 13.7812 0 0
-9.12005 42.7791 85.8904 -0.373078 -0.0544502 0.926201 13.853 0 0
-9.27731 42.7715 85.8146 -0.390019 -0.0520039 0.919337 14.158 0 0
-9.425 42.0513 85.6947 -0.398186 -0.0500056 0.915941 14.6924 0 0
-10.5849 42.2469 85.0813 -0.397186 -0.0484158 0.91646 15.1312 0 0
-10.3501 43.3203 85.2467 -0.386993 -0.0471936 0.920874 15.8073 0 0
-8.91587 43.9693 86.0467 -0.367947 -0.0464157 0.928688 16.2795 0 0
-7.85182 44.042 86.4986 -0.340701 -0.0462465 0.939034 16.7284 0 0
-6.83373 44.045 86.9159 -0.306122 -0.0467839 0.950842 17.3127 0 0
-5.51703 44.1204 87.3529 -0.265166 -0.047919 0.963011 17.7954 0 0
-4.45082 44.1597 87.6958 -0.218838 -0.0493236 0.974514 18.2866 0 0
-3.39903 44.1791 87.8711 -0.168245 -0.0505622 0.984448 18.7736 0 0
-2.33588 44.1689 88.0362 -0.114639 -0.0512482 0.992084 19.2797 0 0
-1.24202 44.1143 88.1089 -0.0593018 -0.0511625 0.996928 19.818 0 0
-0.0609629 43.9969 88.1474 -0.00331684 -0.0502907 0.998729 20.2872 0 0
0.981475 44.0004 88.1016 0.052614 -0.0487828 0.997423 20.7884 0 0
2.10175 43.9143 88.0387 0.108126 -0.0468777 0.993031 21.2867 0 0
3.18405 43.9226 87.8281 0.162902 -0.0448503 0.985622 21.7589 0 0
4.24202 43.8715 87.6075 0.216268 -0.0430009 0.975387 22.2472 0 0
5.32661 43.8202 87.3275 0.266922 -0.0416609 0.962817 22.6961 0 0
6.34074 43.8981 87.0648 0.312968 -0.0411737 0.948871 23.4756 0 0
7.97647 44.1758 86.4106 0.352229 -0.0418299 0.934979 23.9342 0 0
8.9821 44.1068 85.9403 0.382698 -0.0437735 0.922836 24.3514 0 0
9.89828 43.8967 85.4467 0.402898 -0.0469305 0.914041 24.7912 0 0
10.8021 43.4456 84.9366 0.412079 -0.0510223 0.909718 24.9472 0 0
10.7675 43.0406 84.9397 0.41022 -0.0556608 0.910287 25.376 0 0
9.79893 42.8849 85.444 0.397897 -0.0604543 0.915436 25.7733 0 0
8.89579 42.814 85.9148 0.376098 -0.0650593 0.924293 26.177 0 0
7.97671 42.7231 86.3319 0.346041 -0.0691846 0.935665 26.7642 0 0
6.65331 42.4523 86.837 0.309028 -0.0725992 0.948278 27.3487 0 0
5.35871 42.1957 87.2567 0.266303 -0.0751759 0.960953 27.8137 0 0
4.32665 42.1542 87.5051 0.218942 -0.0769439 0.972699 28.2882 0 0
3.26205 42.1252 87.7525 0.167828 -0.0780851 0.982719 28.8183 0 0
2.09813 42.0883 87.8811 0.113782 -0.0788397 0.990373 29.3258 0 0
0.96755 42.0769 87.9988 0.0577612 -0.0793697 0.99517 29.9236 0 0
-0.358204 41.9791 87.9957 0.000944279 -0.079672 0.996821 30.3889 0 0
-1.40843 41.9078 87.9804 -0.0553588 -0.0795973 0.995289 30.8637 0 0
-2.43577 41.885 87.8817 -0.109896 -0.078964 0.990801 31.3443 0 0
-3.48654 41.9325 87.7725 -0.161649 -0.0777068 0.983784 31.8545 0 0
-4.53792 42.0419 87.487 -0.209972 -0.0759702 0.974751 32.3295 0 0
-5.60221 42.1325 87.1772 -0.254672 -0.0740585 0.964187 32.7984 0 0
-6.65971 42.1712 86.8353 -0.295918 -0.072247 0.952477 33.2585 0 0
-7.71897 42.1571 86.4813 -0.333905 -0.0705965 0.939959 33.692 0 0
-8.65765 42.0896 86.0617 -0.368403 -0.0689239 0.927108 33.7398 0 0
-8.7635 42.0831 86.0134 -0.398499 -0.0669466 0.914722 34.0516 0 0
-8.90434 41.3436 85.9047 -0.422724 -0.0644639 0.903963 34.5811 0 0
-10.0591 41.3242 85.3153 -0.439505 -0.0614286 0.896137 35.0131 0 0
-11.0133 41.3358 84.8103 -0.447672 -0.0578831 0.892323 35.4459 0 0
-11.75 41.9633 84.3328 -0.446753 -0.0538673 0.893034 35.9442 0 0
-11.3061 43.1648 84.6549 -0.436987 -0.0494229 0.898109 36.5764 0 0
-10.2623 44.3335 85.3573 -0.419101 -0.0447061 0.906838 37.0022 0 0
-9.34915 44.6883 85.8644 -0.39399 -0.0400905 0.91824 37.4502 0 0
-8.34672 44.7534 86.334 -0.362431 -0.0361272 0.93131 38.1339 0 0
-6.78665 44.7794 86.969 -0.324965 -0.0333435 0.945138 38.5975 0 0
-5.74737 44.848 87.2954 -0.281969 -0.0319999 0.95889 39.0549 0 0
-4.7294 44.8829 87.6224 -0.233837 -0.0319629 0.97175 39.5162 0 0
-3.70053 44.9043 87.8494 -0.181164 -0.032758 0.982907 39.9883 0 0
-2.65886 44.9047 88.0174 -0.124825 -0.0337496 0.991605 40.4796 0 0
-1.59059 44.8764 88.1647 -0.0659246 -0.0343569 0.997233 40.984 0 0
-0.515569 44.8272 88.2061 -0.00565754 -0.0342193 0.999398 41.5742 0 0
0.776849 44.7678 88.1487 0.0548467 -0.0332595 0.997941 42.082 0 0
1.92975 44.677 88.0893 0.114614 -0.0316377 0.992906 42.9348 0 0
3.79722 44.6666 87.7323 0.172847 -0.029654 0.984502 43.4056 0 0
4.84837 44.6062 87.4873 0.228874 -0.0276715 0.973063 43.8949 0 0
5.94355 44.6705 87.206 0.282044 -0.0260795 0.959047 44.3361 0 0
6.89795 44.7888 86.865 0.331576 -0.0252648 0.94309 44.7724 0 0
7.86678 44.8582 86.4897 0.376413 -0.0255633 0.926099 45.2179 0 0
8.84266 44.8519 86.0216 0.415177 -0.0271976 0.909334 45.6864 0 0
9.89605 44.7149 85.4854 0.446321 -0.0302271 0.894362 46.0796 0 0
10.7004 44.3789 85.0041 0.468408 -0.034532 0.882837 46.5722 0 0
11.6538 43.7667 84.3729 0.480412 -0.039846 0.876137 47.0331 0 0
12.4853 43.0605 83.7627 0.481873 -0.0458322 0.875042 47.378 0 0
12.0607 42.2066 84.0052 0.4729 -0.0521645 0.879571 47.7982 0 0
11.0851 42.1737 84.6654 0.45408 -0.05856 0.889034 48.2649 0 0
10.0159 42.1389 85.2761 0.426354 -0.0647438 0.902236 48.9477 0 0
8.44639 41.9672 86.0457 0.390905 -0.0704056 0.917734 49.3758 0 0
7.47391 41.8229 86.4882 0.349045 -0.0752292 0.934081 50.0232 0 0
6.01404 41.5733 86.9766 0.302077 -0.0790094 0.950004 50.5337 0 0
4.85492 41.4466 87.3299 0.251132 -0.081769 0.964493 50.9852 0 0
3.84828 41.3852 87.5634 0.197097 -0.0837616 0.976799 51.4581 0 0
2.79037 41.3652 87.7357 0.140713 -0.0853351 0.986366 51.9535 0 0
1.69633 41.2844 87.8509 0.0827724 -0.0867357 0.992787 52.6436 0 0
0.158812 41.2361 87.946 0.0242637 -0.0879725 0.995827 53.1312 0 0
-0.918404 41.1559 87.9324 -0.0335809 -0.0888219 0.995481 53.6786 0 0
-2.13495 41.1022 87.8584 -0.0892681 -0.0889768 0.992025 54.1392 0 0
-3.14034 41.1269 87.7617 -0.141039 -0.0882648 0.986062 54.6369 0 0
-4.16966 41.2231 87.5115 -0.186968 -0.0868148 0.978522 55.1137 0 0
-5.22357 41.3235 87.2129 -0.225197 -0.0850801 0.970591 55.5765 0 0
-6.27675 41.3731 86.908 -0.254178 -0.0837012 0.963529 56.0714 0 0
-7.39795 41.3848 86.529 -0.27278 -0.0832544 0.958467 56.4486 0 0
-8.26315 41.3833 86.1851 -0.280272 -0.0839844 0.95624 56.758 0 0
-8.29805 40.6275 86.1326 -0.276252 -0.0856618 0.95726 57.3239 0 0
-7.00203 40.6264 86.6219 -0.260636 -0.0876803 0.961447 57.7839 0 0
-5.93346 40.6003 86.9349 -0.233741 -0.0893632 0.968184 58.2566 0 0
-4.84757 40.5212 87.2466 -0.196402 -0.0902921 0.976357 58.692 0 0
-3.86623 40.4188 87.494 -0.150043 -0.0904524 0.984533 59.1715 0 0
-2.78817 40.3264 87.7398 -0.0966115 -0.0901326 0.991233 59.7175 0 0
-1.62413 40.339 87.8265 -0.0383403 -0.0896849 0.995232 60.4592 0 0
0.0327768 40.4379 87.8938 0.0225926 -0.0893088 0.995748 61.0861 0 0
1.38936 40.5145 87.8541 0.0843742 -0.0889368 0.992457 61.758 0 0
2.80481 40.6086 87.6618 0.145666 -0.0882175 0.985393 62.4778 0 0
4.38552 40.6741 87.3868 0.205471 -0.0865878 0.974825 62.9876 0 0
5.48969 40.7782 87.0619 0.262892 -0.0834653 0.961208 63.4994 0 0
6.64143 40.9202 86.7039 0.316951 -0.0785311 0.945185 64.0135 0 0
7.79972 41.0978 86.2927 0.366572 -0.071945 0.927604 64.5459 0 0
8.95649 41.2605 85.765 0.410692 -0.0643237 0.909502 65.057 0 0
10.0898 41.4038 85.1754 0.448397 -0.0564781 0.892048 65.754 0 0
11.6277 41.4709 84.2482 0.479013 -0.0490999 0.876434 66.2691 0 0
12.8119 41.5441 83.4806 0.502102 -0.0425969 0.863759 66.622 0 0
13.6494 41.5369 82.9106 0.517416 -0.037123 0.854928 66.9499 0 0
14.1606 42.2195 82.5235 0.524852 -0.0326937 0.850565 67.4816 0 0
13.2531 43.3023 83.2257 0.52445 -0.0292677 0.850938 67.9034 0 0
12.4528 44.0125 83.8397 0.516389 -0.0267656 0.855936 68.2738 0 0
11.7701 44.6205 84.319 0.500944 -0.0250716 0.865116 68.8151 0 0
10.671 45.2971 85.0284 0.478402 -0.0240684 0.877811 69.204 0 0
9.80948 45.5373 85.5449 0.448998 -0.0237019 0.893219 69.6 0 0
8.91402 45.5942 86.0109 0.412917 -0.0240139 0.910452 70.0314 0 0
7.93074 45.5795 86.4812 0.370385 -0.0250833 0.92854 70.5174 0 0
6.80896 45.5162 86.9035 0.321813 -0.0268847 0.946421 71.0396 0 0
5.63029 45.4464 87.3176 0.267947 -0.0291642 0.962992 71.6354 0 0
4.27292 45.4237 87.6426 0.209905 -0.0314526 0.977216 72.3624 0 0
2.62692 45.477 87.9821 0.149073 -0.0332439 0.988267 72.9564 0 0
1.28546 45.478 88.158 0.0868817 -0.0342277 0.99563 73.4619 0 0
0.136562 45.5435 88.225 0.0245514 -0.0344166 0.999106 73.9216 0 0
-0.912594 45.5828 88.2765 -0.0370692 -0.0340958 0.998731 74.42 0 0
-1.94764 45.6163 88.1412 -0.09749 -0.0336638 0.994667 74.8975 0 0
-2.97895 45.643 87.9994 -0.156398 -0.0334853 0.987126 75.4465 0 0
-4.15703 45.632 87.7399 -0.213428 -0.0338177 0.976373 75.9976 0 0
-5.42084 45.5984 87.4158 -0.267987 -0.0348038 0.962794 76.6135 0 0
-6.78938 45.5255 86.9955 -0.319139 -0.036497 0.947005 77.1635 0 0
-7.99679 45.5167 86.518 -0.365571 -0.0388851 0.929971 77.6646 0 0
-9.11721 45.483 86.0049 -0.405703 -0.0418849 0.913045 78.0732 0 0
-10.0216 45.3208 85.5562 -0.438031 -0.0453224 0.897817 78.5762 0 0
-10.9543 44.7248 84.9606 -0.461634 -0.0489436 0.885719 79.1142 0 0
-11.8028 43.7325 84.3795 -0.476615 -0.0524757 0.877544 79.7694 0 0
-12.4599 42.1244 83.836 -0.48428 -0.055698 0.873138 80.303 0 0
-12.1432 40.6947 83.97 -0.486953 -0.0584616 0.871469 80.7613 0 0
-11.1238 40.6148 84.6487 -0.487486 -0.0606547 0.871021 81.2927 0 0
-9.93501 40.5809 85.3197 -0.488572 -0.062177 0.870305 81.8169 0 0
-8.76512 40.5966 85.9296 -0.492105 -0.0629582 0.868256 82.1409 0 0
-8.53451 39.8409 85.9911 -0.498802 -0.0629874 0.864424 82.5582 0 0
-9.42873 39.8181 85.5232 -0.50821 -0.0623042 0.858976 82.963 0 0
-10.3165 39.8444 85.0493 -0.519013 -0.060961 0.85259 83.5023 0 0
-11.5111 39.882 84.3698 -0.529448 -0.0589999 0.846288 83.9019 0 0
-12.336 39.9047 83.79 -0.537669 -0.0564795 0.841263 84.3452 0 0
-13.2717 40.1983 83.127 -0.541986 -0.053547 0.83868 84.8967 0 0
-13.1805 41.7121 83.2838 -0.541018 -0.0505105 0.839493 85.258 0 0
-12.9922 42.6803 83.4962 -0.533772 -0.0478337 0.844274 85.717 0 0
-12.5423 43.8296 83.8928 -0.519698 -0.0460059 0.85311 86.2062 0 0
-11.8479 44.8608 84.4191 -0.498673 -0.0453253 0.865604 86.588 0 0
-11.191 45.5127 84.8592 -0.470905 -0.0457251 0.880998 87.0925 0 0
-10.1669 46.0503 85.4871 -0.436752 -0.0467689 0.898365 87.7056 0 0
-8.76947 46.219 86.2069 -0.396555 -0.047825 0.916764 88.3316 0 0
-7.32112 46.2742 86.8342 -0.350581 -0.0483056 0.935286 88.8547 0 0
-6.13078 46.3069 87.2298 -0.299121 -0.0478306 0.953016 89.2726 0 0
-5.17831 46.3459 87.5341 -0.242703 -0.0462576 0.968997 89.7178 0 0
-4.1715 46.375 87.7714 -0.182255 -0.043621 0.982283 90.4123 0 0
-2.55603 46.3944 88.088 -0.119086 -0.0400656 0.992075 91.0059 0 0
-1.2602 46.3353 88.2622 -0.054633 -0.035818 0.997864 91.5618 0 0
-0.0719464 46.3009 88.2726 0.0098494 -0.0311693 0.999466 92.3639 0 0
1.72151 46.2217 88.1512 0.0734902 -0.0264279 0.996946 92.8882 0 0
2.89121 46.2274 87.9421 0.135767 -0.0218599 0.9905 93.4003 0 0
4.05945 46.197 87.7115 0.196277 -0.0176761 0.980389 93.9553 0 0
5.31805 46.1975 87.399 0.254484 -0.0140863 0.966975 94.3776 0 0
6.27834 46.2377 87.1131 0.309638 -0.0113478 0.950787 94.8858 0 0
7.4182 46.2914 86.6982 0.360942 -0.00972427 0.932538 95.3372 0 0
8.43233 46.3251 86.2717 0.407787 -0.00936433 0.913029 95.7617 0 0
9.37143 46.3204 85.7905 0.449792 -0.0102018 0.893075 96.4463 0 0
10.8812 46.0642 84.9149 0.486583 -0.0119778 0.873552 96.8324 0 0
11.6578 45.623 84.4108 0.517557 -0.0143913 0.855528 97.2057 0 0
12.3534 45.0888 83.9223 0.541863 -0.0172845 0.840289 97.8399 0 0
13.5097 44.0276 83.0926 0.558628 -0.0207357 0.829159 98.3961 0 0
14.4792 43.009 82.3371 0.567205 -0.0249879 0.823197 98.7581 0 0
14.976 42.1886 81.9092 0.567315 -0.0302674 0.822944 99.1556 0 0
15.0254 41.0272 81.822 0.559057 -0.0366227 0.82832 99.6859 0 0
13.8157 40.7451 82.808 0.542878 -0.0438657 0.838665 100.27 0 0
12.4442 40.7676 83.6815 0.519508 -0.0515946 0.852907 100.779 0 0
11.2473 40.7181 84.4638 0.489817 -0.0592627 0.869809 101.246 0 0
10.1716 40.6694 85.0583 0.454601 -0.0663134 0.888223 101.774 0 0
8.94937 40.5241 85.6927 0.414358 -0.0723848 0.907231 102.288 0 0
7.77581 40.3203 86.2216 0.369175 -0.0774813 0.926124 102.837 0 0
6.53272 40.1527 86.6734 0.318861 -0.0819511 0.944252 103.51 0 0
4.99696 39.9933 87.1325 0.263295 -0.0862335 0.960854 103.941 0 0
4.02316 39.9164 87.3867 0.202866 -0.0905396 0.975012 104.396 0 0
3.01415 39.8603 87.5688 0.138777 -0.0946968 0.985786 105.17 0 0
1.31794 39.7171 87.8289 0.0730377 -0.0982534 0.992478 105.708 0 0
0.209669 39.6615 87.8373 0.00817625 -0.100744 0.994879 106.489 0 0
-1.464 39.5683 87.7525 -0.053158 -0.101935 0.99337 106.963 0 0
-2.52282 39.5415 87.6609 -0.108531 -0.10193 0.988854 107.545 0 0
-3.77407 39.6381 87.4266 -0.155937 -0.101124 0.982577 108.227 0 0
-5.28671 39.8012 87.0565 -0.193891 -0.100061 0.975907 108.723 0 0
-6.40016 39.8708 86.7357 -0.221409 -0.0992687 0.970115 109.22 0 0
-7.54342 39.8829 86.3661 -0.237939 -0.0991152 0.96621 109.284 0 0
-7.69244 39.8813 86.316 -0.243272 -0.0997143 0.964819 109.618 0 0
-7.36971 39.1325 86.3463 -0.237461 -0.100899 0.966143 110.066 0 0
-6.31816 39.1255 86.6958 -0.220763 -0.1023 0.969948 110.607 0 0
-5.06917 39.0075 87.0234 -0.193653 -0.10352 0.975593 111.122 0 0
-3.90306 38.8831 87.3046 -0.156976 -0.104299 0.98208 111.563 0 0
-2.91806 38.7926 87.4756 -0.112115 -0.104577 0.988177 112.028 0 0
-1.8674 38.7622 87.631 -0.0610144 -0.104404 0.992662 112.627 0 0
-0.551295 38.8356 87.7337 -0.00592114 -0.103825 0.994578 113.121 0 0
0.5463 38.8831 87.7636 0.0510397 -0.102817 0.99339 113.796 0 0
1.96271 38.9958 87.6804 0.108203 -0.101312 0.988953 114.455 0 0
3.32158 39.1261 87.4706 0.164435 -0.0992481 0.981382 114.913 0 0
4.29705 39.2031 87.225 0.218995 -0.0966052 0.970932 115.505 0 0
5.60771 39.3059 86.8762 0.271375 -0.0934147 0.95793 115.993 0 0
6.71264 39.4303 86.5405 0.321244 -0.0897237 0.942736 116.441 0 0
7.72377 39.5558 86.1845 0.368452 -0.085537 0.925703 116.995 0 0
8.90843 39.7631 85.6354 0.412975 -0.0807751 0.907153 117.525 0 0
10.0964 39.9122 85.0268 0.454762 -0.0752962 0.887424 117.953 0 0
11.0813 39.9806 84.5026 0.493518 -0.0689905 0.866995 118.396 0 0
12.0693 40.011 83.8953 0.528561 -0.0618999 0.846635 118.799 0 0
12.9954 40.0025 83.2964 0.558844 -0.0542828 0.827495 119.336 0 0
14.2097 39.9896 82.4312 0.5832 -0.0465738 0.810992 119.819 0 0
15.3005 40.1585 81.5324 0.600729 -0.0392643 0.798488 120.151 0 0
15.7743 40.9547 81.1321 0.611096 -0.0327842 0.790878 120.499 0 0
15.7142 42.0538 81.2257 0.614589 -0.0274367 0.78837 120.839 0 0
15.3347 42.9558 81.586 0.611933 -0.0233741 0.790564 121.252 0 0
14.6866 43.8364 82.1892 0.603968 -0.020581 0.796743 121.632 0 0
14.0159 44.5138 82.749 0.591381 -0.0188651 0.806172 122.007 0 0
13.3252 45.1282 83.2615 0.574579 -0.0178849 0.818254 122.517 0 0
12.3857 46.0034 83.9062 0.553723 -0.0172436 0.832522 122.945 0 0
11.5486 46.6466 84.4626 0.528855 -0.0166338 0.848549 123.316 0 0
10.7393 46.9439 85.0005 0.500031 -0.0159585 0.86586 123.705 0 0
9.83908 47.0465 85.5331 0.467372 -0.0153363 0.883928 124.111 0 0
8.90688 47.066 86.0613 0.430998 -0.0149768 0.902229 124.547 0 0
7.90283 47.0467 86.5 0.390933 -0.0150227 0.920297 124.965 0 0
6.94117 47.0086 86.9011 0.347082 -0.0154904 0.937707 125.38 0 0
5.98711 46.9569 87.1985 0.299331 -0.0163452 0.954009 125.823 0 0
4.94262 46.9364 87.4911 0.247733 -0.0176266 0.968668 126.382 0 0
3.64133 46.9917 87.8257 0.192677 -0.019503 0.981068 126.867 0 0
2.53726 47.0369 88.0442 0.134925 -0.0221991 0.990607 127.577 0 0
0.900235 47.0029 88.2344 0.0754844 -0.0258387 0.996812 128.086 0 0
-0.261569 47.0586 88.3108 0.0153823 -0.0302881 0.999423 128.538 0 0
-1.26263 47.092 88.2609 -0.0445141 -0.0350918 0.998392 129.004 0 0
-2.2762 47.1327 88.1591 -0.103561 -0.0395516 0.993836 129.493 0 0
-3.35369 47.1184 88.0088 -0.161289 -0.042935 0.985973 129.974 0 0
-4.39768 47.111 87.7658 -0.2173 -0.0447305 0.975079 130.407 0 0
-5.3871 47.0761 87.5302 -0.271128 -0.044845 0.961498 130.938 0 0
-6.54803 47.0331 87.1585 -0.322152 -0.0436557 0.945681 131.558 0 0
-7.90705 46.9999 86.6144 -0.369596 -0.041887 0.928248 132.059 0 0
-9.06088 46.9519 86.1024 -0.41266 -0.0403661 0.90999 132.558 0 0
-10.1686 46.9006 85.4994 -0.450703 -0.0397846 0.891787 132.954 0 0
-11.0241 46.5746 85.0101 -0.483345 -0.0405752 0.874489 133.572 0 0
-12.1063 45.6232 84.2569 -0.510429 -0.0429144 0.858849 133.968 0 0
-12.732 44.873 83.8048 -0.53189 -0.046776 0.845521 134.509 0 0
-13.3725 43.6254 83.2903 -0.547615 -0.0519782 0.835114 134.888 0 0
-13.6582 42.6535 83.0135 -0.557353 -0.058229 0.828231 135.385 0 0
-13.8736 41.3311 82.7553 -0.560727 -0.0651975 0.82543 135.773 0 0
-13.9963 40.3023 82.6029 -0.557387 -0.0725905 0.827074 136.194 0 0
-13.8509 39.1615 82.6036 -0.54724 -0.080186 0.833126 136.604 0 0
-12.9342 39.1378 83.2936 -0.530648 -0.0878011 0.843032 137.067 0 0
-11.9002 39.1589 84.015 -0.508436 -0.0952267 0.855818 137.468 0 0
-11.0126 39.1429 84.5876 -0.4817 -0.102187 0.870358 138.118 0 0
-9.56426 39.0724 85.3905 -0.451491 -0.108371 0.88567 138.607 0 0
-8.49317 39.0745 85.9482 -0.418538 -0.11352 0.901077 138.76 0 0
-8.15612 39.0915 86.0751 -0.383097 -0.11751 0.916203 139.079 0 0
-8.07074 38.3379 86.0034 -0.344934 -0.120378 0.930876 139.501 0 0
-7.11292 38.3757 86.3385 -0.303411 -0.122285 0.94498 139.952 0 0
-6.04555 38.3666 86.6984 -0.257718 -0.123464 0.9583 140.385 0 0
-5.06311 38.2353 86.9381 -0.207283 -0.124148 0.970372 141.155 0 0
-3.30727 38.045 87.3209 -0.152224 -0.124492 0.980474 141.608 0 0
-2.30229 38.0068 87.4934 -0.0935554 -0.12451 0.987798 142.368 0 0
-0.633087 38.0367 87.6374 -0.0329538 -0.124085 0.991724 142.99 0 0
0.739832 38.1229 87.6631 0.0277937 -0.123023 0.992015 143.473 0 0
1.76296 38.204 87.6633 0.0873019 -0.121115 0.988792 144.043 0 0
2.89303 38.3347 87.4715 0.144778 -0.118171 0.982382 144.58 0 0
4.00243 38.4496 87.2035 0.199893 -0.114077 0.973154 145.085 0 0
5.12663 38.5252 86.9192 0.252552 -0.108856 0.961441 145.521 0 0
6.12758 38.6157 86.6396 0.302704 -0.102688 0.947536 145.999 0 0
7.21835 38.7383 86.3073 0.350255 -0.0958113 0.931741 146.49 0 0
8.26847 38.9106 85.8556 0.395017 -0.0883856 0.914412 147.201 0 0
9.83832 39.1275 85.096 0.43674 -0.0804106 0.895987 147.598 0 0
10.7551 39.2195 84.6274 0.47518 -0.0717913 0.876955 148.011 0 0
11.685 39.271 84.0764 0.510158 -0.0624938 0.857808 148.489 0 0
12.77 39.2618 83.386 0.541525 -0.0526822 0.839032 149.046 0 0
14.0306 39.1981 82.4967 0.569051 -0.0427467 0.821191 149.469 0 0
15.0083 39.2087 81.7448 0.592294 -0.0332223 0.805036 149.819 0 0
15.7631 39.514 81.1341 0.610622 -0.0246562 0.791538 150.235 0 0
16.3806 40.4479 80.6229 0.623384 -0.0174903 0.78172 150.561 0 0
16.4403 41.4395 80.5645 0.63015 -0.0119889 0.776381 150.97 0 0
16.1931 42.6736 80.7862 0.630841 -0.00820512 0.775869 151.354 0 0
15.6885 43.6534 81.2649 0.625675 -0.00597953 0.780061 151.744 0 0
15.0221 44.4619 81.8672 0.615 -0.00499101 0.788511 152.26 0 0
14.0729 45.4067 82.7406 0.599124 -0.00486864 0.800641 152.665 0 0
13.3333 46.0768 83.2596 0.57825 -0.00531601 0.815842 153.329 0 0
12.1117 47.2029 84.1079 0.552556 -0.00616555 0.833453 153.703 0 0
11.3335 47.6245 84.6265 0.52233 -0.0073313 0.852712 154.13 0 0
10.3642 47.7746 85.2547 0.488049 -0.00871326 0.872773 154.554 0 0
9.37987 47.8052 85.8276 0.450305 -0.010137 0.892817 154.958 0 0
8.45688 47.7877 86.2654 0.409589 -0.0113737 0.912199 155.396 0 0
7.42611 47.7861 86.7104 0.366073 -0.0122352 0.930506 155.81 0 0
6.47446 47.7278 87.0681 0.319522 -0.0127009 0.947494 156.279 0 0
5.37027 47.7018 87.3874 0.269445 -0.0130062 0.962928 156.742 0 0
4.29424 47.708 87.682 0.215429 -0.0136166 0.976424 157.291 0 0
3.01748 47.7875 87.9692 0.157468 -0.0150628 0.987409 157.738 0 0
1.97979 47.79 88.1363 0.0961113 -0.0177031 0.995213 158.294 0 0
0.689456 47.7827 88.2585 0.032392 -0.0215302 0.999243 158.943 0 0
-0.8138 47.8403 88.2865 -0.0323902 -0.0261274 0.999134 159.651 0 0
-2.40085 47.867 88.1545 -0.096899 -0.030799 0.994818 160.164 0 0
-3.55642 47.8624 88.0089 -0.159929 -0.034805 0.986515 160.67 0 0
-4.64789 47.8421 87.7526 -0.220519 -0.0375701 0.974659 161.158 0 0
-5.74444 47.8004 87.479 -0.27803 -0.0387838 0.959789 161.775 0 0
-7.08474 47.7636 87.0096 -0.332186 -0.0384056 0.942432 162.307 0 0
-8.24886 47.75 86.5163 -0.382981 -0.0366329 0.92303 162.716 0 0
-9.16877 47.711 86.0745 -0.430475 -0.0338528 0.901968 163.119 0 0
-10.0662 47.7136 85.5839 -0.474546 -0.0305781 0.8797 163.509 0 0
-10.9425 47.5276 85.0921 -0.514734 -0.0273873 0.856912 164.038 0 0
-11.9177 46.8096 84.4139 -0.550267 -0.0248849 0.834618 164.474 0 0
-12.6789 46.0445 83.8651 -0.580228 -0.023662 0.81411 165.073 0 0
-13.5679 44.8246 83.1836 -0.603783 -0.024233 0.79678 165.436 0 0
-13.9296 43.9566 82.8409 -0.62033 -0.0269649 0.783877 165.793 0 0
-14.2033 43.0191 82.5674 -0.629547 -0.0320359 0.776301 166.173 0 0
-14.3797 41.9712 82.3595 -0.631377 -0.0394296 0.774473 166.556 0 0
-14.5191 40.9147 82.1963 -0.626027 -0.0489457 0.778264 166.928 0 0
-14.6435 39.8927 82.0336 -0.614045 -0.0602061 0.786972 167.427 0 0
-14.8904 38.5326 81.7108 -0.596492 -0.0726604 0.799323 167.859 0 0
-13.9188 38.3109 82.463 -0.575117 -0.0856038 0.81358 168.438 0 0
-12.6104 38.3973 83.4303 -0.552355 -0.0982134 0.827803 169.051 0 0
-11.1967 38.4132 84.3701 -0.53105 -0.109605 0.840222 169.597 0 0
-9.97297 38.3386 85.0857 -0.513947 -0.118915 0.84954 170.078 0 0
-8.90555 38.2966 85.6261 -0.503175 -0.125406 0.855037 170.128 0 0
-8.79262 38.2984 85.6791 -0.499889 -0.128566 0.856494 170.441 0 0
-8.63276 37.5434 85.6189 -0.504148 -0.128166 0.854054 170.925 0 0
-9.71594 37.5683 85.0861 -0.515007 -0.124245 0.848134 171.32 0 0
-10.5961 37.6442 84.6116 -0.530749 -0.117094 0.839401 171.77 0 0
-11.6064 37.6769 83.9898 -0.54923 -0.107245 0.828761 172.21 0 0
-12.6072 37.6551 83.3468 -0.56826 -0.0954558 0.817293 172.79 0 0
-13.8919 37.536 82.4025 -0.585967 -0.0826448 0.80611 173.332 0 0
-15.035 37.1785 81.4573 -0.601046 -0.0697507 0.796165 173.89 0 0
-16.0724 36.3622 80.5116 -0.612857 -0.0575881 0.788092 174.25 0 0
-16.6707 35.6292 79.9629 -0.621362 -0.0467435 0.782128 174.707 0 0
-17.2362 34.4701 79.4352 -0.62695 -0.0375461 0.778154 175.165 0 0
-17.7243 33.1995 78.9923 -0.630255 -0.030109 0.775804 175.561 0 0
-18.1296 32.0794 78.6223 -0.63199 -0.0244057 0.774592 176.02 0 0
-18.5505 30.7151 78.269 -0.63284 -0.0203309 0.774016 176.434 0 0
-18.9399 29.487 77.9348 -0.633392 -0.0177078 0.773628 176.782 0 0
-19.283 28.4513 77.6411 -0.634081 -0.0162561 0.773096 177.282 0 0
-19.8174 26.9813 77.1891 -0.635154 -0.0155719 0.772229 177.597 0 0
-20.1767 26.0647 76.8833 -0.636674 -0.0151583 0.770984 178.018 0 0
-20.7825 24.9334 76.3755 -0.638564 -0.0144986 0.769432 178.45 0 0
-21.4893 23.8419 75.7881 -0.640662 -0.0131361 0.767711 178.834 0 0
-22.4506 23.6985 74.9735 -0.642791 -0.0107295 0.765966 179.125 0 0
-22.9072 24.5045 74.611 -0.644837 -0.00708379 0.764287 179.62 0 0
-23.3433 26.1102 74.2755 -0.64682 -0.0021652 0.76264 179.917 0 0
-23.3988 27.1249 74.2351 -0.648902 0.00388208 0.760862 180.423 0 0
-23.185 28.865 74.4132 -0.651293 0.0106923 0.758751 180.745 0 0
-22.8961 29.9285 74.6477 -0.654107 0.0176069 0.756197 181.041 0 0
-22.5473 30.8502 74.9348 -0.657263 0.0236469 0.75329 181.363 0 0
-22.0551 31.7585 75.302 -0.660492 0.0276368 0.750324 181.701 0 0
-21.4338 32.5948 75.7726 -0.663416 0.0285148 0.747707 182.176 0 0
-20.4418 33.5843 76.5804 -0.665642 0.0257226 0.745828 182.504 0 0
-19.7349 34.1927 77.2111 -0.666887 0.0194843 0.744904 182.831 0 0
-19.056 34.794 77.8139 -0.667096 0.0108123 0.744893 183.229 0 0
-18.2107 35.4445 78.5535 -0.666526 0.00120617 0.745481 183.617 0 0
-17.3544 35.9027 79.3638 -0.665676 -0.00782567 0.7462 183.989 0 0
-16.5961 36.504 80.0591 -0.665068 -0.0151884 0.746629 184.312 0 0
-16.0199 37.0842 80.639 -0.664964 -0.0203896 0.746597 184.683 0 0
-15.6735 38.0553 81.0262 -0.665179 -0.0234799 0.746315 185.111 0 0
-15.357 39.2091 81.3648 -0.665051 -0.024855 0.746384 185.48 0 0
-15.1867 40.2491 81.5973 -0.663572 -0.0250471 0.747693 185.833 0 0
-15.0365 41.2392 81.717 -0.659572 -0.024579 0.751239 186.324 0 0
-14.8384 42.6515 81.9399 -0.651907 -0.0238966 0.757923 186.691 0 0
-14.6496 43.694 82.1709 -0.639559 -0.0233519 0.768387 187.063 0 0
-14.3082 44.7011 82.5084 -0.621678 -0.0231895 0.782929 187.424 0 0
-13.8881 45.5852 82.8978 -0.597598 -0.0235147 0.801451 187.908 0 0
-13.1445 46.5591 83.5209 -0.566904 -0.0242635 0.823426 188.535 0 0
-12.0706 47.6655 84.3402 -0.529549 -0.025208 0.847905 189.154 0 0
-10.8206 48.4238 85.1885 -0.485939 -0.0260054 0.873606 189.864 0 0
-9.19969 48.4834 86.0768 -0.436882 -0.0262773 0.899135 190.559 0 0
-7.61123 48.5092 86.8536 -0.383363 -0.0257121 0.92324 191 0 0
-6.6078 48.5177 87.2122 -0.32629 -0.0241754 0.944961 191.712 0 0
-5.00129 48.574 87.7175 -0.266354 -0.0217846 0.963629 192.15 0 0
-4.01837 48.6126 87.9466 -0.204109 -0.0188914 0.978766 192.681 0 0
-2.8277 48.5997 88.1199 -0.140145 -0.0159581 0.990002 193.181 0 0
-1.68772 48.5754 88.2496 -0.0751837 -0.0133863 0.99708 193.732 0 0
-0.448275 48.5615 88.2901 -0.0100418 -0.0113909 0.999885 194.194 0 0
0.634263 48.5469 88.2598 0.0545022 -0.00997917 0.998464 194.742 0 0
1.92156 48.5635 88.1462 0.117822 -0.0090159 0.992994 195.465 0 0
3.6022 48.5096 87.859 0.179456 -0.0083122 0.983731 195.951 0 0
4.71551 48.4615 87.5856 0.239032 -0.00768597 0.970981 196.406 0 0
5.76437 48.4546 87.2945 0.296212 -0.00698825 0.955097 197.08 0 0
7.30704 48.5377 86.7655 0.350679 -0.00611681 0.936476 197.497 0 0
8.25299 48.5384 86.365 0.402126 -0.00502811 0.915571 198.077 0 0
9.58554 48.542 85.7216 0.450188 -0.00373441 0.892926 198.636 0 0
10.8172 48.5152 84.9738 0.494362 -0.00227539 0.869253 199.05 0 0
11.7514 48.3295 84.3675 0.533985 -0.000695665 0.845493 199.48 0 0
12.6008 47.7524 83.7714 0.568322 0.000925551 0.822806 200.158 0 0
13.8002 46.5881 82.9331 0.596713 0.00240363 0.802451 200.704 0 0
14.7308 45.7141 82.1269 0.618722 0.0034103 0.785603 201.252 0 0
15.6884 44.7287 81.2458 0.634203 0.00352211 0.773159 201.775 0 0
16.5136 43.5403 80.4749 0.643274 0.00233608 0.765632 202.103 0 0
16.8478 42.6145 80.152 0.646229 -0.000408555 0.763144 202.451 0 0
17.0443 41.5431 79.9934 0.643425 -0.00475428 0.765494 202.973 0 0
16.9738 39.9121 80.1298 0.635238 -0.0105231 0.772245 203.324 0 0
16.5102 39.0583 80.4979 0.622049 -0.0173954 0.782785 203.752 0 0
15.6372 38.5215 81.2117 0.604237 -0.0250459 0.796411 204.133 0 0
14.7786 38.3983 81.8926 0.582139 -0.0332709 0.812408 204.719 0 0
13.4596 38.4864 82.8724 0.556025 -0.0420399 0.830101 205.227 0 0
12.2849 38.5327 83.6532 0.526111 -0.0514763 0.848856 205.661 0 0
11.2724 38.5082 84.2823 0.492546 -0.0618253 0.868088 206.077 0 0
10.3153 38.4366 84.8066 0.45534 -0.0734077 0.887286 206.495 0 0
9.34264 38.3385 85.296 0.414326 -0.086476 0.906011 206.907 0 0
8.40708 38.1929 85.7204 0.36926 -0.100958 0.923826 207.667 0 0
6.65333 37.9137 86.4007 0.320011 -0.116233 0.940257 208.108 0 0
5.63915 37.8117 86.6904 0.266714 -0.131147 0.954811 208.791 0 0
4.05605 37.7261 87.0938 0.209832 -0.144319 0.967028 209.229 0 0
3.07624 37.605 87.3258 0.150159 -0.154591 0.976501 209.734 0 0
1.99439 37.4594 87.5499 0.0888169 -0.161379 0.982888 210.385 0 0
0.682553 37.3477 87.5262 0.0272448 -0.164772 0.985955 210.918 0 0
-0.500981 37.2771 87.5065 -0.0327873 -0.165398 0.985682 211.563 0 0
-1.9329 37.2617 87.4244 -0.0891836 -0.164151 0.982395 212.299 0 0
-3.52099 37.2979 87.1758 -0.139627 -0.161956 0.97687 212.774 0 0
-4.57778 37.4183 86.9598 -0.181814 -0.159655 0.970285 213.271 0 0
-5.68842 37.5467 86.6772 -0.21375 -0.157988 0.964028 213.808 0 0
-6.89801 37.6171 86.3048 -0.234008 -0.157599 0.959376 214.2 0 0
-7.81327 37.5942 85.9862 -0.241893 -0.158991 0.957188 214.514 0 0
-7.61637 36.8511 85.9407 -0.237457 -0.162451 0.957718 214.957 0 0
-6.57827 36.8553 86.2932 -0.221363 -0.167933 0.960623 215.483 0 0
-5.33696 36.7182 86.654 -0.194699 -0.174921 0.96514 215.941 0 0
-4.28028 36.6227 86.9065 -0.158847 -0.182358 0.970316 216.481 0 0
-3.037 36.5175 87.1494 -0.115416 -0.188763 0.975217 217.075 0 0
-1.7052 36.5208 87.2817 -0.0661217 -0.192577 0.979052 217.524 0 0
-0.686763 36.5131 87.3365 -0.0126292 -0.192594 0.981197 218.066 0 0
0.551388 36.5825 87.3589 0.0435567 -0.188302 0.981145 218.702 0 0
2.01806 36.7249 87.3388 0.101085 -0.179994 0.97846 219.312 0 0
3.32953 36.8947 87.13 0.158706 -0.168627 0.972819 219.775 0 0
4.36693 37.02 86.9164 0.215267 -0.155475 0.964099 220.241 0 0
5.43436 37.0524 86.6472 0.269801 -0.141718 0.95243 220.919 0 0
6.99548 37.1591 86.1851 0.321631 -0.128163 0.938151 221.542 0 0
8.37194 37.4292 85.6716 0.370424 -0.115162 0.921696 221.96 0 0
9.30766 37.5834 85.2442 0.416131 -0.102712 0.903485 222.628 0 0
10.803 37.736 84.4813 0.458819 -0.0906214 0.883897 223.028 0 0
11.7196 37.7862 83.9658 0.498454 -0.078672 0.863339 223.557 0 0
12.9 37.7731 83.1903 0.534777 -0.0667626 0.842352 223.988 0 0
13.8812 37.6968 82.5227 0.567328 -0.0549918 0.821654 224.62 0 0
15.2892 37.6282 81.4513 0.595591 -0.0436456 0.802102 224.995 0 0
16.1195 37.8717 80.7972 0.619142 -0.0330887 0.784582 225.64 0 0
17.2843 38.9715 79.8077 0.637704 -0.0236313 0.769919 226.095 0 0
17.6265 40.258 79.4679 0.651119 -0.0154542 0.758818 226.547 0 0
17.6386 41.6758 79.4276 0.659298 -0.00862082 0.751832 227.068 0 0
17.2799 43.2561 79.7326 0.662198 -0.00313622 0.749323 227.483 0 0
16.7911 44.3958 80.2066 0.659791 0.00101047 0.751449 227.854 0 0
16.1748 45.2195 80.7796 0.65204 0.00385077 0.758175 228.346 0 0
15.2677 46.1601 81.6328 0.638872 0.00547782 0.769293 228.778 0 0
14.4481 46.8869 82.3592 0.620186 0.00608758 0.784431 229.221 0 0
13.6645 47.678 83.0095 0.59588 0.00598361 0.803051 229.933 0 0
12.4111 48.8845 83.895 0.565892 0.00553121 0.824461 230.341 0 0
11.5222 49.2512 84.5199 0.530251 0.0050795 0.847825 230.747 0 0
10.5674 49.2824 85.1431 0.489161 0.004892 0.87218 231.305 0 0
9.26432 49.2876 85.8826 0.443055 0.00511812 0.89648 231.707 0 0
8.31808 49.293 86.341 0.392608 0.00579993 0.919687 232.244 0 0
7.05978 49.2568 86.8682 0.338614 0.00687445 0.9409 232.873 0 0
5.5886 49.2021 87.3469 0.281769 0.0081497 0.959448 233.518 0 0
4.07685 49.249 87.7426 0.22249 0.00929296 0.974891 234.117 0 0
2.66922 49.3222 88.0313 0.160899 0.00989065 0.986921 234.619 0 0
1.47356 49.3145 88.1961 0.0970127 0.00958263 0.995237 235.043 0 0
0.473119 49.2957 88.2584 0.0310407 0.0082017 0.999484 235.58 0 0
-0.803902 49.3 88.2792 -0.0364005 0.00583667 0.99932 236.085 0 0
-1.99134 49.3246 88.2259 -0.104274 0.00278515 0.994545 236.766 0 0
-3.53631 49.3741 88.033 -0.171305 -0.000573433 0.985218 237.492 0 0
-5.20035 49.3033 87.6803 -0.236241 -0.00391502 0.971687 238.114 0 0
-6.58752 49.2651 87.2445 -0.298026 -0.00705366 0.954532 238.542 0 0
-7.54207 49.2679 86.9028 -0.355854 -0.00994749 0.934489 239.057 0 0
-8.65309 49.2658 86.3636 -0.409119 -0.012644 0.912393 239.545 0 0
-9.73916 49.2677 85.8032 -0.457357 -0.0151915 0.889154 240.009 0 0
-10.7775 49.2374 85.2275 -0.500193 -0.017553 0.865736 240.617 0 0
-12.0225 48.7193 84.3895 -0.537373 -0.0195852 0.843117 241.08 0 0
-12.8084 47.9397 83.8068 -0.568831 -0.0211271 0.822183 241.584 0 0
-13.6366 47.0452 83.1391 -0.594774 -0.0221456 0.803588 242.197 0 0
-14.5328 45.8041 82.34 -0.615707 -0.0227982 0.787645 242.581 0 0
-14.9373 44.8382 81.9546 -0.632395 -0.0232983 0.774295 243.096 0 0
-15.2846 43.4067 81.5526 -0.645753 -0.0236243 0.763181 243.507 0 0
-15.4694 42.2104 81.3169 -0.65669 -0.0232796 0.753801 243.894 0 0
-15.6336 41.0586 81.1746 -0.665924 -0.0213489 0.745714 244.257 0 0
-15.8019 39.9841 81.0387 -0.673799 -0.0169063 0.738721 244.692 0 0
-16.0876 38.7835 80.7066 -0.680215 -0.00955046 0.732951 245.126 0 0
-16.5459 37.6869 80.2119 -0.684755 0.000276448 0.728773 245.55 0 0
-17.2417 36.8663 79.5085 -0.686991 0.0113677 0.726577 245.88 0 0
-17.9254 36.4571 78.8291 -0.686778 0.0221474 0.72653 246.314 0 0
-18.8528 35.8319 77.9392 -0.684385 0.0311438 0.728455 246.623 0 0
-19.4781 35.2881 77.3155 -0.680424 0.0373282 0.731868 247.048 0 0
-20.435 34.4795 76.5177 -0.675659 0.0402356 0.736115 247.356 0 0
-21.1047 33.9105 75.9661 -0.67082 0.0399088 0.740546 247.836 0 0
-22.0906 32.8439 75.2098 -0.666457 0.0367584 0.744637 248.182 0 0
-22.7028 31.9437 74.7554 -0.662868 0.0314141 0.748077 248.507 0 0
-23.1537 30.996 74.4004 -0.660085 0.0245969 0.750788 248.847 0 0
-23.5277 29.914 74.0974 -0.657918 0.0170231 0.752897 249.144 0 0
-23.7964 28.9064 73.8953 -0.656048 0.00934221 0.754661 249.588 0 0
-23.9728 27.3387 73.7465 -0.654128 0.00210057 0.756381 249.932 0 0
-23.931 26.1346 73.7588 -0.65186 -0.00428896 0.758327 250.234 0 0
-23.7466 25.0988 73.8961 -0.649052 -0.00957281 0.760684 250.637 0 0
-23.2636 23.8379 74.2845 -0.645647 -0.013663 0.763514 251.026 0 0
-22.6966 22.6988 74.7232 -0.64174 -0.0166131 0.766742 251.399 0 0
-21.7858 22.1766 75.4747 -0.637562 -0.0185709 0.770175 251.799 0 0
-21.123 23.1944 76.0642 -0.633442 -0.0197253 0.773539 252.107 0 0
-20.6156 23.9674 76.4944 -0.629739 -0.0202729 0.776543 252.481 0 0
-20.0456 24.9396 76.9577 -0.626762 -0.0204175 0.778943 252.788 0 0
-19.628 25.777 77.3173 -0.624682 -0.0204081 0.780612 253.133 0 0
-19.2763 26.7779 77.623 -0.623472 -0.0205912 0.781575 253.504 0 0
-18.8725 27.8385 77.9646 -0.62291 -0.0214265 0.782 253.823 0 0
-18.5575 28.7812 78.231 -0.622639 -0.0234209 0.782158 254.169 0 0
-18.2364 29.8195 78.5081 -0.622234 -0.026994 0.782366 254.484 0 0
-17.9222 30.7443 78.7781 -0.621202 -0.0323589 0.782982 254.817 0 0
-17.5973 31.7174 79.0519 -0.618956 -0.0394983 0.784432 255.324 0 0
-17.0783 33.1722 79.5288 -0.614788 -0.0482434 0.787216 255.774 0 0
-16.5882 34.3988 79.986 -0.607928 -0.0583737 0.791844 256.146 0 0
-16.1012 35.3148 80.4417 -0.597679 -0.0696502 0.798705 256.541 0 0
-15.4066 36.0346 81.0589 -0.583633 -0.0817662 0.807891 256.977 0 0
-14.5079 36.5541 81.8118 -0.565918 -0.0942741 0.819054 257.329 0 0
-13.7307 36.7901 82.4385 -0.545385 -0.106553 0.831386 257.999 0 0
-12.2229 36.9447 83.5253 -0.523623 -0.117847 0.84376 258.546 0 0
-10.9394 36.9137 84.2719 -0.502748 -0.127378 0.854997 259.044 0 0
-9.74894 36.8192 84.9288 -0.485001 -0.134498 0.864109 259.587 0 0
-8.4851 36.7978 85.5508 -0.472317 -0.138817 0.870429 259.843 0 0
-7.89985 36.8326 85.814 -0.465993 -0.140265 0.8736 260.159 0 0
-7.61452 36.1022 85.8041 -0.466502 -0.139056 0.873521 260.61 0 0
-8.64781 36.0331 85.3409 -0.473467 -0.135576 0.870315 261.013 0 0
-9.56308 36.0624 84.8836 -0.485776 -0.13025 0.864325 261.418 0 0
-10.5206 36.1461 84.4057 -0.501834 -0.123419 0.856114 261.841 0 0
-11.5103 36.2096 83.8393 -0.519888 -0.115294 0.846418 262.24 0 0
-12.4518 36.2067 83.2859 -0.538315 -0.106025 0.836048 262.608 0 0
-13.2584 36.1046 82.6957 -0.555795 -0.0958173 0.825779 262.984 0 0
-14.0743 35.8657 82.0724 -0.57138 -0.0850326 0.816268 263.556 0 0
-15.2231 35.1935 81.1103 -0.584482 -0.0741912 0.808008 263.948 0 0
-15.8524 34.421 80.5385 -0.594838 -0.0638818 0.801304 264.473 0 0
-16.4485 33.0303 80.0415 -0.602483 -0.0546202 0.79626 264.823 0 0
-16.7936 32.0992 79.7212 -0.60772 -0.0467329 0.792775 265.288 0 0
-17.2577 30.8101 79.3143 -0.611064 -0.040323 0.790554 265.619 0 0
-17.603 29.8765 79.0126 -0.613165 -0.0353181 0.789165 265.935 0 0
-17.9144 28.9484 78.7468 -0.614683 -0.0315527 0.788143 266.254 0 0
-18.2099 28.0154 78.4796 -0.616153 -0.0288274 0.787099 266.725 0 0
-18.6275 26.6157 78.1001 -0.617909 -0.0269271 0.785789 267.136 0 0
-19.0788 25.4368 77.7378 -0.620078 -0.025617 0.784122 267.468 0 0
-19.5201 24.5629 77.3594 -0.622654 -0.0246539 0.782109 268.072 0 0
-20.4512 23.0356 76.6106 -0.62558 -0.0238223 0.779796 268.489 0 0
-21.1174 22.0458 76.0236 -0.628794 -0.022974 0.777233 268.873 0 0
-21.7081 21.047 75.4976 -0.632224 -0.0220234 0.774472 269.301 0 0
-22.0103 19.6648 75.2032 -0.635762 -0.0208903 0.771602 269.541 0 0
-22.426 20.295 74.8834 -0.639253 -0.0194283 0.768751 270.033 0 0
-22.9539 21.8422 74.4914 -0.642533 -0.0173978 0.766061 270.433 0 0
-23.5289 23.0023 74.0339 -0.645473 -0.0144998 0.763646 270.8 0 0
-24.0509 24.0892 73.6022 -0.647996 -0.0104424 0.761572 271.13 0 0
-24.3812 25.1758 73.3398 -0.650068 -0.00499289 0.75986 271.606 0 0
-24.549 26.86 73.2385 -0.651704 0.00199396 0.75847 271.892 0 0
-24.543 27.8764 73.2558 -0.653056 0.0105255 0.757236 272.393 0 0
-24.2323 29.6117 73.5052 -0.654515 0.0203425 0.755776 272.726 0 0
-23.8904 30.7258 73.7664 -0.656701 0.0307471 0.753524 273.056 0 0
-23.4904 31.7982 74.0727 -0.660248 0.0405357 0.749953 273.357 0 0
-23.0137 32.67 74.4522 -0.665456 0.0481787 0.744881 273.676 0 0
-22.433 33.4908 74.8721 -0.672047 0.0522406 0.738664 274.128 0 0
-21.4857 34.4937 75.5938 -0.679191 0.0518726 0.732127 274.457 0 0
-20.7396 35.1013 76.1453 -0.685782 0.0471485 0.726278 274.832 0 0
-19.871 35.7829 76.8146 -0.690809 0.0390621 0.721982 275.106 0 0
-19.2743 36.3501 77.3969 -0.693652 0.0291643 0.71972 275.398 0 0
-18.6891 36.8287 78.0849 -0.694227 0.0190097 0.719505 275.728 0 0
-17.9787 37.2866 78.7911 -0.69292 0.0096966 0.72095 276.098 0 0
-17.255 37.9257 79.5654 -0.690365 0.0017035 0.723459 276.436 0 0
-16.7532 38.6824 80.084 -0.687167 -0.00498002 0.726483 276.773 0 0
-16.4568 39.5884 80.4116 -0.683684 -0.0105917 0.729702 277.153 0 0
-16.2587 40.6955 80.6254 -0.679943 -0.015368 0.733104 277.496 0 0
-16.1379 41.7323 80.7206 -0.67567 -0.0194176 0.736948 277.88 0 0
-15.9443 42.8777 80.9155 -0.670362 -0.0226916 0.741687 278.253 0 0
-15.7697 43.9776 81.1279 -0.663374 -0.0250366 0.747869 278.596 0 0
-15.546 44.9589 81.3953 -0.654008 -0.0263019 0.756031 278.946 0 0
-15.2157 45.8965 81.7559 -0.641593 -0.0264471 0.766589 279.305 0 0
-14.7487 46.7284 82.193 -0.62555 -0.0255767 0.779765 279.667 0 0
-14.2007 47.4626 82.6972 -0.605381 -0.0238751 0.795578 280.056 0 0
-13.5647 48.1743 83.2314 -0.580626 -0.0214889 0.813886 280.687 0 0
-12.4916 49.3107 84.069 -0.550838 -0.0184551 0.834408 281.198 0 0
-11.4751 49.933 84.7715 -0.515615 -0.0147338 0.856694 281.747 0 0
-10.2407 50.0339 85.5353 -0.474713 -0.0103209 0.88008 282.191 0 0
-9.23523 50.0394 86.0917 -0.428162 -0.00535625 0.903686 282.666 0 0
-8.15616 50.0314 86.6177 -0.37632 -0.000156339 0.92649 283.171 0 0
-7.0002 50.0221 87.106 -0.319833 0.00485064 0.947461 283.657 0 0
-5.89955 50.0274 87.4881 -0.259573 0.00925 0.965679 284.353 0 0
-4.30142 50.0675 87.8811 -0.196589 0.0127592 0.980403 285.016 0 0
-2.74506 50.1032 88.1513 -0.132092 0.0152814 0.99112 285.507 0 0
-1.60864 50.0641 88.2272 -0.0673403 0.0168761 0.997587 286.091 0 0
-0.214576 50.0229 88.2678 -0.00343691 0.0176755 0.999838 286.532 0 0
0.823929 50.0419 88.2286 0.0589043 0.0178028 0.998105 287.114 0 0
2.21871 50.0732 88.0821 0.119428 0.0173291 0.992692 287.58 0 0
3.31603 50.057 87.918 0.178166 0.0162854 0.983866 288.152 0 0
4.61979 49.976 87.5939 0.235119 0.01472 0.971855 288.642 0 0
5.77774 49.9739 87.2867 0.29001 0.0127649 0.956939 289.059 0 0
6.75597 49.9897 86.9918 0.342285 0.0106513 0.939536 289.688 0 0
8.15836 50.0422 86.4083 0.391304 0.0086411 0.920221 290.153 0 0
9.22719 50.0053 85.898 0.436555 0.00692175 0.899651 290.606 0 0
10.2647 50.0099 85.3328 0.477764 0.00554579 0.878471 290.992 0 0
11.1374 50.0229 84.7817 0.514876 0.00445711 0.857253 291.363 0 0
11.9744 50.0008 84.1952 0.547994 0.00357421 0.836475 291.784 0 0
12.8668 49.4999 83.567 0.57734 0.00286922 0.816499 292.165 0 0
13.5346 48.8162 83.075 0.603231 0.0023923 0.797563 292.533 0 0
14.1543 48.1256 82.5985 0.625998 0.00222156 0.779821 293.078 0 0
15.1027 47.1978 81.7905 0.645836 0.00236573 0.763472 293.432 0 0
15.7394 46.6056 81.1907 0.662663 0.00268763 0.748913 293.875 0 0
16.5628 45.8232 80.4124 0.676106 0.00290312 0.736798 294.404 0 0
17.4196 44.6385 79.5965 0.685627 0.00264296 0.727948 294.836 0 0
17.8329 43.3901 79.184 0.690687 0.0015149 0.723152 295.276 0 0
18.1462 42.0286 78.9204 0.690883 -0.000875456 0.722966 295.669 0 0
18.268 40.7922 78.8049 0.68601 -0.00491956 0.727576 295.976 0 0
18.1501 39.7963 78.9379 0.676102 -0.0109534 0.736726 296.491 0 0
17.6508 38.3093 79.4373 0.661433 -0.0191391 0.74976 296.827 0 0
17.0895 37.5981 79.9375 0.642452 -0.0293442 0.765764 297.184 0 0
16.359 37.1246 80.577 0.619646 -0.0411167 0.783804 297.76 0 0
15.0493 36.8368 81.6087 0.593366 -0.0537965 0.803133 298.33 0 0
13.7125 36.9482 82.579 0.563726 -0.0667315 0.823262 298.911 0 0
12.3683 37.0535 83.4885 0.530671 -0.0795112 0.84384 299.305 0 0
11.4346 37.0387 84.0295 0.494154 -0.0921014 0.864482 299.777 0 0
10.3088 36.9513 84.6664 0.454285 -0.104771 0.884674 300.211 0 0
9.27947 36.8315 85.1821 0.411346 -0.117822 0.903832 300.697 0 0
8.15863 36.6287 85.6957 0.365699 -0.131289 0.921427 301.172 0 0
7.07927 36.3841 86.0574 0.317666 -0.144834 0.937076 301.913 0 0
5.35317 36.2833 86.5766 0.26747 -0.157831 0.950552 302.34 0 0
4.35981 36.2564 86.7908 0.21526 -0.169549 0.961726 302.902 0 0
3.03629 36.1167 87.0325 0.161196 -0.179292 0.9705 303.337 0 0
2.01306 35.9971 87.1388 0.105568 -0.186503 0.976766 303.766 0 0
1.00396 35.8825 87.2042 0.0489427 -0.19086 0.980396 304.22 0 0
-0.0748372 35.7893 87.1856 -0.00770499 -0.192355 0.981295 304.805 0 0
-1.45061 35.7808 87.1394 -0.0628858 -0.191303 0.979514 305.229 0 0
-2.45482 35.7661 87.0644 -0.114549 -0.188259 0.975416 305.804 0 0
-3.77219 35.7943 86.8722 -0.160163 -0.183925 0.969804 306.303 0 0
-4.93549 35.9246 86.6162 -0.197029 -0.179095 0.963901 306.815 0 0
-6.13486 36.0564 86.3096 -0.222792 -0.174621 0.959099 307.341 0 0
-7.37524 36.1124 85.9011 -0.235947 -0.171305 0.956548 307.382 0 0
-7.4726 36.1114 85.8676 -0.236066 -0.169716 0.956801 307.682 0 0
-7.36577 35.3728 85.7773 -0.223692 -0.17004 0.959713 308.37 0 0
-5.74211 35.238 86.3184 -0.200055 -0.17202 0.964566 308.879 0 0
-4.52313 35.1152 86.5965 -0.166783 -0.175044 0.970331 309.392 0 0
-3.30128 34.9929 86.7801 -0.125657 -0.178309 0.975918 309.855 0 0
-2.15606 34.9986 86.9336 -0.0784042 -0.181022 0.980349 310.537 0 0
-0.514605 35.0302 87.0357 -0.0265352 -0.18254 0.98284 310.953 0 0
0.482819 35.0999 87.0597 0.0286801 -0.182419 0.982803 311.441 0 0
1.64876 35.2239 87.0147 0.0860743 -0.180399 0.97982 312.127 0 0
3.31673 35.4235 86.8539 0.144389 -0.176357 0.973679 312.548 0 0
4.32591 35.4857 86.6702 0.202206 -0.170264 0.964429 313.194 0 0
5.86913 35.5367 86.3384 0.258109 -0.162163 0.952409 313.705 0 0
7.02136 35.5988 85.9558 0.310964 -0.152173 0.93816 314.326 0 0
8.4433 35.9015 85.4493 0.360154 -0.140493 0.922253 314.795 0 0
9.53108 36.1125 84.9761 0.405626 -0.127393 0.905118 315.352 0 0
10.811 36.2575 84.2822 0.447757 -0.113206 0.88696 315.776 0 0
11.8364 36.3184 83.6978 0.487114 -0.0983221 0.867786 316.139 0 0
12.7309 36.3029 83.1848 0.52421 -0.0831855 0.847517 316.655 0 0
13.9043 36.1557 82.399 0.559282 -0.0682877 0.82616 317.063 0 0
14.8147 36.0695 81.7352 0.592155 -0.0541509 0.804002 317.506 0 0
15.8297 36.1408 80.9632 0.62223 -0.0412919 0.781745 318.109 0 0
17.1387 36.6735 79.8821 0.648633 -0.0301561 0.760504 318.446 0 0
17.7626 37.2802 79.3371 0.670514 -0.0210317 0.741599 318.775 0 0
18.2092 38.0561 78.8634 0.687331 -0.0139905 0.72621 319.2 0 0
18.6108 39.3005 78.4648 0.699 -0.00889159 0.715067 319.522 0 0
18.7847 40.2888 78.2331 0.705853 -0.00543741 0.708337 319.892 0 0
18.7733 41.4992 78.192 0.708457 -0.00324691 0.705746 320.261 0 0
18.5567 42.7168 78.477 0.707405 -0.00192707 0.706806 320.741 0 0
18.2181 44.1746 78.8122 0.703182 -0.00114168 0.711009 321.071 0 0
17.888 45.126 79.1404 0.69614 -0.000656096 0.717905 321.426 0 0
17.359 45.9898 79.6523 0.686506 -0.000324779 0.727124 321.748 0 0
16.7646 46.5959 80.2256 0.674395 -3.04687e-05 0.738371 322.31 0 0
15.7089 47.5997 81.2335 0.659796 0.00036478 0.751445 322.78 0 0
14.8253 48.3832 82.0315 0.642535 0.00101298 0.766255 323.169 0 0
14.1559 49.1232 82.5678 0.622261 0.00203597 0.782807 323.602 0 0
13.4224 49.9681 83.1418 0.59849 0.00348392 0.801123 324.002 0 0
12.6553 50.6026 83.7255 0.570751 0.00531216 0.821106 324.378 0 0
11.8058 50.7934 84.3317 0.538759 0.00737885 0.842427 324.797 0 0
10.8317 50.7519 84.9659 0.502509 0.00947853 0.86452 325.222 0 0
9.82863 50.7405 85.5707 0.462221 0.011417 0.886691 325.705 0 0
8.69375 50.7877 86.158 0.418217 0.0130896 0.908253 326.238 0 0
7.44097 50.7712 86.7037 0.370814 0.0145082 0.928594 326.716 0 0
6.32023 50.7355 87.0982 0.320293 0.0157576 0.947187 327.193 0 0
5.17863 50.7232 87.4405 0.266885 0.0169204 0.96358 327.698 0 0
3.98755 50.757 87.7402 0.210788 0.018017 0.977366 328.162 0 0
2.89996 50.8316 87.99 0.152207 0.0189773 0.988166 328.878 0 0
1.22187 50.7918 88.1969 0.0914264 0.01964 0.995618 329.319 0 0
0.192713 50.7434 88.2313 0.0288557 0.01978 0.999388 329.77 0 0
-0.89966 50.7593 88.2535 -0.0349407 0.0191796 0.999205 330.418 0 0
-2.42975 50.8308 88.1608 -0.0992314 0.0177265 0.994906 331.06 0 0
-3.94416 50.8243 87.9199 -0.163143 0.0154777 0.986481 331.508 0 0
-5.02158 50.8037 87.6836 -0.225749 0.0126329 0.974104 331.922 0 0
-6.02382 50.7837 87.4308 -0.28619 0.00943762 0.958127 332.546 0 0
-7.4463 50.7936 86.9511 -0.343759 0.00609456 0.939038 332.988 0 0
-8.41027 50.7946 86.5045 -0.397921 0.00273879 0.917416 333.411 0 0
-9.36365 50.813 86.0329 -0.44826 -0.000531575 0.893903 334.03 0 0
-10.7247 50.8064 85.2718 -0.49437 -0.00361624 0.869244 334.418 0 0
-11.5589 50.7369 84.7147 -0.535751 -0.00639681 0.844352 335.086 0 0
-12.8745 49.9705 83.7973 -0.5718 -0.00875337 0.820346 335.631 0 0
-13.7602 48.9957 83.1243 -0.601981 -0.0106132 0.79844 336.12 0 0
-14.5251 48.1549 82.4256 -0.626095 -0.0120115 0.779654 336.719 0 0
-15.3994 46.9048 81.6138 -0.644507 -0.0131114 0.764486 337.084 0 0
-15.8133 46.0358 81.1555 -0.658194 -0.0141239 0.752716 337.426 0 0
-16.1237 45.0764 80.8266 -0.668568 -0.0151224 0.743498 337.752 0 0
-16.3374 44.0975 80.5971 -0.677072 -0.0158317 0.735746 338.304 0 0
-16.6827 42.4468 80.2607 -0.684685 -0.0155504 0.728674 338.643 0 0
-16.7588 41.4332 80.1735 -0.691581 -0.013339 0.722176 338.997 0 0
-16.8711 40.3941 80.0469 -0.697191 -0.00844303 0.716836 339.436 0 0
-17.216 39.1703 79.6841 -0.700616 -0.000725504 0.713538 339.91 0 0
-17.9375 38.2262 78.8777 -0.701163 0.00914744 0.712942 340.255 0 0
-18.6395 37.7226 78.1498 -0.698694 0.019865 0.715145 340.571 0 0
-19.2288 37.3005 77.4057 -0.693692 0.0298678 0.719653 340.87 0 0
-19.7935 36.7484 76.7584 -0.687093 0.0377735 0.725587 341.345 0 0
-20.963 35.7842 75.8434 -0.679996 0.0426625 0.731974 341.831 0 0
-22.1259 34.8392 75.0059 -0.673367 0.0441743 0.737988 342.364 0 0
-23.1814 33.5568 74.226 -0.667843 0.042462 0.74309 342.674 0 0
-23.7202 32.6967 73.8212 -0.663661 0.0380788 0.747064 342.956 0 0
-24.1413 31.8459 73.4982 -0.660719 0.0318283 0.749958 343.312 0 0
-24.5594 30.6627 73.1966 -0.658706 0.0245891 0.751999 343.605 0 0
-24.8384 29.6661 72.9858 -0.657248 0.0171357 0.75348 344.06 0 0
-25.1126 28.0666 72.7546 -0.656015 0.0100016 0.754682 344.377 0 0
-25.1256 26.9316 72.7388 -0.65478 0.00343794 0.755812 344.698 0 0
-25.06 25.7913 72.7649 -0.653431 -0.00251315 0.756982 345.104 0 0
-24.8071 24.3701 72.9557 -0.651961 -0.00787556 0.758212 345.422 0 0
-24.4202 23.3569 73.2712 -0.650459 -0.0126169 0.759436 345.742 0 0
-23.9227 22.4312 73.6888 -0.649105 -0.0166191 0.760517 346.03 0 0
-23.4847 21.5996 74.04 -0.648131 -0.0197417 0.761273 346.537 0 0
-22.9642 19.9643 74.4287 -0.64775 -0.0219211 0.761537 346.987 0 0
-23.0697 18.4315 74.2748 -0.648052 -0.0232316 0.761242 347.32 0 0
-23.3678 17.3703 73.9657 -0.648925 -0.0238582 0.760478 347.619 0 0
-23.7858 16.4975 73.5663 -0.650066 -0.0240009 0.759499 347.955 0 0
-24.3347 15.5632 73.0733 -0.651056 -0.0237881 0.758657 348.377 0 0
-24.9839 14.3613 72.4804 -0.651464 -0.0232638 0.758322 348.759 0 0
-25.3964 13.1442 72.0756 -0.650942 -0.0224444 0.758796 349.179 0 0
-25.5107 11.6626 71.9488 -0.649263 -0.021395 0.760263 349.468 0 0
-25.1981 10.731 72.2007 -0.646343 -0.0202767 0.762777 349.869 0 0
-24.3925 9.79052 72.8635 -0.642249 -0.0193366 0.766252 350.25 0 0
-23.4936 9.17007 73.5836 -0.637221 -0.0188443 0.77045 350.76 0 0
-22.2142 8.57807 74.6632 -0.631691 -0.0189985 0.774987 351.055 0 0
-21.5308 9.01975 75.2224 -0.626251 -0.0198494 0.779369 351.626 0 0
-20.5244 10.3961 76.0499 -0.621554 -0.0212697 0.783083 351.939 0 0
-19.9989 11.1738 76.4627 -0.618147 -0.0229971 0.785726 352.263 0 0
-19.7019 12.1635 76.7348 -0.61628 -0.0247381 0.787138 352.8 0 0
-19.7533 13.8789 76.75 -0.615794 -0.0262886 0.787468 353.145 0 0
-20.0763 14.9084 76.5325 -0.616142 -0.0276041 0.787151 353.71 0 0
-20.7951 16.5243 76.0599 -0.616585 -0.0287772 0.786762 354.094 0 0
-21.1909 17.6901 75.8119 -0.616466 -0.029946 0.786812 354.424 0 0
-21.4591 18.7287 75.6317 -0.61545 -0.0311968 0.787558 354.76 0 0
-21.3859 19.8397 75.7248 -0.613617 -0.0325079 0.788934 355.063 0 0
-21.0818 20.7634 76.0061 -0.611382 -0.0337494 0.790616 355.497 0 0
-20.4367 21.9214 76.5781 -0.609277 -0.0347368 0.792196 355.91 0 0
-19.7272 22.897 77.1392 -0.607697 -0.0353199 0.793383 356.365 0 0
-19.0509 24.0682 77.7076 -0.60672 -0.03547 0.794124 356.708 0 0
-18.588 24.9593 78.0779 -0.606113 -0.035323 0.794594 357.077 0 0
-18.193 25.9915 78.405 -0.60551 -0.0351651 0.79506 357.456 0 0
-17.8591 27.1035 78.728 -0.604647 -0.035375 0.795708 357.796 0 0
-17.5826 28.0903 78.9746 -0.603475 -0.0363398 0.796553 358.131 0 0
-17.2794 29.0428 79.25 -0.602073 -0.0383681 0.797519 358.476 0 0
-16.9302 29.9893 79.5529 -0.600404 -0.041639 0.798612 358.829 0 0
-16.5579 30.9526 79.8712 -0.598095 -0.0462116 0.800092 359.245 0 0
-16.1143 32.0638 80.2384 -0.594395 -0.0520751 0.802485 359.6 0 0
-15.7445 33.0282 80.5563 -0.588339 -0.0591991 0.806444 360.019 0 0
-15.2484 34.1128 80.9722 -0.579052 -0.0675443 0.812488 360.381 0 0
-14.5728 34.7307 81.5626 -0.56606 -0.0770172 0.820758 360.806 0 0
-13.6874 35.2051 82.2997 -0.54953 -0.0873862 0.830892 361.162 0 0
-12.8962 35.406 82.888 -0.530369 -0.0982073 0.842059 361.553 0 0
-11.9992 35.4793 83.4546 -0.510181 -0.108815 0.853156 361.931 0 0
-11.1031 35.4337 83.9734 -0.491056 -0.118397 0.863045 362.296 0 0
-10.2261 35.3744 84.455 -0.475257 -0.126142 0.870758 362.879 0 0
-8.84184 35.2594 85.1157 -0.464821 -0.131373 0.875604 363.233 0 0
-8.01198 35.3209 85.4885 -0.461119 -0.133641 0.877217 363.531 0 0
-7.98699 34.5698 85.3662 -0.46448 -0.132757 0.875576 363.925 0 0
-8.91332 34.5236 84.9491 -0.474051 -0.128805 0.871025 364.329 0 0
-9.87035 34.6127 84.5268 -0.488002 -0.12215 0.864253 364.722 0 0
-10.7628 34.6617 84.0579 -0.504029 -0.113436 0.856205 365.299 0 0
-12.0808 34.7056 83.3033 -0.519944 -0.103509 0.847906 365.822 0 0
-13.2769 34.5504 82.5266 -0.534124 -0.093283 0.840244 366.26 0 0
-14.1466 34.1176 81.8254 -0.545724 -0.0835783 0.833786 366.792 0 0
-15.0114 33.07 81.0897 -0.554612 -0.0749877 0.828723 367.214 0 0
-15.4242 31.9406 80.7242 -0.561134 -0.0678158 0.824942 367.65 0 0
-15.9259 30.7972 80.3074 -0.565847 -0.0620855 0.82217 368.117 0 0
-16.465 29.5595 79.862 -0.569332 -0.0575947 0.820088 368.605 0 0
-16.9342 28.2085 79.4598 -0.572133 -0.0540114 0.818381 368.936 0 0
-17.1926 27.2654 79.2266 -0.574727 -0.050996 0.816755 369.289 0 0
-17.4481 26.2491 78.9789 -0.577478 -0.0483094 0.814976 369.621 0 0
-17.722 25.294 78.7172 -0.580554 -0.0458564 0.812929 370.109 0 0
-18.3293 23.9967 78.2111 -0.583888 -0.0436448 0.810661 370.524 0 0
-18.897 22.9245 77.7469 -0.587207 -0.0416987 0.808362 370.983 0 0
-19.6579 21.838 77.1391 -0.590145 -0.0399892 0.806306 371.325 0 0
-20.2423 21.0065 76.6833 -0.592385 -0.0384133 0.804739 371.652 0 0
-20.6543 20.0981 76.3343 -0.593797 -0.0368195 0.803772 371.977 0 0
-20.7874 19.0664 76.1944 -0.594507 -0.0350606 0.803325 372.444 0 0
-20.5222 17.5828 76.3128 -0.594878 -0.0330533 0.803136 372.809 0 0
-20.128 16.4891 76.5691 -0.595389 -0.0308107 0.802847 373.121 0 0
-19.7103 15.6197 76.8441 -0.596493 -0.028424 0.802115 373.464 0 0
-19.3035 14.6456 77.1008 -0.598516 -0.0260103 0.800688 373.812 0 0
-19.074 13.5747 77.2324 -0.601618 -0.023678 0.798433 374.282 0 0
-19.0924 12.0934 77.1694 -0.605815 -0.0215354 0.795314 374.827 0 0
-19.6277 10.5306 76.7463 -0.611022 -0.0197125 0.791368 375.31 0 0
-20.4443 9.42888 76.0922 -0.617063 -0.0183554 0.786699 375.693 0 0
-21.0849 8.49504 75.5614 -0.623666 -0.0175851 0.781493 376.025 0 0
-21.5776 7.60918 75.1524 -0.630447 -0.0174563 0.776036 376.526 0 0
-22.8246 8.03633 74.1469 -0.636937 -0.0179484 0.770707 376.92 0 0
-23.7758 8.51297 73.3405 -0.642655 -0.0189874 0.76592 377.414 0 0
-24.9362 9.35622 72.3889 -0.64721 -0.02047 0.762037 377.772 0 0
-25.6191 10.1938 71.8015 -0.65039 -0.0222621 0.759274 378.059 0 0
-26.0075 11.0773 71.4771 -0.65221 -0.0241742 0.757653 378.357 0 0
-26.1661 12.1289 71.3745 -0.65288 -0.0259492 0.757017 378.878 0 0
-25.8255 13.9115 71.7221 -0.652744 -0.027292 0.757087 379.229 0 0
-25.3702 14.997 72.1664 -0.652186 -0.0279448 0.757544 379.621 0 0
-24.7314 16.0854 72.7614 -0.651559 -0.0277696 0.758089 380.072 0 0
-24.0122 17.3451 73.4244 -0.651147 -0.0267825 0.758479 380.395 0 0
-23.6793 18.3842 73.7575 -0.651143 -0.0251133 0.75854 380.895 0 0
-23.6008 20.1177 73.9002 -0.651633 -0.0229123 0.758188 381.192 0 0
-23.89 21.0774 73.684 -0.652571 -0.0202577 0.757457 381.701 0 0
-24.682 22.5118 73.0367 -0.653769 -0.0171023 0.756501 382.01 0 0
-25.1343 23.4252 72.6577 -0.654944 -0.0132777 0.755561 382.375 0 0
-25.5002 24.6324 72.3573 -0.655812 -0.00854888 0.754876 382.729 0 0
-25.6627 25.8912 72.2429 -0.656172 -0.00269826 0.754607 383.015 0 0
-25.6845 26.9133 72.2426 -0.65594 0.00439246 0.754801 383.509 0 0
-25.638 28.6823 72.2779 -0.65519 0.0126661 0.755358 383.87 0 0
-25.3761 29.9386 72.518 -0.654244 0.0217915 0.75597 384.153 0 0
-25.1313 30.9105 72.6992 -0.653779 0.0310616 0.756048 384.565 0 0
-24.6181 32.2577 73.0798 -0.654786 0.039402 0.754786 384.957 0 0
-23.9863 33.4424 73.5361 -0.658252 0.0455936 0.751416 385.243 0 0
-23.4756 34.2689 73.9049 -0.664672 0.0486466 0.74555 385.717 0 0
-22.4694 35.4425 74.6551 -0.673718 0.0481274 0.737419 386.017 0 0
-21.7796 36.0521 75.1352 -0.684257 0.0442751 0.727896 386.411 0 0
-20.8112 36.7445 75.8343 -0.694723 0.0378893 0.718279 386.745 0 0
-20.0651 37.4308 76.4158 -0.703634 0.0300675 0.709926 387.035 0 0
-19.495 38.0395 77.0878 -0.710018 0.0218905 0.703844 387.377 0 0
-18.7887 38.4748 77.9766 -0.713592 0.014162 0.700418 387.694 0 0
-18.1415 38.9438 78.6943 -0.714655 0.00729781 0.699439 388.16 0 0
-17.4913 40.0997 79.4038 -0.713761 0.00140641 0.700388 388.499 0 0
-17.3277 41.1166 79.5932 -0.711373 -0.0035122 0.702806 389.01 0 0
-17.2252 42.6569 79.7514 -0.707653 -0.00739202 0.706521 389.369 0 0
-16.9839 43.7163 79.9846 -0.702441 -0.0100734 0.711671 389.731 0 0
-16.7605 44.8275 80.1963 -0.695376 -0.0114251 0.718555 390.175 0 0
-16.4021 46.193 80.551 -0.686062 -0.0114947 0.727452 390.503 0 0
-15.9861 47.0535 81.0375 -0.674167 -0.0105509 0.738503 390.992 0 0
-15.3442 48.2365 81.6919 -0.659416 -0.00898488 0.751725 391.539 0 0
-14.4566 49.2761 82.5123 -0.641485 -0.00715299 0.767102 391.923 0 0
-13.8106 49.9539 83.101 -0.619926 -0.00526199 0.784643 392.306 0 0
-13.1986 50.6693 83.5523 -0.594198 -0.00333771 0.804312 392.697 0 0
-12.477 51.2598 84.0821 -0.563814 -0.00125992 0.825901 393.062 0 0
-11.682 51.5082 84.6355 -0.528524 0.0011621 0.848917 393.437 0 0
-10.8527 51.5873 85.1977 -0.488422 0.00408523 0.872598 393.966 0 0
-9.66158 51.5859 85.8792 -0.443945 0.00751586 0.896022 394.525 0 0
-8.39718 51.538 86.5123 -0.395778 0.0112352 0.918277 395.051 0 0
-7.16801 51.5638 87.0378 -0.344706 0.0148364 0.938593 395.533 0 0
-6.04593 51.5316 87.4066 -0.291442 0.0178781 0.956421 396.001 0 0
-4.93734 51.5476 87.6839 -0.236496 0.0200656 0.971425 396.431 0 0
-3.86487 51.5854 87.9127 -0.180175 0.0213471 0.983403 396.922 0 0
-2.66071 51.5538 88.1223 -0.122721 0.0218883 0.9922 397.358 0 0
-1.61361 51.504 88.192 -0.064448 0.0219619 0.997679 397.834 0 0
-0.451169 51.4792 88.2435 -0.00575856 0.0218243 0.999745 398.323 0 0
0.705918 51.5244 88.2134 0.0529578 0.0216365 0.998362 398.777 0 0
1.78274 51.5585 88.1293 0.111398 0.0214509 0.993544 399.279 0 0
2.93467 51.5944 87.961 0.169302 0.0212375 0.985335 399.952 0 0
4.48848 51.4781 87.6052 0.226314 0.0209126 0.97383 400.463 0 0
5.6893 51.4991 87.2687 0.281876 0.02036 0.959235 400.941 0 0
6.81944 51.4911 86.9265 0.335218 0.0194625 0.941939 401.385 0 0
7.83605 51.5157 86.5216 0.385497 0.0181494 0.922531 401.805 0 0
8.79875 51.5125 86.1004 0.432005 0.0164347 0.901722 402.541 0 0
10.4623 51.4846 85.1761 0.474324 0.0144194 0.880232 402.956 0 0
11.4194 51.559 84.5771 0.512348 0.0122556 0.85869 403.341 0 0
12.3091 51.5583 83.9826 0.546217 0.0100995 0.837583 403.705 0 0
13.1026 51.3116 83.3985 0.576257 0.00807582 0.817228 404.142 0 0
13.8592 50.5336 82.7999 0.602967 0.00626237 0.797742 404.524 0 0
14.5064 49.7708 82.2934 0.626952 0.00469015 0.779044 405.078 0 0
15.4351 48.7222 81.4728 0.648783 0.00335526 0.760966 405.429 0 0
16.1059 48.1755 80.8649 0.668835 0.00224929 0.743408 405.931 0 0
17.0087 47.2998 79.9878 0.687175 0.00140305 0.726491 406.269 0 0
17.6524 46.715 79.3648 0.703547 0.000912829 0.710648 406.614 0 0
18.2168 45.938 78.818 0.717405 0.000909336 0.696656 406.96 0 0
18.5796 44.963 78.4512 0.728009 0.00145733 0.685566 407.28 0 0
18.8191 44.005 78.182 0.734578 0.00242945 0.678519 407.8 0 0
19.135 42.3822 77.804 0.736476 0.00343579 0.676455 408.114 0 0
19.3455 41.365 77.538 0.733359 0.00386863 0.67983 408.581 0 0
19.2372 39.7666 77.6868 0.725241 0.00305247 0.688488 408.907 0 0
19.0215 38.7251 77.9811 0.712436 0.000432614 0.701736 409.424 0 0
18.48 37.2175 78.597 0.695446 -0.00428616 0.718566 409.756 0 0
17.9394 36.4305 79.1665 0.674834 -0.0111228 0.737885 410.095 0 0
17.2639 35.8737 79.7569 0.651133 -0.0199311 0.758702 410.513 0 0
16.3334 35.4523 80.5424 0.624749 -0.0305521 0.780228 410.946 0 0
15.312 35.3111 81.3319 0.595897 -0.0428845 0.801915 411.48 0 0
14.0277 35.335 82.2585 0.564577 -0.0568289 0.823421 412.104 0 0
12.5865 35.567 83.2044 0.530618 -0.072175 0.844533 412.471 0 0
11.7115 35.5696 83.7012 0.493749 -0.0885367 0.865086 413.031 0 0
10.3267 35.4791 84.4526 0.4537 -0.105371 0.884903 413.452 0 0
9.30545 35.3208 84.9888 0.410299 -0.122031 0.90375 413.932 0 0
8.1642 35.0895 85.4266 0.363559 -0.137815 0.921321 414.376 0 0
7.07698 34.841 85.8023 0.313735 -0.151983 0.937268 414.82 0 0
6.01008 34.7787 86.1639 0.261301 -0.163823 0.951254 415.438 0 0
4.53734 34.7184 86.4908 0.206852 -0.172762 0.962998 415.928 0 0
3.34713 34.7103 86.6965 0.150954 -0.178504 0.972291 416.458 0 0
2.03847 34.5211 86.8435 0.0940455 -0.181112 0.978956 416.949 0 0
0.832508 34.4308 86.8981 0.0364633 -0.180972 0.982812 417.671 0 0
-0.943925 34.3087 86.862 -0.0213655 -0.178671 0.983677 418.101 0 0
-1.98554 34.2317 86.7903 -0.0787205 -0.174833 0.981446 418.541 0 0
-3.04793 34.1912 86.6932 -0.134577 -0.169995 0.976212 418.949 0 0
-4.05375 34.3048 86.5665 -0.187871 -0.16453 0.968315 419.494 0 0
-5.32787 34.416 86.3 -0.237873 -0.158621 0.958257 419.928 0 0
-6.34167 34.5611 86.0017 -0.284391 -0.152274 0.946538 420.513 0 0
-7.70395 34.5938 85.4917 -0.32764 -0.145375 0.933551 420.867 0 0
-7.26448 33.8019 85.5578 -0.367868 -0.137773 0.919615 421.372 0 0
-8.4154 33.7424 85.0362 -0.405019 -0.129385 0.905107 421.82 0 0
-9.47471 33.735 84.5574 -0.438662 -0.120271 0.890568 422.351 0 0
-10.7153 33.6937 83.9549 -0.468193 -0.110669 0.876669 422.985 0 0
-12.1556 33.8073 83.1466 -0.493138 -0.100963 0.864073 423.47 0 0
-13.2746 33.727 82.4412 -0.513365 -0.0916031 0.853267 423.935 0 0
-14.1747 33.178 81.7028 -0.529146 -0.0830079 0.844461 424.403 0 0
-14.7535 32.029 81.2154 -0.541072 -0.0754626 0.837584 424.828 0 0
-15.1854 30.9084 80.8358 -0.549911 -0.0690533 0.832364 425.234 0 0
-15.4891 29.7668 80.5454 -0.556465 -0.0636677 0.828428 425.588 0 0
-15.9337 28.8676 80.1895 -0.561462 -0.0590718 0.825391 426.115 0 0
-16.4453 27.4425 79.7501 -0.565501 -0.0550276 0.82291 426.491 0 0
-16.7488 26.382 79.4783 -0.569008 -0.0513828 0.820725 427.047 0 0
-17.1785 24.7991 79.0704 -0.572225 -0.0480863 0.818686 427.661 0 0
-17.9401 23.1936 78.4336 -0.575199 -0.04514 0.816767 428.004 0 0
-18.4527 22.346 78.0244 -0.577807 -0.0425424 0.815064 428.323 0 0
-18.868 21.4841 77.6933 -0.579803 -0.0402715 0.813761 428.648 0 0
-19.4297 20.7242 77.2634 -0.580922 -0.0383051 0.813057 429.119 0 0
-20.1313 19.5117 76.7 -0.581008 -0.036639 0.813073 429.507 0 0
-20.0309 18.2592 76.7136 -0.580127 -0.0352752 0.813762 430.04 0 0
-19.5639 16.6214 76.9914 -0.578623 -0.0341854 0.814878 430.374 0 0
-19.0094 15.7871 77.362 -0.577076 -0.0332745 0.816012 430.712 0 0
-18.6782 14.7979 77.5511 -0.576163 -0.0323732 0.816693 431.181 0 0
-18.3887 13.3542 77.7199 -0.576463 -0.0312748 0.816525 431.538 0 0
-18.3108 12.2592 77.7177 -0.578249 -0.0298058 0.815316 431.918 0 0
-18.6406 11.1588 77.4535 -0.581349 -0.0278964 0.813176 432.27 0 0
-19.043 10.1954 77.1405 -0.585127 -0.0256165 0.810537 432.685 0 0
-19.6507 9.14078 76.6876 -0.588632 -0.0231497 0.808069 433.022 0 0
-20.2972 8.46484 76.1759 -0.590863 -0.0207162 0.806506 433.389 0 0
-20.8865 7.55122 75.6985 -0.591031 -0.0184782 0.806437 433.826 0 0
-21.3693 6.26887 75.3116 -0.588729 -0.0164696 0.808163 434.091 0 0
-21.0968 5.4733 75.5181 -0.583957 -0.014579 0.811654 434.399 0 0
-20.3317 5.20231 76.1155 -0.577079 -0.0125984 0.816591 434.797 0 0
-19.3461 4.8566 76.846 -0.568722 -0.0103195 0.822465 435.323 0 0
-18.2368 3.89923 77.601 -0.559659 -0.00762815 0.828688 435.713 0 0
-17.3986 3.20441 78.1317 -0.550696 -0.00454655 0.834694 436.197 0 0
-16.502 2.16886 78.7237 -0.542612 -0.0012096 0.839982 436.706 0 0
-16.1652 0.71325 78.9294 -0.536138 0.00219905 0.844127 437.152 0 0
-15.7833 -0.52904 79.1505 -0.531925 0.00550667 0.846774 437.5 0 0
-15.6726 -1.55834 79.2428 -0.530485 0.00857115 0.847651 437.859 0 0
-15.6148 -2.60078 79.2965 -0.532125 0.0112539 0.846591 438.216 0 0
-15.6289 -3.6385 79.3049 -0.536892 0.0133839 0.843545 438.593 0 0
-15.8987 -4.7023 79.1678 -0.544566 0.0147741 0.838588 438.954 0 0
-16.0037 -5.76428 79.1288 -0.554666 0.0153048 0.831932 439.521 0 0
-17.0136 -6.95087 78.5066 -0.566509 0.0150137 0.823919 439.871 0 0
-17.6012 -7.73608 78.1172 -0.579308 0.0141059 0.814987 440.422 0 0
-18.743 -8.71148 77.3438 -0.592307 0.0128714 0.80561 440.819 0 0
-19.7163 -8.95682 76.6349 -0.604892 0.0115659 0.796224 441.292 0 0
-20.877 -9.04459 75.6969 -0.616651 0.0103338 0.787169 441.801 0 0
-22.1439 -8.64103 74.6653 -0.627369 0.00920386 0.778667 442.17 0 0
-23.0834 -8.35284 73.9003 -0.636963 0.00813789 0.770852 442.492 0 0
-23.7046 -7.65264 73.3522 -0.645391 0.00708716 0.76382 442.79 0 0
-24.159 -6.84258 72.9438 -0.652575 0.00602678 0.7577 443.094 0 0
-24.7126 -6.11045 72.4531 -0.658368 0.00495856 0.75268 443.451 0 0
-25.2863 -5.14729 71.935 -0.662587 0.00388566 0.748975 443.95 0 0
-25.5523 -3.4237 71.6833 -0.665091 0.00277824 0.746757 444.455 0 0
-25.8419 -1.66909 71.4236 -0.665851 0.00156441 0.746083 444.77 0 0
-25.6451 -0.579869 71.6174 -0.664994 0.000166667 0.746849 445.052 0 0
-25.4887 0.39028 71.7575 -0.662809 -0.00143963 0.748787 445.353 0 0
-25.1886 1.37034 72.0208 -0.659731 -0.00319659 0.751495 445.669 0 0
-24.6797 2.23881 72.4927 -0.6563 -0.00499125 0.754483 446.051 0 0
-24.0356 3.26735 73.0345 -0.653091 -0.00671845 0.75725 446.364 0 0
-23.5746 4.179 73.4531 -0.650622 -0.00833422 0.759356 446.692 0 0
-22.7762 4.60141 74.1386 -0.649265 -0.00986961 0.760498 447.072 0 0
-22.1378 5.5844 74.6779 -0.649169 -0.0114043 0.760559 447.462 0 0
-22.4304 6.84593 74.467 -0.650231 -0.0130208 0.759625 447.867 0 0
-23.3282 7.53 73.7175 -0.652133 -0.014763 0.757961 448.297 0 0
-24.3819 8.05526 72.8305 -0.654436 -0.0166157 0.755935 448.776 0 0
-25.501 8.81982 71.8797 -0.656695 -0.0185085 0.753929 449.089 0 0
-26.0253 9.66876 71.4235 -0.658562 -0.0203455 0.752252 449.376 0 0
-26.4812 10.4959 71.0262 -0.659846 -0.0220435 0.751077 449.659 0 0
-26.6795 11.4961 70.886 -0.660532 -0.0235527 0.750429 449.946 0 0
-26.7783 12.5271 70.8357 -0.660748 -0.0248447 0.750196 450.264 0 0
-26.5774 13.6278 71.0533 -0.660711 -0.025883 0.750194 450.679 0 0
-26.0638 14.9331 71.5563 -0.660646 -0.0266025 0.750226 451.01 0 0
-25.6617 15.9708 71.9466 -0.660726 -0.0269097 0.750145 451.543 0 0
-24.6739 17.3302 72.8534 -0.661035 -0.0266991 0.74988 451.838 0 0
-24.2952 18.2358 73.2226 -0.661573 -0.0258772 0.749434 452.169 0 0
-24.0998 19.3624 73.4491 -0.66226 -0.0243886 0.748877 452.497 0 0
-24.2902 20.4822 73.3249 -0.662942 -0.0222245 0.748341 452.946 0 0
-24.9706 21.7663 72.7648 -0.6634 -0.0194039 0.748013 453.498 0 0
-25.7736 23.4161 72.0885 -0.663378 -0.0159421 0.748114 453.927 0 0
-26.136 24.905 71.8047 -0.662633 -0.0118329 0.748851 454.235 0 0
-26.2632 26.0101 71.7098 -0.660992 -0.00705402 0.750359 454.599 0 0
-26.251 27.3298 71.7308 -0.658407 -0.00158235 0.752661 454.96 0 0
-26.2792 28.6368 71.7007 -0.654975 0.0046153 0.755636 455.261 0 0
-26.1684 29.7261 71.8066 -0.650961 0.011607 0.759022 455.694 0 0
-25.8107 31.2348 72.1152 -0.646833 0.0194436 0.762384 455.969 0 0
-25.4161 32.0966 72.4197 -0.643338 0.0279536 0.765072 456.264 0 0
-25.089 33.086 72.6544 -0.641521 0.0365022 0.766236 456.62 0 0
-24.37 34.0191 73.1964 -0.642542 0.0439747 0.764988 456.937 0 0
-23.8247 34.9491 73.573 -0.64725 0.0490887 0.760696 457.218 0 0
-23.2203 35.6414 74.0062 -0.655751 0.0508538 0.753263 457.503 0 0
-22.5834 36.2914 74.474 -0.66723 0.0489056 0.743245 457.909 0 0
-21.59 37.0612 75.1267 -0.680164 0.043591 0.731763 458.204 0 0
-20.8742 37.6283 75.6118 -0.69277 0.0358386 0.720268 458.408 0 0
-20.1382 38.4299 76.3598 -0.703484 0.0268884 0.710203 458.771 0 0
-19.3975 39.0357 77.247 -0.711305 0.0179509 0.702654 459.118 0 0
-18.64 39.4285 78.1529 -0.71593 0.00990647 0.698102 459.444 0 0
-18.1026 40.208 78.741 -0.717647 0.0031772 0.6964 459.805 0 0
-17.89 41.338 79.0091 -0.717066 -0.00219218 0.697002 460.131 0 0
-17.8757 42.3571 79.0866 -0.714797 -0.00633861 0.699304 460.483 0 0
-17.5938 43.3837 79.4081 -0.711212 -0.00940491 0.702915 460.884 0 0
-17.4581 44.6549 79.5439 -0.706352 -0.0114631 0.707768 461.208 0 0
-17.1729 45.6137 79.8055 -0.699983 -0.0125381 0.71405 461.606 0 0
-16.8827 46.8338 80.0977 -0.691712 -0.0126816 0.722062 462.052 0 0
-16.3503 48.007 80.7213 -0.681114 -0.0120312 0.732079 462.498 0 0
-15.6856 49.0013 81.3905 -0.667803 -0.0108109 0.74426 462.843 0 0
-15.0972 49.6139 81.9474 -0.651473 -0.0092689 0.758615 463.234 0 0
-14.438 50.3142 82.5534 -0.631907 -0.00758844 0.775007 463.726 0 0
-13.6325 51.2687 83.1953 -0.608925 -0.00582465 0.793207 464.117 0 0
-12.9158 51.9157 83.7521 -0.582329 -0.00389656 0.812944 464.525 0 0
-12.0277 52.2105 84.4017 -0.551879 -0.00162601 0.833923 464.966 0 0
-11.0724 52.5055 85.0686 -0.51734 0.00119915 0.855779 465.366 0 0
-10.1792 52.2539 85.5811 -0.478571 0.00473793 0.878036 465.766 0 0
-9.30759 52.5127 86.0902 -0.435577 0.00899164 0.900106 466.198 0 0
-8.36121 52.2494 86.5165 -0.388513 0.0137376 0.921341 466.622 0 0
-7.40364 52.5039 86.9599 -0.337636 0.0185633 0.941094 467.076 0 0
-6.3678 52.2823 87.2934 -0.2833 0.0229932 0.958756 467.601 0 0
-5.1114 52.2791 87.6205 -0.225992 0.0266356 0.973765 468.09 0 0
-3.90746 52.5127 87.8804 -0.16641 0.029287 0.985622 468.78 0 0
-2.19185 52.2778 88.1231 -0.105477 0.0309679 0.993939 469.287 0 0
-0.935643 52.3207 88.1939 -0.0442409 0.0318939 0.998512 469.744 0 0
0.173729 52.3798 88.2312 0.0163239 0.0323924 0.999342 470.298 0 0
1.48097 52.3167 88.1459 0.0755198 0.0327826 0.996605 470.745 0 0
2.5289 52.3615 88.0193 0.132997 0.0332568 0.990558 471.26 0 0
3.72833 52.3203 87.7762 0.188677 0.0338135 0.981457 471.684 0 0
4.70307 52.2356 87.5254 0.242599 0.034268 0.969521 472.289 0 0
6.14018 52.3585 87.1126 0.294792 0.0343289 0.954944 472.73 0 0
7.18215 52.3091 86.7698 0.345188 0.0337091 0.937928 473.176 0 0
8.20453 52.2568 86.351 0.39357 0.0322321 0.91873 473.579 0 0
9.11863 52.249 85.9081 0.439545 0.0298901 0.897723 474 0 0
10.0709 52.3298 85.3822 0.482579 0.0268338 0.875441 474.462 0 0
11.1231 52.4763 84.748 0.522106 0.023309 0.852562 475.038 0 0
12.4475 52.2886 83.8723 0.557699 0.0195792 0.829812 475.49 0 0
13.4653 52.081 83.1084 0.589227 0.0158633 0.807812 476.124 0 0
14.5112 50.8054 82.2876 0.616906 0.0123096 0.78694 476.553 0 0
15.1811 49.9239 81.6913 0.641211 0.00901287 0.767312 476.971 0 0
15.9552 49.2116 80.9937 0.662668 0.00605564 0.748889 477.447 0 0
16.8308 48.394 80.1655 0.68167 0.00355388 0.731652 477.819 0 0
17.5666 47.8363 79.4517 0.698368 0.00169154 0.715737 478.133 0 0
18.1175 47.2121 78.8979 0.712675 0.000714421 0.701494 478.691 0 0
18.8919 45.7758 78.1114 0.724317 0.000850895 0.689467 479.034 0 0
19.2162 44.7883 77.7012 0.732916 0.00217313 0.680316 479.352 0 0
19.412 43.7446 77.4714 0.73808 0.00446874 0.674699 479.852 0 0
19.7265 42.0816 77.0922 0.739471 0.00720043 0.67315 480.179 0 0
19.9198 40.9885 76.8636 0.736865 0.0095887 0.675971 480.574 0 0
19.7221 39.6582 77.0935 0.730196 0.0107959 0.683152 480.885 0 0
19.6007 38.6026 77.2954 0.719564 0.0101405 0.694352 481.448 0 0
19.0368 36.9265 78.0563 0.705226 0.00724732 0.708945 481.764 0 0
18.6176 36.1124 78.5131 0.687561 0.00207117 0.726124 482.086 0 0
18.0073 35.514 79.1175 0.667009 -0.00519903 0.745031 482.418 0 0
17.3308 35.0295 79.7046 0.644002 -0.0142837 0.76489 482.929 0 0
16.1515 34.637 80.6506 0.618876 -0.0249265 0.785093 483.296 0 0
15.2959 34.4369 81.3047 0.591818 -0.0369382 0.805225 483.788 0 0
14.1392 34.5756 82.1325 0.562874 -0.0501628 0.825019 484.168 0 0
13.2588 34.7449 82.7068 0.531989 -0.0643896 0.8443 484.589 0 0
12.2839 34.8522 83.3227 0.499045 -0.079263 0.862944 485.156 0 0
10.9114 34.7482 84.0654 0.463871 -0.0942707 0.880873 485.577 0 0
9.88597 34.5972 84.6086 0.426259 -0.108838 0.89803 485.977 0 0
8.93021 34.4124 85.0247 0.38604 -0.12247 0.914316 486.412 0 0
7.90401 34.1151 85.3771 0.3432 -0.134844 0.929533 486.852 0 0
6.80655 34.0445 85.7379 0.297994 -0.145812 0.943366 487.244 0 0
5.84082 33.9853 86.057 0.250942 -0.155343 0.955456 487.91 0 0
4.24343 33.9599 86.4299 0.202665 -0.163473 0.965507 488.343 0 0
3.19631 33.9819 86.599 0.15357 -0.170258 0.973359 488.802 0 0
2.12483 33.6545 86.6668 0.103609 -0.17568 0.97898 489.263 0 0
0.981975 33.5753 86.7164 0.0522734 -0.17952 0.982365 489.685 0 0
-0.0750044 33.4517 86.743 -0.00116658 -0.1813 0.983427 490.196 0 0
-1.32336 33.5144 86.686 -0.0573075 -0.180407 0.981921 490.678 0 0
-2.49077 33.4322 86.595 -0.116323 -0.176349 0.97743 491.098 0 0
-3.53394 33.4928 86.5307 -0.177827 -0.169016 0.969438 491.555 0 0
-4.61355 33.5809 86.3106 -0.240916 -0.158799 0.957467 492.212 0 0
-6.17189 33.8187 85.9498 -0.30434 -0.146519 0.941228 492.632 0 0
-7.15716 33.7902 85.6046 -0.366433 -0.133079 0.919757 492.632 0 0
-18.15 33.6854 78.6437 -0.649983 -0.00917892 0.75981 492.857 1 0
-18.6687 33.8858 78.1979 -0.65099 -0.00158742 0.759085 493.238 0 0
-19.544 33.4975 77.4384 -0.6515 0.00444332 0.758636 493.683 0 0
-20.4201 32.686 76.6702 -0.651443 0.00845502 0.75865 494.054 0 0
-21.1415 31.8834 76.0701 -0.650788 0.0104085 0.759188 494.368 0 0
-21.7033 31.1031 75.6393 -0.649575 0.0105943 0.760224 494.674 0 0
-22.1323 30.2414 75.2981 -0.647912 0.00947457 0.761656 495 0 0
-22.4743 29.225 75.0163 -0.645957 0.00752835 0.763336 495.333 0 0
-22.7199 28.1309 74.8117 -0.643877 0.00515671 0.765112 495.767 0 0
-22.8068 26.644 74.7359 -0.641814 0.00265656 0.766856 496.105 0 0
-22.6522 25.5103 74.8468 -0.63988 0.000240712 0.768475 496.385 0 0
-22.1617 24.803 75.245 -0.638175 -0.00193307 0.769889 496.768 0 0
-21.2661 25.3699 75.9767 -0.636811 -0.00375067 0.771011 497.117 0 0
-20.7325 26.3099 76.4327 -0.635919 -0.00513939 0.771739 497.501 0 0
-20.2464 27.4149 76.8455 -0.635611 -0.0060466 0.771986 497.81 0 0
-19.8958 28.325 77.1411 -0.635936 -0.00640419 0.771715 498.131 0 0
-19.5962 29.3009 77.3981 -0.636847 -0.00612645 0.770966 498.448 0 0
-19.301 30.2621 77.6532 -0.638198 -0.00517025 0.769855 498.778 0 0
-18.9983 31.2584 77.9088 -0.63978 -0.00362242 0.768549 499.172 0 0
-18.661 32.4498 78.1874 -0.641349 -0.00174548 0.767247 499.519 0 0
-18.2186 33.4046 78.5784 -0.642661 6.09024e-05 0.76615 499.958 0 0
-19.1953 32.873 77.7368 -0.643511 0.0013738 0.765436 500.335 0 0
-19.9343 32.1486 77.106 -0.643767 0.00188683 0.765219 500.73 0 0
-20.7155 31.3055 76.4778 -0.643413 0.00151312 0.765518 501.141 0 0
-21.4278 30.3055 75.8942 -0.642558 0.00041051 0.766237 501.458 0 0
-21.7889 29.3509 75.598 -0.641419 -0.00107248 0.76719 501.796 0 0
-22.0678 28.2798 75.3659 -0.640268 -0.00250611 0.768148 502.094 0 0
-22.2113 27.2927 75.2412 -0.639362 -0.00351425 0.768898 502.517 0 0
-22.1158 25.8747 75.2866 -0.638871 -0.00389436 0.769304 502.875 0 0
-21.3381 26.5522 75.9346 -0.638817 -0.00367319 0.76935 503.399 0 0
-20.5984 28.0306 76.5662 -0.639074 -0.00306996 0.769139 503.744 0 0
-20.2175 29.0591 76.8867 -0.639421 -0.00238711 0.768853 504.074 0 0
-19.931 30.082 77.1348 -0.639632 -0.00188619 0.768679 504.428 0 0
-19.6461 31.18 77.3685 -0.63956 -0.00170694 0.768739 504.821 0 0
-19.325 32.4023 77.625 -0.63918 -0.00185414 0.769055 504.871 0 0
-19.2853 32.5569 77.6561 -0.638575 -0.0022387 0.769556 505.711 0 0
-20.4238 30.2522 76.7265 -0.637889 -0.00273835 0.770124 506.122 0 0
-20.7626 28.971 76.4417 -0.637258 -0.00324777 0.770644 506.426 0 0
-21.1659 28.1094 76.1037 -0.636765 -0.00370507 0.771049 506.511 0 0
-21.3854 28.1299 75.9247 -0.636421 -0.00409538 0.771331 506.893 0 0
-21.0515 29.3295 76.2071 -0.636177 -0.0044386 0.77153 507.163 0 0
-20.6025 30.0092 76.5754 -0.635949 -0.00476936 0.771696 507.163 0 0
-22.5317 18.1283 74.7089 -0.642986 -0.0425556 0.76469 507.607 1 0
-21.6319 17.1215 75.415 -0.637092 -0.0392268 0.769789 508.032 0 0
-21.129 15.8347 75.7682 -0.632418 -0.0361843 0.773781 508.41 0 0
-20.6513 14.7346 76.0902 -0.62947 -0.0335629 0.7763 508.881 0 0
-20.3106 13.2545 76.3184 -0.628461 -0.0313865 0.777207 509.259 0 0
-20.3505 12.0551 76.2307 -0.62928 -0.0295626 0.776616 509.629 0 0
-20.8407 11.0327 75.8099 -0.631506 -0.0279634 0.774866 509.934 0 0
-21.3833 10.3058 75.3667 -0.634518 -0.0265449 0.772452 510.417 0 0
-22.4914 9.57556 74.443 -0.637659 -0.0254073 0.7699 510.957 0 0
-23.8386 10.1801 73.3518 -0.640404 -0.0247482 0.767639 511.399 0 0
-24.707 11.1915 72.6499 -0.642455 -0.0247382 0.765924 511.888 0 0
-24.852 12.8684 72.5497 -0.643724 -0.0254094 0.764836 512.206 0 0
-24.528 13.8757 72.8628 -0.644252 -0.0266212 0.76435 512.735 0 0
-23.7443 15.3857 73.5615 -0.644112 -0.0281104 0.764415 513.073 0 0
-23.2083 16.3284 74.0402 -0.643363 -0.0295796 0.76499 513.518 0 0
-22.6584 17.6942 74.5784 -0.642061 -0.0307768 0.766035 513.558 0 0
-22.6213 17.8226 74.6168 -0.640317 -0.0315451 0.767463 513.952 0 0
-22.2293 16.5503 74.8823 -0.638344 -0.0318354 0.769093 514.236 0 0
-21.7493 15.793 75.2554 -0.636469 -0.0316803 0.770651 514.561 0 0
-21.3221 14.8235 75.5608 -0.635077 -0.0311467 0.771821 514.879 0 0
-20.9827 13.8588 75.8054 -0.634481 -0.0302988 0.772344 515.246 0 0
-20.8921 12.6595 75.8295 -0.634802 -0.0291998 0.772123 515.592 0 0
-21.2221 11.6073 75.5236 -0.635916 -0.0279407 0.771252 516.06 0 0
-22.1301 10.5656 74.7773 -0.637521 -0.0266597 0.769971 516.381 0 0
-22.9587 10.5204 74.0929 -0.639246 -0.0255225 0.768579 516.712 0 0
-23.7419 11.0454 73.4736 -0.640743 -0.0246704 0.767359 517.12 0 0
-24.302 12.2247 73.0234 -0.641742 -0.0241709 0.76654 517.424 0 0
-24.131 13.2326 73.1963 -0.642079 -0.0239994 0.766263 517.765 0 0
-23.7032 14.2367 73.5912 -0.641731 -0.024055 0.766552 518.232 0 0
-23.0097 15.529 74.1754 -0.640828 -0.0241975 0.767303 518.526 0 0
-22.5529 16.3497 74.5989 -0.639604 -0.0242894 0.76832 518.816 0 0
-22.4144 15.3581 74.6744 -0.638331 -0.0242276 0.769381 519.322 0 0
-21.6152 13.9363 75.2965 -0.637231 -0.0239611 0.7703 519.681 0 0
-21.4488 12.7518 75.3881 -0.636428 -0.0234985 0.770978 520.132 0 0
-22.1042 11.5281 74.8211 -0.635927 -0.0229066 0.771409 520.535 0 0
-23.1576 11.5226 73.9678 -0.635635 -0.0222942 0.771668 520.886 0 0
-23.6678 12.5229 73.5703 -0.635411 -0.0217794 0.771867 521.243 0 0
-23.3126 13.6258 73.8968 -0.635126 -0.0214526 0.772111 521.584 0 0
-22.8173 14.5723 74.3251 -0.634694 -0.0213551 0.772469 521.823 0 0
-22.4744 15.2484 74.6186 -0.634087 -0.021481 0.772963 522.157 0 0
-22.3113 14.1112 74.7298 -0.633318 -0.0217929 0.773585 522.595 0 0
-22.9226 12.8653 74.1956 -0.632425 -0.0222391 0.774302 522.954 0 0
-21.9857 12.9026 74.9619 -0.631458 -0.0227626 0.775076 523.101 0 0
-22.0095 13.3928 74.9616 -0.630451 -0.0233048 0.775839 523.101 0 0
-21.3117 4.64672 75.3325 -0.626174 -0.0140045 0.779544 523.455 1 0
-22.1772 4.33047 74.6244 -0.634296 -0.010441 0.77302 523.84 0 0
-22.9903 3.59199 73.9386 -0.641725 -0.00727503 0.7669 524.322 0 0
-23.8863 2.43397 73.1715 -0.6481 -0.00460908 0.761541 524.66 0 0
-24.3947 1.47339 72.7439 -0.65312 -0.00243327 0.75725 524.975 0 0
-24.7669 0.505474 72.4089 -0.656611 -0.000682672 0.754229 525.33 0 0
-25.0547 -0.673355 72.1693 -0.658527 0.000686584 0.752557 525.804 0 0
-25.1555 -2.31739 72.0454 -0.6589 0.00167629 0.752229 526.207 0 0
-24.9101 -3.70201 72.2681 -0.657776 0.00231261 0.75321 526.596 0 0
-24.5479 -4.97238 72.5881 -0.655172 0.0027366 0.755475 526.893 0 0
-24.0957 -5.80646 72.9898 -0.651085 0.0032158 0.758998 527.209 0 0
-23.5661 -6.61754 73.4511 -0.645526 0.00404476 0.763727 527.507 0 0
-23.0035 -7.30014 73.9509 -0.638541 0.00540256 0.769569 527.825 0 0
-22.2814 -7.81059 74.5742 -0.630203 0.00726436 0.776397 528.15 0 0
-21.4749 -8.08562 75.2313 -0.6206 0.00941415 0.784071 528.552 0 0
-20.4694 -8.27287 76.0453 -0.609865 0.0115357 0.792421 528.975 0 0
-19.393 -8.12881 76.8424 -0.598256 0.0133205 0.801194 529.307 0 0
-18.5999 -7.78162 77.4121 -0.586254 0.0145393 0.809997 529.759 0 0
-17.779 -6.79418 77.9685 -0.57459 0.0150601 0.818303 530.167 0 0
-17.0957 -5.84991 78.4186 -0.56416 0.014827 0.825532 530.72 0 0
-16.4521 -4.34217 78.8281 -0.555863 0.0138356 0.831159 531.109 0 0
-16.3169 -3.20907 78.8817 -0.550437 0.0121254 0.834789 531.463 0 0
-16.3343 -2.17179 78.8576 -0.548334 0.00979166 0.836202 531.809 0 0
-16.42 -1.16781 78.7882 -0.54963 0.00699323 0.835379 532.424 0 0
-16.8122 0.577752 78.5239 -0.553934 0.00394153 0.832551 532.817 0 0
-17.1936 1.6641 78.2677 -0.560359 0.00087346 0.828249 533.202 0 0
-17.8048 2.5707 77.8623 -0.567633 -0.00197382 0.823279 533.696 0 0
-18.8162 3.51765 77.2133 -0.574388 -0.00438041 0.818572 534.156 0 0
-19.8452 4.15549 76.4766 -0.579518 -0.00616288 0.814936 534.49 0 0
-20.6401 4.46029 75.862 -0.582451 -0.00719704 0.812834 534.61 0 0
-20.9366 4.54738 75.6291 -0.583202 -0.00742961 0.812293 534.864 0 0
-20.8248 3.72892 75.7053 -0.582236 -0.00686805 0.812991 535.378 0 0
-19.5749 3.17617 76.6562 -0.580245 -0.00555752 0.814423 535.823 0 0
-18.6257 2.38524 77.3215 -0.577946 -0.00356539 0.816067 536.276 0 0
-17.8209 1.38087 77.8485 -0.575979 -0.000989498 0.817464 536.729 0 0
-17.3332 0.121843 78.1875 -0.574874 0.00201041 0.81824 537.199 0 0
-17.0291 -1.24439 78.4002 -0.57507 0.00518408 0.818088 537.698 0 0
-16.9285 -2.72184 78.4727 -0.576924 0.00820078 0.816757 538.057 0 0
-16.9965 -3.80695 78.4372 -0.580665 0.0107098 0.814072 538.394 0 0
-17.2907 -4.78086 78.2563 -0.586323 0.0124257 0.809982 538.873 0 0
-18.0313 -5.96221 77.7708 -0.593655 0.0131955 0.804612 539.441 0 0
-19.071 -7.15862 77.0409 -0.602141 0.0130229 0.798284 539.784 0 0
-19.906 -7.46126 76.4379 -0.61107 0.0120512 0.791485 540.362 0 0
-21.3547 -7.32567 75.3504 -0.619689 0.0105188 0.784777 540.787 0 0
-22.3309 -6.9339 74.5189 -0.627351 0.00869738 0.778688 541.187 0 0
-23.1451 -6.14496 73.8105 -0.633595 0.00682181 0.773635 541.671 0 0
-23.9139 -4.87105 73.1395 -0.638166 0.00503529 0.769882 542.234 0 0
-24.4344 -3.07737 72.6964 -0.640989 0.00337694 0.767543 542.616 0 0
-24.5493 -1.7693 72.6036 -0.642128 0.00181438 0.766595 543.013 0 0
-24.3843 -0.417106 72.7483 -0.641723 0.000296441 0.766936 543.387 0 0
-24.0298 0.780914 73.0576 -0.639901 -0.00120226 0.768457 543.748 0 0
-23.5492 1.8412 73.4662 -0.636719 -0.00265564 0.771092 544.269 0 0
-22.5476 3.04596 74.3079 -0.63219 -0.00397941 0.774803 544.721 0 0
-21.524 3.81865 75.1484 -0.626377 -0.00504312 0.779504 544.799 0 0
-21.3241 3.8397 75.3084 -0.619498 -0.00569753 0.784977 545.087 0 0
-21.4949 2.9193 75.1603 -0.611964 -0.00581162 0.790865 545.404 0 0
-20.6744 2.88595 75.8147 -0.604346 -0.00531248 0.796704 545.805 0 0
-19.7205 2.40049 76.5343 -0.597292 -0.00421209 0.802013 546.378 0 0
-18.562 1.27267 77.3412 -0.591415 -0.00260134 0.806363 546.721 0 0
-18.1052 0.3669 77.6564 -0.587231 -0.000614344 0.809419 547.148 0 0
-17.727 -0.85396 77.9205 -0.585118 0.00160285 0.810946 547.513 0 0
-17.5491 -1.93351 78.0413 -0.585299 0.00389015 0.810808 548.076 0 0
-17.6463 -3.61628 77.9868 -0.587801 0.00605154 0.808983 548.501 0 0
-18.0717 -4.82416 77.7139 -0.592415 0.00785629 0.805594 548.96 0 0
-18.8288 -5.8997 77.1891 -0.598692 0.00908501 0.800928 549.302 0 0
-19.5457 -6.48674 76.6655 -0.605996 0.00959645 0.79541 549.687 0 0
-20.5154 -6.68493 75.9566 -0.6136 0.00936924 0.789562 550.092 0 0
-21.5304 -6.47925 75.1762 -0.620801 0.00849413 0.783922 550.448 0 0
-22.3384 -6.02904 74.4922 -0.627024 0.00712932 0.778967 550.965 0 0
-23.266 -4.78819 73.699 -0.631886 0.00545063 0.775042 551.262 0 0
-23.6362 -3.91321 73.3839 -0.635208 0.00361777 0.772333 551.557 0 0
-23.8589 -2.95458 73.1928 -0.636971 0.0017595 0.770886 551.856 0 0
-23.9584 -1.943 73.1084 -0.637222 -2.68367e-05 0.77068 552.396 0 0
-23.7102 -0.127194 73.3268 -0.635997 -0.00166424 0.771689 552.701 0 0
-23.3615 0.806336 73.6095 -0.633309 -0.00307835 0.773893 553.087 0 0
-22.7414 1.84862 74.1408 -0.62922 -0.00418186 0.777216 553.414 0 0
-22.0673 2.52758 74.6939 -0.623938 -0.00487473 0.781459 553.561 0 0
-21.7409 2.79094 74.9619 -0.617859 -0.00506825 0.786273 553.82 0 0
-21.6477 1.934 75.0279 -0.611547 -0.00472014 0.791194 554.268 0 0
-20.4903 2.01174 75.9528 -0.605663 -0.00385319 0.795712 554.815 0 0
-19.2958 1.09813 76.8368 -0.600876 -0.00254936 0.799338 555.165 0 0
-18.7491 0.254037 77.2101 -0.597769 -0.000938252 0.801668 555.513 0 0
-18.3912 -0.7302 77.4543 -0.596745 0.000806279 0.80243 556.137 0 0
-18.1343 -2.61945 77.6344 -0.597944 0.00247736 0.801534 556.703 0 0
-18.5471 -4.28749 77.3677 -0.601198 0.00387273 0.799091 557.174 0 0
-19.3477 -5.37437 76.8089 -0.606041 0.00484438 0.795419 557.612 0 0
-20.3578 -5.88896 76.0564 -0.611794 0.00532339 0.790999 557.928 0 0
-21.1657 -5.81626 75.4552 -0.617705 0.00530592 0.786392 558.274 0 0
-21.9563 -5.41767 74.7992 -0.623084 0.00482296 0.78214 558.593 0 0
-22.5758 -4.73231 74.281 -0.627402 0.00392232 0.778686 558.899 0 0
-23.0064 -3.87404 73.925 -0.630313 0.00266908 0.776337 559.267 0 0
-23.2902 -2.70645 73.6818 -0.631619 0.00115548 0.775278 559.715 0 0
-23.3141 -1.20965 73.6608 -0.631243 -0.000483468 0.775585 560.021 0 0
-23.1063 -0.213131 73.8267 -0.629219 -0.00205518 0.777225 560.411 0 0
-22.6002 0.93313 74.2461 -0.625731 -0.00331751 0.780032 560.697 0 0
-22.0495 1.58445 74.7001 -0.621142 -0.00402721 0.783687 560.933 0 0
-21.8303 0.837088 74.8689 -0.616012 -0.00401312 0.787726 561.395 0 0
-20.6694 1.25837 75.8046 -0.611041 -0.003237 0.791592 561.784 0 0
-19.8016 0.638483 76.4501 -0.60695 -0.00181369 0.794738 562.127 0 0
-19.231 -0.179476 76.8627 -0.604317 1.72352e-05 0.796744 562.759 0 0
-18.7535 -2.05607 77.1884 -0.603446 0.0019565 0.797401 563.138 0 0
-18.8749 -3.22599 77.1213 -0.604317 0.0037203 0.796735 563.497 0 0
-19.276 -4.23047 76.8564 -0.606618 0.00509908 0.794977 563.919 0 0
-20.1354 -4.98344 76.2194 -0.609861 0.00598833 0.792486 564.287 0 0
-21.0558 -5.05447 75.5191 -0.613506 0.00639348 0.789665 564.6 0 0
-21.757 -4.61667 74.9508 -0.61708 0.00641382 0.786874 564.909 0 0
-22.319 -3.8909 74.5028 -0.620231 0.00621216 0.784395 565.465 0 0
-22.7706 -2.17329 74.1199 -0.622721 0.00597953 0.782421 565.848 0 0
-22.649 -0.915569 74.2056 -0.62439 0.00589879 0.781091 566.202 0 0
-22.2937 0.1716 74.4939 -0.625118 0.00610108 0.780506 566.337 0 0
-22.07 0.523415 74.6714 -0.624818 0.00661485 0.780742 566.57 0 0
-21.5301 0.159392 75.1093 -0.623464 0.00733062 0.781817 566.874 0 0
-21.9777 -0.667408 74.7553 -0.621154 0.00801689 0.783648 567.363 0 0
-22.1801 -2.26188 74.6051 -0.618164 0.00839755 0.786005 567.698 0 0
-21.9135 -3.29734 74.8083 -0.614932 0.00825667 0.788537 568.163 0 0
-20.9609 -4.24238 75.5694 -0.611946 0.00751931 0.790864 568.522 0 0
-20.0461 -4.04277 76.268 -0.609589 0.00627563 0.792693 568.844 0 0
-19.551 -3.22042 76.6403 -0.608048 0.00474317 0.793886 569.276 0 0
-19.387 -1.87863 76.73 -0.607304 0.00318281 0.794463 569.641 0 0
-19.6752 -0.779379 76.5343 -0.607195 0.00180489 0.794551 570.002 0 0
-20.2349 0.120909 76.1178 -0.607492 0.000710553 0.794325 570.3 0 0
-20.9451 0.467077 75.5786 -0.607966 -0.000106511 0.793963 570.634 0 0
-21.2421 -0.545203 75.3447 -0.608425 -0.000711636 0.793611 571.195 0 0
-20.048 -1.57389 76.2444 -0.608743 -0.00117256 0.793367 571.541 0 0
-20.0023 -2.69378 76.2861 -0.608858 -0.00152668 0.793278 571.974 0 0
-21.0116 -3.2786 75.507 -0.608765 -0.00177995 0.793348 572.315 0 0
-21.5616 -2.39141 75.0861 -0.608496 -0.00192519 0.793554 572.606 0 0
-21.5652 -1.43698 75.0876 -0.608094 -0.00196246 0.793863 572.843 0 0
-20.9532 -1.50405 75.5547 -0.607601 -0.00190959 0.79424 573.108 0 0
-20.608 -2.24586 75.8161 -0.607059 -0.00180076 0.794655 573.318 0 0
-20.9519 -1.71396 75.5553 -0.606504 -0.00167762 0.795078 573.318 0 0
