20.709 8.37295 76.7968 0.586902 -0.0164435 0.809491 0 1 0
20.74 7.25004 76.7517 0.590126 -0.0152529 0.807167 0.465992 0 0
21.0965 6.36638 76.4796 0.592736 -0.013974 0.805276 0.794988 0 0
21.4466 7.78683 76.2376 0.594431 -0.0126972 0.804046 0.988529 0 0
21.225 8.62676 76.4273 0.595035 -0.0115697 0.803617 1.15681 0 0
21.8308 8.57619 75.9616 0.594568 -0.0107175 0.803974 1.38823 0 0
22.0087 7.52556 75.8004 0.593315 -0.0101887 0.804906 1.61498 0 0
21.8705 6.47567 75.9119 0.591809 -0.00994312 0.806017 1.95048 0 0
21.0892 5.29094 76.4748 0.590707 -0.00987769 0.806826 2.21696 0 0
20.2946 5.99098 77.0498 0.590567 -0.00986565 0.806928 2.5118 0 0
20.0438 7.27536 77.2534 0.59164 -0.00979285 0.806143 2.82485 0 0
19.9797 8.6877 77.3185 0.593769 -0.00958207 0.804579 3.07096 0 0
20.2905 9.72567 77.1217 0.596443 -0.00920337 0.802603 3.26829 0 0
20.9882 9.93211 76.6242 0.59898 -0.00867573 0.800717 3.49452 0 0
21.5995 9.25394 76.1442 0.600729 -0.00806249 0.799412 3.65078 0 0
22.1233 9.54506 75.732 0.601217 -0.00745438 0.799051 4.01357 0 0
22.5602 7.89337 75.3855 0.600217 -0.00693903 0.799807 4.23016 0 0
22.5675 6.863 75.3836 0.597759 -0.00656863 0.801649 4.49532 0 0
22.2295 5.69336 75.6386 0.59413 -0.006345 0.804344 4.78341 0 0
21.5345 4.68331 76.1401 0.589875 -0.00623415 0.80747 5.13294 0 0
20.2448 4.52721 77.0816 0.585766 -0.00620081 0.810457 5.4676 0 0
19.6626 5.84202 77.502 0.582661 -0.00623166 0.812691 5.72503 0 0
19.4453 6.96244 77.6733 0.5813 -0.00632414 0.813665 6.10062 0 0
19.3747 8.64235 77.735 0.582086 -0.00645477 0.813102 6.33117 0 0
19.4828 9.65999 77.6718 0.584989 -0.00656603 0.811014 6.56097 0 0
19.854 10.5853 77.4322 0.589577 -0.00659119 0.807685 6.80253 0 0
20.4943 11.3247 76.9819 0.595122 -0.00649664 0.803609 7.06511 0 0
21.4064 10.8964 76.3308 0.600736 -0.00630695 0.799422 7.39795 0 0
22.0789 9.65275 75.7696 0.605496 -0.00609739 0.795825 7.55789 0 0
22.6584 9.84838 75.3093 0.608597 -0.00596351 0.793457 7.85094 0 0
23.0375 8.52479 75.0036 0.609501 -0.0059838 0.792763 8.12449 0 0
23.1792 7.23154 74.8872 0.608043 -0.00618643 0.79388 8.35068 0 0
23.0442 6.16137 75.0006 0.604445 -0.00653352 0.79662 8.64019 0 0
22.5948 4.91375 75.3523 0.599232 -0.00694062 0.800545 8.99155 0 0
21.6218 3.81792 76.0746 0.593103 -0.00733084 0.805093 9.26014 0 0
20.6849 3.42431 76.7686 0.586812 -0.007689 0.809687 9.64228 0 0
19.4466 4.23423 77.629 0.581106 -0.00807328 0.813788 9.90801 0 0
19.0995 5.3453 77.8827 0.57669 -0.00857669 0.816918 10.2256 0 0
18.8475 6.7176 78.077 0.574164 -0.00927075 0.818687 10.4697 0 0
18.7597 7.78135 78.1526 0.573921 -0.0101706 0.818848 10.7835 0 0
18.7683 9.16668 78.1484 0.576014 -0.0112352 0.817363 11.1039 0 0
19.0535 10.5542 77.9691 0.580092 -0.0123883 0.814457 11.3481 0 0
19.5343 11.484 77.6574 0.585421 -0.0135411 0.810616 11.7414 0 0
20.8371 12.2622 76.7606 0.591018 -0.0146097 0.806526 11.9701 0 0
21.5949 11.8141 76.2032 0.595836 -0.0155288 0.802956 12.2314 0 0
22.2107 10.907 75.6897 0.598973 -0.0162564 0.800605 12.3835 0 0
22.478 10.2856 75.462 0.599825 -0.0167558 0.799956 12.5513 0 0
22.933 10.8517 75.113 0.598182 -0.0169692 0.801181 12.769 0 0
22.5209 11.7424 75.463 0.594256 -0.016819 0.8041 13.0242 0 0
21.8552 12.5913 76.0193 0.588644 -0.016249 0.808229 13.425 0 0
20.4267 13.2035 77.072 0.582225 -0.0152764 0.812884 13.7696 0 0
19.3247 12.3914 77.8205 0.575991 -0.0140117 0.817336 14.0381 0 0
18.713 11.4519 78.214 0.570886 -0.0126353 0.820932 14.2885 0 0
18.3006 10.4637 78.4742 0.567674 -0.0113502 0.823175 14.7224 0 0
18.0796 8.59483 78.5964 0.56686 -0.0103285 0.823749 15.1037 0 0
18.205 6.9322 78.5063 0.568629 -0.00966316 0.822537 15.4052 0 0
18.3502 5.63902 78.3942 0.572818 -0.00933859 0.819629 15.8249 0 0
18.7863 3.91127 78.0783 0.578934 -0.00924249 0.815322 16.2016 0 0
19.8141 2.80789 77.3617 0.586248 -0.00922459 0.810079 16.4286 0 0
20.6338 2.60526 76.7936 0.593958 -0.00917706 0.804444 16.7306 0 0
21.6879 2.97328 76.017 0.601352 -0.00909246 0.798932 17.015 0 0
22.5589 3.69122 75.3577 0.607899 -0.00906801 0.793963 17.2993 0 0
23.207 4.71344 74.8516 0.613228 -0.00925465 0.789852 17.5931 0 0
23.6378 5.98777 74.5128 0.617049 -0.00977678 0.786864 17.8963 0 0
23.7712 7.43739 74.411 0.619092 -0.0106654 0.785246 18.2673 0 0
23.4909 9.19686 74.6403 0.619129 -0.0118422 0.7852 18.478 0 0
23.2001 10.1346 74.8777 0.617049 -0.0131576 0.786814 18.6347 0 0
23.7499 10.4134 74.438 0.612921 -0.0144447 0.790012 19.0005 0 0
23.1351 11.9908 74.9791 0.606976 -0.0155493 0.794568 19.2292 0 0
22.6254 12.8623 75.4128 0.599556 -0.0163313 0.800166 19.5705 0 0
21.5557 13.7378 76.2647 0.591065 -0.0166679 0.806452 19.9561 0 0
20.115 14.0216 77.3021 0.581974 -0.0164766 0.81304 20.2548 0 0
19.1447 13.346 77.9636 0.572864 -0.0157434 0.819499 20.5466 0 0
18.4418 12.3444 78.4229 0.56444 -0.0145225 0.825346 20.8302 0 0
17.8894 11.3048 78.7677 0.557459 -0.0128948 0.830104 21.0753 0 0
17.5578 10.3323 78.9515 0.552582 -0.0109262 0.833387 21.3574 0 0
17.4174 9.12934 79.014 0.550228 -0.00868261 0.834969 21.7257 0 0
17.5072 7.5288 78.9487 0.550533 -0.0063038 0.834789 21.9743 0 0
17.6202 6.47123 78.8812 0.553394 -0.00406133 0.83291 22.2122 0 0
17.7167 5.47385 78.823 0.558535 -0.00231895 0.829478 22.4698 0 0
17.8794 4.40619 78.716 0.565541 -0.00139474 0.824719 22.7835 0 0
18.372 3.20846 78.3596 0.573866 -0.00141016 0.818948 23.0598 0 0
19.0867 2.35814 77.8781 0.582856 -0.00222621 0.812573 23.391 0 0
20.2249 1.84595 77.087 0.591814 -0.00350423 0.806067 23.6472 0 0
21.1473 1.85772 76.4058 0.600112 -0.00484703 0.799901 24.0401 0 0
22.4394 2.61038 75.4253 0.607287 -0.00593885 0.79446 24.2612 0 0
23.0733 3.26278 74.9284 0.613105 -0.00662385 0.789973 24.5466 0 0
23.765 4.26557 74.3892 0.617565 -0.00691011 0.786489 24.8896 0 0
24.2146 5.79972 74.0358 0.62085 -0.00692205 0.783899 25.2681 0 0
24.3663 7.64112 73.9298 0.623236 -0.00683325 0.782004 25.5883 0 0
24.1117 9.17092 74.1417 0.624994 -0.00679833 0.7806 25.7524 0 0
23.9014 9.91537 74.314 0.626298 -0.00689375 0.779553 25.9397 0 0
24.5977 9.75267 73.7567 0.627191 -0.00708639 0.778833 26.183 0 0
24.8704 8.62235 73.532 0.627574 -0.00724699 0.778523 26.4915 0 0
24.9309 7.12004 73.4713 0.627248 -0.00719775 0.778786 26.7829 0 0
24.8057 5.71022 73.5474 0.625967 -0.00676536 0.77982 26.9861 0 0
24.6368 4.73018 73.675 0.623474 -0.00582934 0.781822 27.2359 0 0
24.1826 3.6441 74.0393 0.619517 -0.00437082 0.784971 27.4865 0 0
23.5322 2.75528 74.54 0.613858 -0.00250779 0.789412 27.7267 0 0
22.8445 2.01125 75.0935 0.606342 -0.000485188 0.795203 28.0299 0 0
21.845 1.31855 75.8851 0.597017 0.00138763 0.802228 28.3375 0 0
20.7373 1.0176 76.7093 0.586236 0.00281561 0.810135 28.5741 0 0
19.8814 1.13037 77.347 0.574675 0.00356951 0.818374 28.9031 0 0
18.7607 1.65801 78.1228 0.563211 0.00350616 0.826306 29.146 0 0
18.0673 2.33725 78.572 0.55274 0.00258293 0.83335 29.3974 0 0
17.5413 3.22764 78.9325 0.544003 0.000872788 0.839083 29.75 0 0
17.1243 4.645 79.1773 0.537502 -0.00144341 0.843261 30.0224 0 0
16.9986 5.78778 79.2471 0.533511 -0.00412 0.845783 30.3158 0 0
16.8999 7.01465 79.3193 0.532131 -0.0069041 0.846634 30.6382 0 0
16.7444 8.36832 79.4181 0.533343 -0.00957896 0.845845 31.0083 0 0
16.8133 9.9514 79.4084 0.537036 -0.0119853 0.843474 31.2547 0 0
17.0294 10.9677 79.3003 0.543006 -0.0140277 0.839612 31.5603 0 0
17.5244 12.1215 79.012 0.550917 -0.0156665 0.834413 31.9116 0 0
18.2666 13.3527 78.5596 0.56027 -0.0168949 0.828138 32.2063 0 0
18.9942 14.3014 78.089 0.570426 -0.0177127 0.821158 32.522 0 0
20.06 14.8802 77.3589 0.580722 -0.0181184 0.8139 32.8489 0 0
21.2715 14.7653 76.5053 0.59064 -0.0181242 0.806732 33.1342 0 0
22.2147 14.2363 75.7729 0.599926 -0.0177738 0.799858 33.3663 0 0
22.9247 13.6439 75.1918 0.608579 -0.0171428 0.793308 33.5906 0 0
23.4442 12.813 74.751 0.616705 -0.0163183 0.787025 33.8875 0 0
23.9949 11.5754 74.2707 0.624333 -0.0153729 0.781007 34.098 0 0
24.321 10.6564 73.9812 0.631291 -0.0143494 0.775413 34.2558 0 0
24.8516 11.0277 73.5615 0.637222 -0.0132584 0.770566 34.474 0 0
25.1559 10.04 73.3094 0.641703 -0.0120867 0.766858 34.6904 0 0
25.3933 9.03234 73.1081 0.644388 -0.01081 0.764622 34.9498 0 0
25.5586 7.79137 72.9406 0.645105 -0.00940174 0.764036 35.1897 0 0
25.4824 6.60017 72.9936 0.643868 -0.00783942 0.765097 35.3958 0 0
25.385 5.58101 73.0681 0.640822 -0.00611954 0.767666 35.7163 0 0
25.0614 4.03956 73.319 0.636142 -0.00428376 0.77156 36.0567 0 0
24.3558 2.61554 73.8832 0.62994 -0.0024366 0.77664 36.4102 0 0
23.3358 1.50039 74.7029 0.622218 -0.00073285 0.782843 36.6282 0 0
22.6712 0.901853 75.2514 0.612932 0.000663393 0.790136 36.8599 0 0
21.8864 0.468321 75.8469 0.602105 0.00162388 0.798415 37.1155 0 0
20.9604 0.246477 76.5498 0.589963 0.00208189 0.807427 37.3517 0 0
20.0988 0.296431 77.1922 0.576982 0.00202871 0.816754 37.6174 0 0
19.1613 0.558737 77.8795 0.563852 0.00148666 0.825874 37.869 0 0
18.3431 1.05325 78.4168 0.551373 0.000479221 0.834258 38.1318 0 0
17.6114 1.78154 78.8923 0.540321 -0.000974387 0.841459 38.4031 0 0
16.9944 2.69146 79.249 0.53132 -0.00283293 0.847166 38.7239 0 0
16.519 3.93658 79.5214 0.524751 -0.00500161 0.851241 39.0313 0 0
16.3326 5.22402 79.6386 0.520716 -0.00733075 0.853698 39.2916 0 0
16.255 6.31876 79.6936 0.519093 -0.00965361 0.854663 39.5845 0 0
16.1134 7.54214 79.7793 0.519647 -0.011837 0.854299 39.9596 0 0
16.053 9.12228 79.8351 0.522134 -0.0138078 0.852752 40.3117 0 0
16.2356 10.5864 79.7864 0.526355 -0.0155407 0.850123 40.6196 0 0
16.6109 11.7665 79.5776 0.532165 -0.0170281 0.846469 40.9362 0 0
17.157 12.9287 79.2555 0.539445 -0.0182607 0.841823 41.2431 0 0
17.8382 13.9884 78.8475 0.54804 -0.0192287 0.836231 41.4768 0 0
18.4114 14.7587 78.5021 0.557689 -0.0199341 0.829811 41.7131 0 0
19.1031 15.3759 78.0474 0.567991 -0.020399 0.822782 41.9643 0 0
19.9769 15.7124 77.4407 0.578444 -0.0206628 0.81546 42.1896 0 0
20.8153 15.7641 76.8524 0.588572 -0.0207666 0.808178 42.5089 0 0
21.9394 15.3486 76.0128 0.598054 -0.0207323 0.801187 42.7315 0 0
22.683 14.9123 75.4255 0.6068 -0.0205492 0.794589 42.964 0 0
23.3119 14.1943 74.8938 0.614897 -0.0201765 0.78835 43.1924 0 0
23.9037 13.407 74.395 0.622479 -0.0195648 0.782392 43.486 0 0
24.4306 12.1669 73.9345 0.629602 -0.0186837 0.776693 43.6475 0 0
24.6953 11.4686 73.7007 0.636168 -0.0175414 0.771351 43.8312 0 0
25.3838 11.4114 73.1409 0.641931 -0.0161859 0.766591 44.0682 0 0
25.6941 10.3504 72.8622 0.646567 -0.0146847 0.762716 44.3871 0 0
26.0462 8.8766 72.5198 0.649766 -0.0130923 0.760021 44.5957 0 0
26.2436 7.87347 72.3269 0.651314 -0.0114295 0.758722 44.836 0 0
26.0679 6.67294 72.4718 0.651129 -0.00968945 0.758905 45.0801 0 0
25.9372 5.45342 72.5741 0.649259 -0.00786491 0.760527 45.383 0 0
25.7061 3.96548 72.7662 0.645835 -0.00597621 0.763453 45.6447 0 0
25.2236 2.8425 73.1735 0.640991 -0.00408223 0.767538 45.8822 0 0
24.6764 1.91089 73.6201 0.634771 -0.00226981 0.772697 46.2309 0 0
23.6555 0.807415 74.4409 0.627099 -0.000627969 0.778939 46.4369 0 0
23.1371 0.0773213 74.8859 0.61783 0.000773368 0.786311 46.6571 0 0
22.3407 -0.173074 75.5044 0.606886 0.00188188 0.794787 46.8748 0 0
21.5795 -0.511451 76.0815 0.594395 0.00264485 0.804169 47.123 0 0
20.6609 -0.57451 76.7874 0.58078 0.00300166 0.814055 47.4527 0 0
19.4736 -0.346036 77.6607 0.566713 0.00290168 0.82391 47.7833 0 0
18.324 0.0338934 78.4314 0.55296 0.00233066 0.833205 48.0326 0 0
17.5648 0.637037 78.9217 0.54018 0.00132122 0.841549 48.2947 0 0
16.9182 1.46506 79.299 0.528794 -5.66065e-05 0.84875 48.6846 0 0
16.1203 2.84494 79.7476 0.518993 -0.00171132 0.854776 48.9879 0 0
15.6852 4.02694 79.9974 0.51087 -0.00354388 0.859651 49.2557 0 0
15.605 5.15713 80.0544 0.504563 -0.00546201 0.863358 49.6167 0 0
15.5265 6.66928 80.1177 0.500322 -0.00739684 0.865808 49.8714 0 0
15.2503 7.67925 80.2724 0.498461 -0.00931212 0.866862 50.1079 0 0
15.4036 8.653 80.2042 0.499246 -0.01119 0.866388 50.3713 0 0
15.3398 9.73036 80.2545 0.502794 -0.0129917 0.864309 50.76 0 0
15.6695 11.2949 80.1134 0.50903 -0.0146198 0.860624 51.0516 0 0
16.1326 12.381 79.8623 0.5177 -0.0159239 0.855414 51.391 0 0
16.754 13.6437 79.5242 0.528406 -0.0167605 0.848826 51.8467 0 0
17.8317 15.1604 78.8765 0.540633 -0.0170712 0.841085 52.0898 0 0
18.4243 15.973 78.5231 0.553761 -0.0169233 0.832504 52.3535 0 0
19.2907 16.4695 77.9514 0.567094 -0.0164902 0.823488 52.5922 0 0
20.154 16.5922 77.3434 0.579922 -0.0159912 0.814515 52.8617 0 0
21.1485 16.6422 76.622 0.591607 -0.0156267 0.806075 53.2011 0 0
22.3253 16.1083 75.727 0.60168 -0.015535 0.798586 53.5137 0 0
23.273 15.3135 74.9523 0.609894 -0.0157799 0.792326 53.7522 0 0
24.002 14.6719 74.3435 0.616248 -0.0163596 0.787382 54.0516 0 0
24.6461 13.4916 73.7894 0.620961 -0.0172271 0.783652 54.3228 0 0
25.0605 12.2921 73.4265 0.624428 -0.018308 0.780868 54.3333 0 0
25.0791 12.2479 73.4102 0.627155 -0.0195139 0.77865 54.3379 0 0
25.0862 12.2277 73.4038 0.62969 -0.0207511 0.77657 54.3379 0 0
