-35.6465 -42.2518 23.7086 -0.695131 0.0185403 0.718644
-35.0435 -41.3915 24.2916 -0.710869 0.0112631 0.703233
-35.017 -42.6929 24.3412 -0.713132 0.0146184 0.700871
-35.6239 -43.4417 23.7421 -0.707216 0.00903083 0.706755
-35.6002 -42.8276 23.768 -0.69741 0.00755045 0.716544
-36.2142 -42.5847 23.1688 -0.69607 0.00721116 0.717828
-35.8675 -41.2823 23.47 -0.687804 0.00780269 0.725706
-35.5668 -40.1886 23.7309 -0.685708 0.0189021 0.727631
-35.0213 -39.1244 24.2039 -0.705521 0.0294866 0.707162
-34.5741 -38.861 24.6702 -0.717475 0.00532757 0.696564
-34.5822 -40.1779 24.6968 -0.713533 0.0328873 0.699786
-34.5202 -41.2969 24.8204 -0.71001 0.0254785 0.703602
-34.5617 -42.3316 24.7978 -0.715065 0.0168375 0.698855
-34.5977 -43.3582 24.7858 -0.713912 0.0192757 0.699966
-35.1476 -44.4405 24.2575 -0.71395 0.018152 0.699961
-36.1675 -44.1279 23.2089 -0.705793 0.00995555 0.708202
-36.2904 -43.0753 23.0911 -0.698906 -0.00404077 0.715201
-36.8717 -43.2582 22.5578 -0.65523 0.00976531 0.755366
-36.626 -44.7541 22.7782 -0.669559 0.000994075 0.742574
-35.7305 -45.1559 23.674 -0.714966 0.00560501 0.69912
-34.4653 -44.9466 24.9518 -0.702902 -0.00417662 0.711275
-34.1423 -43.6982 25.2597 -0.714111 0.0189187 0.699772
-34.0902 -42.6404 25.2878 -0.715065 0.0168375 0.698855
-34.0694 -41.4693 25.2808 -0.729788 0.0137113 0.683191
-34.0683 -40.2284 25.2327 -0.720369 0.0282462 0.693016
-33.9359 -38.6891 25.3243 -0.70631 0.0192451 0.707387
-33.9389 -37.5763 25.2653 -0.69767 0.0391324 0.715348
-34.2725 -37.2651 24.9083 -0.712382 0.0713524 0.698135
-35.2824 -38.4436 23.9151 -0.70685 0.0280942 0.705866
-35.8053 -39.3547 23.4839 -0.68437 0.0339492 0.728197
-36.2073 -40.4612 23.1425 -0.676369 0.0245045 0.736155
-36.5394 -41.6124 22.8454 -0.68013 -0.00168484 0.733089
-36.7189 -42.416 22.6782 -0.655168 0.0109742 0.755403
-37.2528 -42.261 22.2127 -0.655349 0.0109315 0.755247
-37.4407 -43.3236 22.0649 -0.655284 0.0092756 0.755325
-37.4726 -44.6293 22.0327 -0.661388 -0.0125541 0.749934
-36.9824 -45.4482 22.4608 -0.677933 0.0129593 0.735009
-35.7682 -45.8717 23.6423 -0.707038 0.00361321 0.707118
-35.0603 -45.932 24.3578 -0.707505 -0.00517204 0.70666
-34.1481 -45.8412 25.2602 -0.703165 -0.00428172 0.711013
-33.7649 -45.0111 25.6508 -0.762351 -0.00829209 0.64711
-33.6697 -43.7185 25.7631 -0.746678 0.0167889 0.664941
-33.6122 -42.4023 25.8056 -0.744537 0.0106779 0.667496
-33.5933 -41.1481 25.7802 -0.732746 0.0334227 0.679681
-33.5787 -40.0571 25.7434 -0.732704 0.0325143 0.67977
-33.5169 -39.0091 25.7732 -0.760577 0.0233377 0.648363
-33.3904 -37.9383 25.8473 -0.766846 0.0456902 0.640201
-33.1411 -36.7725 26.0344 -0.743907 0.0872384 0.662548
-33.6096 -36.1439 25.47 -0.713195 0.0655947 0.697888
-34.369 -36.3798 24.7141 -0.712018 0.0700965 0.698623
-35.0943 -37.1512 24.0418 -0.72435 0.0692362 0.685947
-35.9748 -38.4478 23.2694 -0.663789 0.0309019 0.747279
-36.5224 -39.6651 22.8261 -0.673913 0.021978 0.738469
-36.8612 -40.6903 22.5497 -0.678131 0.0111978 0.734726
-37.1245 -41.7221 22.3164 -0.655385 0.0106867 0.755219
-37.6632 -41.5623 21.8467 -0.655386 0.0106811 0.755218
-37.4011 -40.5393 22.0659 -0.640058 0.00925267 0.768128
-36.8201 -38.837 22.5365 -0.665092 0.0208365 0.746469
-36.2637 -37.7627 22.9844 -0.663789 0.0309019 0.747279
-35.6524 -36.8726 23.4867 -0.681118 0.0299716 0.731558
-35.0621 -36.1394 24.0085 -0.680362 0.0366619 0.731906
-34.3743 -35.5382 24.6316 -0.713552 0.0638486 0.697687
-33.2456 -35.0568 25.7398 -0.712747 0.0650087 0.698402
-32.3351 -35.0722 26.6426 -0.697685 0.141991 0.701543
-32.6187 -36.6239 26.6008 -0.741526 0.0937324 0.664316
-32.8913 -37.6642 26.4254 -0.743937 0.0806652 0.66336
-33.0486 -38.7194 26.3111 -0.766137 0.0455752 0.641058
-33.0998 -39.8221 26.2549 -0.756986 0.000820386 0.653431
-33.1174 -40.8885 26.2823 -0.735315 0.0320153 0.676968
-33.1281 -42.0077 26.3251 -0.73311 0.034178 0.679251
-33.1747 -43.2472 26.3073 -0.747053 0.0169052 0.66451
-33.2586 -44.4867 26.2541 -0.755487 0.00652039 0.654867
-33.3059 -45.5461 26.1861 -0.762691 -0.0072098 0.646723
-33.7548 -46.5513 25.6503 -0.734091 0.002992 0.677932
-35.002 -46.6561 24.4115 -0.706638 -0.00418911 0.707538
-36.2747 -46.5118 23.1392 -0.707038 0.00361321 0.707118
-37.0048 -46.3161 22.4554 -0.67839 0.0130451 0.734587
-37.9762 -45.2579 21.5792 -0.660265 -0.0119465 0.750934
-38.088 -44.1674 21.5014 -0.657077 -0.0169605 0.753623
-37.9451 -42.9288 21.6219 -0.655437 0.010415 0.755178
-37.7929 -42.1184 21.742 -0.655352 0.0109295 0.755245
-38.3101 -41.8463 21.2939 -0.633398 -0.00270432 0.773725
-38.6079 -43.5718 21.0646 -0.648871 0.012451 0.760796
-38.6684 -44.9303 20.9783 -0.656982 -0.0168257 0.753707
-38.1462 -46.3936 21.4339 -0.65437 0.00935717 0.756116
-36.9737 -47.086 22.4995 -0.677537 0.0148224 0.735339
-35.9714 -47.2839 23.4501 -0.699958 0.0149533 0.714028
-35.1102 -47.3673 24.3036 -0.703688 0.0101057 0.710422
-34.345 -47.3754 25.0663 -0.707009 0.00660581 0.707174
-33.1809 -47.2457 26.3218 -0.760353 -0.000958082 0.649508
-32.8258 -46.1277 26.7477 -0.763052 -0.00526614 0.646316
-32.8205 -44.8965 26.7652 -0.756182 0.00773526 0.654079
-32.7443 -43.8773 26.8168 -0.749693 0.0226152 0.661399
-32.6751 -42.7957 26.856 -0.747813 0.0428385 0.662447
-32.6424 -41.6802 26.836 -0.74478 0.0326094 0.666512
-32.6403 -40.6323 26.7886 -0.756898 0.0097266 0.652825
-32.6413 -39.5784 26.7857 -0.756986 0.000820386 0.653431
-32.5769 -38.5153 26.8597 -0.761394 0.0224112 0.647486
-32.372 -37.4536 26.9822 -0.743937 0.0806652 0.66336
-32.0196 -36.4025 27.2379 -0.764197 0.0943226 0.636921
-31.5926 -35.5444 27.5335 -0.725262 0.152119 0.671193
-31.1165 -34.5466 27.8078 -0.718565 0.155807 0.677736
-31.7777 -34.2783 27.0402 -0.7009 0.139695 0.698882
-32.66 -34.2449 26.19 -0.682728 0.11933 0.720863
-33.6778 -34.4203 25.2093 -0.686961 0.0934324 0.72012
-34.5532 -34.8156 24.4187 -0.691682 0.0391894 0.721138
-35.5906 -35.76 23.4954 -0.678992 0.0450766 0.73276
-36.3442 -36.7857 22.8602 -0.660912 0.0414738 0.749316
-36.8911 -37.6558 22.4258 -0.661291 0.0363059 0.749233
-37.3287 -38.5812 22.0746 -0.665197 0.0260453 0.746203
-37.9241 -40.2948 21.6252 -0.640493 0.0268506 0.767479
-38.1668 -41.1891 21.4198 -0.642223 -0.00588873 0.766495
-38.7345 -41.0377 20.9534 -0.624312 0.00204929 0.781172
-38.9666 -42.1539 20.7625 -0.626716 -0.0153697 0.779096
-39.1633 -43.4536 20.5898 -0.650879 -0.00417466 0.758973
-39.2687 -44.4971 20.4771 -0.634427 -0.0129665 0.772874
-39.2014 -45.6185 20.5327 -0.625617 0.0211617 0.779838
-38.5498 -47.0035 21.0923 -0.640923 0.0160125 0.767214
-37.5391 -47.721 21.9911 -0.670514 0.0165412 0.74165
-36.4683 -47.9322 22.9896 -0.680483 0.0184404 0.732531
-35.6642 -48.0353 23.7647 -0.700654 0.00818001 0.713455
-34.9413 -48.0996 24.4764 -0.701647 0.00689908 0.712491
-34.0675 -48.1126 25.3506 -0.707502 0.00576728 0.706687
-33.3187 -48.1096 26.1589 -0.753872 -0.0113807 0.656789
-32.6214 -48.0086 26.9482 -0.748096 -0.0207106 0.663268
-32.3332 -47.1696 27.3087 -0.754847 -0.0163755 0.655642
-32.3573 -45.4787 27.3007 -0.755308 -0.00696565 0.655333
-32.2976 -44.1917 27.3506 -0.763799 0.0187004 0.645183
-32.1802 -42.4045 27.3894 -0.747813 0.0428385 0.662447
-32.1679 -41.3832 27.3517 -0.74478 0.0326094 0.666512
-32.1963 -40.3823 27.328 -0.771163 -0.00361206 0.636562
-32.189 -39.3584 27.3292 -0.773363 0.00501572 0.633944
-32.1005 -38.2643 27.4313 -0.783634 0.0468792 0.61762
-31.7706 -37.0555 27.669 -0.787553 0.100448 0.608006
-31.3408 -36.1044 27.937 -0.748302 0.179377 0.638605
-30.7844 -35.1509 28.3112 -0.744679 0.165405 0.64619
-30.0139 -34.4237 28.9241 -0.692014 0.210737 0.690165
-29.815 -33.8842 28.9771 -0.695068 0.176639 0.696906
-30.3801 -33.4436 28.3035 -0.704577 0.175521 0.687417
-31.0716 -33.5425 27.5982 -0.703466 0.149167 0.694067
-32.0152 -33.4834 26.6761 -0.686148 0.119746 0.717516
-32.8291 -33.4911 25.9051 -0.69166 0.116132 0.712716
-34.0763 -33.7543 24.777 -0.673078 0.0746186 0.735798
-35.0812 -34.3546 23.8886 -0.687552 0.0539123 0.723951
-35.7298 -34.9571 23.317 -0.672214 0.0377636 0.739303
-36.2958 -35.6487 22.8427 -0.654758 0.0371556 0.754804
-37.0389 -36.7313 22.2588 -0.646534 0.0298868 0.762299
-37.5459 -37.6292 21.8567 -0.653271 0.0232596 0.756763
-37.9558 -38.5761 21.5296 -0.652996 0.0273133 0.756846
-38.3548 -39.7191 21.2455 -0.638501 0.0334471 0.768885
-38.6183 -40.6048 21.0446 -0.633571 -0.000591014 0.773581
-39.0748 -40.0361 20.6663 -0.633402 0.0282223 0.773238
-39.4951 -41.6793 20.3461 -0.625907 -0.00659397 0.779829
-39.7253 -43.2987 20.1331 -0.623073 -0.0205196 0.781861
-39.8491 -44.3753 20.0026 -0.633519 -0.0124879 0.773625
-39.7873 -45.9223 20.0702 -0.626497 0.0223836 0.779102
-39.3989 -46.9232 20.4062 -0.627081 0.00273431 0.778783
-38.8717 -47.6937 20.8218 -0.643935 -0.00159743 0.764816
-37.8861 -48.3565 21.6888 -0.661018 0.00655627 0.750325
-36.9186 -48.5865 22.5835 -0.681407 -0.00617902 0.731878
-36.0278 -48.7127 23.4154 -0.685974 -0.00441345 0.727599
-35.2915 -48.7729 24.1387 -0.700988 0.00768027 0.713131
-34.5533 -48.8087 24.8689 -0.70506 0.00686886 0.709106
-33.6753 -48.8464 25.7466 -0.72193 0.00321293 0.691571
-32.8623 -48.8567 26.6496 -0.745963 -0.00900015 0.66582
-31.8941 -48.2128 27.7737 -0.756136 -0.023702 0.653976
-31.8102 -47.0803 27.913 -0.754805 -0.0163453 0.655692
-31.8658 -45.7156 27.8643 -0.754821 -0.00677846 0.655896
-31.8414 -44.3765 27.8896 -0.755079 0.00749336 0.655589
-31.7388 -43.0431 27.9431 -0.750967 0.0520929 0.658282
-31.6937 -41.8225 27.9061 -0.758041 0.0105878 0.651478
-31.7331 -40.7004 27.8803 -0.770241 -0.0130596 0.637618
-31.7439 -39.4582 27.8736 -0.777968 -0.000464337 0.628254
-31.6379 -38.1323 28.0012 -0.785919 0.00173767 0.6183
-31.2866 -37.0274 28.2477 -0.757531 0.137725 0.637324
-30.7826 -36.065 28.5793 -0.747747 0.171987 0.641323
-29.7616 -35.0029 29.3757 -0.699968 0.224909 0.677834
-28.9519 -34.5487 30.0496 -0.67917 0.230516 0.696584
-27.559 -34.331 31.2869 -0.63394 0.210084 0.742239
-26.6674 -34.3601 31.9826 -0.600918 0.181232 0.778493
-25.3102 -34.39 33.074 -0.618115 0.184129 0.764218
-23.9956 -34.3411 34.0487 -0.588332 0.17953 0.788433
-23.1218 -33.8911 34.5961 -0.578792 0.147358 0.80205
-22.605 -32.7588 34.7432 -0.604976 0.160605 0.7796
-22.2814 -31.7884 34.8217 -0.58644 0.145093 0.796142
-21.8573 -30.4556 34.8928 -0.580679 0.132841 0.802958
-21.615 -29.3629 34.8705 -0.592366 0.133074 0.794467
-21.4492 -27.6872 34.7453 -0.592915 0.119347 0.796363
-21.5671 -26.4364 34.4832 -0.616569 0.102883 0.780547
-21.998 -24.8791 33.9555 -0.614393 0.089413 0.783913
-22.5899 -23.8441 33.38 -0.617414 0.0801504 0.782545
-23.5118 -23.0061 32.5726 -0.613659 0.0714709 0.78633
-24.2061 -22.5737 31.9918 -0.619567 0.0696232 0.78181
-25.3906 -22.2143 30.9961 -0.630428 0.0752442 0.772592
-25.7167 -23.2692 30.8274 -0.639335 0.0740188 0.765357
-25.9692 -24.275 30.7325 -0.636862 0.0901585 0.765684
-26.1925 -25.288 30.6686 -0.634665 0.0927709 0.767197
-26.4132 -26.3599 30.6198 -0.637043 0.09258 0.765232
-26.6158 -27.4838 30.6 -0.645332 0.106526 0.756429
-27.0516 -29.2748 30.484 -0.659344 0.112718 0.743333
-27.5795 -30.5971 30.2605 -0.658688 0.136396 0.739892
-28.0856 -31.4859 29.9877 -0.666996 0.166149 0.726299
-29.0166 -32.5041 29.393 -0.6686 0.193293 0.717673
-30.213 -32.7677 28.2952 -0.679236 0.17101 0.713291
-30.9565 -32.7865 27.5843 -0.692746 0.117232 0.711589
-32.1108 -32.7281 26.4643 -0.68393 0.115318 0.720376
-32.8992 -32.7363 25.7511 -0.668468 0.0779966 0.739609
-33.813 -32.8807 24.93 -0.672891 0.0743078 0.736
-34.6688 -33.2428 24.1705 -0.676302 0.0600478 0.734022
-35.4542 -33.7714 23.4994 -0.664979 0.0524146 0.745007
-36.4842 -34.862 22.6419 -0.663832 0.0314247 0.747221
-37.0273 -35.6096 22.2217 -0.644981 0.0421878 0.763033
-37.7352 -36.6764 21.6611 -0.653304 0.0249356 0.756685
-38.2673 -37.7535 21.2405 -0.648858 0.0183943 0.760686
-38.7796 -39.1144 20.8623 -0.640096 0.0372966 0.767389
-38.8225 -39.2411 20.8326 -0.635756 0.0371599 0.770971
-39.3486 -38.9608 20.3908 -0.630745 0.0377798 0.77507
-39.7605 -40.2755 20.1079 -0.634286 0.0177925 0.772893
-40.0837 -41.505 19.8758 -0.621865 0.00677783 0.782941
-40.257 -42.8619 19.718 -0.621374 -0.0125694 0.783413
-40.4209 -43.9573 19.5549 -0.622946 -0.0260451 0.781831
-40.4645 -45.7301 19.5297 -0.599966 0.0328984 0.799349
-40.2097 -46.7067 19.7601 -0.601949 0.0161066 0.798205
-39.7156 -47.6465 20.1373 -0.629847 -0.0128767 0.776613
-38.8603 -48.6554 20.8427 -0.655953 0.00423207 0.754779
-37.9307 -49.1415 21.6521 -0.663496 0.00203069 0.748128
-37.1543 -49.2868 22.3582 -0.681407 -0.00617902 0.731878
-36.3285 -49.4045 23.1277 -0.685974 -0.00441345 0.727599
-35.5544 -49.4669 23.8685 -0.703086 -0.0114786 0.711012
-34.8009 -49.5183 24.6146 -0.708394 -0.00810222 0.705741
-33.9666 -49.5533 25.4535 -0.706512 -0.0026136 0.707696
-33.2316 -49.5903 26.2409 -0.740889 0.00575193 0.671576
-32.3714 -49.5742 27.2016 -0.742981 -0.00249033 0.669276
-31.5258 -49.2679 28.1663 -0.758146 -0.0224666 0.651698
-31.3001 -47.9602 28.4733 -0.758161 -0.0220553 0.651694
-31.3569 -46.2564 28.4438 -0.756791 -0.00550777 0.653624
-31.4059 -45.2048 28.3981 -0.754545 -0.000535001 0.65622
-31.3238 -43.6084 28.4918 -0.770313 0.0259223 0.636463
-31.2445 -42.3597 28.4831 -0.78127 0.0400542 0.622692
-31.2586 -41.3002 28.4499 -0.778359 -0.0113488 0.627717
-31.3035 -40.1548 28.4158 -0.781389 -0.0180714 0.623731
-31.2842 -38.9961 28.4539 -0.782344 -0.000350175 0.62282
-31.1701 -37.9899 28.6017 -0.787484 0.0652954 0.60916
-30.7781 -36.9985 28.8348 -0.748408 0.16711 0.641823
-30.1677 -36.0789 29.2996 -0.755686 0.178383 0.629984
-29.4511 -35.5287 29.8618 -0.692681 0.220967 0.686561
-28.077 -35.0825 31.0544 -0.665348 0.2398 0.706971
-27.2593 -35.0818 31.6937 -0.601983 0.180983 0.777728
-26.2935 -35.0973 32.4503 -0.615397 0.181426 0.767041
-25.3814 -35.1126 33.1894 -0.603437 0.182336 0.776073
-24.3758 -35.1183 33.9405 -0.587061 0.177793 0.789778
-23.2015 -34.9924 34.75 -0.563467 0.1702 0.808413
-22.3743 -34.0048 35.1555 -0.569774 0.143573 0.809129
-22.0698 -33.053 35.1957 -0.563002 0.149961 0.812727
-21.5571 -31.5456 35.2722 -0.55659 0.146266 0.81781
-21.2288 -30.4131 35.3255 -0.566958 0.119227 0.815073
-20.8855 -28.6446 35.3067 -0.58994 0.121035 0.798324
-20.8698 -26.9668 35.0795 -0.595193 0.10268 0.796994
-21.1607 -25.4796 34.68 -0.606895 0.0985803 0.788551
-21.5419 -24.2928 34.2531 -0.617672 0.0792842 0.782429
-22.0109 -23.4766 33.7992 -0.61994 0.0764012 0.78091
-22.602 -22.7999 33.2664 -0.618979 0.0651923 0.782666
-23.5266 -22.1478 32.489 -0.617978 0.0585941 0.784009
-24.6931 -21.5134 31.5001 -0.633158 0.0659882 0.771205
-25.3774 -21.0666 30.8995 -0.631478 0.0621643 0.772882
-26.0374 -20.4331 30.3038 -0.639498 0.0603603 0.76642
-26.5316 -19.0604 29.7904 -0.63725 0.0541015 0.768756
-27.0552 -18.39 29.3123 -0.634712 0.0553975 0.770759
-26.7287 -17.0902 29.4867 -0.635645 0.0559512 0.769951
-26.6421 -16.0509 29.4828 -0.634351 0.0525934 0.771245
-26.4911 -14.4966 29.5148 -0.635159 0.0432826 0.771167
-26.3761 -13.4818 29.5585 -0.633546 0.0365422 0.772842
-26.3358 -11.8253 29.514 -0.641564 0.0411403 0.765963
-26.3722 -10.721 29.4276 -0.62158 0.024135 0.782881
-26.4882 -9.48462 29.3254 -0.622334 0.00531659 0.782734
-26.5392 -8.41364 29.2727 -0.625198 0.00900053 0.780408
-26.4464 -7.2774 29.3384 -0.62661 0.00618469 0.779309
-26.2287 -6.24304 29.5025 -0.624658 0.0105264 0.780828
-25.9331 -5.21124 29.7254 -0.624248 0.00750787 0.781185
-25.6084 -4.08789 29.9792 -0.632736 0.00605388 0.774342
-25.272 -3.00504 30.2473 -0.63255 0.00515076 0.774502
-25.1276 -1.67223 30.3598 -0.63607 0.00281869 0.771625
-25.2284 -0.535386 30.2732 -0.624023 -0.000122437 0.781406
-25.9026 1.10722 29.7497 -0.624904 -0.0117798 0.780608
-26.4295 1.85598 29.3364 -0.626677 -0.010829 0.779203
-26.9461 2.64686 28.9374 -0.624343 -0.018903 0.780916
-27.42 3.57012 28.5851 -0.622222 -0.02082 0.782564
-27.7489 4.58319 28.3461 -0.621065 -0.0182133 0.783545
-27.9402 5.6099 28.2206 -0.619954 -0.0196544 0.784392
-27.8897 6.82707 28.2925 -0.61864 -0.0230947 0.785327
-27.5886 8.30718 28.5765 -0.616751 -0.025228 0.786754
-27.0864 9.70171 29.0277 -0.625313 -0.0274417 0.779892
-26.7422 10.8291 29.3449 -0.622526 -0.0303896 0.782008
-26.5914 12.1897 29.519 -0.625231 -0.031157 0.779817
-26.6889 13.4986 29.4937 -0.625596 -0.0318947 0.779495
-26.9535 14.5771 29.337 -0.626734 -0.0447739 0.77794
-27.5288 15.6594 28.9454 -0.623497 -0.0483336 0.78033
-28.2371 16.3065 28.4181 -0.627883 -0.0462793 0.77693
-29.1098 16.8053 27.7424 -0.626807 -0.0452616 0.777855
-29.9178 17.0094 27.1128 -0.619919 -0.0434206 0.783463
-30.7564 16.8794 26.4433 -0.617253 -0.0449035 0.785478
-31.9307 15.9947 25.4659 -0.622377 -0.036727 0.781855
-32.4713 15.2299 25.0074 -0.617623 -0.0334544 0.785763
-32.8773 14.2982 24.6529 -0.617009 -0.0303769 0.78637
-33.1373 13.0896 24.4261 -0.602148 -0.0218675 0.798085
-32.9763 11.6976 24.5106 -0.604615 -0.0203011 0.796254
-32.5138 10.7394 24.838 -0.605244 -0.0220429 0.795733
-31.6146 9.49605 25.4539 -0.60525 -0.0472551 0.794622
-30.9467 8.60868 25.9252 -0.61318 -0.0345091 0.789145
-30.3982 7.77964 26.336 -0.622948 -0.0138758 0.782135
-29.7351 6.42508 26.8314 -0.61625 -0.0208143 0.787257
-29.4233 5.36279 27.0529 -0.61454 -0.0158375 0.788727
-29.4144 4.20428 27.0333 -0.613334 -0.018633 0.789604
-29.729 3.02268 26.7613 -0.613367 -0.0180882 0.789591
-30.1664 2.00724 26.4158 -0.601323 -0.00583799 0.798985
-30.6971 0.768563 25.9992 -0.604469 -0.0154914 0.796478
-31.1105 -0.634819 25.6596 -0.600082 -0.0145822 0.7998
-31.1728 -1.68773 25.5984 -0.599046 -0.00726063 0.800675
-31.077 -3.48757 25.6708 -0.607219 0.000777794 0.79453
-30.8854 -5.24813 25.8135 -0.609479 0.000267904 0.792796
-30.845 -6.27348 25.864 -0.600481 0.017995 0.799436
-30.9349 -7.64501 25.8268 -0.600196 0.0173278 0.799665
-31.153 -8.77339 25.6875 -0.598836 0.0160915 0.800708
-31.4434 -9.82867 25.482 -0.599043 0.00762811 0.80068
-31.9509 -11.4032 25.1272 -0.599276 0.0174378 0.800351
-32.207 -12.4602 24.9572 -0.600275 0.0166846 0.799619
-32.3297 -13.9374 24.8954 -0.603486 0.0191513 0.797129
-32.1406 -15.0938 25.0958 -0.601681 0.0464128 0.797387
-31.5079 -16.3699 25.6506 -0.605584 0.0425958 0.794609
-30.7403 -17.0777 26.2689 -0.616119 0.043806 0.786293
-29.9563 -17.4368 26.9224 -0.618952 0.0558862 0.783353
-29.1131 -17.7682 27.6118 -0.619798 0.0612268 0.782336
-28.0675 -18.1542 28.4624 -0.617882 0.0545326 0.784377
-27.4007 -18.6945 29.0498 -0.634531 0.0552995 0.770915
-26.6618 -19.0725 29.6837 -0.634071 0.0542708 0.771368
-26.3575 -20.5513 30.0457 -0.640844 0.0653701 0.764855
-26.2042 -22.3111 30.3279 -0.637202 0.0645561 0.767972
-26.4223 -23.717 30.2896 -0.637074 0.0906224 0.765452
-26.6526 -24.7543 30.2234 -0.635319 0.0921312 0.766734
-26.8969 -25.838 30.1539 -0.638817 0.0910946 0.763929
-27.0781 -26.9387 30.1299 -0.642463 0.0889785 0.761134
-27.2394 -27.9423 30.1284 -0.64779 0.102568 0.754881
-27.5979 -29.2743 29.9959 -0.661286 0.118582 0.740365
-28.0386 -30.3689 29.8016 -0.663305 0.139776 0.735167
-28.9462 -31.5761 29.2223 -0.667427 0.144147 0.730539
-30.0444 -32.0313 28.2989 -0.6723 0.150244 0.724872
-30.9285 -32.0317 27.4724 -0.67773 0.14431 0.721007
-31.6768 -31.9725 26.7634 -0.663859 0.079237 0.743644
-32.6198 -31.9679 25.9199 -0.664278 0.0770926 0.743499
-33.4796 -32.0233 25.1475 -0.672122 0.0752458 0.736607
-34.3336 -32.2177 24.4031 -0.663567 0.0519826 0.74628
-35.2762 -32.794 23.5931 -0.668175 0.0499883 0.742322
-36.2356 -33.5578 22.7964 -0.660088 0.0493775 0.74956
-37.2663 -34.8871 21.9797 -0.644744 0.0425472 0.763214
-37.7932 -35.6511 21.5798 -0.634271 0.0305111 0.772505
-38.5355 -36.8522 20.9882 -0.639278 0.0198583 0.768647
-38.984 -37.8137 20.641 -0.615739 0.0132739 0.787823
-39.1582 -38.383 20.5175 -0.621861 0.0269607 0.782503
-39.7407 -38.2173 20.0621 -0.612779 0.0162404 0.790087
-40.1911 -39.6676 19.7416 -0.609758 0.0158867 0.792419
-40.6635 -41.2335 19.4114 -0.618589 0.0215389 0.78542
-40.826 -42.7169 19.27 -0.622483 -0.00933625 0.782568
-41.0242 -43.7876 19.1042 -0.578529 -0.00754927 0.815627
-41.1119 -45.4753 19.038 -0.576808 0.0038838 0.816871
-40.9498 -46.5283 19.1983 -0.602424 0.0167962 0.797832
-40.5507 -47.4819 19.5014 -0.604279 -0.000249366 0.796772
-39.8701 -48.562 20.0174 -0.604476 0.00360534 0.79661
-38.9591 -49.5247 20.7615 -0.62804 0.0100698 0.777904
-38.1834 -49.8472 21.4311 -0.66148 0.0034025 0.749911
-37.4153 -49.986 22.1222 -0.669092 0.00462258 0.743165
-36.6116 -50.0926 22.8571 -0.684912 -0.00442352 0.728598
-35.8322 -50.1571 23.5965 -0.689231 -0.00275717 0.724536
-35.0952 -50.2115 24.3095 -0.707835 -0.0110304 0.706261
-34.169 -50.2326 25.2489 -0.709373 -0.00548181 0.704794
-33.3382 -50.3059 26.1326 -0.737791 0.00764092 0.674986
-32.6283 -50.3181 26.916 -0.740613 -0.000576615 0.671901
-31.9016 -50.3291 27.7109 -0.739113 -0.0055084 0.673559
-31.1809 -50.3189 28.5316 -0.764224 -0.0163732 0.644651
-30.8283 -49.4437 28.9716 -0.764051 -0.0163701 0.644856
-30.8128 -47.8149 29.0435 -0.757002 -0.020704 0.653084
-30.845 -46.7129 29.0378 -0.759538 -0.00459542 0.650447
-30.9162 -45.3761 28.9625 -0.760862 -0.00419009 0.648895
-30.9008 -44.2702 28.9925 -0.765338 -0.00453649 0.643611
-30.8157 -42.8888 29.0549 -0.781013 0.0400724 0.623005
-30.7944 -41.8293 29.036 -0.787896 0.0263342 0.615245
-30.8388 -40.7829 28.9798 -0.780725 -0.0162926 0.624629
-30.8642 -39.6178 28.9872 -0.787822 -0.00261255 0.615898
-30.7775 -38.3814 29.1028 -0.776394 0.0115812 0.629739
-30.4205 -37.2679 29.3423 -0.766511 0.181422 0.616055
-29.5832 -36.3317 30.0092 -0.688645 0.256493 0.678216
-28.7395 -35.9311 30.7089 -0.688452 0.241198 0.683687
-27.8302 -35.7991 31.419 -0.602198 0.182397 0.777232
-27.032 -35.7976 32.0332 -0.600238 0.178725 0.779596
-26.24 -35.8074 32.6652 -0.616132 0.18567 0.765446
-25.0367 -35.8385 33.6116 -0.589523 0.175418 0.788466
-24.0788 -35.851 34.3262 -0.572366 0.177369 0.800394
-23.1749 -35.7792 34.9345 -0.548792 0.144954 0.8226
-22.0709 -35.1907 35.5716 -0.564432 0.124646 0.815909
-21.5896 -33.5741 35.6226 -0.563707 0.144513 0.813235
-21.2104 -32.4334 35.6716 -0.560612 0.153586 0.813711
-20.8515 -31.306 35.7177 -0.565347 0.118672 0.816269
-20.562 -30.1714 35.7526 -0.564693 0.119273 0.816635
-20.328 -28.8927 35.7504 -0.573546 0.0985759 0.81322
-20.2425 -27.4873 35.6175 -0.596373 0.104055 0.795935
-20.403 -26.0776 35.3202 -0.594659 0.0944111 0.798415
-20.734 -24.5864 34.9245 -0.609519 0.0661253 0.789764
-21.3127 -23.3306 34.3425 -0.621343 0.0729911 0.780131
-21.8965 -22.51 33.802 -0.621328 0.0709629 0.780331
-22.6728 -21.8343 33.138 -0.616639 0.0587493 0.785051
-23.3949 -21.3881 32.536 -0.619944 0.06286 0.782107
-24.1273 -20.9894 31.9172 -0.622512 0.0670697 0.779731
-24.8269 -20.592 31.3111 -0.630694 0.0613317 0.773579
-25.826 -19.391 30.3984 -0.638253 0.0570987 0.767698
-26.1075 -18.293 30.0878 -0.636968 0.0549187 0.768931
-26.1673 -17.1005 29.9518 -0.636811 0.0560692 0.768978
-26.0854 -15.9857 29.9383 -0.640856 0.0488891 0.766053
-25.9701 -14.9631 29.9738 -0.647017 0.048381 0.760939
-25.7728 -13.2278 30.0487 -0.639161 0.0310351 0.768446
-25.772 -11.5942 29.9756 -0.643874 0.0403763 0.764064
-25.821 -10.5323 29.8726 -0.635899 0.026973 0.771037
-25.9649 -8.96395 29.7406 -0.629577 0.0118918 0.776823
-25.9576 -7.9552 29.7366 -0.624023 0.00598497 0.781383
-25.8067 -6.9577 29.8503 -0.627007 0.0065895 0.778974
-25.5382 -5.92107 30.0526 -0.627881 0.0106328 0.778237
-25.1949 -4.78505 30.3239 -0.632789 0.00401268 0.77431
-24.8256 -3.57605 30.6174 -0.635538 0.00409469 0.772059
-24.5692 -2.41979 30.8235 -0.637715 0.00344854 0.770264
-24.5229 -1.34334 30.8583 -0.636917 0.0056975 0.770903
-24.7134 -0.0311654 30.6847 -0.630192 0.0044335 0.776365
-25.085 1.03394 30.4001 -0.623352 -0.0129394 0.781835
-25.6075 1.81776 29.9968 -0.624904 -0.0119523 0.780607
-26.357 2.87806 29.4161 -0.626383 -0.0174485 0.77932
-26.8072 3.70241 29.076 -0.622314 -0.0188877 0.782537
-27.2903 5.16896 28.7245 -0.621705 -0.0191612 0.783016
-27.3678 6.24429 28.6903 -0.620729 -0.0201859 0.783765
-27.1625 7.55367 28.8922 -0.627025 -0.0251412 0.77859
-26.8407 8.63568 29.1878 -0.625637 -0.0265283 0.779663
-26.4513 9.70231 29.5372 -0.625494 -0.0274061 0.779747
-26.1536 10.7331 29.8129 -0.62595 -0.0288878 0.779327
-25.9957 12.5582 30.0113 -0.625165 -0.0318705 0.779841
-26.1189 13.5937 29.9555 -0.625791 -0.0371622 0.779088
-26.3386 14.5954 29.8341 -0.632816 -0.0495938 0.772709
-26.7343 15.6479 29.5826 -0.632382 -0.0566608 0.772581
-27.3026 16.4001 29.1721 -0.628188 -0.0531195 0.776215
-28.289 17.1994 28.4299 -0.627103 -0.0522772 0.77716
-29.6112 17.729 27.3954 -0.625782 -0.0477473 0.778489
-30.447 17.7614 26.7371 -0.61526 -0.0464475 0.786955
-31.2968 17.4544 26.0508 -0.623007 -0.051051 0.780549
-32.0116 16.8858 25.4433 -0.6227 -0.0437247 0.781206
-32.749 16.0508 24.8241 -0.617799 -0.0335934 0.785618
-33.2011 15.1732 24.4316 -0.617458 -0.0315146 0.78597
-33.5767 14.2355 24.1234 -0.602081 -0.0193077 0.798201
-33.7753 13.2446 23.9493 -0.601978 -0.0208308 0.79824
-33.6469 11.7989 24.0053 -0.602893 -0.0229372 0.797491
-33.1227 10.5605 24.3704 -0.605952 -0.0376351 0.794418
-32.4626 9.57968 24.8119 -0.610033 -0.0535392 0.790565
-31.7985 8.75095 25.2733 -0.60766 -0.0418844 0.793084
-31.1588 7.87818 25.7365 -0.613309 -0.0260154 0.789414
-30.5602 6.77355 26.1901 -0.621462 -0.0111254 0.783362
-30.1688 5.73284 26.4794 -0.617341 -0.0161652 0.786529
-30.0411 4.71253 26.5585 -0.609963 -0.0184252 0.792204
-30.1569 3.70122 26.4477 -0.605264 -0.0175531 0.79583
-30.6205 2.47971 26.0774 -0.600488 -0.00709603 0.7996
-31.0404 1.58829 25.7547 -0.602766 -0.0109796 0.797825
-31.5992 0.229155 25.309 -0.595886 -0.0141842 0.802944
-31.7584 -0.803073 25.1732 -0.598123 -0.0120736 0.801313
-31.7601 -2.15918 25.1569 -0.59867 -0.00389508 0.800986
-31.6756 -3.41334 25.2143 -0.599786 -0.00424667 0.800148
-31.5509 -4.42469 25.3065 -0.607057 -0.00184084 0.794656
-31.4259 -6.25843 25.4273 -0.604074 0.0209904 0.796633
-31.5786 -8.04488 25.3526 -0.601759 0.0166618 0.798501
-31.9072 -9.32289 25.1264 -0.603177 0.0113253 0.797527
-32.2846 -10.4514 24.8575 -0.595379 0.0160718 0.803218
-32.5915 -11.3895 24.646 -0.594015 0.0117048 0.804314
-32.8242 -12.3999 24.4927 -0.600232 0.0166158 0.799654
-32.9708 -13.5214 24.4084 -0.594277 0.0196445 0.80402
-32.8624 -14.7755 24.5145 -0.607191 0.02626 0.793873
-32.5853 -15.7284 24.7805 -0.61928 0.0389733 0.784202
-31.7311 -17.2357 25.5188 -0.611167 0.0337217 0.790761
-30.6601 -17.9364 26.3875 -0.625102 0.0484607 0.779036
-29.6267 -18.3761 27.2416 -0.625093 0.041188 0.779462
-28.8515 -18.6654 27.8803 -0.622125 0.0477497 0.781414
-28.0996 -18.9779 28.4943 -0.626474 0.0554003 0.777391
-27.4848 -19.6054 29.0447 -0.634096 0.0537823 0.771382
-26.9829 -20.6045 29.5266 -0.637389 0.0561088 0.76848
-26.7827 -21.8641 29.8079 -0.643976 0.064358 0.762314
-26.8513 -22.8806 29.8401 -0.63784 0.0781929 0.766172
-27.0827 -24.1352 29.7925 -0.635862 0.0923834 0.766254
-27.3546 -25.234 29.6993 -0.642472 0.0850178 0.761499
-27.5669 -26.3008 29.6426 -0.641948 0.0883631 0.761639
-27.6911 -27.3483 29.6597 -0.644983 0.0961303 0.75808
-27.9171 -28.4723 29.6087 -0.660337 0.0953621 0.74489
-28.3769 -29.8602 29.401 -0.663159 0.137655 0.735705
-28.9051 -30.705 29.0879 -0.667427 0.144147 0.730539
-29.7072 -31.2217 28.4462 -0.670443 0.139695 0.728685
-30.7109 -31.2954 27.5298 -0.665477 0.112058 0.737116
-31.609 -31.1851 26.7375 -0.658252 0.0822529 0.748264
-32.9908 -31.2321 25.512 -0.663652 0.0790931 0.743846
-34.2372 -31.3766 24.4283 -0.659069 0.0521279 0.750274
-35.1119 -31.8241 23.6763 -0.667837 0.0492847 0.742674
-35.9654 -32.4668 22.9571 -0.647334 0.040599 0.760879
-36.6654 -33.0564 22.4004 -0.635123 0.0269106 0.771942
-37.4035 -34.0093 21.8292 -0.632999 0.0310571 0.773527
-38.0419 -34.9518 21.3477 -0.632707 0.0326361 0.773703
-38.6375 -35.8035 20.8901 -0.629663 0.0280712 0.776353
-39.4058 -37.1114 20.3001 -0.61871 0.0112737 0.785537
-39.6697 -37.9937 20.1126 -0.612976 0.0164017 0.789931
-40.2911 -37.9516 19.6323 -0.610181 0.0155831 0.792107
-40.6458 -39.1239 19.383 -0.606756 0.0165632 0.794716
-41.0612 -40.2813 19.0771 -0.608632 0.00698579 0.793418
-41.3643 -41.7801 18.8491 -0.598613 0.00384514 0.80034
-41.6202 -43.5315 18.6836 -0.580379 -0.0056972 0.814327
-41.7514 -45.1921 18.5846 -0.577081 0.00356607 0.816679
-41.6367 -46.329 18.6766 -0.579665 0.007659 0.814808
-41.3204 -47.3169 18.9175 -0.604617 0.000441316 0.796516
-40.7603 -48.3935 19.3422 -0.6035 0.00333736 0.797347
-40.0643 -49.4612 19.878 -0.603447 0.00578676 0.797381
-39.1672 -50.3055 20.5853 -0.639316 -0.00128311 0.768777
-38.2941 -50.5942 21.3335 -0.66161 -0.00894447 0.749743
-37.4703 -50.7083 22.0714 -0.669888 -0.0105639 0.742387
-36.6477 -50.7986 22.82 -0.68461 -0.00172474 0.728889
-35.8504 -50.8569 23.577 -0.689791 -0.00210673 0.724005
-35.0698 -50.9098 24.3303 -0.707432 0.00383519 0.706728
-34.2966 -50.9476 25.1167 -0.714068 0.0017931 0.700072
-33.2937 -51.0271 26.1824 -0.737284 -0.00471094 0.67556
-32.1412 -51.0644 27.4381 -0.737534 -0.0184426 0.675059
-31.4563 -51.1048 28.1888 -0.741711 -0.019254 0.670435
-30.8124 -51.1681 28.9537 -0.768144 -0.0459563 0.6386
-30.1535 -51.1921 29.7497 -0.749545 -0.06659 0.657719
-30.1561 -50.268 29.7841 -0.786296 -0.0202499 0.617507
-30.3258 -49.1752 29.5982 -0.782921 -0.00787277 0.62199
-30.3457 -47.8054 29.5927 -0.774476 -0.0134075 0.632461
-30.3528 -46.6869 29.613 -0.758433 -0.0127366 0.651572
-30.4406 -45.1779 29.5241 -0.761971 -0.00582732 0.647585
-30.4262 -44.0648 29.5537 -0.761799 -0.00363884 0.647789
-30.3733 -43.0046 29.6167 -0.769224 0.0118466 0.638669
-30.3444 -41.9664 29.6109 -0.775136 0.0255483 0.631277
-30.4208 -40.5562 29.5145 -0.783052 -0.0229464 0.62153
-30.4051 -39.039 29.573 -0.784167 -0.00417011 0.620536
-30.1842 -37.7772 29.7845 -0.776684 0.0367095 0.628441
-29.0924 -36.708 30.6522 -0.650972 0.234203 0.718656
-28.0915 -36.5495 31.4108 -0.595977 0.205937 0.776143
-27.1731 -36.5023 32.1014 -0.592282 0.202766 0.779787
-26.3165 -36.5033 32.7668 -0.613274 0.177114 0.76975
-24.8708 -36.5484 33.8908 -0.590387 0.171285 0.788736
-24.0073 -36.5844 34.5228 -0.533959 0.137778 0.834167
-23.06 -36.5239 35.12 -0.530463 0.128006 0.837988
-21.8529 -36.324 35.8808 -0.568117 0.115843 0.814747
-21.4036 -35.3536 36.0556 -0.55878 0.135522 0.818166
-21.0475 -33.8569 36.0489 -0.561674 0.14066 0.815299
-20.6694 -32.7237 36.097 -0.55366 0.15391 0.818396
-20.1687 -31.0806 36.1567 -0.566394 0.122279 0.815012
-19.8921 -30.0435 36.1965 -0.567981 0.107841 0.81587
-19.7442 -29.0036 36.1758 -0.565987 0.100091 0.818259
-19.665 -27.4086 36.0267 -0.572674 0.108493 0.812569
-19.7872 -25.9533 35.7649 -0.58695 0.0878615 0.804751
-20.0467 -24.7968 35.4518 -0.595685 0.054138 0.801389
-20.4091 -23.6543 35.0865 -0.605457 0.0652276 0.793125
-20.9321 -22.6604 34.5807 -0.618585 0.0732946 0.782288
-21.8883 -21.5175 33.7305 -0.616089 0.0599406 0.785391
-22.794 -20.8912 32.9719 -0.616034 0.0633029 0.78517
-23.5228 -20.464 32.355 -0.62316 0.0626536 0.779581
-24.2556 -20.0608 31.7352 -0.626144 0.0580427 0.777537
-25.2197 -19.1062 30.8819 -0.634981 0.0587181 0.77027
-25.5754 -17.5915 30.4776 -0.636721 0.0556771 0.769082
-25.5815 -16.4522 30.3896 -0.640914 0.0489641 0.765999
-25.425 -15.395 30.4634 -0.642116 0.044707 0.765301
-25.2782 -13.9659 30.4892 -0.639792 0.045641 0.767044
-25.1894 -12.0887 30.4942 -0.639171 0.0254393 0.768644
-25.2348 -10.833 30.3803 -0.64058 0.0469835 0.766453
-25.3534 -9.61738 30.2463 -0.630345 0.0122514 0.77619
-25.4149 -8.59102 30.1748 -0.625275 0.0113349 0.780302
-25.3346 -7.56289 30.2311 -0.624982 0.00415049 0.780626
-24.9283 -5.86884 30.5441 -0.630187 0.00696384 0.776397
-24.4604 -4.44552 30.9219 -0.635338 0.00161171 0.772219
-24.0578 -2.97042 31.2492 -0.638162 0.00333706 0.769895
-23.89 -1.74561 31.3823 -0.637597 0.00307094 0.770363
-24.0332 -0.522332 31.2527 -0.638418 0.00808985 0.769647
-24.314 0.859418 31.0119 -0.63082 -0.00717632 0.775815
-24.7771 1.82705 30.6588 -0.623236 -0.0130944 0.781924
-25.574 2.89459 30.0435 -0.623685 -0.0157448 0.781517
-26.1188 3.77137 29.6262 -0.624003 -0.0191209 0.781181
-26.6112 4.82599 29.2592 -0.625919 -0.0203567 0.779622
-26.8098 6.21571 29.1384 -0.627672 -0.0218946 0.77817
-26.6604 7.23089 29.288 -0.628084 -0.0231792 0.7778
-26.1231 8.8784 29.7718 -0.629106 -0.0235042 0.776963
-25.6734 10.194 30.1795 -0.626167 -0.0275258 0.779203
-25.5089 11.1797 30.3481 -0.626247 -0.0299153 0.77905
-25.4191 12.5537 30.4767 -0.63517 -0.0369406 0.771485
-25.5393 13.6311 30.4319 -0.63573 -0.0422496 0.770746
-25.9597 15.3121 30.1926 -0.632576 -0.0518565 0.77276
-26.3891 16.3187 29.9144 -0.632286 -0.0570593 0.772631
-26.9845 17.0248 29.4784 -0.632711 -0.0565486 0.77232
-27.9057 17.7858 28.7827 -0.630159 -0.0597353 0.774149
-28.7003 18.2236 28.1725 -0.629926 -0.0555088 0.774663
-30.0495 18.5378 27.0945 -0.63036 -0.0545528 0.774383
-30.8342 18.454 26.4752 -0.615454 -0.0464052 0.786805
-31.8764 17.9397 25.6198 -0.625698 -0.0487541 0.778531
-32.5688 17.3219 25.0239 -0.621279 -0.0433351 0.782346
-33.4761 16.0887 24.2573 -0.615313 -0.03515 0.787499
-33.8954 15.1614 23.9138 -0.594833 -0.0245342 0.803474
-34.2903 14.1683 23.5907 -0.594598 -0.0248203 0.80364
-34.4296 13.1472 23.4579 -0.589004 -0.018325 0.807916
-34.3588 11.9431 23.477 -0.582214 -0.0226177 0.812721
-34.028 10.9718 23.6937 -0.603212 -0.0220449 0.797273
-33.2948 9.69753 24.1783 -0.608512 -0.0557489 0.791584
-32.7331 8.8974 24.5561 -0.612799 -0.0519097 0.788521
-31.8949 7.86872 25.1647 -0.613004 -0.0253249 0.789674
-31.3906 7.0764 25.5385 -0.618431 -0.0136509 0.78572
-30.9631 6.16974 25.864 -0.620773 -0.00890961 0.78394
-30.6962 5.10408 26.0524 -0.615623 -0.00974379 0.787952
-30.8541 3.46786 25.9107 -0.606496 -0.00969496 0.794993
-31.4868 2.11024 25.4231 -0.606951 -0.00525125 0.794684
-32.0073 0.956985 25.019 -0.596089 -0.0139971 0.802796
-32.3931 -0.784763 24.7024 -0.595554 -0.0141282 0.803191
-32.3443 -2.60668 24.717 -0.600279 -0.00512201 0.799774
-32.1661 -4.20963 24.8395 -0.600639 -0.00640613 0.799495
-32.0066 -5.36797 24.9562 -0.607008 0.011053 0.794514
-32.0163 -6.88828 24.9946 -0.604628 0.0253994 0.796094
-32.1743 -8.06883 24.9024 -0.603285 0.0154029 0.797377
-32.6006 -9.60801 24.6064 -0.595304 0.0164604 0.80326
-33.0095 -10.5945 24.3343 -0.5875 0.0203111 0.808969
-33.3482 -11.8012 24.1001 -0.585213 0.00643187 0.810851
-33.6024 -13.1513 23.9325 -0.588826 0.0149418 0.808078
-33.5737 -14.4783 23.9822 -0.595365 0.0134339 0.803343
-33.1741 -15.8996 24.3293 -0.613193 0.0366839 0.789064
-32.7083 -16.9631 24.7425 -0.6183 0.0377794 0.785033
-32.0942 -17.8482 25.2595 -0.615201 0.0310903 0.787757
-31.3456 -18.4494 25.8693 -0.623867 0.0407044 0.780469
-30.4881 -18.8046 26.5745 -0.624579 0.0399045 0.779942
-29.5348 -19.2259 27.3605 -0.626093 0.0406337 0.778689
-28.7593 -19.5527 28.0013 -0.628225 0.055128 0.775941
-27.8924 -20.2306 28.7527 -0.626746 0.0572472 0.777051
-27.4219 -21.3796 29.2201 -0.640858 0.0603971 0.765201
-27.3748 -22.6028 29.3788 -0.633874 0.0809179 0.769192
-27.719 -24.3345 29.2884 -0.635882 0.0923635 0.76624
-28.0216 -25.5345 29.1581 -0.650005 0.0843601 0.755201
-28.2277 -26.7802 29.1306 -0.654888 0.0867298 0.750704
-28.412 -28.2383 29.1409 -0.659515 0.0934043 0.745864
-28.6989 -29.272 29.016 -0.654996 0.0978226 0.749231
-29.4794 -30.3459 28.4913 -0.673509 0.126938 0.72812
-30.263 -30.6106 27.8409 -0.648894 0.0915846 0.755345
-31.0174 -30.5051 27.1769 -0.653763 0.0826797 0.752169
-32.1495 -30.4049 26.1713 -0.664135 0.0835428 0.742923
-33.0207 -30.4911 25.4008 -0.655462 0.0859438 0.750219
-33.7917 -30.492 24.7469 -0.646929 0.0805165 0.758263
-34.7147 -30.7157 23.9589 -0.660796 0.0401232 0.749371
-35.4124 -31.2046 23.377 -0.649116 0.0298408 0.760103
-36.2584 -31.7797 22.6883 -0.637307 0.0332967 0.769889
-36.9538 -32.3346 22.1382 -0.634838 0.0270667 0.772171
-37.571 -33.1445 21.6613 -0.630628 0.0253034 0.77567
-38.2995 -34.2599 21.1081 -0.630497 0.026956 0.775701
-38.9769 -35.2053 20.5945 -0.631654 0.0283473 0.774725
-39.5725 -36.041 20.1471 -0.621437 0.0299051 0.782893
-40.1014 -37.2078 19.763 -0.611463 0.0170852 0.791087
-40.1749 -37.4734 19.7115 -0.610724 0.0165001 0.791671
-40.8546 -37.2129 19.186 -0.606655 0.0133089 0.794852
-41.0466 -38.5636 19.0654 -0.606511 0.015868 0.794917
-41.5737 -39.9497 18.6815 -0.609332 0.00452634 0.792903
-42.1298 -40.7592 18.2956 -0.561312 0.0072225 0.827551
-41.9683 -42.3404 18.4377 -0.573007 0.020479 0.819288
-42.2183 -43.4388 18.2576 -0.580616 -0.00530747 0.81416
-42.3869 -44.522 18.132 -0.576041 -0.00479909 0.817364
-42.2869 -46.1433 18.2086 -0.581274 0.00500833 0.813689
-42.0274 -47.1673 18.4027 -0.576175 0.00928967 0.817226
-41.6283 -48.1046 18.7033 -0.585609 -0.000917008 0.810537
-41.115 -49.2131 19.081 -0.60338 0.000177978 0.797427
-40.5042 -49.96 19.5476 -0.602582 0.00191752 0.798049
-39.4232 -51.0591 20.3773 -0.626893 -0.000779512 0.778997
-38.0682 -51.5086 21.5239 -0.656592 -0.00527292 0.754227
-37.143 -51.5625 22.3602 -0.681351 0.00214922 0.731954
-36.314 -51.6286 23.132 -0.685776 -0.00085281 0.727781
-35.478 -51.6704 23.9361 -0.702993 0.00898816 0.71114
-34.6149 -51.7402 24.7901 -0.708801 0.00193346 0.705322
-33.6862 -51.8648 25.7496 -0.731393 -0.00300837 0.681897
-32.9314 -51.88 26.567 -0.731063 -0.0115338 0.682213
-32.229 -51.8812 27.3197 -0.734273 -0.015352 0.678653
-31.0376 -51.914 28.6327 -0.74245 -0.0245491 0.669447
-30.333 -51.9747 29.4635 -0.76802 -0.0518119 0.638297
-29.6455 -51.9932 30.197 -0.704407 -0.0611622 0.707127
-28.6147 -51.8955 31.1565 -0.646488 -0.102725 0.755963
-27.7252 -51.7288 31.8503 -0.590757 -0.0731362 0.803528
-26.7955 -52.0606 32.5325 -0.603378 -0.0494991 0.795914
-25.4637 -52.5604 33.5173 -0.591389 -0.0400868 0.805162
-24.6277 -52.5605 34.1023 -0.570892 -0.0380988 0.820141
-23.7662 -52.5746 34.7013 -0.562408 -0.0327603 0.826129
-22.5153 -52.2992 35.5323 -0.54374 -0.0332426 0.838586
-21.7355 -51.5438 36.0435 -0.526724 -0.0190036 0.849819
-22.012 -50.6555 35.8921 -0.522253 -0.0210798 0.852527
-23.1122 -50.5301 35.2225 -0.536325 -0.0341348 0.843057
-23.7676 -51.1026 34.7589 -0.559479 -0.0345709 0.828094
-25.2596 -51.0721 33.7287 -0.574328 -0.0373527 0.817762
-26.1116 -50.942 33.1083 -0.598586 -0.0322949 0.800377
-27.2195 -50.508 32.3284 -0.586083 -0.0658112 0.807555
-28.1625 -50.5149 31.6279 -0.596596 -0.0595993 0.80032
-29.1058 -50.4702 30.9276 -0.639776 -0.101925 0.758155
-29.7988 -49.6345 30.2562 -0.783655 -0.00799701 0.621053
-29.8571 -48.4819 30.1815 -0.780232 0.00106825 0.62549
-29.8706 -47.3677 30.1825 -0.77242 -0.00625118 0.635034
-29.9241 -45.8203 30.1269 -0.766031 -0.00186956 0.642796
-29.9353 -44.3569 30.1261 -0.759846 -0.00687674 0.650064
-29.8374 -42.7086 30.2477 -0.757374 -0.00198293 0.652979
-29.8317 -41.5833 30.2235 -0.778107 0.00325407 0.627682
-29.8513 -40.2299 30.2412 -0.781982 -0.0199055 0.622982
-29.8623 -38.7155 30.2579 -0.779206 -0.00747228 0.626722
-29.5122 -37.6525 30.5869 -0.678321 0.236137 0.685558
-28.6787 -37.2999 31.1376 -0.618598 0.193025 0.761628
-27.6734 -37.3611 31.945 -0.591125 0.202356 0.780761
-26.6829 -37.3524 32.6874 -0.588814 0.196958 0.783903
-25.6946 -37.3092 33.4394 -0.600142 0.172303 0.781018
-24.8134 -37.3327 34.0959 -0.572689 0.154929 0.804909
-23.5081 -37.4829 34.9922 -0.528514 0.141315 0.837079
-22.3443 -37.4335 35.718 -0.529335 0.139273 0.836903
-21.0895 -36.9488 36.4846 -0.56463 0.0918376 0.820216
-20.816 -35.8036 36.53 -0.554329 0.134399 0.821362
-20.6552 -34.6732 36.454 -0.559765 0.136749 0.81729
-20.1825 -33.1438 36.5049 -0.553 0.150626 0.819452
-19.7005 -32.098 36.635 -0.560877 0.13841 0.816067
-19.5173 -30.8779 36.5795 -0.563374 0.122434 0.817069
-19.2645 -29.7223 36.5892 -0.561293 0.105052 0.820901
-18.9426 -28.4281 36.6492 -0.560491 0.0967849 0.822477
-19.0333 -26.7196 36.3807 -0.574633 0.0948959 0.812777
-19.1706 -25.6962 36.181 -0.581042 0.0799796 0.809934
-19.4413 -24.1747 35.849 -0.576861 0.0690048 0.813922
-19.9338 -23.157 35.4155 -0.57628 0.0645518 0.814693
-20.3826 -22.1274 34.9638 -0.611125 0.07362 0.788102
-21.3782 -20.9589 34.0867 -0.615318 0.0612086 0.785899
-22.0786 -20.4878 33.5003 -0.615629 0.061979 0.785595
-22.8705 -19.8898 32.8294 -0.617271 0.0641275 0.784132
-23.7217 -19.5138 32.1205 -0.619934 0.0552657 0.782648
-24.5164 -18.9081 31.4459 -0.630868 0.0484728 0.77436
-24.8578 -17.8116 31.088 -0.637513 0.0556876 0.768425
-24.8672 -16.0719 30.9705 -0.638774 0.0404108 0.768332
-24.7089 -15.0893 31.0472 -0.639289 0.0480172 0.767441
-24.5415 -13.8088 31.0935 -0.638479 0.0415051 0.768409
-24.5621 -12.809 31.0398 -0.639437 0.0258391 0.768409
-24.625 -11.6902 30.9446 -0.642966 0.0470415 0.764449
-24.6631 -10.4256 30.8342 -0.6463 0.042825 0.761854
-24.8399 -9.23821 30.6512 -0.626769 0.0169318 0.779021
-24.805 -8.19525 30.6587 -0.625038 0.00441013 0.780579
-24.4858 -6.35016 30.9079 -0.626844 0.00694889 0.779102
-23.9729 -4.845 31.3276 -0.638366 0.000451753 0.769731
-23.6766 -3.81772 31.5696 -0.63881 0.00438112 0.769352
-23.3866 -2.54443 31.8037 -0.637009 0.00390707 0.770845
-23.1484 -1.54815 31.9961 -0.637818 0.00560354 0.770165
-23.4521 -0.571044 31.7353 -0.638418 0.00808985 0.769647
-23.5962 0.621684 31.6068 -0.638681 -0.00164887 0.76947
-24.0581 1.8105 31.2316 -0.630582 -0.0109791 0.775986
-24.5669 2.72379 30.8432 -0.623178 -0.0153258 0.78193
-25.3929 3.90791 30.2095 -0.622784 -0.0162166 0.782225
-26.0811 5.26156 29.6962 -0.626184 -0.0220248 0.779363
-26.1691 6.40322 29.6598 -0.626292 -0.0223253 0.779268
-26.0023 7.38834 29.8244 -0.629397 -0.02559 0.776659
-25.706 8.35767 30.0939 -0.629784 -0.0236021 0.776411
-25.1209 9.48696 30.6029 -0.629879 -0.0236996 0.776331
-24.9466 10.5612 30.7771 -0.629102 -0.0300762 0.776712
-24.8991 11.57 30.8607 -0.63507 -0.033952 0.771708
-24.8459 12.5802 30.95 -0.636422 -0.0369652 0.770452
-24.8681 13.6937 30.9887 -0.635319 -0.0427937 0.771057
-25.1699 14.6535 30.7978 -0.635864 -0.0479698 0.770307
-25.698 16.2197 30.4726 -0.632389 -0.0569839 0.772552
-26.1322 17.1181 30.1836 -0.632287 -0.058815 0.772496
-27.1066 18.0265 29.4579 -0.632478 -0.0623199 0.772067
-28.3334 18.8627 28.5174 -0.633524 -0.0625192 0.771193
-29.1442 19.1243 27.8744 -0.631258 -0.0571886 0.773462
-30.2278 19.2589 27.003 -0.627855 -0.0502813 0.776678
-31.0967 19.1375 26.3085 -0.615272 -0.0440024 0.787086
-32.0842 18.6385 25.4936 -0.628216 -0.0405285 0.776959
-32.884 18.1209 24.8172 -0.622083 -0.0418568 0.781787
-33.423 17.4092 24.3597 -0.61583 -0.0388792 0.786919
-34.1138 16.1359 23.7812 -0.594846 -0.02463 0.803462
-34.6221 15.2331 23.3783 -0.594207 -0.0225637 0.803994
-35.1272 13.9735 22.9712 -0.589056 -0.0220573 0.807791
-35.0732 12.9399 22.9854 -0.588161 -0.0148923 0.808607
-34.8923 11.6388 23.0867 -0.582047 -0.0221297 0.812854
-34.506 10.2747 23.3265 -0.574465 -0.0309594 0.817834
-33.556 8.92731 23.9237 -0.573124 -0.0336078 0.818778
-32.8566 8.06413 24.4264 -0.609338 -0.0247366 0.792508
-32.3137 7.18139 24.8172 -0.614128 -0.0185187 0.788953
-31.8118 6.40068 25.1974 -0.614733 -0.00922824 0.788679
-31.4584 5.40592 25.4626 -0.614293 -0.0108272 0.788986
-31.3803 3.93357 25.5137 -0.616115 -0.00484901 0.787639
-31.9559 2.65864 25.0614 -0.609058 0.00381961 0.793078
-32.4345 1.58486 24.702 -0.603132 -0.00551558 0.797622
-32.8632 0.0743938 24.3666 -0.598097 -0.00983336 0.801359
-33.025 -1.37385 24.2239 -0.595073 -0.01392 0.803551
-33.0095 -2.56584 24.2198 -0.59452 -0.00842261 0.804036
-32.888 -3.56558 24.3024 -0.600574 -0.00590099 0.799548
-32.6115 -4.96708 24.499 -0.595858 -0.00422475 0.803055
-32.6688 -6.35444 24.4843 -0.60188 0.0266884 0.79814
-32.5813 -7.37103 24.5824 -0.601742 0.0145603 0.798558
-32.9639 -8.70904 24.3181 -0.593763 0.0189745 0.804342
-33.3797 -9.70274 24.0437 -0.585471 0.0192777 0.810464
-33.7069 -10.6527 23.8295 -0.588663 0.0179694 0.80817
-34.0541 -12.102 23.5958 -0.583429 0.00742775 0.81213
-34.2363 -13.1531 23.4761 -0.584221 0.00987319 0.811534
-34.2587 -14.3436 23.4843 -0.57695 0.0229105 0.816457
-34.0346 -15.659 23.6766 -0.57558 0.00985327 0.817624
-33.6846 -16.6976 23.9655 -0.611186 0.0366083 0.790633
-33.1419 -17.4385 24.4243 -0.616567 0.0342803 0.786543
-32.3656 -18.8409 25.084 -0.616787 0.0287641 0.786605
-31.3322 -19.408 25.9299 -0.623571 0.0398755 0.780749
-30.5056 -19.6699 26.6048 -0.624546 0.0401213 0.779957
-29.3128 -20.1401 27.6006 -0.631465 0.066265 0.772566
-28.1547 -21.0333 28.6085 -0.61867 0.0614163 0.783246
-27.9442 -22.7439 28.9264 -0.62035 0.0744653 0.780781
-28.1953 -23.8132 28.8304 -0.634849 0.0867509 0.767728
-28.4373 -24.8612 28.7331 -0.649077 0.0768637 0.756829
-28.6886 -25.8238 28.6168 -0.654693 0.0881313 0.750719
-28.8114 -27.1378 28.6559 -0.659331 0.0819663 0.747371
-29.0334 -28.5219 28.6257 -0.654154 0.0988089 0.749811
-29.4036 -29.4694 28.4375 -0.644757 0.0985689 0.757973
-30.23 -29.8651 27.7786 -0.647807 0.0919555 0.756234
-31.2187 -29.6948 26.9026 -0.649746 0.0949306 0.754197
-32.3392 -29.6015 25.9073 -0.664761 0.0893873 0.741689
-33.1751 -29.5962 25.177 -0.6391 0.0715258 0.765743
-34.0163 -29.7581 24.4811 -0.637472 0.0594621 0.768173
-35.2189 -30.1206 23.4967 -0.644603 0.0493639 0.762895
-36.0661 -30.774 22.8022 -0.641016 0.0358815 0.766683
-36.8261 -31.3042 22.1981 -0.628001 0.029419 0.777656
-37.8525 -32.3333 21.4075 -0.626107 0.0281764 0.779205
-38.5245 -33.0747 20.8945 -0.620209 0.0191528 0.784203
-39.1515 -34.184 20.4189 -0.626793 0.0173559 0.778991
-40.0025 -35.4942 19.7831 -0.608619 0.0344135 0.792475
-40.4952 -36.3546 19.4467 -0.602194 0.0221212 0.797993
-40.5689 -36.5888 19.3947 -0.605376 0.0126439 0.795837
-28.9549 -33.8097 29.7985 -0.659673 0.213872 0.720123
-28.3948 -32.7905 30.0219 -0.651489 0.195888 0.732932
-27.7626 -31.9342 30.387 -0.657412 0.165366 0.735033
-26.9895 -30.5781 30.7753 -0.656778 0.151747 0.738658
-26.3868 -28.8383 31.0077 -0.645147 0.118982 0.754467
-26.0767 -27.5589 31.0589 -0.631293 0.110778 0.767571
-25.84 -26.3929 31.0871 -0.62146 0.106614 0.776005
-25.6092 -25.2925 31.1413 -0.61916 0.0870905 0.780421
-25.3139 -24.1399 31.252 -0.623683 0.0849742 0.777032
-24.8974 -23.2015 31.4935 -0.62836 0.0733328 0.774438
-23.6869 -23.7503 32.5039 -0.615759 0.0766903 0.784178
-22.7765 -24.8127 33.3368 -0.617337 0.0847914 0.782108
-22.3039 -25.9472 33.8386 -0.615114 0.0974733 0.782379
-22.0445 -27.5847 34.2779 -0.602445 0.125394 0.788244
-22.166 -29.1158 34.418 -0.602018 0.117218 0.789832
-22.5485 -30.7272 34.4158 -0.615013 0.142617 0.775512
-22.9872 -32.0508 34.3116 -0.614001 0.142723 0.776294
-23.5742 -33.2808 34.1249 -0.595664 0.179424 0.782937
-24.5216 -33.6404 33.4935 -0.591286 0.179467 0.786239
-25.6601 -33.6706 32.6171 -0.623329 0.188572 0.758841
-26.4394 -33.6559 31.9738 -0.607043 0.207858 0.766893
-27.6716 -33.5758 30.9331 -0.65795 0.237185 0.714624
-28.3498 -33.5999 30.3025 -0.667745 0.23052 0.707796
-27.6271 -32.6103 30.6539 -0.647745 0.200882 0.733903
-26.8002 -32.9266 31.5006 -0.622877 0.223981 0.748519
-25.9858 -32.9591 32.1629 -0.627539 0.194999 0.753771
-25.1465 -32.9578 32.8671 -0.614688 0.176614 0.768186
-24.2456 -32.8004 33.5091 -0.590642 0.179509 0.786714
-23.6263 -32.0212 33.8006 -0.61422 0.143198 0.776034
-23.1261 -30.6336 33.9406 -0.614847 0.142786 0.775613
-22.8323 -29.6229 33.9879 -0.611669 0.148426 0.777033
-22.6646 -28.6364 33.9668 -0.602334 0.119569 0.789235
-22.6496 -27.5945 33.8153 -0.605017 0.129131 0.785671
-22.8293 -26.3525 33.4765 -0.61027 0.113305 0.783928
-23.1618 -25.4732 33.1049 -0.61948 0.0916459 0.779637
-23.9513 -24.4938 32.3716 -0.617874 0.080883 0.782106
-24.9542 -25.0711 31.6359 -0.619319 0.0843658 0.780587
-25.2015 -26.0493 31.5529 -0.627646 0.117737 0.769541
-25.4451 -27.1413 31.5198 -0.632464 0.107698 0.767057
-25.6773 -28.2742 31.497 -0.631888 0.115904 0.766344
-26.0627 -29.6665 31.405 -0.63351 0.129797 0.762704
-26.5467 -30.9075 31.2366 -0.656999 0.151276 0.738558
-27.1917 -32.0858 30.9166 -0.646834 0.164639 0.744648
-27.3916 -32.3768 30.8072 -0.647105 0.164395 0.744466
-26.3951 -32.2171 31.6342 -0.632364 0.16345 0.757111
-25.2147 -32.2474 32.6441 -0.637636 0.174146 0.750396
-24.3917 -31.933 33.2008 -0.590933 0.180191 0.786339
-23.827 -30.8859 33.4329 -0.61068 0.143579 0.778752
-23.3236 -29.2112 33.5438 -0.607562 0.11792 0.78547
-23.2149 -28.0597 33.4566 -0.604064 0.125532 0.786976
-23.4021 -26.5485 33.0586 -0.612956 0.121679 0.780663
-24.4149 -25.563 32.1224 -0.620009 0.114758 0.776081
-24.7378 -26.5347 32.0062 -0.62688 0.119871 0.769839
-24.9453 -27.7658 32.024 -0.631008 0.112673 0.767538
-25.2987 -29.0668 31.9337 -0.629939 0.1324 0.765222
-25.7153 -30.2486 31.8029 -0.635601 0.138108 0.759561
-26.1014 -31.3363 31.699 -0.627147 0.152863 0.763754
-25.5363 -31.4489 32.1853 -0.631871 0.163868 0.757425
-24.7293 -31.296 32.8011 -0.60105 0.162106 0.782313
-23.9889 -29.6996 33.0889 -0.617107 0.130268 0.7759
-23.8217 -28.3167 33.0112 -0.623632 0.11568 0.773105
-23.8811 -27.1338 32.7785 -0.612733 0.131474 0.779277
-24.4694 -28.2213 32.4752 -0.623351 0.114276 0.773545
-25.0144 -29.9048 32.3227 -0.610473 0.141916 0.779219
-25.0454 -29.9756 32.3113 -0.622353 0.14072 0.769831
-25.3321 -30.814 32.2258 -0.63051 0.146089 0.762267
-27.3457 -17.381 28.9985 -0.635406 0.056497 0.770109
-28.2592 -17.2625 28.2496 -0.620467 0.0602936 0.781881
-29.1811 -16.9659 27.4881 -0.622839 0.0670294 0.779473
-30.2902 -16.4558 26.5849 -0.610786 0.0546652 0.789862
-31.265 -15.4809 25.7798 -0.604461 0.0485068 0.795156
-31.6477 -14.442 25.4299 -0.604722 0.0337551 0.795629
-31.6089 -12.6412 25.4099 -0.603529 0.0191812 0.797095
-31.3847 -11.6395 25.5554 -0.598361 0.0179704 0.801025
-30.8872 -10.058 25.9005 -0.598928 0.00829504 0.800759
-30.583 -8.98462 26.1164 -0.597758 0.0115732 0.801585
-30.2998 -7.1986 26.2941 -0.599044 0.01614 0.800551
-30.2825 -5.70425 26.2851 -0.611449 0.0117519 0.791197
-30.3701 -4.57851 26.2102 -0.611664 0.00205747 0.791115
-30.4896 -3.47844 26.1199 -0.607449 0.00081348 0.794354
-30.568 -1.86209 26.0531 -0.609328 0.00210817 0.792911
-30.5056 -0.776357 26.1156 -0.604708 -0.0145858 0.796314
-30.2511 0.222526 26.3275 -0.604898 -0.0148567 0.796164
-29.8387 1.26671 26.6588 -0.604788 -0.0093291 0.796325
-29.4184 2.19499 26.9864 -0.605713 -0.00583686 0.795662
-29.0595 3.08644 27.283 -0.613793 -0.0178835 0.789264
-28.735 4.76399 27.5738 -0.613365 -0.0180446 0.789594
-28.8808 5.80088 27.4846 -0.613922 -0.0172056 0.789178
-29.3843 7.19319 27.1323 -0.617261 -0.0258675 0.786333
-29.8897 8.11561 26.7494 -0.625081 -0.0143146 0.780428
-30.7679 9.38 26.1063 -0.615394 -0.0430295 0.787043
-31.4877 10.3304 25.6045 -0.604825 -0.0376476 0.79535
-32.0807 11.2282 25.1809 -0.604785 -0.0230056 0.796056
-32.5241 12.6753 24.8797 -0.606061 -0.0190758 0.795189
-32.3915 13.6725 25.0097 -0.609989 -0.0367241 0.791488
-31.7606 15.1157 25.5614 -0.617782 -0.0320812 0.785693
-31.131 15.7936 26.0907 -0.614278 -0.0435834 0.787885
-30.2421 16.2054 26.8093 -0.619428 -0.046641 0.783667
-29.4176 16.1502 27.4585 -0.622599 -0.0451633 0.781228
-28.5583 15.6781 28.1215 -0.62653 -0.0446738 0.778113
-27.7964 14.8999 28.6837 -0.622995 -0.0498663 0.780634
-27.3906 13.9715 28.9537 -0.6246 -0.0414584 0.779842
-27.1653 12.7214 29.08 -0.625454 -0.031649 0.779619
-27.2901 11.1647 28.9215 -0.622399 -0.0295763 0.782141
-27.5585 10.154 28.6679 -0.622638 -0.031102 0.781892
-27.9315 9.14042 28.3342 -0.616433 -0.0254289 0.786996
-28.2816 8.01039 28.0237 -0.616684 -0.0251976 0.786808
-28.5157 6.81787 27.8014 -0.616743 -0.0257735 0.786742
-28.4408 5.05086 27.811 -0.619954 -0.0196544 0.784392
-28.1827 4.00087 27.9888 -0.621065 -0.0182133 0.783545
-27.7892 2.8715 28.273 -0.620196 -0.0186016 0.784218
-27.2503 1.97532 28.6784 -0.61815 -0.0172287 0.78587
-26.7047 1.1636 29.1054 -0.626677 -0.010829 0.779203
-26.203 0.368127 29.498 -0.624904 -0.0117798 0.780608
-25.8414 -0.592378 29.783 -0.628534 -0.0053785 0.777764
-25.7554 -2.08164 29.8476 -0.629904 0.000721896 0.776672
-25.9778 -3.19788 29.6723 -0.626889 0.0064766 0.779069
-26.3909 -4.67946 29.3569 -0.62241 0.00554746 0.782671
-26.834 -6.2486 29.0184 -0.625535 0.00845935 0.780146
-27.0516 -7.62479 28.8545 -0.626613 0.00618662 0.779306
-27.0923 -8.885 28.8383 -0.623536 0.0119352 0.781703
-26.9947 -10.0609 28.9268 -0.620864 0.00747755 0.783879
-26.9006 -11.6695 29.0482 -0.624545 0.0352993 0.780191
-26.9153 -12.9952 29.0936 -0.630327 0.0343946 0.775554
-27.0336 -14.4608 29.0663 -0.634 0.0402159 0.772279
-27.2168 -16.2544 29.0251 -0.632365 0.0490246 0.773118
-27.3583 -16.5864 28.9303 -0.634033 0.0524466 0.771514
-27.729 -15.8759 28.5822 -0.631107 0.0485715 0.774173
-28.4702 -16.4386 28.0134 -0.631077 0.0486607 0.774192
-29.4773 -16.046 27.1887 -0.611 0.0458593 0.790301
-30.2213 -15.5915 26.5867 -0.611627 0.0470721 0.789744
-30.9383 -14.612 25.9763 -0.610573 0.0396023 0.790949
-31.0896 -13.6095 25.8313 -0.600082 0.0251102 0.799545
-30.9155 -12.3092 25.9235 -0.601018 0.019769 0.798991
-30.5737 -11.0703 26.1499 -0.607929 0.0165778 0.793765
-30.2524 -10.0681 26.3748 -0.606166 0.0152381 0.795104
-29.9703 -9.04478 26.5751 -0.598719 0.0119742 0.800862
-29.779 -7.7604 26.7046 -0.61563 0.00581948 0.788014
-29.6982 -6.57175 26.7512 -0.614852 0.0150206 0.7885
-29.6981 -5.39045 26.732 -0.611656 0.00698899 0.791078
-29.8995 -3.52838 26.5713 -0.614217 0.000519372 0.789129
-29.972 -2.03679 26.5135 -0.611343 0.000894959 0.791365
-29.886 -0.776698 26.5895 -0.610871 -0.00934532 0.791675
-29.5016 0.462177 26.9004 -0.60583 -0.0114894 0.795501
-29.0136 1.67578 27.2904 -0.604964 -0.00941987 0.796189
-28.4347 2.3969 27.7554 -0.617973 -0.0159669 0.786037
-27.4823 1.22631 28.4785 -0.62313 -0.0152462 0.781937
-26.9743 0.455485 28.8769 -0.628198 -0.0119617 0.777962
-26.5294 -0.469596 29.2279 -0.628555 -0.00536514 0.777746
-26.3289 -1.60771 29.3821 -0.629097 -0.00214574 0.777317
-26.5624 -3.06038 29.2041 -0.623694 0.00946056 0.781611
-27.0153 -4.65606 28.8593 -0.623813 0.00575025 0.781552
-27.3069 -5.74084 28.6334 -0.623809 0.00762637 0.781533
-27.5415 -6.81793 28.4568 -0.620475 0.00690032 0.784196
-27.6492 -8.0908 28.3842 -0.620246 0.00957934 0.784348
-27.6497 -9.40855 28.4022 -0.622587 0.00879672 0.782493
-27.5379 -10.6268 28.5046 -0.620535 0.0109019 0.784101
-27.4567 -11.7629 28.6061 -0.626505 0.0287799 0.778877
-27.4676 -12.9258 28.6457 -0.627105 0.032477 0.778257
-27.5848 -14.6527 28.6239 -0.630205 0.0349932 0.775627
-27.6597 -15.3166 28.6037 -0.631604 0.0485286 0.77377
-28.1737 -14.6885 28.1532 -0.625079 0.0367995 0.779689
-28.0386 -13.6712 28.2167 -0.626072 0.0333129 0.779051
-28.0072 -11.8718 28.1674 -0.626938 0.0321521 0.778405
-28.117 -10.4906 28.0516 -0.612329 0.0115373 0.790519
-28.2349 -9.35671 27.9379 -0.619535 0.0149874 0.78481
-28.2327 -8.24056 27.9253 -0.619761 0.00999527 0.784727
-28.1179 -6.60867 27.9988 -0.62213 0.00904902 0.782855
-27.8691 -5.6788 28.1833 -0.624364 0.00911683 0.781075
-27.6597 -4.69897 28.3432 -0.625429 0.00580555 0.780259
-27.3361 -3.69199 28.5945 -0.624343 0.010286 0.781083
-26.9773 -2.12424 28.8601 -0.624846 0.0106419 0.780675
-27.0572 -0.764421 28.7995 -0.628371 -0.0052489 0.777896
-27.4866 0.152555 28.4597 -0.627108 -0.00840965 0.778883
-28.2238 0.972586 27.8901 -0.61769 -0.0174102 0.786229
-28.9309 0.344882 27.3365 -0.608689 -0.00937504 0.793354
-29.2717 -0.780148 27.0635 -0.609572 -0.00910635 0.792676
-29.4019 -2.5505 26.9547 -0.611342 0.000998893 0.791366
-29.2758 -3.95611 27.0595 -0.616697 -0.00101368 0.7872
-29.1284 -5.28834 27.1738 -0.620247 0.00314722 0.784378
-29.1186 -6.39363 27.1998 -0.614878 0.0151377 0.788477
-29.2179 -8.09858 27.1458 -0.615961 0.00599152 0.787754
-29.3641 -9.13087 27.0425 -0.619383 0.0149593 0.78493
-29.8978 -10.889 26.6735 -0.613937 0.0219194 0.78905
-30.2512 -12.1133 26.4187 -0.608201 0.0166323 0.793559
-30.4606 -13.7006 26.3063 -0.606814 0.0289005 0.794274
-30.1505 -14.6484 26.5869 -0.61267 0.0335229 0.789627
-29.2146 -15.3531 27.3518 -0.617806 0.0415605 0.785178
-28.4034 -15.5127 28.0105 -0.625197 0.0391707 0.779483
-28.6811 -14.3412 27.7312 -0.6248 0.0343885 0.780027
-28.553 -13.0784 27.7785 -0.622279 0.0320444 0.782128
-28.5103 -11.8998 27.778 -0.612128 0.0217181 0.79046
-28.7781 -10.5836 27.5407 -0.616058 0.0156403 0.787529
-29.5503 -11.8265 26.9603 -0.616919 0.0154414 0.786866
-29.8376 -12.8197 26.7549 -0.619109 0.0232173 0.784936
-29.7674 -13.9163 26.853 -0.61267 0.0335229 0.789627
-29.2013 -14.3587 27.3155 -0.62197 0.0322773 0.782365
-29.1752 -13.0363 27.2855 -0.619451 0.030022 0.784461
-29.1808 -12.8469 27.2738 -0.619462 0.0234124 0.78465
-28.6048 -4.78689 27.5875 -0.624292 0.00646711 0.781164
-28.0289 -4.11259 28.0429 -0.62507 0.00595671 0.780546
-27.7229 -2.88672 28.2741 -0.621798 0.00747217 0.783126
-27.468 -1.80387 28.4688 -0.619121 0.00287122 0.785289
-27.7927 -0.803333 28.2113 -0.618915 0.00076112 0.785457
-28.568 -0.379539 27.6081 -0.609487 -0.00701711 0.792765
-28.7668 -1.5376 27.4452 -0.614083 -0.00273788 0.789206
-28.8899 -2.62489 27.3555 -0.616209 0.00576528 0.787562
-28.6282 -3.59756 27.5674 -0.616522 0.00232196 0.787327
-28.6964 -4.57163 27.5126 -0.620247 0.00314722 0.784378
-28.9971 7.92945 27.4604 -0.617006 -0.0258129 0.786535
-28.5263 9.29329 27.8737 -0.616145 -0.0258353 0.787209
-28.1288 10.3267 28.2219 -0.616835 -0.0285831 0.786573
-27.7604 11.8789 28.5744 -0.621802 -0.0303825 0.782584
-27.8061 13.2106 28.5899 -0.620393 -0.0295952 0.783732
-28.2581 14.4129 28.2895 -0.616337 -0.0425317 0.786332
-29.0372 15.1493 27.7077 -0.625535 -0.0410317 0.779112
-30.1387 15.4275 26.8443 -0.617103 -0.0455836 0.785551
-30.875 15.0543 26.2495 -0.614254 -0.0470143 0.787699
-31.5009 14.2692 25.7168 -0.603874 -0.0432139 0.795908
-31.8294 13.1729 25.4184 -0.603303 -0.0168751 0.797334
-31.7483 12.0004 25.4551 -0.604768 -0.0178316 0.796199
-31.2977 11.1172 25.7735 -0.610045 -0.0266027 0.79192
-30.6433 10.2016 26.25 -0.615334 -0.0333782 0.787486
-30.0389 9.40701 26.6794 -0.616738 -0.0440452 0.785935
-29.4539 8.63389 27.1177 -0.628324 -0.0295097 0.777392
-29.0113 7.9592 27.4502 -0.621202 -0.0200317 0.783357
-29.3442 9.56448 27.242 -0.62237 -0.0275999 0.782196
-28.7825 10.2813 27.7076 -0.616984 -0.0286477 0.786454
-28.4332 11.2733 28.0166 -0.6202 -0.0277793 0.783945
-28.3019 12.5518 28.1715 -0.621057 -0.0312892 0.783141
-28.7597 14.0025 27.8746 -0.620909 -0.0395482 0.78286
-29.734 14.6229 27.1228 -0.626238 -0.0387717 0.778666
-30.6903 14.2137 26.3399 -0.614532 -0.050634 0.787265
-31.2277 12.7356 25.8645 -0.606323 -0.0140321 0.795081
-30.9731 11.7498 26.0441 -0.60992 -0.0257819 0.792044
-30.0439 10.4027 26.7224 -0.613835 -0.0224705 0.789114
-29.5221 9.78953 27.1069 -0.622655 -0.0370102 0.781557
-29.5731 10.9999 27.1077 -0.619529 -0.0245978 0.784588
-28.8964 11.8327 27.6716 -0.62074 -0.030904 0.783407
-28.9796 13.1806 27.6595 -0.623762 -0.0280733 0.781094
-29.6671 13.8206 27.1361 -0.627071 -0.0391656 0.777977
-30.4318 13.38 26.4975 -0.626856 -0.0316431 0.778456
-30.5304 12.3889 26.3953 -0.608965 -0.0115962 0.793112
-29.8007 11.0589 26.9299 -0.616593 -0.0229495 0.786937
-29.6915 12.1822 27.0557 -0.623293 -0.0271126 0.781502
-29.7075 12.8808 27.0643 -0.626501 -0.0245335 0.779035
-29.7839 12.4768 26.9903 -0.626266 -0.0239654 0.779241
