-51.6209 -23.3857 47.3778 -0.75852 -0.0172205 0.651422
-51.0912 -23.1122 47.9973 -0.755235 -0.00885118 0.655389
-51.5985 -22.8491 47.4182 -0.756613 -0.0144572 0.65369
-52.0211 -22.2194 46.9377 -0.76067 -0.0103748 0.649055
-52.2032 -23.2283 46.7026 -0.759927 -0.0172006 0.649781
-51.6635 -24.3614 47.3023 -0.75969 -0.0148301 0.65011
-50.7343 -23.9222 48.4005 -0.761569 -0.0126726 0.647959
-50.655 -22.6886 48.5067 -0.758092 -0.00844118 0.652066
-51.4185 -21.7774 47.6456 -0.754627 -0.0131653 0.656022
-51.6024 -21.8231 47.4332 -0.757285 -0.0112256 0.652972
-51.8237 -21.0638 47.1815 -0.761232 -0.00585697 0.64845
-52.372 -21.6539 46.5354 -0.758036 -0.00690278 0.652163
-52.6767 -22.5363 46.1663 -0.758767 -0.0141376 0.651199
-52.6281 -23.8416 46.189 -0.759954 -0.0171199 0.649752
-52.219 -24.7318 46.6443 -0.760273 -0.0148967 0.64943
-51.5133 -25.2066 47.4625 -0.760743 -0.0125849 0.648931
-50.8359 -25.1249 48.2579 -0.76148 -0.0120497 0.648075
-50.1955 -23.9377 49.0349 -0.762088 -0.00930899 0.647399
-50.1122 -22.9116 49.1418 -0.759993 -0.00444535 0.649916
-50.3536 -21.9211 48.8694 -0.758364 -0.0137265 0.651679
-50.9145 -21.1827 48.2373 -0.755886 -0.0136577 0.654557
-51.3476 -20.9611 47.7431 -0.758484 -0.0097698 0.65159
-51.433 -20.1898 47.6549 -0.759063 -0.0101178 0.650921
-50.779 -20.4378 48.4112 -0.757481 -0.0105398 0.652757
-50.1692 -21.0997 49.1021 -0.756625 -0.0151093 0.653675
-49.7375 -22.1059 49.5869 -0.760129 -0.0121344 0.649659
-49.6158 -23.136 49.7205 -0.759883 -0.00477071 0.650042
-49.8091 -24.4451 49.4757 -0.758351 -0.0164459 0.651639
-50.2318 -25.3852 48.9598 -0.758926 -0.0166573 0.650963
-50.8185 -25.9451 48.2622 -0.759814 -0.0139416 0.649988
-51.4967 -26.0274 47.4654 -0.760847 -0.0131419 0.648798
-52.1427 -25.7159 46.7139 -0.760851 -0.01329 0.64879
-52.7243 -25.033 46.0458 -0.760299 -0.0150868 0.649395
-53.1048 -24.0546 45.6262 -0.760994 -0.0164891 0.648546
-53.2148 -22.9591 45.5232 -0.762664 -0.015175 0.646616
-53.0087 -21.7639 45.7972 -0.759378 -0.0157563 0.650437
-52.61 -20.9155 46.2711 -0.755733 -0.00918637 0.654815
-51.8402 -20.2742 47.1748 -0.761037 -0.0134958 0.648568
-51.8835 -19.4792 47.1405 -0.75894 -0.00962683 0.651075
-50.9869 -19.491 48.1788 -0.756789 -0.0065923 0.653626
-50.0501 -20.2331 49.26 -0.75721 -0.0105683 0.653069
-49.4306 -21.3036 49.9609 -0.760131 -0.0121824 0.649656
-49.1862 -22.3159 50.228 -0.759891 -0.00828339 0.649987
-49.1868 -23.8613 50.2111 -0.757154 -0.00753563 0.653193
-49.4153 -24.9532 49.9208 -0.758011 -0.0164495 0.652034
-49.8803 -25.8996 49.3559 -0.758415 -0.0153681 0.65159
-50.6197 -26.6581 48.4781 -0.759173 -0.0148587 0.650719
-51.3117 -26.8132 47.665 -0.760438 -0.0151326 0.649234
-52.1834 -26.5332 46.6493 -0.760945 -0.0132831 0.64868
-52.7517 -26.029 45.9932 -0.763734 -0.0181506 0.645276
-53.2281 -25.2857 45.4501 -0.760299 -0.0150868 0.649395
-53.6462 -23.9279 44.9917 -0.762131 -0.0161892 0.64722
-53.6913 -22.594 44.9699 -0.762585 -0.0148958 0.646716
-53.453 -21.3937 45.2833 -0.762865 -0.0180863 0.646304
-53.0911 -20.5611 45.7253 -0.75276 -0.0135307 0.658156
-52.4726 -19.8274 46.4487 -0.752738 -0.0144772 0.658161
-52.2577 -19.6562 46.6983 -0.756764 -0.0137513 0.653515
-52.3017 -18.8514 46.6645 -0.754188 -0.0116388 0.656556
-51.5097 -18.6625 47.5825 -0.756411 -0.0101097 0.654018
-50.7918 -18.7567 48.4122 -0.757325 -0.00635718 0.653007
-50.1349 -19.1972 49.1716 -0.758529 -0.00699336 0.651601
-49.5354 -19.905 49.8585 -0.753606 -0.00717237 0.657288
-49.0846 -20.6837 50.3667 -0.753918 -0.00823831 0.656917
-48.7936 -21.6752 50.6882 -0.754487 -0.00752522 0.656271
-48.6452 -22.8684 50.8473 -0.754883 -0.00579496 0.655834
-48.7048 -24.0077 50.7676 -0.755909 -0.00737261 0.654633
-48.8919 -25.0017 50.5271 -0.756143 -0.0159995 0.654209
-49.2266 -25.8861 50.1171 -0.758283 -0.012974 0.651789
-49.7871 -26.7919 49.445 -0.759641 -0.0130252 0.650209
-50.4506 -27.3674 48.6588 -0.75962 -0.0154861 0.650183
-51.0848 -27.6075 47.9122 -0.760025 -0.0153241 0.649712
-52.2634 -27.3055 46.5342 -0.763382 -0.0194968 0.645653
-52.8769 -26.8441 45.822 -0.763737 -0.018133 0.645272
-53.3828 -26.1763 45.2421 -0.760988 -0.0193269 0.648464
-53.8024 -25.3036 44.779 -0.759296 -0.0120725 0.650633
-54.1535 -23.9445 44.3941 -0.7606 -0.0137907 0.649065
-54.1998 -22.8702 44.3657 -0.755793 -0.0153526 0.654631
-53.9653 -21.2989 44.6833 -0.760396 -0.0211344 0.649116
-53.4777 -19.9906 45.2963 -0.756477 -0.0175204 0.653749
-52.9211 -19.3416 45.9462 -0.751536 -0.0134668 0.659553
-52.7585 -19.2135 46.1336 -0.752451 -0.0123206 0.658528
-53.0837 -18.6126 45.7759 -0.751884 -0.0125261 0.659172
-52.516 -18.1121 46.4313 -0.753883 -0.011531 0.656906
-51.8573 -17.8267 47.1934 -0.755357 -0.0107121 0.655224
-51.1048 -17.9567 48.0614 -0.756566 -0.0106331 0.65383
-50.2035 -18.1999 49.1031 -0.757644 -0.010431 0.652584
-49.5728 -18.7674 49.8283 -0.753696 -0.00732094 0.657182
-49.0975 -19.5142 50.3648 -0.753461 -0.00688027 0.657457
-48.507 -20.651 51.0296 -0.753592 -0.00750488 0.6573
-48.2493 -21.9588 51.3116 -0.754823 -0.00656232 0.655896
-48.153 -23.3818 51.4092 -0.753563 -0.00799673 0.657321
-48.3818 -25.0573 51.1153 -0.754323 -0.0138254 0.656352
-48.7016 -26.1656 50.7241 -0.758823 -0.00833589 0.651242
-49.227 -27.0334 50.0969 -0.76113 -0.0127925 0.648472
-49.7869 -27.7315 49.426 -0.760925 -0.0131598 0.648706
-50.4395 -28.2648 48.6546 -0.761661 -0.00458661 0.647959
-51.1133 -28.4488 47.8619 -0.764434 -0.00858508 0.644615
-51.9375 -28.2485 46.8916 -0.76342 -0.0184791 0.645638
-52.5913 -27.8943 46.1287 -0.763538 -0.0195174 0.645467
-53.5048 -27.1531 45.0702 -0.763674 -0.0187814 0.645329
-53.9379 -26.3401 44.5897 -0.758718 -0.0213858 0.651068
-54.3277 -25.3279 44.165 -0.757865 -0.0135226 0.652265
-54.6037 -24.194 43.8696 -0.755759 -0.012973 0.654721
-54.7025 -22.4272 43.7956 -0.756584 -0.0147704 0.653729
-54.4806 -21.2401 44.0822 -0.757233 -0.017256 0.652916
-54.1856 -19.8744 44.4684 -0.76124 -0.0184751 0.648207
-53.9914 -19.4719 44.7084 -0.761707 -0.0197287 0.647621
-53.692 -19.1634 45.0705 -0.756648 -0.0176791 0.653528
