-27.4221 -44.8547 77.4571 -0.709466 0.0298916 0.7041
-27.3733 -43.5109 77.4528 -0.710379 0.0275653 0.703278
-27.2467 -42.4422 77.5477 -0.712825 0.0182573 0.701104
-26.8115 -43.0118 78.007 -0.714897 0.0181541 0.698994
-26.8377 -44.3551 78.028 -0.710631 0.0273401 0.703034
-27.2625 -45.7985 77.657 -0.709643 0.0290749 0.703956
-27.4032 -45.1429 77.4892 -0.708049 0.030519 0.705502
-27.9441 -45.2336 76.9499 -0.704041 0.0286131 0.709547
-27.9617 -44.0778 76.8901 -0.698626 0.027761 0.714948
-27.9235 -43.0785 76.8896 -0.695797 0.0219325 0.717876
-27.8261 -41.9813 76.9526 -0.691844 0.0219356 0.721713
-27.4065 -41.2053 77.3567 -0.71351 0.016079 0.70046
-26.5128 -41.4791 78.2733 -0.719517 0.0149544 0.694259
-26.2814 -42.5483 78.5427 -0.72588 0.0192004 0.68755
-26.2995 -43.5484 78.5512 -0.728363 0.0223479 0.684813
-26.3114 -44.7918 78.5943 -0.731096 0.0332653 0.681462
-26.3811 -45.8053 78.5777 -0.737719 0.04507 0.673597
-26.8575 -46.7021 78.1168 -0.721536 0.0171853 0.69211
-27.7928 -46.4039 77.1475 -0.708272 0.0254576 0.70548
-27.9346 -45.3786 76.966 -0.708049 0.030519 0.705502
-28.4824 -45.2188 76.4213 -0.700206 0.0248185 0.713509
-28.4838 -43.6234 76.3631 -0.695821 0.0220495 0.717849
-28.4539 -42.5968 76.3679 -0.693609 0.0173842 0.720142
-28.3853 -41.545 76.403 -0.691987 0.0220545 0.721573
-27.9466 -40.481 76.7939 -0.704441 0.0134159 0.709581
-26.6296 -40.3513 78.1279 -0.719491 0.0151046 0.694281
-25.8824 -41.0116 78.9287 -0.725626 0.0135399 0.687956
-25.7453 -42.083 79.0962 -0.72697 0.0171229 0.68645
-25.7831 -43.1724 79.089 -0.727055 0.019561 0.686298
-25.7886 -44.7702 79.1517 -0.732379 0.0410838 0.679595
-25.8587 -45.8214 79.1491 -0.736802 0.0476481 0.674427
-26.0869 -47.1874 78.9558 -0.74086 0.0131526 0.671442
-26.7726 -47.6704 78.2177 -0.728338 0.00447117 0.685163
-27.7489 -47.5895 77.2046 -0.708954 0.0124718 0.70499
-28.3696 -46.9432 76.5976 -0.69562 0.0179565 0.71806
-28.4759 -45.8687 76.4503 -0.700864 0.0261657 0.712813
-29.0239 -45.9957 75.9206 -0.696003 0.0226863 0.717672
-28.9691 -47.1101 76.0143 -0.701331 0.0287993 0.712254
-28.5555 -48.2361 76.4403 -0.688851 0.0164917 0.724707
-27.5949 -48.4559 77.3715 -0.70372 0.00180465 0.710448
-26.7863 -48.4781 78.2074 -0.727436 -0.000111666 0.686155
-26.0441 -48.3904 79.01 -0.733467 -0.00171244 0.679711
-25.4989 -47.7544 79.5991 -0.744181 0.0025507 0.667861
-25.379 -46.602 79.7309 -0.744627 0.0295195 0.666232
-25.3098 -45.4712 79.7218 -0.733058 0.0476313 0.678497
-25.2643 -44.3664 79.6936 -0.734954 0.0411649 0.676832
-25.2184 -42.6953 79.6734 -0.729509 0.0239714 0.683536
-25.2103 -41.6103 79.6511 -0.72697 0.0171229 0.68645
-25.4647 -39.9377 79.351 -0.726681 0.0107432 0.686891
-26.5005 -39.5116 78.249 -0.726882 0.0120187 0.686655
-27.4675 -39.5084 77.2584 -0.7107 0.0143802 0.703346
-28.6084 -39.8086 76.1314 -0.69921 0.0179692 0.71469
-28.9315 -41.1666 75.8595 -0.695203 0.0276607 0.71828
-29.0115 -42.9276 75.8402 -0.688832 0.0183256 0.724689
-29.0261 -44.1885 75.8565 -0.690761 0.0206106 0.722774
-29.031 -45.2721 75.8877 -0.694238 0.0244034 0.719328
-29.6367 -44.9002 75.2932 -0.690442 0.0199159 0.723102
-29.6218 -43.768 75.2808 -0.688474 0.0169667 0.725062
-29.6042 -42.6469 75.2699 -0.690121 0.0220022 0.723343
-29.5587 -41.5742 75.2726 -0.690921 0.0268817 0.722429
-29.5438 -40.3295 75.2398 -0.688977 0.0246874 0.724362
-28.9643 -38.8968 75.756 -0.699103 0.021569 0.714692
-28.0315 -38.6342 76.6648 -0.703818 0.0236608 0.709965
-27.2143 -38.6092 77.4875 -0.717061 0.0180109 0.696714
-26.4843 -38.6054 78.2482 -0.72418 0.0126317 0.689482
-25.7119 -38.6556 79.0689 -0.729301 0.0117266 0.684087
-24.8347 -39.4255 80.0312 -0.73013 0.0239065 0.682889
-24.7104 -40.5467 80.1766 -0.742018 0.00623769 0.670341
-24.6263 -41.7321 80.2883 -0.742277 0.00997674 0.670018
-24.6475 -43.2625 80.3105 -0.735189 0.0302496 0.677168
-24.6989 -44.3937 80.3121 -0.737078 0.0343877 0.674932
-24.7158 -45.461 80.3628 -0.735081 0.0516656 0.675986
-24.7818 -46.6308 80.3875 -0.737356 0.055819 0.673194
-24.8386 -47.8012 80.3536 -0.747154 -0.012321 0.664278
-25.0276 -48.8785 80.1031 -0.736361 -0.019141 0.676255
-25.6742 -49.2554 79.3971 -0.722688 -0.0297603 0.69044
-26.3986 -49.3309 78.6233 -0.728857 -0.00526401 0.684632
-27.1058 -49.372 77.8696 -0.730422 0.00188112 0.682993
-28.0242 -49.3774 76.9661 -0.670826 0.0150262 0.741257
-28.7783 -49.2901 76.2506 -0.703456 0.00503729 0.710721
-29.6593 -48.5375 75.37 -0.705702 0.00911368 0.708449
-29.6743 -47.0436 75.3171 -0.698384 0.0231882 0.715312
-29.6557 -45.9815 75.3072 -0.694291 0.0185463 0.719454
-29.6532 -45.7023 75.3028 -0.693063 0.0202217 0.720588
