-55.051 23.7769 48.4893 -0.778474 0.00971268 0.627601
-54.8044 24.7018 48.7811 -0.778958 0.00908189 0.627011
-54.194 23.2131 49.5503 -0.774818 0.00328132 0.632175
-54.2418 23.0576 49.4923 -0.775659 0.00322125 0.631144
-54.9654 23.4028 48.6014 -0.777066 0.00647087 0.629373
-55.3354 23.0127 48.1484 -0.777728 0.00973632 0.628524
-54.7344 21.7473 48.8893 -0.776908 -0.00039449 0.629614
-54.377 20.7955 49.3364 -0.778246 0.00399834 0.627946
-53.5847 20.4845 50.3176 -0.775219 0.000666304 0.631677
-53.8669 19.4548 49.9668 -0.770987 -0.00208718 0.636825
-53.6581 18.1572 50.2176 -0.768167 -0.00174936 0.640245
-53.4177 16.5262 50.5114 -0.773014 0.00258081 0.634383
-53.3012 15.4678 50.6497 -0.773313 -0.00302437 0.634017
-53.041 13.8017 50.9458 -0.768997 -0.00668479 0.639217
-52.8169 12.6369 51.2001 -0.767593 -0.00687713 0.6409
-52.6092 11.4156 51.4288 -0.763955 -0.00580217 0.645225
-52.5258 11.3533 51.5276 -0.768658 -0.0072863 0.639618
-52.4859 12.4254 51.593 -0.767471 -0.0113189 0.640983
-51.9878 13.6101 52.2076 -0.767172 -0.00844815 0.641386
-51.7692 15.2729 52.4859 -0.767478 -0.00408953 0.641062
-51.9654 16.4606 52.264 -0.766648 -0.0108837 0.641976
-52.4282 17.32 51.7205 -0.775488 0.000965281 0.631361
-52.8492 18.0911 51.2022 -0.775552 -0.00122499 0.631279
-53.4136 19.0497 50.5173 -0.773586 -0.00535494 0.633669
-53.4768 20.5481 50.4495 -0.773456 -0.00298976 0.633843
-53.6634 21.5898 50.2133 -0.776181 0.00550949 0.630483
-53.7386 23.5134 50.1055 -0.774023 0.0033381 0.633149
-54.0194 24.8514 49.753 -0.77549 0.00743649 0.631299
-54.4812 25.5918 49.1697 -0.778536 0.00947762 0.627528
-55.1538 25.507 48.3353 -0.778605 0.00878011 0.627453
-55.531 24.6345 47.8809 -0.777225 0.0105778 0.629134
-55.55 23.7442 47.8721 -0.777105 0.0100584 0.629291
-56.0747 23.6621 47.2254 -0.778112 0.0080156 0.628068
-56.0916 24.7658 47.186 -0.777304 0.0107434 0.629034
-55.4432 26.355 47.9644 -0.778818 0.0122848 0.62712
-54.8196 26.6902 48.7307 -0.778964 0.0154475 0.626878
-54.1104 26.3355 49.6173 -0.77804 0.0098216 0.628138
-53.5669 25.4977 50.2991 -0.773183 0.00501685 0.634164
-53.3275 24.3395 50.6002 -0.773022 0.00509736 0.634358
-53.2208 23.126 50.7403 -0.773433 0.00435382 0.633862
-53.1564 22.1115 50.8301 -0.775419 0.00737443 0.631404
-53.029 21.1191 50.9983 -0.776051 0.00584565 0.630641
-52.7945 20.0757 51.2804 -0.774827 -0.00374728 0.632162
-52.4825 18.883 51.6568 -0.775526 -0.00293843 0.631308
-52.0813 18.0057 52.1453 -0.775515 -0.00108837 0.631325
-51.5491 17.0412 52.7701 -0.765378 -0.0105629 0.643495
-51.1768 15.474 53.1965 -0.767434 -0.0038267 0.641117
-51.2908 14.3041 53.051 -0.767306 -0.00861837 0.641224
-51.5352 13.0588 52.7416 -0.76726 -0.0085979 0.641278
-51.8456 11.8184 52.3506 -0.769631 -0.00727238 0.638447
-51.9877 10.7973 52.1679 -0.768869 -0.00691049 0.639369
-52.0226 9.76085 52.1155 -0.768818 -0.00590065 0.63944
-51.9557 8.66645 52.1849 -0.769309 -0.00648473 0.638844
-51.7937 7.32231 52.3656 -0.769997 -0.00722183 0.638006
-51.627 6.32109 52.5559 -0.766473 -0.00864498 0.642188
-51.4668 5.22461 52.7262 -0.762575 -0.0107781 0.646811
-51.6615 3.44232 52.4672 -0.763435 -0.010009 0.645807
-52.1441 2.08628 51.8801 -0.765507 -0.00739203 0.643379
-52.6198 1.36777 51.3021 -0.767443 -0.0077161 0.64107
-53.1574 2.38848 50.6705 -0.767235 -0.0083057 0.641312
-53.7638 3.80924 49.9668 -0.766435 -0.00918785 0.642257
-53.9864 4.85782 49.7131 -0.766993 -0.0071723 0.641615
-53.8295 6.58589 49.9212 -0.764505 -0.0100901 0.644539
-53.3741 8.10903 50.4843 -0.764856 -0.00817018 0.644148
-53.1574 9.17153 50.7543 -0.76562 -0.0115953 0.643188
-53.1122 10.5876 50.8312 -0.763208 -0.00848875 0.646088
-53.2021 11.7827 50.7301 -0.763955 -0.00580217 0.645225
-53.3567 12.7584 50.5548 -0.767593 -0.00687713 0.6409
-53.6328 14.1396 50.2372 -0.768973 -0.00651132 0.639248
-53.8272 15.562 50.0085 -0.773313 -0.00302437 0.634017
-53.9687 16.8934 49.8384 -0.770657 -0.000298759 0.637233
-54.1421 17.9733 49.6359 -0.768308 -0.00331788 0.640072
-54.3329 18.9948 49.4084 -0.768156 0.00026506 0.640262
-54.7332 20.2581 48.9008 -0.776491 0.00883881 0.630066
-55.1103 21.1555 48.4255 -0.77749 0.00192762 0.628888
-55.5995 22.2221 47.8233 -0.775907 -0.000320786 0.630848
-56.001 23.2843 47.3204 -0.779007 0.00550293 0.626991
-56.5144 23.0886 46.6839 -0.779656 0.0054791 0.626184
-56.1727 22.0952 47.1171 -0.777894 0.00249401 0.628382
-55.5277 20.6729 47.916 -0.775146 0.00753416 0.631732
-55.0698 19.5887 48.4952 -0.776585 0.0082037 0.629959
-54.7147 18.183 48.9496 -0.778584 0.00486185 0.627505
-54.5218 17.2005 49.1736 -0.773087 -0.00605198 0.634271
-54.39 16.1298 49.3253 -0.772664 -0.00291236 0.634808
-54.3041 14.9322 49.4249 -0.772846 -0.00265507 0.634588
-54.1236 13.847 49.6438 -0.768983 -0.00647572 0.639236
-53.8078 12.3597 50.0116 -0.767785 -0.00438672 0.64069
-53.6916 11.3585 50.1468 -0.765912 -0.00136043 0.642943
-53.6602 10.2433 50.1735 -0.770353 -0.0080537 0.637567
-53.8709 8.64616 49.8994 -0.765261 -0.00630812 0.643689
-54.1348 7.54468 49.5722 -0.766741 -0.00809895 0.641904
-54.421 6.47739 49.2148 -0.766475 -0.00954034 0.642203
-54.5571 5.4661 49.0373 -0.766835 -0.00831629 0.641789
-54.3526 3.70376 49.2624 -0.767064 -0.00717801 0.641531
-54.0374 2.79823 49.6241 -0.768695 -0.0126216 0.63949
-53.6273 1.97262 50.1008 -0.769215 -0.0100863 0.638905
-53.1405 1.14105 50.6757 -0.768108 -0.00810282 0.640268
-52.7054 0.240412 51.1815 -0.765804 -0.0123219 0.642948
-52.3804 -0.903515 51.5448 -0.761271 -0.0115721 0.648328
-52.5051 -2.05431 51.3753 -0.76077 -0.0131245 0.648889
-52.7768 -3.2719 51.0312 -0.761374 -0.0132717 0.648177
-53.1227 -4.28388 50.6048 -0.762388 -0.0147633 0.646947
-53.5356 -5.57446 50.0828 -0.764399 -0.0119286 0.644612
-53.6206 -7.09267 49.9681 -0.764525 -0.00562721 0.64457
-53.4984 -8.15234 50.1004 -0.764878 -0.0113197 0.644069
-53.044 -9.1032 50.6262 -0.765331 -0.00912782 0.64356
-52.4477 -9.75569 51.3197 -0.762545 -0.00963335 0.646864
-51.7761 -9.99575 52.1138 -0.764437 -0.0065868 0.644664
-50.9589 -9.81672 53.0856 -0.765166 -0.00835884 0.643779
-50.1899 -9.0834 54.0088 -0.76495 -0.00851699 0.644033
-49.8569 -8.20617 54.4157 -0.764793 -0.0082836 0.644223
-49.7146 -7.20958 54.5966 -0.76459 -0.00737262 0.644474
-49.7708 -6.19931 54.5408 -0.763842 -0.00976202 0.645323
-50.2694 -4.57872 53.9797 -0.764271 -0.011904 0.644784
-50.7381 -3.85058 53.4364 -0.766159 -0.010787 0.642557
-51.2345 -3.09381 52.8547 -0.763376 -0.00940467 0.645886
-51.7281 -2.22547 52.2852 -0.762231 -0.012756 0.647179
-51.9502 -0.964871 52.0489 -0.763134 -0.0149596 0.646061
-51.9281 0.257958 52.1031 -0.765275 -0.0131427 0.643569
-51.7861 1.32182 52.2938 -0.763861 -0.0110994 0.645279
-51.4665 2.29417 52.6838 -0.763044 -0.00778673 0.6463
-51.0482 3.48762 53.1925 -0.763504 -0.00841933 0.645748
-50.8916 4.54146 53.3933 -0.762619 -0.0104522 0.646763
-51.0324 6.21069 53.2551 -0.762527 -0.0110058 0.646863
-51.2169 7.25033 53.0545 -0.762599 -0.0103101 0.646789
-51.4316 8.9504 52.8189 -0.768254 -0.00702215 0.640104
-51.4648 10.1911 52.7912 -0.76924 -0.00639186 0.638928
-51.3591 11.2641 52.9308 -0.769713 -0.00740157 0.638347
-51.1409 12.2219 53.2048 -0.768515 -0.00540045 0.639804
-50.8837 13.3478 53.5252 -0.767157 -0.00885865 0.641398
-50.6509 14.6244 53.8209 -0.767427 -0.00632845 0.641101
-50.5832 15.7631 53.9084 -0.767299 -0.00363189 0.64128
-50.9452 17.1808 53.4907 -0.765531 -0.0110552 0.643303
-51.4908 18.2698 52.8602 -0.766635 -0.0074711 0.642028
-51.9593 19.2797 52.3002 -0.774979 -0.00297533 0.63198
-52.3607 20.6237 51.8151 -0.773564 0.000796664 0.633699
-52.5657 21.6738 51.5565 -0.773252 0.00799496 0.634049
-52.6784 22.6632 51.4068 -0.77357 0.00649386 0.633676
-52.7675 24.2702 51.2844 -0.77407 0.00525719 0.633078
-52.9259 25.4822 51.0836 -0.776051 0.00313502 0.630662
-53.2761 26.4034 50.6482 -0.775931 0.00355656 0.630808
-53.8085 27.0992 49.9746 -0.777938 0.0143767 0.628177
-54.3972 27.5268 49.2353 -0.779103 0.0156168 0.626701
-55.1477 27.571 48.3011 -0.779072 0.0156437 0.62674
-55.9304 26.8075 47.3475 -0.779678 0.0165115 0.625961
-56.5539 25.329 46.6022 -0.779777 0.0112326 0.625956
-56.6697 24.3204 46.4759 -0.780234 0.00999141 0.625407
-56.6457 23.6819 46.5151 -0.780153 0.00729251 0.625544
-57.1983 23.8611 45.8217 -0.780947 0.00876539 0.624535
-57.1812 24.8951 45.8286 -0.780309 0.0100067 0.625312
-56.8009 26.4674 46.2631 -0.782689 0.0195649 0.622106
-55.9897 27.924 47.2434 -0.780257 0.016691 0.625236
-55.285 28.45 48.1094 -0.779472 0.014254 0.626274
-54.621 28.5212 48.9329 -0.778971 0.0140018 0.626904
-53.9445 28.2302 49.7799 -0.780287 0.0126474 0.62528
-53.0584 27.3391 50.9093 -0.782773 0.0105533 0.622218
-52.5139 26.2722 51.5866 -0.77608 0.00288574 0.630628
-52.3145 25.2156 51.8358 -0.775183 0.00172411 0.631735
-52.225 24.1867 51.9492 -0.775053 0.0038046 0.631882
-52.1787 22.9111 52.0156 -0.774058 0.00520321 0.633093
-51.921 21.2041 52.3445 -0.772145 0.00544052 0.635423
-51.547 19.8758 52.8016 -0.767993 -0.00336108 0.640449
-50.9658 18.692 53.4916 -0.76659 -0.00682027 0.64209
-50.5156 17.8132 54.014 -0.767232 -0.0114016 0.641268
-50.0522 16.3023 54.5401 -0.765324 -0.00818619 0.643574
-49.9841 15.0957 54.6153 -0.76562 0.00010366 0.643293
-50.2302 13.5514 54.3096 -0.766883 -0.00844503 0.641732
-50.4557 12.6129 54.027 -0.767116 -0.00612844 0.641473
-50.762 11.3342 53.6516 -0.768589 -0.00647627 0.639707
-50.9155 9.86116 53.4421 -0.766411 -0.0101657 0.642257
-50.86 8.75073 53.4972 -0.76533 -0.00623601 0.643608
-50.7029 7.57358 53.6657 -0.762557 -0.010347 0.646838
-50.4958 6.42573 53.891 -0.762447 -0.0106904 0.646962
-50.3338 4.98472 54.0593 -0.763758 -0.010352 0.64542
-50.3964 3.75652 53.9668 -0.763608 -0.00888258 0.645619
-50.6737 2.80913 53.6266 -0.763765 -0.00816922 0.645442
-51.0105 1.92199 53.2173 -0.763275 -0.00799218 0.646024
-51.3209 0.844452 52.8365 -0.764348 -0.0106353 0.64471
-51.4417 -0.164746 52.6729 -0.765181 -0.0142381 0.643656
-51.3964 -1.20001 52.7001 -0.765178 -0.0170624 0.643592
-51.0594 -2.13822 53.0776 -0.767922 -0.0118755 0.640427
-50.3375 -3.2897 53.9234 -0.765953 -0.0108517 0.642801
-49.81 -4.17316 54.5325 -0.762628 -0.0118863 0.646722
-49.3963 -5.26358 55.0009 -0.761593 -0.00990394 0.647979
-49.169 -6.68091 55.2493 -0.763146 -0.00737033 0.64618
-49.2084 -7.72993 55.1898 -0.761625 -0.00824982 0.647965
-49.4174 -8.78665 54.9294 -0.761978 -0.0089657 0.64754
-49.7522 -9.71142 54.5203 -0.764943 -0.00846603 0.644042
-50.5461 -10.4721 53.5655 -0.764813 -0.0111553 0.644156
-51.4367 -10.8686 52.5081 -0.763252 -0.00733116 0.646056
-52.2054 -10.78 51.5972 -0.764468 -0.00613122 0.644633
-52.9284 -10.3206 50.744 -0.763623 -0.00807856 0.645608
-53.5931 -9.42863 49.9627 -0.768211 -0.00981832 0.640122
-54.0379 -8.42402 49.4501 -0.767024 -0.014466 0.641455
-54.1772 -6.76033 49.309 -0.766676 -0.00538604 0.642011
-54.0799 -5.30476 49.4429 -0.76537 -0.0145594 0.643423
-53.5342 -3.75796 50.1316 -0.766273 -0.014487 0.642351
-53.1466 -2.56938 50.6121 -0.760987 -0.0137719 0.648621
-53.0199 -1.48853 50.7833 -0.761505 -0.011242 0.648058
-53.2609 0.0300684 50.5151 -0.766216 -0.00778955 0.642531
-53.6938 0.916043 50.0079 -0.768608 -0.00837529 0.639665
-54.1733 1.69672 49.4391 -0.769239 -0.0101457 0.638876
-54.6171 2.62749 48.9248 -0.766174 -0.0135942 0.642489
-54.9337 3.62088 48.5652 -0.76771 -0.00805782 0.640747
-55.0981 4.69109 48.3818 -0.767439 -0.00758044 0.641076
-55.0948 5.84208 48.4011 -0.766495 -0.00952047 0.64218
-54.8379 7.08463 48.7262 -0.767149 -0.00771063 0.64142
-54.547 8.11455 49.0852 -0.768117 -0.00598923 0.64028
-54.2921 9.2332 49.402 -0.769277 -0.00295058 0.63889
-54.1805 10.4431 49.5473 -0.770353 -0.0080537 0.637567
-54.2399 11.8973 49.4901 -0.769161 -0.00273277 0.639049
-54.5161 13.157 49.1642 -0.769082 -0.00478646 0.63913
-54.7579 14.1519 48.8743 -0.772285 0.000978341 0.635276
-54.8639 15.3554 48.745 -0.77282 -0.00256397 0.63462
-54.9265 16.4825 48.6742 -0.773021 -0.00333148 0.634372
-55.0698 17.4817 48.5073 -0.773566 -0.00670409 0.633679
-55.3444 18.5461 48.1646 -0.778419 0.00283332 0.627737
-55.8706 20.0298 47.5031 -0.775916 0.00838947 0.630781
-56.3239 20.9691 46.9384 -0.774636 0.00567911 0.632382
-56.8964 22.377 46.2149 -0.777624 0.010541 0.628641
-57.1457 23.2438 45.896 -0.780479 0.0069526 0.62514
-57.7087 23.5057 45.1848 -0.783551 0.00898561 0.621262
-57.4241 22.1925 45.5649 -0.780761 0.0104874 0.624722
-57.0399 21.1818 46.0555 -0.776487 0.00546689 0.630109
-56.4704 19.9819 46.7665 -0.775587 0.0049023 0.631222
-56.1338 19.1108 47.1916 -0.775528 0.007836 0.631264
-55.8757 18.146 47.5169 -0.773117 0.00682384 0.634226
-55.5021 17.0516 47.9755 -0.774331 -0.00408506 0.632764
-55.4769 15.9757 47.9992 -0.775256 -0.00361671 0.631636
-55.3452 14.4013 48.1561 -0.774442 0.00026083 0.632645
-55.1659 12.9991 48.3765 -0.773724 -0.00181887 0.633515
-54.7872 11.6485 48.8288 -0.772187 -0.0078225 0.635338
-54.7249 10.6171 48.8872 -0.773391 -0.00861667 0.633869
-54.9469 8.65688 48.6098 -0.76997 -0.00287356 0.63806
-55.2187 7.75629 48.2753 -0.770631 -0.00476544 0.637264
-55.5895 6.41282 47.8142 -0.770165 -0.00783335 0.637794
-55.6649 4.71316 47.7006 -0.76937 -0.00780173 0.638755
-55.4977 3.38745 47.8865 -0.768654 -0.00780499 0.639615
-55.1196 2.24253 48.3176 -0.766195 -0.0135132 0.642466
-54.7492 1.39369 48.7414 -0.765823 -0.00985686 0.64297
-54.2441 0.676174 49.3414 -0.769824 -0.00774939 0.63821
-53.8323 -0.126957 49.8279 -0.768769 -0.00776388 0.639479
-53.6341 -1.08186 50.0554 -0.768449 -0.00754095 0.639867
-53.6209 -2.08943 50.0599 -0.766956 -0.00972457 0.641618
-53.8725 -3.10933 49.7409 -0.765796 -0.0121216 0.64297
-54.3148 -3.86489 49.1974 -0.766701 -0.0134401 0.641863
-54.7054 -5.11035 48.7037 -0.765228 -0.0136918 0.643613
-54.7631 -6.12814 48.6159 -0.765259 -0.00870826 0.643657
-54.7269 -7.12687 48.6467 -0.77068 -0.0142381 0.637063
-54.6083 -8.28017 48.7647 -0.770624 -0.0136204 0.637145
-54.4044 -9.53445 48.9848 -0.769659 -0.0143125 0.638293
-53.4615 -10.76 50.0939 -0.769788 -0.0150991 0.63812
-52.9033 -11.3013 50.7557 -0.769591 -0.014229 0.638377
-51.8981 -11.7188 51.9513 -0.767374 -0.0132122 0.641056
-51.1437 -11.6878 52.842 -0.762139 -0.0087312 0.647354
-49.9734 -10.9697 54.237 -0.764708 -0.0112003 0.644279
-49.3557 -10.3334 54.9804 -0.76352 -0.00980483 0.645707
-48.7744 -8.54228 55.6894 -0.761978 -0.0089657 0.64754
-48.5357 -7.44508 55.9846 -0.762367 -0.00824702 0.647092
-48.7015 -5.71471 55.8118 -0.762333 -0.00923497 0.647119
-48.9398 -4.64355 55.5469 -0.761755 -0.00960099 0.647793
-49.5765 -3.28394 54.8212 -0.761011 -0.0107495 0.64865
-50.1719 -2.41723 54.138 -0.764779 -0.0135941 0.644125
-50.628 -1.58902 53.6089 -0.768568 -0.0151092 0.639589
-50.8945 0.192614 53.3313 -0.766669 -0.0154053 0.64185
-50.6807 1.13988 53.5967 -0.765327 -0.00744137 0.643599
-50.3466 2.02439 54.0041 -0.764842 -0.00712747 0.644179
-49.9496 2.98191 54.486 -0.764498 -0.00720865 0.644586
-49.7941 4.02446 54.6833 -0.76343 -0.0107847 0.645799
-49.7631 5.26892 54.7402 -0.764242 -0.01073 0.64484
-49.9698 6.60995 54.5165 -0.764213 -0.0100039 0.644886
-50.1225 7.70378 54.353 -0.765281 -0.0107102 0.643607
-50.3363 8.97163 54.12 -0.763327 -0.00812929 0.645957
-50.3628 10.0119 54.1067 -0.767329 -0.012844 0.641124
-50.1325 11.4852 54.4034 -0.762277 -0.00977898 0.647173
-49.865 12.5162 54.7313 -0.762334 -0.00999934 0.647103
-49.621 13.4524 55.0354 -0.766508 -0.00836281 0.64218
-49.3976 15.2163 55.3131 -0.768159 -0.00079425 0.640245
-49.522 16.6397 55.18 -0.767425 -0.0104203 0.641051
-50.0727 18.3609 54.5533 -0.767322 -0.0112217 0.641163
-50.4441 19.2808 54.1209 -0.766993 -0.00648714 0.641622
-51.2522 20.6842 53.1602 -0.770264 -0.00517895 0.637702
-51.5211 21.8784 52.8255 -0.772429 0.00512881 0.635081
-51.603 23.2849 52.7229 -0.778002 0.00448644 0.628246
-51.6738 24.3402 52.6296 -0.778427 0.00219757 0.627731
-51.8014 25.3905 52.4683 -0.778155 0.00170117 0.62807
-52.0186 26.6941 52.1966 -0.778249 0.00100999 0.627954
-52.5989 27.8504 51.4736 -0.778227 0.00301405 0.627971
-53.1487 28.72 50.7734 -0.783576 0.00912245 0.621229
-53.8261 29.1309 49.913 -0.782236 0.0107772 0.622889
-54.4893 29.4224 49.0764 -0.780632 0.0119206 0.624867
-55.2538 29.358 48.127 -0.779924 0.0144593 0.625708
-56.0723 28.8702 47.1175 -0.780387 0.0144407 0.62513
-56.6406 28.0532 46.4246 -0.78149 0.0157954 0.623714
-57.1757 27.2239 45.7685 -0.784987 0.0182208 0.619239
-57.483 26.2785 45.4105 -0.783771 0.0198335 0.620734
-57.6715 25.3184 45.2019 -0.784725 0.0159064 0.619632
-57.7225 23.6634 45.1651 -0.783567 0.00872161 0.621246
-52.9401 16.8214 51.0921 -0.774269 0.00155606 0.63285
-52.3424 15.6894 51.8054 -0.766197 -0.00534066 0.642583
-52.6797 14.8704 51.3923 -0.769016 -0.00782095 0.639182
-52.8639 16.144 51.1861 -0.771157 -0.00537797 0.636609
-52.8835 16.3211 51.163 -0.773118 -0.000220878 0.634256
-52.5474 9.95311 51.4865 -0.764946 -0.00602059 0.644041
-52.7062 8.25547 51.2777 -0.764906 -0.00805805 0.64409
-53.0648 7.27725 50.8386 -0.764061 -0.00940404 0.645075
-53.3669 6.17556 50.4635 -0.76508 -0.00748916 0.643885
-53.4657 5.17914 50.3384 -0.765725 -0.00496123 0.643149
-53.1795 3.95201 50.6661 -0.766653 -0.00908223 0.641997
-52.7958 3.0482 51.1119 -0.767162 -0.00888582 0.641391
-52.0678 4.06143 51.9965 -0.765217 -0.00910026 0.643701
-52.0445 5.33615 52.0408 -0.769331 -0.0053238 0.638824
-52.2102 6.43204 51.8523 -0.77031 -0.00680936 0.637633
-52.4703 7.49948 51.5519 -0.769415 -0.00690022 0.638711
-52.5815 9.10116 51.4384 -0.768584 -0.00800042 0.639696
-52.5851 9.1448 51.4345 -0.768339 -0.00601286 0.640014
-52.9034 5.772 51.0123 -0.767044 -0.00433843 0.641576
-52.4662 4.9821 51.5326 -0.768339 -0.00375022 0.640032
-52.9625 5.38697 50.939 -0.767114 -0.00450444 0.641491
-52.9738 5.51201 50.9266 -0.765737 -0.00485415 0.643135
-52.0412 -3.34226 51.8982 -0.764008 -0.0106771 0.645115
-52.7196 -4.82488 51.0675 -0.762465 -0.014956 0.646852
-53.0764 -6.30586 50.6209 -0.765197 -0.0068823 0.64376
-52.9377 -7.82169 50.7694 -0.763322 -0.00821205 0.645965
-52.5102 -8.69753 51.2616 -0.762473 -0.00866506 0.646962
-51.9089 -9.10085 51.9654 -0.764508 -0.00646615 0.644581
-50.9982 -8.93322 53.0502 -0.765375 -0.00826183 0.643532
-50.5065 -8.26781 53.6434 -0.764981 -0.00804539 0.644003
-50.2569 -7.25607 53.952 -0.764966 -0.00773935 0.644024
-50.3649 -6.08227 53.8393 -0.763794 -0.00983886 0.645379
-51.0996 -4.42915 52.9956 -0.765296 -0.0118624 0.643569
-51.6555 -3.54622 52.351 -0.763245 -0.00903322 0.646046
-51.7786 -3.36316 52.2082 -0.763204 -0.00908885 0.646094
-51.8268 -4.52543 52.1301 -0.764836 -0.0124299 0.644105
-52.3274 -5.36321 51.5222 -0.765887 -0.00706762 0.642937
-52.5234 -7.05643 51.2708 -0.765402 -0.00926912 0.64348
-52.2006 -7.93113 51.6382 -0.765336 -0.0116975 0.643525
-51.4197 -8.21838 52.5608 -0.764575 -0.0121155 0.644421
-50.861 -7.47133 53.2362 -0.762235 -0.00898073 0.647238
-50.824 -6.40693 53.2945 -0.762304 -0.00811204 0.647168
-51.2561 -5.2982 52.7997 -0.764172 -0.00773283 0.644959
-51.7024 -4.73229 52.2739 -0.765498 -0.00969551 0.643359
-51.9372 -5.9279 51.9808 -0.766098 -0.00683229 0.642688
-51.2631 -6.64263 52.7741 -0.762365 -0.00865737 0.647089
-51.5661 -7.24059 52.4054 -0.764972 -0.0119277 0.643953
-51.8821 -6.84625 52.0369 -0.765664 -0.0092552 0.64317
