-14.1313 -43.8555 94.889 -0.4096 0.0111775 0.912191
-13.4588 -44.3213 95.1816 -0.380433 0.00668787 0.924776
-12.8167 -44.3705 95.4466 -0.378457 0.00109518 0.925615
-11.8012 -44.333 95.8544 -0.367471 0.0016156 0.930033
-10.7549 -44.1862 96.2389 -0.320102 0.0174028 0.947057
-9.78242 -44.0783 96.5474 -0.291992 0.00875671 0.956315
-9.54397 -43.7643 96.6118 -0.272986 0.0198412 0.961813
-10.7944 -43.6455 96.2095 -0.335056 0.0278159 0.941788
-11.8879 -43.6325 95.8189 -0.352708 0.0148061 0.935366
-12.9758 -43.4636 95.3783 -0.380588 0.00318904 0.924735
-13.7837 -43.7279 95.0447 -0.39698 0.00626854 0.917673
-13.8782 -42.8687 94.9944 -0.412544 0.00510429 0.910918
-14.8196 -43.2168 94.5675 -0.445591 0.00012641 0.894931
-14.9013 -44.5102 94.5359 -0.464981 0.0200688 0.885073
-14.1409 -44.9923 94.9003 -0.408837 0.00777558 0.912563
-13.0605 -45.0597 95.3603 -0.377878 0.0250315 0.92546
-12.045 -45.0507 95.762 -0.369342 0.0205735 0.929065
-10.9401 -44.9835 96.1874 -0.31396 0.00423627 0.949364
-9.92264 -44.9104 96.5123 -0.292066 0.0098312 0.95629
-8.26138 -44.925 96.9897 -0.267745 0.0092417 0.963445
-7.26018 -44.871 97.223 -0.221552 0.00567258 0.975132
-5.72834 -44.8902 97.5398 -0.16941 0.00905323 0.985415
-4.39484 -44.9178 97.7549 -0.158658 -0.000118746 0.987334
-3.35843 -44.9822 97.8682 -0.102512 0.0184356 0.99456
-1.93696 -45.0059 97.9836 -0.0621494 0.011246 0.998003
-0.843079 -45.0078 98.044 -0.0300733 0.00652234 0.999229
0.640072 -44.887 98.0393 0.00746099 -0.00197585 0.999967
2.05645 -44.9065 98.001 0.0337484 -0.000435371 0.999429
3.05808 -44.8255 97.9647 0.0472697 0.00171526 0.998825
4.19586 -44.8648 97.8815 0.0907388 -0.00929437 0.995831
5.38737 -44.9205 97.7676 0.0910957 0.00600437 0.995672
6.44426 -44.8673 97.6313 0.130835 0.0237278 0.99112
7.95578 -44.9974 97.3925 0.201669 0.00613666 0.979434
9.25917 -44.9786 97.1197 0.230226 0.00671855 0.972805
10.2468 -45.0024 96.8604 0.26257 0.00599328 0.964862
11.2147 -45.144 96.5751 0.284126 0.0128836 0.958507
12.3339 -45.2394 96.2372 0.319477 0.00619478 0.946962
13.7979 -45.1891 95.6631 0.374016 -0.00668839 0.927312
14.7323 -45.1378 95.2455 0.426407 0.00553172 0.9044
15.6239 -44.99 94.8076 0.441434 0.0100897 0.897236
16.0428 -44.0229 94.5885 0.458888 0.0142286 0.888376
15.4432 -43.0958 94.8774 0.441706 -0.00994198 0.896936
14.4776 -42.9663 95.3222 0.414307 -0.0157773 0.91
13.4048 -43.184 95.8079 0.378465 0.000959286 0.924632
12.1082 -43.1848 96.2823 0.340461 0.0183476 0.940076
11.159 -43.1026 96.5854 0.277363 0.0219835 0.960514
10.0342 -43.0196 96.9059 0.26209 0.00599942 0.964976
8.61767 -43.0531 97.2528 0.233264 0.0247541 0.972098
7.3856 -43.1195 97.4807 0.134727 0.0124091 0.990801
6.02739 -43.1105 97.6625 0.137478 -0.0026458 0.990404
4.38601 -43.2471 97.8715 0.124926 0.00306012 0.992161
2.93317 -43.1036 97.9637 0.0582589 0.00187042 0.998297
1.91357 -43.0821 98.0026 0.0296803 -0.000889903 0.999548
0.742051 -42.9526 98.0378 0.019836 0.00221705 0.999745
-0.829395 -42.9964 98.0243 -0.0155573 0.0191071 0.999695
-1.85053 -42.995 97.974 -0.0685624 0.00908925 0.997549
-2.89567 -43.0064 97.8922 -0.0783073 0.0148505 0.996819
-3.95072 -42.9646 97.7833 -0.105159 0.00452827 0.994445
-5.07847 -42.9522 97.6213 -0.178458 0.0159814 0.983818
-6.46907 -43.0406 97.3692 -0.181042 0.0179988 0.983308
-8.00338 -43.0754 97.0272 -0.219832 0.0203822 0.975325
-9.03577 -43.1416 96.7436 -0.27356 0.0185881 0.961675
-10.0523 -43.0386 96.4524 -0.287716 0.0138941 0.957474
-11.1675 -42.942 96.0614 -0.330805 -0.00667709 0.943675
-12.6258 -42.8592 95.5195 -0.377207 0.00380996 0.92612
-13.6744 -42.8552 95.087 -0.39769 0.000429603 0.91734
-13.5992 -42.1642 95.1194 -0.39769 0.000429603 0.91734
-14.6867 -42.2368 94.6212 -0.422135 0.0035454 0.906519
-15.5185 -43.178 94.2028 -0.468159 -0.00622148 0.883581
-15.6769 -44.2685 94.124 -0.463075 0.0251045 0.885963
-14.8559 -45.7245 94.5741 -0.453722 0.00618287 0.891121
-13.8273 -45.795 95.0602 -0.403128 0.0265033 0.914552
-12.466 -45.7671 95.6115 -0.363282 0.0219882 0.931416
-11.4748 -45.735 96.0037 -0.346638 0.00901857 0.937575
-10.4971 -45.6945 96.3368 -0.310558 0.0040549 0.95048
-9.07594 -45.6574 96.7675 -0.277119 0.000602891 0.960835
-7.421 -45.63 97.1909 -0.222272 0.00477718 0.974972
-6.36787 -45.6589 97.4292 -0.214957 -0.00146847 0.976605
-5.20726 -45.6665 97.6241 -0.15776 0.0104175 0.987357
-4.12485 -45.6861 97.7982 -0.131695 0.00731459 0.990862
-2.66019 -45.696 97.9386 -0.0889195 0.00757907 0.996009
-1.56265 -45.7055 98.0152 -0.0568778 0.0122715 0.99829
-0.284223 -45.6742 98.0453 0.00426194 0.00960585 0.999939
1.15002 -45.6392 98.0365 0.024266 0.00833421 0.999607
2.21462 -45.5998 97.9983 0.0384261 0.0108369 0.999201
3.22263 -45.5329 97.9572 0.0386949 0.00460949 0.999218
4.396 -45.6136 97.8669 0.0821038 0.0181892 0.996458
5.78564 -45.643 97.7316 0.124731 0.0135989 0.992097
7.23143 -45.6979 97.5448 0.166696 0.0113863 0.985296
8.41752 -45.7199 97.3008 0.201919 0.00848669 0.979358
9.43468 -45.7335 97.0793 0.246465 0.00834876 0.969098
10.7538 -45.8244 96.7352 0.270908 0.0216875 0.962183
11.8983 -45.9043 96.3852 0.307746 0.0119446 0.951217
13.1139 -45.8949 95.9374 0.370696 0.00919253 0.928705
14.2302 -45.8349 95.4733 0.402177 -0.0120685 0.915207
15.4582 -45.73 94.8977 0.448229 0.00578533 0.893863
16.4183 -45.4043 94.3955 0.466736 -0.000725352 0.884337
16.6887 -44.1901 94.2568 0.480985 -0.00311259 0.876249
16.5806 -43.0931 94.2929 0.460529 0.00165218 0.887498
15.7799 -42.3207 94.7194 0.459488 -0.0132424 0.888085
14.7667 -42.2692 95.1997 0.427329 -0.000987683 0.904096
13.7024 -42.3671 95.6852 0.378521 0.000933073 0.924658
12.6599 -42.4321 96.0657 0.340747 0.0159819 0.940018
11.7159 -42.4058 96.4086 0.309773 0.0207474 0.949966
9.89218 -42.3141 96.9385 0.255993 0.00726168 0.966233
8.03538 -42.3565 97.3757 0.221819 0.0113479 0.974952
6.96863 -42.3716 97.5376 0.144865 -0.0131595 0.989364
5.61177 -42.3978 97.7223 0.11675 -0.0130157 0.993076
4.26734 -42.4287 97.8834 0.0921172 0.00257031 0.995213
2.52248 -42.3348 97.9883 0.0598524 9.24889e-05 0.998207
1.15949 -42.2718 98.0276 0.0213939 0.00143117 0.999731
-0.121904 -42.2357 98.0244 -0.0168836 -0.000302838 0.999857
-1.30612 -42.2452 98.0043 -0.0278855 0.00938555 0.999462
-2.37277 -42.2456 97.922 -0.0783073 0.0148505 0.996819
-3.41999 -42.2378 97.8353 -0.118032 0.0153148 0.992749
-4.4595 -42.2398 97.6972 -0.132928 0.0253101 0.990802
-5.5851 -42.2772 97.5181 -0.181173 0.017368 0.983294
-6.83381 -42.3145 97.2749 -0.217709 0.0164756 0.975874
-8.12839 -42.3721 96.9858 -0.245752 0.0190176 0.968748
-9.13839 -42.3675 96.7003 -0.269401 0.00928899 0.962983
-10.8473 -42.2466 96.1787 -0.322113 0.00439862 0.946579
-11.9077 -42.1812 95.8077 -0.352938 -0.00124788 0.935323
-13.4548 -42.1614 95.1789 -0.379303 0.000937494 0.925266
-13.5253 -41.4714 95.1433 -0.395184 0.0123583 0.918362
-15.1053 -41.5481 94.4235 -0.445463 0.00322068 0.894806
-16.0699 -42.2541 93.9064 -0.473222 8.31384e-05 0.880943
-16.2516 -43.6509 93.8093 -0.478572 -0.00176929 0.878022
-16.3152 -44.8253 93.8066 -0.478359 0.0275175 0.877547
-15.8342 -46.2883 94.0787 -0.458133 0.00751141 0.888848
-14.7646 -46.4797 94.6245 -0.442968 0.00431934 0.896454
-13.8296 -46.5234 95.0745 -0.419714 0.00411607 0.907492
-12.7197 -46.4802 95.5315 -0.369854 0.0216594 0.9288
-11.7487 -46.4424 95.9093 -0.346638 0.00901857 0.937575
-10.0585 -46.3914 96.4831 -0.310558 0.0040549 0.95048
-9.05279 -46.3707 96.7784 -0.282225 0.023109 0.95907
-7.93875 -46.3605 97.0745 -0.219664 0.00503687 0.975554
-6.78683 -46.39 97.3351 -0.219885 0.0010656 0.975525
-5.65406 -46.4187 97.5703 -0.154207 0.0208556 0.987818
-4.4414 -46.43 97.7589 -0.145282 0.0131379 0.989243
-3.28305 -46.4308 97.8897 -0.0914938 0.0148464 0.995692
-2.23726 -46.4008 97.9808 -0.0753408 0.00913438 0.997031
-0.918069 -46.408 98.039 -0.0401221 -0.00298423 0.999188
0.160693 -46.4066 98.0531 0.00703142 0.00772636 0.999923
1.2686 -46.3902 98.0383 0.0135315 0.00395399 0.999901
2.38149 -46.3338 97.9998 0.0384261 0.0108369 0.999201
4.17724 -46.3292 97.897 0.0777971 0.0127901 0.996887
5.23353 -46.368 97.8106 0.104022 0.0149971 0.994236
7.09093 -46.4144 97.571 0.158655 -0.00163283 0.986925
9.00175 -46.4412 97.1899 0.200614 0.0116072 0.979601
10.329 -46.4927 96.859 0.248212 0.0124932 0.968587
11.7589 -46.5874 96.432 0.317534 -0.0012026 0.94824
13.0123 -46.5899 95.9837 0.37296 0.00895051 0.927803
14.3626 -46.5064 95.4163 0.406149 0.00653962 0.91371
15.3408 -46.4739 94.9581 0.445341 -0.00473502 0.895284
16.2394 -46.3929 94.4996 0.469049 0.00243232 0.883041
17.2271 -45.5137 93.9451 0.502863 0.010294 0.864298
17.3063 -44.451 93.8905 0.506693 -0.0146128 0.862002
17.2902 -43.1913 93.9277 0.483224 -0.00200293 0.874853
17.0526 -42.1163 94.0459 0.490936 0.0174992 0.871019
16.2197 -41.6368 94.502 0.47351 0.00312273 0.880489
15.0545 -41.5447 95.0644 0.427349 -0.000930914 0.904086
14.0364 -41.6108 95.5456 0.420732 -0.00794256 0.907094
12.9812 -41.6884 95.9364 0.342361 0.0161781 0.939429
11.7495 -41.6716 96.3819 0.326308 0.00229198 0.945093
10.6494 -41.5972 96.706 0.282708 0.0121913 0.959129
8.82699 -41.5974 97.1869 0.221862 0.00977968 0.974986
7.50082 -41.6432 97.4574 0.162404 0.0151035 0.986607
6.15685 -41.6495 97.6591 0.132344 0.00138058 0.99118
5.14452 -41.6299 97.7872 0.116197 -0.0128567 0.993143
3.42816 -41.6287 97.933 0.0629682 0.00579432 0.997999
2.34544 -41.594 97.9988 0.0438144 -0.00298262 0.9989
0.630818 -41.5269 98.0296 0.0154048 0.00922772 0.999839
-0.414253 -41.5084 98.0196 -0.0170621 -0.000706091 0.999854
-1.60433 -41.5048 97.9786 -0.0583898 0.011332 0.998006
-2.87665 -41.5036 97.8784 -0.0879343 0.0100337 0.996016
-3.89889 -41.5121 97.7641 -0.134519 0.00371398 0.990904
-4.9267 -41.5432 97.6223 -0.148689 0.0106985 0.988741
-5.94172 -41.5775 97.4379 -0.182829 0.0193721 0.982954
-7.07326 -41.6195 97.2108 -0.218676 0.0156044 0.975671
-8.08615 -41.6513 96.9847 -0.241043 0.0108784 0.970136
-9.50069 -41.6255 96.5919 -0.269375 0.00873667 0.962996
-10.8289 -41.5295 96.173 -0.313067 0.0155613 0.949603
-11.8553 -41.4719 95.8259 -0.376216 0.00735525 0.926497
-12.9932 -41.4649 95.3616 -0.379474 0.0108124 0.925139
-12.6293 -40.7522 95.5022 -0.379257 0.0111885 0.925224
-11.5889 -40.7696 95.9119 -0.338078 0.0197822 0.940485
-9.92355 -40.8703 96.4604 -0.312192 0.013819 0.949916
-8.90693 -40.9172 96.7487 -0.265554 0.0141044 0.963993
-7.12248 -40.8968 97.1926 -0.208749 0.00941963 0.977882
-5.39518 -40.837 97.5308 -0.184645 0.0125269 0.982725
-4.35899 -40.8038 97.6986 -0.141694 0.0114103 0.989799
-3.34306 -40.7759 97.8211 -0.0970102 0.0165654 0.995145
-2.29202 -40.7692 97.922 -0.0866269 0.0101578 0.996131
-1.14823 -40.7738 97.9823 -0.0391225 0.019553 0.999043
0.107655 -40.7869 98.0294 -0.0270572 0.00934883 0.999486
1.15384 -40.8167 98.0179 0.0113218 -0.0055484 0.999921
2.17028 -40.8558 98.0061 0.0363612 0.000420795 0.99901
3.17667 -40.8958 97.9445 0.0623831 0.00586471 0.998035
4.49601 -40.919 97.8475 0.102246 0.0106392 0.994702
6.16693 -40.8953 97.6558 0.122838 0.00690344 0.992389
7.31364 -40.9497 97.4762 0.17145 0.0262356 0.984752
8.37614 -40.9163 97.2752 0.214313 0.0153692 0.976644
9.4599 -40.8649 97.0355 0.221862 0.00977968 0.974986
10.4511 -40.865 96.7642 0.271373 -0.0115204 0.96238
12.1124 -40.9626 96.2549 0.326308 0.00229198 0.945093
13.1966 -40.9531 95.8606 0.342961 -0.00574779 0.939332
14.2644 -40.8658 95.4395 0.400998 0.00958802 0.915503
15.2504 -40.8138 94.9734 0.427483 -0.00198062 0.904021
16.1623 -40.8138 94.5332 0.464189 0.0010289 0.885173
17.4266 -41.1204 93.8134 0.494011 0.00756405 0.869338
17.7915 -42.1204 93.62 0.525639 0.00803933 0.850665
17.9288 -43.3993 93.5456 0.51596 -0.00680432 0.856418
17.9248 -44.4191 93.5281 0.505817 -0.0145808 0.862518
17.8875 -45.5174 93.5512 0.526461 -0.00811801 0.850137
17.28 -47.0279 93.9171 0.512582 -0.00134416 0.858451
15.5981 -47.1495 94.8265 0.456623 -0.00102307 0.889659
14.5245 -47.1819 95.3475 0.433829 -0.00343644 0.900981
13.566 -47.2582 95.7617 0.389615 0.000698348 0.920959
12.0258 -47.2836 96.3412 0.323554 0.0050281 0.946172
10.9718 -47.2417 96.6957 0.298697 0.00554313 0.954073
9.8236 -47.1665 96.9899 0.241054 0.0180843 0.970343
8.59144 -47.1549 97.2827 0.192259 0.0029921 0.981263
7.21515 -47.1428 97.5424 0.186599 -0.00632932 0.982416
6.05817 -47.1173 97.71 0.130129 0.00354626 0.99149
4.7908 -47.0813 97.8575 0.0833776 0.00767784 0.996471
3.71625 -47.0361 97.942 0.077623 0.0122344 0.996908
2.49951 -47.0674 98.0024 0.0380322 0.0093459 0.999232
0.636963 -47.1499 98.0499 0.0135315 0.00395399 0.999901
-0.422516 -47.1398 98.0597 -0.0309541 0.0043572 0.999458
-1.5725 -47.1223 98.0151 -0.0386281 0.0112906 0.99919
-2.74522 -47.1382 97.947 -0.0791095 0.00881893 0.99679
-3.76968 -47.1792 97.8561 -0.111711 0.00953271 0.993422
-5.07184 -47.1667 97.6754 -0.146495 0.0120959 0.989088
-6.14291 -47.1737 97.4742 -0.210696 0.000889814 0.97755
-7.33447 -47.1152 97.2142 -0.217354 0.0060926 0.976068
-8.40609 -47.0998 96.9768 -0.216002 0.00921706 0.976349
-9.39896 -47.104 96.6944 -0.282085 0.0232484 0.959108
-10.4859 -47.1169 96.3559 -0.322739 0.023168 0.946204
-11.4399 -47.139 96.0294 -0.33874 0.0134758 0.940628
-13.0766 -47.2081 95.4003 -0.370474 0.0134669 0.928705
-14.0263 -47.2445 94.9868 -0.419714 0.00411607 0.907492
-15.496 -47.1551 94.2615 -0.451037 0.0108277 0.892438
-16.4181 -46.9853 93.786 -0.483589 0.0146363 0.874566
-16.9194 -45.8175 93.4709 -0.512822 0.00520896 0.858459
-16.8935 -43.9391 93.4585 -0.487647 0.0233012 0.872712
-16.8013 -42.8086 93.5062 -0.48846 -0.00151807 0.872584
-16.6294 -41.5915 93.6014 -0.496595 0.00835631 0.8677
-15.8827 -40.8939 94.0006 -0.477159 0.010303 0.878755
-14.8655 -40.7991 94.5271 -0.411904 0.0141308 0.911117
-13.8282 -40.7739 94.9955 -0.41076 0.015623 0.91161
-13.4433 -40.7739 95.1688 -0.394868 0.0136724 0.918476
-13.3472 -40.069 95.1996 -0.394868 0.0136724 0.918476
-14.2678 -40.0715 94.7875 -0.410142 0.0103398 0.911959
-15.3569 -40.1102 94.272 -0.472814 0.0145705 0.881042
-16.2848 -40.1477 93.7727 -0.477547 0.0122339 0.878518
-17.1623 -40.6337 93.2725 -0.515331 0.00949413 0.856939
-17.3645 -42.1311 93.1767 -0.516879 0.0228973 0.855674
-17.4842 -43.5486 93.122 -0.490702 0.00153922 0.87132
-17.5537 -44.5861 93.0953 -0.503814 0.0095246 0.863678
-17.5546 -45.5933 93.0944 -0.510288 -0.00130734 0.860001
-17.4729 -46.5988 93.1466 -0.515058 0.0115876 0.857074
-17.0884 -47.667 93.3943 -0.515005 0.0137372 0.857077
-16.2183 -47.9092 93.9086 -0.453612 0.0177036 0.891019
-14.8218 -47.9491 94.615 -0.44518 0.0103238 0.895346
-13.7875 -47.9498 95.0844 -0.408547 -0.0123502 0.912651
-12.4138 -47.8836 95.6658 -0.357835 0.00629077 0.933738
-11.4404 -47.85 96.0318 -0.350812 0.00261193 0.936441
-9.94195 -47.8219 96.5387 -0.293 0.0128432 0.956026
-8.85986 -47.8276 96.8689 -0.286469 0.0168571 0.957918
-7.85459 -47.843 97.1058 -0.216002 0.00921706 0.976349
-6.63194 -47.8883 97.3738 -0.21076 0.00925924 0.977494
-5.42396 -47.9123 97.6333 -0.171904 0.0122779 0.984317
-3.58385 -47.9069 97.884 -0.111711 0.00953271 0.993422
-2.20189 -47.838 97.9892 -0.0702407 0.00285652 0.997523
-1.07583 -47.85 98.0425 -0.0342055 0.00685341 0.999372
-0.0623568 -47.8577 98.0673 -0.00582821 0.0077525 0.999795
0.959822 -47.8939 98.0537 0.0171406 0.00926903 0.999804
2.39561 -47.8263 98.0133 0.0366638 0.00966015 0.999281
3.48962 -47.7911 97.9686 0.0592126 0.00986639 0.998029
5.09204 -47.8212 97.8333 0.0876895 0.00464812 0.996134
6.66197 -47.8481 97.6338 0.130095 0.00429299 0.991492
7.72525 -47.8829 97.4502 0.175726 0.0291117 0.984008
9.36187 -47.8726 97.1168 0.233807 0.016289 0.972136
10.4263 -47.9012 96.8529 0.262989 0.00464214 0.964612
12.1516 -47.9704 96.3063 0.323709 0.0109781 0.946091
13.5033 -47.9442 95.7896 0.386028 0.00667327 0.922463
14.974 -47.872 95.1285 0.433829 -0.00343644 0.900981
15.8973 -47.855 94.6733 0.450695 -0.00283782 0.892642
17.0529 -47.8345 94.0387 0.495396 -0.00855572 0.868618
17.9564 -47.5742 93.503 0.532958 0.00211851 0.846075
18.4287 -46.4597 93.1971 0.53087 -0.004885 0.847342
18.524 -44.7681 93.1618 0.519308 -0.0110761 0.85449
18.5452 -43.3536 93.1633 0.52904 0.00643009 0.848573
18.4689 -42.2457 93.2012 0.534379 0.00623426 0.84517
18.2803 -40.8313 93.3002 0.529314 0.00556669 0.848385
17.3781 -40.1316 93.8423 0.501257 0.00245926 0.865295
16.3043 -40.091 94.4571 0.465488 0.00248091 0.884451
14.8824 -40.0964 95.1487 0.432589 0.00353842 0.901552
13.5235 -40.2008 95.7245 0.374531 0.0196494 0.927006
12.4753 -40.2488 96.1262 0.329003 0.00434348 0.944187
11.4299 -40.2111 96.4709 0.309761 0.00996027 0.95076
10.4513 -40.1494 96.771 0.268832 -0.00405233 0.96312
8.9993 -40.148 97.1313 0.217544 0.00905776 0.976004
7.99488 -40.2125 97.3442 0.19079 0.00797256 0.981498
6.72524 -40.2114 97.559 0.160751 0.018819 0.986815
5.54303 -40.1798 97.7287 0.113353 0.00488517 0.993516
4.23549 -40.1961 97.8658 0.101183 0.0104105 0.994813
3.00985 -40.1604 97.9494 0.0614932 0.00774047 0.998077
1.95278 -40.1201 98.0127 0.0349803 0.00303812 0.999069
0.898177 -40.0826 98.023 -0.00275337 0.0142539 0.999895
-0.169398 -40.0577 98.0199 -0.0217487 0.00482931 0.999538
-1.22582 -40.0447 97.9756 -0.0420266 -0.0016017 0.999115
-2.23883 -40.0364 97.9159 -0.082018 0.0199677 0.996325
-3.79231 -40.0585 97.7657 -0.100999 0.0153193 0.994761
-4.84666 -40.1043 97.6112 -0.16287 0.016672 0.9865
-5.9361 -40.1266 97.4206 -0.182702 0.0107722 0.983107
-7.00053 -40.1697 97.2141 -0.209787 0.00292721 0.977687
-8.55014 -40.1903 96.8363 -0.263153 0.0104255 0.964687
-9.64638 -40.1664 96.5386 -0.285157 0.0116898 0.958099
-10.6725 -40.1029 96.2052 -0.310415 0.013766 0.950495
-11.9029 -40.063 95.7678 -0.36389 0.0290148 0.93099
-13.1317 -40.0633 95.2879 -0.371328 0.0198423 0.928211
-13.0077 -39.3773 95.3283 -0.372097 0.0100018 0.928026
-14.1615 -39.371 94.827 -0.407453 0.0105828 0.913165
-15.7141 -39.3836 94.0683 -0.465749 0.00986146 0.884806
-16.6417 -39.4485 93.5716 -0.492142 0.00794153 0.870215
-17.8304 -40.2189 92.8608 -0.526179 0.00632932 0.85035
-17.9162 -41.2384 92.8169 -0.525014 0.011919 0.851001
-17.9574 -42.3222 92.814 -0.524347 0.0286352 0.850987
-18.0854 -43.4488 92.7731 -0.549146 0.0104038 0.835408
-18.1793 -44.6956 92.708 -0.537508 -0.00193355 0.843255
-18.1279 -46.1313 92.7401 -0.539037 -0.00434926 0.842262
-18.0698 -47.1627 92.7842 -0.551893 0.0111591 0.833839
-17.8468 -48.2246 92.9463 -0.553086 0.013155 0.833018
-17.0539 -48.5897 93.4259 -0.508844 0.0195579 0.860637
-15.6924 -48.6665 94.1892 -0.448464 0.0117588 0.8937
-14.4085 -48.6767 94.8213 -0.420317 0.0112011 0.90701
-12.8551 -48.6096 95.4949 -0.393399 0.0124463 0.91926
-11.6812 -48.5733 95.9463 -0.353114 0.0135415 0.935482
-10.7438 -48.5422 96.2977 -0.328934 0.00925294 0.944001
-9.387 -48.5334 96.7189 -0.292062 0.0150122 0.956281
-8.31486 -48.5645 97.0147 -0.227149 0.00628743 0.973733
-7.13352 -48.6369 97.2729 -0.213193 0.0119486 0.976932
-5.45488 -48.6597 97.6329 -0.208605 0.00845367 0.977963
-3.93514 -48.6941 97.8418 -0.12897 0.0111543 0.991569
-2.71136 -48.5793 97.9593 -0.0706705 0.0177411 0.997341
-1.59011 -48.5415 98.0287 -0.0312512 -0.00067595 0.99951
-0.209718 -48.5747 98.07 -0.031049 0.00240903 0.999513
0.796936 -48.6952 98.0622 0.0154392 0.00636066 0.999853
1.83734 -48.6379 98.0416 0.0281271 0.00799964 0.999535
3.0493 -48.5294 97.9943 0.0498219 0.00336194 0.998697
4.47156 -48.555 97.8928 0.0806984 0.00301553 0.996734
5.79549 -48.567 97.7521 0.130642 0.0108482 0.991368
7.45513 -48.6007 97.5162 0.155773 0.00497352 0.98778
8.49782 -48.5962 97.3304 0.204991 0.0164808 0.978227
10.1365 -48.5833 96.929 0.246193 0.00495082 0.969207
11.4842 -48.6323 96.5413 0.305125 0.00473909 0.952105
12.4718 -48.6523 96.1936 0.34683 -0.00251607 0.937907
14.0202 -48.5764 95.5777 0.396016 0.0033443 0.918167
14.9451 -48.5627 95.1499 0.435064 0.0162237 0.900211
15.8421 -48.5572 94.7054 0.464122 0.00376597 0.885446
17.1938 -48.5715 93.9529 0.49179 -0.00838124 0.870672
18.1046 -48.4788 93.4005 0.536238 -0.0104418 0.843995
18.986 -47.7032 92.8365 0.553502 -0.0014056 0.832782
19.0377 -46.6088 92.7986 0.557975 -0.00726659 0.829768
19.0892 -45.226 92.794 0.553602 -0.023069 0.832425
19.131 -43.7716 92.7774 0.572708 0.00949316 0.819687
19.1131 -42.6726 92.7905 0.55644 0.0078907 0.830513
19.0393 -41.4305 92.8277 0.547758 0.00263958 0.836566
18.6627 -39.7271 93.0595 0.541399 -0.00324199 0.840745
17.7429 -39.4297 93.6302 0.50624 0.00237063 0.862353
16.4376 -39.3867 94.3832 0.475474 0.00637169 0.879265
15.1781 -39.3465 95.0028 0.438429 -0.00273844 0.898762
13.8866 -39.4455 95.5732 0.373636 -0.011578 0.927501
12.8702 -39.5112 95.9812 0.362319 -0.00202337 0.931941
11.8221 -39.5214 96.3404 0.315876 -0.0134444 0.948705
10.8147 -39.4495 96.6702 0.285072 -0.00569013 0.9581
9.4496 -39.3868 97.033 0.236728 -0.00256242 0.971404
8.14184 -39.4752 97.3104 0.194346 0.00362526 0.980872
6.85043 -39.5084 97.5316 0.160962 0.00114884 0.98696
5.8236 -39.4635 97.6917 0.127089 0.0110176 0.991633
4.66703 -39.4307 97.8156 0.101018 0.00492626 0.99487
3.28503 -39.4357 97.931 0.0595329 -0.0027958 0.998222
1.91837 -39.3957 98.0096 0.0486958 0.00198784 0.99876
0.609307 -39.3535 98.0119 -0.00545067 -0.00020101 0.99988
-0.542687 -39.3321 98.0071 -0.0231816 0.00604771 0.999474
-1.60946 -39.3163 97.9404 -0.0684107 0.0265195 0.997305
-3.12548 -39.3063 97.8208 -0.0973128 0.0162847 0.995116
-4.26651 -39.3579 97.6952 -0.155935 0.00964454 0.987709
-5.41772 -39.415 97.5054 -0.170294 0.0121138 0.985313
-6.56754 -39.4418 97.2977 -0.189313 0.0153922 0.981742
-7.70394 -39.4639 97.0511 -0.229866 0.0141873 0.973019
-8.7046 -39.4452 96.7888 -0.257851 0.0139528 0.966083
-10.2472 -39.401 96.3309 -0.305547 0.0198607 0.95196
-11.3819 -39.3554 95.9569 -0.34514 0.0117644 0.938283
-12.4138 -39.3714 95.5581 -0.361126 0.00169341 0.932515
-12.441 -38.5256 95.5463 -0.372179 0.0100678 0.927989
-13.4248 -38.5299 95.1382 -0.383136 0.0188989 0.923499
-14.6808 -38.5202 94.5856 -0.43263 0.0140019 0.901284
-15.6325 -38.6792 94.1096 -0.457702 0.0133849 0.888915
-16.7779 -38.5886 93.4909 -0.491656 -0.0045891 0.870565
-18.1715 -38.9787 92.6312 -0.536173 0.00275977 0.843975
-18.6081 -40.1116 92.3646 -0.558214 0.0093819 0.829636
-18.6879 -41.2444 92.3193 -0.558665 0.00987345 0.829321
-18.7253 -42.3695 92.3081 -0.567065 0.013585 0.823518
-18.7904 -43.9677 92.3087 -0.564679 0.0250455 0.82493
-18.9381 -44.9703 92.2239 -0.537304 -0.00148595 0.843385
-18.8383 -45.9761 92.2834 -0.543515 -0.00760281 0.839365
-18.7867 -47.0699 92.3069 -0.549168 0.00094797 0.83564
-18.8087 -48.1012 92.3059 -0.553438 0.0143507 0.832767
-18.4455 -49.0606 92.5644 -0.551931 0.0142576 0.833767
-17.1958 -49.3305 93.3589 -0.508834 0.0195596 0.860643
-16.1566 -49.5737 93.969 -0.472227 0.010717 0.880728
-15.1651 -49.3976 94.4533 -0.439404 0.00647301 0.898264
-14.1723 -49.5889 94.9412 -0.41995 0.0103626 0.907173
-12.8241 -49.3056 95.5137 -0.388542 0.0115913 0.921348
-11.8685 -49.3882 95.8865 -0.356779 0.00947569 0.934141
-10.701 -49.3898 96.314 -0.307262 0.00320131 0.95162
-9.7357 -49.4066 96.6257 -0.299986 0.00930621 0.953848
-8.68077 -49.4282 96.9332 -0.249613 0.0142212 0.968125
-7.63059 -49.4797 97.178 -0.210262 0.0157587 0.977517
-6.20432 -49.3055 97.479 -0.208003 0.0114239 0.978056
-5.26323 -49.5969 97.6818 -0.170774 0.0117247 0.984503
-4.27043 -49.502 97.8038 -0.115839 -0.00182934 0.993266
-3.25545 -49.4134 97.9212 -0.114012 -0.00202814 0.993477
-2.06397 -49.3773 98.0124 -0.0355236 0.000722524 0.999364
-1.02907 -49.4025 98.0471 -0.033645 0.00390753 0.999425
0.215157 -49.3107 98.0729 0.0122621 0.00384469 0.999914
1.95933 -49.371 98.0438 0.0191073 0.00554881 0.999802
3.57354 -49.3999 97.9679 0.0715549 0.0111115 0.997316
4.89124 -49.2626 97.8615 0.0917352 0.0087276 0.995665
6.32005 -49.4237 97.6993 0.140559 0.0157446 0.989859
7.34686 -49.3265 97.537 0.15719 0.00844005 0.987525
8.3369 -49.4276 97.3796 0.199647 0.0226929 0.978714
9.65897 -49.4652 97.0562 0.246995 0.00584941 0.968999
10.7774 -49.528 96.7715 0.269857 0.01783 0.962366
11.8985 -49.489 96.3966 0.341524 -0.00795609 0.939839
12.9769 -49.4327 96.005 0.35437 0.00525726 0.934904
14.0142 -49.4393 95.5785 0.406247 -0.00382293 0.913755
15.4513 -49.4305 94.9141 0.462485 0.00496318 0.886246
16.6386 -49.4552 94.2593 0.486568 -0.00417022 0.873619
17.7558 -49.4708 93.6166 0.521489 -0.00801898 0.853017
18.6693 -49.4005 93.0372 0.537994 0.00170477 0.842943
19.4288 -48.9337 92.5482 0.549287 0.00768031 0.835513
19.7084 -47.6956 92.347 0.559581 0.00490288 0.828761
19.7532 -46.5107 92.322 0.555671 -0.0166862 0.831235
19.8356 -45.3049 92.2911 0.556096 -0.0170529 0.830943
19.8111 -44.2052 92.3129 0.569853 0.0137466 0.821631
19.8175 -43.0265 92.2888 0.575723 0.00666025 0.817555
19.75 -41.9682 92.3435 0.579971 -0.0111219 0.814556
19.7869 -40.8606 92.3284 0.56589 -0.00318109 0.824397
19.5315 -39.1634 92.5039 0.556324 -0.00668388 0.830938
18.5438 -38.6137 93.1463 0.524368 -0.00410592 0.851272
17.5399 -38.6179 93.7454 0.512285 0.00854124 0.858773
16.6211 -38.6071 94.2788 0.475373 0.00379739 0.879306
15.7072 -38.5443 94.7405 0.45158 0.0136302 0.892127
14.4223 -38.5424 95.356 0.402081 -0.00278005 0.915569
13.4079 -38.61 95.7748 0.363707 -0.00530154 0.931437
12.2896 -38.8203 96.1946 0.333404 -0.00380794 0.942542
11.2659 -38.6206 96.5406 0.289564 -0.00714294 0.956591
10.2163 -38.5327 96.8253 0.262437 0.00800834 0.964916
9.25083 -38.4348 97.0832 0.22804 -0.00169136 0.973311
7.7381 -38.6524 97.3791 0.185043 0.00926882 0.982686
6.61907 -38.5625 97.5751 0.161957 -0.0129305 0.986504
5.56706 -38.6192 97.7128 0.111862 0.011159 0.993661
3.86343 -38.5275 97.8961 0.0877246 -0.000549167 0.996045
2.78848 -38.5827 97.9646 0.0510145 0.00344515 0.998613
1.50368 -38.5873 98.0188 0.0419977 0.0123543 0.999041
0.240635 -38.628 98.0195 -0.00791513 -0.015595 0.999846
-1.03031 -38.6131 97.9817 -0.0516872 0.00256128 0.998359
-2.02964 -38.5889 97.9109 -0.0731128 -0.0139715 0.997222
-3.40061 -38.5445 97.7795 -0.101179 0.0179589 0.994705
-4.72952 -38.5448 97.6111 -0.165727 0.0148263 0.986033
-5.98082 -38.5891 97.3933 -0.171968 0.0180661 0.984936
-7.15489 -38.5722 97.1679 -0.213023 0.00448524 0.976872
-8.16518 -38.6185 96.9207 -0.246592 0.00732425 0.969077
-9.21313 -38.5748 96.6445 -0.27552 0.00576533 0.960937
-10.2025 -38.7036 96.3352 -0.302861 0.012737 0.95294
-11.4761 -38.5281 95.9086 -0.333348 0.0112868 0.942729
-11.8504 -38.5281 95.7751 -0.348597 0.00738269 0.937127
-8.37024 -43.8495 96.9466 -0.273185 0.0191878 0.96177
-7.90141 -44.1629 97.0716 -0.219714 0.0115663 0.975485
-8.62836 -44.243 96.8814 -0.270461 0.0142621 0.962606
-6.8232 -43.8427 97.3051 -0.214221 0.0157384 0.976658
-6.04716 -43.8558 97.462 -0.177949 0.0197727 0.983841
-6.3893 -43.9578 97.4021 -0.196055 0.0179168 0.980255
-5.14272 -43.6179 97.6202 -0.17733 0.0177333 0.983989
-3.80971 -44.2229 97.8072 -0.103452 0.0175812 0.994479
-2.65469 -44.3513 97.9277 -0.0953457 0.0136492 0.995321
-1.62738 -44.2194 97.9939 -0.0602101 0.0113596 0.99812
-0.55592 -44.2902 98.0401 -0.00741413 0.00312108 0.999956
-0.91671 -43.8977 98.034 -0.0404255 0.00720224 0.998934
-2.38633 -43.9545 97.9457 -0.0687309 0.00892249 0.997536
-3.44299 -43.7556 97.8405 -0.104224 0.00426907 0.994544
-4.48427 -43.5967 97.7294 -0.118894 0.0155759 0.992631
-4.68604 -43.591 97.7024 -0.15513 0.0211543 0.98738
0.409313 -43.6121 98.0413 0.00922997 0.000193276 0.999957
1.78544 -44.2394 98.0103 0.0312635 0.000417041 0.99951
1.02218 -43.6513 98.032 0.0305119 0.0036362 0.999528
0.848814 -43.6312 98.0372 0.019836 0.00221705 0.999745
4.68269 -44.2675 97.8421 0.0910759 -0.00739836 0.995815
5.7139 -44.1614 97.718 0.12811 0.0149216 0.991628
6.72983 -43.7014 97.5748 0.133908 0.0125622 0.990914
5.62076 -43.884 97.7247 0.121391 0.0163733 0.992469
4.77621 -44.1818 97.8341 0.109115 0.00433777 0.993796
6.75979 -43.7087 97.5708 0.133312 0.0119273 0.991002
8.22322 -43.7724 97.3402 0.192142 0.00151344 0.981363
8.88651 -44.232 97.1993 0.218185 -0.0011833 0.975868
7.65271 -44.3687 97.4502 0.196846 0.000952292 0.980403
7.35824 -44.3358 97.498 0.132358 0.0181996 0.991019
9.77952 -44.1685 96.979 0.254425 0.00616854 0.967072
10.3759 -43.7026 96.8148 0.270996 0.00782025 0.962549
11.3604 -43.8974 96.5392 0.279429 0.00033271 0.960099
12.9565 -44.268 95.9867 0.347628 0.0123541 0.937549
13.7389 -43.7871 95.6766 0.391231 0.0246031 0.919489
15.0687 -44.2281 95.0679 0.422011 0.0257708 0.906141
14.2638 -44.4057 95.4534 0.428839 0.0176883 0.903205
13.287 -44.5451 95.8623 0.367694 0.006698 0.929912
12.0864 -44.5674 96.3163 0.319477 0.00619478 0.946962
10.8596 -44.4219 96.6844 0.276422 0.000164011 0.960993
10.1812 -44.1537 96.873 0.26257 0.00599328 0.964862
