-29.4578 44.6376 80.5821 -0.674388 -0.0035815 0.738369
-29.2531 43.6283 80.7636 -0.675754 -0.0138519 0.736927
-29.2656 42.537 80.7287 -0.682978 -0.0113063 0.730351
-28.7893 42.1332 81.1752 -0.693374 -0.00894829 0.720522
-28.6496 43.2165 81.3231 -0.692024 -0.00595521 0.721842
-28.8475 44.5127 81.1516 -0.688615 -0.0118638 0.72503
-28.7547 45.3749 81.2537 -0.68853 -0.00343918 0.725162
-29.4009 45.308 80.6375 -0.681969 -0.00724622 0.731263
-29.9005 45.7322 80.1777 -0.678318 0.00199298 0.734765
-29.0675 46.9023 80.9544 -0.687907 -0.00402 0.725767
-28.2003 46.0317 81.7763 -0.695603 -0.00808706 0.718367
-28.1692 44.7978 81.8006 -0.689169 -0.0112885 0.724512
-28.148 43.6377 81.8037 -0.690076 -0.00691862 0.723694
-28.1159 42.6201 81.8298 -0.692063 -0.00646468 0.7218
-28.1859 41.4709 81.7455 -0.692967 -0.0140491 0.720832
-28.8317 41.0348 81.1169 -0.688736 -0.00997269 0.724915
-29.68 41.7797 80.3293 -0.681342 -0.00639528 0.731919
-29.8611 42.7721 80.1757 -0.67976 -0.0177495 0.733187
-29.9272 43.8741 80.1499 -0.676157 -0.0126053 0.736587
-29.9359 44.9336 80.1469 -0.676398 -0.00102096 0.736526
-30.4612 45.0024 79.6625 -0.677582 0.00201312 0.735444
-30.3655 46.6225 79.7464 -0.677917 0.00177778 0.735137
-29.8906 47.5989 80.1814 -0.681357 0.000887682 0.731933
-28.8567 47.7528 81.166 -0.690851 -0.0111892 0.72291
-27.9892 47.4038 81.9998 -0.697191 -0.0123658 0.716779
-27.7101 46.3885 82.2585 -0.698609 -0.0068053 0.715471
-27.6242 45.2108 82.3307 -0.696301 -0.0124584 0.717628
-27.6456 44.0406 82.2883 -0.690965 -0.00834799 0.722835
-27.6328 43.0068 82.2929 -0.690562 -0.00345178 0.723265
-27.5743 41.9977 82.3441 -0.701447 -0.0148723 0.712556
-27.6432 40.9871 82.2596 -0.698154 -0.0162736 0.715748
-28.1925 40.2718 81.7131 -0.689134 -0.0113538 0.724503
-29.1457 40.2611 80.8156 -0.685508 -0.00531498 0.728046
-29.8993 40.4553 80.1208 -0.677885 -0.00578612 0.735145
-30.2886 41.5284 79.7649 -0.679447 -0.00236078 0.73372
-30.4385 43.201 79.6578 -0.677269 -0.0237413 0.735352
-30.4651 44.3155 79.6608 -0.675913 -0.000664739 0.736973
-30.9799 44.2764 79.1828 -0.682424 -0.00140432 0.730952
-30.9755 46.0998 79.1845 -0.683191 0.00273597 0.730231
-30.9311 47.1044 79.2159 -0.682933 0.00767415 0.73044
-30.6773 48.0813 79.4431 -0.683716 0.0069648 0.729714
-29.8155 48.4929 80.2544 -0.693354 -0.000715463 0.720596
-28.6572 48.5531 81.3685 -0.695056 -0.0048098 0.718924
-27.9275 48.3603 82.0775 -0.699068 -0.0137007 0.714924
-27.3084 47.8632 82.6739 -0.701367 -0.0150459 0.712636
-27.17 46.8726 82.7904 -0.701071 -0.0106235 0.712993
-27.0939 45.7648 82.8544 -0.699391 -0.00825581 0.714689
-27.1268 44.4566 82.7966 -0.699755 -0.00957404 0.714277
-27.1393 43.2812 82.7767 -0.705241 -0.000384384 0.708942
-27.0365 41.5813 82.8658 -0.703101 -0.0177688 0.710868
-27.1075 40.4418 82.7645 -0.696733 -0.0206981 0.717032
-27.7181 39.5726 82.1505 -0.691317 -0.0171104 0.722348
-28.6226 39.4737 81.2979 -0.68158 -0.0159926 0.731569
-29.4932 39.5 80.4875 -0.677441 -0.00530044 0.735558
-30.3295 39.5741 79.7182 -0.677359 -0.00452056 0.735639
-30.777 40.5441 79.3079 -0.68245 0.00248589 0.730916
-30.8467 41.5726 79.2443 -0.684119 -0.00192336 0.729367
-30.91 42.5719 79.2058 -0.675157 -0.0255192 0.737231
-31.0052 43.7778 79.1566 -0.678379 -0.0123759 0.734532
-31.595 44.0876 78.6082 -0.681807 -0.00219954 0.731528
-31.5876 43.1016 78.5983 -0.679229 -0.0212403 0.733616
-31.5366 41.9991 78.61 -0.675612 -0.0272788 0.736752
-31.5001 40.8648 78.6331 -0.68074 0.00716935 0.732489
-31.3441 39.4657 78.7811 -0.678636 -0.00451635 0.734461
-30.7305 38.5834 79.3426 -0.677951 -0.00461534 0.735092
-29.3106 38.7405 80.6485 -0.677077 -0.00736238 0.735875
-28.4577 38.643 81.4334 -0.679483 -0.0121083 0.733575
-27.4082 38.7084 82.4269 -0.695777 -0.0132567 0.718101
-26.6608 39.3934 83.1707 -0.701683 -0.0132424 0.712362
-26.5254 40.6319 83.3406 -0.699949 -0.0232893 0.713812
-26.5081 41.7222 83.3916 -0.699364 -0.0222829 0.714418
-26.6438 43.58 83.27 -0.707424 0.00523245 0.70677
-26.5197 44.6688 83.3962 -0.703088 -0.00557491 0.711074
-26.5053 46.1178 83.4326 -0.701072 -0.0109845 0.712985
-26.5605 47.131 83.3991 -0.703745 -0.0149384 0.710295
-26.6849 48.14 83.2972 -0.703796 -0.0150764 0.710242
-27.0529 49.0251 82.9491 -0.701712 -0.00725191 0.712417
-28.0584 49.3321 81.9638 -0.699336 -0.00603398 0.714767
-29.1565 49.4804 80.8939 -0.695751 -0.00826118 0.718233
-30.2674 49.2765 79.8197 -0.689762 0.00164035 0.724007
-30.9873 49.042 79.1448 -0.678436 0.00380359 0.734649
-31.4474 48.0796 78.724 -0.679451 0.00288756 0.733714
-31.5179 46.4349 78.6732 -0.68372 0.00551522 0.729722
-31.5409 45.2993 78.6584 -0.683227 0.00260979 0.730198
-31.5953 44.4946 78.6087 -0.682195 -0.000237994 0.731169
