-56.1103 -24.6603 51.2872 -0.784361 -0.0204781 0.619967
-55.49 -25.3731 52.0483 -0.78426 -0.0209206 0.620079
-56.0159 -25.3796 51.3828 -0.78438 -0.0209631 0.619926
-56.518 -25.5809 50.7412 -0.783067 -0.0212558 0.621573
-55.9922 -26.3946 51.3777 -0.78394 -0.0210629 0.620479
-55.3527 -26.2873 52.1905 -0.784339 -0.021456 0.619962
-55.0311 -25.3437 52.6297 -0.78426 -0.0209206 0.620079
-55.1689 -24.3096 52.484 -0.781298 -0.0152508 0.623972
-55.9221 -23.6757 51.5565 -0.781215 -0.0156785 0.624065
-56.5705 -24.644 50.707 -0.783481 -0.0212427 0.621053
-56.562 -25.3333 50.6946 -0.782493 -0.0211228 0.622301
-56.9894 -25.3671 50.1559 -0.782548 -0.0219257 0.622204
-56.5862 -26.5873 50.6218 -0.783566 -0.0206009 0.620967
-55.7917 -27.1947 51.6036 -0.783925 -0.0225651 0.620446
-55.097 -26.911 52.4901 -0.783309 -0.0228398 0.621212
-54.7058 -26.031 53.0156 -0.781808 -0.0213552 0.623148
-54.5783 -24.9585 53.2032 -0.778528 -0.0142795 0.627445
-54.8845 -23.7833 52.853 -0.779574 -0.0153382 0.626116
-55.6363 -23.0024 51.9315 -0.780999 -0.0158884 0.62433
-56.3527 -23.0768 51.0316 -0.782703 -0.0170621 0.622159
-56.885 -24.048 50.3312 -0.783188 -0.0200313 0.62146
-57.0147 -25.1922 50.1302 -0.782462 -0.0202682 0.622369
-57.0143 -25.2269 50.1295 -0.782493 -0.0211228 0.622301
-57.4573 -25.0712 49.5777 -0.782481 -0.0210203 0.622319
-57.1333 -26.7442 49.9263 -0.783049 -0.021299 0.621595
-56.145 -27.8183 51.1346 -0.783675 -0.0229296 0.620748
-55.448 -27.9062 52.0128 -0.783684 -0.0217847 0.620777
-54.722 -27.3312 52.9474 -0.783151 -0.0222433 0.621433
-54.2058 -25.8633 53.6452 -0.780292 -0.0203345 0.625084
-54.119 -24.7512 53.7786 -0.779316 -0.0129866 0.626497
-54.3785 -23.7437 53.4806 -0.777914 -0.015378 0.628183
-55.1125 -22.5513 52.5978 -0.779056 -0.0137048 0.626793
-55.7168 -22.2019 51.8514 -0.781307 -0.0160362 0.623941
-56.6992 -22.5526 50.6102 -0.782609 -0.0171155 0.622275
-57.1384 -23.2607 50.0356 -0.782845 -0.0189446 0.621929
-57.4254 -24.6109 49.6328 -0.782703 -0.0196894 0.622083
-57.8272 -24.153 49.1408 -0.78451 -0.0199398 0.61979
-57.8778 -25.3985 49.0349 -0.785146 -0.0216646 0.618929
-57.7208 -26.4398 49.1948 -0.784349 -0.023353 0.619879
-57.226 -27.5655 49.7787 -0.784017 -0.0232963 0.620302
-56.6848 -28.1941 50.439 -0.783856 -0.0232915 0.620506
-55.9025 -28.6313 51.4124 -0.784262 -0.022065 0.620037
-55.2748 -28.6055 52.2072 -0.783658 -0.02145 0.620821
-54.6805 -28.2058 52.9695 -0.783093 -0.0215086 0.621532
-54.1867 -27.5295 53.6149 -0.781899 -0.0217905 0.623023
-53.8766 -26.5608 54.0333 -0.78021 -0.0203799 0.625186
-53.6523 -25.0389 54.3531 -0.779716 -0.0143357 0.625968
-53.7819 -24.0035 54.2134 -0.78067 -0.0133379 0.624801
-54.2713 -22.7741 53.632 -0.777191 -0.0121982 0.629147
-54.8405 -21.9753 52.945 -0.776686 -0.0130476 0.629752
-55.4966 -21.5498 52.1421 -0.778184 -0.0152762 0.627847
-56.2214 -21.4809 51.2381 -0.781477 -0.0176782 0.623684
-56.8489 -21.852 50.4413 -0.781294 -0.0177358 0.623911
-57.4128 -22.6379 49.7091 -0.782786 -0.0187935 0.622007
-57.7953 -23.9169 49.1883 -0.783016 -0.0191818 0.621706
-57.8172 -24.0335 49.1572 -0.783028 -0.0191835 0.621691
-58.2551 -23.823 48.6073 -0.786116 -0.0203505 0.617744
-58.3248 -24.8538 48.4844 -0.7863 -0.0207473 0.617497
-58.2478 -26.038 48.5428 -0.785477 -0.0220743 0.618494
-57.8601 -27.4186 48.982 -0.784606 -0.0227838 0.619576
-57.3578 -28.334 49.5831 -0.784146 -0.0250203 0.62007
-56.785 -28.9308 50.2825 -0.786467 -0.0230012 0.617185
-56.1822 -29.301 51.0408 -0.783377 -0.016517 0.621327
-55.3176 -29.3651 52.129 -0.781609 -0.0199032 0.623438
-54.5993 -28.9371 53.0442 -0.78183 -0.0237449 0.623039
-53.985 -28.2111 53.8437 -0.78279 -0.024102 0.621818
-53.5982 -27.3786 54.3563 -0.781224 -0.0190005 0.623962
-53.3707 -26.4046 54.671 -0.780524 -0.0182938 0.624856
-53.196 -25.2408 54.9184 -0.780501 -0.0141984 0.624993
-53.454 -23.4485 54.6349 -0.780767 -0.0131874 0.624683
-54.0043 -22.1818 53.9736 -0.779043 -0.0128132 0.626832
-54.4867 -21.495 53.393 -0.777692 -0.0160646 0.62844
-55.1122 -20.9839 52.6327 -0.777072 -0.0162078 0.629203
-55.865 -20.7609 51.7045 -0.781164 -0.0170679 0.624093
-56.7627 -20.9728 50.5742 -0.781257 -0.0177316 0.623957
-57.3851 -21.546 49.7789 -0.781229 -0.0178638 0.623989
-58.0084 -22.7779 48.9552 -0.783505 -0.0192557 0.621086
-58.1408 -23.2434 48.7717 -0.785448 -0.0212754 0.61856
-58.521 -22.8832 48.303 -0.784235 -0.0222016 0.620066
-58.2317 -21.8044 48.7013 -0.786404 -0.0176651 0.617458
-57.7642 -21.0646 49.3179 -0.782184 -0.0194181 0.622741
-56.8311 -20.1861 50.5111 -0.781132 -0.0180145 0.624106
-56.1155 -20.0557 51.4102 -0.781179 -0.0170795 0.624073
-55.1809 -20.228 52.5674 -0.777005 -0.0162662 0.629284
-54.4308 -20.6348 53.4843 -0.778545 -0.0163271 0.627375
-53.6829 -21.3207 54.3943 -0.779987 -0.0153237 0.625604
-53.3442 -22.3864 54.7945 -0.780943 -0.0134449 0.624458
-52.9088 -23.725 55.3102 -0.780681 -0.0133464 0.624787
-52.6449 -25.4898 55.5981 -0.778966 -0.0159731 0.626863
-52.9802 -26.6894 55.1494 -0.779791 -0.0175608 0.625794
-53.1208 -27.9711 54.9364 -0.781519 -0.0190409 0.623591
-53.8402 -29.1241 53.9912 -0.783453 -0.0239172 0.62099
-54.3313 -29.7364 53.3501 -0.781724 -0.0234913 0.623182
-55.0251 -30.0836 52.4678 -0.780934 -0.0225683 0.624205
-55.8284 -30.1418 51.4642 -0.78137 -0.0192322 0.623757
-56.5226 -29.8799 50.5889 -0.788507 -0.019842 0.614706
-57.1383 -29.5696 49.808 -0.786466 -0.0245155 0.617118
-57.7454 -28.6823 49.0777 -0.783647 -0.0260241 0.62066
-58.3966 -27.579 48.2921 -0.789155 -0.0266835 0.613614
-58.7164 -26.3399 47.9316 -0.791569 -0.022909 0.61065
-58.7606 -25.0059 47.9244 -0.788903 -0.021732 0.614117
-58.7487 -24.2829 47.9638 -0.785061 -0.0220806 0.619021
-58.7979 -23.5451 47.9299 -0.783815 -0.0228866 0.620572
