-19.3111 -43.7342 95.7778 -0.552382 0.0197589 0.833356
-18.4115 -43.4619 96.3095 -0.50182 0.00748322 0.864914
-17.1898 -43.5966 96.9855 -0.456448 -0.00701068 0.889722
-16.1817 -43.502 97.504 -0.442367 0.0068658 0.896552
-15.6796 -44.1538 97.751 -0.417315 0.0169667 0.908582
-16.7042 -44.291 97.2469 -0.463021 0.0331759 0.885726
-17.8282 -44.4339 96.657 -0.493117 0.0174357 0.869622
-18.418 -43.6305 96.3063 -0.504535 0.0029119 0.863385
-19.2703 -43.8134 95.8068 -0.529504 0.0118678 0.847746
-19.3958 -42.955 95.7023 -0.545015 0.00374306 0.838212
-20.1737 -43.5631 95.2058 -0.55558 -0.00362116 0.831044
-19.7942 -44.7406 95.4813 -0.554986 0.012987 0.831743
-18.7187 -44.9655 96.1425 -0.509641 0.0169603 0.86022
-17.7718 -45.0482 96.698 -0.478667 0.0148142 0.877871
-16.5807 -45.0095 97.3344 -0.460821 0.0121837 0.887382
-15.5892 -44.9686 97.8047 -0.421631 0.0129667 0.906675
-14.529 -44.4149 98.2784 -0.412531 0.0205834 0.910711
-14.6773 -43.0943 98.1865 -0.411996 0.0116365 0.911111
-15.567 -42.8727 97.7805 -0.427506 0.0208025 0.903773
-16.6939 -42.8538 97.2465 -0.442237 0.00593329 0.896617
-17.7985 -42.8742 96.6523 -0.496401 0.0117359 0.868014
-18.9236 -42.8556 96.0071 -0.50182 0.00748322 0.864914
-18.9643 -42.8666 95.9832 -0.527337 0.0123016 0.849139
-18.7397 -42.1681 96.1026 -0.506067 0.0161347 0.862282
-19.6434 -42.2443 95.5549 -0.54108 -0.0155232 0.840827
-20.6071 -42.8086 94.9056 -0.576187 -0.00856681 0.81727
-20.8689 -44.0322 94.7436 -0.559831 0.0211262 0.828335
-20.5178 -45.3145 95.0027 -0.557567 0.0055478 0.830113
-19.7265 -45.6311 95.5349 -0.539123 0.00342486 0.842011
-18.8444 -45.7164 96.0767 -0.522837 -0.00299234 0.852427
-17.9339 -45.7556 96.6223 -0.493914 0.0156189 0.869186
-16.704 -45.7437 97.2771 -0.458226 0.000251978 0.888807
-15.5286 -45.6907 97.8434 -0.421556 0.0133523 0.906704
-14.0521 -45.2953 98.4687 -0.370877 0.024196 0.928366
-13.7271 -44.0214 98.605 -0.360495 -0.000720277 0.932672
-13.8579 -42.799 98.5398 -0.397028 0.0245537 0.917478
-14.9761 -42.2447 98.0408 -0.404556 0.0180579 0.914275
-16.0146 -42.1765 97.5527 -0.425986 0.00575628 0.904582
-17.04 -42.174 97.0723 -0.454365 0.00798435 0.889962
-18.4259 -42.1639 96.2827 -0.497781 0.0126398 0.867211
-18.5016 -41.4752 96.2292 -0.506198 0.0166149 0.862192
-20.0757 -41.5529 95.2855 -0.512334 0.0101029 0.858654
-20.9121 -41.7689 94.6966 -0.587841 0.0175651 0.808782
-21.3987 -42.7254 94.3485 -0.569444 0.00480698 0.821822
-21.4588 -43.733 94.3329 -0.563506 0.023017 0.825791
-21.4408 -44.8587 94.3677 -0.64254 0.00799594 0.766155
-21.1228 -46.017 94.5912 -0.566934 -0.00438038 0.823752
-20.2677 -46.2881 95.1768 -0.561041 0.000256417 0.827755
-19.0492 -46.4274 95.9486 -0.523754 -0.00311309 0.851864
-17.9876 -46.4731 96.6044 -0.503356 0.0184637 0.863412
-16.8895 -46.4552 97.1756 -0.461062 -0.00714731 0.887338
-15.6518 -46.3943 97.7965 -0.415314 0.00838708 0.9096
-14.6981 -46.3478 98.2231 -0.408121 0.00410247 0.912919
-13.6811 -46.1704 98.639 -0.36401 0.0193426 0.931159
-13.125 -45.2255 98.8366 -0.370451 0.00879019 0.92869
-13.0066 -43.628 98.8719 -0.349893 0.00589695 0.936771
-13.1249 -42.0642 98.8373 -0.372993 0.00949246 0.927296
-14.422 -41.5714 98.275 -0.395504 0.000241792 0.918464
-15.5759 -41.4997 97.7656 -0.416208 -0.00114499 0.909183
-16.7215 -41.4843 97.2287 -0.424289 -0.0095531 0.905476
-17.6249 -41.4749 96.7275 -0.485237 0.0275437 0.873949
-17.8983 -41.4743 96.5755 -0.491725 0.0202211 0.870456
-18.2445 -40.781 96.3695 -0.492943 -0.000767248 0.869919
-19.1394 -40.7954 95.841 -0.510227 -0.00126202 0.860039
-20.0065 -40.8309 95.327 -0.54644 0.0104121 0.836194
-20.9245 -40.8964 94.6682 -0.588097 0.0207047 0.808518
-21.7612 -41.3004 94.0548 -0.62255 0.022958 0.782243
-21.9828 -42.8208 93.8983 -0.639704 0.00253014 0.768546
-22.0101 -44.0736 93.8858 -0.646996 0.00160875 0.762489
-22.0099 -45.337 93.9048 -0.637152 0.0113725 0.770637
-21.9072 -46.3999 93.9985 -0.63478 0.00537692 0.772673
-20.9599 -46.9624 94.698 -0.567993 0.00130175 0.823012
-20.0036 -47.0862 95.3591 -0.557015 0.00546141 0.830384
-19.142 -47.148 95.9106 -0.527915 0.026754 0.848876
-18.2372 -47.1918 96.4743 -0.503356 0.0184637 0.863412
-17.2079 -47.1738 97.0288 -0.455187 0.0258448 0.890021
-16.1262 -47.1167 97.581 -0.445064 0.0168269 0.895214
-15.1503 -47.0903 98.029 -0.407245 0.0229043 0.913032
-14.2364 -47.0747 98.4362 -0.389124 0.00994295 0.92083
-13.278 -46.9699 98.8061 -0.35806 0.00325078 0.933693
-12.5148 -46.1178 99.078 -0.330553 0.0228059 0.943512
-12.3784 -44.7729 99.1064 -0.334227 -0.00371486 0.942484
-12.303 -43.5855 99.1341 -0.349429 -0.000203111 0.936946
-12.2974 -42.4076 99.1233 -0.309086 0.0242957 0.950722
-12.6392 -41.0803 98.9907 -0.308102 0.0101842 0.951297
-13.5474 -40.893 98.6384 -0.360372 0.0300636 0.932321
-15.0343 -40.817 98.0026 -0.407102 0.00676138 0.913357
-16.1836 -40.8017 97.4884 -0.416506 -0.00160149 0.909051
-17.1727 -40.7875 96.9569 -0.483039 0.0102046 0.875374
-17.3616 -40.7846 96.8533 -0.480401 -0.0072004 0.87702
-17.5 -40.0878 96.7831 -0.480219 -0.00790339 0.877112
-16.0476 -40.1173 97.5446 -0.429723 0.0189803 0.902362
-15.067 -40.1131 97.9833 -0.407289 0.00581687 0.91328
-13.5481 -40.1508 98.6134 -0.361285 0.0267227 0.932061
-12.3419 -40.2431 99.0765 -0.329921 0.0216901 0.943376
-11.6282 -40.9945 99.3154 -0.307564 0.0104595 0.951469
-11.5524 -42.535 99.3672 -0.307829 0.0230731 0.951162
-11.5825 -43.5667 99.3767 -0.294624 0.0140405 0.95551
-11.6773 -44.5886 99.3545 -0.331532 -0.00417117 0.943433
-11.7711 -46.1007 99.338 -0.313431 0.0113974 0.949334
-12.2203 -47.4616 99.2076 -0.325305 0.011837 0.945106
-13.6173 -47.8017 98.6788 -0.357877 0.00316308 0.933763
-14.6056 -47.8162 98.2865 -0.371625 -0.00189207 0.928381
-15.5872 -47.8073 97.8475 -0.432655 0.0101097 0.901502
-16.5649 -47.8432 97.377 -0.444795 0.0179463 0.895344
-17.5618 -47.9047 96.8521 -0.47969 0.00960011 0.877385
-18.4592 -47.8983 96.3578 -0.505836 0.016027 0.862054
-19.3052 -47.8585 95.8174 -0.546874 0.00265905 0.83721
-20.575 -47.7617 94.9707 -0.56865 0.00712776 0.822549
-21.5996 -47.6362 94.2622 -0.6027 0.0119311 0.796632
-22.5272 -46.844 93.4892 -0.639195 0.0040752 0.769034
-22.5721 -45.7553 93.4441 -0.639721 0.0113754 0.768505
-22.5595 -44.5553 93.4297 -0.641732 0.0158879 0.766764
-22.5442 -43.3146 93.4282 -0.645539 -0.00180383 0.763701
-22.5296 -42.1214 93.4505 -0.642429 -0.00680817 0.766315
-22.3859 -40.9461 93.5464 -0.619522 0.00927918 0.784783
-21.7084 -40.2122 94.0756 -0.607978 0.00350107 0.793888
-20.6533 -40.1547 94.8432 -0.585076 0.0231326 0.810646
-19.8219 -40.116 95.4374 -0.545799 0.0122962 0.836615
-18.9037 -40.0931 95.979 -0.505281 0.00514966 0.86294
-17.9639 -40.0849 96.5292 -0.49244 -0.00138685 0.870199
-17.7284 -39.3854 96.6621 -0.50412 -0.000697408 0.863607
-18.6216 -39.3917 96.1415 -0.50418 -0.0068885 0.86357
-19.5937 -39.4095 95.5741 -0.532394 0.0104337 0.845615
-20.5345 -39.4499 94.9209 -0.579065 0.00355599 0.815268
-21.4338 -39.4033 94.272 -0.603802 0.0110355 0.797058
-22.5161 -39.5747 93.4535 -0.609357 0.00270453 0.792824
-23.0666 -41.2113 92.9961 -0.682201 0.00770346 0.731101
-23.0858 -42.3642 92.9741 -0.670666 -0.0072231 0.741724
-23.0864 -43.5212 92.9614 -0.666361 0.0012391 0.745548
-23.1049 -44.675 92.9664 -0.664017 0.0150094 0.747566
-23.1192 -45.8551 92.9782 -0.662525 0.0191173 0.748785
-23.1064 -47.041 93.0042 -0.651196 0.00424738 0.758898
-22.9252 -48.2381 93.1654 -0.651924 0.000205086 0.758275
-21.8348 -48.4342 94.0806 -0.637925 0.010903 0.770019
-20.9422 -48.4785 94.726 -0.566942 0.0108589 0.823686
-19.4658 -48.5624 95.718 -0.548445 0.0167483 0.836019
-18.3005 -48.6344 96.4639 -0.49893 0.0211433 0.866082
-16.9656 -48.5664 97.1906 -0.459357 0.0204824 0.887711
-16.0126 -48.5303 97.6516 -0.433036 0.0129445 0.901283
-14.2687 -48.559 98.4199 -0.371625 -0.00189207 0.928381
-12.6484 -48.4957 99.0474 -0.350929 -0.00112321 0.936401
-11.3357 -48.0077 99.5 -0.301137 0.0215036 0.953337
-11.0929 -46.742 99.5519 -0.299206 0.00544208 0.954171
-11.0255 -45.6601 99.5713 -0.293944 0.00210681 0.955805
-10.9654 -44.5162 99.5794 -0.293073 0.0119096 0.956015
-10.8409 -43.2802 99.6008 -0.293178 0.0145184 0.955948
-10.8476 -41.8635 99.5769 -0.279895 0.0210915 0.95967
-10.8533 -40.5379 99.5616 -0.280264 0.00891332 0.959881
-11.6006 -39.5548 99.3066 -0.313113 0.0197862 0.94951
-12.544 -39.4173 98.9838 -0.357246 0.0185906 0.933824
-13.8134 -39.4076 98.4937 -0.363806 0.0220689 0.931207
-15.0835 -39.4308 97.9709 -0.399658 0.0157428 0.916438
-16.4107 -39.3945 97.3345 -0.452186 0.0313397 0.891371
-17.6332 -39.3849 96.7172 -0.465132 0.0118953 0.884762
-17.6489 -39.3848 96.7086 -0.49244 -0.00138685 0.870199
-17.7882 -38.6839 96.6199 -0.487543 0.0135296 0.872994
-19.2648 -38.6351 95.7713 -0.531224 0.0111372 0.846361
-20.2856 -38.6159 95.0799 -0.55933 0.0254962 0.82855
-21.3056 -38.661 94.359 -0.595951 0.0058119 0.802891
-22.5359 -38.7103 93.4257 -0.60493 0.012503 0.79618
-23.432 -39.3784 92.6448 -0.681421 -0.00745167 0.731852
-23.6195 -40.6095 92.4727 -0.686234 0.00922548 0.727306
-23.6493 -41.8005 92.4652 -0.683654 0.0126815 0.729696
-23.6643 -42.9816 92.4438 -0.667396 0.00117022 0.744622
-23.6865 -44.134 92.4399 -0.662832 0.0101769 0.748699
-23.7059 -45.3111 92.445 -0.663141 0.0188031 0.748244
-23.73 -46.5331 92.4605 -0.661032 0.0225225 0.75002
-23.7226 -47.7189 92.4796 -0.652209 0.000544705 0.758026
-23.5338 -48.8849 92.6379 -0.656152 -0.00113742 0.75462
-22.2696 -49.4435 93.7375 -0.642741 0.0143775 0.765882
-21.4705 -49.1999 94.3736 -0.566316 0.0134596 0.824078
-20.4178 -49.2731 95.0956 -0.564623 0.0115585 0.825263
-19.5648 -49.2951 95.6676 -0.552486 0.0116889 0.83341
-18.5349 -49.3821 96.3304 -0.516338 0.00869984 0.856337
-17.4604 -49.3708 96.9464 -0.471255 0.0058735 0.881868
-16.4503 -49.3147 97.4518 -0.439665 0.0102035 0.8981
-14.7655 -49.2814 98.2308 -0.388631 0.00344984 0.921153
-13.0687 -49.3302 98.894 -0.354196 0.00475282 0.935146
-11.5096 -49.0906 99.4667 -0.333075 0.00408151 0.942806
-10.5455 -48.5555 99.7504 -0.289331 0.0171597 0.957075
-10.2724 -47.3191 99.8058 -0.275101 0.0165297 0.961251
-10.1821 -46.1935 99.8252 -0.280866 -0.00148297 0.959741
-10.2988 -45.1816 99.7884 -0.289695 0.00610853 0.957099
-10.1536 -43.5702 99.8154 -0.28474 0.0230562 0.95823
-10.1274 -42.207 99.7855 -0.267106 0.0283426 0.963249
-10.0791 -41.0908 99.7919 -0.272235 -0.000449493 0.962229
-10.1019 -39.9548 99.7748 -0.279649 0.00929464 0.960057
-10.8153 -38.8635 99.5567 -0.301449 0.0105764 0.953234
-12.37 -38.4873 99.0309 -0.335636 0.0196876 0.941478
-13.3344 -38.6327 98.6639 -0.361955 0.0170186 0.932027
-14.4217 -38.657 98.239 -0.373086 -0.00440192 0.927576
-15.6256 -38.6337 97.7165 -0.428587 0.0167347 0.903336
-17.2479 -38.6814 96.9186 -0.446126 -0.0140606 0.894859
-17.2984 -38.6815 96.8935 -0.466503 0.000378083 0.884097
