58.4961 -15.3055 58.1376 0.787381 -0.0167627 0.616235
58.9241 -14.5298 57.6111 0.788114 -0.0168126 0.615299
59.1552 -15.435 57.2898 0.787617 -0.0186607 0.615882
58.7231 -15.8327 57.8309 0.788337 -0.0181626 0.614976
58.4689 -16.6816 58.1318 0.788364 -0.0181345 0.614941
59.1029 -16.7203 57.3177 0.788026 -0.0184926 0.615364
59.6081 -16.0899 56.6918 0.785314 -0.0155709 0.618902
59.7683 -15.0755 56.5166 0.787674 -0.0175114 0.615842
59.5242 -14.1627 56.8531 0.787762 -0.0163196 0.615763
58.653 -13.8553 57.9776 0.788473 -0.0171624 0.61483
58.0684 -14.7194 58.6968 0.786213 -0.0169348 0.617721
58.0795 -16.0459 58.6497 0.787465 -0.01676 0.616128
57.6735 -16.4925 59.155 0.784932 -0.0167795 0.619355
58.1471 -17.3022 58.5287 0.788656 -0.0157016 0.614635
58.7313 -17.5961 57.7717 0.788193 -0.0151249 0.615241
59.696 -17.0236 56.5567 0.785278 -0.0158702 0.618939
60.1752 -15.9834 55.9748 0.78532 -0.0156085 0.618893
60.204 -14.7337 55.9657 0.789449 -0.0141263 0.613653
59.958 -13.7227 56.3067 0.789937 -0.0143967 0.61302
59.3346 -12.8729 57.1278 0.788487 -0.012774 0.614919
58.5912 -12.9736 58.0781 0.785521 -0.0137177 0.618675
57.949 -13.6924 58.8769 0.784202 -0.0102631 0.620418
57.5271 -15.1831 59.3749 0.785692 -0.0157076 0.618417
57.504 -15.7034 59.3906 0.784912 -0.0162603 0.619394
57.0424 -15.8882 59.9706 0.784838 -0.0161904 0.619489
57.1215 -14.4522 59.9075 0.784334 -0.0143753 0.620171
57.4801 -13.4411 59.4711 0.784385 -0.0103086 0.620184
57.9502 -12.711 58.8909 0.782899 -0.00982752 0.622071
58.7801 -11.952 57.8579 0.785849 -0.0112315 0.6183
59.737 -12.2723 56.6244 0.788442 -0.0128241 0.614976
60.2213 -12.9771 55.9848 0.789981 -0.0141132 0.612969
60.5501 -13.9424 55.5385 0.789601 -0.014023 0.61346
60.7319 -15.1189 55.2789 0.78921 -0.0132248 0.613981
60.5546 -16.4323 55.4785 0.789445 -0.0140643 0.613659
60.1078 -17.4479 56.0233 0.786292 -0.017122 0.617614
59.3996 -18.159 56.9036 0.786384 -0.015168 0.617549
58.355 -18.3283 58.2357 0.788256 -0.0152122 0.615159
57.4904 -17.3785 59.3621 0.785356 -0.0178812 0.618786
57.1208 -16.4815 59.8556 0.784799 -0.0172549 0.61951
57.0935 -16.3814 59.893 0.784806 -0.0167194 0.619516
56.5655 -16.3473 60.5628 0.784806 -0.0167194 0.619516
56.8201 -17.2572 60.2149 0.784803 -0.0173873 0.619501
57.4039 -18.3423 59.4439 0.785237 -0.0174798 0.618948
58.0036 -18.9768 58.6653 0.785571 -0.0173405 0.618528
58.6457 -19.2066 57.8411 0.787611 -0.016536 0.615951
59.49 -18.9147 56.7699 0.788208 -0.0176158 0.615155
60.0859 -18.5032 56.0206 0.787243 -0.017811 0.616386
60.6594 -17.7212 55.3089 0.790222 -0.0174104 0.612574
60.9694 -16.8426 54.9338 0.790541 -0.0160949 0.612196
61.1761 -15.8665 54.691 0.789881 -0.0140373 0.613099
61.1028 -14.1742 54.823 0.789209 -0.0135992 0.613974
60.8602 -13.122 55.1581 0.789824 -0.0129987 0.613196
60.5002 -12.3064 55.6406 0.790636 -0.0133781 0.61214
60.0349 -11.6572 56.2552 0.789202 -0.013404 0.613985
59.13 -10.8116 57.436 0.788475 -0.0137836 0.614911
58.5699 -11.2368 58.1361 0.783627 -0.0119285 0.621117
57.6598 -12.1078 59.2663 0.78478 -0.0127545 0.619638
56.913 -13.4334 60.1921 0.785916 -0.010765 0.61824
56.605 -14.4815 60.5598 0.784179 -0.0131316 0.620395
56.5068 -15.4859 60.6591 0.784462 -0.0157451 0.619978
56.5642 -16.335 60.5647 0.784645 -0.0160119 0.619738
56.0933 -16.4385 61.1546 0.782766 -0.0163511 0.622101
56.2947 -17.3819 60.8768 0.784692 -0.0173077 0.619644
56.7362 -18.6197 60.2822 0.784487 -0.0183073 0.619876
57.3225 -19.3789 59.5182 0.784178 -0.0175464 0.620288
57.9709 -19.7696 58.6845 0.785636 -0.0173854 0.618445
58.5854 -20.2032 57.8913 0.786714 -0.0170278 0.617081
59.2564 -19.979 57.0379 0.789076 -0.0185439 0.614016
59.8183 -19.5647 56.3284 0.788196 -0.0193291 0.615118
60.5664 -18.8971 55.393 0.787809 -0.0196537 0.615606
61.2077 -17.9388 54.5957 0.789878 -0.0167874 0.613034
61.473 -16.783 54.2851 0.790541 -0.0160949 0.612196
61.6618 -15.6774 54.0689 0.78986 -0.0150948 0.613101
61.6247 -14.4161 54.1461 0.789853 -0.0129878 0.613158
61.3595 -12.9937 54.5177 0.789786 -0.0129849 0.613246
61.0517 -12.0991 54.9329 0.790287 -0.0130115 0.612598
60.4154 -11.1954 55.7748 0.790649 -0.0141385 0.612106
59.7473 -10.375 56.6538 0.788813 -0.0133127 0.614488
58.7244 -10.01 57.964 0.784174 -0.0110551 0.620442
57.8135 -11.1332 59.0919 0.783403 -0.0119618 0.621399
57.2115 -11.6317 59.8471 0.786319 -0.0131514 0.617681
56.6629 -12.6697 60.5234 0.786125 -0.0119616 0.617951
56.2726 -13.7399 60.9957 0.78281 -0.0121105 0.622138
56.0769 -14.7629 61.2213 0.784278 -0.0144333 0.62024
56.0867 -16.3466 61.1654 0.782716 -0.0169927 0.622147
58.816 -7.50761 57.89 0.787304 -0.0102458 0.616479
59.4025 -7.79657 57.1359 0.787453 -0.0102475 0.616289
60.1621 -7.29425 56.1753 0.787317 -0.0111324 0.616448
60.9209 -6.46205 55.2167 0.789614 -0.0101432 0.613519
61.4941 -5.9579 54.4856 0.790007 -0.00921007 0.613029
61.8241 -4.84501 54.0773 0.790533 -0.0105844 0.612327
62.1182 -3.43315 53.7204 0.789944 -0.00965973 0.613103
62.2108 -1.78756 53.6201 0.790965 -0.00691354 0.611823
61.8262 -0.771257 54.1312 0.792721 -0.0105965 0.609492
61.5688 0.458079 54.4868 0.792584 -0.00849539 0.609701
61.1474 1.32135 55.0422 0.789225 -0.00576195 0.614078
60.9566 2.37339 55.2973 0.789235 -0.00549612 0.614067
60.9763 3.51533 55.2817 0.789529 -0.00521203 0.613691
61.1741 4.47412 55.0365 0.78853 -0.00390415 0.614982
61.3659 5.53246 54.7949 0.790644 -0.0011805 0.612264
61.5784 6.46611 54.517 0.793019 0.00134519 0.609195
61.559 7.50097 54.5408 0.793969 -0.00242142 0.607947
61.343 9.38386 54.839 0.794897 -0.00272063 0.606734
60.6794 10.5675 55.6897 0.78884 0.000747094 0.614598
60.1099 11.267 56.4275 0.790855 -0.00358714 0.611993
59.144 11.7671 57.6803 0.791575 -0.0028963 0.611065
58.46 11.7761 58.5634 0.790317 -0.00301644 0.61269
57.7268 11.3672 59.4943 0.786118 -0.00566008 0.618051
57.0933 10.8165 60.2918 0.784777 -0.00599621 0.619749
56.6309 9.9961 60.8708 0.785191 -0.00480047 0.619235
56.3487 8.96609 61.2216 0.785584 -0.00407585 0.618741
56.1137 7.84246 61.5134 0.784092 -0.00494577 0.620618
56.1736 6.66592 61.4292 0.784271 -0.00417703 0.620398
56.4047 5.50677 61.1259 0.785945 -0.00504146 0.618276
56.7147 4.49147 60.7222 0.785986 -0.00588202 0.618216
57.2427 3.08459 60.0447 0.78355 -0.00339143 0.621319
57.3775 1.92615 59.8676 0.783336 -0.00476443 0.62158
57.3664 0.897193 59.8728 0.784 -0.00532768 0.620738
57.2192 -0.0824954 60.0492 0.787299 -0.0123632 0.616445
56.9844 -1.09905 60.3262 0.786307 -0.0138148 0.617681
56.8249 -2.80981 60.4936 0.786474 -0.011908 0.617508
56.8205 -3.85709 60.4809 0.786454 -0.0097573 0.617571
57.095 -5.03282 60.1159 0.783867 -0.00714661 0.620881
57.6707 -6.27783 59.3733 0.78267 -0.011271 0.622335
58.204 -6.98035 58.6799 0.787328 -0.0120062 0.616415
58.5209 -7.23198 58.2713 0.787143 -0.010215 0.616686
58.9615 -6.68938 57.7183 0.78732 -0.0139846 0.616385
58.3178 -6.04434 58.5554 0.787521 -0.0137493 0.616135
57.7945 -5.27951 59.2353 0.782407 -0.0089721 0.622699
57.29 -3.64559 59.8864 0.784124 -0.00780836 0.620545
57.3359 -2.15081 59.8563 0.786125 -0.012161 0.617948
57.5252 -0.934936 59.6413 0.787127 -0.0123751 0.616663
57.7215 0.0475717 59.4081 0.788129 -0.00992856 0.615428
57.8725 1.7103 59.2373 0.788293 -0.00800454 0.615248
57.7436 3.09968 59.4127 0.784845 -0.0033594 0.619683
57.3357 4.33041 59.9354 0.784201 -0.00496888 0.620487
56.9706 5.37756 60.4053 0.785084 -0.00554799 0.619362
56.6959 6.35101 60.7626 0.78598 -0.00491495 0.618232
56.6342 7.94903 60.8528 0.785989 -0.00410458 0.618227
56.8516 8.90323 60.5827 0.784965 -0.00465495 0.619521
57.2178 9.85151 60.1263 0.784878 -0.00483456 0.619631
58.1484 10.7926 58.9524 0.786356 -0.00600978 0.617744
59.2502 10.9442 57.5384 0.791532 -0.00315145 0.61112
59.9304 10.4745 56.6552 0.791112 -0.00265842 0.611665
60.4902 9.72064 55.9333 0.788721 0.00138446 0.614749
60.9472 8.75714 55.3502 0.791331 -0.00169985 0.611359
61.0829 7.68911 55.1634 0.794113 -0.00301103 0.607757
60.9849 6.04466 55.2905 0.793537 8.76947e-05 0.608521
60.6181 4.17781 55.748 0.789042 -0.00518895 0.614317
60.502 3.16536 55.8889 0.791488 -0.00613804 0.611154
60.6298 1.54395 55.7095 0.788688 -0.00637821 0.61476
60.9638 0.342707 55.2682 0.788276 -0.0073021 0.615278
61.3853 -1.09539 54.6985 0.792547 -0.0108214 0.609715
61.6356 -2.09809 54.3609 0.791853 -0.00728994 0.610668
61.5551 -3.85568 54.4386 0.788938 -0.00962645 0.614397
61.1155 -5.13686 54.9849 0.789547 -0.00790201 0.613639
60.5267 -6.01823 55.7312 0.789748 -0.00850819 0.613372
59.8326 -6.66055 56.607 0.787168 -0.0108155 0.616644
59.2134 -6.72755 57.3958 0.787088 -0.0125597 0.61671
59.0154 -6.7339 57.6485 0.787181 -0.0142416 0.616558
59.1906 -5.91267 57.4438 0.787181 -0.0142416 0.616558
59.8665 -5.75739 56.5839 0.787763 -0.0141035 0.615817
60.5067 -5.05814 55.7694 0.790731 -0.00805005 0.612111
61.1105 -3.50522 55.0151 0.789366 -0.0109309 0.613823
61.172 -2.41714 54.9577 0.78981 -0.0122873 0.613229
60.8108 -0.920202 55.4484 0.790392 -0.00930553 0.612519
60.4898 0.143161 55.873 0.788179 -0.00764237 0.615398
60.2132 1.14841 56.2385 0.788142 -0.00693702 0.615454
60.0277 2.83646 56.4994 0.789196 -0.00914688 0.614058
60.115 3.89172 56.3973 0.791528 -0.00528096 0.611109
60.2962 4.98336 56.1714 0.790975 -0.0054896 0.611823
60.4813 5.97517 55.941 0.790933 -0.00433471 0.611886
60.5694 7.4574 55.8347 0.792616 -0.00174133 0.609711
60.2959 8.85169 56.1857 0.788826 0.00189667 0.614613
59.4516 9.97772 57.2729 0.791713 0.0028083 0.610886
58.8243 10.2135 58.0862 0.788959 -0.00461834 0.614412
57.9687 9.7547 59.174 0.786786 -0.00293778 0.617219
57.384 8.87799 59.9098 0.78427 -0.00390885 0.620408
57.0894 7.37001 60.271 0.784757 -0.00476975 0.619785
57.2288 6.2433 60.0847 0.784933 -0.00448294 0.619564
57.618 4.98942 59.5831 0.784837 -0.00407943 0.619689
57.9894 4.09556 59.107 0.784722 -0.00377071 0.619837
58.2433 3.11193 58.7798 0.786658 -0.00567276 0.617351
58.3618 1.99501 58.6135 0.788547 -0.00787848 0.614924
58.2793 0.654302 58.7023 0.788299 -0.00806981 0.61524
58.0793 -0.586355 58.938 0.78814 -0.0114557 0.61539
57.8759 -1.69711 59.1786 0.785163 -0.0082384 0.619234
57.7802 -3.12897 59.2765 0.783349 -0.00987363 0.621503
57.97 -4.31116 59.0246 0.783081 -0.00566656 0.621893
58.3731 -5.10717 58.5061 0.786817 -0.0110171 0.617079
59.0716 -5.8144 57.5979 0.787163 -0.014257 0.61658
59.3487 -5.05646 57.2613 0.787359 -0.0139789 0.616336
59.9839 -4.71135 56.4493 0.790705 -0.00803433 0.612145
60.4882 -3.87004 55.8093 0.790304 -0.0106569 0.61262
60.6719 -2.87006 55.5927 0.78981 -0.0122873 0.613229
60.5311 -1.83165 55.7948 0.788714 -0.010642 0.614664
60.2494 -0.794338 56.1692 0.788043 -0.00802917 0.615567
59.94 0.193539 56.5775 0.788093 -0.00726511 0.615513
59.6572 1.54825 56.9515 0.786816 -0.00602266 0.617159
59.5265 2.69056 57.1362 0.787039 -0.0120212 0.616786
59.6497 3.79724 56.9949 0.787886 -0.00832553 0.615765
59.8933 5.40687 56.6961 0.791177 -0.00518734 0.611565
60.0891 6.84549 56.4523 0.790823 -0.00319457 0.612037
60.0278 7.93137 56.5371 0.791177 -9.6266e-06 0.611579
59.5774 8.87175 57.1149 0.791465 0.00296126 0.611208
58.9844 9.3541 57.8813 0.788423 0.00109903 0.615106
58.3627 9.19262 58.6692 0.785975 -0.00166567 0.618254
57.8475 8.57518 59.3218 0.784221 -0.004588 0.620464
57.6014 6.85738 59.6172 0.784732 -0.00571748 0.619809
57.965 5.47231 59.1468 0.784784 -0.00407631 0.619756
58.5666 3.96319 58.3754 0.784722 -0.00377071 0.619837
58.776 2.92138 58.0943 0.788567 -0.00790761 0.614898
58.8425 1.07842 57.9854 0.787668 -0.00696838 0.616058
58.6911 0.135915 58.1692 0.786768 -0.00652404 0.617215
58.4049 -1.36895 58.5124 0.785181 -0.00856271 0.619207
58.2565 -2.50144 58.6858 0.785153 -0.00793661 0.619251
58.4107 -3.89755 58.4734 0.784777 -0.00663338 0.619736
58.8172 -4.70224 57.9456 0.786467 -0.007774 0.617584
59.0759 -4.86749 57.6141 0.78691 -0.0108751 0.616963
59.0835 -3.92794 57.6159 0.786875 -0.00722749 0.61707
58.7351 -2.74424 58.0758 0.786057 -0.00869189 0.618091
58.7957 -1.59853 58.0136 0.7852 -0.00822334 0.619187
59.1886 -0.722858 57.5252 0.78673 -0.00699702 0.617258
59.2347 0.263582 57.4775 0.786754 -0.00600175 0.617238
59.7282 -0.717779 56.8367 0.787743 -0.00804549 0.615952
59.9872 -1.64273 56.4932 0.787799 -0.00862919 0.615871
60.1727 -2.65713 56.2396 0.789648 -0.0122942 0.613437
59.7976 -3.95943 56.7004 0.790723 -0.00879448 0.612111
59.4944 -4.15937 57.0894 0.788829 -0.00790748 0.614553
59.5298 -3.11008 57.0574 0.787129 -0.00864844 0.616727
59.6029 -2.1088 56.978 0.787736 -0.0089864 0.615948
59.1985 -2.43964 57.4894 0.786899 -0.00954694 0.617008
59.2364 -2.87562 57.4345 0.786668 -0.00919767 0.617307
59.2133 3.87912 57.5539 0.785534 -0.00480072 0.6188
59.4194 5.41463 57.3039 0.785375 -0.00416999 0.619006
59.6197 6.97182 57.0593 0.790658 -0.00318022 0.61225
59.3537 8.05974 57.4087 0.790986 -4.30361e-05 0.611825
58.6873 8.47934 58.2571 0.785014 -0.000436486 0.619477
58.0885 7.54532 59.0077 0.784342 -0.0057831 0.620302
58.2154 6.28684 58.8354 0.784516 -0.00604827 0.62008
58.5659 5.35009 58.3851 0.784886 -0.00393304 0.619628
58.9057 4.54922 57.9496 0.785215 -0.00436589 0.619208
58.9496 5.74311 57.9016 0.785028 -0.00387814 0.619448
58.5761 6.91585 58.3851 0.784516 -0.00604827 0.62008
58.8856 7.48199 57.9991 0.78451 -0.00609299 0.620086
59.019 6.2494 57.8178 0.784749 -0.00635761 0.619781
58.9853 6.00504 57.8579 0.785001 -0.00514492 0.619471
