61.0937 23.9207 58.0984 0.797694 0.00932231 0.602987
61.5853 24.8684 57.4276 0.79956 0.0141254 0.600418
61.489 23.452 57.5804 0.798639 0.00726923 0.601766
61.7466 22.8793 57.2448 0.799114 0.00730693 0.601135
62.0783 24.2853 56.7815 0.801019 0.0116273 0.598527
61.9562 25.3772 56.9201 0.800513 0.0143146 0.599145
61.3092 25.5939 57.7768 0.7988 0.0147282 0.601417
60.8763 24.7982 58.3691 0.797155 0.0113193 0.603669
60.575 23.5581 58.7902 0.797654 0.00930365 0.60304
60.7134 22.4903 58.6202 0.798413 0.00802275 0.602057
61.4643 22.4175 57.6259 0.798647 0.00739807 0.601754
61.7339 21.8557 57.2762 0.798647 0.0103221 0.60171
61.157 21.3985 58.0487 0.797249 0.0108942 0.603552
60.4032 21.803 59.0408 0.797435 0.0078133 0.603353
60.1485 23.1234 59.3598 0.79486 0.00966005 0.606707
60.2853 24.4822 59.1555 0.797068 0.0112145 0.603785
60.6211 25.4442 58.694 0.79796 0.012844 0.60257
61.1848 26.4384 57.9178 0.798333 0.018393 0.601936
61.7608 26.7101 57.1424 0.800644 0.0210496 0.598768
62.2456 26.0224 56.5143 0.802222 0.0180946 0.596751
62.5134 24.8478 56.188 0.800811 0.0129347 0.598776
62.3325 23.2538 56.4615 0.800103 0.00947029 0.599781
62.0026 22.3442 56.912 0.798439 0.00972502 0.601997
62.2923 21.8386 56.5359 0.798455 0.00971667 0.601976
62.6693 22.8802 56.0179 0.800904 0.0110439 0.598688
62.9155 24.2827 55.66 0.801677 0.0116479 0.597644
62.8044 25.7488 55.7715 0.800931 0.01859 0.598468
62.3068 27.0694 56.3975 0.801533 0.0209641 0.597583
61.4855 27.5029 57.4814 0.799878 0.0211924 0.599788
60.628 26.6045 58.6512 0.797646 0.0188052 0.602831
60.0911 25.3637 59.3955 0.796626 0.0139517 0.604305
59.8027 24.365 59.7946 0.794967 0.00896388 0.606574
59.7148 23.3759 59.9201 0.793247 0.00930026 0.608824
59.7418 22.3496 59.9049 0.79429 0.00930431 0.607461
59.9925 21.3446 59.5875 0.796058 0.00599667 0.605188
60.4779 20.6351 58.9574 0.794941 0.00781599 0.606633
61.4456 20.6984 57.68 0.798041 0.010505 0.60251
61.9847 21.2587 56.9539 0.798888 0.0108098 0.601382
62.119 21.4535 56.772 0.798664 0.0102601 0.60169
62.4356 20.9709 56.3601 0.799526 0.0087458 0.600563
61.9679 20.324 56.9912 0.800108 0.00630456 0.599823
61.3852 19.8634 57.7723 0.798446 0.0036948 0.602054
60.689 19.7516 58.6915 0.795373 0.00736626 0.606074
60.0728 20.0959 59.4928 0.793578 0.00753865 0.608422
59.5942 20.8589 60.1138 0.795223 0.00457719 0.6063
59.2812 22.5671 60.5006 0.793081 0.0114842 0.609008
59.3307 24.0423 60.4129 0.793135 0.00691716 0.609007
59.5024 25.0272 60.1784 0.795634 0.0107537 0.605654
59.9129 26.2346 59.606 0.795871 0.0167402 0.605235
60.3007 27.1117 59.0673 0.797006 0.0190471 0.603671
60.8348 27.8912 58.3341 0.799026 0.0238637 0.600822
61.4847 28.3527 57.4502 0.799582 0.023532 0.600096
62.2133 28.1067 56.4862 0.801602 0.0213365 0.597477
62.9508 26.94 55.5381 0.801488 0.0211962 0.597636
63.221 25.9127 55.2088 0.800941 0.0186792 0.598452
63.3348 24.7393 55.0873 0.802098 0.0130039 0.597051
63.2633 23.6591 55.2056 0.801547 0.0121036 0.59781
63.0518 22.6673 55.5096 0.801382 0.0124611 0.598024
62.7965 21.7598 55.866 0.80038 0.0096008 0.599416
62.4958 21.0582 56.2786 0.798664 0.0102601 0.60169
62.8707 20.6639 55.7877 0.798429 0.0096106 0.602003
62.2281 19.768 56.6501 0.800032 0.00633082 0.599924
61.482 19.1635 57.6476 0.79902 0.00359148 0.601293
60.6677 18.9681 58.7265 0.79601 0.00394957 0.605267
59.747 19.5151 59.9247 0.793276 0.00592391 0.608831
59.2316 20.3496 60.59 0.792876 0.00380392 0.609372
58.8983 21.8296 61.0136 0.793114 0.00804525 0.60901
58.839 23.4055 61.0613 0.794384 0.00928412 0.60734
59.0692 25.0376 60.7453 0.794814 0.00542961 0.606828
59.3267 26.0234 60.383 0.796452 0.0168665 0.604466
59.7828 27.1859 59.7485 0.796659 0.0201906 0.60409
60.3136 28.1984 59.0126 0.796673 0.021602 0.604024
60.8194 28.7828 58.3188 0.798584 0.0240793 0.601401
61.7439 29.1727 57.072 0.799899 0.0238605 0.599661
62.336 28.8738 56.294 0.80075 0.0226214 0.598568
62.8746 28.2493 55.594 0.801338 0.0212668 0.597834
63.2816 27.4316 55.0774 0.80118 0.0214231 0.59804
63.5705 26.4407 54.7249 0.800991 0.0182093 0.598399
63.7197 25.2591 54.5587 0.801303 0.0148386 0.598074
63.7383 24.1144 54.5595 0.800583 0.0147586 0.599036
63.5602 22.9426 54.8228 0.798455 0.011718 0.601939
63.2377 21.6628 55.2785 0.799913 0.0111576 0.60001
63.0479 21.0948 55.5428 0.799401 0.0124169 0.600669
63.508 20.9258 54.9342 0.799354 0.0123178 0.600734
63.8309 22.2004 54.4783 0.799638 0.0100859 0.600392
64.0583 23.1676 54.1575 0.799687 0.0119287 0.600296
64.1638 24.4698 53.9818 0.800744 0.0153812 0.598807
64.1155 25.5733 54.0197 0.802472 0.0157251 0.596483
63.9007 26.9828 54.2647 0.801254 0.0214336 0.59794
63.6168 27.9205 54.6107 0.801228 0.0214901 0.597973
63.2164 28.71 55.1194 0.801338 0.0212668 0.597834
62.6761 29.4219 55.818 0.800755 0.0252814 0.598449
61.9477 29.9248 56.7736 0.799814 0.0201341 0.599909
61.3084 29.9149 57.6264 0.798397 0.0214187 0.601744
60.5849 29.4322 58.6041 0.798566 0.0249705 0.601389
60.0785 28.9132 59.2971 0.797556 0.0228305 0.602809
59.67 28.1587 59.864 0.801222 0.0183666 0.598085
59.2054 27.063 60.5142 0.796678 0.015036 0.604215
58.7982 25.74 61.0875 0.795741 0.0155722 0.605434
58.5686 24.735 61.404 0.795081 0.00623964 0.606471
58.4062 23.6559 61.6265 0.795379 0.00618484 0.60608
58.3985 22.6532 61.6491 0.794386 0.00986973 0.607327
58.4926 21.5469 61.5433 0.792657 0.00444613 0.609652
58.6794 20.4524 61.3071 0.792431 0.00302857 0.609954
58.9965 19.5319 60.8997 0.792296 0.00269759 0.610131
59.86 18.5079 59.7841 0.789674 0.0015078 0.613524
60.6112 18.2098 58.8043 0.796696 0.00168962 0.604378
61.2528 18.2577 57.958 0.798747 0.00330733 0.601657
61.8218 18.5931 57.1998 0.798955 0.00393542 0.601378
62.3908 19.0483 56.4408 0.799537 0.00509727 0.600594
63.0445 19.9571 55.5658 0.797376 0.00659396 0.603447
63.2401 20.2787 55.3039 0.798349 0.0094047 0.602112
63.5605 19.7042 54.8866 0.800132 0.00572023 0.599784
63.8979 20.5977 54.4185 0.801747 0.0124039 0.597534
64.1711 21.6975 54.0307 0.8008 0.00784923 0.59888
64.4886 22.7139 53.5895 0.802864 0.0111171 0.596058
64.6432 24.4477 53.3395 0.803562 0.0165162 0.594992
64.5958 25.4923 53.3752 0.803653 0.0159805 0.594883
64.5133 26.6056 53.4535 0.804701 0.0217103 0.593282
64.286 27.5461 53.7255 0.80418 0.0231881 0.593934
63.8661 28.5733 54.253 0.803479 0.0234597 0.594862
63.2005 29.717 55.1033 0.801617 0.0224423 0.597417
62.5954 30.2797 55.8853 0.802136 0.0277883 0.596483
62.0439 30.7895 56.6097 0.803306 0.0269979 0.594952
61.4326 30.748 57.4313 0.798295 0.0221796 0.601853
60.7681 30.4943 58.3178 0.796937 0.0226874 0.603636
60.2263 29.9423 59.059 0.79847 0.0248694 0.601521
59.5426 29.0164 60.0079 0.801082 0.0199985 0.598219
59.0422 28.1609 60.7051 0.799249 0.0154181 0.600783
58.6487 27.1071 61.2472 0.796732 0.0148269 0.604149
58.248 25.6545 61.8099 0.793553 0.013756 0.608343
58.0771 24.6854 62.0485 0.792971 0.00880525 0.609195
57.9705 23.1457 62.205 0.795392 0.00775685 0.606046
57.9139 22.0387 62.293 0.794307 0.00518299 0.60749
58.0885 20.9792 62.0729 0.792948 0.00395921 0.609276
58.2246 19.8698 61.9014 0.792813 0.00278475 0.609459
58.8383 18.7352 61.1061 0.792654 -0.000184999 0.609671
59.5559 17.913 60.1769 0.789646 0.00150686 0.613561
60.2003 17.4282 59.3468 0.792346 -0.00036855 0.610063
60.8426 17.3393 58.5014 0.796549 0.000424533 0.604574
61.724 17.7334 57.3353 0.798633 0.00358131 0.601807
62.385 18.2454 56.4532 0.798282 0.00385687 0.60227
63.064 18.8133 55.5511 0.797616 0.00494409 0.603145
63.2782 19.1077 55.2656 0.797578 0.00528013 0.603192
