26.8859 -44.2569 35.4473 0.5435 -0.00301487 0.839398
27.8241 -44.4133 34.8376 0.54989 -0.00193354 0.835211
28.4309 -43.744 34.4349 0.555289 -0.00273013 0.831653
27.5473 -43.6831 35.018 0.545027 -0.00052496 0.838418
27.0687 -44.1749 35.3285 0.545061 -0.000863759 0.838396
26.7876 -45.1173 35.5066 0.541586 -0.00364196 0.840638
26.0437 -44.6191 35.9873 0.536332 -0.00495777 0.843986
26.0958 -43.3182 35.9654 0.541746 -0.0130682 0.84044
26.8993 -42.9867 35.447 0.548063 -0.0132997 0.836331
28.031 -42.9772 34.7036 0.547448 -0.0071199 0.836777
29.2296 -43.268 33.9075 0.552494 -0.00798332 0.833479
29.0107 -44.9958 34.0369 0.559301 -0.0120473 0.828877
27.8943 -45.1255 34.7879 0.557 -0.00770393 0.830462
27.5551 -45.1474 35.0119 0.543214 -0.00209819 0.839588
27.7112 -45.8176 34.9023 0.550107 -0.0117952 0.834931
26.5842 -45.7674 35.6303 0.54273 -0.0156278 0.839762
25.7458 -45.5459 36.1747 0.529554 -0.00871488 0.848168
25.3176 -44.2325 36.4528 0.531762 -0.00544067 0.846852
25.4066 -42.9303 36.4058 0.527195 -0.00965692 0.849684
26.0587 -42.3634 36.0006 0.539988 -0.00735853 0.841641
27.3525 -42.2636 35.1621 0.54943 -0.0141127 0.835418
28.6658 -42.3157 34.2921 0.553784 -0.0129029 0.83256
29.6092 -42.5618 33.6624 0.562485 -0.00941496 0.826671
29.9778 -43.4418 33.3932 0.572039 -0.0112036 0.82015
30.0374 -44.6353 33.3424 0.567148 -0.00880857 0.823555
29.2736 -45.6775 33.849 0.562386 -0.0130765 0.826765
28.5002 -45.7902 34.3697 0.559816 -0.0104468 0.828551
28.5149 -46.4825 34.3509 0.560336 -0.0106154 0.828197
27.0973 -46.5236 35.2858 0.541181 -0.0127773 0.840809
26.2555 -46.4352 35.8304 0.53789 -0.0194476 0.842763
25.1594 -46.1253 36.5226 0.523798 -0.0189704 0.851631
24.688 -45.1141 36.8302 0.516745 -0.0100706 0.856053
24.6762 -43.8274 36.8518 0.519656 -0.00740653 0.854288
24.8097 -42.1722 36.781 0.520743 -0.00840732 0.853671
26.0483 -41.604 36.0139 0.538655 -0.00575234 0.842503
27.1792 -41.5456 35.2871 0.550739 -0.0126962 0.834581
28.2421 -41.5648 34.5856 0.5523 -0.0125875 0.833548
29.214 -41.6432 33.9373 0.559185 -0.00590419 0.828976
30.1328 -41.8464 33.3036 0.573897 -0.00398696 0.818912
30.5583 -42.8118 32.9969 0.573533 -0.00851526 0.819132
30.6393 -43.9751 32.9294 0.569283 -0.00473962 0.822128
30.6305 -45.0962 32.9264 0.568926 -0.0104524 0.822315
29.9567 -46.2926 33.3534 0.578091 -0.0390562 0.815037
29.0362 -46.451 33.9982 0.567598 -0.0222551 0.822878
28.9668 -47.17 34.0172 0.574612 -0.0335437 0.817738
27.8144 -47.1993 34.8151 0.550076 -0.0114098 0.834953
26.3778 -47.1589 35.739 0.534013 -0.0147879 0.845307
25.3026 -47.1071 36.4127 0.527908 -0.0206271 0.849036
24.1484 -46.3732 37.1394 0.518761 -0.0127156 0.854772
24.0534 -44.7508 37.2105 0.50802 -0.00798737 0.861308
24.0384 -43.7358 37.2299 0.50822 -0.00907122 0.861179
24.0823 -42.3831 37.2275 0.524535 -0.0184701 0.851174
24.4594 -41.1362 37.0178 0.528342 -0.0173674 0.848854
25.6263 -40.8811 36.2921 0.535672 -0.0154881 0.844284
26.7697 -40.8405 35.5681 0.535615 -0.0142249 0.844342
28.258 -40.8459 34.5858 0.551022 -0.0127148 0.834394
29.105 -40.8746 34.0097 0.562843 0.00245994 0.82656
30.2068 -40.9892 33.253 0.573273 -0.000972965 0.819364
31.017 -41.6041 32.6707 0.587664 0.0024055 0.809079
31.1925 -42.9765 32.541 0.596714 -0.00550652 0.802434
31.229 -44.458 32.4978 0.595439 -0.0117796 0.803314
31.2026 -45.5669 32.4916 0.595701 -0.0311438 0.802541
30.6349 -46.9077 32.8428 0.584459 -0.0390361 0.810447
29.4529 -47.1443 33.6744 0.580394 -0.0338689 0.813631
29.2333 -47.1614 33.8304 0.577418 -0.033875 0.815737
29.2539 -47.8763 33.7858 0.577974 -0.0341974 0.815333
30.6245 -47.803 32.81 0.583163 -0.0350501 0.811596
31.6102 -47.0252 32.1265 0.587788 -0.0303281 0.808446
31.7862 -45.4779 32.056 0.600369 -0.0231856 0.799387
31.8035 -44.4683 32.0718 0.597938 -0.0173122 0.801331
31.7583 -42.7445 32.1211 0.600234 -0.00306909 0.799817
31.7076 -41.7422 32.1601 0.600573 0.00198265 0.799563
31.3705 -40.6112 32.3979 0.594214 0.00763028 0.804249
30.6784 -40.3039 32.9058 0.594051 0.0102941 0.804329
29.8464 -40.2168 33.5017 0.566076 -0.00610052 0.82427
28.8791 -40.1301 34.1723 0.568969 -0.0160173 0.822203
27.9118 -40.0974 34.8256 0.551101 -0.0124667 0.834345
26.7535 -40.1306 35.59 0.543268 -0.0133912 0.839404
25.8262 -40.1333 36.1796 0.536751 -0.0162488 0.843584
24.9481 -40.1703 36.7369 0.532188 -0.018763 0.846402
23.8322 -40.7215 37.4177 0.522469 -0.0161846 0.852471
23.4622 -42.0005 37.6148 0.520543 -0.0206076 0.853587
23.3887 -43.7849 37.6189 0.519988 -0.0179907 0.853984
23.3973 -45.0323 37.5949 0.508955 -0.00712907 0.860762
23.4079 -46.4848 37.5783 0.509896 -0.00597237 0.860215
23.8309 -47.5742 37.314 0.519875 -0.0136283 0.854097
25.1157 -47.8424 36.5163 0.527427 -0.00727831 0.849556
26.2501 -47.8664 35.8066 0.530615 -0.0124542 0.847519
27.122 -47.9074 35.2482 0.540124 -0.0135963 0.841475
28.3632 -47.8878 34.4124 0.57846 -0.0243522 0.81529
28.6719 -47.88 34.1956 0.575169 -0.033798 0.817335
28.6203 -48.5698 34.2158 0.582049 -0.0150892 0.813014
27.7338 -48.6127 34.838 0.543586 -0.0195572 0.839126
26.8162 -48.5731 35.4335 0.542085 -0.0169125 0.840147
25.5918 -48.5588 36.2102 0.533022 -0.00999655 0.846041
24.4603 -48.4862 36.9153 0.523443 -0.00473799 0.852047
23.3241 -48.3922 37.6064 0.513435 -0.00637867 0.858093
22.7711 -47.1469 37.9503 0.509833 -0.00858906 0.86023
22.7287 -45.8916 37.9842 0.506143 -0.00498686 0.862435
22.7522 -44.8617 37.9764 0.508122 -0.0137054 0.861129
22.7402 -43.8506 38.0096 0.507508 -0.014105 0.8615
22.7953 -42.3463 38.0054 0.505762 -0.0247738 0.862309
22.8766 -41.2977 37.9826 0.506101 -0.0224787 0.862172
23.0394 -40.247 37.9031 0.515463 -0.0124113 0.856819
24.3284 -39.5017 37.1333 0.517801 -0.0142442 0.855374
25.6031 -39.4232 36.3351 0.536348 -0.0157969 0.843849
26.5973 -39.4201 35.7022 0.538401 -0.0158903 0.842537
27.6849 -39.4046 34.9869 0.553334 -0.0265574 0.832536
28.6898 -39.4021 34.3151 0.57055 -0.0104146 0.821191
30.1135 -39.4935 33.3206 0.584322 -0.000932209 0.811432
30.95 -39.4985 32.7029 0.59378 -0.000951078 0.804627
31.852 -39.6286 32.0405 0.607687 0.00435566 0.793921
32.3579 -40.6264 31.6443 0.623971 0.00996866 0.78138
32.3159 -41.8337 31.6958 0.625141 0.00873502 0.780452
32.3351 -43.0342 31.6836 0.62834 -0.00260228 0.777919
32.3717 -44.0464 31.6459 0.629814 -0.00389479 0.776731
32.3698 -45.0714 31.6225 0.616812 -0.0245509 0.786727
32.3261 -46.1626 31.6224 0.61546 -0.0214657 0.787867
32.2112 -47.3285 31.6722 0.606202 -0.0298504 0.79475
31.8208 -48.2809 31.9257 0.587275 -0.0311301 0.808789
30.9362 -48.5652 32.5542 0.584006 -0.031045 0.811155
29.9553 -48.5887 33.2565 0.581078 -0.03317 0.81317
29.0967 -48.5779 33.8741 0.585031 -0.0182578 0.810793
29.3495 -49.3349 33.6704 0.587601 -0.0211276 0.808875
28.4399 -49.396 34.3296 0.58466 -0.0179077 0.811066
27.4041 -49.3862 35.0335 0.544212 -0.0187014 0.838739
26.2188 -49.4031 35.803 0.539657 -0.0139403 0.84174
25.3012 -49.3452 36.3832 0.531156 -0.0111807 0.847198
24.2774 -49.364 37.0242 0.527147 -0.00415556 0.84973
23.1054 -49.2318 37.7351 0.512879 -0.00421283 0.858447
22.2029 -48.8267 38.2684 0.507532 -0.00477611 0.861606
22.1068 -47.5278 38.3364 0.501599 -0.00602193 0.865079
22.0852 -46.3012 38.3589 0.502741 -0.0077439 0.864403
21.9853 -45.1411 38.4249 0.506486 -0.00722905 0.862215
22.1357 -44.038 38.3616 0.507513 -0.0216127 0.861373
22.2069 -41.864 38.359 0.481799 -0.0258042 0.875855
22.2592 -40.8 38.3607 0.50119 -0.0222831 0.86497
22.3203 -39.5894 38.3378 0.498667 -0.0051231 0.866768
23.157 -38.9113 37.851 0.507854 -0.0126291 0.86132
24.2923 -38.7047 37.1719 0.523686 -0.0132245 0.851753
25.3004 -38.6718 36.5405 0.530937 -0.00846939 0.847369
26.2654 -38.6324 35.9289 0.537893 -0.0149705 0.842878
27.214 -38.6521 35.3205 0.539524 -0.0145456 0.841845
28.1876 -38.68 34.6765 0.56321 -0.0182358 0.825973
29.0877 -38.6677 34.0479 0.573028 -0.00805817 0.819496
29.9827 -38.6084 33.4183 0.585505 -0.00654048 0.810547
31.0181 -38.7659 32.6541 0.593719 -0.00162825 0.804671
31.8576 -38.5563 32.0317 0.603282 0.00254586 0.797467
32.6821 -39.2455 31.3857 0.61596 -0.0138258 0.787656
33.1064 -40.3662 31.0427 0.624638 0.00813018 0.780861
32.8909 -41.9112 31.2332 0.624456 0.00511614 0.781034
32.9164 -43.2369 31.2094 0.631696 -0.00653553 0.775188
33.0032 -44.5826 31.1339 0.629467 -0.00152901 0.777026
32.9807 -45.6886 31.1239 0.61577 -0.0214426 0.787624
32.9376 -46.9102 31.1293 0.614086 -0.0181498 0.789031
32.8498 -48.1044 31.1566 0.604469 -0.0259899 0.796196
31.9183 -49.1325 31.8301 0.591993 -0.0224132 0.805537
30.7068 -49.3562 32.692 0.581906 -0.0211012 0.812982
29.9714 -49.4998 33.2158 0.584601 -0.0235553 0.810978
29.4634 -49.3349 33.5877 0.586586 -0.0223228 0.809577
