62.9502 22.6435 60.7773 0.801293 0.00424065 0.598257
63.3097 22.5249 60.2966 0.802079 0.00634898 0.597179
63.7897 23.2242 59.6396 0.803718 0.00836106 0.594951
63.8555 24.414 59.534 0.804454 0.0102465 0.593922
64.0041 25.686 59.3042 0.804786 0.0136981 0.593407
63.814 26.0922 59.5522 0.804 0.0142256 0.594459
63.4987 25.0511 60.0035 0.803299 0.0135808 0.59542
63.3812 23.5778 60.1854 0.802884 0.00838225 0.596076
62.9842 22.8627 60.7302 0.802044 0.00632956 0.597226
62.6461 23.1672 61.1807 0.800022 0.00627172 0.599936
62.5233 21.3955 61.3576 0.800756 0.00560125 0.598961
63.4389 21.2236 60.1373 0.800346 0.0072948 0.599495
63.9674 22.5141 59.4095 0.803427 0.00934728 0.595329
64.2499 23.6459 59.012 0.803729 0.0083687 0.594936
64.4542 24.9426 58.7102 0.805095 0.0122349 0.59302
64.5133 26.1262 58.6035 0.8047 0.013548 0.593527
64.2856 27.6025 58.872 0.804706 0.0198805 0.593339
63.6414 26.881 59.7667 0.803848 0.0158291 0.594622
63.2888 25.9207 60.2666 0.803914 0.0142582 0.594574
63.0196 24.7837 60.6542 0.802514 0.0110478 0.596528
62.6663 23.2551 61.1526 0.801201 0.00834242 0.598333
62.2268 23.2086 61.7392 0.799925 0.00766854 0.60005
62.4518 24.2178 61.4264 0.801133 0.00840265 0.598423
62.722 25.4278 61.0407 0.802535 0.0128836 0.596466
62.9931 26.5026 60.6523 0.803227 0.0136953 0.595514
63.2956 27.4092 60.2185 0.803645 0.0173723 0.594855
63.9252 28.4986 59.3325 0.805366 0.0194781 0.592458
64.5031 28.449 58.5485 0.804729 0.0199744 0.593305
64.8693 27.4858 58.0862 0.804125 0.0204299 0.594109
64.9668 26.2557 57.986 0.8046 0.0135648 0.593662
64.8479 24.5873 58.183 0.805066 0.0123396 0.593057
64.6757 23.4111 58.4401 0.804472 0.00998844 0.593903
64.4197 22.3416 58.8028 0.803308 0.0105667 0.59547
64.1069 21.4111 59.2395 0.801781 0.00717962 0.597574
63.4718 20.1866 60.1058 0.800986 0.00706463 0.59864
62.3986 20.058 61.5376 0.799845 0.00584114 0.600178
62.045 21.2615 61.9982 0.800712 0.00480944 0.599029
62.2006 23.0853 61.7755 0.800011 0.00481819 0.599966
62.205 23.1142 61.7695 0.800022 0.00627172 0.599936
61.7624 23.1072 62.3595 0.799851 0.00622238 0.600165
61.5856 21.2973 62.612 0.800729 0.00553799 0.599001
61.8544 19.7323 62.2655 0.799954 0.00583447 0.600033
62.3633 19.1586 61.5934 0.799733 0.00581008 0.600328
63.2618 19.1576 60.3919 0.800988 0.00247911 0.598676
63.8147 19.6257 59.6493 0.801979 0.00330613 0.597342
64.4041 20.7886 58.8481 0.802215 0.00573352 0.597006
64.737 21.7492 58.3845 0.804614 0.00960819 0.593721
65.1165 23.3944 57.8428 0.804593 0.0109994 0.593724
65.3473 25.0911 57.4948 0.805044 0.0123344 0.593086
65.4102 26.1961 57.3854 0.805169 0.0129471 0.592904
65.373 27.2375 57.4128 0.804364 0.0170337 0.593883
65.2193 28.2315 57.586 0.804821 0.021427 0.59313
64.8073 29.0587 58.1152 0.804753 0.0225519 0.59318
64.1826 29.4663 58.9521 0.805592 0.0178687 0.592202
63.4609 28.9864 59.9482 0.805721 0.0174899 0.592037
63.0228 28.0584 60.5677 0.80318 0.0178274 0.59547
62.7253 27.1823 60.9949 0.802064 0.0163482 0.597009
62.4548 26.2121 61.3809 0.800956 0.0144963 0.598548
62.2028 25.1142 61.7445 0.799905 0.0134717 0.599972
61.9589 24.0492 62.0855 0.799349 0.00813826 0.600812
61.9403 23.9668 62.1114 0.799866 0.0076801 0.60013
61.5012 24.0152 62.694 0.798909 0.00874143 0.601389
61.7624 25.1617 62.3286 0.798945 0.0124554 0.601276
62.1021 26.6284 61.8427 0.800858 0.0147441 0.598673
62.3614 27.5622 61.4723 0.80095 0.0150501 0.598542
62.7004 28.5772 60.9869 0.803369 0.0160824 0.595261
63.0712 29.4809 60.4644 0.804722 0.0158263 0.593435
63.8033 30.2668 59.4442 0.805827 0.0176779 0.591887
64.399 30.2335 58.6316 0.807906 0.0206509 0.588949
65.0439 29.7112 57.7682 0.804685 0.0236979 0.593229
65.6548 28.4226 56.9882 0.805573 0.0214139 0.592108
65.8395 27.0639 56.7802 0.807817 0.0150643 0.58924
65.8461 26.0555 56.7954 0.807626 0.0141155 0.589526
65.7385 24.7379 56.971 0.805138 0.01228 0.59296
65.5474 23.3328 57.2593 0.805101 0.0111067 0.593033
65.3469 22.3719 57.5478 0.80486 0.00983349 0.593384
65.1211 21.4227 57.8693 0.804614 0.00960819 0.593721
64.6115 19.9557 58.5745 0.804034 0.00387331 0.59457
64.193 19.1473 59.1438 0.802138 0.00324606 0.597129
63.3581 18.3354 60.2664 0.801296 0.00239065 0.598263
62.63 18.3179 61.2418 0.801562 0.00389892 0.597899
61.8674 18.609 62.2546 0.798325 0.00371942 0.602214
61.3129 19.7103 62.9857 0.798754 0.00248037 0.601652
61.1478 20.6534 63.2013 0.799768 0.00302222 0.600299
61.1643 21.9295 63.1693 0.800052 0.00608121 0.599899
61.315 23.1147 62.955 0.799385 0.00804411 0.600765
61.4279 23.656 62.7965 0.799149 0.00885018 0.601068
61.0577 24.0318 63.2835 0.799369 0.00896531 0.600773
60.7824 22.6038 63.6697 0.799411 0.00710556 0.600743
60.6593 21.211 63.8453 0.796423 0.00413426 0.604725
60.712 20.0978 63.7821 0.798756 0.00208693 0.601651
61.0654 18.8569 63.3173 0.798418 0.00240685 0.602098
61.8022 17.7673 62.3474 0.798077 0.00471999 0.602536
62.7664 17.473 61.0642 0.800998 0.00313911 0.598659
63.6511 17.5846 59.8761 0.80196 0.00266465 0.597371
64.4506 18.5158 58.8008 0.801921 0.00235995 0.597426
64.915 19.3512 58.168 0.804029 0.00389746 0.594578
65.2684 20.3315 57.6821 0.805357 0.00647396 0.592754
65.5818 21.4001 57.2447 0.805119 0.00796864 0.593057
65.8019 22.3817 56.9301 0.805126 0.00991649 0.593021
66.1162 24.1018 56.4712 0.806183 0.0129217 0.591521
66.2565 25.6162 56.2437 0.807566 0.0142261 0.589605
66.307 26.7593 56.1471 0.80783 0.0149525 0.589225
66.2252 27.7941 56.2312 0.80798 0.0160377 0.588992
65.9755 29.053 56.5283 0.806816 0.0234191 0.590333
65.594 29.989 57.0103 0.80748 0.0255799 0.58934
64.7039 30.8666 58.1913 0.807559 0.0228195 0.58934
64.0415 31.1581 59.0861 0.806852 0.0255895 0.590198
63.3642 30.8812 60.0206 0.805527 0.0248104 0.59204
62.787 30.0983 60.8333 0.804693 0.0159934 0.593471
62.2559 28.7655 61.5828 0.803148 0.0145941 0.5956
61.887 27.5954 62.1069 0.80225 0.0140954 0.596821
61.6542 26.6537 62.4417 0.801887 0.013238 0.597329
61.4212 25.6327 62.7724 0.799151 0.0124686 0.601002
61.1663 24.4811 63.1324 0.799237 0.00873745 0.600953
60.7204 24.9628 63.7178 0.798843 0.00817961 0.601482
60.5558 23.9973 63.9517 0.79898 0.00952015 0.601282
60.2627 22.2071 64.3605 0.796206 0.00456855 0.605008
60.1399 21.1666 64.5295 0.796066 0.00413397 0.605196
60.2106 20.1117 64.4436 0.796367 0.00389059 0.604801
60.5613 18.5297 63.9863 0.797519 0.000924554 0.603293
60.9803 17.7586 63.434 0.797671 0.00241544 0.603088
61.5842 16.8201 62.641 0.797614 0.0030437 0.603161
62.7804 16.6373 61.0505 0.801266 0.00354339 0.598298
63.5856 16.7241 59.9689 0.802313 0.00326145 0.596895
64.1499 17.081 59.2088 0.801857 0.00249003 0.59751
64.6502 17.6946 58.5366 0.801241 0.00303819 0.598332
65.0706 18.4967 57.9663 0.80358 0.00579133 0.595168
65.4868 19.4691 57.3944 0.804253 0.00589044 0.594256
65.8085 20.3528 56.9476 0.805986 0.00596431 0.591905
66.178 21.5447 56.4328 0.805618 0.00760663 0.592383
66.4458 23.1232 56.0431 0.806285 0.0110288 0.591422
66.5642 24.3287 55.8532 0.807297 0.0137786 0.589984
66.7817 25.569 55.5257 0.807455 0.0143497 0.589755
66.7425 26.827 55.5478 0.808092 0.0157948 0.588844
66.6003 28.2422 55.7045 0.807229 0.0183767 0.589947
66.5364 29.2839 55.7503 0.807499 0.0249454 0.589341
65.9582 30.4089 56.4931 0.807576 0.0256513 0.589206
65.3537 31.3927 57.272 0.80932 0.0347125 0.586325
64.7667 31.6545 58.0716 0.80737 0.0251968 0.589508
64.2412 32.1409 58.7683 0.807206 0.0278987 0.58961
63.6771 31.8725 59.5519 0.806137 0.026061 0.591155
62.9863 31.465 60.5103 0.804578 0.0261374 0.593269
62.3706 30.7135 61.3782 0.803225 0.0224862 0.595226
61.8424 29.1431 62.13 0.802723 0.0147762 0.596169
61.5464 28.1602 62.5514 0.802324 0.0140405 0.596724
61.3144 27.1743 62.8862 0.801626 0.0128448 0.597688
60.939 25.9811 63.4126 0.801813 0.00946158 0.597501
60.8647 25.4504 63.5205 0.800344 0.00814326 0.59948
