64.8469 7.69191 64.4806 0.806371 -0.00492509 0.591388
65.3624 8.37781 63.7817 0.806518 -0.00352423 0.591199
65.2986 7.15749 63.8595 0.8066 -0.00567922 0.59107
65.7859 6.87537 63.1912 0.806722 -0.00573939 0.590903
65.9738 7.99552 62.946 0.806587 -0.00442592 0.591096
65.5714 9.4377 63.5021 0.806578 -0.00275821 0.591121
64.6033 9.40626 64.8233 0.806709 -0.00265368 0.590942
64.2569 8.5021 65.291 0.802777 -0.00430278 0.596263
64.3226 7.4833 65.1924 0.805725 -0.00555249 0.592263
64.7476 6.6649 64.607 0.806216 -0.00524069 0.591597
65.2818 6.14715 63.8729 0.806805 -0.00532913 0.590793
65.5632 6.38449 63.4907 0.80688 -0.00550335 0.59069
66.0131 6.00364 62.8727 0.807154 -0.00509594 0.590319
66.3728 7.07239 62.3917 0.807502 -0.00648832 0.589829
66.3583 9.0049 62.4255 0.807422 -0.00329113 0.589965
65.9966 9.94044 62.924 0.806752 -0.00292831 0.590882
65.4504 10.5788 63.6717 0.806282 -0.00234631 0.591526
64.7567 10.5589 64.6188 0.806738 -0.0023466 0.590905
63.9425 9.39233 65.719 0.804283 -0.00165638 0.594245
63.7062 8.29577 66.0307 0.802326 -0.00344364 0.596877
63.8408 7.26229 65.8419 0.803416 -0.00457106 0.595401
64.5362 5.82697 64.8868 0.805834 -0.00551327 0.592116
65.1733 5.12449 64.0119 0.806525 -0.00561971 0.591172
65.6552 5.33906 63.3556 0.806834 -0.00531837 0.590754
66.1466 5.05676 62.6818 0.806832 -0.00532096 0.590757
65.7358 4.34275 63.2365 0.806821 -0.00545725 0.590771
65.2286 4.07647 63.9245 0.805281 -0.00785376 0.59284
64.6973 4.60351 64.6552 0.80596 -0.00729515 0.591923
64.0024 5.43308 65.6078 0.802821 -0.00600678 0.596178
63.5213 6.49375 66.2637 0.801437 -0.00723539 0.598034
63.1986 7.78286 66.71 0.801485 -0.00544238 0.597986
63.2732 8.99989 66.6167 0.800977 -0.00337333 0.598686
63.5581 10.0085 66.2397 0.802944 -0.00254292 0.596048
64.1113 10.9785 65.4955 0.804171 -0.00167075 0.594395
64.9939 11.577 64.2982 0.806101 -0.000986822 0.591775
65.6058 11.4883 63.464 0.806041 -0.00255824 0.591854
66.1642 10.8608 62.7004 0.806746 -0.0033766 0.590888
66.7252 9.63097 61.9278 0.806742 -0.00269915 0.590898
66.9201 8.63914 61.6527 0.809978 -0.00485865 0.58644
66.9078 7.4069 61.66 0.809861 -0.00409776 0.586608
66.6234 6.08558 62.0381 0.807336 -0.00553381 0.590066
66.2175 5.20503 62.5864 0.807446 -0.0049307 0.589921
66.205 5.1787 62.6032 0.807135 -0.00516249 0.590343
66.7372 5.0947 61.874 0.807446 -0.0049307 0.589921
67.1454 5.84344 61.3221 0.807103 -0.00313553 0.590401
67.3874 6.95216 60.9951 0.809751 -0.00402175 0.58676
67.4484 7.9578 60.9171 0.810075 -0.0042907 0.58631
67.3599 9.25979 61.0515 0.809286 -0.00614981 0.587381
67.0508 10.6346 61.4878 0.807603 -0.00399534 0.589712
66.3941 11.6918 62.3911 0.807195 -0.00237538 0.59028
65.5118 12.439 63.5954 0.806017 -0.00194229 0.59189
64.7354 12.3345 64.6524 0.804942 -0.0029907 0.593346
64.131 11.981 65.4703 0.804951 -0.00152536 0.593339
63.5056 11.4555 66.3154 0.803945 -0.00172413 0.594701
62.9349 9.80768 67.0743 0.801741 -0.00419647 0.597655
62.6908 8.55779 67.3935 0.800709 -0.00366056 0.599042
62.7072 7.54301 67.36 0.798649 -0.00664142 0.60176
62.9053 6.45498 67.086 0.799099 -0.00668386 0.601161
63.5036 5.04243 66.2698 0.800315 -0.00860257 0.599517
63.9233 4.24587 65.696 0.800909 -0.0113962 0.598676
64.4931 3.89694 64.9228 0.805792 -0.00862787 0.592135
64.9593 3.19354 64.2786 0.805135 -0.00776198 0.59304
65.1574 2.2589 63.9991 0.804531 -0.00679116 0.593872
64.9062 1.16116 64.3253 0.802611 -0.00801283 0.596449
64.578 0.263808 64.752 0.802367 -0.0101573 0.596745
63.8944 -0.964886 65.6521 0.802766 -0.00928847 0.596222
63.5309 -2.25256 66.1209 0.803227 -0.00970577 0.595593
63.3743 -3.55156 66.3109 0.803658 -0.0112412 0.594984
63.5315 -4.54817 66.082 0.802448 -0.00795752 0.596669
63.8972 -5.43716 65.577 0.800288 -0.011543 0.599505
64.3173 -6.1769 65.0006 0.800889 -0.0128815 0.598673
64.9901 -6.93689 64.0865 0.802984 -0.0117037 0.59587
65.7365 -7.17431 63.0647 0.807306 -0.0117224 0.590012
66.3478 -7.14253 62.2338 0.803772 -0.0104608 0.594845
66.9 -6.74897 61.4957 0.803193 -0.00951318 0.595643
67.4326 -5.91493 60.7777 0.808945 -0.0074653 0.587837
67.8856 -5.00052 60.1792 0.806925 -0.0161138 0.590427
68.0168 -3.989 60.0134 0.808507 -0.00619224 0.588453
68.1196 -2.987 59.8842 0.808296 -0.0121215 0.588651
68.0043 -1.77266 60.0665 0.80758 -0.0103443 0.589666
67.5809 -0.789029 60.658 0.807134 -0.00738759 0.590322
67.0898 0.101334 61.3428 0.808055 -0.00880443 0.589042
66.6483 0.947343 61.96 0.807672 -0.00603224 0.589599
66.0827 1.30759 62.735 0.804594 -0.00647984 0.59379
65.5569 2.4866 63.4599 0.80498 -0.0069327 0.593261
66.037 3.43198 62.8165 0.806814 -0.00549071 0.59078
66.3599 4.29679 62.3837 0.807135 -0.00516249 0.590343
65.7199 0.740695 63.2204 0.804323 -0.00644017 0.594157
66.5247 -0.167211 62.1141 0.80705 -0.00975724 0.590399
67.0308 -0.959285 61.4077 0.807515 -0.00833507 0.589787
67.5305 -2.37645 60.7041 0.806975 -0.00954909 0.590508
67.5274 -3.71264 60.6886 0.807267 -0.00708083 0.590139
67.2128 -5.08745 61.0913 0.807711 -0.0115056 0.58945
66.5129 -6.13093 62.0276 0.803538 -0.00922791 0.595181
65.8005 -6.31888 62.9913 0.808273 -0.00991537 0.588725
64.9475 -5.91843 64.1636 0.803254 -0.0112987 0.595509
64.4247 -5.20596 64.8766 0.801013 -0.011134 0.598543
64.0712 -4.19965 65.3634 0.801269 -0.00950566 0.598228
63.9722 -2.87373 65.5163 0.802754 -0.010248 0.596222
64.1715 -1.78586 65.2666 0.802585 -0.0090253 0.596469
64.7617 -0.596723 64.491 0.802332 -0.00952286 0.596802
65.2464 0.284188 63.8543 0.803 -0.00888081 0.595911
65.7079 0.701151 63.2361 0.804035 -0.00732135 0.594537
65.8058 -0.514153 63.0865 0.804886 -0.00952945 0.59335
65.0379 -1.25531 64.1097 0.802152 -0.00893781 0.597052
64.6261 -2.16266 64.6493 0.802345 -0.00899328 0.596792
64.4688 -3.20551 64.8452 0.800713 -0.00808923 0.598994
64.7178 -4.38931 64.4967 0.800464 -0.00796477 0.599327
65.252 -5.19868 63.7596 0.80704 -0.00877442 0.590432
65.8887 -5.42274 62.8842 0.807325 -0.0104308 0.59001
66.4836 -5.11935 62.0828 0.804818 -0.0128318 0.593383
67.0113 -3.90429 61.3887 0.8065 -0.00990154 0.591151
66.9956 -2.45116 61.4337 0.806683 -0.00968896 0.590905
66.5437 -1.34236 62.0675 0.806 -0.00963904 0.591837
66.053 -0.638285 62.748 0.805793 -0.010575 0.592102
65.9639 -1.65932 62.8525 0.806002 -0.00882907 0.591846
65.4187 -1.84662 63.5878 0.802901 -0.0102039 0.596025
64.9922 -3.14989 64.1432 0.803547 -0.00694734 0.595201
65.2076 -4.10442 63.8412 0.804808 -0.0098413 0.593443
65.8719 -4.52501 62.926 0.806583 -0.012492 0.590989
66.4379 -3.9537 62.1701 0.805613 -0.0112883 0.59233
66.4118 -2.37218 62.2315 0.806514 -0.00950453 0.591138
66.3787 -2.25711 62.2785 0.80606 -0.00891097 0.591767
66.0682 -2.94661 62.6911 0.806266 -0.00923441 0.59148
65.7335 -3.45047 63.1381 0.805249 -0.00981219 0.592845
65.6672 -2.9982 63.2329 0.803561 -0.00867932 0.595156
65.8624 -2.682 62.9753 0.804595 -0.00971954 0.593739
