-65.9749 -29.7193 60.2014 -0.8107 -0.0186753 0.585164
-65.568 -28.9436 60.7893 -0.809085 -0.017799 0.587419
-65.1779 -29.6864 61.3022 -0.807532 -0.0193838 0.589505
-65.7178 -29.9963 60.5475 -0.809995 -0.0201462 0.58609
-65.936 -29.8489 60.2512 -0.810022 -0.0193448 0.586078
-66.1464 -30.4682 59.94 -0.810022 -0.0193448 0.586078
-66.2575 -28.7045 59.8423 -0.810665 -0.018721 0.585211
-65.6287 -28.0904 60.7306 -0.807823 -0.0173209 0.58917
-64.8705 -28.9673 61.7452 -0.807313 -0.0178826 0.589851
-64.799 -30.0994 61.8072 -0.806779 -0.0201867 0.590506
-65.2989 -30.9642 61.0915 -0.808229 -0.0216323 0.588469
-65.7362 -30.94 60.4894 -0.809703 -0.020155 0.586493
-65.9671 -31.5698 60.1502 -0.809004 -0.0198788 0.587466
-66.5697 -30.6068 59.349 -0.810764 -0.0193643 0.585052
-66.8236 -29.485 59.0333 -0.810577 -0.0187492 0.585331
-66.4883 -27.9436 59.5486 -0.810632 -0.0201231 0.58521
-66.0111 -27.3979 60.2271 -0.807843 -0.0174828 0.589138
-65.2591 -27.5029 61.2549 -0.808027 -0.0174787 0.588886
-64.6899 -28.1988 62.0154 -0.808383 -0.0177742 0.588388
-64.3768 -29.2197 62.4127 -0.808709 -0.0194078 0.587889
-64.3937 -30.2821 62.3545 -0.807579 -0.0191071 0.589447
-64.7636 -31.3229 61.812 -0.808145 -0.0194405 0.588663
-65.6372 -31.7084 60.5993 -0.808616 -0.0201538 0.587991
-65.7534 -32.4235 60.4153 -0.808562 -0.0196993 0.588081
-66.5922 -31.6925 59.2806 -0.810824 -0.0201783 0.584942
-66.9859 -30.8606 58.7634 -0.810585 -0.020162 0.585274
-67.2507 -29.5829 58.439 -0.81026 -0.0188606 0.585768
-67.0728 -28.0968 58.7334 -0.810525 -0.0194957 0.585379
-66.4576 -26.9297 59.6261 -0.810857 -0.0200744 0.5849
-65.8636 -26.5364 60.4548 -0.807965 -0.0164432 0.589001
-65.1538 -26.7643 61.4216 -0.808377 -0.0179206 0.588391
-64.477 -27.4591 62.3312 -0.808786 -0.018168 0.587822
-64.0315 -28.6691 62.9058 -0.808112 -0.0184418 0.58874
-63.9136 -29.676 63.0349 -0.808305 -0.019518 0.588441
-64.1695 -31.2396 62.6308 -0.808384 -0.0195247 0.588332
-64.6297 -32.0763 61.9711 -0.808312 -0.0200761 0.588412
-65.2476 -32.4089 61.1109 -0.808505 -0.0199173 0.588152
-65.5396 -32.4565 60.708 -0.808468 -0.0198222 0.588206
-65.4445 -33.1955 60.8138 -0.808632 -0.0207093 0.587949
-64.7053 -32.8867 61.8391 -0.80802 -0.02057 0.588796
-64.1342 -32.3896 62.6409 -0.807977 -0.0207536 0.588849
-63.5638 -30.9328 63.4732 -0.808403 -0.0196416 0.588301
-63.5137 -29.1484 63.6011 -0.808203 -0.0192407 0.58859
-63.7667 -28.007 63.2895 -0.807617 -0.0180303 0.589432
-64.1089 -27.1339 62.8475 -0.807931 -0.0182659 0.588993
-64.5616 -26.4212 62.2466 -0.80846 -0.0180755 0.588273
-65.1775 -25.9753 61.4137 -0.80921 -0.0184451 0.587229
-66.1521 -25.8229 60.0791 -0.807965 -0.0164432 0.589001
-66.9512 -26.6281 58.9507 -0.811411 -0.0163027 0.584249
-67.3731 -27.4896 58.3371 -0.811137 -0.0190333 0.584546
-67.5907 -28.4189 58.0057 -0.81077 -0.0182809 0.58508
-67.6881 -29.4671 57.8377 -0.810453 -0.0191464 0.58549
-67.5119 -30.5873 58.0446 -0.810552 -0.0193924 0.585345
-67.2269 -31.5821 58.4048 -0.810475 -0.0202429 0.585423
-66.7536 -32.418 59.0319 -0.81103 -0.0212278 0.584618
-66.0545 -33.0607 59.9779 -0.811089 -0.0223705 0.584494
-65.9172 -33.1277 60.1658 -0.809903 -0.022057 0.586145
-65.8405 -33.9118 60.2419 -0.811006 -0.0230059 0.584585
-66.4304 -33.6406 59.4339 -0.811203 -0.0226892 0.584324
-67.2451 -32.7853 58.3366 -0.81065 -0.0218604 0.585123
-67.6038 -31.8653 57.8734 -0.810513 -0.0209251 0.585346
-67.9962 -30.4345 57.3791 -0.810801 -0.0193788 0.585001
-68.2167 -29.2739 57.1115 -0.811444 -0.0182381 0.584145
-67.9505 -27.9833 57.5208 -0.811282 -0.0178447 0.584381
-67.7555 -26.9834 57.8226 -0.811837 -0.0179665 0.583608
-67.2699 -26.1233 58.5222 -0.811518 -0.0164499 0.584095
-66.6922 -25.2965 59.3465 -0.810545 -0.0153192 0.585476
-66.0373 -25.0045 60.2596 -0.808859 -0.0158548 0.587785
-65.1212 -25.2676 61.5135 -0.809655 -0.0181306 0.586626
-64.3243 -25.7353 62.5933 -0.807233 -0.0159836 0.590015
-63.8896 -26.431 63.1691 -0.807511 -0.017626 0.589589
-63.4989 -27.2689 63.6782 -0.8073 -0.019237 0.589824
-63.1078 -28.3299 64.1808 -0.806707 -0.0178146 0.590684
-63.0777 -29.4809 64.1863 -0.806537 -0.0189455 0.59088
-63.075 -30.5663 64.1545 -0.806928 -0.0190666 0.590342
-63.3121 -31.7144 63.7919 -0.807616 -0.0205699 0.58935
-63.6812 -32.8009 63.2477 -0.807822 -0.0214385 0.589035
-64.3678 -33.6987 62.2722 -0.80766 -0.0223364 0.589226
-65.1446 -33.8603 61.2013 -0.808083 -0.0222336 0.588649
-65.6523 -33.9023 60.5017 -0.80868 -0.0217627 0.587846
-65.7811 -33.9396 60.3232 -0.809809 -0.0224261 0.586261
