41.3375 42.0271 95.485 0.723626 0.00622547 0.690127
42.1211 42.1932 94.6587 0.726 -0.000859611 0.687694
42.0443 43.3732 94.723 0.721662 0.0128152 0.692127
41.3685 42.5653 95.4427 0.723208 0.0125676 0.690512
40.7407 42.8139 96.0986 0.724951 0.0126155 0.688684
40.7846 41.6867 96.0736 0.726381 0.00902257 0.68722
40.9659 39.966 95.893 0.725916 0.00222932 0.687773
41.4014 40.6242 95.4254 0.729244 0.00354438 0.684244
42.2044 41.5496 94.5701 0.726293 -0.00112638 0.687384
42.932 42.4226 93.7733 0.750571 -0.00947032 0.660719
43.4948 43.0191 93.1448 0.750934 -0.0109306 0.660287
44.169 43.6189 92.3877 0.752171 -0.00781354 0.65891
44.9447 43.8261 91.4981 0.754942 -0.00617976 0.655762
45.6002 43.9755 90.7451 0.756813 -0.00794392 0.653573
46.379 44.1564 89.8271 0.761917 -0.0037516 0.647658
45.6595 44.1543 90.6768 0.757736 0.00604413 0.652471
44.9333 44.153 91.5101 0.753948 0.0113533 0.656836
44.1492 44.1624 92.4083 0.755412 0.00869743 0.655181
43.2859 43.8907 93.3756 0.743084 0.0118416 0.669093
42.4828 44.1479 94.2497 0.723666 0.0128556 0.69003
41.581 44.1905 95.1901 0.721287 0.013136 0.692511
40.9054 43.9034 95.8982 0.713472 0.0292351 0.700073
40.7463 42.8596 96.0918 0.718368 0.0174849 0.695389
40.7413 42.8209 96.0979 0.724428 0.0134383 0.689218
40.1546 42.9489 96.6785 0.705715 0.024122 0.708011
40.2083 41.7543 96.6758 0.71007 0.0220585 0.703523
40.3086 40.5294 96.5829 0.723298 0.00114297 0.690535
40.4282 38.7736 96.4711 0.722851 0.00957898 0.690937
40.5837 37.5777 96.327 0.745564 0.0076445 0.666271
41.077 38.1675 95.781 0.740035 -0.00593321 0.672471
41.5034 39.2362 95.31 0.735138 -0.00199338 0.677884
42.245 40.6118 94.5261 0.730769 -0.00165098 0.682601
42.7978 41.3182 93.9115 0.751807 -0.00947292 0.659315
43.7912 42.34 92.7961 0.750511 -0.0114746 0.660759
44.5046 42.7698 91.9936 0.750851 -0.0114474 0.660372
45.2535 43.0085 91.1348 0.756704 -0.00852002 0.653697
45.9902 43.1126 90.2781 0.759252 -0.00953031 0.650727
46.6589 43.142 89.4957 0.760321 -0.00598159 0.649509
47.3101 43.1215 88.7061 0.7743 0.0108491 0.632717
47.9552 43.0828 87.9128 0.775645 0.0121647 0.631052
48.6372 43.056 87.0747 0.776051 0.0111105 0.630572
49.3582 43.265 86.1818 0.7786 0.0104714 0.627428
50.2718 43.0831 85.0445 0.783947 0.0115568 0.620705
51.2489 42.9287 83.7992 0.788629 0.00841631 0.614811
51.8836 42.9253 82.9839 0.791202 0.00666232 0.61151
52.5633 42.8822 82.0953 0.79598 0.00554662 0.60529
53.2335 42.9408 81.2082 0.798223 0.00827024 0.602303
53.9295 42.9855 80.275 0.801908 0.00616976 0.597416
54.7758 42.8723 79.133 0.806945 0.00761451 0.590578
55.6256 42.9481 77.9716 0.808337 0.00881875 0.588646
56.2116 43.0711 77.16 0.810391 0.00924872 0.585816
56.8146 43.0476 76.3268 0.812238 0.00751844 0.583267
57.6993 43.0372 75.0852 0.814468 0.00751769 0.58016
58.5779 42.8643 73.8505 0.815553 0.00694821 0.578641
59.175 42.8328 73.0095 0.813931 0.00619427 0.580922
60.2275 42.8564 71.5465 0.811451 0.00723 0.584376
61.166 43.3258 70.2568 0.807436 0.00445076 0.589938
61.2597 44.3321 70.1212 0.805703 0.00419314 0.592299
60.6696 45.1592 70.9295 0.809105 0.00260844 0.587658
59.9577 45.1945 71.9116 0.810814 0.00288156 0.585295
59.2683 45.0915 72.8693 0.812047 0.00268419 0.583586
58.5188 45.0351 73.9164 0.813271 0.00632058 0.58185
57.5927 44.8519 75.213 0.813838 0.0063771 0.581057
56.7717 44.804 76.3638 0.811924 0.00610175 0.583721
55.684 44.791 77.8668 0.810026 0.00682752 0.586355
55.1021 44.8469 78.6615 0.806531 0.00743202 0.591145
54.3354 44.8981 79.7027 0.802216 0.0104741 0.596943
53.6176 44.9437 80.6665 0.801635 0.00942754 0.597738
52.9589 44.8595 81.543 0.797817 0.0150809 0.602711
52.0857 44.8922 82.6909 0.791208 0.0138751 0.611377
51.4732 44.9011 83.4787 0.789389 0.0109874 0.613795
50.6824 44.9675 84.4864 0.786056 0.0112764 0.618053
49.859 45.0213 85.5195 0.779432 0.0162719 0.626276
49.1571 45.0259 86.3928 0.779566 0.015943 0.626117
48.2679 44.7835 87.4964 0.775445 0.013818 0.631263
47.5109 44.7309 88.4268 0.775786 0.0124082 0.630874
46.8662 44.8975 89.2249 0.779289 0.00935405 0.626595
45.9861 44.971 90.2883 0.763401 0.00260238 0.645919
45.2511 44.9839 91.1309 0.753153 0.0105911 0.657758
44.5059 45.0321 91.9855 0.755777 0.00970017 0.65475
43.8019 44.9986 92.803 0.748366 0.00232477 0.663124
42.8769 44.9907 93.8182 0.733227 0.00549161 0.679864
41.9909 45.0127 94.7484 0.721308 0.0126327 0.692499
41.2551 44.9913 95.5091 0.713785 0.0139559 0.700214
40.3666 44.6791 96.414 0.712049 0.0208991 0.701767
40.1577 43.3977 96.6666 0.701467 0.0165529 0.712491
39.5466 43.6318 97.2562 0.692552 0.0217721 0.720999
39.5839 42.3717 97.2595 0.695944 0.0263781 0.717609
39.663 41.1957 97.2249 0.696159 0.0200396 0.717586
39.7745 39.8714 97.1429 0.710618 0.0071726 0.703276
39.8825 38.5383 97.0551 0.732175 0.0259227 0.680623
40.0345 37.5297 96.9274 0.737236 0.0101615 0.675558
40.2737 36.0155 96.689 0.749019 0.0312705 0.661206
40.3308 34.917 96.6484 0.769252 0.0105183 0.638858
40.3339 33.5566 96.6547 0.782831 0.00572995 0.62178
40.3803 32.5435 96.6378 0.789821 0.0249226 0.612831
40.5201 30.7408 96.5248 0.800592 0.0256372 0.598661
40.4837 29.4215 96.6333 0.80839 0.0202906 0.588162
40.5493 28.1322 96.5672 0.813931 0.0114493 0.580848
40.521 27.0636 96.6392 0.815042 0.0181817 0.579116
40.5455 25.9986 96.6268 0.824134 0.0113442 0.566259
40.64 24.9357 96.5191 0.825094 0.0161079 0.564766
40.6488 23.4632 96.5389 0.832663 0.00858928 0.553713
40.6409 22.0511 96.5712 0.835096 0.0115331 0.549956
40.7778 21.0644 96.3907 0.836896 0.0161533 0.547123
40.8548 20.0264 96.291 0.838416 0.00844741 0.544966
40.7854 18.7619 96.4266 0.841911 0.0104095 0.539516
40.8779 17.3999 96.309 0.843817 0.00971593 0.536533
41.3425 18.5322 95.5552 0.845361 0.00842847 0.534129
41.4602 19.8748 95.3605 0.839174 0.00794536 0.543805
41.4553 20.9301 95.353 0.837678 0.00429975 0.54613
41.2204 22.0144 95.6982 0.833286 0.00727619 0.552795
41.3073 23.2211 95.5511 0.832138 0.00568789 0.554532
41.3426 24.276 95.4917 0.830942 0.00362701 0.556348
41.319 25.3649 95.5164 0.827343 0.0116537 0.561538
41.2871 26.5235 95.5453 0.823125 0.00635707 0.567825
41.4211 27.5534 95.3399 0.821635 -0.000134868 0.569974
41.3585 29.1475 95.42 0.811671 0.00912006 0.584043
41.4488 30.6066 95.2887 0.804655 0.0132267 0.593435
41.4031 31.6417 95.3267 0.796154 0.0078932 0.605043
41.3651 32.6446 95.3661 0.7924 0.0153803 0.609715
41.3604 33.6935 95.3937 0.776024 -0.0149906 0.630525
41.4036 34.7087 95.3608 0.763823 -0.000824205 0.645272
41.4842 35.7305 95.2865 0.758191 -0.0130848 0.6519
41.5751 36.7655 95.1975 0.747561 -0.00492527 0.664046
41.7183 37.7739 95.0618 0.742135 -0.0152466 0.670077
42.0319 38.8646 94.7377 0.736303 -0.00841304 0.676572
42.4556 39.7922 94.2847 0.740282 -0.00965995 0.672227
43.178 40.8239 93.4784 0.748244 0.00480002 0.663406
44.307 41.7719 92.201 0.750489 -0.0127407 0.66076
44.9472 42.0335 91.4766 0.753255 -0.00955834 0.65765
45.6112 42.1718 90.7065 0.758508 -0.00934369 0.651596
46.366 42.2325 89.8249 0.760807 -0.0102184 0.648897
47.4303 42.2668 88.5543 0.772022 -0.00830976 0.635542
48.0826 42.2908 87.7689 0.770522 0.00677636 0.637304
49.0585 42.2269 86.5661 0.776708 0.00692966 0.629823
49.6879 42.1696 85.787 0.778809 0.00662654 0.627226
50.3735 42.1559 84.9301 0.787397 0.00648053 0.61641
51.0188 42.1086 84.1048 0.788141 0.00772391 0.615446
51.7067 42.0675 83.2221 0.791047 0.00465743 0.611723
52.807 42.039 81.7791 0.797521 0.00401825 0.603277
53.775 42.087 80.4938 0.802625 0.00928045 0.596412
54.5396 42.0585 79.4652 0.802327 0.00763376 0.596833
55.1619 42.0658 78.617 0.806614 0.0084577 0.591018
56.1333 42.1699 77.2824 0.810133 0.00914764 0.586174
56.9029 42.2025 76.2148 0.813051 0.00788986 0.582132
57.5122 42.1839 75.359 0.814637 0.00852323 0.579908
58.1284 42.1198 74.4947 0.815085 0.0077912 0.579289
58.7172 42.0531 73.6656 0.815637 0.00830615 0.578504
59.6824 42.054 72.3133 0.811509 0.00714362 0.584297
60.3448 42.0488 71.3937 0.809724 0.00691291 0.586763
61.1783 42.129 70.2498 0.808406 0.0055851 0.588598
61.668 42.8934 69.5796 0.804 0.00452003 0.594612
61.7622 43.9133 69.4445 0.804453 0.00627849 0.593984
61.771 45.0731 69.4205 0.805545 0.00415521 0.592514
61.1067 45.9066 70.3246 0.807909 0.00230074 0.589299
60.2309 45.9997 71.5286 0.808726 0.00315464 0.588177
59.5639 45.9664 72.4531 0.81183 0.00390653 0.583881
58.9691 45.9159 73.2805 0.812472 0.00365823 0.582987
58.1182 45.7921 74.4687 0.812814 0.00442163 0.582506
57.3507 45.7433 75.5426 0.81396 0.00604053 0.58089
56.7429 45.6935 76.3942 0.809918 0.00615102 0.586511
55.8398 45.7205 77.6404 0.809844 0.00652357 0.586609
55.1714 45.7494 78.5551 0.806021 0.011823 0.591768
54.4893 45.7723 79.4796 0.80208 0.0121228 0.597093
53.8338 45.7642 80.3602 0.801985 0.0120301 0.597222
53.132 45.7344 81.2919 0.797386 0.0143844 0.603298
52.5062 45.7394 82.1202 0.795253 0.0162714 0.606043
51.4226 45.7897 83.5279 0.790947 0.0141929 0.611706
50.5894 45.8171 84.5814 0.782776 0.0173647 0.622061
49.9542 45.8433 85.3797 0.781037 0.0168793 0.62425
49.3187 45.8417 86.1712 0.779804 0.0155963 0.625829
48.6821 45.8038 86.9653 0.777612 0.0144982 0.628566
48.044 45.7354 87.7511 0.780643 0.00468557 0.62496
47.1582 45.7418 88.8533 0.777225 0.00440719 0.629208
46.348 45.7601 89.856 0.771386 0.00660872 0.63621
45.6465 45.8039 90.6672 0.753332 0.0105708 0.657553
44.9032 45.8537 91.5155 0.753151 0.0104438 0.657763
44.202 45.8915 92.3274 0.757621 0.00824162 0.652642
43.36 45.8675 93.29 0.732762 0.00609141 0.680348
42.6148 45.8482 94.079 0.72688 0.0148307 0.686604
41.686 45.8307 95.0477 0.716542 0.0160103 0.69736
40.9836 45.8192 95.7692 0.713808 0.0142327 0.700185
40.2582 45.7907 96.4962 0.691191 0.0309129 0.72201
39.5552 44.7408 97.2096 0.687809 0.0268214 0.725394
39.54 43.839 97.2553 0.687478 0.0249532 0.725776
38.9332 43.8935 97.8282 0.687454 0.0249598 0.725799
38.9683 42.8575 97.8284 0.684845 0.0271182 0.728172
39.0249 41.8526 97.8184 0.689748 0.0287333 0.723439
39.1369 40.2669 97.7562 0.703599 0.0229552 0.710114
39.2351 39.2455 97.6992 0.710509 0.0324905 0.702929
39.3775 37.9142 97.6233 0.721461 0.0314938 0.691534
39.5865 36.5005 97.4585 0.761295 0.0521718 0.646303
39.7121 35.5062 97.3848 0.768546 0.0116908 0.639683
39.7785 34.2899 97.3262 0.776404 0.0211342 0.629724
39.8312 32.8956 97.3308 0.789869 0.0260284 0.612723
39.9501 31.2501 97.2677 0.798216 0.035825 0.601208
39.9871 30.1233 97.2688 0.802251 0.0278713 0.596336
40.0185 28.5502 97.3021 0.808006 0.0201262 0.588695
40.0359 27.2869 97.3153 0.815953 0.0191341 0.577801
40.0589 26.2141 97.3182 0.816508 0.0216096 0.576924
40.1158 25.1208 97.2758 0.823199 0.0155573 0.56754
40.1585 24.0856 97.2422 0.823296 0.014473 0.567428
40.1774 22.7706 97.247 0.8281 0.0216954 0.560025
40.2341 21.6235 97.2051 0.835255 0.0167394 0.549608
40.297 20.621 97.1401 0.837783 0.0125323 0.545843
40.3177 19.5123 97.1366 0.841196 0.0148091 0.540527
40.3516 18.344 97.1122 0.843746 0.0139227 0.536543
40.421 17.1446 97.0408 0.845791 0.0149512 0.5333
40.4399 15.5562 97.0489 0.848625 0.0179613 0.528642
40.4513 14.417 97.0675 0.853213 0.0150077 0.521346
40.4448 13.0712 97.1149 0.85423 0.0136835 0.519714
40.4471 11.8049 97.1471 0.854791 0.0147456 0.518762
40.4758 10.4945 97.1267 0.856837 0.0135364 0.515392
40.4915 9.44206 97.1257 0.859229 0.00929338 0.511507
40.5177 7.93724 97.1096 0.860592 0.0132782 0.509108
40.5527 6.78312 97.0807 0.862385 0.0121499 0.506108
40.5813 5.33557 97.0607 0.863541 0.00706975 0.504229
40.5655 4.32718 97.1023 0.864734 0.0111989 0.502085
40.5363 3.29758 97.1768 0.867224 0.00930592 0.497832
40.5165 2.23193 97.2315 0.867645 0.010687 0.497067
40.5538 1.10448 97.1928 0.868177 0.0117166 0.496116
40.6248 -0.0213389 97.09 0.869528 0.0065759 0.49384
40.6477 -1.07532 97.0643 0.869688 0.00687559 0.493555
40.6606 -2.22757 97.0581 0.869684 0.00716813 0.493556
40.6309 -3.25761 97.1254 0.87061 0.00822392 0.4919
40.5839 -4.41666 97.2255 0.871822 0.00680077 0.489776
40.5898 -5.48886 97.2298 0.871817 0.0067867 0.489784
40.5938 -6.56701 97.2364 0.871999 0.00603938 0.48947
40.5968 -7.68676 97.2448 0.871931 0.00583488 0.489594
40.6291 -8.70424 97.1981 0.871809 0.00515471 0.489819
40.6736 -10.2632 97.1343 0.871734 0.00405883 0.489963
40.7147 -11.4127 97.0699 0.871478 0.00406013 0.490418
40.7725 -13.0149 96.9816 0.870774 0.00327646 0.49167
40.7278 -14.3157 97.0658 0.868352 0.00302097 0.49594
40.7021 -15.5573 97.1193 0.868313 0.00458867 0.495995
40.7471 -17.0047 97.0506 0.866671 0.00193395 0.498876
40.7381 -18.4218 97.0727 0.866698 0.00206215 0.498829
40.7321 -19.6152 97.0799 0.863849 -0.00322974 0.50374
40.637 -21.0148 97.2412 0.862009 0.00296569 0.506878
40.6071 -22.1323 97.2944 0.86125 0.00110413 0.50818
40.6578 -23.3853 97.2202 0.858664 0.00183032 0.512503
40.7588 -24.5048 97.049 0.856371 -0.000992572 0.51636
40.7856 -26.067 97.002 0.854775 -0.00349199 0.518976
40.7311 -27.1223 97.0893 0.851958 0.00198018 0.523606
40.7061 -28.1787 97.135 0.848839 -0.00340085 0.528579
40.6881 -29.2412 97.1531 0.844445 -0.00432265 0.535624
40.6357 -30.8306 97.2106 0.83767 -0.00790812 0.546032
40.5854 -31.9842 97.2821 0.833451 -0.00267894 0.552588
40.5369 -33.5619 97.3457 0.826876 0.00905927 0.562039
40.5427 -34.6457 97.3291 0.812012 -0.00949406 0.583563
40.5463 -35.733 97.3065 0.808106 -0.00161726 0.588951
40.5435 -36.8047 97.316 0.793916 0.00264499 0.608021
40.5187 -37.8386 97.3526 0.790865 -0.00519665 0.611902
40.4653 -38.8893 97.4015 0.787235 -0.0109724 0.616556
40.4123 -39.9954 97.4495 0.782591 -0.0207211 0.622074
40.3761 -41.244 97.4733 0.7727 -0.00477494 0.634751
40.2895 -42.6128 97.5759 0.772252 -0.00704295 0.635019
40.2327 -43.7971 97.6065 0.764431 -0.0205121 0.644378
40.2749 -45.1957 97.5319 0.762696 -0.00923879 0.646689
40.4547 -46.3998 97.3193 0.759832 0.00237671 0.650115
41.0554 -46.7499 96.5999 0.767896 0.00148064 0.640572
41.9059 -46.7908 95.5647 0.776951 0.00240023 0.629556
42.6408 -46.7668 94.6542 0.781367 0.00233535 0.624066
43.4538 -46.6548 93.6357 0.784277 0.000682896 0.620394
44.2295 -46.5416 92.6332 0.793429 -4.8079e-05 0.608663
44.8929 -46.5161 91.7688 0.792067 0.00030245 0.610431
45.6423 -46.5697 90.7899 0.794681 -0.00789501 0.606972
46.7213 -46.6449 89.3339 0.809798 -0.00578233 0.586681
47.4019 -46.6431 88.3922 0.810604 0.00270503 0.585573
48.0187 -46.6749 87.5355 0.811659 -0.00107358 0.584131
48.7663 -46.6701 86.4914 0.815699 -0.00024936 0.578469
49.4514 -46.6326 85.521 0.815971 0.00157181 0.578089
50.061 -46.631 84.6618 0.815723 0.00284645 0.578435
50.7675 -46.6547 83.6678 0.815106 0.000997632 0.579311
51.4585 -46.6502 82.6967 0.813788 0.000784921 0.581161
52.3302 -46.684 81.4773 0.813184 0.000975741 0.582006
53.0533 -46.6798 80.4773 0.810129 0.00122725 0.586251
53.7664 -46.6918 79.4922 0.809935 0.000855827 0.586519
54.5546 -46.6732 78.391 0.813837 -0.00293766 0.581086
55.3373 -46.6872 77.2947 0.813524 -0.0024322 0.581526
56.0951 -46.6877 76.2478 0.809917 -0.00154514 0.586543
56.8128 -46.7037 75.2564 0.809865 -0.000915474 0.586615
57.492 -46.7126 74.3197 0.809603 -0.000406346 0.586978
58.1249 -46.6895 73.4524 0.807181 -0.00168131 0.590301
58.7717 -46.6315 72.5697 0.806659 -0.00123398 0.591015
59.4051 -46.5882 71.7066 0.805491 -0.00125077 0.592605
60.0109 -46.6018 70.8851 0.804756 -0.000630735 0.593605
61.0499 -46.7295 69.4741 0.805598 -0.000717356 0.592462
62.0142 -46.7742 68.1629 0.805459 -0.00140764 0.592649
62.8451 -46.7621 67.0288 0.808951 -0.00167663 0.587874
63.6207 -46.7634 65.9623 0.808958 -0.00381384 0.587853
64.6712 -46.351 64.5163 0.809585 -0.00351975 0.586992
64.8245 -45.1226 64.3124 0.808704 -0.00332926 0.588207
64.8305 -43.7986 64.3105 0.809279 -0.00222687 0.58742
64.7577 -42.6707 64.4161 0.809532 -0.00273557 0.587069
64.5766 -41.6641 64.6685 0.809143 -0.00156753 0.587609
63.8275 -41.2593 65.6895 0.805287 0.000309341 0.592884
63.0183 -41.212 66.7872 0.803823 0.00160898 0.594866
62.3782 -41.2301 67.6526 0.804995 0.000533701 0.593278
61.6869 -41.2438 68.595 0.806696 0.000395908 0.590966
61.0213 -41.2589 69.5037 0.808271 -0.00107179 0.588802
60.3934 -41.2725 70.372 0.811259 -0.00129063 0.584685
59.7963 -41.2935 71.2009 0.811636 -0.00151305 0.584161
59.2062 -41.3222 72.0186 0.807962 -0.00532675 0.589211
58.0981 -41.3217 73.5336 0.806493 -0.00389497 0.59123
57.507 -41.3151 74.3403 0.804604 -0.00212325 0.593799
56.7358 -41.3622 75.3864 0.808158 0.00120572 0.588965
55.9485 -41.346 76.4693 0.809805 -0.000746929 0.586695
55.1788 -41.4191 77.5356 0.811028 -8.26944e-05 0.585007
54.3185 -41.4011 78.7266 0.810289 0.000301806 0.586029
53.4495 -41.3572 79.9286 0.809756 -0.000409925 0.586765
52.7473 -41.3633 80.8945 0.809017 0.00152454 0.587783
52.1137 -41.3232 81.7673 0.810666 0.00153858 0.585507
51.1121 -41.289 83.1547 0.811248 0.00244854 0.584696
50.5071 -41.2907 83.9953 0.811439 0.00631914 0.584403
49.8464 -41.3275 84.9149 0.813271 0.00556272 0.581852
49.157 -41.3237 85.8827 0.814519 0.0072689 0.580092
48.447 -41.2852 86.8872 0.816125 0.00874898 0.577808
47.6716 -41.2731 87.9799 0.81444 0.0121498 0.580112
46.8806 -41.2706 89.0677 0.8071 0.012279 0.590286
46.2608 -41.2593 89.9023 0.804637 0.012473 0.593622
45.4143 -41.2048 91.0129 0.792483 0.0312763 0.609091
44.7864 -41.0637 91.8141 0.79314 0.0218181 0.608522
44.0278 -40.5616 92.8097 0.793844 0.0130325 0.607928
43.4589 -39.8687 93.5335 0.792251 0.0155658 0.609997
42.9208 -38.7973 94.2037 0.791782 0.0168308 0.610572
42.6782 -37.8035 94.4916 0.791774 0.0163512 0.610595
42.5189 -36.593 94.6474 0.802112 0.0306898 0.596384
42.431 -35.4656 94.7064 0.808271 0.0195557 0.588286
42.3518 -34.383 94.7726 0.820198 0.0264606 0.571467
42.2688 -33.3168 94.8431 0.820725 0.0255439 0.570752
42.2079 -32.1589 94.8739 0.822379 0.0279548 0.568251
42.1887 -31.0688 94.843 0.835771 0.0300378 0.548249
42.1692 -29.4025 94.8134 0.844178 0.0168035 0.53579
42.1537 -28.2383 94.8163 0.847789 0.0158433 0.530006
42.1235 -26.9259 94.8236 0.852749 0.0113373 0.522197
42.105 -25.5582 94.8239 0.854385 0.00554199 0.519576
42.0745 -24.3093 94.847 0.859533 0.0127823 0.51092
42 -23.2682 94.9468 0.860527 0.00937793 0.509304
41.9995 -22.244 94.9347 0.862443 0.00658122 0.506109
42.0452 -20.8401 94.8374 0.863168 0.00698384 0.504868
42.0472 -19.5192 94.8168 0.863398 0.00567116 0.504492
42.0041 -18.3221 94.8695 0.867036 0.00871041 0.49816
41.9822 -16.8851 94.8915 0.867745 0.00526234 0.496981
41.9865 -15.0782 94.8616 0.868912 0.00700378 0.494916
42.0189 -13.7579 94.784 0.870335 0.00744539 0.4924
41.9827 -12.501 94.8329 0.871254 0.00606164 0.490796
41.9406 -11.1661 94.8912 0.871248 0.00606736 0.490806
41.9077 -10.0283 94.9364 0.872056 0.00591237 0.489371
41.911 -8.92949 94.9173 0.87207 0.00556536 0.48935
41.811 -7.1958 95.0759 0.872056 0.00554375 0.489375
41.8195 -5.75776 95.0445 0.871202 0.00581657 0.490891
41.8416 -4.73226 94.9931 0.871143 0.00557344 0.490998
41.8554 -3.28922 94.9544 0.871397 0.00444415 0.490558
41.8686 -1.97781 94.9203 0.87116 0.0038301 0.490983
41.8598 -0.502849 94.9197 0.870164 0.00569546 0.492729
41.8471 0.497088 94.9304 0.869951 0.00364921 0.49312
41.8362 2.10169 94.9348 0.867707 0.00642421 0.497035
41.8512 3.58714 94.8898 0.867369 0.00608242 0.497629
41.8641 4.70765 94.8536 0.866184 0.00299881 0.499701
41.8642 5.79007 94.8476 0.863973 0.00384204 0.503524
41.8527 6.79693 94.8586 0.863063 0.00171795 0.505084
41.8489 8.08077 94.8559 0.860453 0.00486334 0.509506
41.8504 9.09274 94.8426 0.860285 0.00722114 0.509761
41.8641 10.3335 94.7997 0.85904 0.00442116 0.511873
41.8226 11.5587 94.8637 0.857011 0.00494534 0.515274
41.8148 12.9453 94.8564 0.854273 0.00544777 0.519755
41.8108 14.1258 94.8613 0.852005 0.000778719 0.523533
41.8043 15.1699 94.8611 0.850951 0.00629039 0.525208
41.8617 16.8062 94.7568 0.845637 0.00676947 0.533715
41.8486 17.9358 94.7633 0.84558 0.00753889 0.533795
41.8636 19.2554 94.7402 0.840594 -0.000835896 0.541665
41.8808 20.3587 94.7048 0.837781 0.00415062 0.545973
41.8551 21.4589 94.7425 0.836312 0.000812894 0.548254
41.8088 22.5534 94.7994 0.833451 0.00233939 0.552561
41.8085 24.2276 94.7968 0.83059 0.00351668 0.556874
41.7936 25.6629 94.8177 0.825115 0.00120032 0.564963
41.8087 26.8308 94.7861 0.823064 0.00588969 0.567919
41.8672 28.0362 94.7081 0.818749 -0.00720473 0.574107
41.8839 29.0913 94.693 0.807954 0.000642711 0.589237
41.9177 30.5777 94.6466 0.803704 -0.0101627 0.594835
41.92 32.1491 94.6529 0.790604 0.00444932 0.612312
41.9214 33.1807 94.6738 0.783777 -0.0157076 0.620843
41.9821 35.0001 94.6708 0.773268 -0.0250775 0.633489
42.0732 36.2082 94.5901 0.761752 -0.0373787 0.646337
42.2075 37.2162 94.5056 0.743323 -0.0156008 0.668751
42.6944 38.9585 94.0091 0.742092 -0.018061 0.670055
43.5217 40.2451 93.0947 0.753844 0.00254428 0.656991
44.1045 40.7674 92.4116 0.755329 -0.00539643 0.655242
44.8272 41.1292 91.5974 0.752734 -0.0120076 0.658212
45.8972 41.3234 90.3619 0.758958 -0.0081023 0.651089
46.6881 41.3642 89.4334 0.761314 -0.00923745 0.648316
47.4951 41.3959 88.4742 0.764428 0.00622839 0.644679
48.2048 41.422 87.6278 0.776648 0.00703798 0.629895
49.0408 41.3451 86.5977 0.776885 0.00699955 0.629604
49.7057 41.3039 85.7743 0.780138 0.00759516 0.625556
50.4234 41.2703 84.8738 0.786616 0.00545003 0.617418
51.2205 41.2516 83.8565 0.788198 0.00589115 0.615393
51.8305 41.2147 83.0633 0.79328 0.00509913 0.608826
52.5253 41.185 82.157 0.796476 0.0052443 0.604644
53.2425 41.2163 81.2145 0.796095 0.00634272 0.605139
54.0562 41.2374 80.1286 0.802907 0.00870911 0.596041
54.7267 41.232 79.2246 0.804998 0.00902416 0.5932
55.7454 41.2794 77.8313 0.808307 0.00813284 0.588699
56.4212 41.3283 76.8939 0.811309 0.00665826 0.58458
57.0246 41.3467 76.0562 0.812936 0.00748397 0.582297
57.6324 41.3158 75.203 0.814541 0.00826709 0.580047
58.2541 41.2723 74.3302 0.815165 0.00861871 0.579164
58.8485 41.2297 73.4927 0.815567 0.00876592 0.578597
59.8896 41.2254 72.0357 0.81173 0.00734559 0.583986
60.6443 41.2398 70.9912 0.808357 0.00519051 0.588669
61.2537 41.2676 70.1534 0.806708 0.00514165 0.590927
61.9639 41.4831 69.1823 0.805904 0.00329726 0.592032
62.2223 43.4064 68.8268 0.804485 0.00291619 0.593963
62.282 44.453 68.7341 0.806939 0.00656886 0.590599
62.2854 45.4863 68.7178 0.807174 0.00731307 0.590267
61.985 46.5799 69.1194 0.807388 0.00470241 0.590002
61.2967 46.7502 70.06 0.807366 0.00452066 0.590033
60.6508 46.8001 70.946 0.808856 0.00504344 0.587986
60.0451 46.8038 71.7793 0.80926 0.00462339 0.587432
59.4227 46.7753 72.6438 0.811864 0.00545691 0.583821
58.7416 46.7188 73.5919 0.812835 0.00423191 0.582478
57.9912 46.6436 74.6398 0.812869 0.00419012 0.582432
57.376 46.5997 75.5 0.813292 0.00426793 0.58184
56.7885 46.5758 76.3219 0.811982 0.00615266 0.583639
55.9868 46.5959 77.4251 0.808378 0.010088 0.588577
55.2535 46.6448 78.4253 0.805763 0.0112918 0.59213
54.6414 46.6491 79.2574 0.802285 0.0124051 0.596812
54.0123 46.6218 80.103 0.802063 0.0120963 0.597117
53.3546 46.581 80.9789 0.796959 0.0137015 0.603878
52.6454 46.5874 81.9147 0.796916 0.0137841 0.603933
51.8535 46.6288 82.9451 0.792957 0.0152746 0.609086
51.0938 46.6623 83.9283 0.786152 0.0148757 0.617818
50.4355 46.6669 84.7553 0.782365 0.0121946 0.622701
49.803 46.6749 85.5512 0.781505 0.00956257 0.623817
49.1675 46.6695 86.3421 0.779491 0.0086114 0.626355
48.538 46.6468 87.1255 0.780068 0.0100906 0.62561
47.4344 46.6016 88.506 0.778932 0.00455417 0.627086
46.3886 46.6082 89.7965 0.771746 0.00832073 0.635825
45.7101 46.6462 90.5913 0.753895 -0.0016772 0.656992
45.0461 46.6887 91.3514 0.751363 -0.000720444 0.659885
43.9057 46.7614 92.6616 0.756977 0.00663882 0.653407
43.0449 46.7315 93.6073 0.72627 0.0112263 0.687318
42.3001 46.6915 94.3949 0.723008 0.0136337 0.690685
41.5699 46.6591 95.1482 0.716527 0.0153522 0.697391
40.8255 46.6545 95.9127 0.711592 0.0205911 0.702242
40.006 46.6695 96.7015 0.690957 0.0180884 0.722669
39.1638 46.535 97.5101 0.688873 0.0296637 0.724271
38.9036 45.3221 97.8043 0.687309 0.0284366 0.725808
38.9196 44.7038 97.8133 0.687287 0.0266297 0.725896
38.305 44.6002 98.3881 0.659549 0.0371061 0.750745
38.2331 46.4177 98.3545 0.663047 0.0413257 0.747435
38.5125 47.372 98.0781 0.671656 0.0210489 0.740557
39.6824 47.5493 96.9871 0.686593 0.0226177 0.72669
40.4857 47.5047 96.2217 0.698793 0.0229601 0.714858
41.2297 47.4828 95.4785 0.707066 0.0256979 0.706681
41.991 47.53 94.6953 0.720594 0.017693 0.693131
42.7747 47.5948 93.8764 0.725919 0.0177808 0.687546
43.4974 47.634 93.0937 0.740231 0.0204395 0.672042
44.2018 47.6152 92.3087 0.753805 0.00361233 0.657054
44.9333 47.5463 91.479 0.750344 0.000466506 0.661047
45.679 47.4964 90.6284 0.759907 0.00576158 0.64989
46.4284 47.4578 89.7342 0.766871 0.0126668 0.641676
47.0963 47.4499 88.9159 0.776649 0.00582241 0.629907
47.7476 47.4657 88.1011 0.781377 0.0106856 0.623968
48.3717 47.4905 87.3194 0.780152 0.0100221 0.625506
49.0019 47.5056 86.5363 0.778884 0.00943624 0.627097
49.6394 47.5115 85.7433 0.781522 0.00963465 0.623794
50.4961 47.5208 84.6625 0.783032 0.0114626 0.621875
51.1171 47.5169 83.8741 0.789962 0.017182 0.612914
52.178 47.4636 82.5015 0.793091 0.0154251 0.608908
52.8911 47.4165 81.5714 0.79686 0.0137783 0.604007
53.559 47.4446 80.6897 0.797199 0.0140076 0.603553
54.1921 47.4987 79.8436 0.801901 0.0126158 0.597324
54.8124 47.546 79.0083 0.804236 0.0121891 0.594178
55.7163 47.4903 77.7822 0.806696 0.00920338 0.590888
56.3194 47.4575 76.9559 0.807464 0.00464984 0.589898
57.001 47.4604 76.0142 0.812744 0.00772716 0.58257
57.7773 47.4811 74.9318 0.813397 0.00595276 0.581679
58.5442 47.5445 73.859 0.813217 0.0067949 0.58192
59.1946 47.5837 72.9534 0.811836 0.00573013 0.583858
59.8169 47.6106 72.0885 0.809706 0.00394625 0.586822
60.4367 47.6188 71.2334 0.809211 0.00457843 0.587499
61.0674 47.5891 70.3674 0.807499 0.00447027 0.589852
61.7708 47.54 69.4048 0.807475 0.00465886 0.589883
62.5909 47.3343 68.281 0.809004 0.00575812 0.587773
62.7902 46.3412 68.0153 0.808118 0.00647545 0.588982
62.8029 45.2668 68.0125 0.807506 0.00807153 0.589805
62.7616 44.1245 68.0824 0.806604 0.00756428 0.591043
62.6907 43.02 68.1944 0.804996 0.00487438 0.593248
62.6411 41.9277 68.2642 0.803917 0.00149107 0.59474
62.5341 40.8979 68.4063 0.806501 0.000172259 0.591224
62.0022 40.3882 69.137 0.807462 0.00303296 0.589912
61.3828 40.3798 69.9851 0.807082 0.0041607 0.590424
60.4596 40.4334 71.2546 0.810889 0.00739321 0.585154
59.6 40.4078 72.4484 0.813438 0.00851545 0.581581
58.738 40.4067 73.6611 0.815325 0.00934646 0.578927
57.8495 40.4431 74.9106 0.814678 0.00842606 0.579852
57.1413 40.4974 75.904 0.812962 0.00696142 0.58227
56.5391 40.4742 76.7404 0.811349 0.00712005 0.584518
55.8729 40.4184 77.6648 0.809349 0.00638501 0.587293
55.1842 40.4065 78.6135 0.807857 0.00814549 0.589317
54.3441 40.3954 79.7519 0.803186 0.00818502 0.595672
53.7398 40.3841 80.5683 0.800609 0.0096442 0.599082
52.7714 40.345 81.8446 0.795757 0.00829368 0.60556
52.1152 40.3631 82.7039 0.794103 0.00809023 0.607729
51.4986 40.4028 83.5076 0.788789 0.00496316 0.614644
50.8534 40.419 84.3345 0.787431 0.00575359 0.616374
49.8418 40.4449 85.615 0.782234 0.00709377 0.622942
49.2043 40.4841 86.4053 0.777011 0.00674997 0.629451
48.489 40.5273 87.2877 0.776818 0.0070638 0.629685
47.6718 40.519 88.2732 0.762805 0.0025484 0.64661
46.9309 40.4928 89.1439 0.760633 -0.00171583 0.649178
45.8948 40.4508 90.3537 0.760436 -0.0052867 0.649383
45.1493 40.3418 91.2126 0.753858 -0.0127801 0.656912
44.1119 39.894 92.4056 0.760048 0.00197742 0.649863
43.4899 39.219 93.1296 0.760102 -0.0196847 0.649488
43.0305 38.2389 93.6175 0.742117 -0.0181893 0.670023
42.7794 37.2206 93.8698 0.747626 -0.0367967 0.662724
42.5872 35.6512 93.9531 0.761691 -0.0360112 0.646455
42.509 34.6149 93.9999 0.776042 -0.035165 0.6297
42.4718 33.5936 93.9892 0.779977 -0.0254363 0.625191
42.4539 32.0668 93.9712 0.785189 -0.00646454 0.619151
42.4169 30.5328 93.9767 0.801044 -0.0205581 0.598253
42.3916 29.4063 94.0012 0.810101 -0.00926412 0.586102
42.3567 28.2684 94.0145 0.817903 -0.00760518 0.575306
42.3258 27.1916 94.0463 0.819487 -0.0066157 0.573056
42.2977 26.1456 94.0796 0.82537 0.00318743 0.56458
42.2955 25.0162 94.0838 0.825326 -0.00391573 0.564643
42.3123 23.7026 94.0496 0.827716 -0.000402191 0.561115
42.3115 21.9859 94.0432 0.833457 0.00196768 0.552551
42.3246 20.9102 94.027 0.836324 0.000808393 0.548235
42.3173 19.7516 94.0352 0.841619 -0.00326802 0.540058
42.3097 18.4717 94.0415 0.842834 -0.00294686 0.538165
42.3202 17.3571 94.0247 0.842672 0.000519264 0.538427
42.3022 16.029 94.0623 0.847499 -0.00117176 0.530796
42.2649 14.6527 94.1197 0.849429 0.0026195 0.527674
42.2577 13.4613 94.1326 0.853543 -6.37775e-05 0.521022
42.2448 12.4559 94.1556 0.853238 0.00227297 0.521517
42.2732 11.4099 94.1199 0.855482 0.00206227 0.51781
42.2941 10.3887 94.0834 0.856953 0.000228239 0.515394
42.2933 9.35511 94.0911 0.860441 0.00710661 0.5095
42.275 7.61113 94.1407 0.86157 0.00212217 0.507622
42.2684 6.52579 94.1497 0.86269 -0.00127238 0.505731
42.2784 5.50194 94.1392 0.864633 0.00188355 0.502394
42.2802 4.46808 94.1356 0.865293 -0.000333203 0.501267
42.2756 3.4329 94.152 0.867385 0.0058845 0.497604
42.2855 1.9952 94.1506 0.867972 0.00553393 0.496582
42.2982 0.794515 94.1343 0.869818 0.00156489 0.49337
42.2881 -0.440842 94.1625 0.870214 0.00577821 0.49264
42.2964 -2.01909 94.1619 0.87077 0.00342974 0.491679
42.2875 -3.1715 94.1857 0.871356 0.00400625 0.490635
42.2932 -4.48143 94.1894 0.871128 0.00524651 0.491027
42.2775 -5.79837 94.2322 0.871621 0.00504257 0.490153
42.2715 -7.05214 94.2538 0.872006 0.00488541 0.48947
42.3147 -8.061 94.1881 0.87204 0.00552632 0.489404
42.3323 -9.38659 94.172 0.871992 0.0059915 0.489484
42.3486 -10.4634 94.1563 0.871914 0.00605347 0.489621
42.3877 -11.7615 94.1042 0.871869 0.00676707 0.489693
42.4136 -12.7889 94.0717 0.870421 0.00735697 0.492248
42.4262 -14.1606 94.0739 0.869581 0.00903441 0.493708
42.4021 -15.3558 94.1348 0.869257 0.00715918 0.494309
42.4192 -17.2161 94.1339 0.867719 0.00623285 0.497015
42.4445 -18.2284 94.1012 0.867101 0.00904549 0.498038
42.4827 -19.8586 94.0749 0.865055 0.00901528 0.501574
42.4728 -21.3516 94.113 0.863426 0.00715414 0.504424
42.4463 -22.3788 94.1723 0.863269 0.006739 0.5047
42.4724 -23.5195 94.1659 0.857638 0.0155218 0.514007
42.5296 -24.5563 94.0954 0.856971 0.0123339 0.515217
42.534 -25.5641 94.117 0.855247 0.0151776 0.517998
42.5508 -26.7001 94.1205 0.852666 0.0116848 0.522325
42.6293 -28.4985 94.0541 0.850089 0.0253652 0.526008
42.6426 -29.6373 94.0801 0.839595 0.0228799 0.542686
42.668 -31.2813 94.124 0.835944 0.0290339 0.548045
42.6984 -32.3843 94.1443 0.835753 0.0327121 0.548131
42.7728 -33.5329 94.1079 0.831564 0.0322119 0.554463
42.8642 -34.7163 94.0294 0.830197 0.0274341 0.556794
42.9627 -35.858 93.9951 0.813142 0.0441728 0.580233
43.0496 -36.9447 93.9366 0.809256 0.0325948 0.586551
43.228 -37.9759 93.7803 0.798835 0.0479074 0.599639
43.7606 -39.257 93.1262 0.792202 0.0159057 0.610052
44.4535 -40.0564 92.2294 0.800641 0.0258897 0.598582
45.0989 -40.3117 91.3805 0.790863 0.0223268 0.611586
45.8236 -40.3802 90.445 0.791509 0.0216316 0.610775
46.5889 -40.4047 89.4373 0.801178 0.0207949 0.598048
47.3152 -40.4247 88.4546 0.806646 0.0180938 0.590744
47.9517 -40.4179 87.5679 0.813209 0.0126958 0.581833
48.8792 -40.4474 86.264 0.81616 0.00876749 0.577757
49.6147 -40.4655 85.2325 0.812312 0.00257943 0.583217
50.3179 -40.448 84.2537 0.811541 0.00249506 0.58429
51.1534 -40.4414 83.0935 0.810996 0.00279566 0.585045
52.0875 -40.4595 81.8014 0.810506 0.00201312 0.585726
52.7498 -40.5016 80.8901 0.808372 -0.000197321 0.588672
53.6933 -40.4485 79.5926 0.809253 0.000149027 0.58746
54.3401 -40.4714 78.6983 0.810405 -0.000976317 0.58587
55.4051 -40.5036 77.2234 0.81007 0.00125335 0.586332
55.9902 -40.4607 76.413 0.810355 -0.000866207 0.585938
56.961 -40.4826 75.0777 0.805748 -0.00109458 0.592247
57.7926 -40.4566 73.9554 0.804955 -0.00178127 0.593325
58.4517 -40.495 73.0572 0.806305 -0.00403933 0.591486
59.077 -40.5045 72.2029 0.809789 -0.00340545 0.5867
59.7067 -40.4831 71.3278 0.811766 -0.00166012 0.58398
60.3566 -40.4585 70.425 0.810722 -0.00211145 0.585426
61.0332 -40.4451 69.4908 0.809767 -0.00268385 0.586746
61.7189 -40.4273 68.5509 0.806417 2.50934e-05 0.591347
62.4022 -40.4269 67.6201 0.805877 -0.000420931 0.592083
63.0686 -40.4229 66.7173 0.803986 0.00130103 0.594647
63.7608 -40.3932 65.7796 0.804776 0.000319679 0.593579
64.391 -40.4728 64.9243 0.805143 -0.000494632 0.59308
65.1581 -41.1912 63.8694 0.809406 -0.00236584 0.587243
65.2549 -42.3422 63.7312 0.809782 -0.00222412 0.586727
65.3043 -43.7135 63.6573 0.809718 -0.00200339 0.586815
65.3305 -44.7684 63.6189 0.808886 -0.00211243 0.58796
65.3283 -45.841 63.6158 0.808987 -0.00485643 0.587807
64.9816 -47.3511 64.0839 0.80951 -0.00256884 0.5871
64.2557 -47.6064 65.0827 0.809313 -0.00275318 0.587371
63.6155 -47.6118 65.967 0.809469 0.000333662 0.58716
62.5287 -47.5917 67.4617 0.807284 -0.00165512 0.590153
61.9281 -47.6143 68.2775 0.805114 -0.0020591 0.593117
61.1888 -47.5851 69.2818 0.805832 -0.00249882 0.592139
60.3353 -47.4788 70.444 0.805396 -0.00172019 0.592734
59.2701 -47.4547 71.8884 0.804669 -0.00153301 0.593721
58.5817 -47.504 72.8268 0.806792 -0.00363539 0.590824
57.8829 -47.5459 73.7811 0.8068 -0.00244401 0.590818
57.1258 -47.5695 74.8233 0.809379 -0.00285359 0.58728
56.5298 -47.5541 75.6447 0.809541 -0.00270527 0.587056
55.4963 -47.5281 77.071 0.809752 -0.00271265 0.586766
54.7953 -47.5298 78.0494 0.813584 -0.0024567 0.581442
54.0759 -47.5158 79.0558 0.813048 -0.00339667 0.582187
53.4881 -47.5747 79.877 0.812233 -0.00115981 0.583327
52.5831 -47.5556 81.1273 0.8101 -4.76237e-05 0.586292
51.9381 -47.5353 82.027 0.813164 0.00197735 0.582032
51.3538 -47.5179 82.8446 0.814424 0.000983731 0.580269
50.6159 -47.5363 83.8829 0.815228 0.00129398 0.579139
49.9431 -47.4871 84.8307 0.815796 0.00131867 0.578339
49.2716 -47.4968 85.7776 0.816288 0.0018719 0.577641
48.5182 -47.5427 86.8363 0.814334 -0.00208058 0.580392
47.7783 -47.5432 87.8677 0.811407 -0.00155151 0.584479
47.1731 -47.5149 88.7073 0.809894 -0.00156463 0.58657
46.2841 -47.5078 89.9289 0.809132 -0.00342475 0.58761
45.5791 -47.4739 90.8727 0.799069 0.0087387 0.601173
44.4829 -47.4139 92.3026 0.791078 0.00311659 0.611688
43.8316 -47.4575 93.1518 0.790516 -0.00117867 0.612421
43.0006 -47.5769 94.2084 0.78279 0.000751165 0.622274
42.3093 -47.6066 95.0691 0.777902 0.0019454 0.628382
41.2298 -47.5992 96.3913 0.772367 -0.00194209 0.635173
40.5554 -47.5647 97.2001 0.762582 -0.00384031 0.646815
39.9056 -47.0769 97.9602 0.756854 -0.00812428 0.653533
39.7377 -46.0994 98.1559 0.761518 -0.00275498 0.648114
39.708 -44.7202 98.2041 0.758883 -0.0105811 0.651079
39.7131 -43.4491 98.2328 0.756112 -0.0159737 0.654123
39.7786 -42.3303 98.1745 0.749262 -0.0184506 0.661938
39.8329 -40.7762 98.1388 0.771971 -0.00264843 0.635648
39.8857 -39.5902 98.1219 0.777846 -0.0302227 0.627728
39.9458 -38.5281 98.0711 0.787219 -0.0120339 0.616555
39.9995 -37.449 98.025 0.787986 -0.0138763 0.615536
40.0238 -36.3579 97.9929 0.801488 -0.0151116 0.597462
40.0564 -35.2927 98.0057 0.80833 -0.0322988 0.587843
40.0558 -34.2719 98.0237 0.816842 -0.0092173 0.576788
40.0928 -32.6867 98.0079 0.822053 -0.0110544 0.569303
40.1619 -30.8357 97.9467 0.840636 -0.0158659 0.541368
40.254 -28.8711 97.8404 0.845784 -0.00963511 0.533403
40.2608 -27.7898 97.8535 0.850539 -0.00759242 0.525841
40.2854 -26.5145 97.8168 0.85377 -0.00640193 0.520611
40.3059 -25.296 97.7981 0.85511 -0.00395377 0.518419
40.2613 -23.8763 97.8764 0.85645 -0.00153426 0.516228
40.2055 -22.6983 97.9749 0.858665 -0.00466143 0.512511
40.2001 -21.3034 97.9858 0.863458 -0.00021603 0.50442
40.2515 -20.1948 97.9041 0.865043 -0.00534151 0.501666
40.3194 -18.9716 97.7971 0.865549 -0.00256594 0.500814
40.2888 -17.2199 97.8475 0.866583 0.00186642 0.499029
40.2697 -15.4272 97.875 0.86748 0.00309847 0.497458
40.2809 -14.2125 97.8516 0.870055 0.00047748 0.492954
40.3194 -12.3497 97.7791 0.870378 0.00228702 0.492378
40.2842 -11.0912 97.8327 0.871446 0.00373808 0.490477
40.2426 -9.92003 97.8978 0.871486 0.00390114 0.490406
40.1938 -8.1344 97.9674 0.871961 0.00504605 0.48955
40.1974 -7.09856 97.949 0.871926 0.00585986 0.489603
40.2045 -6.06086 97.9235 0.871818 0.00671611 0.489783
40.1845 -5.02996 97.9449 0.871812 0.00681357 0.489793
40.1805 -3.92777 97.9363 0.871421 0.00780262 0.490474
40.2275 -2.57825 97.8297 0.871521 0.00929784 0.490271
40.2191 -1.31236 97.823 0.869728 0.00702779 0.493481
40.2001 0.0161397 97.8346 0.869206 0.00978702 0.494346
40.1358 1.39534 97.9175 0.868136 0.0118622 0.496185
40.1134 2.54172 97.9291 0.868045 0.0119463 0.496342
40.1329 3.82655 97.8668 0.865946 0.0148366 0.499917
40.1407 4.85262 97.8223 0.864851 0.0111097 0.501885
40.1198 6.39727 97.8273 0.86229 0.011906 0.506275
40.0953 7.47579 97.8406 0.860803 0.0173444 0.508642
40.072 9.00574 97.8391 0.860195 0.0108106 0.50985
40.0531 10.1532 97.8453 0.858519 0.0166825 0.512511
40.014 11.4421 97.8697 0.856831 0.0134513 0.515403
39.9945 12.4891 97.8718 0.852714 0.0165534 0.522116
40.0036 13.9373 97.8122 0.852417 0.0156366 0.52263
40.0045 15.0633 97.7772 0.851659 0.0194987 0.523717
39.9667 16.3254 97.7821 0.848497 0.0182896 0.528837
39.9157 17.6794 97.8239 0.845724 0.0171481 0.533345
39.8419 19.2261 97.8814 0.8417 0.0209737 0.539493
39.814 20.2623 97.8956 0.839419 0.0148884 0.54328
39.7777 21.2864 97.9099 0.836758 0.019964 0.547197
39.7382 22.3738 97.9307 0.832957 0.0304688 0.552498
39.6859 23.6839 97.9379 0.828121 0.0221439 0.559987
39.6198 25.2855 97.9799 0.817061 0.0239443 0.576054
39.5641 26.4177 98.0101 0.815892 0.0222644 0.577767
39.5383 27.4765 98.0105 0.808784 0.02726 0.587473
39.4965 29.0175 97.9903 0.809299 0.0344197 0.586387
39.4589 30.3409 97.9693 0.802251 0.0278713 0.596336
39.4184 31.3675 97.9545 0.793461 0.0454908 0.606917
39.3365 32.4204 97.9831 0.789528 0.0354613 0.612575
39.2669 33.5536 98.0088 0.782855 0.0404952 0.620885
39.2108 34.5943 98.0237 0.780825 0.0333648 0.623856
39.1085 35.7291 98.0838 0.747822 0.0576316 0.661072
38.8651 37.1495 98.2165 0.731822 0.064777 0.678399
38.7245 38.1636 98.27 0.709975 0.0360288 0.703304
38.5872 39.746 98.3342 0.711025 0.0291464 0.702563
38.4916 40.8985 98.3658 0.689333 0.040769 0.723286
38.4167 42.1136 98.3789 0.684389 0.0315559 0.728434
38.3406 43.3454 98.4039 0.685141 0.0228834 0.728051
38.3184 44.1334 98.4 0.672325 0.0304336 0.739391
37.6779 44.2792 98.9548 0.658273 0.0376035 0.751839
37.7318 42.9278 98.9759 0.659042 0.0392639 0.75108
37.8577 41.7202 98.9167 0.68027 0.0355999 0.732065
37.9326 40.4106 98.9293 0.687762 0.0478088 0.72435
38.0515 39.0451 98.9006 0.692663 0.0457439 0.719801
38.1654 37.8241 98.9006 0.730456 0.0682147 0.679545
38.4134 36.2495 98.7883 0.734317 0.0759784 0.674398
38.6149 34.8973 98.7068 0.745919 0.0552853 0.663736
38.706 33.7849 98.6913 0.757604 0.0710852 0.648244
38.8067 32.5341 98.664 0.79003 0.0472446 0.61124
38.893 31.3942 98.6384 0.791908 0.0470562 0.608823
38.928 30.3077 98.6855 0.79843 0.0516797 0.599786
39.0014 28.5235 98.701 0.808243 0.0307424 0.588037
39.0372 27.4178 98.7033 0.808739 0.0276404 0.587517
39.088 26.3888 98.6922 0.819915 0.040301 0.570813
39.1502 25.1127 98.6641 0.826952 0.0265125 0.561647
39.2168 23.8835 98.6304 0.829326 0.0328959 0.557792
39.2565 22.8439 98.6292 0.830351 0.0313418 0.556358
39.3193 20.955 98.6281 0.835382 0.0231888 0.54918
39.3731 19.2194 98.6207 0.844121 0.0260518 0.53552
39.442 17.8017 98.5715 0.844577 0.0189007 0.535094
39.4962 16.5483 98.5332 0.849181 0.0255989 0.527478
39.5499 14.9508 98.5192 0.850543 0.0234928 0.52538
39.5405 13.6254 98.5773 0.852827 0.0161372 0.521944
39.5462 12.5025 98.6038 0.853935 0.018177 0.520057
39.5764 11.1008 98.606 0.85479 0.0189907 0.518626
39.6324 9.79773 98.5605 0.85579 0.0201407 0.516925
39.6489 8.77407 98.5579 0.859437 0.011084 0.51112
39.6619 7.75939 98.5647 0.862022 0.0192617 0.506504
39.6806 6.2675 98.5796 0.863555 0.0125547 0.504099
39.7177 5.10939 98.5481 0.866259 0.0172791 0.49929
39.7138 3.26433 98.6096 0.866663 0.0135476 0.498708
39.7062 2.17173 98.6496 0.866542 0.0122438 0.498954
39.7153 1.11758 98.6599 0.86785 0.0138406 0.49663
39.7722 -0.199081 98.5944 0.868729 0.013041 0.495116
39.7791 -1.22674 98.5984 0.870264 0.00860538 0.492506
39.8052 -3.06011 98.5895 0.871431 0.00852851 0.490444
39.7689 -4.59423 98.6784 0.871469 0.00789251 0.490387
39.8011 -5.60839 98.6353 0.871893 0.00686693 0.489648
39.7868 -7.62254 98.6862 0.871882 0.00566964 0.489683
39.8274 -9.22824 98.63 0.87159 0.0041616 0.490218
39.8625 -10.8714 98.5801 0.871515 0.00345255 0.490357
39.888 -12.2762 98.5419 0.871176 0.00153881 0.490968
39.8459 -13.449 98.6192 0.870426 0.000416281 0.492299
39.841 -14.5942 98.6282 0.870266 -7.81732e-05 0.492581
39.8314 -16.0152 98.6421 0.868399 0.0006493 0.495865
39.8482 -17.3085 98.6143 0.867685 -0.000948899 0.497109
39.8753 -18.3582 98.5662 0.865712 -0.000474478 0.500541
39.8441 -19.7217 98.6102 0.865182 -0.0053582 0.501428
39.771 -20.9233 98.7204 0.863915 -0.00394837 0.503611
39.7908 -22.8952 98.6689 0.859787 -0.00775338 0.510592
39.8313 -24.0852 98.5931 0.85792 -0.00249082 0.513777
39.8314 -25.6372 98.5734 0.854984 -0.00716445 0.518605
39.7897 -26.9057 98.6259 0.854016 -0.00883316 0.520163
39.7962 -28.446 98.5848 0.847583 -0.014615 0.53046
39.7472 -29.6112 98.6292 0.840588 -0.021023 0.541243
39.669 -31.172 98.6917 0.8359 -0.0196065 0.548531
39.617 -32.5406 98.7064 0.831399 -0.0358927 0.554453
39.594 -33.7312 98.6992 0.819323 -0.0165571 0.573089
39.5783 -34.765 98.6934 0.81185 -0.0297177 0.58286
39.5449 -35.7767 98.6813 0.802507 -0.0328931 0.595735
39.4923 -36.8844 98.6856 0.782798 -0.0389138 0.620468
39.4458 -37.9132 98.7197 0.777204 -0.012282 0.629128
39.3822 -38.9409 98.766 0.753112 -0.0397713 0.656504
39.315 -39.9654 98.8029 0.74935 -0.0246754 0.661713
39.2932 -40.9692 98.7904 0.761248 -0.0171899 0.647903
39.2552 -42.1122 98.7795 0.75012 -0.0304113 0.660598
39.1834 -43.1873 98.8342 0.747355 -0.00834474 0.664372
39.1649 -44.3227 98.8379 0.745612 -0.0131019 0.666243
39.1657 -45.3648 98.8261 0.739042 -0.0043069 0.673645
39.18 -46.4218 98.8007 0.738953 -0.0100846 0.673672
39.2477 -47.6158 98.7041 0.736395 -0.0157761 0.676367
40.2106 -48.4109 97.5891 0.757537 -0.00867905 0.652735
40.9114 -48.4323 96.7756 0.767679 0.00445156 0.640786
41.5793 -48.4114 95.966 0.772275 0.00750183 0.635244
42.2745 -48.4224 95.1135 0.779579 0.00097844 0.6263
43.2488 -48.4143 93.894 0.786015 0.00174116 0.618202
43.9319 -48.3151 93.0206 0.790516 -0.00117867 0.612421
44.7041 -48.3134 92.0281 0.789219 0.00608747 0.614082
45.4774 -48.3968 91.0204 0.799909 0.00426988 0.600086
46.1198 -48.3962 90.1544 0.806174 5.21597e-05 0.591661
47.1392 -48.4005 88.7513 0.810043 -0.00212769 0.586364
47.7524 -48.4264 87.9008 0.811448 -0.00317416 0.584415
48.3466 -48.4398 87.0759 0.812157 -0.00117442 0.583423
49.1545 -48.3703 85.9445 0.814678 0.00142085 0.579909
49.8039 -48.3641 85.029 0.81601 0.00160753 0.578035
50.7507 -48.4074 83.695 0.815217 0.00120331 0.579154
51.347 -48.3758 82.8552 0.814947 -8.7976e-05 0.579534
52.1034 -48.39 81.7985 0.812707 -0.00221385 0.582669
52.6938 -48.4106 80.9737 0.811635 0.000520043 0.584156
53.5669 -48.3988 79.765 0.811418 -0.00258398 0.584459
54.3536 -48.3418 78.6654 0.81368 1.53048e-05 0.581313
55.3682 -48.3923 77.2459 0.813411 -0.0011883 0.581687
56.0491 -48.3833 76.3043 0.809767 -0.00269629 0.586745
56.6433 -48.4361 75.4842 0.809554 -0.00276954 0.587038
57.2452 -48.4158 74.655 0.808991 -0.00204351 0.587818
57.9272 -48.3872 73.7175 0.807935 -0.00181197 0.589269
58.8864 -48.3301 72.4057 0.805756 -0.00233986 0.59224
59.5157 -48.3092 71.5533 0.8045 -0.00168583 0.59395
60.1185 -48.3093 70.7361 0.805423 -0.00175461 0.592696
61.0685 -48.4337 69.442 0.805871 -0.00133352 0.592088
61.7293 -48.442 68.5443 0.80516 -0.00256198 0.593052
62.3885 -48.4233 67.6495 0.80521 -0.00262133 0.592985
62.9852 -48.428 66.8333 0.8083 7.15558e-05 0.588771
63.6513 -48.4475 65.918 0.809944 1.98898e-05 0.586506
64.4102 -48.4774 64.8683 0.810182 6.73964e-05 0.586178
65.032 -48.3799 64.0097 0.80948 -0.00149223 0.587144
65.6305 -48.0954 63.1863 0.808177 -0.00156827 0.588936
65.8018 -47.1091 62.9545 0.808789 -0.00358693 0.588088
65.8248 -45.2713 62.9374 0.806453 -0.00399974 0.591283
65.8085 -44.2262 62.9622 0.80685 -0.00213918 0.590749
65.7557 -42.9309 63.0418 0.80724 -0.000841763 0.590215
65.7384 -41.5973 63.0664 0.807318 -0.00254124 0.590097
65.6372 -40.5192 63.2142 0.808408 -0.00450918 0.588604
65.2578 -39.7913 63.7398 0.808878 -0.00328279 0.587968
64.6427 -39.5975 64.5835 0.805257 -0.000822907 0.592926
63.6241 -39.6008 65.9651 0.804463 -0.00099269 0.594001
62.9747 -39.6151 66.8433 0.804104 -0.00114662 0.594488
62.2959 -39.6164 67.7655 0.805762 -0.000696568 0.592239
61.6154 -39.626 68.6923 0.807157 -0.00195095 0.59033
60.9471 -39.6343 69.6131 0.809853 -0.00211908 0.586628
60.2995 -39.6492 70.5075 0.810573 -0.00288659 0.585629
59.663 -39.673 71.3915 0.811792 -0.00279928 0.58394
59.0575 -39.6887 72.2331 0.810211 -0.00176553 0.586129
58.1059 -39.6019 73.5335 0.806074 -0.00323712 0.591806
57.4448 -39.5893 74.4269 0.80346 -0.00187837 0.595356
56.6728 -39.5891 75.4756 0.808349 -0.00225936 0.5887
56.018 -39.5854 76.3751 0.80885 0.000338015 0.588013
54.9996 -39.6617 77.7821 0.81085 0.000641479 0.585253
54.1421 -39.5699 78.9727 0.811572 7.93449e-05 0.584252
53.4377 -39.6193 79.9445 0.80934 5.90566e-05 0.587341
52.8094 -39.6272 80.8086 0.808346 -3.49693e-05 0.588706
52.1678 -39.6365 81.6886 0.808922 0.000809034 0.587914
51.3434 -39.6152 82.8272 0.810638 0.00200465 0.585543
50.2614 -39.5778 84.3285 0.811529 0.00247461 0.584306
49.6233 -39.642 85.2165 0.811954 0.00372267 0.58371
48.8974 -39.61 86.2241 0.812931 0.00743296 0.58229
48.289 -39.5303 87.0786 0.81371 0.010886 0.581167
47.1547 -39.5675 88.6475 0.808258 0.0139638 0.588663
46.3548 -39.551 89.7146 0.799134 0.0242401 0.600664
45.5098 -39.5016 90.8196 0.790841 0.0219664 0.611627
44.848 -39.4374 91.6724 0.79596 0.0247753 0.604774
44.2809 -39.0891 92.4185 0.800641 0.0258897 0.598582
43.8252 -38.2591 93.005 0.804853 0.0384473 0.592121
43.4985 -36.3926 93.2848 0.804623 0.0431877 0.592074
43.4124 -35.2837 93.3004 0.816536 0.0558031 0.574591
43.3137 -34.1749 93.3328 0.82333 0.041494 0.565753
43.2148 -33.0713 93.4079 0.83365 0.0377407 0.551001
43.1515 -31.8383 93.4196 0.834887 0.035454 0.549271
43.1366 -30.5964 93.3704 0.84364 0.036493 0.535645
43.1115 -29.4422 93.332 0.845815 0.0320176 0.532504
43.0846 -28.4042 93.3198 0.848352 0.0279819 0.528693
43.0218 -27.255 93.3625 0.851185 0.0184306 0.524494
42.9726 -25.9476 93.4056 0.85492 0.0168306 0.518485
42.9813 -24.6686 93.3516 0.855309 0.015583 0.517885
42.8942 -22.8684 93.4364 0.858046 0.019047 0.513219
42.8958 -21.8296 93.3979 0.858488 0.0184245 0.512502
42.9394 -20.5565 93.3 0.864787 0.00836514 0.50207
42.8837 -19.0783 93.3618 0.86483 0.0132967 0.501888
42.8651 -17.9669 93.3649 0.866625 0.00803765 0.498887
42.8321 -16.8307 93.4067 0.867776 0.00712937 0.496905
42.8195 -15.6224 93.4064 0.868822 0.00876003 0.495046
42.8501 -14.5676 93.3345 0.870272 0.010198 0.492465
42.8445 -13.169 93.3169 0.870596 0.00961623 0.491904
42.8138 -12.1137 93.3521 0.870527 0.0084324 0.492048
42.7939 -10.9047 93.3689 0.871909 0.00648687 0.489624
42.7624 -9.84266 93.4116 0.872041 0.00620892 0.489394
42.7588 -8.39474 93.4006 0.872023 0.0055778 0.489433
42.7301 -7.17584 93.4379 0.872002 0.00491061 0.489478
42.724 -5.34696 93.4326 0.872197 0.00413924 0.489137
42.7255 -3.61471 93.4128 0.871356 0.0050886 0.490626
42.7265 -2.50229 93.4033 0.870944 0.00307672 0.491373
42.7263 -0.866445 93.3905 0.870911 0.00484919 0.491416
42.7469 0.138918 93.3456 0.869665 0.00202421 0.493635
42.7372 1.78939 93.361 0.869086 0.00248392 0.494651
42.7299 3.16383 93.3611 0.867507 0.00390408 0.497404
42.7035 4.91665 93.4053 0.864826 -0.00031578 0.502071
42.6934 6.0391 93.4228 0.864438 -0.00145398 0.502735
42.6915 7.08467 93.4292 0.863529 -0.00139613 0.504297
42.7072 8.12719 93.4036 0.862761 -0.00211288 0.505604
42.7239 9.25598 93.3681 0.858315 0.00520424 0.513096
42.7197 10.6691 93.3747 0.858054 -0.00356029 0.513546
42.687 12.4425 93.4318 0.854676 0.00216674 0.519156
42.7155 13.8207 93.3845 0.853379 -0.00182181 0.521286
42.7397 14.8701 93.3534 0.851537 -0.00410568 0.524277
42.7527 16.5945 93.3417 0.849292 -0.00745949 0.52784
42.7808 17.7668 93.3036 0.842858 -0.000106575 0.538135
42.7653 18.9662 93.3317 0.841893 -0.00413373 0.539627
42.7695 20.312 93.3379 0.840644 -0.00416485 0.541571
42.7899 21.5143 93.3092 0.8373 -0.00691332 0.546646
42.8061 23.2305 93.3069 0.832508 -0.00298034 0.554005
42.802 24.9198 93.3425 0.828497 -0.00695901 0.559914
42.785 26.0806 93.3667 0.824523 -0.00499484 0.565771
42.8339 27.1172 93.3135 0.821479 -0.0114348 0.570115
42.8674 28.8649 93.3165 0.813281 -0.0210213 0.581491
42.8946 29.8839 93.3124 0.809644 -0.0266381 0.586262
42.9603 31.1294 93.2688 0.802968 -0.0237424 0.595534
43.0085 32.8683 93.2951 0.789971 -0.0335237 0.612152
43.0193 33.8845 93.3237 0.778271 -0.0298722 0.627189
43.0938 35.0129 93.2966 0.771539 -0.0492842 0.63404
43.2133 36.116 93.2609 0.763724 -0.0615096 0.642606
43.3231 37.1495 93.23 0.763869 -0.0609162 0.642489
43.7784 38.5661 92.7707 0.758032 -0.0234974 0.651793
44.3414 39.2309 92.1278 0.762024 -0.0150233 0.647374
45.0316 39.4498 91.334 0.751398 -0.00983329 0.659772
45.7123 39.5808 90.5576 0.75466 -0.0063886 0.656075
46.9438 39.603 89.1269 0.760215 -0.00119522 0.649668
48.0927 39.6721 87.7786 0.763863 -0.000546309 0.645359
48.7853 39.6676 86.9309 0.776845 0.00566576 0.629667
49.4412 39.6263 86.1217 0.777062 0.0056414 0.629398
50.6158 39.601 84.6455 0.7847 0.00439673 0.61985
51.2498 39.5616 83.8337 0.788795 0.00661427 0.614621
52.0426 39.5351 82.8092 0.794315 0.00715747 0.607463
52.8171 39.5017 81.7963 0.79517 0.00801173 0.606333
53.8025 39.5285 80.4966 0.797722 0.00890154 0.60296
54.4956 39.5284 79.5629 0.803919 0.0110112 0.594637
55.4851 39.5352 78.2094 0.80888 0.00885941 0.587906
56.083 39.5548 77.3848 0.81038 0.00688578 0.585862
57.1989 39.6526 75.8335 0.81165 0.00680438 0.584104
57.8241 39.6017 74.9571 0.814402 0.00713265 0.580257
58.5904 39.5792 73.8822 0.81492 0.00846717 0.579511
59.274 39.5778 72.9207 0.814967 0.00853011 0.579445
60.3077 39.6138 71.4747 0.811266 0.00494464 0.584657
61.1075 39.5747 70.3668 0.809045 0.00488545 0.587721
61.982 39.5455 69.1691 0.807605 0.00349472 0.589714
62.5825 39.6182 68.3462 0.807706 0.00310014 0.589577
63.0659 40.2425 67.6808 0.806682 8.66091e-05 0.590978
63.1365 41.3143 67.5891 0.805635 -0.00253018 0.592407
63.1619 42.6017 67.5581 0.805161 0.00480222 0.593024
63.2329 43.6684 67.4465 0.810957 0.00896478 0.585037
63.2889 44.7922 67.352 0.810856 0.00819385 0.585188
63.295 45.7944 67.3296 0.810868 0.00813884 0.585172
63.2927 46.8208 67.3194 0.809925 0.00620927 0.5865
63.1862 47.8885 67.4542 0.809555 0.00674447 0.587005
62.1423 48.3637 68.8884 0.809252 0.00538855 0.587436
61.4643 48.3841 69.8179 0.807494 0.00476409 0.589856
60.8162 48.4196 70.705 0.807229 0.00535632 0.590214
60.1772 48.4285 71.5849 0.809688 0.00842584 0.586801
59.561 48.4206 72.4359 0.811747 0.00685758 0.583958
58.9515 48.4111 73.2834 0.811834 0.00531959 0.583864
58.3017 48.3778 74.189 0.813172 0.00571694 0.581995
57.5023 48.3313 75.3073 0.812669 0.00570607 0.582697
56.8844 48.3245 76.1665 0.812174 0.00607341 0.583383
56.2585 48.3621 77.0325 0.808789 0.00645418 0.588056
55.3138 48.4127 78.3128 0.804661 0.0101438 0.593647
54.5654 48.4 79.3233 0.802713 0.0123131 0.596239
53.9373 48.3462 80.1676 0.800071 0.013969 0.599736
53.1296 48.2706 81.2373 0.79677 0.0139569 0.604121
52.4536 48.3165 82.121 0.79315 0.0135475 0.608874
51.8365 48.3321 82.9247 0.79138 0.0127331 0.61119
51.2145 48.3542 83.7272 0.790184 0.0123418 0.612746
50.2749 48.3812 84.9258 0.783676 0.012559 0.621043
49.6076 48.3493 85.7685 0.783444 0.012839 0.62133
48.8998 48.3412 86.6504 0.779027 0.0105719 0.626901
48.1833 48.3308 87.5409 0.780232 0.00879841 0.625423
47.4825 48.3141 88.4185 0.781355 0.00715498 0.624046
46.8264 48.3056 89.2404 0.776956 0.011678 0.629392
46.1847 48.3179 90.0088 0.766916 0.011224 0.64165
45.5381 48.3407 90.7806 0.761709 0.0154087 0.647681
44.5421 48.4415 91.9125 0.749218 0.0131533 0.662193
43.7039 48.5027 92.8414 0.739775 0.0190954 0.672584
43.0144 48.5033 93.5986 0.731803 0.0200709 0.681138
41.8103 48.3707 94.8624 0.721111 0.0207086 0.692501
41.0477 48.3193 95.6302 0.707424 0.0192981 0.706526
40.1338 48.3704 96.5321 0.68832 0.0195421 0.725135
38.7689 48.4002 97.811 0.676522 0.0276102 0.735881
37.8954 48.2272 98.6102 0.670013 0.0223015 0.742004
37.5575 47.3267 98.9355 0.661834 0.0219394 0.749329
37.5923 46.1373 98.937 0.665044 0.0305093 0.746086
37.6738 44.508 98.9471 0.65854 0.0364262 0.751663
37.6749 44.4131 98.9507 0.658043 0.0369988 0.75207
37.0438 44.1072 99.518 0.660054 0.036409 0.750335
37.0625 42.7663 99.5721 0.658814 0.0416461 0.751151
37.1625 41.3635 99.5815 0.669342 0.0592639 0.740539
37.2304 39.7809 99.6407 0.689445 0.0526818 0.72242
37.4936 38.378 99.5039 0.694629 0.0640378 0.716512
37.5641 36.748 99.628 0.708907 0.0997637 0.698204
37.8273 35.1919 99.565 0.743152 0.0670675 0.665686
38.0397 34.2151 99.4296 0.760381 0.0937354 0.642677
38.1908 33.125 99.4089 0.773427 0.0715665 0.62917
38.2419 31.9799 99.4387 0.790261 0.0540357 0.610349
38.3082 30.8183 99.4601 0.799841 0.0655962 0.596599
38.455 29.649 99.3642 0.800028 0.0420189 0.598489
38.3828 28.3928 99.5488 0.80142 0.0361908 0.596977
38.537 26.9665 99.4115 0.809242 0.0404886 0.585932
38.5731 25.845 99.4616 0.812535 0.0520171 0.580587
38.6133 24.6837 99.4752 0.827826 0.0313213 0.560089
38.6892 23.4138 99.4432 0.829675 0.0338828 0.557212
38.8032 21.6338 99.3819 0.831798 0.0358792 0.553918
38.8449 20.6168 99.3641 0.837279 0.0285325 0.545991
38.8817 19.5963 99.3698 0.839566 0.0334999 0.542224
38.9116 18.432 99.3827 0.842914 0.0297336 0.537226
38.9988 17.3272 99.2982 0.848202 0.0191482 0.529327
38.9768 16.1407 99.3885 0.848725 0.02715 0.528138
39.0877 15.0692 99.2608 0.849666 0.0245313 0.52675
38.9602 13.9457 99.5159 0.852895 0.0190092 0.521732
39.073 12.3332 99.3899 0.854317 0.0200992 0.519363
39.0936 10.7953 99.413 0.855581 0.0205801 0.517256
39.1841 9.50097 99.3181 0.856383 0.0220358 0.515871
39.2281 8.3383 99.2796 0.860104 0.0143808 0.509917
39.2216 7.19095 99.3358 0.862734 0.0184677 0.50532
39.2144 5.93808 99.3867 0.864563 0.0162597 0.502245
39.2558 4.88405 99.3564 0.86566 0.0196036 0.500249
39.2714 3.79964 99.3638 0.866619 0.0137485 0.498779
39.2692 2.66932 99.3961 0.866263 0.0126051 0.499428
39.2611 1.58779 99.4368 0.86659 0.0131777 0.498845
39.3485 -0.116257 99.3362 0.867807 0.014566 0.496682
39.369 -1.75483 99.3352 0.870479 0.0108701 0.492086
39.325 -2.93494 99.4387 0.870308 0.0108429 0.492388
39.3403 -4.05368 99.4314 0.871472 0.00789701 0.490381
39.3607 -5.15221 99.4129 0.871487 0.00794686 0.490355
39.3576 -6.15869 99.4331 0.872117 0.00689818 0.489248
39.3863 -7.16458 99.3941 0.871795 0.00545314 0.489841
39.3799 -8.17934 99.4169 0.87178 0.00545431 0.489867
39.3563 -9.70131 99.4714 0.871691 0.00339452 0.490045
39.431 -10.85 99.3461 0.871254 0.00265993 0.490824
39.467 -12.1983 99.2886 0.871145 0.00209448 0.491021
39.4065 -13.2073 99.3971 0.870777 0.000450497 0.491678
39.4109 -14.6363 99.3852 0.869159 -0.00263438 0.494525
39.3111 -15.8666 99.553 0.86866 -0.00128489 0.495403
39.3682 -16.9196 99.4517 0.867135 -0.00261228 0.498067
39.3361 -18.5088 99.5007 0.866503 -0.00154476 0.499169
39.459 -19.5195 99.278 0.865149 -0.00705249 0.501465
39.2713 -21.2608 99.5736 0.863924 -0.00796649 0.503559
39.3458 -23.2702 99.4111 0.860417 -0.0102649 0.509482
39.3999 -24.4693 99.3007 0.855098 -0.00750636 0.518412
39.3724 -25.5278 99.3317 0.854974 -0.00705552 0.518623
39.2338 -26.519 99.5409 0.851381 -0.0103334 0.524442
39.3457 -27.4881 99.3367 0.850296 -0.0204558 0.525842
39.3018 -28.9578 99.3433 0.841657 -0.0165334 0.539759
39.175 -30.3112 99.4809 0.839034 -0.0261992 0.543447
39.0804 -31.3096 99.5844 0.835503 -0.0250748 0.548889
39.1108 -33.0716 99.4165 0.824825 -0.043624 0.563702
39.0789 -34.1786 99.4188 0.811105 -0.0310552 0.583865
39.0327 -35.2082 99.4052 0.805587 -0.043939 0.590846
38.9657 -36.3555 99.4211 0.789304 -0.0636325 0.610696
38.8392 -38.1177 99.4651 0.766904 -0.0340383 0.640309
38.731 -39.3066 99.4907 0.752968 -0.040715 0.656609
38.6838 -40.3691 99.4986 0.739252 -0.0398756 0.672246
38.7255 -41.3989 99.393 0.738263 -0.0332571 0.673658
38.6898 -42.5249 99.3976 0.73466 -0.020234 0.678114
38.5871 -43.7341 99.4948 0.742261 -0.00656643 0.670076
38.547 -44.918 99.5158 0.748773 -0.018799 0.662546
38.5362 -46.0195 99.5116 0.736955 -0.00924645 0.67586
38.4997 -47.3225 99.525 0.735788 -0.0147698 0.67705
38.6087 -48.5115 99.3877 0.738956 -0.00353412 0.673744
39.4345 -49.1626 98.477 0.740079 -0.00575873 0.672495
40.4903 -49.2976 97.276 0.760782 0.0061555 0.648939
41.1746 -49.2848 96.4651 0.764319 0.00133835 0.644836
41.9821 -49.3196 95.4815 0.780574 0.00227847 0.625059
42.6942 -49.3827 94.5926 0.78005 0.00162028 0.625714
43.3843 -49.3332 93.722 0.786249 0.00174841 0.617906
44.0774 -49.1874 92.84 0.787522 0.00414785 0.616269
44.8385 -49.2123 91.8621 0.792338 -0.00318934 0.610008
45.5732 -49.3397 90.889 0.798456 -0.00848221 0.601991
46.5174 -49.2126 89.607 0.808985 -0.000210367 0.587829
47.2126 -49.4517 88.6483 0.811745 0.00106484 0.583999
48.0747 -49.3438 87.4458 0.811053 -0.00457813 0.584953
48.9514 -49.3353 86.2294 0.811444 -0.00261509 0.584421
49.7469 -49.1882 85.1125 0.815692 0.0020408 0.578483
50.6866 -49.2751 83.7849 0.815764 0.000213624 0.578385
51.2823 -49.2792 82.9462 0.8145 0.000316878 0.580163
51.9491 -49.3137 82.0101 0.813619 -0.00103378 0.581394
52.9042 -49.4836 80.6803 0.811368 -0.0010855 0.584534
53.5092 -49.3665 79.8414 0.811612 -0.00137412 0.584195
54.182 -49.353 78.9058 0.812782 -0.00047482 0.582565
54.7932 -49.3518 78.0499 0.813919 -0.000263763 0.580979
55.5135 -49.288 77.0412 0.813919 -0.000566712 0.580978
56.132 -49.2262 76.187 0.809937 -0.00171453 0.586514
56.7626 -49.4764 75.3148 0.809522 -0.00272342 0.587083
57.3954 -49.3228 74.4452 0.808468 -0.00201403 0.588537
58.0587 -49.2619 73.5342 0.808133 -0.0021492 0.588996
58.7344 -49.3017 72.6092 0.805404 -0.00145329 0.592723
59.3414 -49.2882 71.7866 0.804399 -0.00161487 0.594087
59.9756 -49.2936 70.9278 0.804888 -0.00126192 0.593424
60.7612 -49.2818 69.8596 0.805745 -0.00037045 0.592263
61.3828 -49.3451 69.0123 0.806791 -0.000547436 0.590837
62.0202 -49.3661 68.1454 0.805211 -0.0026155 0.592983
62.7495 -49.2765 67.1552 0.805268 -0.00268558 0.592905
63.3437 -49.2841 66.3411 0.807982 0.000145504 0.589207
64.3568 -49.3599 64.9428 0.810381 0.000814857 0.585902
65.1402 -49.2831 63.8602 0.809588 2.28913e-05 0.586999
65.8329 -49.4273 62.9061 0.808789 -0.000397406 0.588098
66.2777 -48.4808 62.298 0.806997 -0.00321086 0.590544
66.3413 -46.833 62.2214 0.805778 -0.00390896 0.592204
66.3322 -45.71 62.2425 0.805614 -0.00523719 0.592417
66.3416 -44.6812 62.2365 0.804467 -0.00288619 0.59399
66.299 -43.1473 62.2998 0.804577 -0.00229813 0.593845
66.2635 -41.9924 62.3526 0.804477 -0.00268487 0.593978
66.3217 -40.346 62.2826 0.804721 -0.00352822 0.593643
66.0725 -39.4644 62.6252 0.806144 -0.00271445 0.591712
65.5934 -38.8542 63.2833 0.808023 -0.00275441 0.589144
64.8363 -38.6597 64.3214 0.805377 -0.000685899 0.592763
64.098 -38.6719 65.3243 0.805305 -0.000784743 0.59286
63.4759 -38.6863 66.1672 0.804315 -0.00147125 0.594201
62.788 -38.6898 67.0982 0.804279 -0.00156619 0.59425
62.0606 -38.6783 68.0868 0.807064 -0.00184264 0.590455
61.3258 -38.703 69.0952 0.808248 -0.003666 0.58883
60.6382 -38.7052 70.0434 0.810581 -0.00283437 0.585618
59.9493 -38.7091 70.9989 0.811153 -0.00350272 0.584824
59.2912 -38.7011 71.913 0.810276 -0.00174317 0.58604
58.6736 -38.6869 72.7621 0.808715 -0.000849965 0.588201
57.9715 -38.7085 73.7196 0.804535 -0.00175989 0.593899
57.2509 -38.7399 74.6914 0.803645 -0.00146687 0.595107
56.4276 -38.5043 75.811 0.807913 0.00170177 0.589298
55.6055 -38.7229 76.9439 0.809882 0.000308577 0.586593
54.9604 -38.6503 77.8362 0.813193 0.000735741 0.581987
53.7706 -38.6908 79.4853 0.810352 0.00132199 0.585942
53.1431 -38.6635 80.3504 0.807812 0.000177482 0.589435
52.5283 -38.6994 81.1932 0.808261 0.000929728 0.588824
51.8963 -38.8165 82.0612 0.809067 0.000802695 0.587714
51.1861 -38.7787 83.0409 0.810166 0.0026397 0.586194
50.5163 -38.6988 83.9694 0.811315 0.00318156 0.584601
49.9077 -38.6756 84.8149 0.81228 0.00422406 0.583251
49.2135 -38.7156 85.7794 0.810359 0.00501171 0.585912
48.4433 -38.575 86.8434 0.812412 0.00827869 0.583006
47.7363 -38.6467 87.8273 0.808982 0.0123487 0.5877
47.1357 -38.7208 88.6532 0.80812 0.0140564 0.58885
46.4422 -38.7367 89.5757 0.797199 0.0128795 0.603578
45.809 -38.5107 90.3994 0.792001 0.0195616 0.610195
44.8397 -38.5487 91.6508 0.790032 0.0205649 0.61272
44.2466 -37.8809 92.4085 0.803448 0.0379804 0.594073
44.0594 -36.9122 92.5747 0.805025 0.0637242 0.589691
43.9712 -35.8803 92.5675 0.808624 0.0733854 0.583731
43.8859 -34.7752 92.5776 0.818139 0.0596569 0.571898
43.7631 -33.63 92.6274 0.819537 0.0631308 0.569538
43.655 -32.4783 92.7076 0.830844 0.0376775 0.555228
43.6184 -31.2908 92.6624 0.837797 0.0495588 0.543702
43.6033 -30.2259 92.6031 0.840202 0.0420718 0.540638
43.5481 -28.6319 92.5949 0.847977 0.0308935 0.529118
43.5267 -26.845 92.528 0.85356 0.0271111 0.520286
43.4119 -25.5509 92.6656 0.856051 0.0174887 0.516594
43.394 -23.8723 92.6424 0.856647 0.0162232 0.515649
43.3342 -22.3728 92.6838 0.857491 0.0192724 0.514138
43.3779 -21.0184 92.5601 0.858108 0.0195692 0.513097
43.3314 -19.2191 92.5943 0.864825 0.013936 0.501878
43.2799 -18.1906 92.6525 0.8654 0.0122412 0.500924
43.2624 -16.8347 92.6561 0.867889 0.00983789 0.496654
43.2685 -15.7828 92.6207 0.869322 0.010841 0.494126
43.2346 -14.6934 92.6587 0.870011 0.0106978 0.492917
43.2898 -13.5705 92.5368 0.870299 0.0102211 0.492418
43.2073 -12.0265 92.6546 0.870482 0.00838709 0.492128
43.3085 -10.8738 92.4525 0.871676 0.00816266 0.490013
43.1767 -9.80882 92.673 0.87204 0.00621166 0.489395
43.1904 -8.6686 92.6348 0.872013 0.00551902 0.489452
43.1708 -7.44333 92.6559 0.871953 0.00540512 0.489559
43.1654 -6.39993 92.6548 0.872272 0.0043427 0.489003
43.2721 -4.72697 92.4511 0.871914 0.00382828 0.489644
43.1371 -3.67465 92.6825 0.871186 0.00384847 0.490936
43.1866 -2.55673 92.588 0.871112 0.00284661 0.491076
43.1553 -1.10656 92.6354 0.870375 0.00312645 0.492378
43.2555 -0.0169387 92.4502 0.869657 0.00196739 0.493648
43.1425 1.00055 92.649 0.86947 2.67741e-05 0.493985
43.1846 2.18192 92.5748 0.867765 0.000715684 0.49697
43.1222 3.52407 92.6779 0.86693 0.00268659 0.498422
43.1683 4.60828 92.6036 0.866064 -0.00268155 0.499926
43.1574 5.73017 92.6241 0.864647 -0.00175085 0.502375
43.1478 6.75003 92.6465 0.86434 -0.00303722 0.502899
43.1634 7.75149 92.623 0.863347 -0.00266137 0.504603
43.2041 8.93039 92.5623 0.863005 -0.00384983 0.50518
43.2798 9.92703 92.4315 0.858279 0.000260249 0.513161
43.2145 10.9673 92.5512 0.857612 -0.00593883 0.514264
43.158 12.0474 92.6579 0.856392 -0.00208967 0.516302
43.1794 13.1386 92.6216 0.852837 -0.0052725 0.522151
43.2138 14.4845 92.5788 0.8517 -0.00566575 0.523999
43.2396 15.9461 92.549 0.849443 -0.00759003 0.527597
43.2501 17.1794 92.5603 0.847734 -0.0121352 0.530283
43.3332 18.2127 92.4394 0.842137 -0.00337771 0.539248
43.2063 19.4969 92.6517 0.841117 -0.00658708 0.540813
43.2433 20.7698 92.6047 0.838693 -0.0085278 0.54451
43.3791 22.0267 92.4251 0.835903 -0.0136759 0.548707
43.2872 23.4889 92.5895 0.831425 -0.00844583 0.555569
43.2904 24.7432 92.612 0.829674 -0.012756 0.558103
43.3026 25.7482 92.6076 0.826045 -0.0123507 0.563428
43.3489 27.4058 92.5853 0.819094 -0.0169344 0.573404
43.3475 28.4364 92.6292 0.813193 -0.0216733 0.581591
43.3705 29.4949 92.6375 0.811394 -0.027591 0.58381
43.4935 30.7422 92.5403 0.805179 -0.0280592 0.592283
43.5538 31.9267 92.5254 0.799721 -0.0464331 0.598572
43.5461 33.2228 92.6317 0.799566 -0.044624 0.598917
43.6162 34.2643 92.5992 0.77094 -0.0687168 0.633081
43.699 35.3524 92.6102 0.763528 -0.0621792 0.642775
43.9009 36.5852 92.4894 0.763762 -0.0612913 0.642581
44.0615 37.8176 92.4142 0.760928 -0.0421223 0.647184
44.5501 38.5172 91.8643 0.755978 -0.0144303 0.65437
45.2728 38.4725 91.0433 0.750916 -0.0112045 0.660302
46.026 38.762 90.1875 0.757252 -0.00480085 0.653105
47.0365 38.5504 89.0178 0.758113 -0.000450729 0.652111
47.9105 38.7099 87.9935 0.763446 -0.000337423 0.645857
49.0358 38.7394 86.6302 0.776996 0.00549255 0.629481
49.6967 38.7477 85.8139 0.777145 0.00532249 0.629299
50.3404 38.7605 85.0053 0.785128 0.00814273 0.619262
50.9696 38.7104 84.2016 0.787562 0.00562665 0.616209
51.6575 38.6532 83.3203 0.788941 0.00640763 0.614435
52.3594 38.7055 82.4065 0.793599 0.00965705 0.608363
53.0712 38.6641 81.4751 0.795683 0.0093759 0.605639
53.9644 38.6292 80.2967 0.798512 0.0116331 0.601866
54.5991 38.7002 79.4334 0.805833 0.00721989 0.592099
55.6782 38.6543 77.9585 0.810127 0.0101726 0.586158
56.5042 38.6666 76.8112 0.811649 0.00794469 0.584092
57.1669 38.8383 75.8882 0.812501 0.00716319 0.582914
58.2162 38.7041 74.421 0.814436 0.00884973 0.580185
58.861 38.6079 73.5158 0.814913 0.00853122 0.579521
59.4874 38.6554 72.6341 0.815212 0.0083558 0.579102
60.1143 38.686 71.751 0.813314 0.00634599 0.581777
60.7022 38.6595 70.9364 0.810439 0.00585709 0.585794
61.2992 38.6493 70.1106 0.809076 0.00491976 0.587678
62.3889 38.6546 68.6167 0.808023 0.00355466 0.58914
63.2791 38.8502 67.3952 0.808187 0.0029099 0.588919
63.6547 40.4966 66.8745 0.807595 0.00132687 0.589736
63.6609 41.548 66.871 0.80848 -0.00304504 0.588516
63.7144 43.4651 66.7821 0.810687 0.00935665 0.585405
63.8717 44.4344 66.5491 0.811081 0.0085535 0.584871
63.8351 46.0546 66.5774 0.81047 0.0069238 0.585737
63.8596 47.2938 66.5315 0.809936 0.00611894 0.586486
63.8005 48.2994 66.6032 0.80812 0.00204648 0.589014
63.0307 49.1912 67.6542 0.808453 0.00503744 0.588536
62.3929 49.3197 68.534 0.810238 0.0059484 0.58607
61.7916 49.3531 69.3624 0.807802 0.00395704 0.589438
61.0631 49.3098 70.359 0.806881 0.00557753 0.590688
60.3883 49.3145 71.2808 0.808256 0.00724722 0.588779
59.7814 49.2987 72.1201 0.813567 0.00520627 0.581448
58.7531 49.2965 73.5546 0.811721 0.00262563 0.58404
58.0506 49.3628 74.5325 0.812369 0.00365208 0.583131
57.1202 49.2059 75.8276 0.810732 0.00800996 0.585361
56.4297 49.2325 76.7841 0.810418 0.00850169 0.58579
55.713 49.2921 77.7566 0.805073 0.0121672 0.593051
54.901 49.289 78.8553 0.802468 0.0113685 0.596579
54.1446 49.2537 79.8696 0.801144 0.0140457 0.598306
53.5185 49.2898 80.7017 0.797478 0.0119942 0.603224
52.7084 49.3187 81.7683 0.794869 0.0128769 0.606641
51.6586 49.2468 83.1356 0.791712 0.0136936 0.61074
50.8495 49.333 84.1765 0.787933 0.012936 0.615624
50.1373 49.3126 85.0806 0.783456 0.0128793 0.621314
49.3891 49.2561 86.0246 0.783248 0.0131956 0.621569
48.6414 49.229 86.9568 0.780282 0.0088077 0.625361
47.8882 49.206 87.9004 0.781435 0.00722818 0.623945
47.1767 49.2093 88.7912 0.77684 0.0118115 0.62953
46.4983 49.2243 89.6162 0.772383 0.0166718 0.634939
45.8386 49.2742 90.405 0.761642 0.0155475 0.647754
45.168 49.3543 91.1792 0.756709 0.0198549 0.653451
44.047 49.3381 92.441 0.739687 0.0184863 0.672697
43.3628 49.3424 93.1922 0.738144 0.0193276 0.674365
42.3503 49.3088 94.2673 0.720774 0.0209354 0.692853
41.6151 49.2058 95.0374 0.721045 0.0231078 0.692501
40.3902 49.2443 96.2673 0.710432 0.0143832 0.703618
39.115 49.2467 97.4719 0.683498 0.017 0.729741
38.3399 49.2808 98.1852 0.668548 0.0178254 0.743328
37.4183 49.1015 99.0017 0.659958 0.025696 0.750863
36.7656 47.9053 99.6184 0.661435 0.0241197 0.749609
36.8557 46.6919 99.5764 0.664865 0.025438 0.74653
36.9868 45.7014 99.4951 0.662218 0.033186 0.748571
36.9559 44.8627 99.5594 0.660207 0.0351986 0.750258
49.7719 43.7495 85.6573 0.779441 0.0127891 0.626346
49.779 43.7446 85.6486 0.780362 0.0121745 0.625208
50.5843 44.1337 84.6264 0.786149 0.0118687 0.617923
50.6538 43.9891 84.5408 0.786544 0.0119516 0.617419
51.6505 43.9855 83.267 0.789471 0.0103149 0.613701
51.7553 44.1708 83.1289 0.789351 0.0108545 0.613846
52.5328 43.6704 82.126 0.797606 0.0072903 0.603135
53.4042 43.9255 80.9666 0.799995 0.00883737 0.599938
52.8287 43.8577 81.732 0.798844 0.0092539 0.601467
52.7434 43.8643 81.8451 0.798225 0.00824514 0.602301
54.1934 44.0575 79.9081 0.80167 0.00937744 0.597692
54.8188 43.8447 79.0619 0.806866 0.00767161 0.590685
54.8869 43.6352 78.9716 0.806996 0.00754131 0.590508
54.2692 43.7207 79.8114 0.801542 0.00727767 0.597893
57.2421 44.0138 75.7139 0.81434 0.00786001 0.580335
57.3016 44.1388 75.6286 0.814127 0.00713079 0.580643
58.4095 43.6763 74.0782 0.815557 0.00347745 0.578657
58.9883 43.5762 73.2637 0.815513 0.00689047 0.578698
59.6888 44.0352 72.2872 0.810985 0.00176385 0.585063
60.2476 43.6556 71.5152 0.809672 0.00171892 0.586878
60.4591 44.2543 71.2225 0.808952 0.00161128 0.587873
59.8073 44.4695 72.122 0.810448 0.00184535 0.585808
59.0597 43.9143 73.1616 0.813735 0.000411039 0.581227
58.8528 44.0145 73.4532 0.815611 4.67714e-05 0.5786
41.387 17.6016 95.4991 0.845838 0.00687656 0.533396
41.4258 16.3237 95.4539 0.847131 0.00896917 0.531298
41.3082 15.2016 95.6621 0.849034 0.00751741 0.528285
41.3727 14.5397 95.5678 0.850012 0.00685559 0.526716
41.3701 13.0622 95.5928 0.856969 0.0102989 0.515265
41.251 12.0773 95.8109 0.857502 0.0073596 0.514418
41.4339 11.0107 95.5144 0.858404 0.00520353 0.512935
41.4227 9.98368 95.5488 0.859767 0.00821926 0.510621
41.3914 8.55939 95.6252 0.860566 0.00706942 0.509285
41.4373 7.18354 95.5607 0.86196 0.00856076 0.506887
41.4678 5.64718 95.5303 0.86455 0.00384432 0.502532
41.4525 4.64172 95.5678 0.865532 0.00669175 0.500809
41.4189 3.63743 95.6394 0.865568 0.00679694 0.500746
41.3704 2.06374 95.7474 0.867095 0.00679519 0.498096
41.3527 0.955881 95.7931 0.86802 0.00895884 0.49644
40.9031 1.32017 96.5745 0.868954 0.0112494 0.494765
40.9219 2.74342 96.5165 0.86669 0.00946696 0.498757
40.9756 3.76022 96.4042 0.866168 0.00807161 0.499685
41.0255 4.77093 96.3041 0.865585 0.00685373 0.500715
41.0458 6.26315 96.2516 0.863732 0.00794371 0.50387
40.9838 7.57808 96.3255 0.862128 0.00875113 0.506598
40.877 9.05466 96.4835 0.859927 0.0091017 0.510336
40.9285 10.2126 96.3772 0.859786 0.00799228 0.510591
41.1171 11.1448 96.0457 0.859733 0.00754538 0.510688
40.8364 11.9231 96.5023 0.855042 0.0126302 0.5184
40.9215 13.3685 96.326 0.853647 0.0124454 0.520703
40.8833 14.4509 96.3595 0.853196 0.0148781 0.521378
40.8779 15.552 96.3488 0.848739 0.00944655 0.528723
40.881 17.3796 96.3044 0.847112 0.0091435 0.531326
41.4411 0.231401 95.6506 0.869744 0.00599263 0.493466
41.1139 -0.395077 96.2342 0.869371 0.00635777 0.494118
41.0433 -1.50395 96.3732 0.870163 0.00668957 0.492717
41.0656 -2.66119 96.3483 0.870688 0.00615364 0.491797
40.9869 -3.7841 96.4997 0.871299 0.00571019 0.490718
40.9759 -4.86555 96.5342 0.871675 0.00677665 0.490038
40.9928 -5.98681 96.5185 0.871917 0.00603036 0.489617
40.9693 -7.10949 96.5742 0.871931 0.00603671 0.489592
41.0359 -8.26744 96.4691 0.872012 0.00559961 0.489452
41.3342 -7.20389 95.9256 0.871976 0.00581945 0.489514
41.3777 -5.9639 95.8328 0.871918 0.00599259 0.489614
41.3755 -4.77851 95.8222 0.871788 0.00637795 0.489841
41.37 -3.76639 95.8204 0.871023 0.00455171 0.491221
41.4889 -2.27066 95.5938 0.870624 0.0049382 0.491923
41.2333 -1.26139 96.0345 0.870114 0.00554627 0.492818
41.4656 -0.365353 95.614 0.870114 0.0056577 0.492818
41.4845 -8.49633 95.6726 0.872043 0.00558178 0.489398
41.1362 -9.35763 96.3024 0.871841 0.00479067 0.489765
41.1077 -11.163 96.3695 0.871614 0.00462075 0.490171
41.4502 -10.1511 95.7514 0.871328 0.00476332 0.490678
41.5445 -9.17805 95.5733 0.872057 0.00574738 0.48937
41.5167 -11.2877 95.6452 0.871201 0.00605159 0.490888
41.5686 -12.6895 95.5686 0.870673 0.00553182 0.491831
41.6045 -13.8715 95.5189 0.870223 0.00486483 0.492634
41.5619 -15.1939 95.6086 0.868946 0.0070403 0.494857
41.1345 -15.7795 96.3643 0.868303 0.00464951 0.496012
41.1261 -14.742 96.371 0.869213 0.00364543 0.49442
41.2156 -13.5712 96.203 0.870224 0.00484309 0.492631
41.1925 -12.5029 96.2326 0.870558 0.00479782 0.492042
41.1164 -11.2204 96.3546 0.870877 0.0054253 0.49147
41.5584 -16.0322 95.6248 0.868267 0.00475556 0.496075
41.3103 -16.7404 96.0658 0.868252 0.00484573 0.4961
41.1714 -17.707 96.316 0.866969 0.00219963 0.498358
41.1357 -18.9836 96.3841 0.866808 0.0025671 0.498636
41.187 -19.7539 96.2993 0.865155 0.000163661 0.501484
41.0838 -20.7438 96.476 0.862842 0.00458976 0.505452
41.006 -21.7338 96.6179 0.861968 0.00285475 0.506948
41.0013 -22.8387 96.6343 0.860055 0.00624498 0.510164
41.1516 -23.9142 96.3943 0.860691 0.00621133 0.509087
41.4665 -22.8501 95.847 0.861483 0.00622248 0.507749
41.557 -21.7552 95.68 0.861925 0.00515964 0.50701
41.6251 -20.6608 95.553 0.862547 0.00606151 0.505938
41.6549 -19.4814 95.4875 0.863285 0.00565913 0.504685
41.4163 -18.4965 95.8937 0.86688 0.00245006 0.498511
41.5579 -17.5453 95.6406 0.868235 0.00494432 0.496129
41.6194 -16.5657 95.5231 0.86825 0.00485037 0.496103
41.6158 -24.1276 95.6143 0.859633 0.0127232 0.510753
41.7122 -25.822 95.4725 0.854385 0.00554199 0.519576
41.6672 -26.8416 95.5677 0.853115 0.0108454 0.521609
41.652 -28.6563 95.6171 0.848913 0.00654347 0.528491
41.6686 -29.8902 95.6114 0.839457 0.0132598 0.543264
41.7182 -31.671 95.5607 0.830124 0.0136152 0.557111
41.6859 -32.6756 95.6555 0.822735 0.0247765 0.567879
41.8031 -33.7465 95.5323 0.820902 0.0245144 0.570543
41.899 -34.8657 95.4448 0.817197 0.0165779 0.576022
41.9669 -36.0033 95.3647 0.814142 0.00741447 0.580618
42.0708 -37.1396 95.2782 0.798902 0.0194445 0.601012
42.2126 -38.2351 95.1064 0.793621 0.0121454 0.608267
42.6628 -39.6599 94.5616 0.78958 0.00974601 0.613525
43.1274 -40.4402 93.9719 0.791496 0.00789157 0.611124
43.9906 -41.4206 92.8736 0.789082 0.0117743 0.614175
44.7443 -41.8922 91.9064 0.787008 0.0287266 0.616274
45.7255 -42.0894 90.6533 0.799851 0.0224758 0.599595
46.3522 -42.1221 89.7972 0.807169 0.0137044 0.590161
46.9504 -42.1267 88.9908 0.804903 0.0118968 0.593274
47.6237 -42.1261 88.0552 0.813452 0.00254852 0.581621
48.2475 -42.1478 87.1785 0.815412 0.00392962 0.578867
49.0104 -42.1855 86.1017 0.816517 0.00590598 0.577288
49.6069 -42.1933 85.2619 0.814426 0.0073612 0.580221
50.5613 -42.1489 83.9293 0.812253 0.0050348 0.58328
51.4205 -42.1592 82.7313 0.81155 0.00338138 0.584273
52.2069 -42.1916 81.6405 0.809883 0.00147842 0.586588
52.8052 -42.223 80.8165 0.809491 -0.000226712 0.587133
53.6572 -42.2439 79.6428 0.809589 0.000686959 0.586996
54.4185 -42.2919 78.5909 0.810117 0.00157296 0.586266
55.0359 -42.3123 77.7352 0.811427 0.000587598 0.584453
55.6891 -42.2532 76.8291 0.811232 0.000839406 0.584724
56.5688 -42.2218 75.6168 0.807666 0.000282371 0.589641
57.5303 -42.182 74.3025 0.806089 -0.00353407 0.591784
58.3358 -42.171 73.2037 0.806493 -0.00389497 0.59123
58.9594 -42.1538 72.3495 0.8078 -0.00495121 0.589436
59.5532 -42.1168 71.5355 0.808249 -0.00501633 0.58882
60.1411 -42.09 70.7201 0.811417 -0.0016127 0.584466
60.7497 -42.0836 69.8761 0.809125 0.000179999 0.587623
61.4283 -42.0778 68.9492 0.806693 0.00161547 0.590969
62.109 -42.0333 68.0199 0.806518 0.00192578 0.591206
62.8434 -41.9949 67.0263 0.803821 0.00270015 0.594865
63.9872 -42.3397 65.4756 0.805917 0.00219387 0.592025
64.3192 -43.4209 65.0163 0.808693 -0.00281947 0.588224
64.3207 -44.4931 65.0103 0.809438 -0.00232558 0.5872
64.1424 -45.5864 65.2503 0.809692 -0.0033424 0.586845
63.4153 -45.9234 66.2498 0.808291 -0.00376232 0.588771
62.5863 -45.935 67.3869 0.807024 -0.000379042 0.590508
61.9914 -45.9395 68.1955 0.805397 -0.000794996 0.592736
60.8772 -45.8609 69.71 0.805331 -0.000444491 0.592825
60.2718 -45.7793 70.5318 0.805101 -0.000168115 0.593138
59.6676 -45.7127 71.3516 0.805487 -0.00125395 0.59261
59.0401 -45.7415 72.2066 0.806215 -0.00186165 0.59162
58.3987 -45.8171 73.0805 0.807169 -0.00170164 0.590317
57.8034 -45.8668 73.8958 0.807667 -0.00218591 0.589635
57.1252 -45.8598 74.8269 0.80945 -0.00431587 0.587165
56.3563 -45.8535 75.8894 0.810032 -0.0014604 0.586384
55.5479 -45.8422 77.0095 0.811823 -0.00543179 0.583879
54.7485 -45.8395 78.1253 0.813311 -0.00496406 0.581808
54.147 -45.8092 78.9659 0.810445 -0.000936395 0.585809
53.5081 -45.8211 79.8476 0.809773 0.00039659 0.586743
52.9023 -45.8533 80.6845 0.809929 0.000846666 0.586527
52.2596 -45.8162 81.5727 0.812004 0.00189596 0.583641
51.2567 -45.7684 82.9781 0.813966 0.00131297 0.58091
50.2818 -45.7712 84.3455 0.814238 0.00342129 0.580521
49.6627 -45.758 85.218 0.816253 0.00431062 0.577678
49.0646 -45.8011 86.0648 0.816885 0.00526882 0.576777
48.4604 -45.7957 86.9208 0.812289 0.00861925 0.583173
47.8446 -45.8118 87.7705 0.809956 0.00817221 0.586434
47.2256 -45.7627 88.6257 0.811479 0.00655914 0.584336
46.5584 -45.7455 89.5658 0.815654 0.00411381 0.578518
45.8351 -45.6932 90.5478 0.797825 -0.00700639 0.602746
44.8134 -45.6074 91.8716 0.790722 -0.000406649 0.612176
44.1883 -45.6517 92.6866 0.793488 0.000221487 0.608586
43.1558 -45.868 94.0056 0.782016 0.00229246 0.623254
42.5111 -45.9433 94.8144 0.778031 0.00369071 0.628211
41.7826 -45.9385 95.7131 0.776624 0.00255865 0.629959
41.0635 -45.734 96.5855 0.770322 0.00578244 0.637629
40.8131 -44.6323 96.9009 0.775587 -0.0164468 0.631027
40.781 -43.6102 96.961 0.763847 -0.0153304 0.645189
40.8134 -42.3127 96.9192 0.780343 0.00594989 0.625323
40.9131 -40.8284 96.8016 0.784141 -0.00865152 0.620521
40.9628 -39.7101 96.739 0.791727 -0.00486046 0.610801
41.0214 -38.5562 96.6839 0.794495 -0.0110997 0.60717
41.0596 -37.3698 96.6237 0.802378 0.00554856 0.596783
41.0675 -36.2473 96.606 0.804239 0.00487201 0.594285
41.0498 -35.1706 96.6188 0.804476 0.00615968 0.593953
41.0402 -34.1285 96.6454 0.816212 0.00746819 0.577411
40.9967 -32.8329 96.6568 0.827549 0.00954126 0.561069
41.1114 -31.4484 96.4902 0.835553 -0.00135674 0.549399
41.176 -30.5326 96.3894 0.83817 0.00768626 0.545313
41.1179 -28.9858 96.4732 0.846383 -0.00362049 0.532563
41.1295 -27.6766 96.4474 0.849988 0.00343414 0.526791
41.2292 -26.6715 96.2802 0.851502 0.00700179 0.524283
41.3302 -25.6364 96.1032 0.855107 -0.000242321 0.518451
41.3193 -24.45 96.1214 0.857445 0.00626458 0.514477
41.6028 -37.4307 95.8967 0.7985 0.00854163 0.601914
41.5579 -38.8435 95.976 0.798039 -0.00167255 0.602505
41.5053 -39.95 96.0434 0.78884 0.00245693 0.614594
41.3986 -40.997 96.1847 0.786874 -0.00254677 0.61708
41.3248 -42.418 96.2813 0.781132 0.00590144 0.624338
41.3326 -44.0748 96.2774 0.779276 -0.00916333 0.626541
41.7472 -45.0531 95.7533 0.773522 0.00407005 0.633734
42.824 -45.1106 94.419 0.779034 0.00491008 0.626962
43.4439 -44.9872 93.641 0.785516 0.00467978 0.618794
44.0437 -44.7764 92.8675 0.789468 0.00642899 0.613758
44.9333 -44.632 91.7181 0.790875 6.81213e-05 0.611977
46.0236 -44.8154 90.3056 0.799587 0.00629147 0.600347
46.7315 -44.889 89.3117 0.815624 0.00677482 0.578543
47.3137 -44.9 88.4911 0.812888 0.00793701 0.582346
48.2022 -44.9164 87.2648 0.809569 0.00820389 0.586968
48.9215 -44.9574 86.2592 0.81505 0.00869417 0.579326
49.5404 -44.976 85.3841 0.815863 0.00574568 0.578215
50.1723 -44.8913 84.4942 0.815319 0.00427996 0.578996
51.0328 -44.8885 83.2873 0.8141 0.00320358 0.580716
51.7099 -44.9382 82.3394 0.813633 0.00320074 0.58137
52.4282 -44.9752 81.3377 0.810032 0.000897315 0.586385
53.0714 -45.0239 80.4497 0.809859 0.000445689 0.586625
53.6567 -44.9353 79.642 0.809773 0.00039659 0.586743
54.4965 -44.9872 78.4815 0.811869 -0.00109254 0.583838
55.2381 -44.9802 77.4481 0.812564 -0.00520948 0.582848
56.313 -45.0334 75.9531 0.80999 -0.00488706 0.586414
57.152 -44.9927 74.8006 0.80879 -0.00727825 0.588053
57.8375 -45.0252 73.859 0.808017 -0.00702418 0.589118
58.6608 -44.9238 72.7315 0.807173 -0.00669292 0.590276
59.3134 -44.8233 71.8422 0.80652 -0.00608765 0.591175
59.931 -44.8059 70.9957 0.80671 -0.0023883 0.590935
61.1563 -45.0543 69.3314 0.805142 -0.000652764 0.593082
61.92 -45.1129 68.2914 0.806313 0.00336541 0.591479
62.6507 -45.121 67.2952 0.806168 0.00313788 0.591678
63.4714 -45.0197 66.1762 0.805209 0.000516001 0.592982
63.7968 -43.8865 65.7333 0.809074 -0.00126274 0.587705
63.444 -42.9682 66.2193 0.805066 0.00320309 0.593173
62.49 -42.8158 67.5058 0.803182 0.00134363 0.595733
61.8356 -42.8617 68.3957 0.806463 0.0021955 0.59128
61.1401 -42.9308 69.3454 0.807084 0.00240297 0.590431
60.4788 -42.893 70.2493 0.809216 0.0003181 0.587497
59.4948 -42.9243 71.6085 0.808498 -0.0053856 0.588475
58.6718 -43.0062 72.7365 0.8078 -0.00495121 0.589436
58.0286 -43.0361 73.6176 0.807204 -0.00432907 0.590255
57.3427 -43.0497 74.5538 0.806416 -0.00332644 0.591339
56.7153 -43.0259 75.4154 0.808501 -0.00253955 0.588489
55.7834 -43.1425 76.6992 0.811236 0.000661435 0.584719
55.1873 -43.1177 77.5251 0.811442 7.88313e-05 0.584433
54.3326 -43.1636 78.7118 0.810606 0.00119972 0.585591
53.3466 -43.0988 80.07 0.808925 -5.11622e-05 0.587911
52.7208 -43.1423 80.9326 0.809499 -0.000230528 0.587121
51.7024 -43.0482 82.3448 0.812489 0.000396049 0.582977
50.7354 -43.0608 83.6917 0.813193 0.00356363 0.581984
50.0421 -43.0345 84.6616 0.814606 0.00571907 0.579986
49.3826 -43.0856 85.5871 0.814236 0.00640326 0.580499
48.7903 -43.0456 86.4187 0.81481 0.00647508 0.579692
47.9511 -43.0157 87.6006 0.81472 0.00372087 0.579842
47.2235 -42.9661 88.6154 0.811986 0.00250642 0.583671
46.6284 -42.9753 89.4393 0.806536 0.00595768 0.5911
46.0273 -42.9709 90.2612 0.807122 0.0123913 0.590254
45.3947 -42.8946 91.1169 0.787938 0.00617815 0.61569
44.7481 -42.7366 91.9334 0.784984 0.0101625 0.619433
43.841 -42.1444 93.0797 0.789161 0.012577 0.614057
43.2238 -41.5098 93.8608 0.790417 0.00987143 0.612484
42.5364 -40.6372 94.731 0.78584 0.00642821 0.618397
41.8529 -39.8507 95.598 0.787376 0.00269087 0.616468
41.7483 -38.8247 95.7231 0.793412 0.0117537 0.608548
41.6436 -37.8351 95.8485 0.79554 0.00769201 0.605852
41.6386 -37.7971 95.8546 0.795573 0.00806909 0.605803
42.3171 -41.3757 95.0169 0.785838 0.00605161 0.618403
42.8864 -42.0548 94.302 0.785441 0.0108209 0.61884
43.754 -42.9658 93.2094 0.789259 0.0133462 0.613915
43.8341 -43.5307 93.1179 0.789734 0.0119558 0.613333
43.2558 -44.2593 93.8742 0.785516 0.00467978 0.618794
42.5684 -44.3435 94.7305 0.779501 0.00235485 0.62639
41.9474 -44.0513 95.5042 0.781205 -0.00131003 0.624268
41.8123 -42.9712 95.6752 0.78278 0.00281053 0.622286
42.0807 -41.8362 95.3217 0.785135 0.00817678 0.619265
42.1108 -41.4989 95.2803 0.785873 0.00595268 0.618359
42.6088 -42.8445 94.6692 0.785206 0.0125278 0.619108
42.5751 -43.6454 94.7224 0.779942 -0.000178782 0.625852
42.3811 -43.0805 94.963 0.782453 0.00707332 0.622627
45.3573 -43.7319 91.1685 0.791025 0.00167284 0.611781
46.325 -44.032 89.8764 0.81145 0.00935594 0.584291
46.9076 -43.9928 89.0537 0.815852 0.00622315 0.578227
47.6993 -44.0642 87.9515 0.812688 -0.00217949 0.582695
46.9573 -43.7862 88.9833 0.810648 -0.000999366 0.585533
46.3704 -43.8694 89.8108 0.811645 0.00876195 0.584026
45.736 -43.8228 90.6774 0.807122 0.0123913 0.590254
45.7122 -43.8206 90.7099 0.799116 0.0074111 0.600962
48.6814 -43.8968 86.5813 0.815014 0.00729075 0.579395
48.8736 -43.9562 86.3118 0.814791 0.00648587 0.579718
48.8378 -43.9527 86.3621 0.81481 0.00647508 0.579692
50.1853 -43.844 84.4671 0.81503 0.00494018 0.579397
50.2153 -43.8426 84.4249 0.814184 0.00484622 0.580585
51.6535 -44.0835 82.4137 0.813141 0.00181271 0.582062
51.674 -44.1393 82.3853 0.813648 0.0032033 0.581349
52.8984 -44.2485 80.6881 0.809852 0.000422096 0.586633
53.5547 -43.9093 79.7837 0.808932 -0.00045788 0.587901
53.1647 -44.0404 80.3202 0.809672 8.97879e-05 0.586882
54.6878 -44.1912 78.217 0.811877 -0.00104572 0.583828
54.6939 -44.1151 78.2086 0.811757 -0.00125623 0.583993
55.6535 -44.1816 76.8769 0.811407 -0.00307645 0.584471
55.7341 -44.1885 76.7648 0.811901 -0.00455374 0.583777
56.6938 -43.9734 75.4399 0.808107 -0.00513181 0.589013
57.4425 -44.2339 74.4105 0.808442 -0.00621778 0.588541
58.2619 -44.1467 73.2879 0.807858 -0.00729102 0.589332
58.9473 -44.0062 72.3501 0.807196 -0.00666257 0.590245
59.6004 -43.8482 71.455 0.808266 -0.00347846 0.588807
59.6525 -43.6745 71.3847 0.808485 -0.0055202 0.588491
59.0129 -43.8017 72.2622 0.808163 -0.00526612 0.588935
58.3454 -43.897 73.1761 0.807746 -0.00507392 0.589509
57.589 -44.0253 74.2114 0.807219 -0.00439416 0.590235
56.8724 -43.7555 75.1965 0.808488 -0.00260904 0.588506
56.755 -43.7785 75.3576 0.808322 -0.00382098 0.588727
60.5576 -44.0664 70.1462 0.806143 0.000650568 0.591716
61.2772 -44.1418 69.1631 0.80674 0.00246892 0.590901
61.5272 -43.6978 68.82 0.806656 0.00262408 0.591016
60.6943 -44.2389 69.9599 0.807036 0.00233275 0.590498
62.0416 -44.2917 68.1208 0.806472 0.00307793 0.591265
62.768 -44.3 67.1307 0.805274 0.000591422 0.592894
62.3939 -43.6143 67.6374 0.804796 0.00181032 0.593542
62.0987 -43.6564 68.04 0.806459 0.00244092 0.591285
