-68.2778 30.3759 60.0135 -0.816157 0.00440848 0.577814
-67.5543 30.7438 61.025 -0.814677 0.0089139 0.579847
-67.8489 29.7961 60.6245 -0.814773 0.00796461 0.579725
-68.2669 30.3088 60.0294 -0.816629 0.00511994 0.57714
-68.6672 30.2861 59.4642 -0.816157 0.00440848 0.577814
-68.0441 31.7348 60.3241 -0.813179 0.00706251 0.58197
-67.3947 31.4548 61.2382 -0.814987 0.0086702 0.579414
-67.1379 30.5435 61.6135 -0.815549 0.00887642 0.57862
-67.2921 29.5292 61.4112 -0.815865 0.00857245 0.57818
-68.1011 28.943 60.2775 -0.817043 0.00549316 0.576551
-68.535 29.4679 59.6575 -0.816629 0.00511994 0.57714
-68.9672 29.3303 59.0481 -0.816168 0.00453176 0.577797
-69.0233 30.7385 58.9581 -0.816057 0.00405757 0.577958
-68.7316 31.7962 59.3626 -0.814622 0.00551791 0.579958
-68.0409 32.4464 60.3176 -0.813356 0.0117222 0.581648
-67.4378 32.3607 61.1647 -0.815808 0.00812926 0.578265
-66.8835 31.4444 61.9585 -0.81542 0.00857705 0.578806
-66.7668 30.0121 62.1451 -0.815642 0.00918174 0.578484
-67.1828 28.7244 61.5774 -0.815528 0.00728802 0.57867
-67.6502 28.1906 60.9221 -0.817352 0.00258732 0.576133
-68.3294 28.2656 59.959 -0.817181 0.00212544 0.576377
-68.7672 28.7669 59.335 -0.816678 0.00488874 0.577072
-69.1573 28.4171 58.7849 -0.817115 0.00313337 0.576466
-68.62 27.7012 59.5491 -0.816933 0.0023468 0.576728
-68.0382 27.3725 60.3752 -0.817416 0.00244275 0.576042
-67.4004 27.4714 61.2805 -0.816737 0.00330313 0.576998
-66.8561 28.0958 62.0437 -0.815224 0.00599446 0.579115
-66.4711 29.2938 62.5732 -0.815542 0.00734255 0.578649
-66.3193 30.4229 62.7697 -0.815642 0.00918174 0.578484
-66.3968 31.4915 62.6434 -0.815533 0.00885769 0.578643
-66.711 32.3721 62.189 -0.815653 0.00740619 0.578495
-67.7157 33.1996 60.7596 -0.816283 0.00880061 0.577585
-68.4346 33.0055 59.7552 -0.814943 0.0135609 0.579375
-68.9595 32.3901 59.0287 -0.818006 0.0131211 0.575052
-69.3025 31.5034 58.553 -0.819175 0.00721793 0.573498
-69.4721 30.1238 58.3279 -0.81873 0.00750608 0.574128
-69.3017 28.8258 58.5778 -0.817151 0.00331906 0.576414
-69.627 28.2857 58.1199 -0.81716 0.00315936 0.576402
-69.1869 27.4305 58.748 -0.816856 0.00290898 0.576835
-68.3659 26.7279 59.913 -0.816902 0.00233892 0.576772
-67.6908 26.6509 60.872 -0.817678 0.00281621 0.575669
-67.0499 26.9283 61.7783 -0.815897 0.00340279 0.578188
-66.5311 27.6405 62.5059 -0.815523 0.0047364 0.578703
-66.2076 28.5434 62.9518 -0.814667 0.00615951 0.579896
-65.9514 29.642 63.2989 -0.81442 0.00829942 0.580215
-65.9002 30.7815 63.3531 -0.814722 0.00909268 0.579781
-66.1289 32.1309 63.011 -0.814602 0.00823966 0.579962
-66.6022 33.1018 62.3327 -0.815155 0.00801455 0.579186
-67.3198 33.7864 61.3101 -0.816164 0.0089291 0.577751
-68.1049 33.8958 60.1985 -0.816455 0.00983896 0.577325
-68.7578 33.5223 59.2848 -0.81641 0.0149619 0.577279
-69.314 32.7111 58.5156 -0.819207 0.0111829 0.573389
-69.6712 31.7808 58.0228 -0.819313 0.00903406 0.573272
-69.858 30.8129 57.7689 -0.81838 0.00807958 0.57462
-69.8263 29.3159 57.8306 -0.817916 0.0041105 0.575323
-69.7807 28.9646 57.8979 -0.817526 0.00361693 0.575879
-70.1337 28.5121 57.3993 -0.818108 0.00364314 0.575053
-69.8364 27.3688 57.8276 -0.817352 0.0027001 0.576132
-69.3471 26.7639 58.5246 -0.816856 0.00290898 0.576835
-68.6452 26.058 59.5219 -0.816684 0.00348364 0.577075
-67.7599 25.7268 60.7799 -0.817462 0.00398822 0.575969
-67.1433 25.9212 61.6512 -0.81557 0.000929953 0.578658
-66.4928 26.4818 62.5669 -0.81594 0.00265553 0.57813
-66.0643 27.2756 63.1661 -0.81497 0.00467953 0.579484
-65.7723 28.4805 63.5639 -0.814658 0.00619537 0.579909
-65.4595 29.3254 63.993 -0.814286 0.00742799 0.580416
-65.4619 30.3442 63.9758 -0.814782 0.00897778 0.579698
-65.5519 31.5282 63.8309 -0.814823 0.00909778 0.579638
-65.6926 32.5895 63.6171 -0.814493 0.00805239 0.580118
-66.2218 33.4435 62.8624 -0.814617 0.00788744 0.579945
-66.7171 34.2493 62.1539 -0.815644 0.00977759 0.578472
-67.5594 34.6455 60.9572 -0.816647 0.00969596 0.577056
-68.5924 34.3983 59.5037 -0.815336 0.00939834 0.578911
-69.292 33.6925 58.527 -0.817193 0.00997338 0.576273
-69.8375 32.8961 57.767 -0.816636 0.00827384 0.577093
-70.1976 31.7557 57.273 -0.817211 0.00750158 0.57629
-70.2723 30.724 57.1802 -0.817805 0.00774449 0.575443
-70.2305 29.0383 57.258 -0.817893 0.0041218 0.575355
-70.2184 28.9084 57.2762 -0.817886 0.0040132 0.575366
