81.8601 44.6332 42.7791 0.834382 0.00503866 0.551164
82.0189 45.6041 42.53 0.833843 0.00242839 0.551996
82.2639 44.3401 42.1693 0.835087 0.00337829 0.550108
82.2447 43.2757 42.205 0.834696 0.00248263 0.550704
81.9431 43.507 42.6613 0.83479 0.00208371 0.550563
81.8709 44.2176 42.7665 0.834733 0.00420807 0.550637
81.4825 43.8549 43.3607 0.840497 0.00838073 0.541744
81.5622 42.7319 43.2429 0.844744 0.00258283 0.535164
81.8796 41.8243 42.7608 0.833215 0.00382229 0.552927
82.4566 41.9885 41.8934 0.831862 0.00654489 0.554945
82.6148 42.9868 41.6453 0.834696 0.00248263 0.550704
82.659 44.041 41.5733 0.828489 0.00273117 0.559998
82.6494 45.1203 41.5824 0.828642 0.00286859 0.559771
82.4596 46.1733 41.8617 0.833848 0.00244797 0.551989
81.5368 45.885 43.257 0.834097 0.00375666 0.551603
81.4579 44.778 43.3891 0.839942 0.00565682 0.542647
81.076 45.1984 43.9758 0.839973 0.00567397 0.542599
81.0919 44.147 43.9621 0.840497 0.00838073 0.541744
81.1488 43.0612 43.8938 0.844744 0.00258283 0.535164
81.2764 41.8953 43.6983 0.845286 0.00518335 0.534283
81.7062 41.0246 43.0363 0.838479 0.0135381 0.544703
82.327 40.9629 42.0997 0.832421 0.00913762 0.554062
82.9076 41.6158 41.2247 0.828769 0.00605094 0.559558
82.9969 42.6753 41.0809 0.828443 0.00477329 0.560051
83.0357 43.7367 41.0175 0.828489 0.00273117 0.559998
83.0449 44.8148 40.9985 0.828642 0.00286859 0.559771
82.9946 45.9089 41.0671 0.829263 0.00176028 0.558856
82.4702 47.0452 41.842 0.831575 0.00196829 0.555394
81.4475 46.9582 43.3889 0.834248 0.00141502 0.551388
81.0888 45.372 43.9542 0.840691 0.00401487 0.541496
80.6988 45.496 44.5609 0.841398 0.00231487 0.540411
80.7259 46.4953 44.5142 0.841421 0.00278319 0.540373
80.909 47.4234 44.2232 0.840524 0.00515384 0.541749
81.5993 47.7983 43.1571 0.833619 -0.00218635 0.552324
82.4264 47.8299 41.9126 0.833369 -0.00541005 0.55269
82.971 47.6257 41.0941 0.829761 0.00401118 0.558104
83.3354 46.668 40.5594 0.829402 0.0028948 0.558643
83.4141 45.5569 40.4481 0.828521 0.00312959 0.559949
83.431 44.4713 40.4291 0.828458 0.00294884 0.560044
83.4176 43.3999 40.455 0.828113 0.00348277 0.560551
83.3881 42.3487 40.5051 0.828434 0.00478836 0.560064
83.3353 41.287 40.5949 0.828598 0.00638703 0.559807
83.0297 40.3653 41.0578 0.828284 0.00531926 0.560282
82.2494 40.2176 42.2322 0.833701 0.0117286 0.552091
81.5693 40.2244 43.272 0.842998 0.0139336 0.537736
81.0348 40.5856 44.1002 0.844419 0.0107769 0.535557
80.8574 41.5895 44.3674 0.846 0.00755002 0.53313
80.789 42.6752 44.464 0.843117 0.00702826 0.537657
80.7319 43.7442 44.5306 0.841293 0.0111451 0.540465
80.7031 44.8318 44.5569 0.840725 0.00397837 0.541444
80.3319 44.7478 45.1344 0.840476 0.00189425 0.541845
80.3571 43.6651 45.1095 0.83639 0.0105918 0.548033
80.4061 42.6067 45.0551 0.836736 0.0123683 0.547463
80.4678 41.5386 44.9787 0.839899 0.00668181 0.542701
80.6127 40.2354 44.7705 0.837957 0.00174808 0.545699
81.2282 39.5146 43.817 0.841536 0.00196345 0.540198
81.8451 39.4868 42.8575 0.837999 0.0028088 0.545658
82.408 39.5066 41.997 0.835942 0.000324024 0.548815
83.193 39.6368 40.8207 0.828236 0.00234124 0.560375
83.7622 40.7989 39.9689 0.827088 0.00625487 0.562033
83.7918 42.0214 39.9124 0.825919 0.00635705 0.563753
83.8085 43.0329 39.8804 0.827267 0.00343117 0.561798
83.8165 44.0831 39.8623 0.826643 0.00166522 0.562721
83.8104 45.1684 39.8679 0.824959 0.00266615 0.565187
83.7819 46.2734 39.9043 0.824404 0.00128502 0.565998
83.7097 47.3973 40.0053 0.822625 0.00317447 0.568576
83.3531 48.4462 40.52 0.830894 0.00103759 0.556418
82.5541 48.5612 41.7245 0.835053 -0.00309323 0.550158
81.8713 48.5673 42.7555 0.832419 -0.00323728 0.554133
80.8966 48.4353 44.234 0.838463 0.0023877 0.544947
80.4166 47.8011 44.9842 0.839927 0.00513893 0.542672
80.3311 46.5087 45.128 0.839924 0.00403311 0.542686
80.3274 45.4059 45.1385 0.840569 0.00229981 0.541699
79.8997 45.1368 45.8034 0.840515 0.00190731 0.541785
79.9031 44.0203 45.8012 0.840394 0.0015005 0.541974
79.9222 42.9459 45.787 0.836669 0.012747 0.547556
79.9967 41.7223 45.7055 0.838693 0.0108931 0.544475
80.0237 40.6935 45.6706 0.836109 -0.00338694 0.548553
80.2764 39.4676 45.2855 0.83409 0.00747127 0.551577
80.9831 38.6429 44.2031 0.842462 0.00333003 0.538744
81.6308 38.6865 43.1946 0.839148 0.00439834 0.543885
82.1765 38.6712 42.3527 0.837949 0.00283569 0.545734
82.9686 38.6326 41.1589 0.830536 0.00400361 0.556951
83.6151 38.6826 40.203 0.82635 0.00400776 0.563142
84.1781 39.9179 39.3689 0.825708 0.00483867 0.564076
84.2098 41.0166 39.311 0.825724 0.00609191 0.564041
84.2561 42.6155 39.225 0.826015 0.0068852 0.563606
84.2589 43.859 39.2141 0.825752 -0.000103507 0.564033
84.2664 44.9896 39.2032 0.825296 0.0012132 0.564697
84.2543 46.1511 39.2175 0.823806 -0.00016075 0.566871
84.2358 47.3065 39.2447 0.823174 0.00145152 0.567784
84.1794 48.3517 39.3228 0.821419 -0.00153888 0.570324
83.4606 49.2396 40.3595 0.826968 -0.000486935 0.562154
82.8023 49.2688 41.3521 0.835565 -0.00210801 0.549383
81.9911 49.2754 42.578 0.831451 -0.00440865 0.555572
81.3361 49.3606 43.56 0.831084 -0.00347256 0.556134
80.7371 49.2992 44.4717 0.839303 0.00646244 0.543619
80.1658 49.0076 45.3617 0.840296 0.00439356 0.542108
79.8721 47.2874 45.8284 0.83911 0.00521157 0.543936
79.8804 46.2326 45.8266 0.839266 0.00569665 0.543691
79.8908 45.9185 45.8139 0.839949 0.00400515 0.542646
