-70.6898 31.0557 61.9518 -0.821608 0.00264284 0.570046
-70.4612 31.9731 62.2781 -0.821059 0.00204577 0.570839
-69.7103 31.4728 63.357 -0.820366 0.00196404 0.571835
-70.2243 30.5662 62.6227 -0.820335 0.00172478 0.571881
-70.6557 30.7342 62.0028 -0.821268 0.00246242 0.570537
-70.9666 30.2846 61.557 -0.821087 0.00177468 0.5708
-70.2994 29.599 62.5179 -0.82042 0.00178553 0.571759
-69.6347 30.0901 63.4709 -0.820833 0.00290493 0.571161
-69.3238 31.4085 63.9117 -0.820782 0.0021838 0.571237
-69.6116 32.655 63.4907 -0.819084 0.00623106 0.57364
-70.3501 32.9814 62.4324 -0.818683 0.00500803 0.574221
-70.9192 32.3022 61.6164 -0.821756 0.00209748 0.569836
-71.1422 31.2435 61.2991 -0.8215 0.00307371 0.5702
-71.0307 30.4042 61.4644 -0.821268 0.00246242 0.570537
-71.4192 30.0279 60.9067 -0.821294 0.00244467 0.570499
-71.5603 31.8017 60.6942 -0.820104 0.0026725 0.572208
-71.0174 33.2979 61.4769 -0.820705 -0.00121526 0.571351
-70.4615 33.8493 62.2684 -0.818759 0.00367342 0.574125
-69.6828 33.6858 63.3778 -0.818634 0.00490338 0.574292
-69.1958 33.1009 64.0801 -0.820001 0.00615883 0.572329
-68.8554 31.6356 64.5809 -0.819074 0.00427302 0.573673
-69.1092 29.8744 64.2275 -0.821264 0.00291187 0.57054
-69.5978 29.1731 63.5287 -0.820993 0.00336565 0.570928
-70.3606 28.7832 62.4339 -0.821543 0.00127768 0.570141
-71.1136 29.2453 61.3476 -0.82229 -0.00236515 0.569063
-71.2216 29.4879 61.1926 -0.821701 -0.000326264 0.569914
-71.6217 29.0373 60.6124 -0.822303 -0.00239984 0.569044
-71.1925 28.2978 61.2298 -0.82254 -0.00166876 0.568704
-70.5856 27.9554 62.1076 -0.822689 -0.00119224 0.56849
-69.6048 28.2609 63.5242 -0.821589 0.00114543 0.570073
-69.0475 28.8603 64.3218 -0.820993 0.00336565 0.570928
-68.6292 29.595 64.9193 -0.819289 0.00258294 0.573372
-68.4459 30.5862 65.1737 -0.818988 0.0045113 0.573792
-68.4044 31.7082 65.2244 -0.819055 0.003879 0.573703
-68.5116 32.8033 65.0637 -0.819556 0.00512117 0.572975
-68.9095 33.7174 64.4837 -0.820166 0.00541786 0.572099
-69.8807 34.6348 63.0905 -0.818615 0.00258912 0.574336
-70.5062 34.6431 62.1998 -0.818764 0.00351301 0.574119
-71.1689 34.0815 61.2565 -0.819467 0.00423432 0.57311
-71.7088 33.126 60.482 -0.821605 -0.000923968 0.570056
-71.9905 31.9751 60.077 -0.820104 0.00250039 0.572209
-72.0374 30.9267 60.0148 -0.820126 0.00292562 0.572176
-71.8104 29.6367 60.3423 -0.822246 -0.0024976 0.569127
-72.2518 29.4519 59.7038 -0.822254 -0.00264321 0.569115
-72.5067 30.779 59.3413 -0.823462 -0.0021851 0.567363
-72.4923 31.9068 59.3574 -0.824211 0.00319515 0.566274
-72.2216 33.1171 59.7426 -0.823168 0.00339377 0.567768
-71.8853 34.0078 60.2209 -0.824244 0.00739307 0.566186
-71.4691 34.6932 60.8193 -0.824474 0.0061013 0.565867
-70.9304 35.321 61.5868 -0.819729 0.00509933 0.572729
-70.3015 35.6107 62.4842 -0.819482 0.00488133 0.573084
-69.4526 35.2827 63.6977 -0.818346 0.00408359 0.57471
-68.8291 34.8096 64.5903 -0.819459 0.00313976 0.573129
-68.455 34.0791 65.1328 -0.820386 0.00468528 0.571791
-68.0451 33.1603 65.7268 -0.818461 0.00405051 0.574548
-67.8827 32.1555 65.9655 -0.818386 0.00420419 0.574654
-67.9523 31.1631 65.8735 -0.818542 0.00400115 0.574432
-68.1341 29.7728 65.6232 -0.81822 0.00345049 0.574895
-68.2877 28.7589 65.4119 -0.819976 0.00334428 0.572385
-69.0408 27.8459 64.3341 -0.820211 0.00105107 0.57206
-69.6213 27.3891 63.4977 -0.821691 -0.00173301 0.569931
-70.2707 27.1889 62.5608 -0.821826 -0.00131226 0.569737
-70.9878 27.2292 61.5244 -0.822421 0.000209735 0.568879
-71.5905 27.773 60.6528 -0.822827 9.59052e-05 0.568291
-72.0985 28.8921 59.9229 -0.822487 -0.00260314 0.568778
-72.2038 29.1236 59.7716 -0.822447 -0.00287366 0.568835
-72.2439 29.2285 59.7141 -0.822257 -0.00286849 0.56911
