69.335 -3.47764 67.6774 0.812416 -0.0121752 0.582951
69.7336 -2.68171 67.1381 0.814573 -0.0132887 0.579898
70.3491 -3.27225 66.2504 0.818271 -0.0120398 0.574706
69.93 -4.0748 66.8249 0.816584 -0.0145682 0.577043
69.4619 -3.90359 67.4917 0.81452 -0.0132969 0.57997
69.1675 -4.46342 67.8934 0.816248 -0.00888466 0.57763
68.9114 -3.47229 68.2679 0.812416 -0.0121752 0.582951
69.0896 -2.51037 68.0385 0.812615 -0.0049481 0.582779
69.9414 -1.84855 66.8577 0.81513 -0.00769876 0.579201
70.5614 -2.42499 65.9657 0.81821 -0.0108349 0.574816
70.6984 -3.93782 65.7395 0.81788 -0.010693 0.575288
69.9978 -4.92398 66.7136 0.815945 -0.00972723 0.578047
69.3622 -4.76237 67.6136 0.815678 -0.00914054 0.578433
69.2457 -4.65657 67.7794 0.815609 -0.0101026 0.578514
68.9052 -5.15942 68.2506 0.815609 -0.0101026 0.578514
69.4497 -5.65374 67.4761 0.815678 -0.00914054 0.578433
70.3921 -5.50632 66.1472 0.81606 -0.00934061 0.577891
70.8808 -4.84679 65.4653 0.817749 -0.00936265 0.575499
71.147 -3.5047 65.1106 0.81785 -0.011592 0.575314
71.0429 -2.3212 65.2823 0.818026 -0.00945595 0.575101
70.6019 -1.45989 65.924 0.818928 -0.00824947 0.573836
69.654 -1.09629 67.2651 0.812161 -0.00566596 0.583406
68.9671 -1.6997 68.2163 0.812488 -0.00631969 0.582942
68.5997 -2.50479 68.7218 0.812401 -0.00846187 0.583026
68.5469 -4.1592 68.7747 0.816452 -0.00667109 0.577375
68.6593 -4.55161 68.6093 0.816026 -0.010904 0.577912
68.259 -4.9883 69.1663 0.816046 -0.0108709 0.577885
68.0595 -3.80635 69.4681 0.817426 -0.00753854 0.575981
68.17 -2.38441 69.3323 0.818165 -0.00997219 0.574895
68.6509 -1.1908 68.6704 0.81774 -0.0119571 0.575462
69.1244 -0.604718 68.0122 0.814687 -0.0128405 0.579746
69.7011 -0.310249 67.2142 0.812578 -0.0114294 0.58274
70.6918 -0.718922 65.8063 0.819009 -0.0100969 0.573688
71.1969 -1.32866 65.0766 0.818397 -0.00795901 0.574597
71.4872 -2.21612 64.6521 0.818026 -0.00945595 0.575101
71.5536 -3.8319 64.5259 0.818749 -0.0118522 0.574029
71.3524 -4.91357 64.7936 0.818089 -0.00839884 0.575029
70.887 -5.93204 65.4401 0.816754 -0.00971408 0.576902
70.2168 -6.38679 66.3797 0.81693 -0.0112939 0.576626
69.4897 -6.45201 67.4072 0.815665 -0.00916126 0.578451
68.5614 -5.67452 68.7264 0.815652 -0.0100589 0.578454
68.0308 -5.71742 69.478 0.817673 -0.0110208 0.575576
68.5609 -6.68974 68.7073 0.815566 -0.0117918 0.578541
69.1465 -7.05198 67.8781 0.814432 -0.0118745 0.580138
69.9421 -7.17436 66.7534 0.816756 -0.0117398 0.576864
70.5643 -7.21539 65.871 0.816657 -0.0114554 0.57701
71.0541 -6.60478 65.1908 0.816511 -0.0115102 0.577215
71.5654 -5.71391 64.4805 0.81871 -0.00901423 0.574134
71.8975 -4.795 64.0188 0.8194 -0.00891405 0.573153
71.975 -3.53153 63.93 0.819394 -0.0123611 0.573098
71.9343 -2.35964 64.0128 0.818789 -0.0114234 0.57398
71.7699 -1.22413 64.2643 0.816998 -0.00874077 0.576574
71.3041 -0.545527 64.9357 0.819199 -0.0108791 0.573406
70.6939 0.0642277 65.8192 0.819401 -0.0112834 0.57311
70.0217 0.416914 66.7773 0.814015 -0.00910198 0.580772
69.289 0.382484 67.8028 0.813137 -0.0106566 0.581972
68.6952 -0.191477 68.6302 0.816854 -0.0133611 0.57669
68.07 -0.948046 69.502 0.818033 -0.0108232 0.57507
67.7521 -2.03783 69.9335 0.818159 -0.0110491 0.574885
67.6266 -3.02897 70.0961 0.816084 -0.0120389 0.577786
67.6289 -4.02216 70.07 0.813697 -0.00890374 0.581206
67.6879 -4.80723 69.9809 0.817889 -0.00945861 0.575299
67.9466 -5.51882 69.6012 0.81789 -0.00970157 0.575293
