71.955 -33.3303 64.2547 0.813607 -0.0174672 0.581152
72.3434 -34.1733 63.6852 0.814252 -0.0174924 0.580247
72.6642 -33.2224 63.2626 0.81457 -0.0180842 0.579783
72.165 -32.6146 63.9822 0.813562 -0.0175454 0.581213
72.0174 -32.8583 64.1814 0.813493 -0.0174392 0.581314
71.6538 -32.5164 64.7005 0.813515 -0.0174999 0.581281
72.2056 -31.8408 63.9487 0.813718 -0.0176495 0.580991
72.8418 -31.9529 63.0544 0.814154 -0.0181177 0.580365
73.1516 -33.5034 62.5689 0.814627 -0.0181007 0.579702
72.88 -34.4427 62.9212 0.816285 -0.0206031 0.577281
72.3439 -34.9248 63.6616 0.813803 -0.0182087 0.580856
71.7825 -34.6036 64.4576 0.813635 -0.0178804 0.5811
71.4998 -33.303 64.8927 0.813531 -0.0172794 0.581265
71.5611 -32.9024 64.8187 0.813552 -0.0173497 0.581233
71.1044 -32.8823 65.459 0.813772 -0.0177004 0.580914
71.1341 -34.3541 65.3721 0.81288 -0.0184447 0.582139
71.8583 -35.5985 64.3208 0.813772 -0.0181605 0.5809
72.4892 -35.6932 63.4334 0.815473 -0.0180405 0.578508
73.0411 -35.2558 62.6644 0.816589 -0.0189104 0.576908
73.601 -33.7455 61.9268 0.816585 -0.018521 0.576923
73.497 -32.0497 62.1244 0.817581 -0.0172776 0.575555
72.9709 -31.1515 62.8991 0.815648 -0.0185284 0.578238
71.9512 -31.162 64.3259 0.813637 -0.0188126 0.581068
71.3712 -31.9286 65.1157 0.815064 -0.0206722 0.579002
71.2526 -32.2945 65.269 0.814287 -0.0193521 0.580136
70.9948 -31.6276 65.6561 0.814958 -0.0213057 0.579128
71.4192 -30.7787 65.0882 0.815579 -0.0195788 0.578313
72.0881 -30.2376 64.1655 0.813274 -0.0197994 0.581545
72.8697 -30.2154 63.0719 0.815802 -0.0185539 0.578022
73.4241 -30.6727 62.2694 0.817888 -0.0178332 0.575102
73.8445 -31.4483 61.649 0.817502 -0.0174095 0.575662
74.1194 -32.9809 61.2133 0.817167 -0.0163542 0.576169
74.0422 -34.0208 61.2936 0.816558 -0.0181334 0.576972
73.5201 -35.5412 61.9772 0.815526 -0.0192375 0.578398
73.0532 -36.1821 62.6194 0.815694 -0.0145316 0.578301
72.1079 -36.509 63.9421 0.81418 -0.01732 0.580353
71.5247 -36.1836 64.7701 0.813147 -0.0169674 0.581807
71.0672 -35.5498 65.4282 0.812732 -0.0181776 0.582355
70.7059 -34.4991 65.9654 0.812811 -0.01867 0.582229
70.62 -33.3704 66.1224 0.813376 -0.0187527 0.581435
70.7675 -32.3201 65.9504 0.814817 -0.0215439 0.579318
70.2633 -32.0541 66.6682 0.814039 -0.0213047 0.580419
70.1128 -33.1864 66.8364 0.812733 -0.0213796 0.58224
70.1325 -34.2822 66.7717 0.811786 -0.0196019 0.583626
70.3549 -35.296 66.4292 0.810359 -0.0208716 0.585562
71.0947 -36.6619 65.354 0.812508 -0.0188666 0.582645
71.6388 -37.1833 64.5815 0.813161 -0.016907 0.581789
72.5782 -37.3393 63.2579 0.814752 -0.0168162 0.579565
73.1667 -36.982 62.4393 0.815567 -0.0145948 0.578478
73.656 -36.3717 61.7641 0.816139 -0.0144388 0.577675
74.2944 -35.3979 60.8917 0.815023 -0.0180418 0.579147
74.5601 -33.7331 60.5663 0.81747 -0.0162824 0.575742
74.5419 -32.4822 60.626 0.818547 -0.0153927 0.574233
74.3417 -31.3477 60.9487 0.815751 -0.0182142 0.578116
73.8777 -30.3556 61.6343 0.816565 -0.0175515 0.576984
73.4044 -29.5817 62.3317 0.817699 -0.0188647 0.575337
72.7761 -29.2475 63.2355 0.81577 -0.0192045 0.578049
71.7505 -29.4927 64.6631 0.814354 -0.0195948 0.580033
70.898 -30.2067 65.8426 0.815559 -0.0195525 0.578342
70.621 -31.1132 66.201 0.815091 -0.0207043 0.578963
70.5584 -31.3264 66.2812 0.814474 -0.0213541 0.579806
70.361 -31.684 66.5448 0.814021 -0.0213894 0.580442
