-84.4652 43.9316 45.3334 -0.843893 0.000388663 0.536511
-84.0138 43.6424 46.0454 -0.847439 -0.00624426 0.530788
-84.0043 44.8031 46.0896 -0.850021 -0.0129943 0.526588
-84.3085 45.321 45.609 -0.850457 -0.00867995 0.525973
-84.4592 44.2682 45.3424 -0.84674 -0.00647502 0.531895
-84.7628 44.7079 44.8646 -0.84674 -0.00647502 0.531895
-84.6532 45.7643 45.0661 -0.840547 -0.0174331 0.541458
-84.2866 46.4422 45.664 -0.850412 -0.00908553 0.526038
-83.7504 46.2687 46.5278 -0.850511 -0.00866485 0.525885
-83.6123 44.4903 46.7156 -0.851079 -0.0124755 0.524889
-83.5989 43.1143 46.704 -0.851069 -0.0127435 0.524899
-83.9169 41.8281 46.1575 -0.846143 -0.0133678 0.53271
-84.4841 41.8398 45.2788 -0.834663 0.00295109 0.550753
-84.7309 42.7574 44.9152 -0.84259 -0.00737711 0.538453
-84.7806 43.6983 44.8374 -0.843893 0.000388663 0.536511
-85.1172 43.4684 44.3196 -0.835579 -0.00247353 0.549364
-85.1213 44.8596 44.3231 -0.833324 -0.00858451 0.552716
-85.0067 46.0538 44.5266 -0.8407 -0.0172937 0.541225
-84.6251 47.004 45.1465 -0.840963 -0.0125979 0.540946
-84.0124 47.2229 46.1231 -0.848049 -0.0147156 0.529714
-83.3368 46.6919 47.2046 -0.850991 -0.00870172 0.525108
-83.242 44.8774 47.3252 -0.850787 -0.0114877 0.525383
-83.2396 43.8199 47.3037 -0.851075 -0.0126575 0.524891
-83.255 42.7116 47.2518 -0.85111 -0.0127089 0.524834
-83.3118 41.7136 47.1351 -0.850653 -0.0141906 0.525535
-83.848 40.8886 46.248 -0.843853 -0.00456042 0.536409
-84.469 40.9662 45.3064 -0.834125 -0.000274209 0.551566
-84.9771 41.5686 44.5332 -0.834665 0.00294925 0.550751
-85.0787 42.6933 44.3739 -0.834446 0.000156469 0.551077
-85.4568 43.1038 43.8013 -0.834446 0.000156469 0.551077
-85.4237 41.9783 43.8577 -0.833229 0.00267963 0.552922
-85.1848 40.5477 44.2236 -0.832889 0.0023894 0.553435
-84.626 40.239 45.0649 -0.833448 -0.00350315 0.552586
-83.778 40.1637 46.3561 -0.837737 0.000529381 0.546073
-83.217 40.3362 47.2553 -0.850243 -0.0107176 0.526281
-82.9324 41.2201 47.7359 -0.850653 -0.0141906 0.525535
-82.896 42.3126 47.8244 -0.85111 -0.0127089 0.524834
-82.8822 43.3311 47.8713 -0.851069 -0.012743 0.524899
-82.8786 44.3973 47.903 -0.850739 -0.0116153 0.525459
-82.8781 45.5449 47.927 -0.850392 -0.0106793 0.526042
-82.9262 46.732 47.8707 -0.850992 -0.00856269 0.525109
-83.3225 47.8253 47.2469 -0.850652 -0.00987115 0.525636
-84.0392 47.9361 46.1 -0.847793 -0.0123951 0.530176
-84.8719 47.8 44.7811 -0.841346 -0.0120472 0.540362
-85.259 47.1238 44.1644 -0.841022 -0.011251 0.540883
-85.4479 45.6482 43.8443 -0.833562 -0.00908537 0.55235
-85.5051 44.2294 43.7362 -0.832939 -0.00595307 0.553331
-85.4635 43.2401 43.7918 -0.835579 -0.00247353 0.549364
-85.8282 43.4014 43.24 -0.834032 -0.00126627 0.551692
-85.8585 44.4803 43.2058 -0.835273 -0.00715406 0.549788
-85.8287 45.6124 43.2676 -0.836198 -0.00671013 0.548387
-85.7832 46.6643 43.3495 -0.836205 -0.00603047 0.548384
-85.711 47.7433 43.4755 -0.837605 -0.00900996 0.546202
-85.236 48.5119 44.2288 -0.841461 -0.00840233 0.540246
-84.4513 48.606 45.4569 -0.845648 -0.0095245 0.533656
-83.7727 48.6492 46.5381 -0.847588 -0.0100855 0.530558
-83.1645 48.5762 47.5177 -0.850337 -0.0108869 0.526126
-82.5715 47.6823 48.4603 -0.850099 -0.00802551 0.526561
-82.5176 46.4529 48.5287 -0.851466 -0.00842664 0.524342
-82.5105 45.4013 48.5204 -0.852422 -0.0102189 0.522754
-82.5161 44.3883 48.4918 -0.852053 -0.0119917 0.523315
-82.5228 42.9267 48.4447 -0.851259 -0.012603 0.524595
-82.5487 41.3933 48.3728 -0.856203 -0.0139912 0.516449
-82.5999 40.0166 48.2506 -0.853826 -0.0122385 0.520392
-83.4912 39.4388 46.7991 -0.849525 -0.00801759 0.527487
-84.0642 39.4318 45.9175 -0.837644 -0.00033555 0.546217
-84.7551 39.4903 44.8668 -0.832852 -0.00161235 0.553493
-85.52 39.8422 43.7202 -0.831498 -0.0021947 0.555524
-85.7733 40.9379 43.3372 -0.832423 0.00324401 0.55413
-85.8155 42.2917 43.266 -0.833014 0.00309106 0.553244
-85.8246 42.8112 43.2492 -0.832984 0.00337384 0.553286
-86.2673 42.6555 42.5839 -0.832715 0.00354157 0.553691
-86.3159 41.6567 42.5169 -0.83246 0.00348744 0.554074
-86.1355 39.7607 42.7984 -0.831507 0.00217968 0.555507
-85.8122 38.789 43.279 -0.831138 -0.00215517 0.556062
-85.0564 38.6633 44.4111 -0.832888 -0.00133744 0.55344
-84.4886 38.6327 45.2664 -0.835357 -0.000898721 0.549692
-83.9426 38.7068 46.1035 -0.837718 -0.000667974 0.546103
-83.264 38.7401 47.1562 -0.848158 -0.0102338 0.529625
-82.3489 38.9754 48.6422 -0.852616 -0.00800883 0.522475
-82.13 39.8957 49.0281 -0.856698 -0.0128598 0.515657
-82.0737 41.4743 49.1627 -0.854816 -0.00836466 0.518823
-82.0723 42.7762 49.1719 -0.852113 -0.00758522 0.523276
-82.0874 44.4513 49.1902 -0.851588 -0.0139048 0.524028
-82.0973 45.5221 49.1967 -0.852837 -0.0108667 0.522064
-82.1075 46.5374 49.1979 -0.853107 -0.00648674 0.52169
-82.1371 47.6234 49.1599 -0.850914 -0.00636058 0.525259
-82.295 48.9397 48.9291 -0.849842 -0.0110128 0.526923
-82.8654 49.2767 48.0156 -0.850339 -0.0109535 0.526122
-83.6643 49.3554 46.7261 -0.850338 -0.0109456 0.526124
-84.3496 49.4205 45.6341 -0.845254 -0.0112206 0.534247
-84.9444 49.3707 44.6917 -0.843221 -0.00844758 0.53748
-85.6308 49.378 43.6283 -0.838404 -0.0111248 0.544935
-86.1315 48.4016 42.8411 -0.837407 -0.00952269 0.546497
-86.2278 47.4054 42.679 -0.83626 -0.00549629 0.548306
-86.1901 46.059 42.7219 -0.836177 -0.00648496 0.548421
-86.2365 44.89 42.6365 -0.836523 -0.00696971 0.547887
-86.2359 43.7482 42.6242 -0.834818 -0.00135122 0.550489
-86.2364 43.5031 42.6251 -0.832762 0.00354227 0.55362
