54.4754 -43.8291 96.5575 0.8362 0.0191075 0.548092
54.8221 -42.6278 95.9981 0.841805 0.00851916 0.539556
55.0685 -43.3969 95.6306 0.842763 0.0166672 0.538006
55.0696 -44.4593 95.6568 0.840569 0.0142434 0.541518
54.7963 -45.2148 96.0885 0.839946 -0.000270094 0.54267
54.5053 -44.2629 96.527 0.838251 0.0165987 0.545013
54.1321 -44.0429 97.0888 0.834139 0.0170846 0.551272
54.1709 -45.1522 97.0574 0.836231 0.00605343 0.548263
54.4409 -46.1819 96.6396 0.840645 0.000333045 0.541587
55.129 -46.0091 95.5725 0.844327 -0.00615979 0.535704
55.4475 -44.8173 95.0796 0.840448 0.00704056 0.541799
55.4473 -43.3371 95.0297 0.844956 0.0191446 0.534493
55.366 -42.248 95.1204 0.844656 0.0177416 0.535015
54.8448 -41.6464 95.9346 0.848007 0.0144956 0.529787
54.2648 -42.0532 96.8439 0.835662 0.00226195 0.549239
54.1248 -43.5377 97.0823 0.836218 0.0189596 0.548069
54.1132 -43.769 97.108 0.8362 0.0191075 0.548092
53.7202 -43.6985 97.6976 0.832126 0.0149774 0.554384
53.7486 -44.7848 97.6832 0.831947 0.0114592 0.554737
53.8125 -46.1809 97.6149 0.836311 0.00557292 0.548147
54.1718 -46.9618 97.0587 0.840749 0.00136259 0.541423
54.7465 -47.0386 96.1664 0.840809 0.00130791 0.54133
55.4336 -46.7957 95.0764 0.848934 0.00917445 0.528419
55.7154 -46.0322 94.6312 0.84895 -0.0121269 0.528333
55.8166 -44.8215 94.4768 0.85746 0.00245313 0.514542
55.843 -43.1663 94.3979 0.844984 0.0185101 0.534471
55.6741 -41.3808 94.6126 0.840676 0.0022082 0.541462
55.1498 -40.8909 95.4555 0.845819 -0.016645 0.53321
54.56 -40.897 96.3915 0.841986 -0.00990862 0.539314
53.9806 -41.145 97.2651 0.832567 -0.00126315 0.553876
53.727 -42.6886 97.6626 0.831103 0.00432793 0.556092
53.7234 -42.9233 97.6718 0.831247 0.0163846 0.555658
53.3176 -42.7331 98.2708 0.829927 0.0103105 0.557728
53.3583 -41.2823 98.2028 0.831018 0.00414828 0.55622
53.6634 -40.3451 97.7526 0.831803 -0.00818817 0.55501
54.2773 -40.1715 96.8302 0.837579 -0.00351888 0.546305
54.9084 -40.132 95.8623 0.841728 -0.0103748 0.53971
55.4736 -40.1659 94.9601 0.847997 -0.0144865 0.529802
56.0101 -40.6586 94.0944 0.843978 -0.0035525 0.536365
56.1969 -41.8771 93.8061 0.844384 0.00600929 0.535701
56.2214 -42.9705 93.788 0.851934 0.0112917 0.523401
56.1989 -43.991 93.8327 0.857603 0.00511887 0.514287
56.1818 -45.0361 93.868 0.858475 0.000541835 0.512854
56.1329 -46.4199 93.9502 0.853657 -0.0062022 0.520694
55.9055 -47.5028 94.3182 0.859112 -0.00795222 0.511726
55.2784 -47.7732 95.3417 0.845039 0.00455748 0.534622
54.7157 -47.7963 96.2161 0.840655 0.00134743 0.54157
54.1209 -47.7553 97.1395 0.837597 -0.00235151 0.546242
53.6003 -47.4449 97.9307 0.8344 -0.00552393 0.551132
53.3988 -46.5076 98.2223 0.821421 0.00256779 0.570307
53.3421 -45.5036 98.3055 0.822179 -0.000710043 0.569229
53.3222 -43.8087 98.2979 0.830857 0.0165387 0.556234
53.3181 -43.3086 98.2883 0.829961 0.0173937 0.55755
52.911 -43.1969 98.89 0.829889 0.0165336 0.557682
52.9283 -44.4341 98.8995 0.816646 0.0120484 0.577011
52.9409 -45.4991 98.885 0.822179 -0.000710043 0.569229
52.9692 -46.6774 98.8425 0.821635 0.00453445 0.569995
53.1976 -48.2083 98.5292 0.827114 -0.000470458 0.561898
53.7457 -48.5075 97.703 0.834083 0.00405981 0.551623
54.3505 -48.5466 96.7858 0.838488 0.00289326 0.544897
54.9153 -48.5354 95.9098 0.840728 0.00498917 0.541435
55.8434 -48.5066 94.4054 0.858892 -0.0119152 0.512017
56.3401 -48.1457 93.5781 0.859894 -0.00814193 0.510407
56.5062 -46.8512 93.3186 0.860111 -0.00564305 0.510071
56.5408 -45.8117 93.2652 0.859915 -0.00104936 0.510435
56.5512 -44.336 93.2456 0.858383 0.00157087 0.513004
56.5795 -42.8606 93.1927 0.857891 0.00118781 0.513829
56.5781 -41.5156 93.1833 0.856331 0.0024667 0.516409
56.5197 -40.272 93.2889 0.853098 -0.00501372 0.521619
56.0823 -39.5582 93.9977 0.84974 -0.0124877 0.527053
55.2554 -39.4138 95.3288 0.845652 -0.00612161 0.533645
54.6345 -39.4178 96.2877 0.837691 -0.00465006 0.546125
54.0066 -39.4331 97.2494 0.831884 0.00304657 0.554798
53.1873 -39.7977 98.4454 0.82343 0.00622608 0.567381
52.9213 -40.8354 98.8418 0.82606 0.00538157 0.563555
52.9174 -42.5663 98.8623 0.829126 0.00910661 0.558941
52.4609 -42.5666 99.5398 0.828374 0.0117571 0.560044
52.4973 -44.0104 99.5013 0.825717 0.00101895 0.564074
52.5305 -46.0357 99.4724 0.821512 0.000811553 0.57018
52.5505 -47.1989 99.4505 0.822822 0.00344437 0.568289
52.5929 -48.2496 99.3998 0.821366 0.00776736 0.570345
53.1471 -49.1866 98.6049 0.826642 0.000304819 0.562728
53.8203 -49.3949 97.597 0.835217 0.00324073 0.549901
54.4183 -49.3942 96.6841 0.836537 0.00111282 0.547909
54.9807 -49.4029 95.8161 0.848016 -0.00388696 0.529684
55.5901 -49.4101 94.8093 0.857274 -0.0127699 0.514691
56.1038 -49.3795 93.9448 0.862024 -0.0176291 0.50656
56.6297 -49.2584 93.0541 0.862286 -0.0173564 0.506124
56.8348 -48.1969 92.7415 0.861285 -0.0126273 0.507941
56.9866 -46.8693 92.5066 0.860578 -0.00366069 0.509306
57.0156 -45.8179 92.4653 0.860269 -0.00240499 0.509832
57.0162 -44.6959 92.4665 0.859946 -0.000725722 0.510385
57.0137 -43.1598 92.4684 0.858266 0.00345366 0.513192
57.0724 -42.1275 92.3647 0.860287 0.00241274 0.509802
57.0004 -41.1097 92.4778 0.861482 -9.71903e-05 0.507764
57.0016 -39.533 92.4917 0.861693 -0.00637938 0.507389
56.5244 -38.8396 93.2951 0.856088 -0.00213108 0.516826
55.9986 -38.4503 94.1586 0.849262 -0.0121162 0.527828
55.4427 -38.5381 95.0371 0.842688 -0.00081541 0.538402
54.8457 -38.5891 95.9714 0.840188 -0.00326743 0.542261
54.2508 -38.6252 96.8747 0.826526 0.0112319 0.562786
53.3552 -38.4863 98.1853 0.823954 0.00805225 0.566594
52.7915 -38.9122 99.0005 0.816203 0.0185034 0.577465
52.4988 -39.8569 99.4493 0.821895 0.0138806 0.569387
52.4914 -41.459 99.4788 0.825665 0.00645299 0.564124
52.4927 -41.5175 99.4775 0.82712 0.00697325 0.561976
52.4566 -42.1866 99.5398 0.828991 0.00836385 0.559199
