54.2292 43.8593 96.5727 0.801964 0.00134745 0.597371
54.6731 42.9466 95.9788 0.80198 0.00313918 0.59734
54.7689 43.8182 95.8489 0.801501 0.000789674 0.597992
54.8511 44.8153 95.7385 0.800852 -0.00472029 0.598843
54.2556 44.3389 96.5362 0.801701 0.0010431 0.597724
53.8248 43.9298 97.1155 0.800115 0.00232967 0.599833
53.8668 45.0917 97.0533 0.797716 0.00185416 0.603028
54.3484 45.9128 96.4152 0.798123 0.000504588 0.602494
55.0838 45.5704 95.4332 0.800861 -0.00418993 0.598836
55.3403 44.5073 95.0816 0.801345 -0.00195936 0.598192
55.3154 43.131 95.1012 0.808398 -0.00710237 0.588593
55.1352 42.0968 95.3567 0.806859 0.00453954 0.590712
54.5346 41.924 96.1718 0.804825 0.00211295 0.593508
53.9471 42.4352 96.9578 0.801899 0.00502264 0.597438
53.8237 43.7625 97.1172 0.801905 0.00129429 0.59745
53.8184 43.8146 97.1243 0.801964 0.00134745 0.597371
53.3888 43.5536 97.6951 0.798158 0.00310818 0.60244
53.3895 44.5602 97.6889 0.798262 0.0033503 0.602301
53.4675 45.7208 97.5803 0.797133 0.00046668 0.603804
53.8492 46.6893 97.0755 0.797493 0.000708063 0.603328
54.4866 46.8027 96.2312 0.799187 0.00997042 0.600927
55.1381 46.7313 95.365 0.802228 0.0220051 0.596591
55.7157 45.9076 94.5674 0.810847 -0.000666322 0.585258
55.7868 44.8833 94.4682 0.810882 -3.6819e-05 0.58521
55.794 43.8484 94.453 0.80904 -0.00779758 0.587702
55.7432 42.2389 94.5168 0.808533 0.0049626 0.588425
55.414 41.275 94.9813 0.804888 0.00288467 0.593419
54.3915 41.1339 96.3686 0.804789 0.00287297 0.593553
53.5226 41.7133 97.508 0.787283 -0.00398954 0.616578
53.4013 43.2296 97.6802 0.794637 -0.0052348 0.606978
52.9416 43.1684 98.2735 0.791068 -0.0137691 0.611573
52.9478 42.1186 98.2426 0.788956 -0.00803404 0.614367
53.0481 41.0771 98.1153 0.788149 0.00401825 0.615472
54.0857 40.3538 96.7832 0.797007 4.30376e-05 0.603887
54.7067 40.2888 95.9462 0.803083 0.000113383 0.595867
55.3599 40.3205 95.0606 0.806572 0.00262943 0.591121
55.972 40.5424 94.2192 0.808479 0.00175919 0.588522
56.2012 41.4503 93.8912 0.812243 0.00415332 0.583297
56.2272 42.7778 93.848 0.808364 9.0663e-05 0.588675
56.2423 43.8909 93.8365 0.81013 -0.00430421 0.586222
56.2292 45.3975 93.8551 0.810973 -0.000148704 0.585083
56.0806 46.749 94.0414 0.814913 0.0123997 0.579451
55.6587 47.3849 94.6162 0.81372 0.0180615 0.580976
54.7685 47.6254 95.829 0.802228 0.0220051 0.596591
54.0882 47.6178 96.7355 0.799529 0.0195396 0.600309
53.4716 47.5211 97.5703 0.800187 0.00908406 0.599616
53.0136 46.421 98.1785 0.796562 0.00216026 0.60455
52.9525 45.3048 98.2636 0.79808 0.00338984 0.602541
52.942 44.2052 98.2834 0.798001 0.0031636 0.602648
52.9465 43.7326 98.28 0.794573 -0.00540814 0.607058
52.4882 43.7736 98.8669 0.779905 -0.0058028 0.625803
52.4759 42.6554 98.8584 0.783153 -0.013411 0.621684
52.4639 41.5004 98.8395 0.772621 -0.0141303 0.634496
52.5386 40.3599 98.7459 0.766025 -0.00467443 0.642793
53.4807 39.5341 97.5652 0.789269 0.000975772 0.614045
54.2147 39.5486 96.6134 0.800789 0.00442132 0.598874
55.218 39.5058 95.259 0.805403 0.00952145 0.592629
55.8302 39.5424 94.4185 0.808338 0.0073995 0.588672
56.4432 39.749 93.574 0.814922 0.00379029 0.579439
56.6523 40.7784 93.2679 0.821609 0.0034733 0.57004
56.6709 42.3086 93.2295 0.81772 0.00150667 0.575602
56.6892 43.4842 93.2102 0.818642 -0.00111894 0.574293
56.6909 44.522 93.2061 0.820556 0.00276516 0.571554
56.6618 45.8971 93.2325 0.821243 0.00991036 0.570492
56.6125 47.0939 93.2812 0.822342 0.0121898 0.568859
56.3548 48.131 93.6265 0.810256 0.0103797 0.585984
55.5097 48.3991 94.7917 0.808845 0.0222094 0.587554
54.8761 48.4397 95.6492 0.804307 0.0247886 0.593696
54.2637 48.4627 96.4747 0.801793 0.0174024 0.597334
53.6362 48.4374 97.3242 0.803927 0.0154809 0.594526
53.0191 48.3485 98.1611 0.801114 0.0188509 0.598196
52.5318 47.1495 98.7843 0.777366 0.00846422 0.628991
52.4939 46.0458 98.8442 0.77769 0.0060716 0.628617
52.4857 44.9044 98.8632 0.778034 0.00498204 0.628202
52.4883 44.2176 98.8656 0.777355 0.00342227 0.629049
51.919 44.3334 99.5664 0.775785 0.00183176 0.630994
51.928 43.1252 99.5589 0.77964 -0.00576861 0.626125
51.8999 41.9083 99.5578 0.778224 -0.0270555 0.627403
51.8441 40.6339 99.5722 0.770966 -0.0158641 0.63648
51.9966 39.3995 99.3685 0.762391 -0.0205998 0.646789
52.5593 38.8029 98.6849 0.765794 -0.0251234 0.642595
53.3717 38.6128 97.7093 0.777044 -0.00968114 0.628933
54.0147 38.594 96.8784 0.796422 0.00215803 0.604737
55.0378 38.6217 95.5179 0.805464 0.00931936 0.592548
55.6465 38.6176 94.6822 0.808348 0.00721871 0.588661
56.2547 38.6409 93.8463 0.81513 0.00327603 0.579144
56.9755 38.9922 92.8073 0.822056 -0.000286877 0.569407
57.1409 40.0088 92.5679 0.821773 0.00170421 0.56981
57.1698 41.164 92.521 0.820249 0.000719521 0.572006
57.1767 42.1983 92.5098 0.820711 -0.00060964 0.571341
57.2052 43.3469 92.47 0.822633 0.00190364 0.568569
57.212 44.5256 92.4562 0.822042 0.00351194 0.569413
57.2371 45.6666 92.4075 0.821875 0.00935744 0.56959
57.1921 46.6722 92.4514 0.822921 0.0137556 0.567989
57.0647 48.1802 92.6129 0.824323 0.00178046 0.566111
56.6719 49.1337 93.1701 0.815937 0.0089118 0.57798
56.0262 49.3905 94.0514 0.804664 0.0156199 0.593512
55.1811 49.4645 95.1963 0.806508 0.019118 0.590903
54.5342 49.2832 96.0879 0.806599 0.0147801 0.590911
53.8255 49.3074 97.0436 0.802091 0.0128881 0.597062
53.2026 49.3608 97.8835 0.802009 0.0181692 0.597026
52.502 49.3017 98.8169 0.789618 0.00519959 0.613237
51.8508 47.9319 99.614 0.778132 0.00185346 0.628053
51.8838 46.7596 99.5885 0.776207 0.00733148 0.630436
51.9092 45.5441 99.5714 0.776674 0.00614897 0.629872
51.9179 44.8188 99.5664 0.776463 0.00339582 0.63015
