-29.8876 43.7877 34.6288 -0.611651 0.000544956 0.791127
-29.277 44.3011 35.0999 -0.612054 0.0021188 0.79081
-29.1662 43.5854 35.1887 -0.614118 0.00267927 0.78921
-29.4866 43.6014 34.9392 -0.613089 0.00175136 0.79001
-29.6396 42.9224 34.8223 -0.616262 0.00560176 0.78752
-30.6215 43.4114 34.0464 -0.632392 -0.00094669 0.774645
-30.5594 44.5116 34.1067 -0.633585 -0.00924187 0.773618
-29.7561 45.041 34.7273 -0.6119 0.00637548 0.790909
-28.735 44.9424 35.505 -0.595507 0.00713867 0.803216
-28.1139 44.1872 35.9848 -0.595706 0.0186303 0.802986
-28.7939 42.8985 35.4817 -0.613726 0.0054167 0.7895
-29.0568 42.8836 35.2777 -0.61435 0.00628665 0.789007
-29.1649 42.1939 35.1989 -0.615442 0.00576612 0.788156
-30.2068 42.3092 34.3808 -0.619438 -0.000227707 0.785027
-31.0989 42.8372 33.6577 -0.632113 0.00477209 0.774861
-31.2437 43.999 33.5396 -0.636404 -0.00581426 0.771326
-31.1181 45.0608 33.6555 -0.635216 -0.00949636 0.772276
-30.3204 45.6633 34.2852 -0.617489 0.00595312 0.78653
-29.1411 45.7076 35.2021 -0.614848 0.000116559 0.788645
-28.2051 45.6121 35.8994 -0.593303 -0.00409322 0.804969
-27.5297 44.2533 36.404 -0.575203 0.00839564 0.817968
-27.8373 42.4772 36.2 -0.585226 -0.00242331 0.810768
-28.718 42.2193 35.5458 -0.604325 -0.00195854 0.796611
-29.0163 41.5145 35.3169 -0.605319 -0.0071414 0.795829
-28.0781 41.573 36.0112 -0.594199 -0.00604539 0.804287
-27.1529 42.2577 36.6816 -0.568335 -0.00186241 0.822745
-26.947 43.4165 36.8219 -0.574576 0.00559696 0.818429
-26.963 44.5524 36.7976 -0.570933 0.0116176 0.820915
-27.1564 45.8736 36.6555 -0.57125 -0.00147198 0.820774
-27.9701 46.3571 36.0691 -0.584529 0.00527477 0.811356
-28.8621 46.3947 35.4201 -0.603614 -0.00261023 0.797153
-30.2369 46.4031 34.3454 -0.616907 0.00134736 0.787035
-31.0505 46.3416 33.7028 -0.621007 0.000106735 0.783804
-31.7469 45.0516 33.1383 -0.643102 -0.00916735 0.765655
-31.8049 43.663 33.0731 -0.649216 -0.00424789 0.760576
-31.768 42.6105 33.112 -0.633163 0.00533625 0.774
-31.1516 41.6961 33.618 -0.628504 -0.00619534 0.777781
-30.1656 41.5855 34.4091 -0.621383 -0.00527453 0.783489
-29.1636 41.5179 35.2018 -0.618099 -0.00865213 0.786041
-29.3311 40.8429 35.061 -0.615884 -0.0123325 0.78774
-30.4231 40.8998 34.1998 -0.624673 -0.00610854 0.78085
-31.2493 40.9365 33.533 -0.629657 -0.00744569 0.776836
-32.1728 41.4031 32.7772 -0.648977 0.000311495 0.760787
-32.3512 43.0721 32.6107 -0.649861 0.00660526 0.760025
-32.3429 44.0974 32.6163 -0.649216 -0.00424789 0.760576
-32.3383 45.1191 32.6318 -0.65107 -0.00858855 0.758969
-32.0142 46.8579 32.9348 -0.639706 -0.00703618 0.768253
-30.8788 47.1033 33.8387 -0.621325 0.000590871 0.78355
-29.7866 47.1328 34.6971 -0.616907 0.00134736 0.787035
-28.9259 47.0995 35.3729 -0.60844 -0.00210853 0.793486
-27.9204 47.0937 36.1051 -0.584464 -0.0107461 0.811349
-26.961 46.9628 36.7946 -0.581868 -0.00869061 0.813227
-26.4618 46.0181 37.1396 -0.571576 -0.00221041 0.820546
-26.3862 44.5682 37.1983 -0.571024 0.0111439 0.820858
-26.3515 43.4621 37.2192 -0.535409 -0.000226791 0.844513
-26.4379 42.1085 37.165 -0.560465 -0.00537082 0.82816
-26.8057 41.2762 36.9102 -0.561361 -0.00592649 0.82755
-27.8275 40.8818 36.1943 -0.586065 -0.0089725 0.810125
-28.7268 40.8347 35.5289 -0.594815 -0.00264534 0.803859
-28.8269 40.8313 35.4549 -0.605319 -0.0071414 0.795829
-28.6042 40.1434 35.6177 -0.605304 -0.00769808 0.795828
-27.7331 40.1564 36.2469 -0.578554 -0.0166537 0.815474
-26.8805 40.2206 36.8517 -0.569187 -0.0113423 0.822051
-26.0234 40.7482 37.432 -0.549202 -0.0120802 0.835602
-25.7928 41.7523 37.5972 -0.528583 0.00881872 0.848795
-25.7456 43.327 37.6055 -0.534172 0.0109916 0.845304
-25.7863 44.3526 37.5901 -0.53561 -0.0123351 0.844376
-25.8084 45.3668 37.5917 -0.550833 -0.00944675 0.834238
-25.8818 46.585 37.5422 -0.570764 -0.00641244 0.821071
-26.2515 47.5234 37.2995 -0.5706 -0.0147929 0.821095
-27.097 47.8075 36.7049 -0.579207 -0.0067604 0.815152
-28.1952 47.8492 35.9164 -0.59234 -0.00244224 0.805629
-29.2012 47.8066 35.1637 -0.60844 -0.00210853 0.793486
-30.0182 47.8416 34.5235 -0.617907 -0.00976289 0.786189
-31.3735 47.8268 33.448 -0.625602 -0.0147754 0.780002
-32.2576 47.7174 32.7404 -0.639089 -0.0072154 0.768766
-32.7953 46.97 32.2589 -0.655341 -0.0155714 0.755173
-32.8603 45.8481 32.1855 -0.653932 -0.00322499 0.756546
-32.8881 44.5034 32.1529 -0.649563 -0.00434719 0.76028
-32.9214 42.8748 32.1248 -0.648769 0.00349631 0.76097
-32.8273 41.3546 32.2169 -0.650724 0.00500824 0.759298
-32.0778 40.251 32.8519 -0.63857 -0.00586522 0.769457
-30.4944 40.1887 34.1366 -0.629171 -0.00792553 0.777224
-29.4648 40.1585 34.9451 -0.616217 -0.0130952 0.787468
-29.2092 40.1533 35.1449 -0.615905 -0.0130801 0.787712
-29.2597 39.4639 35.1049 -0.614018 0.00811772 0.78925
-30.1754 39.4778 34.393 -0.620153 0.0044429 0.784415
-31.1609 39.4828 33.5944 -0.63223 0.00449504 0.774768
-32.0896 39.4885 32.8373 -0.636944 -0.000791338 0.770862
-32.9669 39.6905 32.0955 -0.647246 -0.00232609 0.762278
-33.3934 40.8517 31.7345 -0.649762 0.000306717 0.760132
-33.4676 42.4603 31.6602 -0.650625 0.00487041 0.759383
-33.4417 43.5501 31.6795 -0.652062 0.000455936 0.758165
-33.4402 44.9478 31.682 -0.651655 -0.00291403 0.75851
-33.4321 46.1156 31.6928 -0.654629 0.000226176 0.755939
-33.3989 47.1973 31.7335 -0.659757 -0.0109335 0.751399
-33.159 48.3155 31.9635 -0.65709 -0.0190818 0.753547
-31.8355 48.5941 33.0915 -0.629978 -0.00934872 0.776522
-31.048 48.5732 33.7229 -0.621499 -0.0118868 0.783303
-30.2595 48.5508 34.3422 -0.614853 -0.00731593 0.788596
-29.4056 48.5287 35.0058 -0.608419 0.00167075 0.793556
-28.3211 48.5833 35.821 -0.600429 0.00431896 0.799659
-27.1794 48.5919 36.6513 -0.58426 -0.0151822 0.811332
-26.0237 48.4398 37.4749 -0.56227 -0.00913863 0.826508
-25.3392 47.762 37.9108 -0.533841 0.00237252 0.845581
-25.2516 46.5574 37.9643 -0.531921 -0.00664831 0.846756
-25.1823 45.2743 37.9841 -0.533231 -0.0146856 0.845833
-25.1564 43.9182 37.9813 -0.530831 -0.012517 0.84738
-25.1274 42.6721 37.9991 -0.52208 0.00403572 0.852886
-25.1923 41.2213 37.9683 -0.522199 0.00515654 0.852808
-25.5905 39.8852 37.7045 -0.54811 -0.00809242 0.836356
-26.5597 39.506 37.062 -0.55591 -0.00776881 0.831189
-27.4524 39.4652 36.44 -0.578025 0.00476323 0.816005
-28.3617 39.4538 35.7947 -0.589925 -0.000582772 0.807322
-28.7136 39.4557 35.5303 -0.607595 0.00056856 0.794167
-28.9814 38.6424 35.3223 -0.60046 -0.00619294 0.799631
-28.058 38.6538 36.016 -0.589146 -0.000294166 0.807884
-27.1076 38.6673 36.681 -0.559816 -0.0112861 0.82854
-26.1627 38.6997 37.3198 -0.555561 -0.00789654 0.831415
-25.3253 38.8181 37.8698 -0.528981 -0.0177774 0.848448
-24.6232 40.0037 38.3191 -0.514086 -0.00222624 0.857731
-24.5327 41.0685 38.373 -0.518511 0.00210262 0.855053
-24.4512 42.509 38.4141 -0.525469 0.000851538 0.850791
-24.6009 44.1897 38.3307 -0.530143 -0.00975575 0.847849
-24.4265 45.3819 38.4596 -0.529904 -0.0156293 0.847913
-24.5703 46.9708 38.3922 -0.523755 -0.00874161 0.851824
-24.5409 48.0036 38.4127 -0.532642 -0.000690369 0.846335
-25.3397 49.0966 37.9139 -0.533262 -0.00371503 0.845942
-26.2754 49.3316 37.3079 -0.543712 0.00555218 0.839253
-27.1771 49.3723 36.6779 -0.592641 -0.0120443 0.805148
-28.4768 49.297 35.6972 -0.602297 0.00568903 0.798249
-29.3575 49.4132 35.0345 -0.603266 0.0103873 0.797462
-30.278 49.3841 34.328 -0.608403 0.00732776 0.793587
-31.1584 49.3764 33.6443 -0.614323 -0.00273497 0.789043
-31.9942 49.3273 32.9652 -0.633303 -0.00378757 0.773894
-33.3988 49.2073 31.7776 -0.666329 -0.0177376 0.745127
-33.943 48.5139 31.2646 -0.677667 -0.00502112 0.735335
-33.9844 47.2344 31.2214 -0.658289 -0.00883412 0.752713
-34.0999 45.3392 31.1136 -0.656133 0.00354578 0.754637
-34.0953 44.3136 31.1174 -0.651252 -0.00340425 0.758854
-34.0895 43.0985 31.1244 -0.65026 0.00411652 0.759701
-34.1013 41.8947 31.1209 -0.650391 0.00434731 0.759587
-33.9958 40.0942 31.2164 -0.658596 -0.00314936 0.75248
-33.3858 38.8785 31.7368 -0.664594 -0.0141206 0.747071
-32.4994 38.7049 32.4879 -0.642395 -0.00571901 0.766352
-31.6061 38.662 33.2362 -0.637324 -0.000288031 0.77055
-30.7167 38.6218 33.9589 -0.626774 0.00149274 0.779199
-29.88 38.6116 34.6318 -0.620262 0.00506069 0.784326
-29.2638 38.6424 35.1104 -0.606887 0.00115364 0.79471
