-77.0864 34.0052 68.0283 -0.836344 -0.00560924 0.548177
-76.6722 33.7836 68.6549 -0.834849 -0.0069805 0.550434
-76.4538 34.721 69.0017 -0.836509 -0.00991347 0.547863
-76.976 34.6239 68.203 -0.836295 -0.008257 0.548212
-77.2055 35.4574 67.8698 -0.835971 -0.011311 0.548657
-77.524 34.5809 67.3664 -0.836266 -0.00846282 0.548251
-77.3119 33.2429 67.6763 -0.837474 -0.00749315 0.546419
-76.6972 32.814 68.6054 -0.834977 -0.00758997 0.550233
-76.124 33.6215 69.4874 -0.837151 -0.00850606 0.546904
-76.0421 34.7477 69.6309 -0.837131 -0.00890415 0.546929
-76.4145 35.6961 69.0795 -0.832762 -0.00477717 0.553611
-77.0398 35.6639 68.1263 -0.835983 -0.0109089 0.548646
-77.126 35.5945 67.9938 -0.83584 -0.0112508 0.548858
-77.4141 36.1667 67.5667 -0.83734 -0.00917208 0.546602
-76.9114 36.5704 68.34 -0.836127 -0.00774045 0.548481
-76.3188 36.5139 69.2312 -0.832779 -0.00523332 0.553581
-75.8802 35.8477 69.8837 -0.830354 -0.0036907 0.557224
-75.5881 34.4726 70.3145 -0.831525 0.000828163 0.555487
-75.7474 33.179 70.059 -0.837824 -0.0081157 0.54588
-76.3036 32.2656 69.1951 -0.835245 -0.00711407 0.549831
-76.8612 31.9815 68.344 -0.836931 -0.0101037 0.547214
-77.5461 32.5089 67.3031 -0.838521 -0.00925048 0.54479
-77.9269 33.6496 66.7368 -0.838411 -0.00918381 0.544961
-77.8261 35.388 66.9202 -0.83908 -0.00890654 0.543934
-77.4213 36.1559 67.5555 -0.838341 -0.00911458 0.545069
-77.6828 36.7529 67.1638 -0.838178 -0.0099834 0.545305
-78.2839 35.4605 66.2151 -0.838626 -0.00797781 0.544647
-78.3475 34.0511 66.0983 -0.836955 -0.00863997 0.547202
-78.221 32.7962 66.2705 -0.837252 -0.00954761 0.54673
-77.9101 31.93 66.7336 -0.837956 -0.00806002 0.545678
-77.0121 31.2101 68.099 -0.836981 -0.00979155 0.547144
-76.451 31.2855 68.9581 -0.836136 -0.00706814 0.548477
-75.898 31.8077 69.8067 -0.835693 -0.00667965 0.549156
-75.4773 32.5577 70.4635 -0.83753 -0.00856447 0.546322
-75.1366 34.3026 70.9902 -0.832918 0.00127565 0.553394
-75.4459 36.0206 70.532 -0.830554 -0.00358047 0.556927
-75.88 36.9459 69.8901 -0.830511 -0.00159428 0.556998
-76.4988 37.4379 68.9658 -0.832184 -0.00256323 0.554492
-77.5095 36.9944 67.4343 -0.836127 -0.00774045 0.548481
-77.5364 36.9727 67.3929 -0.83734 -0.00917208 0.546602
-77.5911 37.8151 67.3202 -0.836795 -0.00697211 0.54747
-76.8096 38.1583 68.5051 -0.831205 -0.00387494 0.555953
-76.1727 38.1566 69.4571 -0.831267 -0.00294678 0.555865
-75.4006 37.161 70.6027 -0.82972 -0.00174814 0.558177
-75.0442 36.3091 71.133 -0.830784 -0.00225504 0.55659
-74.7194 34.8231 71.6177 -0.835055 -0.00317005 0.550158
-74.7484 33.7615 71.5753 -0.832709 -0.00113359 0.55371
-74.9184 32.7852 71.3181 -0.833815 -0.00472668 0.552003
-75.5088 31.3272 70.3935 -0.836859 -0.0102434 0.547319
-75.9393 30.6731 69.7303 -0.835691 -0.00607265 0.549166
-76.5456 30.39 68.8023 -0.836772 -0.00642397 0.547514
-77.3244 30.5611 67.6126 -0.837461 -0.00715809 0.54645
-78.0116 31.135 66.566 -0.837934 -0.00777941 0.545716
-78.4235 31.8378 65.9438 -0.837905 -0.0080218 0.545757
-78.7184 33.2211 65.5191 -0.837592 -0.0101041 0.546199
-78.8797 34.3355 65.2885 -0.837455 -0.00647125 0.546468
-78.7305 35.3859 65.5291 -0.837759 -0.00627941 0.546004
-78.54 36.3469 65.8352 -0.837182 -0.0138874 0.546748
-78.1037 37.1264 66.5244 -0.838755 -0.0106896 0.544403
-78.0487 37.2086 66.6104 -0.837831 -0.00871565 0.545857
