75.1395 -19.4432 74.4315 0.84001 -0.0149063 0.542365
75.496 -20.2762 73.8583 0.837599 -0.0171585 0.546016
75.9207 -19.3407 73.2364 0.837431 -0.0174011 0.546266
75.1564 -19.4155 74.4063 0.837241 -0.0172337 0.546562
75.1442 -19.4291 74.4245 0.838443 -0.015202 0.544767
74.9365 -18.7555 74.7631 0.838443 -0.015202 0.544767
74.8019 -20.1948 74.9317 0.840013 -0.0162818 0.542323
75.3029 -21.0657 74.1334 0.838976 -0.0153043 0.543953
75.96 -20.7436 73.1316 0.836305 -0.0164932 0.54801
76.3119 -19.2681 72.639 0.835152 -0.0152335 0.549809
76.0139 -18.4425 73.1221 0.838113 -0.016734 0.54524
75.3633 -18.2904 74.1246 0.836868 -0.0168353 0.547145
75.1856 -18.4775 74.3906 0.836865 -0.0168624 0.547149
75.1002 -17.7113 74.5448 0.836868 -0.0168402 0.547146
75.6913 -17.4982 73.6472 0.837898 -0.0156842 0.545597
76.5565 -18.3597 72.2906 0.838113 -0.016734 0.54524
76.7183 -19.8443 72.0056 0.8353 -0.0150039 0.54959
76.4659 -20.9465 72.3577 0.835015 -0.0156014 0.550006
75.7433 -21.8449 73.43 0.836329 -0.0159031 0.547971
75.1471 -21.8056 74.3508 0.83902 -0.018112 0.543799
74.6399 -21.2525 75.1508 0.839517 -0.0158334 0.543102
74.3126 -20.4487 75.6805 0.83058 -0.0216622 0.556477
74.2894 -19.45 75.7453 0.838726 -0.0145754 0.544358
74.5613 -18.4374 75.3511 0.839549 -0.0137761 0.543108
74.7438 -18.0765 75.0787 0.838197 -0.0156148 0.545137
74.5185 -17.46 75.4423 0.836969 -0.0151685 0.54703
74.1202 -18.2828 76.0333 0.835913 -0.0124431 0.548721
73.8747 -19.5289 76.3712 0.831354 -0.0227028 0.555279
73.8934 -20.5122 76.3031 0.830285 -0.0212401 0.556934
74.3407 -21.8065 75.5895 0.834415 -0.0202522 0.550728
74.9168 -22.4955 74.6797 0.835592 -0.0262914 0.54872
75.6327 -22.6692 73.5759 0.836113 -0.014465 0.548347
76.2861 -22.2168 72.6011 0.833588 -0.0140584 0.552207
76.7761 -21.4511 71.8764 0.834556 -0.0122144 0.550787
77.1636 -19.7994 71.3301 0.835307 -0.0150247 0.549578
77.0407 -18.5606 71.5496 0.835229 -0.0137138 0.549731
76.7623 -17.6092 71.9977 0.836683 -0.0159728 0.547448
76.1032 -16.9427 73.0283 0.838211 -0.0139751 0.545166
75.5465 -16.7301 73.891 0.838985 -0.0147935 0.543953
75.0105 -16.9526 74.7053 0.83687 -0.0168077 0.547144
74.5728 -17.3819 75.3618 0.837053 -0.018136 0.54682
74.337 -16.801 75.7416 0.836879 -0.0189373 0.547059
74.9129 -16.1959 74.8794 0.837765 -0.0181086 0.54573
75.4674 -15.8637 74.037 0.839163 -0.0152566 0.543666
76.1157 -15.8992 73.0355 0.838829 -0.0143062 0.544205
76.5904 -16.4005 72.294 0.836752 -0.0148554 0.54738
77.1097 -17.2192 71.4782 0.836131 -0.0147326 0.548332
77.4731 -18.6477 70.8904 0.835449 -0.0132832 0.549407
77.707 -19.6608 70.5103 0.834328 -0.0139729 0.551091
77.4633 -20.7189 70.8549 0.832988 -0.00923859 0.553214
77.0892 -21.9506 71.3941 0.832431 -0.0112067 0.554015
76.3533 -23.1343 72.4771 0.833371 -0.0120603 0.552583
75.7503 -23.5138 73.3785 0.832169 -0.0141136 0.554333
75.0791 -23.3397 74.3928 0.833447 -0.0221488 0.552139
74.4885 -23.1223 75.3012 0.83605 -0.0272296 0.547976
74.0287 -22.328 76.0412 0.836123 -0.0258275 0.547934
73.6341 -21.4907 76.6592 0.831933 -0.0151106 0.554671
73.4249 -19.7371 77.0374 0.835921 -0.0232599 0.548356
73.5035 -18.5068 76.9694 0.835546 -0.0153709 0.549192
73.9696 -17.2495 76.2879 0.836566 -0.0172696 0.547586
74.0497 -17.0887 76.1714 0.836697 -0.0197336 0.54731
