88.3271 44.1343 54.0733 0.857328 0.00393419 0.514755
88.4429 45.4065 53.8659 0.858533 0.0100497 0.51266
88.716 44.3017 53.4244 0.858089 0.00173554 0.513491
88.7329 43.2072 53.3954 0.858836 1.43342e-05 0.51225
88.4467 42.7404 53.8761 0.859088 0.00100576 0.511827
88.3341 43.7741 54.0644 0.858115 0.00189676 0.513448
88.0007 43.9565 54.6184 0.863266 0.00537177 0.504581
88.0758 42.3159 54.5062 0.870391 0.00626315 0.49232
88.5764 41.5897 53.6609 0.85736 0.0042071 0.51468
89.056 42.5419 52.8545 0.85731 0.00415802 0.514765
89.1154 43.6068 52.7557 0.856223 -0.000807912 0.516606
89.1178 44.8378 52.7471 0.858422 0.0105586 0.512835
88.9271 46.0561 53.0424 0.858608 0.0100858 0.512534
88.4538 46.3988 53.8368 0.861271 2.10618e-05 0.508146
88.0683 45.5655 54.4902 0.859936 0.00502702 0.510345
87.9926 44.4362 54.6281 0.857273 0.00406705 0.514847
87.9921 44.3935 54.6293 0.857328 0.00393419 0.514755
87.6631 44.7485 55.2028 0.869536 0.00531328 0.493841
87.6767 43.6882 55.1916 0.869314 0.00730722 0.494205
87.6951 42.6385 55.1751 0.870391 0.00626315 0.49232
87.7455 41.5603 55.101 0.870396 0.0071726 0.492301
88.2088 40.8795 54.2901 0.868157 0.00579513 0.496238
88.9511 40.8745 53.0495 0.8556 0.00119609 0.517636
89.4086 41.5456 52.2877 0.853574 0.00689043 0.52092
89.4718 43.1799 52.1643 0.854507 0.00352352 0.519399
89.4912 44.2784 52.1339 0.856107 -0.00085485 0.516797
89.468 45.322 52.1512 0.858123 0.0100197 0.513347
89.3862 46.4494 52.2682 0.857979 0.0066881 0.513642
88.9509 47.0508 52.9929 0.860276 0.00133707 0.50982
88.252 47.1419 54.1788 0.861447 0.00053715 0.507847
87.7829 46.7163 54.9881 0.869961 -0.00172746 0.493117
87.6704 45.1433 55.186 0.87003 0.00296045 0.492984
87.3249 45.2084 55.7982 0.871256 0.000804967 0.490828
87.3373 46.3185 55.7743 0.870849 -0.000289125 0.491548
87.6102 47.6002 55.3037 0.871316 -0.00918083 0.490636
88.0972 47.8664 54.4383 0.867081 0.000129988 0.498017
88.8955 47.8563 53.0842 0.861359 0.00285915 0.507988
89.4928 47.6774 52.0801 0.859111 0.00250194 0.511783
89.8013 46.2101 51.5775 0.858075 0.00654278 0.513482
89.8353 45.0246 51.5425 0.858321 0.0103566 0.513008
89.8486 43.7167 51.5412 0.854371 0.00336248 0.519626
89.8212 42.5382 51.6033 0.852847 0.00770699 0.522104
89.7953 41.4158 51.6583 0.851737 0.00643516 0.523928
89.4386 40.2747 52.2488 0.849675 0.00545506 0.527277
88.8454 40.1191 53.2259 0.855529 0.00138196 0.517753
88.2864 40.1325 54.1689 0.863967 0.0101217 0.503407
87.7009 40.2769 55.1862 0.868806 0.00597554 0.495101
87.3623 41.8786 55.7754 0.870343 0.00468865 0.492418
87.3458 42.9521 55.7882 0.870562 0.00800006 0.491994
87.3407 44.0299 55.7792 0.870284 0.00688968 0.492499
87.3339 44.7745 55.7828 0.870602 0.00320171 0.491969
87.0029 44.4615 56.3708 0.87401 0.000318287 0.485875
86.9769 45.6107 56.4186 0.876723 0.000112434 0.480995
86.9939 46.6791 56.3876 0.876396 0.00063375 0.481591
87.0719 47.8264 56.266 0.871599 -0.0100413 0.490116
87.7312 48.5534 55.1009 0.873357 -0.00589292 0.487046
88.5742 48.6201 53.6251 0.861708 0.00211069 0.507399
89.1305 48.6045 52.6828 0.860122 0.00304431 0.510076
89.9599 48.3238 51.2938 0.858637 0.00350738 0.512571
90.1659 46.983 50.9622 0.85516 0.00487269 0.518335
90.1888 45.8157 50.9394 0.856458 0.00791024 0.516154
90.2011 44.7997 50.94 0.855754 0.0115586 0.517253
90.222 43.7647 50.9445 0.845337 0.0172916 0.53379
90.1951 42.7643 50.9962 0.842844 0.00545318 0.53813
90.1997 41.739 51.0008 0.842005 0.00769491 0.539414
90.1777 40.657 51.0494 0.846076 0.00769056 0.532929
89.7735 39.5274 51.716 0.849646 0.00483608 0.527331
89.2364 39.392 52.582 0.852526 0.00297327 0.522644
88.4886 39.4341 53.8411 0.861124 0.0105485 0.508285
87.8719 39.4597 54.9032 0.867059 0.00952468 0.498114
87.3194 39.6367 55.8628 0.868181 0.00379667 0.496223
87.0494 40.5029 56.3395 0.872521 0.00298852 0.488567
87.0075 41.6621 56.4072 0.871962 0.00434023 0.489551
87.0041 42.9243 56.3946 0.871777 0.00837684 0.489831
87.0042 44.3617 56.3693 0.871156 0.00838217 0.490934
87.0041 44.4051 56.3688 0.870602 0.00320171 0.491969
86.6643 44.3929 56.9794 0.873792 0.000500521 0.486273
86.6208 45.4022 57.067 0.874016 -0.00472627 0.485874
86.6129 46.4527 57.0816 0.877113 0.000957427 0.480283
86.6337 47.6025 57.0407 0.874204 -0.00425043 0.485477
86.7762 48.6555 56.8085 0.871575 -0.00954994 0.490169
87.3344 49.2772 55.8233 0.87303 -0.00709012 0.487614
87.8317 49.2845 54.9309 0.873609 -0.0071867 0.486576
88.337 49.5068 54.0221 0.868094 0.000716915 0.496201
88.8735 49.3013 53.114 0.860969 0.00297518 0.508648
89.6121 49.3574 51.8679 0.857647 0.00145988 0.514221
90.1806 49.1929 50.9252 0.855139 0.00137859 0.518392
90.5229 48.4474 50.3672 0.853942 0.00322953 0.520358
90.6315 46.7864 50.1977 0.854323 0.00269131 0.519736
90.6409 45.6992 50.1924 0.855855 0.00608206 0.51718
90.6437 44.4895 50.228 0.848412 0.0293778 0.528521
90.6507 43.3797 50.2783 0.844874 0.0170117 0.534506
90.562 42.3547 50.4256 0.842844 0.00545318 0.53813
90.6251 41.196 50.3447 0.84166 0.00917395 0.539929
90.6214 40.1554 50.3656 0.841478 0.00461376 0.540259
90.2225 38.851 51.0035 0.847431 0.0073402 0.530846
89.6906 38.7067 51.8601 0.849143 0.00706587 0.528115
89.128 38.6785 52.7775 0.858974 0.00622443 0.511967
88.6192 38.5854 53.636 0.861952 0.00796747 0.506926
88.0301 38.723 54.6383 0.865008 0.00819953 0.501679
87.4772 38.749 55.5959 0.866086 0.00511148 0.499869
86.8334 38.9673 56.7234 0.870204 -0.00186426 0.492682
86.6199 39.8611 57.1062 0.871602 -0.00187405 0.49021
86.5983 40.9753 57.1422 0.871959 0.00442707 0.489556
86.6093 42.1637 57.1086 0.871324 0.00578011 0.490675
86.6302 43.3725 57.0521 0.872493 0.00708509 0.488571
86.6299 43.4566 57.0517 0.8732 0.00541104 0.487331
86.651 43.5916 57.0124 0.873478 0.00538301 0.486834
