-76.5072 7.23123 73.0889 -0.848163 -0.00744464 0.529682
-75.929 6.42643 74.0024 -0.847199 -0.00924251 0.53119
-75.577 7.25791 74.5763 -0.848328 -0.0100745 0.529366
-76.1358 7.85082 73.6922 -0.848331 -0.0102144 0.529359
-76.2389 7.78099 73.5265 -0.847909 -0.00766026 0.530086
-76.6416 8.39511 72.9071 -0.844429 -0.015625 0.535428
-76.0092 8.7407 73.916 -0.849393 -0.0118513 0.527628
-75.2651 8.03712 75.0967 -0.847898 -0.0130785 0.529992
-75.1152 6.75316 75.2997 -0.8448 -0.0146365 0.53487
-75.8038 5.4895 74.1821 -0.846567 -0.0117679 0.532152
-76.3795 5.52121 73.2658 -0.847237 -0.0118655 0.531083
-76.8385 6.35642 72.5461 -0.848277 -0.00811753 0.529491
-76.9518 7.35262 72.3796 -0.846467 -0.0130564 0.53225
-76.6811 8.30977 72.8416 -0.845357 -0.0185997 0.533879
-77.1187 8.75966 72.1602 -0.845853 -0.0137246 0.533236
-76.6864 9.36012 72.858 -0.845744 -0.0107889 0.533479
-75.8067 9.58591 74.2614 -0.849622 -0.01293 0.527233
-75.2087 9.1815 75.2153 -0.847646 -0.0135488 0.530375
-74.8125 8.28198 75.823 -0.846623 -0.0134005 0.532024
-74.6501 7.03901 76.0468 -0.845817 -0.0177098 0.53318
-74.8055 5.86289 75.7688 -0.845403 -0.0126725 0.533977
-75.1573 5.02801 75.1969 -0.843752 -0.00944109 0.536648
-75.8468 4.57744 74.0926 -0.847275 -0.0104245 0.531048
-76.3791 4.60585 73.2458 -0.847259 -0.0120509 0.531043
-76.8933 5.07469 72.4346 -0.847766 -0.0122551 0.530228
-77.2868 6.10652 71.8245 -0.848357 -0.0087495 0.529353
-77.4099 7.55299 71.6556 -0.847237 -0.0135716 0.531023
-77.1878 8.59178 72.0454 -0.847616 -0.0163036 0.530354
-77.4886 9.27113 71.5766 -0.849691 -0.0097048 0.52719
-76.9837 9.97996 72.3964 -0.845713 -0.00771158 0.533581
-76.1677 10.4565 73.7081 -0.847908 -0.0201569 0.52976
-75.3441 10.252 75.0241 -0.849352 -0.0133969 0.527657
-74.6743 9.49017 76.0702 -0.845572 -0.0139881 0.533678
-74.3791 8.56505 76.5177 -0.845968 -0.0118992 0.533101
-74.1511 7.48283 76.8544 -0.845785 -0.0136042 0.533331
-74.1042 6.31586 76.8938 -0.847769 -0.0137045 0.530188
-74.3745 5.45865 76.44 -0.844864 -0.0122428 0.53484
-74.8222 4.41321 75.7144 -0.843646 -0.00765914 0.536845
-75.2763 3.69261 74.99 -0.845693 -0.008899 0.533582
-76.0216 3.71324 73.7986 -0.848061 -0.00971203 0.52981
-76.6558 3.84544 72.785 -0.848231 -0.0130039 0.529467
-77.1642 4.40301 71.9847 -0.848128 -0.0132866 0.529625
-77.6275 5.46046 71.2717 -0.845985 -0.0112406 0.533085
-77.9083 6.70956 70.8498 -0.845204 -0.00977616 0.534355
-77.8832 7.75815 70.9106 -0.845258 -0.0110934 0.534244
-77.7678 8.45695 71.1079 -0.84728 -0.0138459 0.530945
-77.7215 8.61972 71.1875 -0.849705 -0.0135513 0.527075
