-64.464 -44.2562 95.876 -0.896014 0.00129552 0.443919
-64.2223 -45.1588 96.3461 -0.891235 0.00199936 0.453538
-64.109 -43.9211 96.5915 -0.896046 0.00120738 0.443847
-64.2704 -42.645 96.2243 -0.895138 0.019546 0.445361
-64.4435 -43.75 95.9058 -0.897612 0.0103181 0.440665
-64.8116 -43.6082 95.1551 -0.896343 0.0106817 0.443231
-64.7554 -42.5495 95.2426 -0.896373 0.0108649 0.443167
-64.2992 -41.6586 96.1327 -0.893245 0.00953524 0.449469
-63.8989 -42.6271 96.97 -0.894983 0.0198298 0.445659
-63.858 -43.6299 97.0965 -0.896439 0.0150471 0.442878
-63.8543 -44.6296 97.088 -0.894248 -0.00779367 0.447505
-64.0782 -45.954 96.6324 -0.892863 0.0137809 0.449941
-64.6783 -45.8919 95.4526 -0.894727 0.00310826 0.446536
-64.8252 -44.59 95.1444 -0.898015 0.00294448 0.439955
-64.8264 -44.1868 95.1388 -0.897189 0.00688761 0.441575
-65.127 -43.9233 94.5229 -0.898147 0.00378273 0.43968
-65.0931 -45.5772 94.6034 -0.897951 0.00244167 0.440088
-64.9636 -46.6207 94.8733 -0.900267 0.0128501 0.434991
-64.3698 -47.0382 96.1125 -0.895417 0.024487 0.444544
-63.8588 -46.8787 97.1259 -0.892108 0.0266591 0.451009
-63.5943 -45.5024 97.5767 -0.890045 0.0047563 0.455641
-63.5589 -44.4109 97.6625 -0.887249 -0.0074369 0.46123
-63.5617 -43.3835 97.6432 -0.881331 0.0178363 0.472136
-63.5564 -42.3638 97.6048 -0.882309 0.0228181 0.470116
-63.9008 -41.0089 96.9067 -0.891454 0.0120703 0.452947
-64.3931 -40.9106 95.9302 -0.893025 0.010822 0.449875
-64.9224 -41.2194 94.8771 -0.896713 0.00884934 0.442525
-65.0952 -42.6833 94.5587 -0.89634 0.0107142 0.443238
-65.1252 -43.791 94.5253 -0.897307 0.00757705 0.441324
-65.418 -43.4041 93.9234 -0.897307 0.00757705 0.441324
-65.3972 -42.3657 93.9402 -0.896339 0.0107088 0.44324
-65.3284 -41.1702 94.0532 -0.896948 0.00927739 0.442038
-64.791 -40.2357 95.123 -0.896742 0.012111 0.442383
-64.3145 -40.1927 96.0669 -0.892497 0.0118583 0.450897
-63.5252 -40.363 97.6248 -0.888267 0.0189705 0.458864
-63.295 -41.2702 98.0996 -0.889682 0.007279 0.456494
-63.2567 -42.8485 98.1996 -0.884649 0.00939307 0.465994
-63.244 -44.0853 98.2529 -0.880135 0.0129102 0.474548
-63.2636 -45.1208 98.2184 -0.88975 0.00454837 0.45622
-63.3184 -46.2202 98.1508 -0.892679 0.0173926 0.450358
-63.455 -47.3895 97.9449 -0.890126 0.0265172 0.454941
-63.8954 -47.722 97.1033 -0.892108 0.0266591 0.451009
-64.3819 -47.7996 96.1258 -0.896331 0.0218991 0.442843
-65.0949 -47.6512 94.6571 -0.901588 0.0243441 0.431909
-65.356 -46.4656 94.0692 -0.898258 0.00253224 0.43946
-65.4122 -45.378 93.9511 -0.898144 0.00174291 0.439697
-65.4281 -44.3221 93.9111 -0.898105 0.00335397 0.439768
-65.4285 -44.1872 93.9092 -0.898147 0.00378273 0.43968
-65.7088 -44.4735 93.3023 -0.911127 0.00423664 0.412103
-65.6975 -43.4092 93.3137 -0.909345 0.00549491 0.415998
-65.6981 -42.3828 93.3002 -0.910793 0.00641131 0.412813
-65.6893 -41.3719 93.3116 -0.906836 0.00303291 0.421435
-65.6019 -40.2033 93.4759 -0.901343 0.00920198 0.432894
-65.1289 -39.5617 94.4179 -0.896447 0.0140123 0.44293
-64.6592 -39.4402 95.3746 -0.895989 0.00830316 0.4439
-64.0511 -39.451 96.5722 -0.890102 0.00984884 0.455635
-63.4799 -39.4513 97.6622 -0.884589 0.0133974 0.46618
-63.0441 -40.0854 98.5284 -0.877071 0.0275955 0.479303
-62.9609 -41.3464 98.7381 -0.875095 0.0131426 0.483519
-62.9294 -42.5941 98.8017 -0.879875 0.00337896 0.475191
-62.9243 -44.0223 98.8397 -0.876581 0.0115539 0.481114
-62.9747 -45.7741 98.7986 -0.87115 0.0176839 0.490698
-63.0232 -46.8458 98.7507 -0.875612 0.0302948 0.481808
-63.1255 -47.8823 98.6193 -0.890171 0.027144 0.454818
-63.5215 -48.4376 97.8778 -0.890188 0.0273586 0.45477
-64.0021 -48.5059 96.926 -0.896799 0.0192399 0.442018
-64.4726 -48.5322 95.9758 -0.896209 0.0186586 0.443239
-64.9768 -48.4833 94.9504 -0.901202 0.022941 0.432789
-65.589 -48.2927 93.6637 -0.901344 0.0250019 0.432381
-65.6694 -47.3075 93.429 -0.906127 0.0186318 0.422503
-65.6938 -46.0572 93.3615 -0.905608 0.00235341 0.424109
-65.7061 -44.9569 93.3137 -0.909922 0.00948634 0.414632
-66.0593 -44.9208 92.5429 -0.908895 0.0143738 0.416778
-66.0586 -46.0594 92.5838 -0.907008 0.0086242 0.420962
-66.042 -47.5511 92.6435 -0.90516 0.00972568 0.424958
-65.9987 -48.5742 92.7868 -0.909275 0.015897 0.415812
-65.6528 -49.2473 93.5559 -0.906595 0.0116976 0.42183
-65.1046 -49.2117 94.7207 -0.902168 0.0175132 0.431001
-64.5925 -49.3598 95.768 -0.896338 0.0183741 0.44299
-64.1391 -49.3907 96.6863 -0.897187 0.0190871 0.441233
-63.6616 -49.3526 97.6585 -0.894157 0.0242469 0.447001
-63.1486 -49.279 98.6432 -0.881437 0.0129293 0.472124
-62.7901 -48.3596 99.287 -0.885363 0.0266056 0.464137
-62.6397 -46.4455 99.4257 -0.879123 0.0437977 0.474578
-62.5921 -45.4412 99.4654 -0.872029 0.0122584 0.48925
-62.5641 -44.167 99.4987 -0.874871 0.00849852 0.484273
-62.5389 -42.9735 99.5268 -0.879231 0.00152047 0.476392
-62.5604 -41.7758 99.4672 -0.869834 0.0227258 0.492817
-62.5667 -40.7757 99.4047 -0.868847 0.0265977 0.494364
-62.6712 -39.6954 99.1643 -0.868973 0.027896 0.494071
-62.9126 -38.7473 98.689 -0.872985 0.0280999 0.486797
-63.5029 -38.7139 97.5975 -0.883188 0.013775 0.468808
-63.9822 -38.6603 96.6833 -0.888701 0.0128057 0.458308
-64.4621 -38.6013 95.7509 -0.890134 0.00962061 0.455576
-65.0082 -38.5839 94.6312 -0.901046 0.0113567 0.433439
-65.6342 -38.9295 93.3692 -0.898528 0.017457 0.438569
-65.91 -39.6506 92.8087 -0.906404 0.00624137 0.422354
-66.0211 -40.9677 92.5941 -0.907413 0.00272868 0.420187
-66.0346 -42.0441 92.5588 -0.908855 -0.00235961 0.417105
-66.06 -43.1578 92.511 -0.911705 0.0051519 0.410813
-66.0628 -43.72 92.511 -0.9118 0.00422716 0.410613
-66.0515 -44.4292 92.5429 -0.910321 0.00918819 0.413755
