-81.5692 36.1138 71.5438 -0.844271 -0.0147948 0.535712
-81.1857 36.963 72.1716 -0.844501 -0.0145484 0.535356
-80.6545 36.5833 72.9974 -0.842727 -0.0121249 0.538205
-80.9304 35.4734 72.5349 -0.844975 -0.01413 0.534619
-81.4483 35.6557 71.7218 -0.844558 -0.0145736 0.535265
-81.8339 35.0603 71.0986 -0.843816 -0.0139219 0.536453
-81.2787 34.4786 71.9623 -0.845407 -0.0116094 0.533996
-80.7478 34.5687 72.8036 -0.845205 -0.0109733 0.534329
-80.3371 35.224 73.4675 -0.846387 -0.00917407 0.532487
-80.1731 36.1868 73.7422 -0.846214 -0.00753558 0.53279
-80.3177 37.2017 73.5387 -0.842684 -0.0101793 0.538309
-80.7958 37.9561 72.8023 -0.841873 -0.00957288 0.539587
-81.4473 37.6864 71.7793 -0.843642 -0.0159672 0.536667
-81.9962 36.1557 70.8721 -0.844256 -0.0148041 0.535735
-81.9789 35.7084 70.8876 -0.844101 -0.013887 0.536004
-82.4647 35.577 70.1146 -0.848666 -0.0158256 0.528687
-82.3742 36.8151 70.294 -0.849284 -0.0148654 0.527726
-81.8023 38.3264 71.243 -0.843956 -0.0171266 0.536137
-81.3182 38.8332 72.0058 -0.84109 -0.0101264 0.540801
-80.5865 38.7499 73.1434 -0.84206 -0.00982124 0.539293
-80.1112 38.1711 73.8769 -0.843258 -0.00885168 0.537435
-79.8149 37.1898 74.3255 -0.843343 -0.00889129 0.537302
-79.7305 36.1081 74.4436 -0.84603 -0.00757053 0.533081
-79.9512 34.841 74.0733 -0.846624 -0.0103961 0.53209
-80.5292 33.8282 73.1352 -0.845958 -0.0103227 0.533149
-81.3003 33.5498 71.9061 -0.845978 -0.0126053 0.533069
-81.8291 33.8742 71.074 -0.846299 -0.0152062 0.53249
-82.2527 34.5563 70.4228 -0.846708 -0.0154686 0.531829
-82.3924 35.0354 70.2127 -0.847654 -0.0158415 0.530311
-82.8967 35.241 69.4091 -0.849945 -0.0159652 0.526627
-82.8459 36.8745 69.5375 -0.84903 -0.0155451 0.528116
-82.6533 38.0357 69.8795 -0.848401 -0.0154735 0.529128
-82.2016 38.7859 70.6223 -0.846453 -0.0140997 0.532275
-81.821 39.5349 71.2365 -0.842327 -0.00944327 0.538878
-81.1672 39.858 72.2593 -0.841854 -0.00971068 0.539614
-80.5595 39.6829 73.2019 -0.841758 -0.00934022 0.539774
-80.0036 39.3048 74.0642 -0.84288 -0.00880229 0.538029
-79.6259 38.5583 74.6447 -0.843369 -0.00884488 0.537262
-79.4128 37.551 74.9629 -0.843732 -0.0077966 0.536706
-79.2371 36.495 75.226 -0.844095 -0.00693853 0.536149
-79.2901 35.4962 75.1295 -0.844564 -0.0061613 0.535419
-79.7217 33.8624 74.4189 -0.846573 -0.0109914 0.532159
-80.1947 33.2342 73.6549 -0.846161 -0.0108853 0.532817
-80.8828 32.6573 72.5432 -0.847568 -0.0149425 0.530476
-81.8058 32.9303 71.0841 -0.847358 -0.0181781 0.530705
-82.4805 33.693 70.0321 -0.849067 -0.0171985 0.527998
-82.7179 34.1043 69.6607 -0.85041 -0.0166329 0.525858
-82.8585 34.5843 69.4491 -0.850318 -0.0173588 0.525982
