91.0231 43.2873 58.8098 0.882295 0.00259929 0.47069
91.1669 44.2499 58.5351 0.881902 0.00474233 0.471404
91.1709 45.3995 58.5115 0.881314 0.00628245 0.47249
91.5162 44.3108 57.8855 0.877752 0.00950893 0.47902
91.3967 42.7931 58.1293 0.876436 0.00738888 0.481462
91.0782 42.796 58.7087 0.879335 0.00467626 0.476132
90.7106 43.0719 59.3966 0.88017 -0.00180322 0.474617
90.9098 41.8331 59.0268 0.877486 0.00398542 0.479582
91.7045 41.9319 57.5728 0.876936 0.00075468 0.480606
91.8169 43.1396 57.3585 0.877172 0.00852625 0.480097
91.8333 44.4091 57.3025 0.877752 0.00950893 0.47902
91.6854 46.0543 57.5427 0.879602 0.00781467 0.47563
90.8809 46.1728 59.0447 0.8817 0.00469201 0.471787
90.7077 45.2437 59.3787 0.88255 0.0076393 0.470156
90.7018 44.0988 59.4073 0.882484 0.00419307 0.470321
90.7019 43.1499 59.4127 0.882295 0.00259929 0.47069
90.3726 42.8523 60.0145 0.878525 -0.00756325 0.477633
90.4471 41.6822 59.8713 0.87665 0.00459918 0.481106
90.7874 40.9982 59.2577 0.877516 0.00384429 0.479528
91.5832 40.8728 57.7957 0.877724 0.00201253 0.479159
92.1118 41.7885 56.8234 0.87896 -0.00141049 0.476893
92.1664 43.4154 56.7124 0.875536 0.0120198 0.482974
92.1685 44.5056 56.6862 0.877831 0.00952069 0.478875
92.1368 45.8859 56.7304 0.873656 -0.00069515 0.486544
91.7816 47.0301 57.3609 0.876836 0.00284815 0.480715
90.9671 47.1162 58.8752 0.881211 0.00253076 0.472711
90.4954 46.6939 59.7602 0.881696 0.0044879 0.471796
90.3706 44.8118 60.0187 0.88255 0.0076393 0.470156
90.3701 43.7682 60.0326 0.882484 0.00419307 0.470321
90.3702 43.5957 60.0333 0.880844 -0.00326608 0.473339
90.0432 43.2584 60.634 0.880507 -0.0084572 0.473955
90.0517 42.0635 60.5932 0.879422 -0.00805386 0.475961
90.1406 40.762 60.4506 0.880858 0.0133107 0.473193
90.6354 40.2191 59.5454 0.882007 0.00801057 0.471129
91.1119 40.1376 58.6657 0.878711 0.00152594 0.477351
91.8058 40.1426 57.3886 0.878645 0.00119348 0.477473
92.4641 40.9109 56.1721 0.878859 0.00035698 0.477078
92.5317 42.5153 56.0762 0.873034 -0.00810605 0.487591
92.5223 43.6277 56.0665 0.873776 0.0146359 0.486107
92.5168 45.0771 56.0486 0.871194 0.00180968 0.490914
92.4914 46.5816 56.0957 0.872955 0.00142558 0.487792
92.2784 47.542 56.4693 0.871136 0.000659045 0.491039
91.6182 47.8857 57.6632 0.880899 -0.000170124 0.473304
90.9601 47.8668 58.8897 0.881446 -0.00149797 0.472282
90.4185 47.6734 59.9023 0.882467 0.000319674 0.470375
90.088 46.4958 60.5234 0.882091 0.00262116 0.471067
90.0519 45.4429 60.6063 0.882545 0.00772242 0.470165
90.0458 44.3541 60.6359 0.882888 0.00664447 0.469534
90.0456 43.9766 60.6406 0.88167 -0.000925945 0.471811
89.727 43.8677 61.2485 0.88917 -0.000941371 0.457515
89.724 42.6836 61.2359 0.891086 -0.0069985 0.453781
89.7327 41.4002 61.2084 0.890443 0.00502229 0.455013
89.776 40.3037 61.1501 0.888308 0.0113558 0.459108
90.2506 39.4898 60.2743 0.883419 0.00277888 0.468576
90.8317 39.3927 59.1864 0.879544 0.00310131 0.475808
91.4649 39.331 58.0171 0.878715 0.00048354 0.477347
92.0216 39.4618 56.9923 0.874772 0.00771723 0.48435
92.7063 39.8411 55.7778 0.867774 0.0128693 0.496793
92.9011 40.8492 55.4074 0.867664 0.00673683 0.497035
92.9014 42.3395 55.4118 0.8701 -0.00506549 0.492807
92.8808 43.6257 55.4301 0.867195 0.00946915 0.497879
92.8678 44.7041 55.4346 0.868838 0.00536857 0.495062
92.8783 45.8568 55.4108 0.868553 0.00115475 0.495594
92.8648 46.8842 55.4352 0.867896 -0.000594713 0.496745
92.7442 48.0138 55.6457 0.868675 -0.000406712 0.495378
92.2816 48.5263 56.4626 0.872113 -0.000996648 0.4893
91.4725 48.6742 57.9367 0.88127 -0.00271671 0.472604
90.9722 48.6175 58.8696 0.881514 -0.00164343 0.472154
90.2456 48.5427 60.2271 0.881022 -0.000795652 0.473071
89.7603 47.9288 61.1325 0.881189 0.00117041 0.472762
89.7285 46.7184 61.1947 0.88349 0.00763972 0.468314
89.7249 45.5455 61.2282 0.88772 0.00704432 0.460329
89.7254 44.3799 61.2459 0.887488 0.00620744 0.460787
89.3281 44.4564 62.0088 0.887164 0.00505356 0.461427
89.3313 43.2356 62.0162 0.88917 -0.00104486 0.457514
89.3242 41.946 62.0183 0.89307 -0.000622189 0.449917
89.3317 40.6733 62.0017 0.89071 0.0050817 0.454478
89.3851 39.6421 61.9217 0.888062 0.00949743 0.459625
89.8625 38.7311 61.0137 0.886657 0.00495651 0.46237
90.342 38.5485 60.1076 0.883904 0.00358914 0.467652
91.0429 38.6842 58.8001 0.879726 0.00309592 0.475471
91.5677 38.4003 57.8263 0.879526 -0.000685878 0.475846
92.0743 38.4392 56.921 0.869871 0.00791934 0.493215
92.5877 38.5276 56.0139 0.86835 0.00833726 0.495877
93.2446 39.5933 54.8449 0.867516 0.0147288 0.49719
93.3813 40.7841 54.5699 0.86769 0.00667224 0.496989
93.3813 42.6144 54.5768 0.867407 0.00367 0.497554
93.2433 43.6106 54.799 0.867298 0.00933669 0.497702
93.3371 45.1454 54.6086 0.868058 0.00471318 0.496429
93.3273 46.3044 54.6251 0.868028 -0.00130064 0.496513
93.3087 47.3828 54.6604 0.867812 -0.000726633 0.496891
93.1263 48.9402 54.9802 0.867322 -0.000846585 0.497747
92.64 49.3178 55.8236 0.868053 0.00296191 0.49645
91.9944 49.5078 56.9682 0.878852 0.00212943 0.476992
91.4496 49.3983 57.9851 0.881424 -0.0046729 0.472302
90.9651 49.4999 58.8915 0.879458 -0.00937323 0.475865
90.4876 49.4557 59.778 0.880913 -0.000742926 0.473274
89.9613 49.4337 60.7546 0.880239 0.000585085 0.474531
89.422 48.7216 61.7603 0.881414 0.000140155 0.472342
89.2939 47.4263 62.003 0.88353 0.00776131 0.468235
89.3162 46.189 61.9985 0.885981 0.0142865 0.463502
89.3208 45.6494 62.0065 0.886984 0.010876 0.461654
89.3264 44.9746 62.0065 0.887558 0.00620061 0.460652
