80.5687 -3.8178 78.2375 0.857362 -0.00997366 0.514613
81.0839 -3.50332 77.3675 0.863295 -0.0138446 0.504511
81.0425 -4.5502 77.4107 0.863525 -0.0127055 0.504146
80.6317 -4.06214 78.1268 0.86067 -0.0123818 0.508981
80.1386 -4.24257 78.9459 0.859388 -0.00572843 0.511292
80.6301 -5.40229 78.0962 0.862496 -0.0122594 0.505911
81.2245 -5.31283 77.0817 0.862939 -0.0109373 0.505189
81.6626 -4.32159 76.3565 0.86103 -0.0102744 0.508434
81.529 -3.13014 76.6161 0.862625 -0.013528 0.505662
81.0787 -2.5415 77.4009 0.862694 -0.0120706 0.505582
80.577 -2.69016 78.2506 0.855835 -0.0135158 0.517072
80.1358 -4.22335 78.9507 0.857664 -0.00596204 0.514164
80.1361 -4.23317 78.9502 0.859146 -0.00479383 0.511707
79.742 -4.48565 79.6093 0.860257 -0.00399158 0.509839
80.0093 -5.49954 79.1466 0.860658 -0.012793 0.509019
80.4085 -6.21699 78.4546 0.862216 -0.0112996 0.506414
80.9671 -6.33588 77.4983 0.862959 -0.0116576 0.505139
81.4572 -6.02076 76.6697 0.860538 -0.0100864 0.509274
81.9009 -5.19711 75.9424 0.858787 -0.0101021 0.512234
82.1259 -4.21415 75.5768 0.860008 -0.00702568 0.510231
82.0099 -2.92831 75.8036 0.862318 -0.0125523 0.506209
81.5165 -1.98741 76.6617 0.862469 -0.0067488 0.506056
80.6676 -1.78941 78.1201 0.863187 -0.00904488 0.504793
80.1972 -2.22533 78.8915 0.855249 -0.012136 0.518071
79.7106 -3.2332 79.673 0.858918 -0.00895899 0.511999
79.7232 -4.33245 79.6424 0.859939 -0.00410049 0.510377
79.7259 -4.42453 79.6372 0.859146 -0.00479383 0.511707
79.2995 -4.32636 80.361 0.861524 -0.0030027 0.507707
79.3254 -2.81813 80.329 0.86299 -0.00314651 0.50521
79.6853 -1.96685 79.7407 0.855592 -0.00877756 0.517573
80.0681 -1.26449 79.1228 0.856133 -0.00484959 0.516733
80.8361 -0.938958 77.839 0.86245 -0.0023731 0.506137
81.4946 -0.843401 76.7151 0.862107 -0.00785553 0.506659
81.9493 -1.35231 75.9386 0.860884 -0.0077232 0.508742
82.2951 -2.23263 75.3326 0.862575 -0.0112072 0.505806
82.6085 -3.3671 74.7761 0.859488 -0.0111919 0.511033
82.4855 -4.80341 74.9612 0.861382 -0.00698192 0.50791
82.2048 -5.74906 75.422 0.858748 -0.00994704 0.512301
81.844 -6.60665 76.0096 0.858584 -0.0106317 0.512563
81.1974 -7.24233 77.0849 0.862154 -0.0114916 0.506515
80.4484 -7.18019 78.3648 0.862773 -0.011212 0.505467
79.7621 -6.30878 79.5443 0.859767 -0.0121302 0.510543
79.4641 -5.39708 80.0745 0.860706 -0.0146848 0.508891
79.439 -5.32154 80.1189 0.859909 -0.00495059 0.510423
79.428 -5.10891 80.139 0.860751 -0.0032854 0.509013
