-92.2826 43.453 59.3247 -0.890498 -0.0094798 0.454889
-91.9262 43.3135 60.0182 -0.889835 -0.00878825 0.456198
-92.2617 44.2911 59.3831 -0.890114 -0.00911837 0.455647
-92.5864 44.4319 58.7632 -0.886433 -0.00975527 0.462721
-92.5113 45.5001 58.9165 -0.886628 -0.00426681 0.462463
-91.7905 45.9793 60.3051 -0.88806 -0.00267151 0.459711
-91.5786 44.9564 60.7145 -0.888994 -0.00138701 0.457917
-91.5526 43.6416 60.7532 -0.889714 -0.00880118 0.456433
-91.6987 42.2162 60.4396 -0.889689 -0.00940508 0.456469
-92.1674 41.793 59.5132 -0.890583 -0.0111669 0.454683
-92.5283 42.5119 58.8239 -0.890459 -0.0104468 0.454943
-92.5885 43.6207 58.7322 -0.886467 -0.0153132 0.462538
-92.9168 43.503 58.0991 -0.886457 -0.0151443 0.462563
-92.9071 45.1459 58.1551 -0.886425 -0.00401063 0.462855
-92.8315 46.256 58.3122 -0.884559 -0.00417442 0.466404
-92.4391 46.9278 59.0681 -0.886859 -0.0041246 0.462023
-91.9032 46.9098 60.0972 -0.888394 -0.00707436 0.459007
-91.4462 46.6372 60.9858 -0.891279 -0.00932743 0.45336
-91.2769 45.6396 61.3047 -0.889929 -0.00155659 0.456097
-91.2307 44.3764 61.3898 -0.889735 -0.00290861 0.456468
-91.2306 43.1179 61.3719 -0.890715 -0.00890541 0.454475
-91.2876 41.9764 61.2407 -0.890807 -0.00739233 0.45432
-91.5442 41.0902 60.7235 -0.891786 -0.00706247 0.452399
-92.3236 41.0049 59.188 -0.890801 -0.0109482 0.454261
-92.7717 41.4848 58.3269 -0.886612 -0.00825701 0.462439
-92.8963 42.4959 58.1097 -0.879985 -0.0127717 0.474819
-92.8996 42.8372 58.1105 -0.883263 -0.012324 0.468658
-93.258 42.7441 57.4443 -0.879884 -0.00991172 0.475084
-93.2635 44.3943 57.4674 -0.879374 -0.00945161 0.476038
-93.2592 45.4014 57.4894 -0.884402 -0.00666174 0.466679
-93.137 47.0997 57.737 -0.883785 -0.00419663 0.467872
-92.7321 47.6981 58.5134 -0.88651 -0.00421038 0.462689
-92.2653 47.7537 59.4094 -0.888253 -0.00702531 0.459284
-91.7063 47.6949 60.4982 -0.889981 -0.00994113 0.455889
-91.2011 47.4214 61.4932 -0.895107 -0.0160223 0.445549
-90.9596 46.2106 61.9421 -0.893878 -0.0125726 0.448124
-90.9186 44.9854 62.0014 -0.8897 -0.00195813 0.45654
-90.8982 43.8003 62.0329 -0.8898 -0.00391239 0.456334
-90.9007 42.6319 62.0093 -0.892733 -0.00378798 0.450522
-90.9585 41.4838 61.896 -0.895351 -0.001733 0.445349
-91.1465 40.5688 61.5098 -0.89485 -0.00232168 0.44636
-91.7617 40.1823 60.2802 -0.892451 -0.00581532 0.451107
-92.322 40.2329 59.1753 -0.891177 -0.00696777 0.453601
-92.9247 40.4674 58.0154 -0.887135 -0.0111582 0.46136
-93.226 41.4101 57.462 -0.881115 -0.011128 0.472739
-93.2553 42.471 57.4437 -0.879985 -0.0127717 0.474819
-93.6093 42.5808 56.7919 -0.879458 -0.0123428 0.47581
-93.6075 43.5995 56.8164 -0.879066 -0.00999623 0.476595
-93.6318 44.8908 56.7927 -0.878697 -0.0016029 0.477377
-93.608 46.2217 56.8409 -0.878414 -0.00213983 0.477894
-93.5919 47.3991 56.8828 -0.881497 -0.00420967 0.472155
-93.36 48.3185 57.3347 -0.882147 -0.0124198 0.47081
-92.8377 48.5219 58.3296 -0.885159 -0.0123994 0.465123
-92.1012 48.5098 59.7443 -0.889769 -0.00785985 0.456343
-91.5803 48.4973 60.762 -0.891959 -0.0117195 0.451932
-90.7918 48.0515 62.355 -0.898433 -0.0184954 0.438719
-90.6459 46.7936 62.603 -0.901645 -0.0208528 0.431973
-90.6058 45.5669 62.6349 -0.900332 -0.0199015 0.434732
-90.5818 44.37 62.6594 -0.895492 -0.00409108 0.445058
-90.5698 43.2609 62.6725 -0.895531 -0.00360336 0.444983
-90.5737 41.9749 62.6662 -0.8948 0.00126083 0.446465
-90.627 40.7814 62.5605 -0.895671 -0.00182314 0.444705
-90.8947 39.7271 62.0179 -0.896931 -0.00149482 0.442163
-91.5224 39.4329 60.7485 -0.895595 -0.00538957 0.444836
-92.0471 39.4629 59.7035 -0.892526 -0.00947091 0.450896
-92.7677 39.536 58.2894 -0.891442 -0.0130225 0.452943
-93.3922 40.0247 57.1069 -0.88709 -0.0169327 0.461283
-93.5939 41.1599 56.7744 -0.878274 -0.0160791 0.477885
-93.6352 42.0167 56.7262 -0.879375 -0.0156984 0.47587
-94.023 42.381 56.0214 -0.879212 -0.0136979 0.476232
-93.9592 43.6917 56.1696 -0.879066 -0.00999623 0.476595
-94.0857 44.6603 55.9563 -0.878885 -0.00577835 0.476981
-94.0261 45.6693 56.0704 -0.878065 -0.00279327 0.478533
-93.9365 46.7412 56.2409 -0.878817 -0.00460607 0.477131
-94.061 47.9636 56.0242 -0.876441 -0.0109251 0.481341
-93.8078 48.9392 56.521 -0.876536 -0.0182665 0.480989
-93.4386 49.1608 57.2085 -0.880545 -0.0162578 0.473655
-92.8242 49.4955 58.3781 -0.884449 -0.0103164 0.466522
-92.3511 49.3805 59.2714 -0.886943 -0.00834383 0.461759
-91.6689 49.2589 60.6123 -0.893651 -0.0147574 0.448519
-91.1825 49.4467 61.594 -0.89516 -0.00702889 0.445686
-90.7243 49.1224 62.5072 -0.898649 -0.00469141 0.438643
-90.3743 48.4578 63.2182 -0.898434 -0.00420904 0.439088
-90.2766 47.1431 63.3924 -0.901148 -0.0147734 0.433214
-90.2479 45.9592 63.3943 -0.901186 -0.0234617 0.432797
-90.2334 44.8552 63.3655 -0.898387 -0.0143515 0.43883
-90.2378 43.7095 63.3451 -0.896698 -0.00291996 0.442634
-90.2176 42.4667 63.3782 -0.895589 -0.00090779 0.444872
-90.2611 41.0893 63.2989 -0.895843 0.00283572 0.444354
-90.2843 39.8466 63.2567 -0.896992 0.00151219 0.442043
-90.5268 38.9229 62.7556 -0.896248 -0.00439766 0.443531
-91.2041 38.5966 61.3813 -0.896453 -0.00332919 0.443124
-91.7551 38.6252 60.2699 -0.895998 -0.00312309 0.444046
-92.3129 38.6575 59.1606 -0.89245 -0.00947963 0.451046
-92.812 38.7524 58.1797 -0.887903 -0.0151653 0.459775
-93.5699 38.8964 56.7205 -0.887851 -0.0172354 0.459808
-93.8275 39.7051 56.2837 -0.878321 -0.0250064 0.477417
-94.0034 40.9148 56.0141 -0.877614 -0.0164408 0.479072
-94.0057 41.2254 56.0182 -0.878503 -0.0137074 0.47754
-94.0749 41.8307 55.9091 -0.878866 -0.0144789 0.476849
