10.0577 -44.2621 49.0434 0.215287 -0.0318816 0.975993
10.1593 -45.2908 48.9808 0.212728 -0.0324417 0.97655
10.6625 -45.2733 48.8736 0.204836 -0.0267895 0.978349
10.9047 -43.9101 48.8616 0.219841 -0.0239513 0.975241
10.8934 -42.8765 48.8824 0.217275 -0.0144091 0.976003
10.2952 -42.8043 49.0163 0.216077 -0.0129651 0.97629
10.1109 -43.7492 49.0446 0.218408 -0.0189102 0.975653
9.30936 -43.6496 49.2148 0.173352 -0.0298278 0.984034
9.31911 -42.5906 49.2231 0.191191 -0.00947628 0.981507
9.87317 -41.4627 49.1286 0.199381 -0.0142328 0.979731
11.2699 -41.4763 48.8244 0.214502 -0.017291 0.976565
11.643 -42.6885 48.719 0.22421 -0.017249 0.974355
11.6823 -44.0812 48.6771 0.232176 -0.0251211 0.972349
11.5622 -45.418 48.678 0.222743 -0.0147753 0.974751
10.7747 -46.7119 48.8298 0.207517 -0.0155442 0.978053
9.47013 -46.1078 49.0952 0.188548 -0.023954 0.981647
9.3598 -45.0558 49.154 0.153067 -0.0276769 0.987825
9.31716 -44.0072 49.1954 0.15298 -0.0417503 0.987308
8.5531 -44.083 49.3119 0.155164 -0.0498479 0.98663
8.53402 -42.9176 49.3731 0.173007 -0.0285386 0.984142
8.58308 -41.7517 49.3738 0.191011 -0.0079919 0.981555
9.03138 -40.6209 49.3003 0.188224 -0.0134931 0.982032
10.4305 -40.4458 49.0225 0.214779 -0.0118218 0.976585
11.677 -40.5548 48.7443 0.217809 -0.00867108 0.975952
12.3382 -41.3265 48.5954 0.215398 -0.0194642 0.976252
12.4187 -42.9746 48.5285 0.226732 -0.0243419 0.973626
12.4263 -44.1061 48.4986 0.232644 -0.0250675 0.972239
12.3065 -45.5828 48.5029 0.22742 -0.0109889 0.973735
12.1523 -46.6096 48.5229 0.22012 -0.00902397 0.975393
11.3403 -47.5921 48.7038 0.215122 0.000370919 0.976581
10.1055 -47.6188 48.9564 0.186425 -0.017579 0.982194
8.79433 -47.1473 49.1925 0.164834 -0.0237809 0.986035
8.62693 -45.5152 49.2554 0.160513 -0.0191971 0.986796
8.55599 -44.2511 49.303 0.152221 -0.0393181 0.987505
7.78913 -44.3339 49.4196 0.142194 -0.0477298 0.988596
7.77972 -43.3187 49.4681 0.130851 -0.0462182 0.990323
7.74849 -42.117 49.5207 0.14106 -0.0152056 0.989693
7.84655 -41.0989 49.5074 0.152957 -0.00891796 0.988173
8.83514 -39.6209 49.3513 0.184997 -0.0138169 0.982641
10.0633 -39.6066 49.1131 0.215443 -0.0112266 0.976449
11.0617 -39.6508 48.8896 0.219702 -0.00938204 0.975521
12.1533 -39.7542 48.6453 0.216831 -0.00166443 0.97619
12.9945 -40.2669 48.4523 0.239877 -0.00235713 0.9708
13.1297 -41.2654 48.4219 0.25016 -0.00513506 0.968112
13.1814 -42.3741 48.3658 0.238548 -0.0356478 0.970473
13.1545 -43.4255 48.3401 0.236596 -0.0250691 0.971284
13.127 -44.4639 48.3242 0.230284 -0.013687 0.973026
13.0744 -45.5192 48.3234 0.230439 -0.0114139 0.97302
13.0084 -46.6116 48.3247 0.237477 -0.00740942 0.97131
12.7566 -48.0102 48.3828 0.224256 -0.0021997 0.974527
11.8192 -48.3952 48.5948 0.213909 -0.0121683 0.976712
10.263 -48.4345 48.9146 0.184973 -0.0120292 0.982578
9.2411 -48.4129 49.0915 0.1658 -0.0127475 0.986074
8.24996 -48.1707 49.2582 0.161448 -0.0252827 0.986541
7.84631 -47.0192 49.3588 0.166419 -0.0262688 0.9857
7.85443 -45.4117 49.3869 0.165201 -0.0128795 0.986175
7.7919 -44.495 49.411 0.152221 -0.0393181 0.987505
7.0345 -44.7257 49.5288 0.158089 -0.0134252 0.987327
6.94047 -45.7461 49.5294 0.149913 -0.0178505 0.988529
7.04542 -46.79 49.4971 0.154083 -0.0264611 0.987675
6.92552 -48.3736 49.4697 0.161397 -0.0254741 0.986545
7.80433 -49.1176 49.3118 0.160356 -0.0199494 0.986858
8.84513 -49.3305 49.1436 0.155814 -0.0170583 0.987639
9.97533 -49.3795 48.9549 0.175352 -0.0123318 0.984391
11.1561 -49.3205 48.7266 0.204301 -0.0164539 0.978698
12.2761 -49.326 48.4729 0.224593 -0.0161157 0.974317
13.3605 -48.8539 48.2309 0.225211 -0.0189136 0.974125
13.7716 -48.005 48.1376 0.239512 -0.000491519 0.970887
13.8428 -46.9593 48.118 0.238284 -0.00754144 0.971106
13.9263 -45.7886 48.1185 0.232057 -0.0143796 0.97259
13.9266 -44.6527 48.133 0.228362 -0.0148744 0.973463
14.0038 -43.3525 48.1347 0.233257 -0.0200907 0.972181
13.9752 -42.0797 48.1835 0.249147 -0.0265436 0.967962
13.9291 -40.9627 48.214 0.261128 -0.0154955 0.96518
13.8889 -39.9313 48.2294 0.247411 -0.0136651 0.968722
13.6247 -38.9365 48.3103 0.228705 -0.00765607 0.973427
11.5767 -38.8575 48.7814 0.222022 -0.00687903 0.97501
10.4987 -38.6899 49.0275 0.217258 -0.0118137 0.976033
9.35125 -38.687 49.2783 0.198075 -0.0177053 0.979872
7.83656 -38.7243 49.5391 0.148167 0.00909518 0.988885
7.23661 -39.6977 49.624 0.143266 -0.0108869 0.989548
7.00658 -40.7033 49.6406 0.144338 -0.0227494 0.989249
6.82504 -41.7103 49.6481 0.121286 -0.01815 0.992404
6.9489 -42.7709 49.6031 0.125612 -0.0376682 0.991306
6.99364 -43.8258 49.5507 0.159081 -0.0167814 0.987123
7.03437 -44.2026 49.5377 0.159079 -0.0167818 0.987123
