83.6502 10.4292 83.5101 0.87796 -0.00646166 0.478684
84.3294 10.4488 82.2793 0.874512 -0.00546602 0.484971
83.7144 10.8182 83.3955 0.877241 -0.00515884 0.480018
83.3721 11.2898 84.0275 0.878064 -0.00420657 0.478524
83.2861 10.1731 84.173 0.878018 -0.00896088 0.478544
83.5905 9.34353 83.5994 0.876483 -0.00732546 0.481366
84.321 9.15638 82.2766 0.874766 -0.00636695 0.484504
84.75 10.4863 81.5214 0.874484 -0.00537355 0.485022
84.602 11.4414 81.792 0.879303 0.0042203 0.476245
83.8056 12.0075 83.2451 0.876644 -0.00613332 0.4811
83.4666 11.5677 83.8567 0.877296 -0.00536006 0.479915
83.2112 12.1521 84.3299 0.87724 -0.00109745 0.480045
83.9887 12.8973 82.9293 0.876681 -0.010205 0.480965
84.6866 12.3759 81.6339 0.87947 -0.00798799 0.475887
85.0858 11.3404 80.9 0.881344 0.00194426 0.472445
85.1242 9.7943 80.8155 0.881629 -0.010205 0.471814
84.9004 8.883 81.2063 0.879811 -0.0058483 0.475241
84.3243 8.28015 82.2577 0.874904 -0.00783291 0.484233
83.4641 8.56339 83.8183 0.877507 -0.00288803 0.479517
83.0709 9.15316 84.5529 0.880287 -0.0054893 0.474411
82.8427 10.4007 84.9914 0.879827 -0.00506308 0.475266
82.9789 11.4747 84.7499 0.877589 -0.00263849 0.479406
82.715 12.086 85.2363 0.877589 -0.00263849 0.479406
82.4957 11.1494 85.6346 0.878877 -0.00180889 0.477045
82.4743 9.44105 85.6623 0.879206 -0.00499973 0.476416
82.7855 8.58916 85.0763 0.880272 -0.00266477 0.474454
83.2499 7.80983 84.2155 0.880155 0.000169222 0.474687
83.7602 7.39961 83.2693 0.879348 -0.00231917 0.476162
84.4311 7.50192 82.0525 0.874715 -0.00771776 0.484576
84.9308 7.65379 81.1524 0.877176 -0.00367431 0.480114
85.3288 8.70449 80.4148 0.879038 0.00203539 0.476745
85.5358 9.73972 80.0389 0.883326 -0.00754284 0.468698
85.52 11.0867 80.0812 0.883561 3.14127e-05 0.468317
85.3951 12.1494 80.3256 0.875164 -0.0109484 0.483701
85.0025 12.9083 81.059 0.878165 -0.00977608 0.478248
84.3077 13.6294 82.3535 0.878999 -0.00739665 0.476766
83.7973 13.661 83.2944 0.87774 -0.00885747 0.479047
83.085 13.0386 84.5592 0.871831 -0.00383797 0.489792
83.0756 13.0257 84.5758 0.874526 -0.0016461 0.484935
82.7387 12.1551 85.1935 0.87724 -0.00109745 0.480045
