84.895 -4.39811 82.3866 0.881601 -0.0110608 0.471858
85.4023 -4.55181 81.4288 0.882091 -0.0140838 0.470864
85.4631 -3.57506 81.3453 0.881157 -0.0144322 0.472604
84.973 -3.91806 82.2547 0.881877 -0.0131348 0.471293
84.7493 -3.11259 82.6888 0.88036 -0.00974654 0.474205
85.2024 -2.67334 81.8588 0.882039 -0.0137436 0.470963
85.6849 -3.03157 80.9481 0.881638 -0.00926514 0.471836
85.9234 -4.16456 80.4715 0.87953 -0.0113049 0.47571
85.4909 -5.45576 81.2387 0.880498 -0.0126819 0.473873
85.0032 -5.57273 82.1471 0.882637 -0.0145855 0.46982
84.5884 -5.00404 82.9499 0.883117 -0.0117987 0.468992
84.493 -3.98941 83.1493 0.883272 -0.00721842 0.4688
84.5186 -3.75753 83.1038 0.881597 -0.00741807 0.471932
84.2342 -3.13885 83.6446 0.880657 -0.00631608 0.473703
84.1083 -4.27962 83.8687 0.879921 -0.00356066 0.475106
84.214 -5.24934 83.6557 0.88538 -0.0110219 0.464714
84.6402 -6.10925 82.8139 0.885527 -0.0152483 0.464338
85.1561 -6.37008 81.8405 0.881682 -0.012374 0.471682
85.7529 -6.01489 80.739 0.879422 -0.013003 0.475864
86.1082 -5.30729 80.1027 0.87941 -0.0124161 0.475902
86.2788 -4.31534 79.8108 0.880329 -0.0108799 0.474239
86.1757 -3.15916 80.0281 0.880923 -0.0094202 0.473165
85.6345 -2.09039 81.0606 0.88169 -0.00923007 0.471739
85.1199 -1.91397 82.0345 0.883538 -0.0120969 0.468203
84.6332 -2.28261 82.9294 0.88059 -0.0151753 0.473636
84.2529 -3.05982 83.6112 0.879906 -0.0112838 0.475006
84.2412 -3.09165 83.6324 0.881334 -0.0096401 0.472395
83.8874 -2.85105 84.2974 0.881334 -0.0096401 0.472395
84.4703 -1.61142 83.2466 0.87822 -0.0109049 0.478132
84.9113 -1.12104 82.4477 0.882542 -0.00748041 0.47017
85.4176 -1.19172 81.4915 0.883779 -0.0103823 0.467785
86.0937 -1.72349 80.2103 0.881267 -0.00951316 0.472523
86.3983 -2.49331 79.627 0.880923 -0.0094202 0.473165
86.6623 -3.43299 79.1179 0.880794 -0.00881685 0.473418
86.6128 -4.67468 79.1825 0.880295 -0.0109547 0.4743
86.4247 -5.89563 79.5015 0.879025 -0.0140084 0.47657
85.7823 -6.93099 80.6596 0.880394 -0.0106836 0.474112
85.2213 -7.12904 81.697 0.881157 -0.0137233 0.472624
84.7431 -7.0944 82.592 0.884515 -0.0126337 0.46634
84.0778 -6.16077 83.8856 0.885976 -0.0151439 0.463485
83.7735 -4.93382 84.484 0.878966 -0.0067951 0.476822
83.7199 -3.83193 84.5914 0.880505 -0.00605374 0.473988
83.7415 -3.66138 84.5544 0.881249 -0.0088272 0.47257
83.8319 -3.22404 84.3939 0.881342 -0.0088943 0.472395
