86.9178 -4.50597 84.1741 0.889245 -0.0151546 0.457179
87.3532 -3.96674 83.3455 0.8891 -0.0152237 0.45746
86.9198 -4.09589 84.1844 0.889438 -0.015894 0.45678
86.6211 -3.66967 84.781 0.890832 -0.0155973 0.454056
86.5451 -4.73651 84.8955 0.892147 -0.0149174 0.4515
86.9708 -5.49551 84.0408 0.889419 -0.0130224 0.456907
87.5068 -5.37121 83.0029 0.890702 -0.0146647 0.454335
87.8055 -4.32866 82.4456 0.89234 -0.0139822 0.451147
87.6059 -3.2348 82.871 0.891619 -0.0118103 0.45263
87.1192 -2.96492 83.8291 0.891606 -0.00198939 0.452802
86.9693 -3.08024 84.1237 0.890374 -0.0103345 0.455071
86.8824 -2.28086 84.3022 0.891826 -0.00374351 0.45236
87.3289 -2.1236 83.4207 0.890859 -0.00485093 0.454239
88.0172 -2.9805 82.0513 0.895353 -0.00826647 0.44528
88.1821 -4.36744 81.6986 0.893695 -0.0106471 0.448524
87.9994 -5.38952 82.0296 0.890518 -0.00706998 0.454892
87.6242 -6.13688 82.7519 0.890577 -0.00738401 0.454772
87.1224 -6.29958 83.7228 0.888625 -0.00946623 0.458519
86.6634 -6.13679 84.6225 0.890798 -0.0105584 0.454275
86.2898 -5.45772 85.3766 0.891759 -0.0124594 0.452339
86.1353 -4.38351 85.7167 0.891994 -0.0149153 0.4518
86.4017 -3.07064 85.2343 0.892788 -0.0166121 0.450164
86.6054 -2.63074 84.8432 0.892892 -0.00750812 0.450182
86.4139 -1.99775 85.2415 0.894545 -0.0106367 0.446852
86.9722 -1.35118 84.1389 0.894706 -0.00963137 0.446551
87.7932 -1.58385 82.5231 0.889379 -0.00395823 0.457154
88.2562 -2.37686 81.5844 0.89511 -0.00989149 0.445736
88.4913 -3.4416 81.0926 0.89326 -0.00659266 0.449477
88.5997 -4.58576 80.8656 0.891049 -0.00929657 0.453797
88.2775 -5.76301 81.4795 0.890518 -0.00706998 0.454892
87.9989 -6.71836 82.0089 0.889166 -0.0111774 0.457425
87.4255 -7.11527 83.1215 0.894115 -0.0134966 0.447606
86.7475 -7.02915 84.4416 0.888819 -0.00257616 0.458249
86.2837 -6.70555 85.3573 0.892234 -0.00827614 0.451496
85.8989 -5.46017 86.1492 0.891383 -0.0142366 0.453023
85.7531 -4.29452 86.4733 0.890467 -0.014294 0.454822
85.9076 -3.26301 86.2091 0.893091 -0.0184045 0.4495
86.0943 -2.5042 85.8692 0.894144 -0.0119794 0.447616
86.1184 -2.47506 85.8216 0.894647 -0.010953 0.44664
