87.9101 -3.94022 85.1405 0.894732 -0.0131309 0.446411
88.0124 -4.9211 84.9072 0.89522 -0.00789031 0.445555
88.4302 -4.52319 84.0804 0.896411 -0.0114623 0.443057
88.2329 -3.68481 84.5009 0.896329 -0.0109716 0.443235
88.1777 -2.919 84.6279 0.89639 -0.00726323 0.443194
87.5409 -3.74016 85.8835 0.894203 -0.0114644 0.447514
87.5308 -4.78415 85.8789 0.897415 -0.00961642 0.441072
88.1314 -5.68494 84.6551 0.89522 -0.00761498 0.445559
88.5629 -5.3993 83.7942 0.896761 -0.00509175 0.442452
88.824 -4.15188 83.2871 0.895917 -0.00760178 0.444156
88.5245 -3.16049 83.9165 0.897995 -0.00838382 0.439925
88.4779 -3.11481 84.0124 0.897802 -0.00766473 0.440333
88.5993 -2.405 83.7772 0.897867 -0.00769429 0.4402
88.0867 -2.22121 84.8218 0.895283 -0.00731129 0.445439
87.6338 -2.553 85.7259 0.894979 -0.0082111 0.446032
87.2003 -3.58141 86.5815 0.898655 -0.00880722 0.438567
87.2572 -5.22321 86.4268 0.89839 -0.0117934 0.43904
87.7132 -6.15457 85.4875 0.895745 -0.007023 0.444512
88.1477 -6.36489 84.613 0.894381 -0.00516202 0.447276
88.6175 -6.22379 83.673 0.898657 -0.00633589 0.438603
88.9998 -5.35147 82.9054 0.896543 -0.0126822 0.442775
89.1417 -3.96816 82.6495 0.895925 -0.00759171 0.444141
88.9258 -2.93259 83.1023 0.896692 -0.00729764 0.442594
88.8317 -2.77525 83.2965 0.897678 -0.00815437 0.440575
88.9873 -2.04984 82.9941 0.897111 -0.00841236 0.441724
88.3318 -1.53069 84.3382 0.897664 -0.00818413 0.440605
87.858 -1.41692 85.2973 0.89581 -0.0106214 0.444311
87.3676 -1.93071 86.272 0.895722 -0.00753272 0.444538
87.0642 -2.81498 86.875 0.898479 -0.00846522 0.438935
86.8322 -4.14452 87.3243 0.898539 -0.00861646 0.43881
86.84 -5.21639 87.2815 0.900616 -0.0107315 0.434483
87.0673 -6.09713 86.7947 0.897492 -0.00880283 0.440935
87.5487 -7.03474 85.8067 0.896009 -0.00566726 0.443999
88.1255 -7.01618 84.6499 0.894559 -0.00499343 0.446921
88.5842 -7.12554 83.725 0.897566 -0.00985275 0.440765
89.2062 -6.16619 82.4638 0.89788 -0.00884819 0.440124
89.5592 -4.56536 81.7963 0.895289 -0.0111518 0.445345
89.4373 -3.54428 82.058 0.896528 -0.00628529 0.442943
89.2814 -2.65439 82.3866 0.896922 -0.00811502 0.442114
89.1856 -2.48395 82.5839 0.896831 -0.00817617 0.442298
