-82.9807 44.9048 95.5025 -0.926364 -0.00488152 0.376591
-82.7321 45.7164 96.131 -0.926505 -0.00780737 0.3762
-82.6467 44.5046 96.3204 -0.926604 -0.00209613 0.376031
-82.5999 43.2931 96.4319 -0.926981 -0.00125161 0.375106
-82.8088 42.6905 95.9133 -0.926991 -0.00175697 0.37508
-82.9304 43.6272 95.6166 -0.926584 -0.00207967 0.376081
-82.9786 44.7146 95.5066 -0.926334 -0.00271811 0.376694
-83.2448 44.5401 94.8503 -0.926596 -0.00293454 0.376046
-83.2245 43.4887 94.8911 -0.926664 -0.00247925 0.375881
-83.1649 41.8163 95.0311 -0.926601 -0.00139033 0.376044
-82.8205 41.2985 95.8776 -0.924022 -0.000843665 0.382337
-82.4577 41.6042 96.7622 -0.924168 -0.00881942 0.381885
-82.3514 42.7112 97.0437 -0.925516 -0.00504639 0.378641
-82.3282 43.8405 97.1026 -0.925335 0.000443993 0.379151
-82.3437 45.5733 97.0782 -0.925592 -0.006588 0.378465
-82.4665 46.5361 96.7951 -0.925485 -0.00440191 0.378752
-82.8415 46.7832 95.8799 -0.926694 0.000260021 0.375796
-83.1963 46.1772 94.9871 -0.929246 -0.00344881 0.369447
-83.2484 44.8557 94.8435 -0.926364 -0.00488152 0.376591
-83.5247 45.0248 94.159 -0.927703 8.06085e-05 0.373318
-83.4883 46.4852 94.2556 -0.929309 -0.00146457 0.369294
-83.3019 47.3936 94.7233 -0.929409 0.000681786 0.369051
-82.7236 47.6495 96.1675 -0.927864 0.0027039 0.372908
-82.2948 47.467 97.2194 -0.924846 -0.00101086 0.380334
-82.0568 46.6213 97.7945 -0.923478 -0.00152902 0.383643
-82.031 45.538 97.8421 -0.92556 -0.00651828 0.378544
-82.0327 43.7645 97.8238 -0.923526 -0.00281466 0.383488
-82.0446 42.2961 97.772 -0.922046 -0.00632748 0.387029
-82.1152 41.1054 97.5784 -0.923828 -0.00498464 0.382755
-82.7177 40.422 96.124 -0.923666 -0.00100269 0.383196
-83.1303 40.4573 95.1253 -0.92424 -0.0010613 0.38181
-83.4675 41.1797 94.2925 -0.926052 0.00467139 0.377367
-83.5152 42.2558 94.1695 -0.926554 -0.00154507 0.376158
-83.5211 43.4347 94.1605 -0.926505 -0.00171293 0.376278
-83.5261 44.531 94.156 -0.927249 -0.00155124 0.374437
-83.8116 44.2589 93.4477 -0.927496 -0.00275402 0.373808
-83.8085 45.3593 93.4548 -0.926977 0.000353752 0.375119
-83.8052 46.4965 93.458 -0.928742 0.0036891 0.370702
-83.6182 48.2096 93.925 -0.92945 0.000655284 0.368948
-83.1789 48.4435 95.029 -0.928185 0.00176244 0.372115
-82.7748 48.4599 96.0349 -0.927817 0.00163315 0.373032
-82.3866 48.4367 96.9989 -0.925564 0.000185595 0.378566
-82.0064 48.2943 97.9188 -0.924402 -0.00286872 0.381409
-81.7405 47.264 98.5561 -0.922638 -0.00242855 0.38566
-81.7295 45.4547 98.5681 -0.922701 -0.00376676 0.385498
-81.7218 44.4536 98.5722 -0.919686 -0.00702283 0.39258
-81.7267 43.3851 98.5463 -0.920594 -0.00863385 0.390404
-81.7276 42.114 98.5207 -0.916351 -0.010563 0.400125
-81.7208 40.8592 98.4763 -0.90944 -0.0207385 0.415256
-81.8699 39.851 98.113 -0.917576 -0.0135114 0.397311
-82.2647 39.6599 97.1994 -0.918889 -0.0103025 0.394356
-82.6535 39.5733 96.2767 -0.923928 -0.00107146 0.382565
-83.0671 39.5204 95.2786 -0.923676 0.00362257 0.383157
-83.539 39.7466 94.1256 -0.931399 -0.0001208 0.363991
-83.7832 40.9957 93.4965 -0.932104 -8.56249e-05 0.362191
-83.8061 42.1055 93.4461 -0.929472 -0.00487676 0.368853
-83.8094 43.1709 93.4449 -0.929085 -0.00223286 0.369859
-83.8106 44.0235 93.4466 -0.928561 -0.00387647 0.371154
-84.1264 43.6364 92.6535 -0.928246 -0.00594208 0.37192
-84.1275 44.6981 92.6673 -0.927499 -0.00288511 0.373797
-84.1256 45.8395 92.6674 -0.928518 0.00592422 0.371241
-84.1705 47.4835 92.5333 -0.929699 0.000458408 0.368312
-84.0487 48.5302 92.8497 -0.926451 -0.0072688 0.376336
-83.7443 49.1396 93.6082 -0.929089 0.000532434 0.369856
-83.339 49.2763 94.624 -0.928395 0.00223894 0.371588
-82.9078 49.431 95.7002 -0.928082 0.00176577 0.37237
-82.5124 49.3344 96.6813 -0.926806 0.00276285 0.37553
-82.1073 49.3036 97.6814 -0.925622 -7.06986e-05 0.378425
-81.6089 49.0206 98.8856 -0.923758 -0.00298538 0.382965
-81.3539 47.2935 99.4837 -0.923489 -0.00385177 0.383607
-81.4016 46.2163 99.3595 -0.922695 -0.00343818 0.385515
-81.4136 44.2504 99.2909 -0.920206 -0.0102427 0.3913
-81.4045 43.0895 99.2912 -0.916787 -0.0144742 0.399047
-81.3614 41.7637 99.3285 -0.911332 -0.0225768 0.411015
-81.3242 40.7551 99.3437 -0.910008 -0.0273751 0.413685
-81.3812 39.6751 99.177 -0.908326 -0.00535231 0.418153
-81.6538 38.9337 98.5828 -0.912734 0.0037693 0.408424
-82.2417 38.6393 97.2477 -0.918547 0.00932762 0.395187
-83.0777 38.6566 95.2613 -0.922917 0.000816047 0.384997
-83.6203 38.7306 93.9212 -0.931869 0.00323106 0.362761
-83.8996 39.1944 93.1989 -0.932283 0.000979203 0.361729
-84.1533 40.2992 92.5421 -0.932195 7.3846e-05 0.361956
-84.1296 42.2053 92.6296 -0.930289 -0.00713462 0.366758
-84.1323 42.5526 92.6296 -0.929728 -0.0047847 0.368204
-84.1251 43.4374 92.6535 -0.928729 -0.00429918 0.370727
