-83.9922 -43.152 95.4458 -0.956487 0.0100497 0.291603
-83.7943 -41.9554 96.0542 -0.956371 0.00759847 0.292047
-83.7359 -42.9021 96.2819 -0.957186 0.010732 0.289276
-83.6451 -43.9488 96.6209 -0.957045 0.00928092 0.289792
-83.6477 -45.1652 96.6513 -0.957004 0.00940769 0.289923
-83.88 -45.3418 95.8906 -0.956984 0.00954763 0.289982
-83.7788 -43.9955 96.181 -0.957115 0.0101025 0.28953
-83.9627 -43.7542 95.5632 -0.956845 0.0104802 0.290408
-84.1861 -43.4009 94.8181 -0.956383 0.0102906 0.291935
-84.1725 -44.8469 94.9132 -0.956322 0.0097051 0.292154
-84.1481 -46.0573 95.0335 -0.956355 0.00979684 0.292042
-83.9725 -46.8372 95.6357 -0.958404 0.011941 0.285133
-83.5443 -46.456 97.04 -0.957329 0.011432 0.288773
-83.4583 -45.1921 97.2775 -0.95678 0.00921088 0.290665
-83.4467 -43.5141 97.2623 -0.957151 0.0100899 0.289413
-83.4851 -41.621 97.0809 -0.958164 0.00706481 0.286132
-83.9505 -41.0912 95.5338 -0.959728 -0.00507877 0.280885
-84.1508 -41.9094 94.8886 -0.956257 0.00517242 0.292482
-84.1859 -43.1277 94.8094 -0.956511 0.0100607 0.291522
-84.1919 -43.2824 94.795 -0.956487 0.0100497 0.291603
-84.4106 -43.3164 94.0805 -0.956277 0.0106075 0.29227
-84.4188 -44.4253 94.093 -0.9563 0.00968502 0.292227
-84.4185 -45.6424 94.1344 -0.956307 0.00969957 0.292203
-84.3786 -46.7657 94.2852 -0.957549 0.00150462 0.288265
-84.1833 -47.6136 94.9462 -0.959724 0.0106026 0.280743
-83.8873 -47.7561 95.9578 -0.9573 0.0132508 0.288791
-83.4611 -47.6322 97.3626 -0.957167 0.012758 0.289253
-83.2745 -46.157 97.9148 -0.956332 0.011666 0.292048
-83.2483 -45.1409 97.9652 -0.95658 0.00948585 0.291314
-83.2407 -43.7824 97.9483 -0.957809 0.00331481 0.287298
-83.2436 -42.5233 97.9201 -0.960484 0.010303 0.278142
-83.25 -41.2975 97.8608 -0.957444 -0.000288069 0.288518
-83.4139 -40.3957 97.3454 -0.956602 -0.00724138 0.291306
-83.8618 -40.2206 95.8524 -0.959741 -0.00501353 0.280842
-84.1541 -40.3129 94.8535 -0.959477 -0.00622105 0.281716
-84.3519 -41.082 94.2025 -0.959099 0.00835992 0.282946
-84.388 -42.3613 94.1188 -0.957988 0.0113959 0.286543
-84.3907 -42.4894 94.1156 -0.95657 0.0111564 0.291286
-84.6181 -42.4823 93.3658 -0.956884 0.0129284 0.290181
-84.6431 -44.0031 93.3437 -0.956877 0.0115008 0.290266
-84.6628 -45.224 93.3203 -0.956508 0.00959008 0.291549
-84.6503 -46.279 93.3711 -0.958936 -0.00207697 0.283597
-84.5856 -47.9214 93.6007 -0.959294 0.00271026 0.282394
-84.323 -48.4534 94.5058 -0.959722 0.01733 0.280409
-83.8979 -48.5526 95.9638 -0.958661 0.014079 0.28415
-83.5331 -48.5906 97.1711 -0.956968 0.0139797 0.289858
-83.2362 -48.2285 98.1382 -0.957476 0.0131555 0.288213
-83.0811 -47.1246 98.5871 -0.956122 0.014462 0.292603
-83.0475 -45.7892 98.6486 -0.956831 0.00929831 0.290494
-83.0373 -44.7893 98.6489 -0.956943 0.00928208 0.290126
-83.0338 -43.7891 98.647 -0.95877 -0.00196883 0.284177
-83.0233 -41.9502 98.6562 -0.958842 0.0120741 0.28367
-83.0457 -40.4838 98.5488 -0.955845 -0.00772772 0.293771
-83.351 -39.5245 97.5733 -0.956603 -0.00724047 0.291305
-83.7211 -39.4497 96.3508 -0.959434 -0.00763542 0.281829
-84.0994 -39.4036 95.0631 -0.959433 -0.00760439 0.281834
-84.3963 -39.5795 94.0493 -0.959589 -0.00772507 0.281298
-84.5685 -40.4069 93.4621 -0.958237 -0.000685921 0.285971
-84.5997 -41.6495 93.3856 -0.956877 0.0139104 0.290161
-84.6077 -42.0235 93.3774 -0.956893 0.0142323 0.290091
-84.8306 -41.7446 92.6285 -0.956878 0.0142261 0.290143
-84.8591 -40.4477 92.5027 -0.957293 0.00588193 0.288989
-84.7979 -39.2901 92.6821 -0.959988 0.00194799 0.280018
-84.5433 -38.6711 93.5575 -0.961454 0.00624434 0.274882
-84.1302 -38.3935 94.9864 -0.959368 -0.00796372 0.282046
-83.8288 -38.4861 96.0098 -0.959362 -0.00743839 0.282082
-83.538 -38.5824 96.9964 -0.957938 -0.00999515 0.286749
-83.1109 -38.5245 98.3625 -0.951836 0.004952 0.30655
-82.8544 -39.3439 99.174 -0.951742 0.0101227 0.306732
-82.7196 -40.5787 99.6072 -0.956994 0.00344595 0.289845
-82.784 -42.2084 99.4699 -0.956882 0.0128675 0.290189
-82.7784 -43.2742 99.5091 -0.958666 0.00109926 0.284531
-82.7719 -44.3095 99.5289 -0.959001 -0.00047955 0.283401
-82.7691 -45.3501 99.5561 -0.957319 0.00760115 0.288926
-82.7546 -46.4166 99.6278 -0.956396 0.0102364 0.291887
-82.7964 -47.4643 99.5207 -0.953991 0.0107716 0.299589
-82.8829 -48.4802 99.2991 -0.953815 0.0131401 0.300096
-83.1841 -49.4887 98.3687 -0.956032 0.0111562 0.293006
-83.482 -49.4909 97.3834 -0.95684 0.0146015 0.290246
-83.776 -49.4853 96.4148 -0.956732 0.0153426 0.290566
-84.1277 -49.4764 95.2373 -0.959594 0.0175253 0.280823
-84.4807 -49.4222 94.0175 -0.959679 0.0146787 0.280706
-84.8674 -48.3473 92.6589 -0.958535 0.0101184 0.284778
-84.9132 -47.2688 92.4794 -0.960151 -0.00946707 0.279127
-84.889 -46.2298 92.5707 -0.95834 -0.00479278 0.285591
-84.9113 -44.769 92.49 -0.956692 0.0105827 0.290907
-84.8985 -43.6202 92.4865 -0.956892 0.0115259 0.290216
-84.892 -43.0777 92.4865 -0.956888 0.0115379 0.290226
-84.9125 -42.5247 92.3968 -0.956879 0.0128937 0.290199
