-88.4549 -9.94726 87.6265 -0.910841 0.00170952 0.412753
-88.3311 -8.75428 87.8952 -0.909129 -0.00459292 0.416424
-88.1579 -9.44936 88.2823 -0.912068 0.00115933 0.410037
-88.1316 -10.6475 88.3395 -0.909173 -0.00834163 0.416334
-88.391 -10.4103 87.7695 -0.912059 -0.00543163 0.409949
-88.7594 -10.4417 86.9419 -0.913429 -0.0125721 0.406803
-88.5222 -12.0719 87.4244 -0.913668 -0.012448 0.406272
-88.2874 -12.3416 87.9442 -0.913664 -0.0124354 0.406279
-87.9397 -11.6474 88.7362 -0.90919 -0.00955168 0.416273
-87.8646 -10.4476 88.9256 -0.909053 -0.0073846 0.416615
-87.9148 -9.14536 88.8221 -0.911965 -0.00048591 0.410266
-88.1041 -8.03794 88.4114 -0.910172 -0.0107004 0.414092
-88.6479 -8.1744 87.2258 -0.907489 -0.0108589 0.419935
-88.7851 -9.46874 86.8963 -0.909067 -0.00443183 0.416563
-88.7915 -9.97318 86.8842 -0.91209 -0.00539725 0.40988
-89.1015 -9.9501 86.1895 -0.912995 -0.0130434 0.407761
-89.0695 -8.90069 86.291 -0.912327 -0.0106677 0.409323
-88.9452 -7.87579 86.5905 -0.907588 -0.0106593 0.419727
-88.6576 -6.931 87.2258 -0.911132 0.00296305 0.412103
-88.2549 -6.66163 88.1162 -0.910995 -0.00886095 0.41231
-87.8387 -7.50831 89.0085 -0.910348 -0.011163 0.413692
-87.6648 -8.61006 89.3804 -0.911128 -0.000994148 0.412121
-87.5753 -10.166 89.5622 -0.909726 -0.00829757 0.415125
-87.64 -11.6698 89.3903 -0.91078 -0.00645475 0.412811
-87.7722 -12.6855 89.0882 -0.91235 -0.0106597 0.409199
-87.8709 -13.7124 88.8261 -0.91107 -0.0161353 0.411937
-87.9771 -14.7234 88.5549 -0.910828 -0.0113728 0.412618
-88.2698 -15.351 87.8901 -0.913081 -0.00857596 0.407688
-88.4718 -14.2393 87.4669 -0.912751 -0.0116775 0.408348
-88.7173 -12.7729 86.964 -0.913696 -0.0125968 0.406202
-88.8918 -11.6978 86.6047 -0.913513 -0.0130275 0.406601
-89.0584 -10.5565 86.2675 -0.913213 -0.0127329 0.407284
-89.3913 -10.3718 85.5266 -0.913165 -0.0134651 0.407367
-89.3968 -9.22572 85.5528 -0.912717 -0.0119994 0.408413
-89.2213 -7.5512 85.9721 -0.914821 0.00128146 0.403855
-89.0058 -6.68805 86.4536 -0.912899 0.00260232 0.408155
-88.668 -5.98146 87.2029 -0.913107 -0.00650368 0.407667
-88.0042 -5.94565 88.6839 -0.911763 -0.00692652 0.410659
-87.6497 -6.7268 89.4469 -0.910639 -0.0116429 0.41304
-87.4547 -7.62773 89.8518 -0.911435 -0.00771051 0.411351
-87.3377 -9.31639 90.1018 -0.91067 -0.00472341 0.413091
-87.267 -10.9394 90.2177 -0.907411 -0.00507196 0.420143
-87.4354 -12.5188 89.8403 -0.912439 -0.00290673 0.409203
-87.5332 -13.5993 89.5799 -0.912251 -0.0183519 0.409221
-87.708 -15.2704 89.1399 -0.911315 -0.00858122 0.41162
-87.9332 -16.5733 88.6068 -0.91044 -0.0167227 0.41328
-88.3442 -16.8048 87.6796 -0.913757 -0.0152722 0.405974
-88.6162 -15.8077 87.1043 -0.913668 -0.0119964 0.406268
-88.7775 -14.6335 86.7732 -0.912503 -0.0118129 0.408899
-88.8979 -13.6367 86.5299 -0.914383 -0.012778 0.404643
-89.103 -12.2969 86.1113 -0.913691 -0.0127642 0.40621
-89.2785 -11.2259 85.7524 -0.913205 -0.0132711 0.407283
-89.289 -11.161 85.7309 -0.913265 -0.0130373 0.407157
-89.5289 -11.5885 85.1792 -0.913205 -0.0132711 0.407283
-89.3 -13.0065 85.6471 -0.911194 -0.0104895 0.41183
-89.1705 -13.9986 85.903 -0.914654 -0.0110556 0.404086
-89.0406 -15.1727 86.1653 -0.91277 -0.00700479 0.408367
-88.8154 -16.6837 86.6241 -0.908961 -0.0122883 0.4167
-88.5556 -17.5519 87.1734 -0.913275 -0.0178638 0.406943
-88.1435 -17.9547 88.0742 -0.912288 -0.0195245 0.409084
-87.7663 -17.3794 88.9407 -0.910172 -0.017773 0.413825
-87.5147 -16.3101 89.5283 -0.908589 -0.0155724 0.417401
-87.3858 -15.3422 89.84 -0.908686 -0.0129451 0.417279
-87.2256 -13.6207 90.2657 -0.914632 -0.0150369 0.404008
-87.1413 -12.6484 90.4953 -0.912253 -0.0104491 0.409424
-86.9646 -11.0611 90.8726 -0.907924 0.00292871 0.419125
-86.9705 -10.0281 90.8844 -0.907083 -0.0120615 0.420779
-87.0553 -8.96463 90.7282 -0.910905 -0.00430701 0.412582
-87.1244 -7.79986 90.5846 -0.912061 -0.00400403 0.410034
-87.2909 -6.73209 90.2384 -0.910777 -0.0116454 0.412735
-87.5702 -5.69465 89.652 -0.910382 -0.0153944 0.413471
-87.918 -5.14332 88.897 -0.914302 -0.0184668 0.404612
-88.3574 -5.05186 87.9136 -0.912541 -0.00675557 0.408926
-88.7646 -5.19748 87.0014 -0.912033 -0.010594 0.409981
-89.2281 -6.19569 85.9477 -0.913284 -0.00233698 0.407274
-89.4978 -7.24407 85.3447 -0.914872 0.00138733 0.40374
-89.6713 -8.81133 84.9504 -0.914538 -0.000121968 0.404497
-89.6809 -10.6257 84.8681 -0.913573 -0.0101871 0.406519
-89.6188 -11.035 84.9951 -0.912152 -0.0128402 0.409642
-89.9201 -11.1963 84.3242 -0.910625 -0.010966 0.413083
-89.6963 -12.4948 84.7854 -0.909782 -0.00943899 0.414977
-89.5418 -13.5297 85.0999 -0.909836 -0.0150373 0.414695
-89.4228 -14.5608 85.3266 -0.911346 -0.00650722 0.411573
-89.2288 -16.4336 85.7297 -0.909942 -0.0100281 0.414602
-89.045 -17.3763 86.1027 -0.909006 -0.0123424 0.416599
-88.7898 -18.195 86.6214 -0.911121 -0.0207692 0.4116
-88.0903 -18.7827 88.1556 -0.912544 -0.0184654 0.408562
-87.5939 -18.0845 89.2926 -0.911024 -0.0125056 0.412136
-87.3374 -17.1554 89.8832 -0.909127 -0.014501 0.416266
-87.1752 -16.2159 90.2726 -0.911743 -0.0165613 0.410415
-86.9879 -14.5182 90.7687 -0.914344 -0.0209328 0.404397
-86.9192 -13.5036 90.9637 -0.914665 -0.0147531 0.403944
-86.7487 -12.0072 91.3491 -0.908829 0.00463769 0.417142
-86.6393 -10.9455 91.5767 -0.908336 0.00343738 0.418227
-86.666 -9.89402 91.5485 -0.90866 -0.0151188 0.417262
-86.7592 -8.75118 91.3797 -0.909683 -0.00507819 0.415273
-86.8703 -7.10955 91.1565 -0.910976 -0.00758847 0.412367
-87.0787 -6.11117 90.7259 -0.911046 -0.0126788 0.41211
-87.3232 -5.22334 90.214 -0.909661 -0.0171021 0.414999
-87.6778 -4.46494 89.469 -0.911541 -0.0168746 0.410831
-88.3804 -4.28328 87.8781 -0.914443 -0.0094432 0.404549
-89.0416 -4.5896 86.4009 -0.91234 -0.0106005 0.409295
-89.3716 -5.38936 85.6428 -0.912555 -0.010664 0.408815
-89.7032 -6.62133 84.8846 -0.909265 -0.00737113 0.416104
-89.8895 -7.84546 84.4622 -0.91279 -0.00105067 0.408426
-89.9843 -8.84157 84.2453 -0.913992 -0.00669765 0.40562
-90.0497 -9.97385 84.0564 -0.912372 -0.0113166 0.409165
-89.9352 -11.1071 84.2934 -0.911775 -0.00943527 0.410564
-90.186 -11.4537 83.7305 -0.911456 -0.00829519 0.411311
-90.0523 -12.4185 84.0091 -0.909251 -0.00420927 0.416227
-89.9064 -13.3704 84.3138 -0.907007 -0.0089282 0.421006
-89.7454 -14.4154 84.6299 -0.906783 -0.0105345 0.421463
-89.5963 -16.2253 84.9224 -0.910906 -0.0077553 0.412541
-89.4715 -17.2001 85.1775 -0.909521 -0.0170008 0.415282
-89.1452 -18.3631 85.8323 -0.909517 -0.02309 0.415025
-88.8049 -19.1444 86.545 -0.912275 -0.018563 0.409157
-88.2695 -19.7334 87.7159 -0.912842 -0.0177928 0.407926
-87.7469 -19.3873 88.9057 -0.914104 -0.0140708 0.405236
-87.3487 -18.6668 89.8146 -0.909551 -0.0106096 0.415455
-87.0905 -17.8088 90.3997 -0.909345 -0.011966 0.415864
-86.9089 -16.8469 90.8374 -0.914541 -0.0200684 0.403981
-86.729 -15.3919 91.3132 -0.917571 -0.0165044 0.39723
-86.6479 -14.3193 91.5483 -0.914604 -0.017976 0.403938
-86.5671 -12.9836 91.745 -0.908484 -0.00437649 0.417894
-86.4017 -11.6635 92.101 -0.911848 0.00111368 0.410445
-86.3049 -10.6597 92.3287 -0.914455 -0.00591387 0.404638
-86.3477 -9.6225 92.2537 -0.914001 -0.0111525 0.405546
-86.4293 -8.54094 92.1046 -0.910534 -0.00658211 0.413372
-86.4931 -7.28588 91.993 -0.912437 -0.0106634 0.409078
-86.7057 -6.28451 91.5459 -0.911294 -0.0126217 0.411562
-86.9834 -5.11778 90.9668 -0.911119 -0.0126261 0.411949
-87.2399 -4.19285 90.4365 -0.908331 -0.0125445 0.418063
-87.6607 -3.45445 89.5379 -0.9126 -0.000645775 0.408839
-88.2403 -3.51396 88.2183 -0.916852 -0.00842803 0.399138
-88.7476 -3.52668 87.0799 -0.911692 -0.00917631 0.410772
-89.3959 -4.28182 85.6178 -0.912199 -0.0123544 0.409561
-89.6756 -5.11916 84.9718 -0.912207 -0.00891758 0.409628
-90.0445 -6.52577 84.1524 -0.906529 -0.00662324 0.42209
-90.2207 -7.53169 83.7367 -0.908286 -0.0153554 0.418069
-90.3225 -8.645 83.4888 -0.913659 -0.00846858 0.406341
-90.3933 -9.82862 83.3025 -0.910537 -0.008375 0.413343
-90.3463 -10.5005 83.3921 -0.906174 -0.00475864 0.422878
-90.3396 -10.5249 83.4062 -0.908918 -0.00608997 0.416874
