-1.57977 -28.348 50.7361 -0.0978333 0.0322079 0.994543
-1.05433 -29.3816 50.8143 -0.0431819 0.0331157 0.997982
-0.863921 -28.2976 50.7761 -0.0145328 0.0430581 0.998934
-1.50529 -27.8814 50.7362 -0.0658988 0.0363554 0.996373
-2.32762 -28.1296 50.6576 -0.0997937 0.0157165 0.994884
-1.98621 -26.9918 50.6724 -0.0649365 0.0355527 0.996532
-0.661919 -27.1256 50.7199 -0.0214812 0.0527716 0.998358
-0.200598 -28.107 50.7775 -0.0145328 0.0430581 0.998934
-0.446242 -29.7616 50.8347 -0.0105529 0.0365818 0.999275
-1.63007 -30.1693 50.7935 -0.073172 0.0210731 0.997081
-2.29568 -29.1931 50.7085 -0.0959565 0.0479386 0.99423
-2.34815 -28.2581 50.6576 -0.0978333 0.0322079 0.994543
-3.0781 -28.1875 50.5827 -0.0989502 0.0325505 0.994409
-2.93935 -29.4592 50.6589 -0.123541 0.0352693 0.991255
-2.14532 -30.8486 50.7646 -0.0754751 0.01462 0.997041
-1.11956 -31.1895 50.8425 -0.0535313 0.00674866 0.998543
0.15859 -30.1473 50.8595 -0.0151396 0.0475401 0.998754
0.576495 -28.723 50.8079 -0.0111833 0.0354222 0.99931
0.278982 -27.2681 50.7416 -0.0125309 0.0483399 0.99875
-0.467384 -26.3443 50.6926 -0.0179447 0.0212725 0.999515
-2.03021 -26.1569 50.6362 -0.0458558 0.0328681 0.998287
-2.95236 -27.1585 50.5758 -0.126088 0.0365213 0.991342
-2.99957 -27.4082 50.5787 -0.114685 0.0258957 0.992906
-3.72623 -27.2011 50.4767 -0.1288 0.0358755 0.991021
-3.38035 -26.1842 50.4874 -0.129319 0.0203072 0.991394
-2.59573 -25.4701 50.574 -0.0913632 0.0305055 0.994693
-1.61333 -25.2229 50.6195 -0.0573191 0.0446085 0.997359
-0.536189 -25.4434 50.6717 -0.0196629 0.022754 0.999435
0.352045 -26.0158 50.6885 -0.0040339 0.0225268 0.999738
0.924149 -26.8662 50.7317 -0.0139891 0.0473381 0.998781
1.2375 -27.9727 50.7603 0.0588494 0.0298348 0.997821
1.27396 -28.9939 50.7884 0.058694 0.0295641 0.997838
0.844627 -30.3858 50.8653 0.053886 0.0411567 0.997699
0.25507 -31.265 50.9167 -0.0353954 0.0292916 0.998527
-0.629671 -31.9457 50.8795 -0.0611818 0.0357073 0.997487
-1.69562 -31.993 50.8168 -0.0646318 0.0113106 0.997774
-2.57863 -31.4999 50.7221 -0.111779 -0.00180708 0.993731
-3.58786 -30.0027 50.5726 -0.150982 0.0241708 0.988241
-3.79461 -28.4966 50.5046 -0.160492 0.0283572 0.986582
-3.76981 -27.6841 50.4888 -0.149143 0.026352 0.988198
-4.51218 -27.8178 50.3633 -0.169438 0.0161221 0.985409
-4.31372 -26.4455 50.3736 -0.148876 0.0266028 0.988251
-3.81869 -25.4999 50.416 -0.151146 0.0380379 0.987385
-2.87414 -24.7503 50.5237 -0.0941013 0.0331042 0.994324
-1.87587 -24.4605 50.5709 -0.059021 0.0371016 0.997566
-0.592758 -24.6122 50.6509 -0.0551323 0.0391648 0.997706
0.447274 -25.0733 50.6681 -0.00591115 0.0205783 0.999771
1.20244 -25.8434 50.6881 -0.00966266 0.0344847 0.999271
1.8708 -27.3476 50.7039 0.0581937 0.0320246 0.997792
2.02845 -28.5392 50.7306 0.0588432 0.0298184 0.997822
1.77773 -30.051 50.8008 0.0546787 0.0419948 0.997621
1.35168 -31.0221 50.8641 0.0532697 0.0403207 0.997765
0.237923 -32.3141 50.9447 -0.0180683 0.0229329 0.99857
-0.691054 -32.8113 50.9062 -0.054917 0.0351151 0.997858
-1.70007 -32.82 50.8402 -0.0667899 0.0308584 0.99729
-2.77633 -32.3074 50.7239 -0.101495 0.0663695 0.99262
-3.63417 -31.487 50.6027 -0.132411 0.0115768 0.990835
-4.36175 -29.9837 50.4522 -0.153494 0.0246279 0.987842
-4.52376 -28.3921 50.3764 -0.168272 0.0339016 0.985157
-4.53263 -28.0743 50.364 -0.168905 0.0250547 0.985274
-5.285 -28.0174 50.2329 -0.169893 0.0249522 0.985101
-5.25701 -29.0303 50.2731 -0.168282 0.0335149 0.985169
-4.98257 -30.437 50.358 -0.169662 0.0139535 0.9854
-4.55193 -31.4254 50.4486 -0.172174 0.0153649 0.984947
-3.59262 -32.6158 50.6604 -0.138412 0.0565472 0.988071
-2.57711 -33.3599 50.7983 -0.068201 0.0321778 0.997152
-1.13133 -33.6272 50.9071 -0.0696697 0.037804 0.996853
0.131728 -33.3647 50.9654 -0.00159937 0.0292928 0.999209
1.20688 -32.4041 50.921 0.0263123 0.0125848 0.999574
1.97264 -31.4551 50.8507 0.0524032 0.0449527 0.997614
2.40929 -30.4721 50.7839 0.0587131 0.0418132 0.997391
2.73344 -29.0755 50.706 0.0708253 0.0503896 0.996135
2.75198 -28.0223 50.6709 0.0892807 0.0252784 0.995685
2.41539 -26.6094 50.6481 0.0564878 0.0278686 0.998003
1.9045 -25.5127 50.6489 0.0531742 0.0176827 0.998407
0.873088 -24.4599 50.6578 -0.00533764 0.0204601 0.999776
-0.272042 -23.9153 50.6394 -0.029526 0.0307392 0.998778
-1.25848 -23.6797 50.5771 -0.0577569 0.0377031 0.997618
-2.48875 -23.8186 50.5103 -0.0770465 0.0487455 0.995617
-3.77167 -24.4179 50.3629 -0.172704 0.0401456 0.98403
-4.5941 -25.229 50.2649 -0.172058 0.0557976 0.983505
-5.18134 -26.8898 50.2284 -0.194555 0.0397086 0.980087
-5.22301 -27.1315 50.2298 -0.183113 0.0272479 0.982561
-5.9257 -26.7908 50.076 -0.195519 0.0392392 0.979915
-5.56203 -25.5387 50.0936 -0.19401 0.0500016 0.979724
-4.97566 -24.5262 50.1606 -0.182069 0.0489823 0.981975
-4.2641 -23.8289 50.2611 -0.176327 0.0236696 0.984044
-3.19982 -23.266 50.4092 -0.0977943 0.063743 0.993152
-1.92941 -22.934 50.5092 -0.0761072 0.0499136 0.995619
-0.877187 -22.96 50.5687 -0.0532004 0.0408618 0.997747
0.465713 -23.3749 50.6329 -0.00650178 0.0205108 0.999768
1.5277 -23.9241 50.6454 0.0528512 0.0474256 0.997383
2.33908 -24.8414 50.6148 0.0569604 0.0152346 0.99826
2.92265 -25.8054 50.6017 0.0537326 0.0224527 0.998303
3.29153 -26.861 50.5864 0.107526 0.0261842 0.993758
3.50999 -28.4801 50.6144 0.089844 0.0259857 0.995617
3.40823 -29.4723 50.6768 0.0768765 0.0516394 0.995662
3.00628 -31.0425 50.7666 0.0677356 0.039991 0.996891
2.30017 -32.2677 50.8701 0.0611152 0.0444762 0.997099
1.28556 -33.3949 50.9426 0.0220955 0.0434319 0.998812
-0.24447 -34.3265 50.9772 -0.0184336 0.0379161 0.999094
-1.59129 -34.432 50.9066 -0.0744857 0.0529011 0.995817
-2.72192 -34.1673 50.8177 -0.0656785 0.0454365 0.996806
-3.60034 -33.6054 50.7119 -0.174872 0.056514 0.982962
-4.60284 -32.6043 50.4819 -0.173723 0.046616 0.983688
-5.41346 -31.3241 50.2977 -0.168094 0.0164077 0.985634
-5.82782 -30.1546 50.2111 -0.167614 0.0135419 0.985759
-5.9855 -29.115 50.1503 -0.170086 0.0336385 0.984855
-6.03549 -28.1071 50.1071 -0.202391 0.0454656 0.97762
-6.01982 -27.7318 50.0947 -0.214013 0.0359505 0.975982
-6.77332 -27.4481 49.9049 -0.230571 0.0358627 0.972388
-6.76946 -28.7736 49.9688 -0.234568 0.0572278 0.970414
-6.64494 -29.7696 50.0576 -0.20304 0.0446712 0.977545
-6.41374 -30.7902 50.1198 -0.166385 0.0157316 0.985931
-5.91331 -31.932 50.2227 -0.168123 0.0287185 0.98526
-5.29749 -32.8392 50.3702 -0.175132 0.0486127 0.983329
-4.19808 -34.1217 50.6376 -0.173975 0.0595702 0.982947
-3.32663 -34.734 50.795 -0.148537 0.0254521 0.988571
-2.08243 -35.1539 50.9099 -0.0725694 0.0533221 0.995937
-0.82676 -35.2253 51.0049 -0.0391841 0.0365514 0.998023
0.208474 -35.0103 51.0097 -0.00684412 0.0238902 0.999685
1.563 -34.1383 50.9672 0.0325984 0.0328379 0.998878
2.46728 -33.243 50.8984 0.060474 0.0318908 0.997592
3.29225 -32.1568 50.7955 0.071435 0.0415809 0.996578
3.83606 -30.9151 50.6997 0.0760471 0.043177 0.996139
4.10748 -29.6987 50.632 0.113919 0.0441125 0.991921
4.27736 -28.4506 50.5444 0.0848984 0.0441678 0.995232
4.01815 -26.7079 50.5049 0.103078 0.0385604 0.993925
3.73613 -25.7341 50.522 0.111548 0.0123185 0.993683
2.77832 -24.1941 50.5762 0.0638623 0.033877 0.997359
1.94568 -23.312 50.5937 0.0642489 0.0401623 0.997125
0.411024 -22.5235 50.6154 0.01539 0.0356877 0.998885
-0.861561 -22.2123 50.5414 -0.052695 0.0336206 0.998044
-1.95737 -22.1793 50.4637 -0.0940193 0.0528022 0.994169
-2.94328 -22.3683 50.3805 -0.0974014 0.0505394 0.993953
-3.89157 -22.7493 50.2989 -0.182023 0.0315673 0.982738
-5.08139 -23.529 50.0981 -0.193932 0.0376479 0.980283
-5.87214 -24.4778 49.9763 -0.202229 0.0509533 0.978012
-6.36074 -25.5414 49.9347 -0.197606 0.0524962 0.978867
-6.73508 -27.1217 49.903 -0.232139 0.0324198 0.972142
-7.51017 -26.9082 49.7105 -0.230891 0.0348503 0.972348
-7.52296 -27.9215 49.7473 -0.229805 0.0383235 0.972481
-7.39795 -29.2993 49.848 -0.235597 0.0576604 0.970138
-7.4802 -30.441 49.8828 -0.247942 0.0426427 0.967832
-6.7973 -31.8924 50.0681 -0.184054 0.0189655 0.982407
-6.20548 -32.6909 50.2048 -0.170514 0.0408927 0.984504
-5.58477 -34.0227 50.3838 -0.177329 0.0573159 0.982476
-4.69538 -34.6663 50.5837 -0.162208 0.0449708 0.985528
-3.18578 -35.7794 50.8425 -0.142954 0.037291 0.989023
-2.00309 -35.949 50.9537 -0.0712457 0.0446519 0.996459
-1.00284 -35.9989 51.0254 -0.00677046 0.0251817 0.999655
0.0081806 -35.9 51.0293 -0.00521631 0.0220172 0.999744
0.96727 -35.5652 51.0251 0.0175593 0.0230829 0.999358
1.97073 -34.8102 50.9695 0.0416364 0.0255143 0.998802
2.86052 -34.0316 50.8998 0.0628283 0.0329821 0.997452
3.54409 -33.1949 50.8204 0.0750299 0.0408287 0.996327
4.05181 -32.3206 50.748 0.071312 0.041474 0.996591
4.47796 -31.4288 50.662 0.137179 0.0551689 0.988947
4.72903 -30.1397 50.5617 0.145994 0.0512736 0.987954
4.93085 -29.0777 50.4843 0.144057 0.0427524 0.988645
4.97451 -27.5522 50.4259 0.142495 0.0260208 0.989448
4.7427 -26.3515 50.4167 0.10698 0.0250671 0.993853
4.17099 -24.8666 50.4512 0.121504 0.025685 0.992258
3.57823 -23.9558 50.5176 0.0943715 0.0168062 0.994337
2.74164 -23.0691 50.5326 0.0577688 0.036627 0.997627
1.93811 -22.4325 50.55 0.0426364 0.0369686 0.99831
0.986473 -21.9196 50.5762 0.0390926 0.02432 0.99894
0.00876165 -21.61 50.5595 -0.0237091 0.0524547 0.998341
-1.09095 -21.2843 50.4978 -0.0721203 0.0433429 0.9962
-2.11494 -21.3248 50.4037 -0.0942488 0.0521132 0.994184
-3.21878 -21.6009 50.3138 -0.114086 0.0620408 0.991279
-4.26646 -22.1175 50.2088 -0.160887 0.0476748 0.985214
-5.28116 -22.4783 50.0228 -0.192125 0.027655 0.980979
-5.81285 -23.3317 49.9425 -0.201148 0.0350236 0.978925
-6.72343 -24.4479 49.7971 -0.228666 0.0461335 0.972116
-7.04033 -25.4146 49.7551 -0.247223 0.0471163 0.967789
-7.44273 -26.1817 49.6949 -0.24756 0.0515788 0.967496
-7.45527 -26.6249 49.7144 -0.240556 0.0406975 0.96971
