10.27 -44.6277 49.8147 0.209777 -0.0413294 0.976685
10.5363 -43.5203 49.7762 0.230395 -0.0187028 0.972917
11.2697 -42.535 49.6213 0.230333 -0.0185114 0.972936
11.4292 -43.7419 49.5604 0.233123 -0.0219033 0.972191
10.8837 -44.787 49.6666 0.234579 -0.0249424 0.971776
10.745 -45.8754 49.6711 0.208913 -0.0326374 0.977048
10.2722 -44.8549 49.8003 0.194934 -0.0490435 0.979476
9.64475 -45.0947 49.9171 0.204041 -0.0601238 0.977114
9.80859 -46.3185 49.8292 0.186485 -0.0309138 0.981929
10.603 -46.8764 49.6655 0.186758 -0.0200037 0.982201
11.5377 -46.5587 49.4695 0.224913 -0.0105223 0.974298
11.9562 -45.3187 49.3983 0.235863 -0.0119809 0.971576
12.0836 -44.2271 49.3875 0.255614 -0.0282987 0.966348
12.0734 -43.1872 49.4173 0.246984 -0.0405572 0.96817
11.7294 -41.4738 49.5452 0.217252 -0.026341 0.97576
10.4683 -41.2496 49.8237 0.207163 -0.0123984 0.97822
9.82798 -42.0085 49.9503 0.202922 -0.00164385 0.979194
9.72109 -43.0879 49.9676 0.207177 -0.0133307 0.978179
9.68456 -44.2577 49.952 0.213481 -0.021279 0.976714
9.6388 -44.4578 49.9574 0.209777 -0.0413294 0.976685
8.95552 -44.2055 50.1099 0.203201 -0.0366519 0.978294
9.02357 -42.605 50.1055 0.168353 -0.021865 0.985421
9.19624 -40.9886 50.0922 0.203556 -0.0141473 0.978961
10.2054 -40.3834 49.8899 0.206698 -0.0111388 0.978332
11.8229 -40.433 49.5374 0.214744 -0.0106834 0.976612
12.5859 -41.2006 49.3602 0.217525 -0.018452 0.975852
12.7401 -42.5373 49.2741 0.246629 -0.0399849 0.968285
12.8033 -43.8017 49.2047 0.25306 -0.0321972 0.966853
12.7663 -44.8678 49.1917 0.248922 -0.00159773 0.968522
12.6801 -46.0968 49.2139 0.237368 -0.00835484 0.971262
12.2646 -47.4266 49.2979 0.225621 -0.0036681 0.974208
11.028 -47.6976 49.569 0.186004 -0.0194102 0.982357
9.92428 -47.6836 49.7778 0.186305 -0.0201983 0.982284
8.94476 -46.1726 49.9975 0.171577 -0.0260443 0.984826
8.92894 -45.1659 50.0616 0.203432 -0.0596789 0.977268
8.93293 -44.9388 50.0748 0.200081 -0.0566596 0.978127
8.22657 -44.9024 50.1995 0.156757 -0.0642507 0.985533
8.21258 -46.9721 50.104 0.171577 -0.0260443 0.984826
8.49425 -48.079 50.0271 0.171973 -0.0237128 0.984816
9.61501 -48.4565 49.8277 0.172525 -0.00116926 0.984875
10.6461 -48.4888 49.6311 0.187527 0.00442541 0.982249
11.6688 -48.4698 49.4292 0.228999 -0.0229961 0.973127
13.2883 -47.7347 49.0461 0.236408 -0.0130911 0.971566
13.4213 -46.4068 49.0252 0.248547 -0.00534046 0.968566
13.4997 -45.379 49.0028 0.245435 0.000506889 0.969411
13.5417 -44.2624 48.9998 0.251483 -0.0267467 0.967482
13.4784 -43.2225 49.0548 0.250975 -0.0427194 0.96705
13.4715 -41.957 49.1117 0.260114 -0.032089 0.964945
13.2898 -40.261 49.1826 0.264524 -0.00641767 0.964354
12.3382 -39.6168 49.4145 0.234623 0.0073534 0.972058
11.3267 -39.5209 49.6569 0.219052 -0.013044 0.975597
10.2385 -39.5295 49.8958 0.210235 -0.0225373 0.977371
9.15985 -39.6849 50.1148 0.190653 -0.0218467 0.981407
8.43603 -40.5305 50.246 0.191509 -0.00771402 0.98146
8.33574 -41.595 50.2566 0.173671 -0.0116146 0.98472
8.28283 -42.7957 50.2313 0.18786 -0.020612 0.981878
8.25643 -43.8641 50.2487 0.16042 -0.0105351 0.986418
8.2454 -44.304 50.2327 0.150978 -0.0496125 0.987208
7.37836 -44.4912 50.3484 0.136164 -0.0399761 0.989879
7.46749 -43.3546 50.3821 0.147297 -0.0254896 0.988594
7.52097 -42.3219 50.385 0.159385 -0.0123912 0.987137
7.58699 -41.2301 50.3921 0.164273 -0.0161713 0.986262
7.65723 -40.0147 50.3854 0.171909 -0.00588982 0.985087
8.62635 -38.9443 50.2317 0.167253 -0.0121523 0.985839
9.71973 -38.7051 50.0262 0.208925 -0.0223384 0.97753
11.4522 -38.7464 49.634 0.223746 -0.00707666 0.974622
12.8299 -38.8308 49.2885 0.235606 0.00886601 0.971808
14.1388 -39.4755 48.963 0.244299 -0.0235701 0.969356
14.35 -40.6863 48.8888 0.268002 -0.0130625 0.963319
14.2761 -41.7605 48.8907 0.269542 -0.0198647 0.96278
14.3508 -43.381 48.8163 0.254924 -0.0280502 0.966366
14.4594 -44.3718 48.7701 0.234116 -0.0189331 0.971982
14.3079 -45.9458 48.8003 0.24829 -0.00580978 0.968626
14.2656 -47.1004 48.7953 0.253741 -0.011299 0.967202
14.1208 -48.1378 48.8241 0.24796 -0.00509525 0.968726
13.4985 -49.2475 48.9739 0.234018 -0.0126987 0.972143
12.183 -49.2314 49.2893 0.234406 -0.0185653 0.971961
10.9885 -49.2972 49.5623 0.222471 -0.0267922 0.974571
9.90091 -49.3317 49.7769 0.172197 6.72846e-05 0.984929
8.87684 -49.4225 49.9395 0.162529 -0.0061534 0.986671
7.51739 -48.3722 50.1903 0.16898 -0.0230038 0.98535
7.42944 -47.1763 50.2341 0.170122 -0.0248156 0.98511
7.24448 -45.5864 50.3073 0.163393 -0.0468146 0.985191
7.36806 -44.9675 50.3306 0.14641 -0.0541688 0.987582
