-100.412 44.0145 73.4028 -0.919868 -0.00804216 0.392146
-100.279 43.0511 73.6945 -0.921083 -0.00605218 0.389307
-99.9409 43.4856 74.5027 -0.922105 -0.00430313 0.386916
-99.9608 44.5087 74.4736 -0.921066 -0.00774031 0.389329
-100.33 44.9572 73.6119 -0.920222 -0.00786343 0.391318
-100.411 44.018 73.4032 -0.91993 -0.00732122 0.392013
-100.704 44.3315 72.7229 -0.919868 -0.00804216 0.392146
-100.685 43.2703 72.7436 -0.920125 -0.00832088 0.391536
-100.336 41.8988 73.5474 -0.921701 -0.00391297 0.387882
-99.8386 42.172 74.7344 -0.922112 -0.00334419 0.38691
-99.6976 43.2096 75.0796 -0.922105 -0.00430313 0.386916
-99.674 44.2424 75.1492 -0.922395 -0.00505281 0.386216
-99.7569 45.2682 74.971 -0.920752 -0.00518812 0.390106
-100.02 46.1021 74.3581 -0.918095 -0.00227408 0.396309
-100.664 45.4876 72.8562 -0.917223 -0.0163833 0.398038
-100.688 44.7294 72.7682 -0.918521 -0.0119772 0.395151
-101.004 44.8594 72.0466 -0.915995 -0.0157926 0.400876
-100.998 43.489 72.0242 -0.917649 -0.00748261 0.39732
-100.913 41.8431 72.1756 -0.919321 -0.0129532 0.393288
-100.34 41.0497 73.5183 -0.923176 -0.00931979 0.384264
-99.8416 41.1262 74.7218 -0.922749 -0.000345248 0.3854
-99.4682 42.0664 75.6178 -0.923219 -0.0011856 0.384268
-99.4103 43.8879 75.7743 -0.922367 -0.00505381 0.386282
-99.4246 44.9953 75.7521 -0.920954 -0.00441158 0.389647
-99.5758 46.5448 75.4071 -0.921188 -0.00203652 0.389112
-100.212 46.952 73.931 -0.915937 -0.00720545 0.401256
-100.666 46.8667 72.9035 -0.914342 -0.00675738 0.404886
-100.962 46.0409 72.1939 -0.916413 -0.0170928 0.399869
-100.984 45.5013 72.1205 -0.916418 -0.0170178 0.39986
-101.308 45.5378 71.3792 -0.916061 -0.0157276 0.400727
-101.308 44.4232 71.3399 -0.915396 -0.0137243 0.402319
-101.292 43.1756 71.3405 -0.916567 -0.00929767 0.399763
-101.251 41.9578 71.3941 -0.918482 -0.0153267 0.395164
-101.103 40.6757 71.6994 -0.919473 -0.0106115 0.393009
-100.695 40.3099 72.6464 -0.921537 -0.00994886 0.388139
-100.048 40.2747 74.2263 -0.925798 -0.00101111 0.378016
-99.4416 40.482 75.6796 -0.922916 -0.000376059 0.385002
-99.1903 41.5861 76.2859 -0.92396 -0.00118873 0.382485
-99.1434 42.8161 76.4039 -0.924933 0.000745932 0.380114
-99.1305 44.6919 76.4441 -0.920877 -0.00281164 0.389841
-99.1657 45.7244 76.3741 -0.921124 -0.00511929 0.389235
-99.2394 46.7216 76.2085 -0.922241 -0.0029169 0.386605
-99.584 47.501 75.3918 -0.921688 -0.0020198 0.387921
-100.162 47.7291 74.0608 -0.915995 -0.00745392 0.40112
-100.66 47.7427 72.9292 -0.915042 -0.00586415 0.403313
-101.08 47.5117 71.9701 -0.915757 -0.00561109 0.401695
-101.268 46.6498 71.5139 -0.91753 -0.0108782 0.397518
-101.279 46.263 71.4778 -0.917015 -0.0139616 0.398595
-101.612 46.1646 70.7131 -0.912148 -0.0152693 0.409562
-101.618 44.8761 70.6507 -0.913421 -0.0154063 0.406724
-101.609 43.7887 70.6358 -0.914898 -0.0119586 0.403506
-101.584 42.5064 70.6536 -0.914914 -0.0155293 0.40335
-101.556 41.4149 70.6728 -0.91365 -0.0124845 0.406279
-101.488 40.2639 70.7928 -0.911976 -0.0132833 0.410028
-101.13 39.6076 71.6087 -0.918908 -0.018408 0.393989
-100.621 39.5094 72.8165 -0.927065 -0.00307408 0.374881
-100.243 39.5106 73.7459 -0.925817 -0.00188174 0.377968
-99.6785 39.5726 75.1055 -0.921537 -0.00708637 0.388225
-98.9992 39.898 76.7309 -0.922624 -0.00691637 0.385639
-98.9022 41.0591 76.9843 -0.925307 -0.000919979 0.379218
-98.8632 42.3605 77.0843 -0.925363 -0.00218571 0.379076
-98.8482 43.5419 77.114 -0.925222 0.00273964 0.379415
-98.8582 44.7209 77.0875 -0.924662 -0.00696196 0.380594
-98.8947 46.5013 77.0361 -0.925124 -0.0053771 0.37961
-98.9692 47.499 76.8652 -0.923533 -0.00385836 0.383498
-99.2876 48.2349 76.1037 -0.922987 -0.002002 0.384821
-99.7226 48.4208 75.0589 -0.919743 0.00619494 0.392292
-100.126 48.4808 74.1419 -0.914526 0.0105782 0.404386
-100.556 48.5011 73.1741 -0.913766 0.00475937 0.406178
-100.998 48.4771 72.1688 -0.915688 0.00106995 0.401887
-101.442 48.2251 71.1535 -0.916633 -0.00825279 0.399629
-101.586 47.2502 70.804 -0.911287 -0.012394 0.411586
-101.588 47.024 70.7935 -0.911275 -0.0124646 0.41161
-101.965 46.8231 69.952 -0.911976 -0.0156317 0.409928
-101.956 45.7375 69.9228 -0.913265 -0.017185 0.406999
-101.92 44.4856 69.956 -0.913502 -0.0158429 0.406525
-101.974 43.0064 69.7852 -0.915189 -0.0112432 0.402868
-101.938 41.685 69.8259 -0.912569 -0.00825581 0.40884
-101.923 40.6794 69.8392 -0.911985 -0.0111506 0.41006
-101.836 39.6086 69.995 -0.911521 -0.0128204 0.411051
-101.483 38.851 70.7597 -0.913359 -0.00968261 0.407035
-100.783 38.5433 72.4035 -0.927116 -0.00394632 0.374746
-100.113 38.7339 74.0611 -0.923691 -0.00369931 0.38306
-99.7032 38.7346 75.0319 -0.921316 -0.00667212 0.388758
-99.3034 38.642 75.979 -0.922064 -0.00736109 0.386966
-98.8638 38.8632 77.04 -0.926101 -0.00557987 0.377229
-98.6365 39.7161 77.6157 -0.92666 -0.00727265 0.375827
-98.5466 41.4356 77.8543 -0.925989 -0.000904237 0.377549
-98.5002 42.4263 77.9717 -0.925345 0.000586868 0.379116
-98.5848 44.0169 77.7632 -0.928895 -0.00281571 0.370332
-98.5627 45.1183 77.8363 -0.928409 -0.00270571 0.371522
-98.5529 46.2145 77.8679 -0.925608 -0.00127312 0.378469
-98.6464 47.8979 77.6566 -0.925578 -0.007128 0.378486
-98.7314 49.0459 77.4843 -0.928563 -0.010222 0.371007
-99.2972 49.3288 76.0824 -0.925174 0.00355309 0.379524
-99.7294 49.3387 75.0354 -0.924452 0.00485364 0.381265
-100.205 49.3081 73.9386 -0.913333 0.0108476 0.407033
-100.712 49.2877 72.8132 -0.911895 0.00660539 0.410369
-101.181 49.275 71.7486 -0.912542 -0.0047749 0.40886
-101.643 49.1279 70.7336 -0.910486 -0.0110095 0.413388
-101.909 48.2093 70.1183 -0.911284 -0.0122005 0.411598
-101.961 47.7978 69.9892 -0.911238 -0.0121825 0.4117
-101.96 47.6309 69.9871 -0.911213 -0.0122907 0.411752
