93.1245 25.3443 89.9246 0.914646 0.00909771 0.404153
93.1684 26.8828 89.7923 0.911706 0.0162603 0.410407
93.3221 28.079 89.3903 0.909305 0.0220073 0.415548
93.4395 26.9193 89.1868 0.911323 0.0100654 0.411565
93.3688 25.8566 89.3642 0.911271 0.00651412 0.411755
93.326 25.5575 89.4632 0.91302 0.00736078 0.407821
93.6067 25.394 88.8446 0.91145 0.00491833 0.411381
93.4291 24.3951 89.2594 0.914171 0.0111476 0.405175
93.1233 23.4712 89.9753 0.914565 0.0109698 0.404289
92.9062 24.3091 90.445 0.914754 0.0107223 0.403869
92.8081 25.7806 90.6296 0.913985 0.0109192 0.405596
92.896 27.3951 90.3592 0.911079 0.0254932 0.411427
93.0831 28.4661 89.8911 0.908916 0.0224886 0.416372
93.4187 29.04 89.1276 0.90732 0.0131354 0.420111
93.4926 29.9607 88.9466 0.901673 0.017236 0.432074
93.5327 31.1596 88.8127 0.901747 0.0220932 0.431699
93.6175 32.1723 88.5826 0.897886 0.0326926 0.438832
93.7864 33.1661 88.1577 0.883523 0.0424838 0.466457
94.0853 33.9496 87.5254 0.882545 0.0301196 0.469152
94.3643 34.8747 86.968 0.881312 0.0170847 0.472225
94.4665 35.8757 86.746 0.879035 0.0244441 0.476033
94.5492 36.9193 86.6041 0.856134 -0.00592731 0.51672
94.6826 37.9812 86.3955 0.85553 -0.00278202 0.517734
94.8691 39.0216 86.0859 0.854752 0.00120918 0.519035
94.9283 40.1567 85.9857 0.854411 0.00339409 0.519581
94.9649 41.248 85.9266 0.851773 -0.000590153 0.523911
95.0726 42.3379 85.7525 0.854397 0.00227702 0.519601
95.5887 43.5489 84.8844 0.855223 0.00738927 0.518208
96.0431 42.6655 84.1448 0.855776 0.00548284 0.517317
96.2525 41.4097 83.8113 0.855677 0.00576292 0.517477
96.0716 40.2156 84.1155 0.852861 -0.000271335 0.522138
95.7803 39.2973 84.5902 0.85298 -0.000853918 0.521943
95.4114 38.1738 85.1841 0.857898 -0.0141346 0.513626
94.9136 37.7796 86.0045 0.859374 -0.0109741 0.511211
94.753 36.7934 86.261 0.861003 -0.00788957 0.508538
94.5959 35.8008 86.5105 0.869217 0.00203678 0.49398
94.4694 34.8147 86.7743 0.878831 0.0144805 0.476891
94.3451 33.7617 87.0447 0.884905 0.0236897 0.465035
94.1381 32.6237 87.5139 0.89086 0.0245641 0.453601
94.0284 31.4999 87.7723 0.893101 0.0129456 0.449669
93.7358 30.7283 88.4111 0.901174 0.0194485 0.433009
93.8513 29.5788 88.2006 0.904977 0.00356891 0.425445
93.8211 28.5027 88.2754 0.907305 0.0130521 0.420142
93.7752 27.476 88.4262 0.911196 0.0114807 0.411814
93.7402 26.4752 88.5302 0.912343 0.00701871 0.409367
93.6331 25.578 88.7838 0.911271 0.00651412 0.411755
93.8988 25.1903 88.1944 0.913048 0.00388083 0.407834
93.6011 23.668 88.8905 0.914946 0.00553258 0.403504
93.3617 22.7195 89.4357 0.91537 0.000345249 0.402614
93.0149 22.1896 90.2201 0.914741 -0.000613129 0.404041
92.7786 23.08 90.7567 0.914842 -0.000629576 0.403812
92.6025 24.1719 91.1354 0.914484 0.0102051 0.404494
92.5093 25.4588 91.309 0.913818 0.0128341 0.405917
92.5111 26.704 91.2659 0.913764 0.0201907 0.405675
92.6626 28.0983 90.8318 0.911113 0.0261231 0.411297
92.8809 29.0342 90.2993 0.908099 0.0253596 0.417986
93.102 30.0976 89.7644 0.907015 0.0195491 0.420645
93.2102 31.1422 89.4875 0.901517 0.0200458 0.432273
93.3207 32.6565 89.1315 0.894308 0.0424019 0.445438
93.5147 33.8411 88.6223 0.8885 0.0337927 0.457622
93.792 34.7569 88.0429 0.882664 0.0199776 0.46958
94.0279 35.718 87.5649 0.880742 0.0261104 0.472791
94.1409 36.7136 87.2858 0.879213 0.0326658 0.475307
94.2649 37.7069 87.0844 0.855735 -0.00267097 0.517397
94.4135 38.6899 86.8383 0.855089 0.00073286 0.51848
94.5299 39.754 86.6434 0.854411 0.00339409 0.519581
94.5978 40.8698 86.523 0.851773 -0.000590153 0.523911
94.6544 42.0222 86.4324 0.850479 0.00410067 0.525965
94.8897 43.3333 86.0334 0.848835 0.00794621 0.528597
95.35 44.2984 85.2677 0.854207 0.00461508 0.519901
95.9748 44.2347 84.2455 0.853299 0.00182791 0.521419
96.4625 42.8078 83.4493 0.855971 0.00578037 0.516991
96.6558 41.772 83.1402 0.855815 0.00565222 0.517251
96.6355 40.7076 83.1862 0.855879 0.0061275 0.51714
96.2758 39.3718 83.7816 0.85537 -0.0103592 0.5178
95.9685 38.5187 84.2592 0.858484 -0.0177657 0.512519
95.6015 37.5535 84.8493 0.858919 -0.0146032 0.5119
95.1495 36.3283 85.5825 0.86149 -0.0104559 0.507659
94.8768 35.2228 86.0186 0.869217 0.00203678 0.49398
94.7266 34.1888 86.3194 0.878831 0.0144805 0.476891
94.5914 33.1461 86.6109 0.880196 0.0142516 0.474374
94.3769 31.6828 87.0754 0.891845 0.0104086 0.452209
94.244 30.5435 87.3681 0.898428 0.00313164 0.439102
94.1629 29.2472 87.5416 0.899166 0.00263156 0.4376
94.1138 28.0503 87.6573 0.907305 0.0130521 0.420142
94.0934 26.9508 87.732 0.914862 0.00726914 0.403702
94.0141 26.0164 87.9276 0.912738 0.00562028 0.408504
94.3203 25.8238 87.2366 0.915117 0.0055172 0.403149
94.4065 26.8839 87.0331 0.902175 -0.00378115 0.431353
94.4686 28.4367 86.9194 0.900793 -0.000652702 0.434215
94.5367 29.77 86.7703 0.899166 0.00263156 0.4376
94.6205 30.7527 86.5963 0.898428 0.00313164 0.439102
94.7962 32.001 86.2362 0.894128 -0.00755896 0.447669
94.9562 33.1623 85.9336 0.880196 0.0142516 0.474374
95.0775 34.1337 85.6863 0.874518 0.0126788 0.484826
95.3527 35.4221 85.2137 0.862064 -0.0123823 0.506648
95.6616 36.4496 84.7117 0.862741 -0.0170401 0.505337
96.048 37.486 84.095 0.859876 -0.0149868 0.510283
96.421 38.4914 83.5041 0.857345 -0.020833 0.51432
96.7652 39.4523 82.9685 0.859593 -0.0212417 0.51052
97.0806 40.7202 82.442 0.861308 0.00419765 0.508066
97.0482 42.009 82.4861 0.861813 0.00585072 0.507188
96.8639 43.0105 82.7819 0.856093 0.00609436 0.516787
96.6173 43.8986 83.1811 0.857436 0.000368997 0.51459
96.2607 45.1058 83.7746 0.855368 0.000876435 0.518004
95.5113 45.3745 84.9974 0.852787 0.00454176 0.522239
94.9969 44.8801 85.8383 0.848399 0.0068799 0.52931
94.6136 43.9781 86.4671 0.848827 0.00794506 0.528612
94.323 42.8096 86.9521 0.849157 0.00893874 0.528065
94.2586 41.6241 87.0757 0.850539 0.00412006 0.525867
94.1975 40.3887 87.1816 0.853626 0.00570244 0.520855
94.072 39.1108 87.3972 0.854198 0.00272241 0.519939
93.8416 37.5434 87.7835 0.860422 0.0129616 0.509053
93.7331 36.5642 88.0503 0.879606 0.0341386 0.474474
93.5567 35.6012 88.4428 0.867778 0.0348005 0.49571
93.2891 34.6757 88.9687 0.867653 0.0432497 0.495123
93.0311 33.3951 89.6314 0.890835 0.0661545 0.449213
92.9332 32.235 89.9544 0.900428 0.0461473 0.432551
92.8566 30.874 90.2568 0.903811 0.0328535 0.426435
92.7 29.8215 90.6451 0.908036 0.0222656 0.418291
92.378 28.4001 91.4626 0.917612 0.0271886 0.396508
92.2172 26.9206 91.9143 0.915542 0.0246342 0.401437
92.189 25.8912 92.018 0.914403 0.0138265 0.404569
92.2773 24.1679 91.8707 0.914466 0.0106488 0.404522
92.5257 22.6147 91.3287 0.914824 -0.000757938 0.403852
92.7126 21.7171 90.904 0.914789 -0.000533189 0.403932
92.8742 20.7172 90.5564 0.924251 0.0190166 0.381311
93.1112 20.9084 90.0101 0.914444 0.00397927 0.404692
93.4787 21.9163 89.1698 0.914571 0.00162279 0.404414
93.7289 22.8228 88.6007 0.914741 0.00117435 0.404035
93.9597 23.7466 88.0766 0.912663 0.00167619 0.408705
94.1465 24.6465 87.6477 0.912315 0.00767609 0.409414
94.2231 25.1581 87.4644 0.91397 0.00731885 0.405698
94.5344 24.9809 86.772 0.910792 0.00900793 0.412732
94.361 23.8579 87.185 0.911265 0.00558376 0.411752
94.1207 22.9725 87.7214 0.913277 0.00191455 0.407334
93.8709 22.0392 88.2846 0.914092 0.0023664 0.405499
93.6297 21.09 88.8358 0.914686 0.00322284 0.404152
93.4401 20.1026 89.2722 0.915172 -0.00049735 0.403046
93.394 19.1066 89.3666 0.915393 -0.00381825 0.402543
93.523 17.8958 89.0738 0.923301 -0.00212957 0.384069
93.7115 17.0151 88.6181 0.91912 -0.00387266 0.393837
93.9006 15.7152 88.175 0.917406 0.00101172 0.397951
93.8882 13.7981 88.2162 0.916006 0.000919041 0.401145
93.8686 12.6392 88.2534 0.916392 -0.00660063 0.400195
93.8888 11.5928 88.1803 0.918156 -0.00776345 0.396143
93.9167 10.5353 88.0954 0.918605 -0.00703835 0.395113
93.9237 9.36905 88.0586 0.919575 -0.0041628 0.392892
93.8722 8.28438 88.1689 0.92044 -0.00950707 0.390714
93.6681 7.12445 88.624 0.926727 -0.00284335 0.375723
93.3488 6.11598 89.4054 0.927228 -0.00251863 0.374489
93.0388 5.4922 90.1672 0.928113 -0.00790619 0.372215
92.6277 5.51323 91.1912 0.924203 0.000786256 0.381799
92.1962 6.08616 92.21 0.922031 0.00545207 0.387077
91.9479 7.21235 92.7983 0.924257 -0.00429828 0.381746
91.8718 8.44919 92.9963 0.924351 -0.00417703 0.381519
91.9107 10.1814 92.907 0.924123 -0.00230883 0.382087
91.9879 11.1959 92.7299 0.923539 -0.00591751 0.383448
92.1105 12.2063 92.4572 0.922648 -0.00404974 0.385603
92.2521 13.3479 92.1186 0.923274 0.00149918 0.384138
92.3642 15.0331 91.8494 0.923513 -0.00125387 0.383565
92.4936 16.9505 91.5461 0.923483 -0.00223133 0.383632
92.6598 18.0376 91.1537 0.921173 0.000954951 0.389151
92.7217 19.7779 90.9696 0.924768 0.00740087 0.380458
92.573 20.766 91.2853 0.924484 0.018685 0.380762
92.3497 21.8409 91.7696 0.922982 0.0133807 0.384608
92.1607 22.8208 92.1878 0.920044 0.0166183 0.391389
91.9722 24.0038 92.5691 0.917487 0.0162519 0.397432
91.8937 25.0562 92.714 0.914372 0.0122709 0.404687
91.8873 26.2722 92.69 0.915626 0.0119057 0.401854
91.9523 27.6451 92.4847 0.91595 0.0199879 0.400795
92.1445 28.9383 91.9604 0.917763 0.0322952 0.395813
92.3601 29.9208 91.3788 0.913158 0.0286698 0.406398
92.5236 30.9177 90.9477 0.901361 0.0446343 0.430761
92.5904 32.2966 90.6612 0.900704 0.0460466 0.431986
92.6315 33.4106 90.4364 0.897322 0.0715057 0.435368
92.8782 34.8842 89.6765 0.875627 0.0546923 0.478941
93.2111 36.0808 89.0086 0.867288 0.0395204 0.496236
93.4296 37.3403 88.5205 0.868133 0.0404737 0.494676
93.5517 38.3943 88.2534 0.869196 0.0216081 0.493994
93.7575 39.8111 87.9051 0.85202 0.00520816 0.523483
93.8671 41.0897 87.7142 0.850568 0.00682768 0.52581
93.86 42.4156 87.7047 0.850611 0.00866136 0.525725
94.0291 43.5461 87.4122 0.84988 0.00883607 0.526901
94.4097 44.7812 86.7784 0.848363 0.0092115 0.529333
94.7549 45.5388 86.2176 0.848381 0.00672622 0.529339
95.4351 46.1786 85.1143 0.850901 0.00648805 0.525274
95.9686 46.308 84.243 0.852401 0.00436125 0.52287
96.5952 45.6627 83.2159 0.857833 0.000892176 0.513927
96.8834 44.5714 82.737 0.857827 0.00107912 0.513937
97.2221 43.3695 82.1759 0.863148 0.00455203 0.50493
97.4755 41.6632 81.7633 0.862134 0.00748082 0.506625
97.4706 40.4295 81.7832 0.863384 -0.00363591 0.504456
97.1767 39.2756 82.2613 0.86345 -0.0175291 0.504097
96.8462 38.3838 82.7839 0.861642 -0.022587 0.507013
96.5078 37.4605 83.3177 0.863227 -0.0216278 0.504337
96.0373 36.1592 84.0625 0.861362 -0.0207975 0.507565
95.7103 35.1554 84.5944 0.864151 -0.0126464 0.503074
95.445 34.1624 85.0128 0.881639 -0.0325845 0.47024
95.3053 33.1007 85.2617 0.889024 -0.00876997 0.457776
95.1811 32.095 85.4839 0.891886 -0.0132199 0.452057
94.9913 30.9443 85.8347 0.896245 -3.65303e-05 0.443513
94.8555 29.5447 86.1158 0.899194 0.00148198 0.437546
94.8091 28.5233 86.2091 0.90175 -0.00512453 0.432227
94.7624 27.5081 86.2943 0.901882 -0.00425776 0.43196
94.6768 26.1283 86.4657 0.904298 -0.00466987 0.426829
94.6227 25.5587 86.5691 0.907348 -0.000710537 0.420281
94.9406 25.3994 85.8847 0.905536 -0.00906654 0.424171
95.0806 27.0358 85.6257 0.903727 -0.00741404 0.428007
95.1226 28.2009 85.5481 0.906439 -0.00325504 0.422325
95.1827 29.5196 85.4431 0.901651 -0.00890945 0.432253
95.2686 30.5204 85.2649 0.900514 -0.00692166 0.434703
95.4449 31.5072 84.9448 0.891598 -0.0217055 0.452267
95.6103 32.6283 84.6572 0.888957 -0.0122099 0.457816
95.7757 33.8991 84.3746 0.881639 -0.0325845 0.47024
96.2294 35.3829 83.7091 0.870673 -0.0341463 0.489985
96.584 36.3672 83.1376 0.86527 -0.0219894 0.500823
96.9734 37.4619 82.5204 0.862663 -0.0287775 0.504959
97.4257 38.6674 81.8118 0.861505 -0.0220729 0.50727
97.7605 39.7189 81.2657 0.864307 -0.010673 0.502845
97.9166 40.8484 81.0232 0.860901 -0.00390952 0.508708
97.8254 42.3417 81.1584 0.86199 0.00778033 0.506866
97.5932 43.6616 81.539 0.86371 0.00716002 0.50393
97.1813 45.2195 82.2369 0.862729 0.000514954 0.505582
96.8869 46.2858 82.7262 0.859259 0.00224744 0.511535
96.1803 47.1211 83.891 0.852379 0.00466481 0.522904
95.6251 47.098 84.7953 0.851002 0.00607482 0.525121
94.9789 46.8197 85.8394 0.849121 0.00647432 0.528158
94.4939 46.1813 86.6277 0.848381 0.00672622 0.529339
94.1445 45.3792 87.1945 0.8475 0.00764271 0.530739
93.8006 44.3132 87.7629 0.848059 0.0107916 0.529791
93.5359 43.3806 88.2107 0.84937 0.0142828 0.527604
93.4499 42.1596 88.3723 0.849866 0.00727345 0.526946
93.4541 40.74 88.3836 0.849094 0.0086822 0.52817
93.307 39.3828 88.6415 0.851821 0.0105525 0.523696
93.1642 38.3202 88.9384 0.869196 0.0216081 0.493994
93.0349 37.3318 89.2157 0.869584 0.0329233 0.49261
92.8371 36.3057 89.6444 0.867279 0.039526 0.496251
92.5726 35.4381 90.1581 0.862519 0.0742292 0.498706
92.4006 34.5438 90.6999 0.898522 0.0821306 0.431174
92.2655 33.2823 91.2012 0.896555 0.0615441 0.438634
92.2528 32.1367 91.3837 0.898828 0.052846 0.435032
92.2038 31.0865 91.612 0.913753 0.0474965 0.403475
91.9903 29.954 92.2246 0.915001 0.0413998 0.401297
91.7667 28.7742 92.8458 0.914911 0.0366363 0.401985
91.6382 27.8186 93.194 0.916003 0.0200825 0.400669
91.576 26.2124 93.4011 0.91582 0.0115552 0.401422
91.5844 25.1263 93.4239 0.919236 0.0152528 0.393405
91.6748 23.8116 93.2634 0.917492 0.0162768 0.397422
91.9024 22.4567 92.8028 0.917399 0.0198787 0.397471
92.187 21.0892 92.1971 0.922309 0.0221307 0.385814
92.3717 20.1534 91.8042 0.923778 0.0197752 0.382411
92.4213 18.9199 91.7144 0.921177 0.00230476 0.389136
92.267 17.6772 92.0836 0.921214 0.000312112 0.389056
92.1427 16.608 92.3788 0.921468 0.00037333 0.388455
92.0738 15.3722 92.5444 0.921709 0.000572757 0.387881
92.0225 13.9437 92.6683 0.921841 0.000556674 0.387568
91.9001 12.8263 92.9595 0.922241 -0.00028626 0.386615
91.7401 11.7485 93.3354 0.923581 -0.00584075 0.383349
91.6679 10.7496 93.5007 0.924331 -0.0036409 0.381574
91.5512 9.01737 93.7663 0.919081 -0.000521469 0.394067
91.6008 7.88118 93.6389 0.922678 -0.00208839 0.385563
91.6696 6.68864 93.465 0.923014 -0.00453641 0.384739
91.9271 5.58196 92.8537 0.921621 0.000723831 0.38808
92.3251 4.95569 91.9119 0.92279 -0.00333796 0.38529
92.7159 4.58551 90.9531 0.928012 -0.00757757 0.372473
93.1926 4.75701 89.7683 0.92695 -0.00703811 0.375105
93.5041 5.42521 89.0157 0.926565 -0.0045281 0.376099
93.7904 6.22617 88.3147 0.926124 -0.00365182 0.377201
94.0386 7.36853 87.7381 0.920947 -0.0154448 0.389382
94.2082 8.55711 87.384 0.920417 -0.0096389 0.390774
94.2003 9.78961 87.4215 0.91878 -0.00818386 0.394683
94.1874 10.9332 87.4725 0.918888 -0.00725399 0.394451
94.1699 12.0151 87.5354 0.919022 -0.00936536 0.394095
94.1738 13.4388 87.5519 0.918485 -0.00208462 0.395451
94.2319 15.1036 87.4123 0.91738 0.00206374 0.398004
94.1569 16.6371 87.5991 0.915609 -0.00613621 0.402024
93.9551 17.6027 88.0725 0.915522 -0.00615886 0.40222
93.7347 19.0275 88.5848 0.921604 -0.00957971 0.388002
93.7897 20.1942 88.4708 0.917397 -0.00240887 0.397961
93.9883 21.1453 88.0216 0.915328 -0.00191957 0.402694
94.2568 22.0866 87.4082 0.915494 -0.00102807 0.402324
94.6553 23.5745 86.5369 0.913554 -0.00955588 0.406605
94.9136 25.1747 85.9436 0.908241 0.0085115 0.41836
94.9315 25.3005 85.9021 0.906752 -8.23918e-05 0.421566
95.2378 25.025 85.2432 0.906752 -8.23918e-05 0.421566
95.3579 26.003 85.003 0.910446 -0.0083816 0.413542
95.4232 26.9965 84.8796 0.909411 -0.00904368 0.415799
95.4805 28.7801 84.7841 0.905116 -0.00976999 0.424984
95.5846 29.935 84.6137 0.901468 -0.0101214 0.432577
95.844 31.4636 84.1473 0.894687 -0.0258364 0.445939
95.9392 32.5779 84.0219 0.89113 -0.0208816 0.453129
96.1263 33.6034 83.6926 0.882948 -0.0349092 0.467637
96.3915 34.6868 83.3327 0.874217 -0.0560324 0.482291
96.7418 35.6117 82.8041 0.873131 -0.0542487 0.484452
97.1526 36.6494 82.1678 0.863973 -0.0255194 0.502875
97.6701 37.8423 81.3699 0.848939 -0.0201346 0.528105
97.9698 38.7226 80.8973 0.856817 -0.00420103 0.5156
98.2364 40.2379 80.4766 0.858402 -0.00923753 0.512894
98.2692 41.2972 80.4189 0.862424 0.00427376 0.506158
98.2167 42.9938 80.4837 0.861299 0.0087671 0.508021
97.913 44.1175 80.9803 0.864505 0.00936837 0.502536
97.5976 45.2873 81.5106 0.867418 -1.56468e-05 0.497579
97.3633 46.4108 81.9233 0.863736 0.000754645 0.503866
97.049 47.3849 82.4478 0.86152 0.00254513 0.507715
96.4933 47.8427 83.3739 0.852098 0.00483423 0.52336
95.8065 48.1525 84.4891 0.850815 0.00621719 0.525422
95.0248 47.7653 85.7537 0.849403 0.00717107 0.527696
94.436 47.1489 86.7068 0.848374 0.00756557 0.529344
93.9515 46.131 87.494 0.847309 0.00616299 0.531064
93.5677 45.1367 88.1194 0.848437 0.00808244 0.529231
93.2805 44.2281 88.5984 0.848997 0.0129151 0.528235
93.0812 43.2074 88.9475 0.849437 0.013753 0.527511
93.0651 41.9127 88.994 0.849259 0.00581652 0.527944
93.0311 40.3764 89.0696 0.849563 0.00954891 0.527399
92.8897 39.1906 89.3328 0.853377 0.0248329 0.520568
92.7199 37.9999 89.6952 0.852683 0.0373825 0.521089
92.5278 36.9312 90.0832 0.846264 0.0515949 0.530255
92.1549 35.6065 90.9121 0.880761 0.102296 0.462285
91.9435 34.4572 91.6385 0.897816 0.135118 0.417501
91.9146 33.3376 91.9553 0.912908 0.0660442 0.402761
91.9084 31.6918 92.2049 0.911713 0.050307 0.407714
91.7825 30.6336 92.6221 0.915002 0.0488442 0.400465
91.5636 29.726 93.2193 0.914388 0.039046 0.402949
91.4127 28.72 93.6525 0.914174 0.0300359 0.404165
91.2991 27.0246 94.0087 0.914968 0.0218413 0.402922
91.2699 26.0268 94.1202 0.91939 0.0171693 0.392971
91.2672 24.9933 94.1691 0.919225 0.0133313 0.393507
91.3642 23.5288 93.9923 0.918362 0.0148165 0.395456
91.5452 22.4131 93.6251 0.915029 0.0150376 0.403107
91.824 21.1121 93.0433 0.915842 0.0160352 0.401212
92.1125 19.8258 92.4265 0.917257 0.0113848 0.398127
92.0933 18.5509 92.4924 0.920781 0.00150799 0.390077
91.8687 17.4367 93.0242 0.920823 0.001758 0.389975
91.8224 16.4369 93.1398 0.921444 0.000467264 0.38851
91.7695 14.8775 93.268 0.921589 0.00150995 0.388164
91.7099 13.6762 93.4126 0.921947 0.000356334 0.387316
91.5752 12.7297 93.7334 0.919029 -0.00184653 0.39411
91.4215 11.3889 94.0793 0.917227 -0.00146814 0.398355
91.3527 10.3824 94.2316 0.918078 -0.00262557 0.396392
91.2283 9.25232 94.5186 0.918008 -0.000116725 0.396562
91.2326 7.97575 94.5075 0.918215 -8.34081e-05 0.396082
91.339 6.88438 94.2597 0.919619 -0.00239646 0.392711
91.4624 5.61842 93.9577 0.917689 -0.0087792 0.397202
91.8135 4.78637 93.1254 0.920204 -0.0050178 0.391326
92.1511 4.24664 92.3223 0.922016 -0.00287889 0.387136
92.7062 3.71797 90.9599 0.927967 -0.00754297 0.372585
93.1744 3.64291 89.7967 0.924984 -0.00441734 0.379977
93.4738 4.36673 89.0731 0.92596 -0.00607706 0.377573
93.9553 5.43934 87.9011 0.926917 -0.0031223 0.375254
94.2542 6.42669 87.1931 0.920128 -0.0120814 0.391423
94.4288 7.50854 86.823 0.920178 -0.0148923 0.391216
94.5403 9.00097 86.6087 0.921134 -0.00778787 0.389157
94.5419 10.3698 86.6277 0.922234 -0.00657552 0.386575
94.5196 11.4467 86.6978 0.922969 -0.00633952 0.384819
94.5263 12.9379 86.7109 0.924189 -0.00513092 0.381889
94.568 14.3694 86.6129 0.924019 0.000346191 0.382345
94.5391 15.3977 86.698 0.920012 -0.00734403 0.391821
94.5705 16.4063 86.642 0.919783 -0.00685661 0.392368
94.3961 17.3303 87.0606 0.917594 0.0102705 0.397372
94.1275 18.3984 87.6564 0.918911 0.0110661 0.394309
94.1083 19.4759 87.7096 0.922615 -0.0115393 0.385549
94.3533 20.8345 87.1733 0.919249 -0.0120718 0.393477
94.576 21.6653 86.6743 0.91619 -0.00462033 0.400685
94.8242 22.9029 86.1407 0.914044 -0.00959939 0.405502
95.1522 24.1477 85.4264 0.914247 -0.00791617 0.40508
95.1985 24.7491 85.3342 0.91117 0.000164692 0.411879
93.1483 18.181 89.9765 0.923226 0.00959434 0.384136
92.8384 17.379 90.7194 0.923522 -0.00279944 0.383535
92.7249 16.2256 90.9852 0.923533 -0.00247219 0.383511
92.6716 15.1576 91.1094 0.9236 -0.00126412 0.383355
92.5431 13.3889 91.4192 0.923321 0.00160214 0.384026
92.4308 12.3926 91.6928 0.921211 -0.00175872 0.389024
92.2374 10.7025 92.1215 0.923539 -0.00591751 0.383448
92.1628 9.56373 92.2965 0.923935 -0.00111032 0.382547
92.1868 8.00822 92.2281 0.923031 -0.00359851 0.384693
92.4163 6.73076 91.6804 0.921042 0.00338339 0.389448
92.785 6.31625 90.8047 0.927424 -0.0017265 0.374008
93.1854 6.79631 89.8146 0.92723 -0.00251255 0.374484
93.5272 8.01146 88.9765 0.926741 0.0019163 0.375667
93.634 9.02337 88.733 0.919632 -0.00354938 0.392766
93.6482 10.126 88.7124 0.919178 -0.00605209 0.393791
93.6178 11.1519 88.8019 0.928565 -0.00482695 0.371139
93.5834 12.1497 88.9022 0.927393 -0.00164556 0.374057
93.5623 13.203 88.9539 0.925962 8.65412e-05 0.377616
93.5917 14.2569 88.8923 0.916006 0.000919041 0.401145
93.6082 15.4701 88.8544 0.923005 -0.003665 0.38477
93.3404 17.2037 89.5089 0.923012 -0.00162259 0.384769
93.1533 18.122 89.966 0.923516 0.00326449 0.3835
93.0538 16.4142 90.1937 0.923625 -0.00263542 0.383288
93.104 15.286 90.066 0.924183 -0.00212637 0.381943
92.911 14.2758 90.5279 0.924123 0.00182217 0.382071
92.7956 13.2414 90.8168 0.922241 0.0032702 0.386601
92.6883 12.2406 91.0809 0.921989 0.00301415 0.387204
92.5749 11.0636 91.3364 0.919374 -0.00552527 0.393341
92.4651 9.85105 91.5606 0.925929 -0.00133861 0.377696
92.476 8.3071 91.5433 0.923154 0.00184998 0.384377
92.6975 7.37263 91.0103 0.921274 0.000285029 0.388902
93.0728 7.65856 90.0985 0.926405 0.00168444 0.376503
93.3097 8.59817 89.5012 0.924281 0.000967399 0.381639
93.3797 9.83438 89.3482 0.923324 -0.0130086 0.3837
93.3274 11.6196 89.5338 0.928418 -0.00496049 0.371503
93.2896 12.6345 89.6227 0.925962 8.65412e-05 0.377616
93.2588 13.6349 89.6957 0.92408 0.00505926 0.382165
93.344 15.0973 89.4845 0.923503 -0.00270746 0.383578
93.1519 16.2462 89.9568 0.923027 -0.00277522 0.384723
93.1256 16.3777 90.0206 0.923304 -0.00218423 0.384062
92.9931 12.1861 90.3555 0.924166 0.00399263 0.381936
92.9056 11.1348 90.5655 0.920103 -0.0120985 0.391391
92.799 10.1563 90.7656 0.920856 -0.0205231 0.38936
92.8153 8.64122 90.7131 0.924816 0.00685626 0.380352
93.0808 9.11781 90.0548 0.92448 0.00113229 0.381163
93.1108 10.4646 90.0366 0.924502 -0.0207414 0.380613
92.9964 12.1595 90.3476 0.926726 0.00265274 0.375729
92.9961 12.1674 90.3484 0.926346 0.0032311 0.376656
95.3265 39.2712 85.334 0.854188 0.00107717 0.519964
95.2701 40.4955 85.4264 0.853278 -0.000576605 0.521456
95.3588 41.6312 85.283 0.853257 -0.000907418 0.52149
95.6793 41.9322 84.7541 0.855697 0.00538249 0.517449
95.6187 40.3846 84.8561 0.853183 -0.000407518 0.521611
95.4346 39.6347 85.1566 0.85325 -0.000696087 0.521502
95.3906 39.496 85.2282 0.85378 4.22562e-05 0.520633
