102.075 44.3746 77.8047 0.918376 0.0085674 0.395616
102.226 42.9806 77.4903 0.919048 0.010526 0.393997
102.474 43.5237 76.8981 0.91899 0.0082672 0.394195
102.255 44.3884 77.3865 0.918324 0.00862586 0.395736
102.084 44.5267 77.7815 0.918393 0.00781353 0.395593
101.797 44.3173 78.4526 0.918376 0.0085674 0.395616
101.837 43.0405 78.3891 0.91784 0.00977979 0.396827
102.15 41.9636 77.701 0.918346 0.0147813 0.395495
102.744 42.6441 76.2877 0.919214 0.0112648 0.393585
102.765 43.6837 76.214 0.921348 0.0103779 0.388599
102.719 45.0704 76.2923 0.920133 0.00771615 0.391521
102.508 45.9837 76.7623 0.918844 0.0084836 0.394528
101.928 45.5073 78.1251 0.919325 0.00614121 0.393441
101.84 45.0649 78.3383 0.919403 0.0065256 0.393252
101.53 45.2477 79.0636 0.920402 0.00517059 0.390939
101.619 46.3463 78.8421 0.92048 -0.00180969 0.390785
102.072 46.8252 77.7778 0.920131 -0.00223482 0.391605
102.49 46.9082 76.7974 0.919567 -5.62921e-05 0.392926
102.92 46.4672 75.797 0.919912 0.00210859 0.392119
103.028 45.1622 75.5591 0.921278 0.00644057 0.38885
103.063 43.572 75.5074 0.921512 0.0100363 0.388221
103.055 42.5225 75.54 0.924742 0.00483367 0.380557
102.9 41.4232 75.9375 0.923598 0.00638376 0.383294
102.414 41.0804 77.1006 0.922017 0.00618893 0.3871
101.798 41.3032 78.5413 0.918232 0.0196362 0.395555
101.556 42.3161 79.0571 0.917849 0.0118297 0.396743
101.518 43.5071 79.1174 0.918695 0.00871132 0.39487
101.519 44.9281 79.0953 0.919816 0.00421788 0.392322
101.214 45.1991 79.8049 0.919327 0.00301133 0.393484
101.217 44.1166 79.8084 0.919988 0.00598107 0.391889
101.236 42.8509 79.798 0.920188 0.0114684 0.391294
101.325 41.1918 79.6527 0.924199 0.02134 0.381303
101.694 40.3121 78.8298 0.920349 0.0125758 0.390823
102.178 40.2774 77.6782 0.922402 0.00555254 0.386187
102.57 40.2855 76.7418 0.922288 0.00578569 0.386461
103.013 40.4511 75.6732 0.924577 -0.00811777 0.380903
103.316 41.2497 74.9329 0.92323 0.0106444 0.384101
103.358 42.4606 74.8041 0.924774 0.00453616 0.380482
103.357 44.1619 74.7954 0.923063 0.00641595 0.384559
103.339 45.5504 74.8134 0.921705 0.00631928 0.387839
103.281 46.8237 74.9462 0.920464 -0.000948434 0.390826
102.953 47.6127 75.716 0.919765 -0.0010738 0.392468
102.532 47.6823 76.7042 0.920036 -0.00209483 0.391829
102.063 47.6381 77.8043 0.920287 -0.00226711 0.391237
101.541 47.5086 79.0333 0.920719 -0.00340084 0.39021
101.317 46.7263 79.5557 0.920958 -0.00273094 0.389649
101.238 46.0214 79.7434 0.919942 0.00391342 0.392031
100.935 46.2212 80.4712 0.92468 -0.00199149 0.380739
100.914 45.1298 80.5149 0.924772 -0.00143281 0.380517
100.891 43.7516 80.5828 0.923396 0.00952016 0.383635
100.927 42.6602 80.5388 0.924668 0.0180702 0.380345
100.992 40.9321 80.4814 0.924686 0.023646 0.379995
101.124 39.8109 80.2119 0.923589 0.013571 0.383142
101.571 39.4928 79.1377 0.924669 0.0061939 0.380664
102.125 39.5004 77.8131 0.922791 0.00432261 0.385276
102.595 39.4707 76.674 0.925122 -0.00767647 0.379591
103.177 39.683 75.2596 0.924766 -0.00682227 0.380472
103.557 40.0927 74.3518 0.923285 -0.00959649 0.383993
103.646 41.6008 74.1313 0.920265 0.0109994 0.391114
103.656 42.7119 74.0864 0.920303 0.00328622 0.391171
103.665 43.799 74.0636 0.921423 0.000188512 0.388561
103.645 44.9349 74.0964 0.921615 0.00605445 0.388056
103.637 46.5981 74.1065 0.920804 -0.00136969 0.390022
103.569 47.7512 74.2703 0.918318 -0.00216576 0.395837
103.122 48.3696 75.321 0.920074 -0.00224999 0.391737
102.713 48.4734 76.2821 0.92004 -0.00230433 0.391818
102.144 48.4345 77.6187 0.920571 -0.00425822 0.390543
101.712 48.3688 78.637 0.921143 -0.00714698 0.389158
101.321 48.4038 79.5638 0.921225 -0.00716227 0.388965
100.964 47.1907 80.406 0.925049 -0.00183419 0.379844
100.951 46.8524 80.434 0.924867 -0.00172315 0.380287
100.592 46.8654 81.3106 0.924959 -0.000518635 0.380061
100.656 48.3613 81.1531 0.92417 0.000161333 0.38198
100.927 49.1441 80.4955 0.921513 -6.68873e-06 0.388292
101.476 49.2097 79.2128 0.920683 -0.00384777 0.390277
101.923 49.2085 78.155 0.921059 -0.00723217 0.389356
102.335 49.4621 77.1842 0.921024 -0.00639934 0.389453
103.024 49.2709 75.5581 0.920224 -0.00300331 0.39138
103.438 49.22 74.5842 0.920309 -0.00187972 0.391188
103.772 48.6575 73.8043 0.918944 0.000307983 0.39438
103.934 47.4654 73.4226 0.918003 -0.00189514 0.396568
104.021 45.87 73.2 0.919428 -0.000844318 0.393249
103.945 44.7445 73.3876 0.921616 0.00733963 0.388033
104.004 43.4845 73.262 0.920413 0.00340933 0.390911
103.953 42.0182 73.4085 0.918824 0.00849377 0.394575
104.044 40.8408 73.2402 0.91396 0.00410019 0.40562
103.835 39.1805 73.6993 0.917632 -0.00118202 0.397429
103.428 38.9303 74.6397 0.920782 -0.00388328 0.389974
103.018 38.679 75.6274 0.924647 -0.00721408 0.380756
102.405 38.727 77.1231 0.925096 -0.00739056 0.379662
101.984 38.7265 78.1524 0.925902 -0.0072561 0.377694
101.56 38.5304 79.175 0.924836 0.00322064 0.380297
101.027 38.6818 80.4856 0.923936 0.0143336 0.382274
100.737 39.4835 81.16 0.924601 0.0146117 0.380656
100.678 40.4794 81.2627 0.924355 0.0159 0.381202
100.552 42.0418 81.4816 0.924355 0.0216069 0.380906
100.523 43.4789 81.4962 0.925844 0.0137756 0.377652
100.639 44.9404 81.1834 0.926546 0.00155191 0.376141
100.568 46.1539 81.362 0.924779 -0.00450079 0.380472
100.569 46.3169 81.3628 0.92508 -0.00440356 0.37974
