-102.415 30.5501 94.0213 -0.958001 -0.0112873 0.286494
-102.309 30.4779 94.3704 -0.957371 -0.0065664 0.288784
-102.332 31.3458 94.3171 -0.956638 -0.0123164 0.29098
-102.617 31.2555 93.3625 -0.964332 -0.00608055 0.264611
-102.566 32.2341 93.58 -0.964555 -0.00464666 0.263833
-102.265 32.3295 94.5917 -0.95586 -0.00869681 0.293672
-102.034 31.6902 95.3116 -0.959443 -0.00154022 0.281199
-102.008 30.2581 95.4254 -0.967546 0.00152912 0.252691
-101.978 29.0857 95.5172 -0.966015 -0.0033383 0.258401
-102.014 27.4484 95.3885 -0.965044 -0.0089818 0.261801
-102.03 26.4142 95.2641 -0.96162 -0.00938495 0.274223
-102.026 24.8397 95.2716 -0.961563 0.00678401 0.2745
-102.037 23.1476 95.2973 -0.965455 0.00409865 0.260537
-102.038 22.1463 95.3067 -0.965944 -0.00943789 0.258268
-102.057 20.4167 95.1648 -0.970652 -0.00491905 0.240437
-102.071 19.3372 95.1444 -0.970231 0.00801998 0.242045
-102.093 18.1753 95.0669 -0.968515 -0.00114446 0.248952
-102.063 16.6814 95.0385 -0.975918 -0.0260503 0.216574
-102.039 15.3472 95.0562 -0.976165 0.0108572 0.216259
-102.034 14.144 95.1788 -0.973092 0.0100603 0.230026
-102.002 12.7272 95.3204 -0.972705 -0.000840889 0.232033
-101.962 11.7159 95.4691 -0.973546 -0.00597745 0.228412
-101.924 10.6998 95.6022 -0.97328 -0.00967657 0.229417
-101.877 9.52946 95.7526 -0.973559 -0.0111762 0.228152
-101.843 8.3635 95.825 -0.973468 -0.0161013 0.228258
-101.798 7.21798 95.9356 -0.97147 -0.0042547 0.23667
-101.77 6.03041 96.0681 -0.969423 0.000907662 0.245383
-101.778 4.91251 96.0478 -0.971734 0.00744815 0.235922
-101.814 3.72467 95.9204 -0.972436 0.00475192 0.23312
-101.92 2.32106 95.4887 -0.974518 0.000440853 0.224309
-102.037 1.15152 94.9848 -0.973798 -0.00738014 0.22714
-101.994 0.00530542 95.1036 -0.972672 -0.011267 0.23191
-101.939 -1.22275 95.275 -0.972511 -0.00807563 0.232687
-101.921 -2.65321 95.3219 -0.974212 -0.00599319 0.225382
-102.059 -3.34916 94.6457 -0.976997 -0.0188328 0.21242
-101.87 -4.05273 95.4948 -0.981249 -0.0112544 0.192416
-101.849 -5.54992 95.5703 -0.981538 0.00624844 0.191165
-101.863 -6.63021 95.5145 -0.977245 0.00264812 0.211763
-101.891 -7.85786 95.3701 -0.976173 -0.0102606 0.216697
-101.898 -9.11726 95.2608 -0.976793 -0.013281 0.213775
-101.909 -10.1265 95.1929 -0.971951 0.00386113 0.234886
-101.919 -11.1279 95.1267 -0.970864 -0.00610377 0.239555
-101.928 -12.1396 95.0096 -0.977613 -0.0209426 0.208469
-101.809 -13.267 95.5233 -0.973692 -0.00619313 0.227786
-101.809 -14.4348 95.5158 -0.976015 -0.00714849 0.217205
-101.826 -16.0714 95.309 -0.973917 -0.0105389 0.226612
-101.878 -17.7044 95.1529 -0.97799 0.0159491 0.208039
-101.858 -18.7838 95.2678 -0.976747 -0.00752121 0.213759
-101.837 -19.9773 95.287 -0.973293 -0.00515208 0.229503
-101.86 -21.1409 95.1568 -0.973404 -0.00743282 0.228973
-101.796 -22.472 95.3238 -0.972816 -0.0238405 0.230346
-101.769 -23.7504 95.298 -0.973312 -0.0246715 0.228152
-101.728 -24.8443 95.4173 -0.971363 -0.00822212 0.237458
-101.658 -26.1987 95.6339 -0.970682 -0.0149403 0.239901
-101.714 -27.2843 95.368 -0.968039 -0.0143413 0.250182
-101.801 -28.3636 94.9422 -0.966629 -0.0231896 0.255127
-101.973 -27.0546 94.3514 -0.969448 -0.00540585 0.245239
-102.025 -25.9544 94.1577 -0.975324 -0.00467016 0.220725
-102.048 -24.871 94.1112 -0.971109 -0.00877425 0.238473
-102.113 -23.4782 93.9177 -0.970837 -0.0180754 0.239058
-102.132 -22.373 93.9029 -0.974712 -0.0111325 0.223171
-102.199 -20.8621 93.7037 -0.974656 -0.0133458 0.223307
-102.164 -19.8486 93.8598 -0.977692 0.0103029 0.209789
-102.157 -18.1044 93.8322 -0.978176 0.00447046 0.207731
-102.128 -16.5222 94.0064 -0.97131 -0.00500637 0.237762
-102.128 -15.2941 94.0434 -0.975548 -0.0126769 0.219391
-102.069 -14.3193 94.3483 -0.976368 0.000626985 0.21586
-102.024 -13.2866 94.5267 -0.979306 -0.00204032 0.202373
-102.124 -12.1165 94.1221 -0.976126 -0.0389945 0.213677
-102.164 -11.0476 94.1374 -0.973495 -0.0231937 0.226555
-102.139 -9.70839 94.1947 -0.973133 0.0142764 0.229801
-102.139 -8.17453 94.2196 -0.976655 -0.0145041 0.214326
-102.146 -6.92937 94.2619 -0.976649 0.00667364 0.214279
-102.062 -6.06881 94.5758 -0.978059 0.0202513 0.20733
-102.119 -4.71157 94.2506 -0.976858 -0.0129284 0.213447
-102.144 -3.69324 94.2226 -0.977103 -0.0196498 0.211857
-102.151 -2.1377 94.3073 -0.976477 -0.00864322 0.21544
-102.087 -1.10349 94.6232 -0.977371 -0.00903751 0.211258
-102.142 0.837312 94.5024 -0.979573 -0.00605094 0.20063
-102.11 2.17994 94.6374 -0.977217 0.00497306 0.212185
-102.169 3.13193 94.3475 -0.977231 -0.00027443 0.212114
-102.206 4.66193 94.2336 -0.974607 -0.00880199 0.223709
-102.255 5.74474 94.0765 -0.973792 -0.0138714 0.227004
-102.312 6.76077 93.855 -0.974357 0.00788091 0.22487
-102.393 8.64421 93.476 -0.973394 0.00113485 0.229135
-102.437 9.71473 93.3305 -0.975756 -0.00739376 0.218629
-102.473 10.7929 93.1773 -0.976717 -0.00213745 0.214519
-102.513 11.7888 93.015 -0.977119 -0.00310184 0.212667
-102.543 12.9392 92.882 -0.977793 -0.00227487 0.209531
-102.548 13.9546 92.8881 -0.978042 -0.00706554 0.20829
-102.546 15.1101 92.9328 -0.975377 0.00615757 0.219778
-102.54 16.2705 92.9655 -0.97086 -0.00886483 0.239485
-102.526 17.9162 93.0588 -0.97452 -0.00969132 0.223409
-102.519 18.9783 93.1835 -0.977604 -0.0078024 0.210035
-102.509 20.73 93.2556 -0.975005 -0.0105634 0.221881
-102.531 22.2392 93.4096 -0.9761 -0.0322467 0.214815
-102.525 23.4657 93.4861 -0.965318 0.0016816 0.261067
-102.507 24.813 93.5549 -0.964866 -0.00059582 0.262742
-102.484 26.505 93.6608 -0.963348 -0.00600892 0.268188
-102.459 27.7777 93.7874 -0.963136 -0.00959783 0.268844
-102.502 29.2891 93.6615 -0.959929 -0.00722988 0.280039
-102.605 30.8347 93.3916 -0.96109 -0.0134626 0.275804
-102.616 31.127 93.3661 -0.96347 -0.00807863 0.267663
-102.822 31.2701 92.6229 -0.963889 -0.00405861 0.266274
-102.811 32.7848 92.6902 -0.964932 -0.0030798 0.262463
-102.483 33.2025 93.8903 -0.964544 -0.000123455 0.263922
-102.152 33.1261 94.9696 -0.955253 0.00252862 0.295775
-101.845 32.5609 95.9885 -0.964769 0.00462012 0.263058
-101.802 30.8983 96.1958 -0.964922 0.0113411 0.262292
-101.789 29.3977 96.2446 -0.967071 -0.00750629 0.254394
-101.785 28.3254 96.2283 -0.965948 -0.00362351 0.258641
-101.81 26.9547 96.1082 -0.964975 -0.0172042 0.261774
-101.803 25.9472 96.0684 -0.96603 -0.0155673 0.25793
-101.808 24.737 96.0797 -0.965163 0.0161983 0.261146
-101.817 23.1774 96.1117 -0.965452 0.00409586 0.26055
-101.834 22.0729 96.0803 -0.967562 0.00323833 0.252526
-101.856 20.7248 95.9818 -0.969437 -0.00344318 0.245259
-101.88 19.2234 95.9002 -0.968846 0.00136698 0.247639
-101.884 18.1001 95.8786 -0.969199 0.000157353 0.246261
-101.895 17.0208 95.8588 -0.974118 -0.00406565 0.224706
-101.87 15.8411 95.8541 -0.978379 -0.011056 0.206261
-101.849 14.2464 95.9552 -0.975758 0.00947743 0.21814
-101.801 12.7473 96.1515 -0.971944 -0.000622417 0.235212
-101.754 11.3711 96.3452 -0.972799 -0.00305625 0.231589
-101.713 10.3798 96.4854 -0.974194 -0.00883794 0.225498
-101.671 9.18646 96.6223 -0.974655 -0.0131026 0.223278
-101.62 7.68691 96.7348 -0.97393 -0.0160857 0.226277
-101.575 6.51241 96.8365 -0.971883 -0.00715575 0.234977
-101.568 5.50205 96.8795 -0.969996 0.00282741 0.243105
-101.591 4.47387 96.8243 -0.970694 0.0105979 0.240085
-101.67 3.23981 96.5323 -0.972521 0.00770521 0.232688
-101.78 1.57459 96.0999 -0.973677 -0.00727241 0.227675
-101.8 0.53791 95.9466 -0.973079 -0.015172 0.22997
-101.763 -1.12632 96.0152 -0.972502 -0.0116294 0.232604
-101.728 -2.16819 96.1391 -0.97679 0.00513982 0.213898
-101.727 -3.89286 96.2353 -0.977342 0.00833103 0.211501
-101.693 -5.54723 96.3706 -0.981484 0.00545498 0.191467
-101.702 -7.35967 96.2774 -0.97886 -0.00598191 0.204442
-101.703 -8.6104 96.1736 -0.976067 -0.0134112 0.217054
-101.71 -9.66305 96.077 -0.975489 -0.0176912 0.219284
-101.708 -10.6967 96.0121 -0.972865 -0.00560348 0.231304
-101.667 -12.5684 96.1518 -0.973354 -0.00488878 0.229246
-101.631 -13.5707 96.2775 -0.974257 -0.000618956 0.225352
-101.641 -14.5874 96.2527 -0.974753 0.00282903 0.223258
-101.649 -15.6639 96.1469 -0.977746 -0.015801 0.209194
-101.664 -16.7431 96.0735 -0.976708 0.017069 0.213891
-101.692 -17.8853 96.0397 -0.977317 0.0164341 0.211124
-101.673 -18.902 96.0611 -0.974302 -0.0178104 0.22454
-101.647 -20.5138 96.077 -0.972314 -0.0113247 0.233305
-101.636 -21.6411 96.0689 -0.971608 -0.010721 0.236321
-101.596 -22.8307 96.1356 -0.973491 -0.0223813 0.227627
-101.556 -24.1336 96.1829 -0.973871 -0.0169495 0.226469
-101.496 -25.8013 96.3175 -0.970914 -0.0140714 0.239005
-101.493 -27.1056 96.231 -0.968301 -0.025042 0.24851
-101.591 -28.8848 95.6898 -0.967383 -0.0223477 0.252317
-101.613 -29.9819 95.4587 -0.971054 -0.0322776 0.236669
-101.615 -31.0051 95.3119 -0.969399 -0.017178 0.244304
-101.603 -32.0081 95.2831 -0.963726 -0.0162981 0.266335
-101.788 -33.1219 94.5827 -0.961569 -0.000282258 0.274565
-102.137 -33.2281 93.3453 -0.961935 -0.00547823 0.273131
-102.253 -31.9161 93.0057 -0.959465 -0.00694244 0.281699
-102.083 -30.1022 93.5644 -0.963587 0.0103945 0.267143
-102.083 -28.9159 93.7122 -0.973134 -0.0278534 0.228421
-102.142 -27.7563 93.5959 -0.975149 -0.0181337 0.220507
-102.178 -26.5914 93.4681 -0.975324 -0.00467016 0.220725
-102.215 -25.3502 93.3581 -0.975742 -0.0207051 0.217942
-102.278 -24.053 93.2002 -0.974196 -0.0244773 0.224236
-102.324 -22.7429 93.052 -0.974913 -0.00878618 0.222412
-102.359 -21.4092 92.9697 -0.977775 -0.00463564 0.209012
-102.34 -19.8247 93.0237 -0.980405 0.00521877 0.196922
-102.323 -18.6998 93.0627 -0.977923 0.00750768 0.208804
-102.342 -17.2446 93.0885 -0.97315 -0.0234567 0.228974
-102.329 -16.1316 93.1885 -0.972415 0.00538392 0.233196
-102.294 -15.0647 93.309 -0.97423 -0.00127952 0.225273
-102.266 -13.9256 93.4343 -0.976823 0.0103928 0.213794
-102.257 -12.7347 93.4118 -0.973656 0.00676314 0.227486
-102.313 -11.4521 93.3835 -0.975296 -0.040658 0.21713
-102.321 -10.1697 93.4172 -0.977057 0.0138586 0.212524
-102.29 -8.72744 93.4627 -0.978403 0.000306248 0.206078
-102.305 -7.33114 93.4812 -0.980552 -0.00806061 0.196014
-102.284 -5.59396 93.4918 -0.977838 0.0210567 0.208299
-102.302 -4.51442 93.4404 -0.97567 -0.0126173 0.218872
-102.347 -2.92295 93.368 -0.977657 -0.0211694 0.209137
-102.319 -1.77182 93.5473 -0.977219 -0.00533811 0.212155
-102.294 0.00584388 93.7329 -0.979747 -0.00615472 0.199785
-102.29 1.13306 93.7409 -0.981476 -0.00202722 0.191526
-102.305 2.15876 93.6996 -0.981666 -0.00516101 0.190537
-102.353 3.69316 93.535 -0.977607 -0.0148357 0.209645
-102.405 5.00773 93.3762 -0.975069 -0.0124637 0.221552
-102.458 6.16893 93.1861 -0.976054 -0.00820933 0.217373
-102.545 7.94447 92.8331 -0.972047 0.00172834 0.234708
-102.594 9.18984 92.6211 -0.970457 0.00194762 0.241264
-102.633 10.2777 92.4517 -0.970043 0.00290193 0.242915
-102.672 11.32 92.2818 -0.968833 -0.00468209 0.247514
-102.714 12.4308 92.1181 -0.965815 0.0006504 0.259227
-102.733 13.5254 92.0466 -0.96798 -0.00560458 0.25075
-102.744 14.687 92.0734 -0.969451 -0.0163348 0.244741
-102.744 15.9736 92.1265 -0.970636 -0.00746042 0.240433
-102.743 17.0153 92.1722 -0.971025 -0.00479589 0.238883
-102.713 18.794 92.299 -0.966716 -0.0104981 0.254904
-102.696 20.1381 92.4168 -0.964163 -0.0105149 0.265099
-102.69 21.1782 92.4976 -0.975326 -0.0253339 0.218968
-102.719 22.205 92.556 -0.975443 -0.0327327 0.21766
-102.734 23.817 92.678 -0.971939 -0.034625 0.231853
-102.726 24.8321 92.7669 -0.962534 -0.0083817 0.27103
-102.696 26.529 92.9091 -0.962138 -0.0037022 0.272539
-102.7 28.0459 92.9349 -0.961522 -0.0104219 0.274532
-102.745 29.3792 92.8213 -0.962606 -0.00989402 0.270699
-102.813 30.7794 92.6452 -0.96323 -0.0122528 0.268399
-102.818 30.926 92.6324 -0.96347 -0.00807863 0.267663
-103.022 30.6727 91.8898 -0.963626 -0.00833978 0.267087
-102.983 29.671 91.9927 -0.961678 -0.00675388 0.274099
-102.946 28.6678 92.0972 -0.96154 -0.00898451 0.274514
-102.923 26.6659 92.1126 -0.960571 -0.00785064 0.277924
-102.947 25.6697 92.0072 -0.962325 -0.00606944 0.271828
-102.951 24.2004 91.8765 -0.968612 -0.0246861 0.24735
-102.931 23.0153 91.7722 -0.967494 -0.0424636 0.249301
-102.909 21.9647 91.7109 -0.961987 -0.0139115 0.272579
-102.92 20.8095 91.6294 -0.964225 -0.00947402 0.264916
-102.934 19.8034 91.5373 -0.963249 -0.00873816 0.268432
-102.952 18.7942 91.4539 -0.962809 -0.0119963 0.269813
-102.951 16.9523 91.3389 -0.96084 -0.0138509 0.276721
-102.949 15.8737 91.3031 -0.970121 -0.00691546 0.242524
-102.953 14.2252 91.2179 -0.967485 -0.00705098 0.25256
-102.947 13.0233 91.2469 -0.965591 0.00237795 0.260054
-102.913 11.8984 91.3829 -0.965613 0.00243039 0.259973
-102.854 10.8546 91.5637 -0.968833 -0.00468209 0.247514
-102.81 9.73884 91.7512 -0.970043 0.00290193 0.242915
-102.763 8.56254 91.9433 -0.970457 0.00194762 0.241264
-102.717 7.47317 92.1412 -0.970702 0.00238466 0.240276
-102.666 6.45593 92.3334 -0.971279 -0.00522493 0.237887
-102.616 5.46488 92.5092 -0.971462 -0.00618871 0.23711
-102.548 4.42984 92.6451 -0.976427 -0.0294772 0.213052
-102.502 3.28839 92.7688 -0.97966 -0.0181179 0.199846
-102.468 2.20739 92.8672 -0.979945 -0.0117249 0.198923
-102.448 0.492303 92.938 -0.981512 0.00206867 0.191387
-102.473 -0.693968 92.8618 -0.973209 -0.00121069 0.229403
-102.524 -2.36226 92.5895 -0.977169 -0.00592125 0.212375
-102.517 -3.37439 92.5248 -0.97777 -0.0191043 0.2088
-102.479 -4.87491 92.6255 -0.977035 -0.00905067 0.212838
-102.466 -6.05863 92.6773 -0.979826 0.00926987 0.199103
-102.46 -7.26298 92.6946 -0.981559 -0.00289266 0.191136
-102.449 -8.33645 92.7053 -0.978593 0.00182081 0.205108
-102.477 -9.7362 92.6765 -0.976646 0.0142954 0.214378
-102.491 -10.7719 92.6242 -0.978433 -0.00651763 0.20646
-102.468 -12.0054 92.6079 -0.970126 -0.0115712 0.242325
-102.453 -13.1446 92.6279 -0.970689 0.00234215 0.240326
-102.474 -14.3381 92.5511 -0.971338 -0.000444177 0.237675
-102.501 -15.4481 92.4559 -0.972696 0.00667992 0.231989
-102.531 -16.4509 92.3552 -0.973768 -0.00160319 0.227369
-102.517 -17.9123 92.2804 -0.97263 -0.0220454 0.231305
-102.494 -19.3371 92.2439 -0.976708 -0.00811246 0.213268
-102.515 -21.0392 92.1827 -0.980553 0.00439513 0.196206
-102.524 -22.1368 92.2035 -0.973111 0.00824279 0.229975
-102.474 -23.7738 92.3872 -0.972561 -0.00385114 0.232614
-102.417 -24.8119 92.5178 -0.972737 -0.0300628 0.229953
-102.361 -26.1479 92.6627 -0.975445 -0.00403786 0.220206
-102.337 -27.2693 92.7514 -0.975318 -0.00462261 0.220753
-102.303 -28.4206 92.8062 -0.97519 -0.0252128 0.219898
-102.339 -30.058 92.6379 -0.962074 -0.000486685 0.272771
-102.425 -31.1643 92.3962 -0.962811 0.0149036 0.26976
-102.493 -32.4967 92.1513 -0.961709 -0.0116881 0.273823
-102.512 -33.5874 92.0347 -0.959664 -0.00662658 0.280896
-102.416 -34.1446 92.3337 -0.957141 -0.0184176 0.287915
-102.038 -34.0556 93.6969 -0.962377 -0.00833816 0.271498
-101.703 -33.9302 94.8728 -0.961121 -0.00579157 0.276067
-101.409 -33.1574 96.0456 -0.978199 -0.0177813 0.206905
-101.441 -31.6201 96.0487 -0.977671 -0.0203335 0.209151
-101.439 -30.376 96.14 -0.973043 -0.0311298 0.228512
-101.375 -28.7159 96.5573 -0.970255 -0.00808883 0.241951
-101.304 -27.5273 96.924 -0.968623 -0.0245537 0.247302
-101.292 -26.5321 97.0828 -0.968831 -0.0269344 0.246253
-101.306 -25.5231 97.1024 -0.971108 -0.0205458 0.237693
-101.355 -24.2225 97.0405 -0.972746 -0.0217043 0.230771
-101.396 -23.0226 96.9749 -0.972102 -0.0162906 0.233783
-101.424 -21.7783 96.9118 -0.969903 -0.0112284 0.243229
-101.446 -20.228 96.9068 -0.9689 -0.0108854 0.247185
-101.461 -19.2151 96.8871 -0.967595 -0.0105726 0.252287
-101.487 -17.6774 96.8647 -0.967994 -0.0183004 0.250306
-101.476 -16.3198 96.9064 -0.977563 0.000379645 0.210051
-101.475 -15.3131 96.9783 -0.972869 -0.000779797 0.231339
-101.45 -14.1461 97.0779 -0.972911 0.00401479 0.231146
-101.482 -12.2504 96.9359 -0.973142 -0.00303756 0.230187
-101.505 -10.8339 96.8653 -0.973893 -0.0135226 0.226406
-101.516 -9.78575 96.9198 -0.974891 -0.0219921 0.221593
-101.514 -8.78077 97.0124 -0.9764 -0.0171985 0.215243
-101.522 -7.02837 97.1487 -0.977876 -0.0137487 0.208536
-101.523 -5.93167 97.1692 -0.978692 -0.00521957 0.205266
-101.544 -4.75505 97.1061 -0.968747 0.000487377 0.248052
-101.55 -3.69373 97.0462 -0.977357 0.00807374 0.211443
-101.553 -2.13852 96.9459 -0.977489 0.0152896 0.210431
-101.582 -1.04036 96.8179 -0.976049 -0.00448103 0.217504
-101.608 0.763724 96.7836 -0.975131 -0.0124061 0.221269
-101.568 1.89349 97.0035 -0.972342 0.00356945 0.23349
-101.45 3.55756 97.4419 -0.972319 0.00931571 0.233465
-101.385 4.59257 97.6562 -0.972108 0.0127004 0.234191
-101.362 5.67345 97.6996 -0.970299 0.00669804 0.24178
-101.403 6.99353 97.6152 -0.973761 -0.0176798 0.226884
-101.442 8.19 97.5348 -0.974029 -0.0168365 0.225794
-101.483 9.38185 97.449 -0.974123 -0.0174936 0.22534
-101.525 10.4945 97.3153 -0.975143 -0.00843864 0.221416
-101.568 11.8191 97.104 -0.970547 -0.000570069 0.24091
-101.615 12.9998 96.918 -0.970691 -0.000192395 0.240333
-101.656 14.2086 96.7462 -0.970824 -0.00723453 0.239518
-101.697 15.6335 96.6776 -0.974817 -0.00907619 0.222021
-101.696 16.7092 96.6689 -0.970051 0.0113529 0.242636
-101.686 17.7842 96.6704 -0.970002 0.000596722 0.243095
-101.684 19.1883 96.6923 -0.973275 -0.00448241 0.229574
-101.646 21.0212 96.797 -0.97033 0.00598717 0.241405
-101.615 22.4721 96.901 -0.967366 0.00967176 0.253199
-101.6 23.602 96.9176 -0.967429 0.00971049 0.252956
-101.594 24.726 96.8847 -0.967082 0.0127564 0.254146
-101.599 26.4617 96.8659 -0.966766 -0.0127076 0.255345
-101.595 28.3151 96.9664 -0.968433 -0.00872958 0.249114
-101.598 29.6812 96.9931 -0.965184 0.00514836 0.26095
-101.589 30.9606 96.9711 -0.961227 0.00772725 0.27565
-101.588 32.2017 96.9318 -0.961269 0.0130735 0.274955
-101.663 33.4557 96.582 -0.957809 0.0299694 0.285722
-102.171 33.9795 94.8954 -0.949948 0.0432867 0.309395
-102.477 34.009 93.9156 -0.95987 0.0016772 0.279928
-102.969 34.1064 92.2006 -0.96057 -0.0186516 0.277409
-103.093 33.1095 91.7059 -0.95937 -0.0186201 0.281534
-103.046 31.7309 91.8174 -0.962298 -0.00521597 0.271865
-103.045 31.6554 91.8218 -0.964022 -0.00403205 0.265793
-103.26 31.3963 91.0703 -0.960496 -0.00684465 0.27821
-103.284 32.398 91.0123 -0.959908 -0.0124639 0.279978
-103.369 33.6752 90.8071 -0.958752 -0.0203413 0.283515
-103.476 34.859 90.5853 -0.954573 -0.0449755 0.294561
-103.044 35.0241 91.9991 -0.956157 -0.031335 0.290708
-102.666 34.871 93.2231 -0.953055 0.0444606 0.299515
-102.266 34.7917 94.4892 -0.950507 0.0439723 0.307576
-101.88 34.7629 95.6817 -0.953653 0.0416881 0.297753
-101.587 34.6701 96.6734 -0.957392 0.0397797 0.286038
-101.34 33.8511 97.6091 -0.956927 0.0374353 0.287903
-101.34 32.8118 97.7206 -0.958482 0.0230587 0.284217
-101.366 31.383 97.7363 -0.959909 0.0130902 0.279932
-101.37 30.3526 97.7537 -0.961481 0.0139382 0.274453
-101.384 28.958 97.799 -0.96526 0.00633071 0.260663
-101.394 27.6731 97.7061 -0.967408 -0.0122641 0.252926
-101.391 26.4724 97.6545 -0.967097 -0.0136632 0.254042
-101.383 25.142 97.6681 -0.967242 0.013202 0.253511
-101.388 23.7882 97.722 -0.967427 0.0116179 0.252877
-101.415 22.0649 97.6825 -0.967031 0.00780989 0.254527
-101.46 20.852 97.5805 -0.972042 0.0144225 0.234363
-101.497 19.308 97.4835 -0.972739 -0.00535711 0.231788
-101.483 17.7165 97.4779 -0.971082 -0.00419479 0.238613
-101.491 16.4364 97.4789 -0.966865 0.00522162 0.255235
-101.489 15.1219 97.4855 -0.966697 -0.00294663 0.255908
-101.437 13.5754 97.6354 -0.970559 0.000143997 0.240856
-101.381 12.2903 97.859 -0.970308 -0.000169441 0.24187
-101.341 11.1411 98.0521 -0.971878 0.0117724 0.235191
-101.311 9.9465 98.2369 -0.973557 0.00177366 0.228091
-101.267 8.9489 98.3249 -0.965555 -0.0198715 0.259439
-101.232 7.9302 98.377 -0.966692 -0.0122802 0.255483
-101.177 6.21718 98.4892 -0.970782 -0.0187921 0.239224
-101.166 5.02647 98.5453 -0.973193 0.00783401 0.229858
-101.227 3.85548 98.3501 -0.971953 0.0103644 0.234946
-101.304 2.86474 98.0766 -0.972165 0.00880498 0.234127
-101.373 1.84028 97.8102 -0.971915 -0.00118942 0.235329
-101.422 0.627369 97.5892 -0.973342 -0.00798278 0.229101
-101.408 -0.778292 97.6121 -0.977796 0.000343719 0.209514
-101.384 -2.36012 97.7639 -0.973313 0.000133881 0.227761
-101.357 -3.43074 97.8528 -0.968521 -0.00398235 0.248898
-101.324 -4.96383 97.9655 -0.968747 0.000487377 0.248052
-101.316 -6.21228 98.0005 -0.96878 7.11796e-05 0.247923
-101.318 -7.23652 97.9807 -0.969544 -0.0120517 0.244409
-101.315 -8.2433 97.9045 -0.970592 -0.0211475 0.239798
-101.322 -9.25386 97.8062 -0.972302 -0.0176434 0.232999
-101.319 -10.2904 97.7183 -0.972856 -0.0222227 0.230341
-101.307 -11.4012 97.695 -0.974347 -0.00484627 0.224984
-101.284 -12.6297 97.7806 -0.974001 -0.00263033 0.22653
-101.258 -13.7528 97.8837 -0.97412 -0.00180286 0.226026
-101.273 -15.1751 97.8228 -0.972407 -0.0028159 0.233273
-101.294 -16.3461 97.7217 -0.972016 -0.0119433 0.234465
-101.28 -17.3969 97.6889 -0.969885 -0.0181619 0.242736
-101.272 -18.4715 97.647 -0.96826 -0.013754 0.249545
-101.24 -19.648 97.7251 -0.968525 -0.00798109 0.248788
-101.229 -20.8839 97.7377 -0.970752 -0.0105325 0.239853
-101.199 -22.4914 97.7888 -0.970714 -0.00930156 0.240054
-101.178 -23.8193 97.8215 -0.971898 -0.0198606 0.234455
-101.14 -24.8801 97.8626 -0.972488 -0.0259445 0.231506
-101.104 -25.915 97.9011 -0.973214 -0.0240227 0.228636
-101.089 -26.9625 97.845 -0.973455 -0.0247026 0.22754
-101.115 -27.9607 97.6301 -0.973415 -0.0128448 0.228575
-101.195 -29.0275 97.2681 -0.970339 -0.00800613 0.241614
-101.257 -30.1509 96.9457 -0.97472 -0.0186604 0.222188
-101.279 -31.1549 96.815 -0.976398 -0.00794687 0.21583
-101.242 -32.6118 96.8861 -0.978142 -0.0171157 0.207223
-101.216 -33.9379 96.8884 -0.974328 -0.0381988 0.220566
-101.37 -34.5871 96.0885 -0.97438 -0.0399645 0.220325
-101.671 -34.765 94.9277 -0.96012 -0.045745 0.275688
-102.165 -34.9059 93.195 -0.963649 -0.0188835 0.266449
-102.57 -35.2237 91.8038 -0.949544 -0.021881 0.312863
-102.963 -34.7747 90.6227 -0.951865 0.000678219 0.306118
-102.805 -33.7256 91.0517 -0.956205 0.0136153 0.29196
-102.736 -32.7356 91.2805 -0.961665 -0.00667301 0.274047
-102.638 -31.1212 91.6345 -0.964615 0.00612827 0.263586
-102.573 -30.0711 91.8093 -0.962365 0.0151083 0.271338
-102.539 -28.6286 91.959 -0.960834 -0.0118372 0.276862
-102.539 -27.3235 91.9783 -0.963805 0.00628524 0.266518
-102.559 -25.7524 91.8446 -0.961991 0.00437339 0.272885
-102.608 -24.7038 91.7243 -0.972737 -0.0300628 0.229953
-102.671 -23.5048 91.5714 -0.97262 -0.00310504 0.232379
-102.707 -22.2753 91.4283 -0.972509 -0.00118431 0.232858
-102.699 -21.095 91.3869 -0.972726 0.0181955 0.231243
-102.682 -19.503 91.4443 -0.967992 -0.0128469 0.249979
-102.704 -18.1262 91.4802 -0.972302 -0.0223488 0.232656
-102.72 -17.0099 91.5037 -0.975103 -0.00916928 0.221563
-102.711 -15.9139 91.5881 -0.973918 -0.000981692 0.226716
-102.681 -14.8138 91.6936 -0.971679 -0.00326355 0.236281
-102.661 -13.6448 91.7928 -0.971008 -0.00129666 0.239012
-102.661 -12.1817 91.8269 -0.969948 -0.0116366 0.243034
-102.669 -10.873 91.8499 -0.970698 -0.00758219 0.240182
-102.641 -9.32198 91.9293 -0.97258 0.0159231 0.232021
-102.623 -7.9776 91.9375 -0.970241 -0.00333222 0.242093
-102.642 -6.85756 91.8911 -0.970464 -0.00714667 0.241139
-102.66 -5.76606 91.8502 -0.970761 -0.00571623 0.239979
-102.682 -4.30645 91.748 -0.969904 -0.00362273 0.243165
-102.703 -3.15636 91.696 -0.966726 -0.00684481 0.255683
-102.698 -1.91034 91.8013 -0.975466 -0.0106742 0.21972
-102.663 -0.587839 92.0492 -0.974015 -0.0162971 0.225894
-102.631 0.409091 92.1333 -0.972626 0.0150402 0.231889
-102.638 2.22512 92.0442 -0.968564 0.00833524 0.248624
-102.668 3.2787 91.9551 -0.979478 -0.0155803 0.200931
-102.732 4.42827 91.8533 -0.973297 -0.0422054 0.225637
-102.814 5.53163 91.7055 -0.972022 -0.0246535 0.232816
-102.868 6.61263 91.5114 -0.971279 -0.00503251 0.23789
-102.922 7.68922 91.3112 -0.971006 -0.00114484 0.239026
-102.971 8.78282 91.1108 -0.970262 0.000868571 0.242054
-103.016 9.91465 90.9254 -0.970201 0.00192264 0.242291
-103.08 11.1689 90.7131 -0.967379 -0.0121821 0.253041
-103.154 12.4755 90.4844 -0.966545 -0.00419848 0.25635
-103.185 13.5635 90.3754 -0.956366 -0.0013699 0.292167
-103.182 14.673 90.3986 -0.956225 -0.00807335 0.292483
-103.184 16.4471 90.5121 -0.958662 -0.022256 0.283673
-103.2 17.6108 90.5149 -0.959206 -0.0119366 0.282457
-103.172 19.4081 90.6841 -0.962405 -0.00588705 0.271556
-103.154 20.4252 90.7832 -0.95571 -0.0104748 0.294093
-103.147 21.9326 90.8938 -0.959706 -0.0185233 0.280396
-103.153 23.321 90.9657 -0.963406 -0.031199 0.265477
-103.163 24.812 91.1096 -0.963362 -0.0323326 0.265485
-103.164 26.0241 91.2601 -0.959526 -0.0273931 0.280104
-103.15 27.104 91.3402 -0.960571 -0.00785064 0.277924
-103.159 28.2907 91.3383 -0.959879 -0.0070064 0.280313
-103.197 29.3456 91.248 -0.95628 -0.00899671 0.292313
-103.239 30.3803 91.1394 -0.957065 -0.00237114 0.289778
-103.249 30.9836 91.1001 -0.959162 -0.00138299 0.282762
-103.486 31.0975 90.3057 -0.957887 0.00426844 0.287115
-103.469 30.0595 90.379 -0.957097 -0.00239608 0.289673
-103.421 28.9818 90.5028 -0.95628 -0.00899671 0.292313
-103.379 27.8328 90.5796 -0.95832 -0.0114185 0.285427
-103.385 26.5857 90.5218 -0.959399 -0.00821368 0.281932
-103.409 25.5251 90.3712 -0.959526 -0.0273931 0.280104
-103.396 24.1615 90.2266 -0.956162 -0.0323645 0.290826
-103.393 22.9 90.1242 -0.953858 -0.0278804 0.298961
-103.386 21.5715 90.0519 -0.957635 -0.0124945 0.287556
-103.402 20.2885 89.9728 -0.955599 -0.00683646 0.29459
-103.43 19.05 89.8208 -0.954399 -0.013099 0.298226
-103.455 17.677 89.6686 -0.952921 -0.0206308 0.302517
-103.427 16.476 89.6991 -0.958652 -0.0166362 0.284047
-103.424 15.4632 89.6476 -0.954752 -0.0132079 0.297108
-103.443 14.4525 89.54 -0.955633 -0.00825087 0.294372
-103.436 13.2747 89.5541 -0.956366 -0.0013699 0.292167
-103.375 12.1923 89.7066 -0.959931 -0.0129671 0.279924
-103.302 11.1765 89.9153 -0.960457 -0.0136906 0.278089
-103.238 10.0341 90.0886 -0.961659 -0.0173901 0.273613
-103.174 8.95599 90.2824 -0.971661 -0.00133922 0.236373
-103.126 7.90603 90.4734 -0.971906 -0.00152816 0.235363
-103.078 6.87036 90.6618 -0.971125 -0.00444946 0.238531
-103.02 5.82222 90.8742 -0.971847 -0.0210294 0.234074
-102.944 4.76735 91.0189 -0.971524 -0.041939 0.233199
-102.874 3.66542 91.1127 -0.96873 -0.02411 0.245949
-102.853 2.37704 91.1989 -0.967818 0.00716928 0.25152
-102.825 1.29514 91.3448 -0.968713 0.00436789 0.24812
-102.837 0.0584434 91.2964 -0.970257 0.00743802 0.241723
-102.884 -1.15249 91.0851 -0.966269 -0.00750112 0.257425
-102.924 -2.7821 90.8851 -0.966061 -0.00857008 0.258171
-102.904 -3.92997 90.9156 -0.965685 -0.0117044 0.25945
-102.872 -4.97662 90.9893 -0.967885 -0.00379898 0.251118
-102.857 -5.99778 91.0485 -0.970446 -0.00639847 0.241231
-102.819 -7.63695 91.1581 -0.969698 -0.00465611 0.244249
-102.812 -8.69695 91.1857 -0.96979 -8.96583e-05 0.243943
-102.837 -9.87927 91.1396 -0.973081 0.00858165 0.230305
-102.858 -11.3379 91.0688 -0.970432 -0.00902434 0.241203
-102.851 -12.6311 91.0469 -0.969674 -0.00835674 0.244233
-102.869 -14.2169 90.937 -0.968282 -0.00582623 0.249792
-102.891 -15.3421 90.8275 -0.967184 0.000938613 0.253962
-102.909 -16.4859 90.7211 -0.963145 -0.0111511 0.268751
-102.909 -17.7629 90.6763 -0.962393 -0.00709204 0.271543
-102.898 -19.0848 90.6804 -0.963229 -0.00695118 0.268592
-102.906 -20.5131 90.6241 -0.962926 -0.00155043 0.26976
-102.913 -21.6182 90.5945 -0.961446 0.00103566 0.274923
-102.899 -22.8125 90.6816 -0.962389 0.00993862 0.271485
-102.845 -24.3157 90.9105 -0.962298 -0.00510563 0.271818
-102.797 -25.3922 91.0284 -0.960685 -0.0127549 0.277348
-102.761 -26.4559 91.1422 -0.961615 0.00449334 0.274225
-102.756 -27.5902 91.196 -0.96354 0.00450531 0.267525
-102.774 -29.0001 91.137 -0.96197 -0.00568791 0.27297
-102.804 -30.2524 90.9985 -0.961458 0.00393757 0.274675
-102.873 -31.3843 90.7755 -0.964726 0.00552597 0.263198
-102.976 -32.8342 90.4432 -0.956344 0.025617 0.289329
-103.098 -33.8761 90.1445 -0.952466 0.0203725 0.303951
-103.274 -34.9087 89.6677 -0.936639 0.00211733 0.347737
-103.296 -36.1992 89.6802 -0.923779 0.0189551 0.382455
-102.976 -36.8636 90.4825 -0.922306 0.00610912 0.386244
-102.703 -36.3067 91.3282 -0.948691 -0.0223579 0.315412
-102.406 -35.9096 92.2614 -0.957506 -0.048866 0.284242
-102.03 -35.6616 93.5667 -0.957165 -0.0488727 0.285388
-101.662 -35.5862 94.8259 -0.958054 -0.0505586 0.282087
-101.359 -35.523 95.9405 -0.967288 -0.0430726 0.249622
-101.017 -35.4224 97.3565 -0.970639 -0.0526721 0.234695
-100.941 -34.3714 97.8876 -0.96523 -0.0454054 0.257412
-101.013 -33.2014 97.7891 -0.966464 -0.0173054 0.25621
-101.079 -32.0417 97.6043 -0.967407 -0.020654 0.252227
-101.1 -30.7271 97.6003 -0.970948 -0.00776711 0.239166
-101.048 -29.6787 97.8601 -0.9722 -0.0106228 0.233871
-100.953 -28.5061 98.2939 -0.972623 -0.00661311 0.232294
-100.902 -27.422 98.5959 -0.974204 -0.0190013 0.224869
-100.905 -26.3383 98.7037 -0.973346 -0.023762 0.228104
-100.938 -25.2574 98.67 -0.973226 -0.0222592 0.228768
-100.971 -24.2107 98.6445 -0.971849 -0.0198371 0.234669
-100.986 -23.1552 98.644 -0.971342 -0.0133163 0.237313
-101.011 -21.5472 98.5977 -0.972122 -0.00784981 0.234342
-101.041 -19.5829 98.5387 -0.972311 -0.00792699 0.233556
-101.078 -18.4963 98.4445 -0.974091 -0.0197261 0.225257
-101.094 -16.9601 98.5114 -0.97296 -0.0145591 0.230491
-101.082 -15.3687 98.6145 -0.972088 -0.00337749 0.234591
-101.069 -13.4877 98.6937 -0.971513 -0.00437052 0.236947
-101.102 -12.4803 98.5665 -0.974064 -0.0023532 0.22626
-101.125 -10.8287 98.5081 -0.974666 -0.00714401 0.22355
-101.127 -9.74473 98.5816 -0.97228 -0.0179172 0.233075
-101.116 -8.71503 98.6854 -0.971752 -0.0128939 0.23565
-101.111 -7.7012 98.7807 -0.969427 -0.0121699 0.244859
-101.101 -6.67522 98.8323 -0.968246 -0.00282019 0.249984
-101.107 -5.55329 98.8127 -0.968706 0.000430259 0.248209
-101.128 -4.50024 98.7299 -0.968767 0.000167871 0.247974
-101.147 -3.32713 98.6678 -0.9678 -0.00220575 0.251691
-101.176 -2.21897 98.5571 -0.967483 -0.00301561 0.252889
-101.221 -0.875396 98.412 -0.96691 -0.00433589 0.255079
-101.232 0.570835 98.3526 -0.970426 -0.00364697 0.241286
-101.159 2.13345 98.6857 -0.966168 0.000983039 0.257637
-101.076 3.14317 98.9796 -0.963086 -0.00140879 0.269191
-100.998 4.12866 99.2621 -0.962981 -0.000640273 0.269569
-100.96 5.27523 99.4039 -0.962808 -0.00169088 0.27018
-100.995 6.72166 99.2676 -0.969086 -0.0114441 0.246256
-101.022 8.0882 99.186 -0.967533 -0.00417865 0.252709
-101.059 9.34308 99.13 -0.964091 -0.0116682 0.265131
-101.095 10.3892 99.015 -0.963949 0.00378643 0.265936
-101.142 11.6951 98.7861 -0.96549 0.00834049 0.260286
-101.196 12.8195 98.5726 -0.965313 0.000774977 0.261094
-101.252 13.9856 98.3629 -0.965506 0.000115297 0.26038
-101.281 15.1677 98.2718 -0.966645 -0.00309076 0.256102
-101.274 16.8307 98.2884 -0.967692 0.0024369 0.252084
-101.283 18.119 98.281 -0.967851 -0.0142042 0.251124
-101.303 19.4129 98.2727 -0.964573 -0.00229307 0.263281
-101.26 20.6827 98.3541 -0.965426 0.0205616 0.259866
-101.215 21.729 98.4432 -0.966522 0.00624176 0.256507
-101.183 23.0868 98.5307 -0.966976 0.00797364 0.25473
-101.176 24.7034 98.4814 -0.967394 0.0134954 0.252916
-101.186 26.4628 98.4377 -0.966943 -0.0136872 0.254626
-101.193 28.0163 98.4952 -0.962643 -0.00260417 0.270028
-101.158 29.2762 98.5539 -0.957661 0.0137285 0.287569
-101.151 30.3333 98.5242 -0.959697 0.0169898 0.280409
-101.143 31.36 98.4928 -0.958656 0.0175262 0.284028
-101.111 32.9068 98.4831 -0.95707 0.0283438 0.288431
-101.093 34.4523 98.3465 -0.956647 0.0389769 0.28863
-101.321 35.4676 97.4239 -0.955202 0.0593247 0.289944
-101.607 35.5768 96.4629 -0.954547 0.0590734 0.292149
-101.922 35.5919 95.4332 -0.950209 0.0450514 0.308335
-102.347 35.6099 94.1178 -0.950382 0.0463805 0.307609
-102.717 35.6971 92.9357 -0.949925 0.0305244 0.310396
-103.034 35.8525 91.999 -0.94552 0.0137535 0.325252
-103.539 36.2087 90.5321 -0.942172 0.00198902 0.334842
-103.874 35.4965 89.5844 -0.929082 -0.0462226 0.366974
-103.721 34.3113 89.8261 -0.929606 -0.0494825 0.365189
-103.551 33.0443 90.1465 -0.9474 -0.0234714 0.317178
-103.49 31.7061 90.2833 -0.959219 -0.00119249 0.282567
-103.749 31.8001 89.502 -0.939697 -0.0206387 0.341068
-103.709 30.0573 89.5786 -0.950025 -0.00151154 0.311098
-103.63 28.5232 89.783 -0.957562 -0.0155693 0.287808
-103.607 27.3237 89.7953 -0.958273 -0.0121396 0.285565
-103.625 26.1794 89.6633 -0.961106 -0.01852 0.275558
-103.646 24.8792 89.4918 -0.955198 -0.0332557 0.293931
-103.644 23.6949 89.3991 -0.953718 -0.025242 0.299639
-103.645 22.5678 89.2892 -0.953969 -0.0275016 0.298641
-103.649 21.2147 89.216 -0.948949 -0.0151438 0.315066
-103.651 20.05 89.16 -0.955285 -0.0107603 0.295462
-103.701 18.787 88.9545 -0.953402 -0.01072 0.30151
-103.72 17.3461 88.8133 -0.951436 -0.0181616 0.307267
-103.684 15.2824 88.804 -0.950167 -0.0197314 0.311115
-103.708 13.9998 88.6669 -0.955633 -0.00825087 0.294372
-103.656 12.8577 88.7819 -0.959435 -0.0153652 0.28151
-103.589 11.8119 88.9674 -0.957663 -0.0134615 0.287544
-103.487 10.3305 89.2302 -0.959891 -0.0142167 0.280007
-103.393 9.02034 89.4756 -0.957959 -0.0234521 0.285882
-103.29 7.20602 89.7904 -0.971645 -0.00261857 0.236426
-103.246 6.21867 89.9704 -0.971267 -0.00209852 0.237963
-103.158 5.07658 90.2149 -0.967689 -0.0326182 0.250005
-103.094 3.94156 90.3063 -0.964445 -0.0239001 0.262675
-103.082 2.93528 90.3205 -0.965469 -0.00203397 0.26042
-103.051 1.55043 90.4663 -0.966299 0.00623186 0.257337
-103.051 0.0391021 90.487 -0.966012 -0.00236265 0.25845
-103.1 -0.952558 90.2789 -0.964856 -0.00350346 0.262735
-103.15 -2.36181 90.0609 -0.964677 -0.00749728 0.263325
-103.133 -3.59526 90.0805 -0.962916 -0.00728175 0.269559
-103.104 -4.61257 90.1477 -0.961724 -0.00938351 0.273858
-103.073 -5.64018 90.2202 -0.962563 -0.00836653 0.270882
-103.026 -7.29477 90.3625 -0.962984 0.00724999 0.269208
-103.007 -8.34751 90.4307 -0.958243 -0.00527992 0.285902
-103.013 -9.35268 90.3993 -0.959833 -0.00753099 0.280413
-103.035 -10.4109 90.3479 -0.963585 0.0118035 0.267139
-103.05 -11.4334 90.301 -0.967804 -0.013458 0.251243
-103.053 -12.6649 90.2541 -0.968925 -0.00698647 0.247254
-103.071 -13.706 90.1675 -0.968515 -0.00304112 0.248937
-103.087 -14.7815 90.0796 -0.966811 0.000623672 0.255373
-103.125 -15.9015 89.9688 -0.965704 0.00687449 0.259556
-103.144 -17.0296 89.8622 -0.962261 -0.00670303 0.272005
-103.141 -18.188 89.855 -0.961497 -0.00693099 0.274714
-103.119 -19.9831 89.8735 -0.960543 -0.00746528 0.278023
-103.146 -21.7159 89.7964 -0.960163 0.00286935 0.279424
-103.125 -22.7708 89.8814 -0.959296 0.00869745 0.282234
-103.074 -23.9899 90.091 -0.961363 0.00220513 0.275265
-103.035 -25.1632 90.2164 -0.961209 -0.0111407 0.275582
-102.971 -26.898 90.4247 -0.95799 -0.00228108 0.28678
-102.989 -28.386 90.3841 -0.961415 0.00304502 0.275076
-103.012 -29.5928 90.2924 -0.961484 -0.00532615 0.274803
-103.054 -30.8187 90.1028 -0.963371 -0.00256532 0.267997
-103.135 -31.9063 89.8362 -0.955963 0.0229534 0.291558
-103.259 -33.0289 89.6177 -0.948312 0.0288984 0.315738
-103.42 -34.0728 89.1916 -0.94382 0.0291743 0.328802
-103.873 -35.5843 88.1467 -0.938195 0.0515357 0.342248
-103.842 -36.5792 88.3874 -0.930378 0.0463882 0.363272
-103.338 -37.3847 89.6559 -0.916076 0.0211792 0.400288
-103.106 -38.6209 90.2205 -0.917878 0.00806233 0.396767
-103.145 -39.6986 90.1438 -0.915996 0.0109119 0.400941
-103.214 -40.7021 89.9984 -0.909726 -0.00234447 0.415202
-103.202 -41.7656 90.0196 -0.907219 0.00584691 0.42051
-103.202 -42.9086 90.0318 -0.902554 0.00172359 0.430573
-103.214 -44.0857 90.0104 -0.906637 -0.0134306 0.421316
-103.22 -45.2227 89.9588 -0.915381 -0.00897211 0.402488
-103.28 -46.2627 89.8225 -0.916027 0.0101389 0.400918
-103.362 -47.3033 89.6946 -0.916033 0.0241589 0.40037
-103.362 -48.4384 89.7187 -0.911871 0.00391733 0.410456
-103.409 -49.4494 89.6221 -0.910049 0.00674654 0.414424
-103.546 -50.4725 89.323 -0.908627 -0.00784303 0.417521
-103.674 -51.5177 89.0307 -0.910461 -0.00248587 0.413585
-103.256 -51.4521 89.9548 -0.910908 -0.00232034 0.412602
-102.785 -50.7382 90.9853 -0.907699 0.00228522 0.419615
-103.049 -49.7902 90.4093 -0.908829 -0.0147683 0.416547
-103.187 -48.6926 90.1305 -0.923727 0.000536293 0.383047
-103.143 -47.3373 90.2051 -0.919414 0.027046 0.392359
-103.07 -46.3267 90.3092 -0.919662 0.0134817 0.392349
-103.036 -45.2449 90.3829 -0.919977 -0.00575552 0.391919
-103.023 -44.1014 90.4183 -0.911113 0.00856212 0.41199
-103.03 -42.916 90.3983 -0.909559 0.00170645 0.415571
-103.036 -41.7667 90.3845 -0.911238 -0.00308509 0.411867
-103.014 -40.7332 90.4382 -0.911704 -0.00294679 0.410837
-102.935 -38.9808 90.6177 -0.91549 -0.00827331 0.402034
-102.757 -37.5334 91.0343 -0.926616 0.00507894 0.375974
-102.471 -36.8076 91.925 -0.941917 -0.0544246 0.331264
-102.155 -36.5478 92.9947 -0.956802 -0.0550449 0.285477
-101.69 -36.4194 94.5775 -0.957639 -0.051546 0.283319
-101.418 -36.3811 95.5739 -0.965179 -0.0455234 0.257581
-101.12 -36.3504 96.741 -0.967669 -0.0461869 0.247903
-100.859 -36.3026 97.7993 -0.967229 -0.0548231 0.247757
-100.674 -35.636 98.6346 -0.96527 -0.0534408 0.255728
-100.729 -34.081 98.7324 -0.965151 -0.0480933 0.257233
-100.838 -32.5829 98.4821 -0.967051 -0.0215908 0.253559
-100.918 -31.4416 98.2994 -0.967943 -0.0292201 0.249462
-100.899 -30.3311 98.4345 -0.971782 -0.0141606 0.235454
-100.808 -29.2097 98.8815 -0.972194 -0.0105095 0.233902
-100.732 -28.0136 99.2848 -0.974248 -0.0186501 0.224706
-100.704 -26.9405 99.498 -0.973836 -0.0218964 0.226174
-100.737 -25.7155 99.4775 -0.973239 -0.0226547 0.228675
-100.77 -24.5705 99.4464 -0.966461 -0.023089 0.255737
-100.779 -23.5619 99.4668 -0.969949 -0.013316 0.242944
-100.797 -22.5258 99.4515 -0.970079 -0.0095757 0.242589
-100.811 -21.4227 99.4279 -0.970447 -0.00781672 0.241189
-100.825 -20.3503 99.4046 -0.971829 -0.00772239 0.23556
-100.887 -18.5616 99.2634 -0.972226 -0.0148293 0.233519
-100.901 -17.3684 99.2888 -0.970931 -0.0171671 0.238707
-100.899 -16.138 99.3611 -0.971824 -0.00755042 0.235551
-100.879 -15.1078 99.4535 -0.971663 -0.00223227 0.236358
-100.855 -14.0742 99.563 -0.971548 -0.00332743 0.236818
-100.877 -13.0461 99.4928 -0.969888 0.00123997 0.243389
-100.93 -11.4464 99.2987 -0.966741 -0.0118174 0.255485
-100.933 -10.2702 99.3384 -0.967216 -0.0134624 0.253573
-100.921 -9.20854 99.4454 -0.967867 -0.0134243 0.251104
-100.909 -8.17051 99.5477 -0.967482 -0.0114248 0.252674
-100.88 -6.68598 99.6835 -0.968101 -0.00262135 0.250545
-100.903 -5.66708 99.6131 -0.969162 -0.00348563 0.246367
-100.923 -4.66425 99.5366 -0.969559 0.000335798 0.244857
-100.944 -2.76435 99.4456 -0.969144 0.00134404 0.246492
-100.988 -1.52986 99.279 -0.966799 -0.00514587 0.255486
-101.026 -0.357256 99.1595 -0.967098 -0.00529721 0.254348
-101.038 0.656288 99.1232 -0.9687 -0.00123229 0.248204
-100.913 2.41177 99.5631 -0.963357 0.00775271 0.268111
-100.824 3.39513 99.8824 -0.962841 -0.000822344 0.270067
-100.743 4.36981 100.171 -0.962738 -0.000846555 0.270436
-100.724 5.52637 100.246 -0.962732 -0.00141103 0.270452
-100.765 6.53931 100.112 -0.963506 -0.00574583 0.267621
-100.8 7.60007 100.015 -0.963509 -0.00730193 0.267576
-100.819 8.70932 99.9749 -0.966478 -0.0121714 0.25631
-100.842 9.91602 99.9118 -0.962778 -0.00329026 0.270272
-100.892 11.1398 99.7336 -0.965452 0.00855927 0.260428
-100.944 12.2544 99.5139 -0.965791 0.00476789 0.259278
-101.003 13.3807 99.2867 -0.96551 8.23848e-05 0.260363
-101.056 14.4423 99.0922 -0.965472 -0.00287415 0.26048
-101.07 15.9247 99.0686 -0.965412 -0.00431927 0.260694
-101.064 17.1197 99.1084 -0.968484 -0.00124469 0.249071
-101.075 18.5183 99.096 -0.964073 -0.00316887 0.265148
-101.072 19.5919 99.0755 -0.961306 0.00870792 0.275344
-101.023 21.2369 99.1892 -0.963414 0.0149072 0.267456
-100.985 22.4582 99.2871 -0.963017 0.00741481 0.26934
-100.967 23.5888 99.3216 -0.962643 0.0100686 0.27057
-100.97 24.839 99.2615 -0.967345 0.0136529 0.253096
-100.979 26.2241 99.2036 -0.966146 -0.0139845 0.257611
-100.986 27.2333 99.2145 -0.959253 0.00413062 0.282448
-100.946 28.2684 99.3088 -0.957936 0.0140654 0.286636
-100.924 29.6822 99.3142 -0.957356 0.0153471 0.288494
-100.914 31.0497 99.2706 -0.956867 0.0154662 0.290115
-100.89 32.4274 99.2579 -0.956333 0.0224119 0.291409
-100.858 33.5481 99.2424 -0.955641 0.0339563 0.292567
-100.846 35.1105 99.0478 -0.954635 0.053287 0.292973
-100.915 36.1263 98.6335 -0.954947 0.0562801 0.29138
-101.224 36.4396 97.5477 -0.955773 0.0569064 0.288547
-101.585 36.4061 96.368 -0.954255 0.0542819 0.294001
-101.892 36.4265 95.3839 -0.951219 0.0528887 0.303885
-102.399 36.434 93.8272 -0.947365 0.0461957 0.316629
-102.742 36.499 92.826 -0.946617 0.015307 0.321997
-103.181 36.8242 91.5322 -0.944566 0.0171755 0.327863
-103.704 37.5563 90.1999 -0.911718 -0.0336248 0.409326
-103.968 36.8068 89.57 -0.908694 -0.0238312 0.416722
-104.292 36.0441 88.65 -0.923526 -0.0665792 0.37771
-104.161 34.965 88.7944 -0.929745 -0.0499868 0.364758
-103.918 33.6847 89.228 -0.930421 -0.0511411 0.362897
-103.799 32.7042 89.4538 -0.936517 -0.0292786 0.349397
-103.78 32.4218 89.4808 -0.937111 -0.0320565 0.347541
-104.048 32.3343 88.741 -0.938126 -0.0365983 0.344343
-104.013 30.7256 88.7399 -0.942843 -0.0155481 0.332735
-103.92 29.0723 88.9278 -0.94707 -0.0123054 0.32079
-103.863 27.9789 89.0559 -0.946875 -0.013052 0.321333
-103.874 26.7266 88.9387 -0.948469 -0.0226312 0.31606
-103.956 25.1037 88.5461 -0.950684 -0.0307395 0.308629
-103.903 23.3044 88.5408 -0.949558 -0.0222529 0.312699
-103.925 22.1899 88.4283 -0.948873 -0.0127689 0.3154
-103.924 21.0121 88.3791 -0.948811 -0.0155723 0.315459
-103.901 19.8441 88.3874 -0.949528 -0.0160351 0.313272
-103.974 18.7163 88.1071 -0.948728 -0.0151563 0.315714
-103.99 17.5905 88.0013 -0.948991 -0.017286 0.314804
-103.999 16.4181 87.9168 -0.949852 -0.0181633 0.312158
-103.979 15.1046 87.8955 -0.949033 -0.0173042 0.314689
-103.971 13.9091 87.8776 -0.948182 -0.00834409 0.317616
-103.886 12.4396 88.0704 -0.945507 -0.0152926 0.325235
-103.827 11.1924 88.175 -0.94878 -0.00808146 0.315578
-103.759 10.1384 88.3336 -0.947059 -0.018129 0.320197
-103.672 9.1078 88.5756 -0.9457 -0.00332049 0.325025
-103.523 7.41537 88.9702 -0.953102 0.000307851 0.301718
-103.476 6.37553 89.17 -0.958661 0.0114908 0.284307
-103.399 5.00813 89.311 -0.961758 -0.0283036 0.272424
-103.346 3.87744 89.4008 -0.96107 -0.0138218 0.275953
-103.306 2.85122 89.496 -0.95783 -0.00316598 0.286935
-103.285 1.76485 89.5848 -0.966194 0.0063803 0.257728
-103.314 0.310369 89.5149 -0.965295 -0.00146607 0.261105
-103.314 -0.718859 89.4899 -0.965576 -0.00348318 0.260086
-103.404 -1.96862 89.1731 -0.958972 -0.00697598 0.283386
-103.361 -3.3783 89.2929 -0.96027 -0.00493884 0.279021
-103.362 -4.63056 89.2433 -0.960895 -0.00400014 0.27679
-103.297 -6.07453 89.4118 -0.959137 -0.0105903 0.282718
-103.245 -7.88477 89.6343 -0.961632 0.0172666 0.273797
-103.24 -8.89075 89.6365 -0.959043 -0.0101689 0.283042
-103.247 -9.92294 89.5644 -0.960902 0.000653474 0.27662
-103.262 -10.9683 89.5365 -0.966011 -0.0172928 0.25792
-103.252 -12.2822 89.4826 -0.967319 -0.0119473 0.253157
-103.259 -13.305 89.4376 -0.968515 -0.00304112 0.248937
-103.297 -14.664 89.2938 -0.96008 0.0047751 0.278941
-103.331 -15.7212 89.1966 -0.960277 0.00552083 0.278306
-103.383 -17.5285 89.0247 -0.953509 -0.00379311 0.301335
-103.37 -18.7072 89.0498 -0.958359 -0.0103237 0.285351
-103.347 -20.2406 89.0836 -0.96071 -0.00556159 0.27749
-103.377 -21.2677 88.9971 -0.96 0.00534182 0.27993
-103.38 -22.3011 89.0162 -0.959121 0.0057164 0.282926
-103.348 -23.3312 89.1467 -0.956156 0.0068061 0.292778
-103.326 -24.4044 89.2381 -0.956532 0.0027127 0.291599
-103.247 -25.6299 89.504 -0.957222 0.000448359 0.289352
-103.213 -26.6597 89.6212 -0.957975 -0.00153047 0.286835
-103.207 -28.1373 89.6166 -0.959645 0.000336732 0.281114
-103.233 -29.3165 89.55 -0.957232 -0.0015019 0.289296
-103.288 -30.444 89.3611 -0.956286 -0.0249536 0.291365
-103.378 -31.836 89.0759 -0.947708 0.03765 0.316755
-103.548 -33.1202 88.7565 -0.948521 0.0343564 0.314303
-103.756 -34.0289 88.2595 -0.939224 0.0379187 0.341205
-104.272 -35.5547 87.0758 -0.934723 0.0567119 0.350822
-104.58 -36.2352 86.3597 -0.937026 0.0624583 0.343629
-104.531 -37.1813 86.6515 -0.934588 0.0607365 0.350503
-104.086 -37.2193 87.8416 -0.934507 0.0571414 0.351329
-103.695 -37.6418 88.8582 -0.907761 0.0366507 0.41474
-103.521 -38.6522 89.2748 -0.91438 0.00752624 0.404773
-103.571 -39.9361 89.2006 -0.911919 0.0163423 0.410046
-103.58 -41.2211 89.1965 -0.907484 0.00655851 0.41993
-103.589 -42.3399 89.2124 -0.90514 0.014256 0.424874
-103.618 -43.4868 89.1614 -0.906336 -0.0136907 0.421948
-103.612 -44.6893 89.0894 -0.910459 -0.0286324 0.412607
-103.639 -45.7485 88.9926 -0.91636 -0.0128351 0.400131
-103.665 -46.894 88.9773 -0.91608 0.0225658 0.40036
-103.677 -48.0555 89.0142 -0.913401 0.0138275 0.406675
-103.697 -49.0723 88.9855 -0.909122 0.0106797 0.416393
-103.921 -50.4499 88.5072 -0.922079 -0.0244511 0.384023
-104.234 -50.8407 87.6221 -0.941343 -0.0255198 0.336343
-104.601 -50.7999 86.5711 -0.942924 -0.0166687 0.332553
-104.518 -51.9969 86.767 -0.940532 -0.00825828 0.339582
-103.907 -52.5397 88.367 -0.933406 -0.0231186 0.35805
-103.472 -52.4124 89.4824 -0.920575 -0.00970002 0.389413
-103.057 -52.2527 90.3971 -0.91754 0.0158484 0.396723
-102.473 -51.5025 91.8479 -0.9363 0.0270524 0.349215
-102.518 -50.3636 91.5612 -0.923132 0.0266997 0.380444
-102.705 -49.3431 91.1991 -0.908984 -0.0312724 0.415657
-102.777 -48.2936 91.1006 -0.917122 0.00413297 0.398546
-102.671 -46.9297 91.2821 -0.91932 0.0242115 0.392758
-102.705 -44.9587 91.1643 -0.917163 0.00621937 0.398277
-102.68 -43.7381 91.1733 -0.913944 0.0155443 0.405542
-102.68 -42.5215 91.1647 -0.910655 -0.00127216 0.413154
-102.661 -41.433 91.2158 -0.911424 -0.00395642 0.41145
-102.652 -39.6935 91.2463 -0.915815 -0.0100298 0.401236
-102.613 -38.6195 91.386 -0.920477 -0.0180054 0.39038
-102.377 -37.5592 92.0516 -0.949927 -0.0604621 0.305804
-101.885 -37.2525 93.7663 -0.956707 -0.0587055 0.28507
-101.56 -37.2398 94.8786 -0.960707 -0.0511283 0.272628
-101.298 -37.1163 95.9047 -0.966136 -0.0446851 0.254123
-100.963 -37.2133 97.1708 -0.966683 -0.0468692 0.251632
-100.681 -37.1902 98.2826 -0.96621 -0.0577967 0.251104
-100.428 -36.3347 99.4215 -0.965448 -0.0539309 0.254954
-100.4 -35.2767 99.7414 -0.965032 -0.0472083 0.25783
-100.481 -34.1974 99.6306 -0.965128 -0.0334011 0.259616
-100.585 -32.636 99.4418 -0.965344 -0.0299916 0.259241
-100.736 -30.9362 99.0684 -0.966186 -0.0280681 0.256305
-100.64 -29.9522 99.498 -0.966701 -0.016316 0.255386
-100.56 -28.6565 99.9103 -0.968461 -0.0223115 0.248137
-100.509 -27.5828 100.213 -0.968521 -0.0235539 0.247802
-100.517 -26.2097 100.281 -0.967937 -0.0181676 0.250491
-100.552 -25.0779 100.227 -0.966385 -0.0182412 0.25645
-100.571 -23.8397 100.281 -0.96833 -0.020039 0.2487
-100.594 -22.3185 100.27 -0.969565 -0.0119497 0.24454
-100.605 -21.132 100.269 -0.970356 -0.00775448 0.241555
-100.615 -20.0843 100.235 -0.968079 -0.010446 0.250212
-100.7 -18.5117 100.028 -0.966464 -0.0152795 0.256315
-100.694 -17.0591 100.11 -0.967318 -0.0100027 0.253325
-100.68 -15.7643 100.241 -0.96876 -0.0102536 0.247706
-100.661 -14.2736 100.342 -0.968602 -0.00321954 0.248568
-100.664 -13.0979 100.316 -0.96825 0.0066282 0.249895
-100.688 -11.8985 100.192 -0.967136 -0.0032458 0.254069
-100.72 -10.898 100.116 -0.966523 -0.0138611 0.256185
-100.708 -9.78561 100.235 -0.967005 -0.0165852 0.254216
-100.685 -8.70147 100.379 -0.967408 -0.0115072 0.252957
-100.639 -7.67271 100.597 -0.967211 -0.00887936 0.253818
-100.638 -6.1692 100.636 -0.968891 -0.00702707 0.247389
-100.701 -4.47736 100.413 -0.969482 0.00147137 0.245154
-100.706 -3.44471 100.383 -0.969264 0.00238786 0.246012
-100.745 -2.35321 100.225 -0.969091 0.00111923 0.246699
-100.788 -1.03431 100.026 -0.963476 -0.0065282 0.267713
-100.815 0.313334 99.9624 -0.962314 -0.00164657 0.271864
-100.757 1.60072 100.145 -0.961341 0.00463538 0.275321
-100.651 2.64228 100.495 -0.962059 0.0028923 0.272804
-100.556 3.5835 100.836 -0.962666 -0.000599155 0.27069
-100.464 4.71873 101.165 -0.962568 -0.00279452 0.271021
-100.501 5.71293 101.051 -0.963456 -0.00420414 0.267833
-100.525 6.9838 100.99 -0.9636 -0.0082806 0.267218
-100.592 8.12582 100.778 -0.963945 -0.00737005 0.265999
-100.608 9.59411 100.751 -0.963755 -0.00359255 0.266766
-100.632 10.6075 100.676 -0.963763 -0.00331918 0.266738
-100.677 11.7024 100.506 -0.963972 0.00576093 0.265942
-100.736 12.8516 100.271 -0.964314 -0.000368923 0.264715
-100.814 13.9569 99.9897 -0.965858 -0.000685898 0.25907
-100.857 15.0149 99.839 -0.965144 -0.00504276 0.261669
-100.857 16.436 99.8674 -0.965046 -0.00484693 0.262037
-100.848 17.4634 99.9188 -0.965514 -0.00399505 0.260318
-100.825 18.8207 99.9628 -0.961583 0.00936275 0.274356
-100.83 20.0768 99.9054 -0.962079 0.00870995 0.272629
-100.803 21.0598 99.9759 -0.962728 0.00764415 0.270364
-100.776 22.0933 100.044 -0.962791 0.00665061 0.270166
-100.741 23.1393 100.141 -0.962418 0.0103234 0.271355
-100.733 24.1643 100.123 -0.962029 0.00916973 0.272769
-100.785 25.838 99.9209 -0.964388 0.00767429 0.264018
-100.759 27.0564 99.987 -0.958029 0.0075299 0.286571
-100.693 28.5131 100.142 -0.958423 0.0147199 0.284969
-100.695 29.8586 100.058 -0.956837 0.0162649 0.290168
-100.658 31.4042 100.098 -0.955875 0.0192823 0.293105
-100.653 32.6718 100.005 -0.955314 0.030897 0.293974
-100.536 34.2224 100.213 -0.955088 0.0435865 0.292955
-100.574 35.9818 99.7721 -0.954654 0.0536741 0.292839
-100.66 36.9131 99.3244 -0.955188 0.0535031 0.291122
-100.927 37.3115 98.3704 -0.955309 0.0546149 0.290519
-101.283 37.3523 97.1807 -0.954428 0.047587 0.294528
-101.621 37.2007 96.1151 -0.953409 0.0515781 0.297236
-102.079 37.3326 94.6511 -0.946815 0.0476324 0.31805
-102.414 37.2742 93.6829 -0.943493 0.0379058 0.329204
-102.862 37.3305 92.4034 -0.941919 0.0278755 0.3346
-103.216 37.7784 91.3768 -0.941933 0.00403099 0.335322
-103.51 39.3234 90.7356 -0.911125 -0.0171854 0.411066
-103.465 41.0384 90.9233 -0.922368 -0.0246009 0.3855
-103.385 42.1441 91.1139 -0.914954 0.0102757 0.403304
-103.492 43.1182 90.8608 -0.90366 -0.00328419 0.428238
-103.817 43.9694 90.185 -0.902661 -0.00381485 0.430332
-103.698 45.5935 90.482 -0.897186 -0.0182654 0.441204
-103.676 46.8143 90.5583 -0.895547 -0.0114774 0.44482
-103.796 47.9694 90.3653 -0.895427 -0.022957 0.444597
-103.506 48.6907 90.9702 -0.886698 -0.00512239 0.462157
-103.43 49.8257 91.1204 -0.895501 -0.0177032 0.444627
-103.176 50.5605 91.7421 -0.924356 -0.0586405 0.376989
-103.332 51.7463 91.461 -0.920301 0.00259631 0.391179
-104.042 52.1204 89.8294 -0.917502 0.00844679 0.397571
-104.454 51.9303 88.8565 -0.9228 0.0104263 0.385127
-104.702 51.0488 88.2658 -0.930438 0.0100198 0.366247
-104.75 50.6718 88.1485 -0.93427 0.00844611 0.356427
-104.278 50.4152 89.3328 -0.919236 0.0140485 0.393097
-104.014 49.4908 89.9098 -0.907506 0.00492711 0.419993
-103.953 48.1323 90.0424 -0.90682 -0.00347207 0.421415
-103.826 47.0276 90.2621 -0.896573 -0.0160827 0.442575
-103.865 45.8239 90.1515 -0.897091 -0.0170513 0.441467
-103.966 44.6316 89.8761 -0.900581 -0.0154515 0.4342
-104.051 43.242 89.6476 -0.913057 -0.0194821 0.407359
-103.866 42.2159 90.0153 -0.916754 -0.0148875 0.399174
-104.087 41.2554 89.4773 -0.916348 -0.0136545 0.400149
-103.944 40.0798 89.7548 -0.914366 -0.0176705 0.404492
-104.019 39.0834 89.5965 -0.908171 0.00468985 0.418571
-104.04 37.9299 89.5371 -0.896962 -0.0325112 0.4407
-104.404 37.2154 88.5826 -0.9246 -0.0681043 0.374797
-104.842 36.9976 87.4574 -0.925344 -0.0676529 0.373043
-104.585 35.5359 87.8305 -0.925734 -0.0699935 0.371631
-104.354 34.3591 88.2008 -0.932331 -0.0546935 0.357446
-104.124 33.2159 88.6394 -0.932582 -0.0490903 0.357533
-104.096 33.0435 88.6909 -0.93654 -0.034233 0.348834
-102.173 29.0416 94.8013 -0.962965 0.0001596 0.269516
-102.204 28.6599 94.6913 -0.960713 0.00035459 0.277542
-102.21 28.7759 94.6727 -0.960805 -0.000201545 0.277223
-102.283 23.2877 94.3772 -0.965396 0.00221705 0.260771
-102.341 22.9626 94.1673 -0.965508 0.00170768 0.260357
-102.337 23.1842 94.1815 -0.964979 0.00100992 0.262324
-102.313 21.7124 94.2366 -0.966024 -0.0215855 0.25755
-102.265 20.7016 94.3286 -0.968306 -0.013948 0.249054
-102.241 19.6162 94.4572 -0.970231 0.00801998 0.242045
-102.327 20.4376 94.0595 -0.976815 -0.00254203 0.213994
-102.376 21.4711 93.9802 -0.971162 -0.0295578 0.235375
-102.281 18.4349 94.2509 -0.977029 -0.0208748 0.212049
-102.355 18.0892 93.8742 -0.977677 -0.0190266 0.20925
-102.351 18.3157 93.9126 -0.977711 -0.018705 0.209119
-102.238 16.7714 94.2579 -0.976096 -0.0265905 0.215708
-102.319 15.5869 93.8496 -0.972293 0.00579507 0.23332
-102.22 14.0277 94.3956 -0.97353 0.0100518 0.228142
-102.198 12.9599 94.471 -0.975718 -0.00786667 0.218887
-102.16 11.879 94.6126 -0.975831 -0.0022842 0.218515
-102.103 10.6254 94.8418 -0.973402 -0.00795041 0.228958
-102.077 9.49005 94.8934 -0.973829 -0.0128781 0.226918
-102.061 8.39943 94.9005 -0.973602 -0.0144196 0.227788
-102.103 7.30466 94.725 -0.969626 0.00792557 0.244466
-101.99 5.69867 95.1906 -0.969865 -9.99407e-05 0.243641
-101.992 4.56905 95.1544 -0.974152 0.00207066 0.225806
-102.067 5.50542 94.8675 -0.973769 -0.0112104 0.227264
-101.972 6.62918 95.2682 -0.969298 0.00264811 0.245825
-102.168 7.16653 94.4649 -0.974357 0.00788091 0.22487
-102.216 8.39616 94.2256 -0.974222 -0.00589484 0.225368
-102.253 9.52216 94.1289 -0.975062 -0.0130272 0.22155
-102.281 10.6749 94.051 -0.97682 -0.00337053 0.214032
-102.353 12.1912 93.7458 -0.976748 -0.00143383 0.214387
-102.381 13.3425 93.6518 -0.978174 -0.00526786 0.207722
-102.226 14.8398 94.2987 -0.972725 0.0182185 0.231243
-102.369 15.5475 93.6427 -0.972037 0.00549844 0.234378
-102.313 16.705 93.9118 -0.973787 -0.0177384 0.226331
-103.765 50.3098 90.4486 -0.901094 -0.013666 0.433406
-103.859 51.2034 90.2552 -0.914755 0.0050209 0.403976
-103.935 50.518 90.0958 -0.910493 0.00188349 0.413374
-103.884 50.3638 90.2041 -0.904396 -0.0102776 0.426469
-101.801 -28.7009 94.8897 -0.969599 -0.0414413 0.241162
-101.792 -30.0029 94.721 -0.970246 -0.0327746 0.239869
-101.781 -29.4789 94.8365 -0.970197 -0.0368163 0.239442
-101.844 -30.7948 94.4436 -0.965225 -0.00242866 0.261402
-102.041 -31.5533 93.7258 -0.960961 0.00117759 0.276575
-102.031 -31.1375 93.7645 -0.958946 0.000667197 0.28357
-101.995 -30.9034 93.8842 -0.962154 0.00156433 0.272211
