-106.897 44.2785 87.5302 -0.940521 -0.00513311 0.339696
-106.422 44.0308 88.8687 -0.938608 -0.0169065 0.344191
-106.048 44.0437 89.8429 -0.933384 -0.0221707 0.358194
-105.684 43.9583 90.7764 -0.935272 -0.01304 0.353502
-105.342 43.8257 91.7076 -0.939216 -0.00866014 0.343219
-104.993 43.7171 92.654 -0.938387 -0.00473751 0.345548
-104.617 43.7906 93.6818 -0.939068 -0.00362907 0.343713
-104.618 44.322 93.6833 -0.940825 -0.00701354 0.338763
-105 44.457 92.6457 -0.937721 -0.00584353 0.347341
-105.356 44.4507 91.6867 -0.938465 -0.00723087 0.34529
-106.005 44.3726 89.974 -0.931449 -0.0193766 0.363357
-106.386 44.3294 88.9828 -0.938304 -0.016693 0.345044
-106.742 44.3635 87.9665 -0.943882 -0.0114914 0.330082
-106.789 44.3546 87.8328 -0.942191 -0.00830321 0.334918
-106.928 44.9862 87.457 -0.942191 -0.00830321 0.334918
-106.597 45.0334 88.403 -0.943667 -0.0109934 0.330713
-106.252 45.0581 89.3779 -0.932297 -0.0211399 0.361062
-105.881 45.0916 90.3308 -0.931513 -0.0194033 0.36319
-105.513 45.1279 91.2734 -0.934735 -0.00432167 0.355137
-105.159 45.153 92.2319 -0.937772 -0.0110313 0.347078
-104.796 45.1407 93.2124 -0.936649 -0.00898862 0.350133
-104.424 45.0202 94.2495 -0.942578 0.00426824 0.333959
-104.158 44.4014 94.989 -0.947328 -0.00330192 0.319906
-104.316 43.1435 94.5193 -0.951287 0.00302602 0.308288
-104.67 42.9311 93.522 -0.939126 -0.00885877 0.343458
-105.133 42.956 92.2728 -0.93665 0.00319492 0.35017
-105.744 43.1579 90.5988 -0.940139 0.00455214 0.340737
-106.133 43.2329 89.5719 -0.934073 -0.00587935 0.357033
-106.509 43.2763 88.5957 -0.938608 -0.0169065 0.344191
-106.889 43.0886 87.5286 -0.941028 -0.0132995 0.338067
-107.257 43.3729 86.518 -0.939292 -0.0112196 0.342896
-107.378 44.4347 86.1881 -0.942704 -0.00153169 0.333627
-107.035 44.9114 87.1595 -0.941634 -0.00342334 0.336599
-107.082 45.6435 87.0421 -0.942915 -0.0119971 0.332819
-106.545 45.7389 88.5756 -0.943627 -0.0108147 0.330834
-106.163 45.7689 89.6072 -0.93305 0.00361157 0.359693
-105.759 45.801 90.6416 -0.931288 0.00175221 0.364281
-105.366 45.8327 91.6939 -0.937936 -0.0107746 0.346642
-104.979 45.846 92.7394 -0.93777 -0.0110325 0.347081
-104.599 45.8143 93.7454 -0.939015 -0.00126827 0.343679
-104.258 45.7072 94.7097 -0.942844 0.00446926 0.333203
-103.933 44.8883 95.6847 -0.952862 0.00331223 0.303378
-103.955 43.0536 95.6351 -0.95171 0.00299533 0.306982
-104.186 42.4164 94.9236 -0.951419 0.00190016 0.307894
-104.525 42.2133 93.9094 -0.948205 0.00739504 0.317574
-104.917 42.1664 92.8359 -0.934381 -0.000200014 0.356276
-105.556 42.3292 91.1286 -0.940561 0.00251333 0.33957
-105.898 42.4229 90.1753 -0.9377 -0.00184989 0.347263
-106.259 42.4643 89.2306 -0.93705 -0.0149342 0.348663
-106.771 42.4075 87.83 -0.939363 -0.0185124 0.342353
-107.155 42.3995 86.7697 -0.937705 -0.00870985 0.347324
-107.498 42.6784 85.8458 -0.941408 -0.00257113 0.337261
-107.655 43.5841 85.4122 -0.941434 -0.00103188 0.337193
-107.623 45.1506 85.4989 -0.941992 -0.000186051 0.335625
-107.293 45.5446 86.44 -0.942965 -0.0119316 0.332678
-107.249 46.325 86.5928 -0.942952 -0.0122485 0.332704
-106.913 46.3856 87.5488 -0.942843 -0.0119397 0.333024
-106.573 46.4338 88.5169 -0.939279 -0.00118999 0.34278
-106.206 46.4696 89.4828 -0.934641 0.00758786 0.355511
-105.833 46.4974 90.4477 -0.93465 -0.00421657 0.355353
-105.476 46.5208 91.4168 -0.9381 -0.0105072 0.346205
-105.119 46.5383 92.3829 -0.936664 -0.00896594 0.350093
-104.749 46.5292 93.3635 -0.935523 -0.00692883 0.353197
-104.368 46.4678 94.3904 -0.945355 -0.000337812 0.325894
-103.987 46.2725 95.5221 -0.948302 -0.00514826 0.317327
-103.719 45.6716 96.3417 -0.952514 0.00607709 0.304433
-103.688 44.4377 96.4577 -0.954003 0.000406544 0.299782
-103.704 43.1251 96.4156 -0.955539 0.00429618 0.294712
-103.775 42.0605 96.207 -0.953416 0.00596333 0.3016
-104.12 41.5684 95.1345 -0.949938 0.00498308 0.312347
-104.656 41.4441 93.535 -0.948071 0.0100765 0.317889
-105.021 41.4094 92.564 -0.934735 -0.0039837 0.355322
-105.383 41.4932 91.6131 -0.938893 -0.012415 0.343667
-105.738 41.6303 90.618 -0.941744 -0.00251641 0.336316
-106.126 41.7174 89.5462 -0.936962 -0.0196067 0.348751
-106.551 41.705 88.3787 -0.93771 -0.0242378 0.346572
-106.996 41.6474 87.1787 -0.935948 -0.00759961 0.352018
-107.448 41.7518 85.9603 -0.938158 -0.00775288 0.346117
-107.872 42.5789 84.7989 -0.94138 -0.00254506 0.337339
-107.918 43.8324 84.6778 -0.942594 0.00249815 0.333909
-107.92 45.0679 84.6559 -0.94368 0.00432011 0.330832
-107.665 46.142 85.4002 -0.944821 -0.00919797 0.327457
-107.536 46.2463 85.7757 -0.94388 -0.0110427 0.330091
-107.426 47.03 86.1162 -0.944664 -0.00974349 0.327894
-107.076 47.0741 87.1111 -0.942898 -0.0125591 0.332844
-106.73 47.1221 88.093 -0.940248 -0.00816154 0.340278
-106.364 47.1629 89.0624 -0.934911 -0.00902406 0.354767
-105.995 47.1918 90.0354 -0.935193 -0.0101314 0.35399
-105.63 47.2104 91.0167 -0.938037 -0.00647358 0.346475
-105.275 47.2266 91.9765 -0.936698 -0.00382307 0.350086
-104.921 47.237 92.9141 -0.935472 -0.00109664 0.3534
-104.545 47.2094 93.9094 -0.937972 -0.00633206 0.346535
-104.17 47.1383 94.9816 -0.948122 0.000464794 0.317907
-103.754 46.9431 96.2243 -0.950311 -0.00538271 0.31113
-103.53 46.2991 96.9449 -0.957718 0.00288445 0.287694
-103.465 45.029 97.1699 -0.956154 0.00601787 0.29273
-103.476 43.7646 97.1494 -0.956415 0.00660901 0.291919
-103.504 42.4862 97.0972 -0.9584 0.00436593 0.285371
-103.602 41.289 96.7773 -0.954701 0.0108887 0.297353
-104.009 40.8229 95.511 -0.952585 0.0197911 0.303627
-104.505 40.7452 94.0131 -0.947977 0.0126917 0.318086
-104.842 40.64 93.0262 -0.940594 0.00566756 0.338879
-105.203 40.6625 92.0745 -0.938893 -0.012415 0.343667
-105.572 40.8103 91.0354 -0.941854 -0.0221257 0.335292
-105.917 40.925 90.0774 -0.941123 -0.0223548 0.337323
-106.339 40.9446 88.9034 -0.940592 -0.0232579 0.338737
-106.732 40.9171 87.8525 -0.934363 -0.00868992 0.356217
-107.1 40.9337 86.885 -0.937772 -0.00658546 0.34719
-107.456 40.9879 85.9242 -0.938211 -0.00629287 0.346006
-108.041 41.3907 84.3368 -0.939674 -0.00107748 0.342037
-108.135 42.599 84.064 -0.941065 0.000629906 0.338205
-108.159 43.8393 83.9935 -0.943259 0.00498368 0.332022
-108.161 45.1069 83.9697 -0.943376 0.000288245 0.3317
-108.065 46.7064 84.2647 -0.944147 -0.0076241 0.329423
-107.762 46.9789 85.1461 -0.944811 -0.00981837 0.327469
-107.878 47.7474 84.835 -0.944854 -0.0101535 0.327333
-107.272 47.7782 86.5829 -0.943736 -0.0110529 0.330502
-106.884 47.821 87.6819 -0.942838 -0.0127128 0.333009
-106.523 47.8595 88.6571 -0.937655 -0.00441492 0.347539
-106.157 47.8945 89.6268 -0.935239 -0.0105087 0.35386
-105.783 47.9072 90.6197 -0.9353 -0.0103404 0.353703
-105.415 47.9176 91.6093 -0.93663 -0.0028538 0.350282
-104.97 47.9364 92.7871 -0.935386 -0.000989451 0.353626
-104.598 47.9164 93.787 -0.940276 -0.011593 0.340216
-104.226 47.8753 94.8137 -0.944361 -0.00556504 0.328605
-103.888 47.815 95.8376 -0.952394 -0.011236 0.304663
-103.58 47.6795 96.7965 -0.956855 -0.0069257 0.290482
-103.285 47.0436 97.7526 -0.957496 -0.00228192 0.288393
-103.246 45.6041 97.8971 -0.957956 0.00239103 0.286903
-103.255 44.5324 97.872 -0.957718 0.00193226 0.287699
-103.271 43.5272 97.8278 -0.956626 0.00696956 0.291177
-103.29 42.4813 97.8052 -0.957162 0.0100556 0.28938
-103.347 40.7352 97.6819 -0.961426 0.0203617 0.274302
-103.648 40.1197 96.69 -0.957041 0.028284 0.287986
-103.999 40.0784 95.5939 -0.952217 0.0204219 0.304738
-104.331 40.0703 94.5601 -0.949797 0.0169502 0.312319
-104.711 39.9286 93.4426 -0.946746 0.0145784 0.321652
-105.314 39.9192 91.7149 -0.943279 -0.0198333 0.331408
-105.774 40.1446 90.4248 -0.941422 -0.0219593 0.336512
-106.407 40.1816 88.672 -0.936349 -0.017851 0.35046
-106.856 40.1783 87.511 -0.933673 -0.0112606 0.357939
-107.227 40.2124 86.5298 -0.937978 -0.00703163 0.346622
-107.69 40.2921 85.2748 -0.938055 -0.00721611 0.34641
-108.169 40.3997 83.9677 -0.93938 -0.00556303 0.342831
-108.381 41.9146 83.3918 -0.939707 0.00334312 0.341962
-108.398 43.2063 83.3292 -0.940709 0.0071544 0.339125
-108.402 44.3825 83.3004 -0.941458 0.00472595 0.337097
-108.407 45.4648 83.2838 -0.941008 -0.00316509 0.338365
-108.41 46.5231 83.2929 -0.941339 -0.00679741 0.337394
-108.146 47.6006 84.0638 -0.943303 -0.0121271 0.331712
-107.979 47.7478 84.5422 -0.944047 -0.0115825 0.329598
-108.019 48.5286 84.4599 -0.94346 -0.00978865 0.33133
-108.531 48.1951 82.9904 -0.943463 -0.00986461 0.33132
-108.666 47.2238 82.5936 -0.939129 -0.00715323 0.343491
-108.665 46.0549 82.5778 -0.939838 -0.00364965 0.341577
-108.644 44.9881 82.6311 -0.939047 -0.00291773 0.343775
-108.64 43.836 82.6469 -0.939644 0.00667188 0.342077
-108.648 42.7272 82.6531 -0.939265 0.00834005 0.343089
-108.637 41.5379 82.6949 -0.938408 0.005499 0.345468
-108.597 40.2782 82.8318 -0.937518 0.00856746 0.34783
-108.294 39.6002 83.6507 -0.935523 0.00638028 0.353208
-107.903 39.5497 84.6858 -0.936646 -0.00250148 0.350239
-107.491 39.5213 85.8008 -0.938219 -0.00456252 0.346012
-107.079 39.473 86.9096 -0.933878 -0.00842278 0.357446
-106.614 39.4363 88.1068 -0.932266 -0.0115458 0.361578
-106.085 39.4832 89.5325 -0.940176 -0.0144813 0.34038
-105.726 39.3723 90.508 -0.941188 -0.0230463 0.336927
-105.14 39.0591 92.1743 -0.944062 -0.0140529 0.32946
-104.752 39.1536 93.3591 -0.946127 0.0152218 0.323429
-104.413 39.3256 94.3412 -0.94968 0.0112562 0.31288
-103.798 39.324 96.2736 -0.952727 0.0126334 0.303463
-103.464 39.388 97.4323 -0.961233 0.0231032 0.274769
-103.164 39.9992 98.4187 -0.961856 0.0367793 0.271072
-103.095 41.1162 98.5364 -0.960665 0.0203611 0.276954
-103.081 42.2078 98.5194 -0.958899 0.014407 0.283347
-103.066 43.2101 98.5167 -0.957554 0.0148732 0.287867
-103.046 44.3392 98.5677 -0.956873 0.000448718 0.290507
-103.038 46.0942 98.5921 -0.959738 0.00284248 0.280883
-103.053 47.2825 98.5277 -0.960998 -0.00108264 0.276492
-103.253 48.3005 97.893 -0.958427 -0.00799074 0.285201
-103.727 48.516 96.368 -0.953023 -0.00396559 0.302764
-104.118 48.5707 95.1406 -0.949395 -0.00284178 0.313856
-104.487 48.601 94.1073 -0.940354 0.00689979 0.340128
-104.858 48.6246 93.0836 -0.937316 0.00396936 0.348355
-105.442 48.6279 91.5397 -0.935316 -0.0013696 0.35381
-105.818 48.6157 90.5451 -0.934887 -0.0113763 0.35476
-106.283 48.6064 89.315 -0.935485 -0.0118517 0.353167
-106.668 48.5613 88.2772 -0.937655 -0.00441492 0.347539
-107.022 48.5618 87.3226 -0.94018 -0.0094836 0.340422
-107.377 48.4968 86.3058 -0.94438 -0.0114405 0.328656
-107.84 48.524 84.9706 -0.944915 -0.0108376 0.327136
-107.88 48.5241 84.8542 -0.944047 -0.0115825 0.329598
-107.83 49.2479 85.0228 -0.944804 -0.0113301 0.32744
-108.186 49.3579 84.0005 -0.944653 -0.0117211 0.327862
-108.546 49.4553 82.9752 -0.941413 -0.00712015 0.337113
-108.851 48.8253 82.1252 -0.939138 -0.00871315 0.34343
-108.926 47.8357 81.8979 -0.939042 -0.0077108 0.343717
-108.987 46.29 81.7113 -0.936898 -0.0021913 0.349596
-108.941 45.2878 81.8285 -0.936546 -0.00252277 0.350533
-108.915 44.1779 81.8854 -0.938351 0.00181029 0.345575
-108.924 43.147 81.8898 -0.939009 0.00936015 0.343756
-108.984 41.7079 81.7542 -0.937633 0.00715723 0.347552
-108.879 39.9431 82.083 -0.937486 0.00897456 0.347908
-108.573 38.8847 82.9206 -0.934749 0.00446133 0.355274
-108.206 38.7894 83.8865 -0.934351 0.00173102 0.356349
-107.794 38.7188 84.9718 -0.935263 -0.000951117 0.353951
-107.429 38.6896 85.9578 -0.937043 -0.00712435 0.349114
-107.043 38.6782 86.9826 -0.935883 -0.00992257 0.352171
-106.503 38.6317 88.3785 -0.933756 0.00476162 0.357749
-106.009 38.5676 89.7155 -0.93514 0.0037266 0.354239
-105.463 38.3777 91.1943 -0.946527 -0.024641 0.321608
-104.928 38.3095 92.8317 -0.952964 0.000767686 0.303078
-104.484 38.4576 94.1768 -0.940697 0.0139401 0.338632
-104.12 38.5696 95.2688 -0.954993 0.0121703 0.295873
-103.607 38.6058 97.001 -0.959826 0.0270182 0.279287
-103.3 38.6206 98.0732 -0.960848 0.0241591 0.276013
-103.042 39.0301 98.9464 -0.961924 0.0221707 0.272401
-102.916 40.1453 99.2687 -0.960358 0.0327344 0.276831
-102.833 41.5471 99.405 -0.958748 0.027881 0.282808
-102.825 42.7204 99.3428 -0.957162 0.0164478 0.289085
-102.813 44.3185 99.3356 -0.957906 -0.00332707 0.287014
-102.817 45.3772 99.3481 -0.958975 -0.00695077 0.283405
-102.829 46.5437 99.3008 -0.960976 -0.00147296 0.276569
-102.846 47.6075 99.2624 -0.961795 -0.00808648 0.273635
-102.909 48.7579 99.082 -0.960584 -0.00891041 0.277842
-103.205 49.218 98.0663 -0.960284 0.0108616 0.278721
-103.687 49.2576 96.4841 -0.953759 0.00294297 0.300555
-104 49.3003 95.5039 -0.949364 -0.00155766 0.313936
-104.358 49.3469 94.4588 -0.946117 -0.00820494 0.32372
-104.744 49.3639 93.38 -0.937387 0.00500259 0.348134
-105.142 49.4307 92.3352 -0.93457 0.000872316 0.355779
-105.529 49.5279 91.3148 -0.933409 -0.00196218 0.358769
-106.071 49.3515 89.9012 -0.935485 -0.0118511 0.353167
-106.447 49.3314 88.9064 -0.935442 -0.0119621 0.353277
-106.798 49.2745 87.9535 -0.937875 -0.0152658 0.346637
-107.154 49.4936 86.9919 -0.941675 -0.0151314 0.33607
-107.482 49.3956 86.0394 -0.945702 -0.0144152 0.324715
-107.663 49.2322 85.5052 -0.945216 -0.0127874 0.326191
