-110.455 43.0736 92.8266 -0.956895 -0.0134331 0.290119
-110.067 42.9401 94.096 -0.959633 -0.0100512 0.280843
-110.225 43.8365 93.6156 -0.956782 -0.0117163 0.290569
-110.439 43.696 92.9058 -0.95689 -0.0117929 0.290211
-110.711 43.9468 92.0041 -0.958514 -0.00900908 0.284904
-110.655 42.7644 92.1411 -0.958757 -0.0231908 0.28326
-110.39 42.1546 92.9924 -0.956802 -0.0141214 0.290396
-109.937 41.4735 94.5281 -0.962457 -0.00539832 0.271381
-109.858 42.328 94.8356 -0.965083 -0.00785052 0.261815
-109.859 43.6688 94.8485 -0.964744 0.005891 0.263123
-110.083 44.6936 94.1182 -0.956635 -0.0115298 0.29106
-110.395 44.6871 93.0918 -0.957649 -0.0101835 0.287738
-110.61 44.5937 92.3658 -0.958505 -0.00855045 0.284946
-110.59 45.4118 92.4448 -0.958572 -0.00101373 0.284849
-110.883 44.9036 91.4564 -0.958596 -0.00499491 0.284704
-110.963 43.7775 91.1488 -0.959089 -0.0101492 0.282923
-110.941 42.7342 91.1811 -0.957683 -0.0242674 0.2868
-110.735 41.9512 91.8043 -0.958711 -0.0234994 0.283386
-110.304 41.232 93.2246 -0.959942 -0.0210976 0.279404
-110.031 40.6796 94.1788 -0.962644 -0.00495114 0.270725
-109.846 39.9171 94.8262 -0.963689 -0.00422207 0.266972
-109.677 41.0488 95.4598 -0.964268 -0.00514475 0.264873
-109.662 42.1499 95.5524 -0.965264 -0.0105776 0.261064
-109.657 43.8706 95.5874 -0.964723 0.00597293 0.2632
-109.703 45.0777 95.3945 -0.963313 -0.00641152 0.268123
-110.102 45.4683 94.0799 -0.95664 -0.00778969 0.29117
-110.419 45.481 93.0197 -0.958828 -0.00135265 0.283982
-110.42 46.2253 93.0211 -0.95903 -0.00125629 0.2833
-110.085 46.2434 94.1558 -0.957851 -0.00447089 0.287183
-109.783 46.2091 95.1711 -0.961183 -0.0139088 0.27556
-109.511 45.6757 96.1092 -0.965488 -0.00123473 0.260445
-109.46 44.4495 96.3007 -0.965329 0.00508632 0.260987
-109.468 43.409 96.2928 -0.965093 0.00505179 0.261857
-109.47 42.2341 96.2669 -0.96533 -0.0105303 0.260821
-109.469 41.0422 96.2195 -0.964986 -0.00721503 0.262175
-109.469 39.9454 96.206 -0.964642 -0.00359136 0.263539
-109.481 38.843 96.1466 -0.964535 -0.00299864 0.263936
-109.455 37.8456 96.2305 -0.967941 0.00080238 0.250757
-109.467 36.8002 96.2095 -0.971923 0.0129527 0.234863
-109.593 36.9444 95.7291 -0.966666 -0.0087554 0.25554
-109.706 37.7045 95.3129 -0.964585 -0.00329618 0.263752
-109.843 38.7658 94.8252 -0.964612 -0.00282437 0.263657
-110.011 39.5606 94.2037 -0.965664 -0.00844385 0.25957
-110.231 40.2804 93.4312 -0.965163 -0.0143631 0.261254
-110.557 40.8881 92.3306 -0.959818 -0.0203355 0.279886
-110.974 41.5192 90.9672 -0.957304 -0.0238242 0.288093
-111.175 42.573 90.3875 -0.95828 -0.017072 0.28522
-111.19 43.765 90.3904 -0.954356 -0.0152404 0.298282
-111.175 45.1305 90.506 -0.954401 -0.0126724 0.298256
-110.896 46.1586 91.4388 -0.954811 -0.0114817 0.296992
-110.581 46.2218 92.4849 -0.957509 -0.00344464 0.288352
-110.501 46.217 92.748 -0.957869 -0.0007551 0.287176
-110.517 46.9643 92.6968 -0.958988 -0.00602388 0.283383
-110.964 46.9416 91.2465 -0.953928 -0.00509742 0.299975
-111.289 46.659 90.2 -0.954355 -0.0108629 0.298477
-111.413 45.5959 89.7625 -0.95439 -0.0126491 0.298292
-111.421 44.4064 89.6828 -0.954589 -0.0138334 0.297603
-111.42 43.2575 89.6272 -0.954349 -0.0152408 0.298305
-111.351 41.5583 89.7249 -0.955054 -0.0251661 0.295361
-111.143 40.8151 90.3553 -0.956933 -0.0226457 0.289425
-110.696 40.3018 91.8131 -0.960868 -0.0231133 0.275998
-110.356 39.7503 92.9408 -0.96251 -0.0169912 0.270532
-110.108 38.8525 93.8302 -0.966489 -0.00310967 0.256689
-109.932 37.7722 94.4476 -0.969521 -0.0230749 0.24387
-109.825 36.8143 94.7982 -0.970275 -0.0220807 0.240992
-109.734 35.6651 95.0052 -0.974427 -0.0246694 0.222194
-109.689 34.5586 95.1769 -0.978337 -0.00758577 0.206881
-109.673 33.4269 95.2116 -0.978358 -0.00767417 0.206774
-109.701 31.8038 95.0032 -0.979909 -0.0144369 0.198923
-109.678 30.7782 95.0398 -0.981923 -0.014594 0.188697
-109.665 29.4565 95.0545 -0.982819 -0.00746099 0.184423
-109.652 28.0491 95.033 -0.984478 -0.00931759 0.175261
-109.636 26.8327 95.0582 -0.984707 -0.00929235 0.17397
-109.625 25.7532 95.0598 -0.985142 -0.0125125 0.17124
-109.6 24.0661 95.1073 -0.986531 -0.00630222 0.163454
-109.577 23.0405 95.1787 -0.987183 -0.00902444 0.159304
-109.558 22.0173 95.2595 -0.987502 -0.00624187 0.15748
-109.535 20.9757 95.3486 -0.987902 -0.00615278 0.154929
-109.518 19.7224 95.4057 -0.988575 -0.00593141 0.150596
-109.511 18.569 95.3654 -0.989028 -0.0106739 0.147338
-109.515 17.4415 95.2703 -0.989214 -0.00712557 0.146304
-109.504 15.7637 95.2373 -0.989811 -0.00815177 0.14211
-109.493 14.7359 95.2823 -0.9901 -0.00504413 0.140274
-109.484 13.7256 95.271 -0.990391 -0.0105024 0.137895
-109.503 12.1095 95.0431 -0.990898 -0.00707322 0.134428
-109.496 11.0953 95.0444 -0.99099 -0.0088625 0.133628
-109.475 9.84712 95.1081 -0.991392 -0.00892158 0.130622
-109.47 8.79406 95.0754 -0.991551 -0.00863057 0.12943
-109.451 7.73406 95.1744 -0.991942 -0.00551793 0.126569
-109.446 6.52102 95.1629 -0.99209 -0.00679441 0.125333
-109.447 5.49952 95.0943 -0.992306 -0.00685533 0.123619
-109.447 4.25446 95.0313 -0.992355 -0.00594716 0.123276
-109.445 3.16697 94.9959 -0.992403 -0.0052902 0.122912
-109.437 2.02455 95.0173 -0.992538 -0.00717737 0.121706
-109.412 0.854314 95.1423 -0.992845 -0.00705356 0.1192
-109.39 -0.163312 95.2691 -0.992965 -0.00625303 0.118244
-109.396 -1.29468 95.1651 -0.992959 -0.00591028 0.118312
-109.398 -3.25068 95.0641 -0.993013 -0.0044142 0.117919
-109.387 -4.3347 95.1095 -0.993012 -0.00438803 0.117929
-109.374 -5.5938 95.1707 -0.993054 -0.00470747 0.117569
-109.363 -6.61398 95.2226 -0.993064 -0.00466546 0.117479
-109.351 -7.62418 95.2883 -0.993066 -0.00435064 0.117481
-109.343 -8.64372 95.317 -0.993011 -0.00382705 0.117963
-109.36 -9.84747 95.1381 -0.993002 -0.00386358 0.118032
-109.352 -10.9492 95.1833 -0.992875 -0.00265498 0.119127
-109.355 -11.9687 95.1231 -0.992829 -0.00326419 0.119495
-109.361 -13.1939 95.0461 -0.992853 -0.00332448 0.1193
-109.337 -14.3874 95.2102 -0.992747 -0.00230669 0.120191
-109.336 -15.4202 95.192 -0.992568 -0.00379597 0.121631
-109.324 -16.9209 95.2289 -0.992244 -0.0037578 0.124221
-109.318 -18.1327 95.2598 -0.99199 -0.00246201 0.126293
-109.316 -19.691 95.2376 -0.99196 -0.00278294 0.12652
-109.313 -20.6994 95.2419 -0.991818 -0.00294431 0.12763
-109.335 -22.0665 95.054 -0.991546 -0.000279708 0.129754
-109.321 -23.074 95.1492 -0.991391 -0.00121089 0.130925
-109.33 -24.4513 95.0728 -0.990812 -0.00130778 0.135236
-109.323 -26.0959 95.0846 -0.990762 -0.00108827 0.13559
-109.304 -27.4496 95.2079 -0.989689 -0.00138402 0.143224
-109.3 -28.7113 95.2205 -0.989649 -0.00092434 0.143503
-109.312 -29.9213 95.1384 -0.98819 -0.00232349 0.153212
-109.302 -31.29 95.1696 -0.987771 -0.00776555 0.155715
-109.319 -32.3947 95.0466 -0.986847 -0.00353946 0.161577
-109.317 -33.3987 95.0212 -0.98639 -0.00559877 0.164327
-109.318 -34.4138 94.9996 -0.985811 -0.003204 0.16782
-109.317 -35.4678 94.9837 -0.985521 -0.00471721 0.169488
-109.346 -36.6199 94.936 -0.979225 0.00697169 0.201321
-109.355 -37.8976 94.832 -0.976587 -0.0110463 0.214839
-109.433 -38.8699 94.4739 -0.975769 -0.00151139 0.218799
-109.732 -40.1438 93.2814 -0.969889 0.0186713 0.242822
-110.012 -40.639 92.2547 -0.965404 0.0230251 0.259685
-110.345 -40.9422 91.0808 -0.965036 0.0173173 0.261544
-110.673 -41.2162 89.8919 -0.965591 0.0203344 0.259244
-110.905 -41.9184 89.0864 -0.963953 0.0115972 0.265817
-110.972 -42.9514 88.8819 -0.964136 0.0101906 0.265212
-110.994 -44.0477 88.8354 -0.963327 0.00844025 0.268199
-110.988 -45.5098 88.8924 -0.963646 0.00432999 0.267146
-110.9 -46.5722 89.2308 -0.963686 0.00453261 0.267
-110.643 -46.8692 90.1629 -0.963171 -0.00268233 0.268757
-110.321 -46.8936 91.2877 -0.961654 -0.00855524 0.274131
-109.968 -46.8844 92.5608 -0.967982 -0.00675398 0.250694
-109.653 -46.8626 93.8092 -0.969747 0.00172899 0.244105
-109.284 -46.9197 95.2778 -0.969472 0.00381753 0.245161
-109.024 -46.7327 96.3272 -0.970159 -0.00952909 0.242283
-108.894 -45.813 96.8354 -0.974061 0.000741592 0.225927
-108.884 -44.7552 96.923 -0.976034 -0.0083232 0.217456
-108.873 -43.7214 96.9803 -0.97643 -0.00135898 0.21583
-108.883 -42.3118 96.9742 -0.978507 -0.00701052 0.206089
-108.901 -41.0095 96.9241 -0.978793 -0.00623441 0.204759
-108.933 -39.8479 96.8354 -0.980202 -0.00677907 0.197727
-108.953 -38.7293 96.7349 -0.981206 -0.000199332 0.192962
-108.993 -37.6569 96.6341 -0.982473 -0.0197774 0.185351
-109.017 -36.6305 96.5935 -0.982946 -0.0102171 0.183534
-109.028 -35.6175 96.5641 -0.982725 -0.00579671 0.184977
-109.027 -34.5401 96.618 -0.984381 -0.0260158 0.174112
-109.05 -32.7027 96.6712 -0.986962 -0.00881832 0.160694
-109.032 -31.1837 96.8797 -0.987628 -0.0135719 0.15619
-109.052 -30.0776 96.8544 -0.988154 -0.0150252 0.152721
-109.06 -28.7714 96.8577 -0.989379 -0.00260286 0.145336
-109.062 -27.4842 96.8705 -0.989439 -0.00219807 0.144936
-109.089 -26.3581 96.7391 -0.990829 -0.00940358 0.134793
-109.088 -24.7407 96.8372 -0.990629 -0.00461612 0.136502
-109.11 -23.692 96.7097 -0.990762 -0.00386695 0.135549
-109.101 -22.4731 96.8364 -0.991787 -0.00644676 0.12773
-109.096 -20.8043 96.9343 -0.991832 -0.0038503 0.12749
-109.113 -19.5699 96.8363 -0.992174 -0.0038404 0.124784
-109.124 -18.4431 96.7888 -0.992401 -0.00488919 0.122952
-109.13 -16.9569 96.8021 -0.992393 -0.00582411 0.122972
-109.141 -15.9226 96.7611 -0.992597 -0.00402874 0.121389
-109.135 -14.7374 96.8523 -0.992627 -0.00428209 0.121131
-109.161 -13.4141 96.6853 -0.992709 -0.00434303 0.120458
-109.176 -12.3721 96.6051 -0.992803 -0.00411528 0.119684
-109.173 -11.1102 96.6595 -0.992893 -0.0039232 0.118944
-109.181 -9.73817 96.6495 -0.992947 -0.00451911 0.118477
-109.157 -8.26709 96.9077 -0.993043 -0.00447026 0.117663
-109.161 -7.23296 96.9093 -0.993056 -0.00443435 0.117556
-109.171 -6.22512 96.86 -0.993072 -0.00458773 0.117418
-109.184 -5.18479 96.7953 -0.993062 -0.00462446 0.117497
-109.195 -4.05999 96.7418 -0.993019 -0.00395747 0.117885
-109.203 -2.92714 96.7074 -0.993006 -0.00363125 0.118006
-109.212 -1.80444 96.68 -0.992737 -0.00522541 0.120191
-109.196 -0.798777 96.8601 -0.992754 -0.00526986 0.120049
-109.216 0.270262 96.7407 -0.992716 -0.00563766 0.120349
-109.25 1.34296 96.5104 -0.992685 -0.00474151 0.120637
-109.248 2.3431 96.5613 -0.992504 -0.0053361 0.122093
-109.24 3.5654 96.6771 -0.992513 -0.00546159 0.122019
-109.232 4.99932 96.8042 -0.992461 -0.0053734 0.122445
-109.231 6.17568 96.8449 -0.992148 -0.00388641 0.125007
-109.24 7.63873 96.8302 -0.991985 -0.00344032 0.126297
-109.263 8.9561 96.69 -0.991714 -0.00445562 0.128389
-109.273 10.0126 96.6528 -0.991524 -0.00681374 0.129715
-109.279 11.0828 96.6485 -0.991059 -0.00579151 0.133299
-109.287 12.1053 96.6347 -0.990989 -0.00513022 0.133845
-109.268 13.4315 96.8338 -0.990785 -0.00630051 0.135297
-109.256 14.5952 96.9403 -0.990149 -0.00222331 0.139974
-109.265 15.6226 96.9111 -0.989944 -0.00479797 0.141378
-109.279 16.6293 96.8518 -0.989875 -0.00603091 0.141813
-109.29 17.8138 96.8233 -0.989643 -0.00653295 0.143397
-109.293 18.9629 96.8694 -0.989485 -0.00856433 0.144382
-109.291 20.1507 96.8863 -0.987649 -0.00290376 0.156658
-109.314 21.8928 96.7742 -0.987295 -0.00367511 0.158833
-109.335 22.9039 96.6804 -0.987064 -0.00585164 0.16022
-109.354 23.9166 96.5963 -0.986903 -0.00555418 0.161218
-109.371 24.9329 96.5307 -0.986838 -0.00622561 0.16159
-109.394 25.9232 96.3867 -0.985715 -0.00362447 0.16825
-109.403 27.1379 96.3877 -0.984842 -0.00606484 0.17335
-109.355 28.2504 96.6964 -0.98384 -0.00453224 0.178957
-109.301 30.0999 97.0034 -0.983054 -0.00399334 0.183231
-109.327 31.1716 96.8809 -0.982266 -0.00151875 0.187488
-109.349 32.2501 96.7559 -0.979661 0.00661229 0.200286
-109.329 33.5578 96.8597 -0.978406 -0.00152622 0.206688
-109.327 34.8209 96.854 -0.977151 -0.0012299 0.212451
-109.325 35.8772 96.878 -0.974252 0.00824527 0.224961
-109.285 36.8981 96.9643 -0.973278 0.0152156 0.229089
-109.283 38.1846 96.9295 -0.971424 0.00473264 0.237302
-109.272 39.4336 96.9579 -0.971028 0.000238526 0.238965
-109.269 40.6652 96.9759 -0.970504 0.00161037 0.241056
-109.27 41.9141 96.9916 -0.965322 -0.0108425 0.260836
-109.279 42.9533 96.9974 -0.965457 0.00446858 0.260524
-109.26 44.5039 97.0429 -0.965409 0.00472038 0.260699
-109.262 45.7468 97.0478 -0.968919 -0.00445045 0.247335
-109.367 46.7138 96.6509 -0.966283 -0.000388583 0.257356
-109.649 46.9861 95.675 -0.961229 -0.0118752 0.275495
-109.929 47.0049 94.6977 -0.961512 -0.0108128 0.274545
-110.229 46.9929 93.673 -0.959101 -0.00567552 0.283008
-110.282 46.9869 93.4924 -0.959101 -0.00571015 0.283005
-110.31 47.7233 93.4134 -0.959092 -0.00579454 0.283034
-110.641 47.7158 92.2946 -0.958685 -0.0067917 0.284388
-111.161 47.6919 90.6402 -0.952799 -0.00477667 0.303561
-111.488 47.4821 89.5942 -0.953926 -0.0109861 0.299838
-111.656 46.1456 89.0091 -0.953033 -0.0107807 0.302665
-111.651 44.9722 88.9718 -0.95459 -0.0137573 0.297605
-111.654 43.9363 88.915 -0.954503 -0.014518 0.297847
-111.64 42.4911 88.8637 -0.955754 -0.0211027 0.293405
-111.509 40.6507 89.1356 -0.954424 -0.0246421 0.297425
-111.206 40.0494 90.0534 -0.955908 -0.0361801 0.291427
-110.882 39.7555 91.1023 -0.961902 -0.0254309 0.272208
-110.431 39.0714 92.6361 -0.960948 -0.0223946 0.275775
-110.188 38.0512 93.4743 -0.968657 -0.0255993 0.24708
-110.059 37.1222 93.8814 -0.969495 -0.0244597 0.243839
-109.96 36.046 94.1432 -0.970671 -0.0413677 0.236825
-109.873 34.952 94.3201 -0.974576 -0.0226117 0.221861
-109.858 33.6984 94.3453 -0.978344 -0.00712171 0.206862
-109.853 32.3621 94.2804 -0.980809 -0.0204929 0.193845
-109.837 30.9849 94.2298 -0.981651 -0.0200198 0.189629
-109.812 29.5879 94.2602 -0.982943 -0.0115691 0.183481
-109.785 28.0635 94.2886 -0.983952 -0.0134201 0.177878
-109.765 26.8852 94.3291 -0.984699 -0.0107145 0.173932
-109.75 25.7365 94.3333 -0.985348 -0.0154771 0.16985
-109.732 24.6811 94.3336 -0.985921 -0.0116971 0.166694
-109.717 23.6256 94.3685 -0.986864 -0.0118837 0.161113
-109.694 22.5649 94.4268 -0.987171 -0.0090893 0.159373
-109.675 21.5149 94.4945 -0.987707 -0.0091331 0.156046
-109.654 20.4202 94.5561 -0.988117 -0.00943282 0.153393
-109.636 19.2646 94.5811 -0.988907 -0.0133141 0.14792
-109.63 17.8271 94.5221 -0.989101 -0.00973342 0.146918
-109.628 16.2342 94.42 -0.989614 -0.0116454 0.143275
-109.615 15.055 94.4322 -0.99025 -0.00786739 0.139048
-109.604 13.1328 94.3582 -0.990504 -0.0102216 0.1371
-109.603 12.1227 94.3115 -0.990832 -0.00743381 0.134892
-109.58 10.1884 94.3399 -0.991237 -0.011915 0.131553
-109.57 8.97011 94.3207 -0.991544 -0.00889747 0.129464
-109.559 7.93204 94.3379 -0.991762 -0.00694677 0.127892
-109.553 6.82476 94.3363 -0.992021 -0.00832382 0.1258
-109.541 5.24993 94.3287 -0.992294 -0.00689066 0.123708
-109.539 4.13727 94.2891 -0.992352 -0.00601672 0.12329
-109.535 3.06004 94.27 -0.992398 -0.00568283 0.122941
-109.526 2.00764 94.2762 -0.992678 -0.0090308 0.12045
-109.503 0.68543 94.3758 -0.992727 -0.00776029 0.120133
-109.493 -0.318094 94.394 -0.992902 -0.00577376 0.118793
-109.492 -1.63956 94.3438 -0.992857 -0.00572555 0.119175
-109.49 -3.02038 94.289 -0.992962 -0.00511277 0.11832
-109.482 -4.03921 94.3195 -0.993046 -0.00440964 0.11764
-109.472 -5.2236 94.364 -0.993059 -0.00465429 0.117527
-109.462 -6.25342 94.3992 -0.993054 -0.00474617 0.117564
-109.454 -7.27762 94.4329 -0.993037 -0.00433123 0.11772
-109.447 -8.28397 94.4574 -0.993018 -0.00374616 0.117905
-109.448 -9.8412 94.3964 -0.992948 -0.00297487 0.118506
-109.448 -11.3176 94.3721 -0.992869 -0.00262382 0.119182
-109.448 -12.723 94.328 -0.992844 -0.00351942 0.119363
-109.444 -13.9267 94.3394 -0.992655 -0.00131574 0.120972
-109.436 -15.6047 94.3653 -0.99256 -0.00364608 0.121698
-109.426 -17.3433 94.4252 -0.992241 -0.00139281 0.124301
-109.415 -19.0017 94.4808 -0.991943 -0.00240036 0.126664
-109.415 -20.1326 94.4577 -0.991898 -0.00215524 0.127019
-109.426 -21.3971 94.3543 -0.99159 0.00039907 0.12942
-109.428 -22.5798 94.3387 -0.991534 -0.000177109 0.129842
-109.427 -23.8222 94.345 -0.991361 0.000717898 0.131157
-109.429 -24.8635 94.3376 -0.991051 -0.000754703 0.133456
-109.425 -26.1702 94.3562 -0.989985 0.0021208 0.141155
-109.424 -27.9427 94.3707 -0.989648 -0.000899699 0.143508
-109.421 -29.1128 94.3921 -0.989587 0.00138021 0.14392
-109.433 -30.7214 94.3569 -0.988824 0.00157787 0.148934
-109.435 -31.7595 94.3363 -0.986924 7.52737e-05 0.161186
-109.44 -33.0602 94.2952 -0.986156 -0.00361861 0.165766
-109.44 -34.1693 94.2835 -0.985887 -0.0013899 0.167404
-109.44 -35.3041 94.27 -0.983485 0.0112831 0.179671
-109.478 -36.4775 94.2376 -0.981367 0.026281 0.190336
-109.514 -37.6652 94.1201 -0.976125 -0.00614603 0.217065
-109.616 -38.6572 93.6888 -0.971268 0.00324943 0.237966
-109.8 -39.4825 92.952 -0.970321 0.011655 0.24143
-110.09 -40.0167 91.9201 -0.962539 0.022894 0.270172
-110.476 -40.2646 90.5483 -0.965686 0.0204598 0.258892
-110.792 -40.406 89.3721 -0.966286 0.0214515 0.256577
-111.077 -40.9332 88.3986 -0.962158 0.0267938 0.271172
-111.164 -42.0428 88.1493 -0.964194 0.01209 0.264921
-111.187 -43.6826 88.1306 -0.963536 0.00967059 0.267401
-111.205 -45.0028 88.1017 -0.963523 0.00396132 0.267595
-111.185 -46.3237 88.1954 -0.963629 0.00439836 0.267207
-111.06 -47.4741 88.6476 -0.96384 -0.00238843 0.266471
-110.554 -47.6843 90.503 -0.963215 0.00690422 0.268458
-110.187 -47.6739 91.7754 -0.960957 0.012317 0.276418
-109.92 -47.6408 92.7603 -0.969283 0.00695344 0.245849
-109.657 -47.6306 93.7994 -0.969755 0.0015785 0.244074
-109.28 -47.7065 95.2973 -0.968864 0.000255279 0.247574
-108.85 -47.5241 96.9942 -0.973708 -0.00560669 0.22721
-108.722 -46.6037 97.5937 -0.977785 -0.00476397 0.209535
-108.716 -45.3764 97.652 -0.978281 -0.00427017 0.207239
-108.711 -44.1347 97.7112 -0.977296 -0.0049418 0.211747
-108.716 -42.8681 97.7376 -0.978201 -0.00813644 0.207501
-108.731 -41.5877 97.7191 -0.978567 -0.007319 0.205794
-108.756 -40.3873 97.6543 -0.979165 -0.012729 0.202667
-108.789 -39.2145 97.5692 -0.98027 -0.00670587 0.197375
-108.824 -38.0565 97.4881 -0.98248 -0.0199679 0.185297
-108.849 -36.9522 97.4742 -0.980896 -0.0184777 0.193654
-108.856 -35.6463 97.475 -0.983095 -0.00611945 0.182987
-108.88 -34.2906 97.4834 -0.984846 -0.0300285 0.170696
-108.912 -33.2633 97.4892 -0.985716 -0.0192255 0.166784
-108.915 -32.0302 97.5514 -0.98799 -0.011527 0.154045
-108.916 -30.6327 97.6869 -0.98878 -0.0169842 0.148408
-108.945 -29.2604 97.6348 -0.988898 -0.00678168 0.148347
-108.949 -28.0701 97.6284 -0.989432 -0.00274194 0.144974
-108.967 -26.6506 97.6153 -0.990395 -0.0121063 0.137677
-108.981 -25.6274 97.5811 -0.99069 -0.00695909 0.135941
-108.985 -24.626 97.5855 -0.990621 -0.00467695 0.136557
-108.994 -23.611 97.5568 -0.990737 -0.00707955 0.135585
-109.002 -21.8655 97.619 -0.991098 -0.0102214 0.132735
-109.005 -20.3128 97.6551 -0.991888 -0.00425063 0.127044
-109.015 -19.0691 97.6357 -0.991945 -0.00703445 0.126473
-109.024 -17.8409 97.6211 -0.9924 -0.00535148 0.122938
-109.031 -16.837 97.6148 -0.992526 -0.00675748 0.121845
-109.043 -15.407 97.5812 -0.992628 -0.00457225 0.121114
-109.046 -14.1826 97.6016 -0.992736 -0.00482097 0.120212
-109.057 -13.0646 97.5604 -0.99279 -0.00487257 0.119766
-109.076 -11.6589 97.4546 -0.992879 -0.00398156 0.119054
-109.081 -10.1102 97.4739 -0.992941 -0.00454994 0.118526
-109.074 -8.96599 97.581 -0.99302 -0.00455883 0.117861
-109.069 -7.60095 97.6697 -0.992994 -0.00441105 0.118081
-109.075 -6.53981 97.664 -0.993002 -0.00461874 0.118004
-109.085 -5.4902 97.6169 -0.993013 -0.00452262 0.117919
-109.096 -4.40569 97.5629 -0.993011 -0.00402335 0.117951
-109.103 -3.24544 97.5462 -0.993005 -0.00363077 0.118018
-109.107 -2.13241 97.5401 -0.992991 -0.00330905 0.118147
-109.109 -1.04712 97.5707 -0.992741 -0.00530037 0.120155
-109.119 0.0274651 97.5287 -0.992743 -0.00536223 0.120137
-109.135 1.07115 97.4446 -0.992685 -0.00472751 0.120633
-109.136 2.29676 97.4816 -0.992601 -0.00380785 0.121357
-109.131 3.87331 97.5776 -0.992442 -0.0051706 0.122606
-109.128 5.33392 97.6496 -0.992314 -0.00225914 0.123725
-109.132 6.38567 97.6397 -0.992168 -0.00385341 0.124846
-109.136 7.43663 97.6333 -0.991842 -0.00215347 0.127456
-109.15 8.44 97.5448 -0.991774 -0.00330277 0.127949
-109.162 9.44963 97.4868 -0.991707 -0.0044557 0.128441
-109.164 10.5344 97.4857 -0.991242 -0.00344791 0.131989
-109.167 11.61 97.505 -0.990991 -0.0050207 0.133837
-109.168 12.7664 97.5398 -0.990862 -0.00542941 0.134768
-109.161 13.905 97.6226 -0.990322 0.000303089 0.138788
-109.151 15.0129 97.6885 -0.990128 -0.00223624 0.14012
-109.16 16.0344 97.6606 -0.989918 -0.00490299 0.141555
-109.17 17.0615 97.6254 -0.989809 -0.0051625 0.142304
-109.177 18.2133 97.6171 -0.989518 -0.00655148 0.144247
-109.179 19.2436 97.6259 -0.988233 0.00332706 0.152919
-109.174 20.2651 97.6259 -0.987917 0.000542489 0.154926
-109.182 21.3089 97.5931 -0.987498 -0.00143454 0.157627
-109.195 22.3477 97.5222 -0.987283 -0.00363179 0.158909
-109.212 23.3873 97.4529 -0.986991 -0.00465458 0.16071
-109.223 24.4782 97.4145 -0.986907 -0.00567354 0.16119
-109.221 25.5135 97.4319 -0.985689 0.00395013 0.168527
-109.236 26.8156 97.3284 -0.985592 -0.00266274 0.169116
-109.218 27.8495 97.4511 -0.984851 0.00133663 0.173288
-109.166 29.5679 97.7298 -0.983162 -0.0007695 0.182733
-109.169 30.712 97.7046 -0.982642 -0.000149256 0.185494
-109.186 31.7942 97.6166 -0.980796 0.014735 0.194477
-109.172 32.9544 97.5972 -0.979519 0.006774 0.200969
-109.158 34.3232 97.6576 -0.977979 0.00348451 0.208673
-109.142 35.3639 97.6912 -0.97684 0.00893633 0.213754
-109.113 36.6461 97.7164 -0.974048 0.0202148 0.225434
-109.102 37.6639 97.6969 -0.972482 0.0116187 0.232684
-109.088 38.9017 97.7149 -0.971931 0.00504184 0.235213
-109.078 40.0566 97.7476 -0.970908 0.00230689 0.239424
-109.076 41.0619 97.7371 -0.970644 0.00347186 0.240493
-109.079 42.4914 97.7269 -0.967861 -0.00601547 0.251215
-109.074 43.7144 97.7624 -0.970294 -0.00442285 0.24189
-109.069 44.9736 97.8018 -0.970184 -0.00019332 0.242367
-109.072 46.3531 97.7899 -0.967996 0.00629137 0.250885
-109.153 47.3228 97.4567 -0.965375 -0.00815039 0.260738
-109.407 47.6981 96.5433 -0.960372 -0.00974185 0.278551
-109.799 47.775 95.1838 -0.961198 -0.00647733 0.275782
-110.077 47.7508 94.203 -0.961433 -0.00849818 0.274902
-110.089 47.7486 94.1637 -0.96002 -0.00762814 0.2798
-110.201 48.4856 93.7999 -0.96002 -0.00762814 0.2798
-110.485 48.4682 92.84 -0.958864 -0.00640779 0.283794
-110.786 48.4899 91.8254 -0.956758 -0.00361314 0.290778
-111.125 48.4863 90.7642 -0.95247 -0.00452269 0.304598
-111.451 48.4294 89.7419 -0.953867 -0.00266469 0.300218
-111.75 48.2813 88.7894 -0.953618 -0.00325177 0.301002
-111.911 47.1757 88.2437 -0.952426 -0.00981115 0.304613
-111.9 45.5452 88.2001 -0.952906 -0.0204261 0.302578
-111.888 44.3069 88.1772 -0.954344 -0.0109817 0.298489
-111.884 43.1048 88.1323 -0.95173 -0.0236283 0.306025
-111.85 41.8737 88.1499 -0.952911 -0.0245876 0.302229
-111.806 40.7951 88.1995 -0.953942 -0.0229958 0.299108
-111.667 39.7176 88.5355 -0.954137 -0.0308223 0.29778
-111.367 39.3562 89.4611 -0.954263 -0.0314684 0.297307
-111.045 39.1708 90.4726 -0.954098 -0.0319907 0.297781
-110.768 38.8733 91.4051 -0.962102 -0.049947 0.268076
-110.487 38.3886 92.3219 -0.965875 -0.0374762 0.255641
-110.31 37.4849 92.9302 -0.970426 -0.0320549 0.239256
-110.182 36.4081 93.2802 -0.972915 -0.0532328 0.224758
-110.087 35.2981 93.4669 -0.975253 -0.0454602 0.216358
-110.029 34.231 93.5512 -0.977397 -0.0153628 0.210627
-110.021 32.9885 93.5187 -0.978738 -0.0128128 0.204707
-110 31.9542 93.499 -0.980876 -0.0254427 0.192957
-109.981 30.9257 93.4768 -0.981896 -0.0169112 0.188627
-109.945 29.2466 93.5185 -0.983835 -0.0167385 0.178295
-109.917 28.0017 93.5554 -0.983999 -0.0187979 0.177166
-109.895 26.8098 93.5863 -0.985296 -0.0125624 0.170387
-109.878 25.6889 93.5836 -0.985414 -0.0162121 0.16939
-109.859 24.6313 93.5882 -0.985665 -0.0178809 0.16776
-109.839 23.5376 93.616 -0.986487 -0.0119724 0.163403
-109.819 22.4453 93.6606 -0.986826 -0.0162862 0.160889
-109.796 21.3663 93.7111 -0.988408 -0.0106454 0.151446
-109.778 20.2693 93.7453 -0.988501 -0.0136726 0.150581
-109.759 19.2049 93.7624 -0.988657 -0.0155596 0.149379
-109.747 17.918 93.7367 -0.989152 -0.0102921 0.146534
-109.749 16.8904 93.6432 -0.989471 -0.0128709 0.144151
-109.741 15.7892 93.6025 -0.989602 -0.011344 0.143382
-109.727 14.7739 93.6033 -0.990243 -0.012342 0.138786
-109.715 13.4753 93.5878 -0.990429 -0.0122177 0.137473
-109.708 12.3893 93.5578 -0.990859 -0.00999867 0.134531
-109.701 11.3396 93.5358 -0.991019 -0.010334 0.13331
-109.674 9.50727 93.5622 -0.99129 -0.0126843 0.131088
-109.664 8.37876 93.5624 -0.991698 -0.00846315 0.128311
-109.656 7.27995 93.5524 -0.991765 -0.00946779 0.127711
-109.647 6.26839 93.5544 -0.992124 -0.00872179 0.124956
-109.636 5.2638 93.5701 -0.992164 -0.00937674 0.12459
-109.63 4.06622 93.5472 -0.992526 -0.00599239 0.121883
-109.625 2.92358 93.5344 -0.992602 -0.00740487 0.121176
-109.613 1.80766 93.5467 -0.992651 -0.00915389 0.120667
-109.6 0.305907 93.5464 -0.992741 -0.00794543 0.120007
-109.589 -0.942267 93.571 -0.992774 -0.00666735 0.119817
-109.588 -2.65146 93.496 -0.99288 -0.00571202 0.11898
-109.577 -3.76175 93.5315 -0.992893 -0.00587238 0.118869
-109.568 -4.82982 93.5631 -0.993062 -0.00465686 0.117496
-109.561 -5.86908 93.5853 -0.993062 -0.00467376 0.117499
-109.554 -6.9146 93.6046 -0.993035 -0.0043435 0.117741
-109.547 -7.96859 93.6202 -0.993036 -0.00430726 0.117735
-109.542 -9.36096 93.6247 -0.992981 -0.00328453 0.11823
-109.54 -10.6242 93.6145 -0.992973 -0.00207036 0.118319
-109.539 -11.6803 93.6014 -0.992905 -0.00261642 0.118875
-109.538 -12.7469 93.5861 -0.992798 -0.00319418 0.119756
-109.537 -13.8813 93.5711 -0.992732 -0.001075 0.120345
-109.539 -14.9647 93.5481 -0.992604 -0.00245567 0.121364
-109.533 -16.2596 93.5682 -0.992364 -0.00218924 0.12332
-109.526 -17.5352 93.6168 -0.992422 -0.000538285 0.122874
-109.512 -19.5369 93.7092 -0.99192 -0.00208002 0.126851
-109.523 -20.654 93.6096 -0.991625 -0.000657328 0.12914
-109.529 -21.7716 93.5681 -0.991465 0.000406119 0.130374
-109.529 -22.9214 93.5687 -0.991339 0.00206043 0.131301
-109.53 -24.0302 93.5774 -0.99095 0.00120016 0.134229
-109.531 -25.0659 93.5794 -0.990859 0.00283726 0.134863
-109.535 -26.3494 93.5784 -0.990619 0.00339329 0.136608
-109.539 -28.1965 93.5819 -0.989716 0.000102676 0.143039
-109.539 -29.3291 93.5793 -0.989619 0.00166477 0.143692
-109.551 -30.5494 93.5628 -0.988408 0.00938652 0.151532
-109.555 -31.9772 93.5784 -0.988182 0.00182519 0.153273
-109.564 -32.9965 93.5668 -0.986232 0.00591128 0.165052
-109.565 -34.0469 93.5534 -0.985741 -0.00123412 0.168263
-109.571 -35.1208 93.5417 -0.984203 0.0206286 0.175674
-109.606 -36.2706 93.5239 -0.984584 0.0275182 0.172736
-109.675 -37.55 93.3972 -0.977339 0.0381846 0.207323
-109.814 -38.6033 92.8609 -0.975643 0.0201143 0.218421
-110.055 -39.2416 91.9568 -0.962949 0.0386903 0.266892
-110.324 -39.4786 91.0222 -0.962422 0.0379801 0.268883
-110.608 -39.5501 89.9853 -0.965497 0.028723 0.258812
-110.892 -39.6089 88.9273 -0.962313 0.0186305 0.270869
-111.262 -40.0025 87.6918 -0.958818 0.0102932 0.283833
-111.37 -41.718 87.3977 -0.960422 0.0123504 0.278271
-111.398 -43.1802 87.3597 -0.961724 0.0109122 0.273794
-111.409 -44.4345 87.3631 -0.962677 0.00715084 0.270551
-111.41 -45.6878 87.3982 -0.957928 0.00897067 0.286868
-111.404 -46.9331 87.4758 -0.955286 0.0144605 0.295245
-111.35 -47.9127 87.6771 -0.957064 0.0112339 0.289629
-111.039 -48.4196 88.7379 -0.958326 0.0106126 0.285477
-110.699 -48.4841 89.9686 -0.965715 0.00237417 0.259594
-110.379 -48.4727 91.1371 -0.961302 0.0102114 0.275303
-110.101 -48.4292 92.1073 -0.963073 0.0154366 0.268682
-109.686 -48.4094 93.687 -0.968837 -9.12129e-05 0.247679
-109.278 -48.4681 95.2967 -0.96869 -0.00455352 0.24823
-108.909 -48.4645 96.7271 -0.971527 0.0011327 0.236341
-108.63 -48.2651 98.0027 -0.977537 -0.00053412 0.210765
-108.545 -46.9241 98.4181 -0.9781 -0.00683631 0.208025
-108.553 -45.7785 98.4141 -0.978252 -0.00403317 0.20738
-108.556 -44.3235 98.4377 -0.978417 -0.00719055 0.206511
-108.567 -42.2959 98.4704 -0.979523 -0.0100781 0.201062
-108.588 -40.9833 98.4436 -0.980784 -0.0153712 0.194486
-108.612 -39.7326 98.4171 -0.980942 -0.0150067 0.193723
-108.652 -38.4747 98.3248 -0.981013 -0.0181732 0.193086
-108.677 -37.2771 98.3107 -0.981173 -0.0187194 0.192219
-108.698 -36.1098 98.3177 -0.982018 -0.0198304 0.187733
-108.715 -34.8704 98.3385 -0.984851 -0.0202727 0.172144
-108.778 -32.8931 98.3399 -0.986266 -0.0198339 0.163678
-108.79 -31.7173 98.4018 -0.988122 -0.0154692 0.152835
-108.794 -30.6274 98.5058 -0.988781 -0.0175901 0.14833
-108.825 -29.0686 98.4277 -0.98841 -0.0115676 0.151365
-108.841 -27.9022 98.3746 -0.989822 -0.0089409 0.141894
-108.845 -26.8723 98.4548 -0.99002 -0.0144371 0.140184
-108.87 -25.8649 98.3797 -0.990489 -0.0107081 0.137102
-108.876 -24.6821 98.3847 -0.990898 -0.00661012 0.134437
-108.884 -23.5419 98.3758 -0.991255 -0.0101149 0.131574
-108.89 -22.1038 98.4443 -0.991254 -0.010547 0.131546
-108.898 -21.0554 98.452 -0.991317 -0.00837027 0.131227
-108.91 -19.9961 98.4115 -0.991923 -0.00585644 0.126701
-108.913 -18.9742 98.4425 -0.991953 -0.00703073 0.126407
-108.923 -17.8519 98.43 -0.992207 -0.00796895 0.124344
-108.935 -16.7298 98.4018 -0.992452 -0.00684401 0.122441
-108.948 -15.5947 98.3582 -0.992537 -0.00598278 0.121787
-108.95 -14.5838 98.38 -0.992665 -0.00559927 0.120771
-108.956 -13.3047 98.3928 -0.992858 -0.00485872 0.119199
-108.975 -12.0395 98.2828 -0.992919 -0.00541174 0.11867
-108.983 -11.0303 98.2578 -0.992996 -0.00474933 0.118049
-108.983 -9.63894 98.317 -0.993018 -0.00492881 0.117861
-108.975 -8.28876 98.4375 -0.993038 -0.00412361 0.117726
-108.979 -7.27087 98.4417 -0.99302 -0.00454425 0.117857
-108.985 -5.76336 98.4482 -0.993007 -0.0045714 0.117966
-108.997 -4.72201 98.3829 -0.993001 -0.00409712 0.118031
-109.004 -3.61973 98.3621 -0.993011 -0.00402713 0.117953
-109.008 -2.44479 98.361 -0.992997 -0.00330239 0.118097
-109.013 -1.33128 98.3535 -0.993012 -0.00376881 0.117952
-109.022 -0.208431 98.3231 -0.992872 -0.00509145 0.119073
-109.033 0.857631 98.2818 -0.992746 -0.00401888 0.120153
-109.028 2.09385 98.3563 -0.992559 -0.00360961 0.121709
-109.032 3.58627 98.3682 -0.992518 -0.00407975 0.12203
-109.028 5.39239 98.4486 -0.992255 -0.00208032 0.124199
-109.033 6.63964 98.4327 -0.992163 -0.001659 0.124939
-109.037 7.71327 98.4155 -0.992149 -0.0017617 0.125045
-109.051 8.78136 98.3198 -0.991774 -0.00330277 0.127949
-109.056 9.90793 98.2976 -0.991437 -0.00133445 0.130579
-109.052 11.0853 98.3374 -0.991231 -0.00326925 0.132069
-109.055 12.1364 98.3486 -0.991013 -0.00440647 0.13369
-109.059 13.2606 98.3534 -0.990475 0.00105665 0.137684
-109.052 14.346 98.4033 -0.990397 0.000299142 0.138249
-109.04 15.4885 98.4842 -0.990061 -0.00174761 0.140583
-109.059 17.0234 98.4 -0.989722 -0.0045496 0.142932
-109.061 18.1955 98.4177 -0.989157 -0.000546993 0.146793
-109.063 19.253 98.3809 -0.988773 0.00378939 0.149376
-109.059 20.3267 98.3726 -0.988615 0.00503966 0.150379
-109.063 21.4102 98.3473 -0.987886 -0.00144956 0.155172
-109.071 22.4787 98.3017 -0.987738 8.9704e-05 0.156112
-109.081 23.5231 98.2565 -0.986972 -0.00430989 0.160837
-109.084 24.5314 98.2678 -0.986636 0.00083021 0.162839
-109.067 25.6158 98.3272 -0.98608 0.0058089 0.166148
-109.083 27.2309 98.2231 -0.985527 -0.00165216 0.169505
-109.038 28.4532 98.4463 -0.985086 0.00821616 0.171853
-109.021 30.2367 98.4971 -0.982893 0.00182692 0.184167
-109.03 31.2873 98.4378 -0.981614 0.0110526 0.190299
-109.024 32.3723 98.3862 -0.980093 0.0152067 0.197957
-109.006 33.498 98.3883 -0.97972 0.0161708 0.199714
-108.971 35.1314 98.471 -0.976019 0.00917633 0.217492
-108.942 36.2934 98.4863 -0.974438 0.0211335 0.223651
-108.923 37.5536 98.451 -0.973049 0.0161521 0.229915
-108.907 38.7379 98.465 -0.972207 0.00628312 0.234032
-108.895 39.7806 98.489 -0.969812 0.00911777 0.2436
-108.887 41.7243 98.4896 -0.968951 0.000916966 0.247237
-108.891 42.7488 98.4743 -0.969653 -0.00290269 0.244448
-108.882 43.7604 98.5332 -0.969054 -0.000153049 0.246845
-108.877 45.3745 98.5641 -0.967606 0.00177756 0.25239
-108.878 46.5186 98.5302 -0.966738 0.00669981 0.255681
-108.92 47.7859 98.3389 -0.967625 0.00234632 0.252323
-109.158 48.399 97.4697 -0.964267 -0.00219252 0.264923
-109.646 48.5297 95.7355 -0.961267 -0.00685221 0.275532
-109.952 48.5314 94.6681 -0.961612 -0.00695845 0.274322
-109.977 48.529 94.5785 -0.961433 -0.00849818 0.274902
-109.876 49.3073 94.9346 -0.961268 -0.000989161 0.275609
-109.421 49.2994 96.5316 -0.96264 -0.0034941 0.270722
-109.148 49.2182 97.514 -0.963835 -0.00348681 0.266472
-108.83 49.1038 98.6944 -0.968629 -0.000903906 0.248511
-108.709 48.0966 99.1606 -0.9684 -0.00217842 0.249392
-108.665 47.0809 99.3215 -0.967508 0.0021531 0.25277
-108.665 46.0723 99.3483 -0.966347 0.00484505 0.25719
-108.68 44.7932 99.3198 -0.965251 0.00458611 0.261279
-108.686 43.7466 99.3066 -0.969353 -0.00209375 0.245647
-108.67 42.5731 99.3481 -0.969069 -0.00227424 0.246779
-108.681 41.4859 99.297 -0.968397 0.000351695 0.249389
-108.697 40.4536 99.2517 -0.969654 0.00895353 0.244191
-108.71 39.3446 99.2645 -0.971065 0.0140424 0.238401
-108.712 38.2445 99.2948 -0.97307 0.0149889 0.229845
-108.753 37.0069 99.2375 -0.974274 0.0220674 0.224284
-108.776 35.8286 99.258 -0.97449 0.0227477 0.223275
-108.816 34.7379 99.2283 -0.977236 0.0190118 0.210893
-108.837 33.7325 99.1945 -0.979807 0.0174713 0.199182
-108.865 31.8677 99.2135 -0.980341 0.0175982 0.196504
-108.879 30.8617 99.2419 -0.981614 0.0110526 0.190299
-108.878 29.7663 99.2617 -0.983352 0.0065667 0.181494
-108.885 28.7255 99.2917 -0.983964 0.0114099 0.178002
-108.918 27.5104 99.1695 -0.984681 0.00631427 0.174231
-108.927 26.3037 99.1382 -0.986158 0.00534277 0.165695
-108.932 25.2462 99.1546 -0.986543 0.00615588 0.163388
-108.916 24.1816 99.2898 -0.986832 -0.0010783 0.161712
-108.93 23.1389 99.1871 -0.987603 0.00179767 0.156964
-108.926 22.0583 99.2211 -0.987727 0.000252881 0.156178
-108.927 20.9366 99.2134 -0.988554 0.00590284 0.15075
-108.934 19.7727 99.2157 -0.988645 0.00512763 0.150182
-108.933 18.5959 99.2545 -0.988671 0.00316615 0.150064
-108.945 17.3991 99.1902 -0.988819 0.00179074 0.149099
-108.936 16.3312 99.2306 -0.990231 -0.00066583 0.139404
-108.927 14.8824 99.2896 -0.990346 0.00114006 0.138611
-108.938 13.7271 99.2187 -0.990471 0.00134225 0.137709
-108.945 12.6927 99.185 -0.99078 -0.000996872 0.135432
-108.942 11.6753 99.1764 -0.99124 -0.00174015 0.132018
-108.945 10.5374 99.1538 -0.991604 -0.000146244 0.129309
-108.951 9.4214 99.1037 -0.991724 -0.00121208 0.128379
-108.938 8.10028 99.2056 -0.991849 0.000275822 0.12742
-108.92 6.91389 99.3326 -0.992164 -0.00149306 0.124933
-108.929 5.45481 99.2388 -0.992182 -0.00195677 0.124783
-108.923 4.18665 99.2705 -0.992343 -0.00267669 0.123475
-108.921 3.14916 99.2569 -0.992609 -0.0028387 0.121317
-108.923 1.8067 99.2053 -0.992709 -0.00258308 0.120507
-108.919 0.620541 99.2174 -0.99273 -0.00358674 0.120308
-108.92 -0.442106 99.1647 -0.992897 -0.00382817 0.118916
-108.911 -1.49694 99.2083 -0.992958 -0.00382838 0.118405
-108.908 -2.73885 99.192 -0.992998 -0.00327884 0.118082
-108.908 -3.88336 99.1649 -0.993021 -0.00369108 0.117882
-108.897 -4.89456 99.2201 -0.993046 -0.00411017 0.117658
-108.887 -5.89837 99.2738 -0.993095 -0.00487218 0.117208
-108.879 -7.04308 99.2942 -0.99309 -0.00487953 0.117251
-108.884 -8.42593 99.1991 -0.993053 -0.00405978 0.117596
-108.885 -9.50665 99.1442 -0.99302 -0.0049534 0.117838
-108.868 -11.1816 99.218 -0.992958 -0.00522533 0.118355
-108.869 -12.2136 99.1611 -0.99292 -0.00545412 0.118663
-108.854 -14.2244 99.1839 -0.992709 -0.00614491 0.120378
-108.838 -15.3083 99.2625 -0.992415 -0.00716222 0.122722
-108.831 -16.99 99.2235 -0.992299 -0.00772965 0.123624
-108.822 -18.1267 99.2182 -0.992213 -0.00841715 0.12427
-108.811 -19.4435 99.2276 -0.992032 -0.00837748 0.125699
-108.791 -21.2514 99.2509 -0.991669 -0.00990845 0.12842
-108.784 -22.2903 99.2303 -0.991231 -0.00985326 0.131773
-108.765 -23.9779 99.2446 -0.991234 -0.00997597 0.131744
-108.763 -25.2057 99.1746 -0.99108 -0.00920118 0.13295
-108.731 -26.902 99.2726 -0.990435 -0.0159921 0.137052
-108.723 -28.0016 99.1983 -0.990298 -0.016367 0.13799
-108.68 -29.1133 99.4048 -0.989765 -0.011924 0.142208
-108.673 -30.8796 99.2756 -0.988518 -0.0178728 0.150038
-108.657 -32.0772 99.2323 -0.988579 -0.0187357 0.149531
-108.633 -33.1693 99.1956 -0.987157 -0.0279931 0.157281
-108.594 -34.2352 99.2016 -0.985582 -0.0371905 0.165044
-108.555 -35.319 99.1759 -0.985335 -0.0395751 0.165976
-108.529 -36.3583 99.1809 -0.984394 -0.0231809 0.174432
-108.508 -37.5647 99.1539 -0.981424 -0.0196677 0.19084
-108.476 -38.9262 99.1797 -0.981072 -0.0179098 0.192811
-108.429 -40.3187 99.3003 -0.980849 -0.0156238 0.19414
-108.415 -41.6147 99.262 -0.980743 -0.0162658 0.194626
-108.39 -42.8305 99.3097 -0.979983 -0.0126535 0.198674
-108.372 -44.0155 99.3299 -0.979289 -0.0119513 0.202109
-108.339 -45.0174 99.44 -0.978176 -0.00523059 0.207709
-108.38 -46.2025 99.2183 -0.977967 -0.00718442 0.208635
-108.32 -47.5366 99.4487 -0.977971 -0.00190251 0.208656
-108.434 -48.9879 98.9232 -0.978733 0.000559776 0.205139
-108.693 -49.3315 97.7066 -0.976314 0.00411141 0.216207
-108.959 -49.2724 96.5342 -0.975163 0.00882457 0.221312
-109.223 -49.269 95.4943 -0.968111 -0.00812236 0.250392
-109.514 -49.2616 94.3663 -0.968188 -0.00678391 0.250131
-109.945 -49.1977 92.6885 -0.965098 -0.000513784 0.261659
-110.267 -49.3198 91.5592 -0.961614 0.00622006 0.27433
-110.601 -49.3036 90.3417 -0.966471 0.00317227 0.256742
-111.089 -49.2811 88.6084 -0.959749 0.0157426 0.280418
-111.478 -49.1143 87.3014 -0.956396 0.0111907 0.291851
-111.673 -47.4685 86.6301 -0.954957 0.013235 0.296319
-111.671 -46.384 86.5614 -0.956313 0.0205502 0.291623
-111.679 -45.2699 86.4859 -0.9586 0.0121604 0.284471
-111.665 -43.9814 86.4686 -0.959584 0.0142867 0.281056
-111.631 -42.6503 86.5312 -0.960496 0.00867802 0.278157
-111.598 -41.4973 86.6008 -0.957969 0.00210815 0.286636
-111.585 -40.4558 86.667 -0.954934 0.00305482 0.296616
-111.423 -39.0026 87.1227 -0.955852 0.010007 0.293581
-111.068 -38.7612 88.297 -0.958627 0.0123408 0.284398
-110.755 -38.7349 89.3529 -0.96172 0.0223196 0.272672
-110.433 -38.6876 90.5264 -0.962083 0.0372041 0.270209
-110.141 -38.6118 91.5554 -0.962486 0.0385841 0.268567
-109.844 -37.7143 92.634 -0.976496 0.0406376 0.21078
-109.767 -36.6287 92.6972 -0.977756 0.0578939 0.201596
-109.729 -35.4955 92.7002 -0.984296 0.0204997 0.175166
-109.714 -34.4271 92.7014 -0.983891 0.0135924 0.178251
-109.711 -33.3657 92.7009 -0.986196 0.00611432 0.165258
-109.703 -32.2696 92.66 -0.986745 0.0136615 0.161705
-109.713 -31.2305 92.5468 -0.988299 0.00574413 0.152371
-109.66 -29.5352 92.7799 -0.988583 0.00886178 0.15041
-109.65 -27.5852 92.808 -0.989855 0.000481838 0.142084
-109.654 -26.5188 92.7252 -0.990129 0.00682371 0.139996
-109.651 -24.9653 92.6996 -0.990661 0.00468552 0.136269
-109.641 -23.7581 92.7556 -0.991046 0.00256355 0.133488
-109.637 -22.5764 92.7506 -0.99117 0.00373295 0.132541
-109.636 -21.3903 92.7509 -0.99148 0.000617771 0.130256
-109.628 -20.1951 92.8066 -0.991502 0.000829091 0.130091
-109.624 -18.9938 92.8493 -0.991857 -6.62242e-05 0.127351
-109.629 -17.768 92.8032 -0.992056 0.00108568 0.125794
-109.637 -16.5889 92.7248 -0.992263 -9.4696e-05 0.124138
-109.638 -15.2446 92.7383 -0.992479 -0.00186219 0.122398
-109.646 -13.3133 92.6786 -0.992726 -0.000969655 0.12039
-109.644 -12.1256 92.7175 -0.99292 -0.00237162 0.118758
-109.643 -11.0269 92.7432 -0.992955 -0.00179527 0.118475
-109.642 -9.93049 92.7741 -0.992959 -0.00242566 0.118434
-109.648 -8.84227 92.7454 -0.992955 -0.00283229 0.118462
-109.646 -7.68182 92.7997 -0.993028 -0.00365619 0.117825
-109.652 -6.52799 92.7854 -0.993071 -0.00432616 0.11744
-109.658 -5.46269 92.7787 -0.993025 -0.00470051 0.117812
-109.665 -4.40932 92.7642 -0.992957 -0.00529005 0.118353
-109.673 -3.38372 92.7467 -0.992896 -0.00594578 0.118835
-109.683 -2.36093 92.7147 -0.99293 -0.00541275 0.118574
-109.688 -1.17632 92.7371 -0.99286 -0.00722543 0.119067
-109.72 0.171297 92.5439 -0.992749 -0.00742891 0.119971
-109.717 1.96537 92.7031 -0.99265 -0.00921865 0.12067
-109.726 3.08081 92.7127 -0.99265 -0.0086376 0.12071
-109.736 4.23056 92.6958 -0.992355 -0.00782038 0.123144
-109.742 5.41057 92.7384 -0.992182 -0.00963249 0.124429
-109.748 6.60214 92.7775 -0.992065 -0.0100687 0.12532
-109.76 7.71577 92.7768 -0.991932 -0.0107731 0.126311
-109.774 8.7531 92.7392 -0.991504 -0.0105472 0.129623
-109.787 9.8091 92.7395 -0.991294 -0.0127399 0.131049
-109.795 10.8826 92.7847 -0.991286 -0.012654 0.131121
-109.814 12.5092 92.7832 -0.990982 -0.00996589 0.133618
-109.829 13.7163 92.786 -0.990556 -0.0133824 0.136457
-109.843 15.1644 92.8177 -0.990126 -0.0134981 0.139524
-109.901 16.8781 92.5975 -0.989579 -0.0138742 0.143321
-109.886 18.433 92.8331 -0.988901 -0.0131612 0.147958
-109.906 19.5934 92.8244 -0.988667 -0.0158418 0.149287
-109.927 20.6261 92.8006 -0.988457 -0.0140056 0.150827
-109.942 21.7401 92.7992 -0.987166 -0.0208184 0.158332
-109.97 22.891 92.7738 -0.986844 -0.016511 0.160756
-109.99 24.0667 92.7568 -0.985762 -0.0186729 0.167108
-110.013 25.2546 92.7511 -0.985684 -0.0180651 0.16763
-110.037 26.3118 92.7224 -0.985207 -0.0166509 0.170522
-110.051 27.3995 92.7392 -0.984116 -0.0205041 0.176337
-110.082 28.5654 92.7008 -0.983945 -0.0187358 0.177476
-110.102 29.6746 92.7029 -0.982363 -0.0207733 0.185771
-110.128 31.2096 92.7434 -0.981677 -0.0241384 0.189017
-110.155 32.3252 92.7596 -0.980876 -0.0254427 0.192957
-110.193 33.375 92.7254 -0.978015 -0.0139254 0.208054
-110.239 34.5412 92.6239 -0.976628 -0.0344689 0.211931
-110.322 35.7525 92.5263 -0.970984 -0.0591177 0.231723
-110.414 36.798 92.4095 -0.970983 -0.0591165 0.231726
-110.586 37.6752 91.84 -0.96735 -0.0385074 0.250236
-110.842 38.2271 91.0183 -0.957921 -0.0437372 0.283049
-111.146 38.4564 90.0746 -0.953641 -0.0337337 0.299046
-111.448 38.5922 89.1193 -0.952815 -0.0271166 0.302261
-111.789 38.7736 88.0747 -0.951398 -0.022537 0.307138
-112.036 39.6177 87.3637 -0.952375 -0.0211921 0.304191
-112.105 41.0181 87.2609 -0.953288 -0.0254555 0.300966
-112.134 42.1231 87.2716 -0.952481 -0.0279661 0.303311
-112.173 43.2127 87.2425 -0.9527 -0.0164499 0.303352
-112.182 44.7095 87.27 -0.951972 -0.0151064 0.305812
-112.207 46.4639 87.2959 -0.952652 -0.0152045 0.303631
-112.208 47.765 87.3356 -0.952479 -0.00835116 0.304484
-112.003 48.9029 87.9978 -0.952131 -0.00567723 0.305637
-111.632 49.2852 89.1732 -0.953726 -0.0023613 0.300667
-111.332 49.2988 90.1278 -0.953911 -0.00278352 0.300076
-110.99 49.2669 91.1989 -0.953282 -0.00715916 0.301971
-110.662 49.2423 92.2443 -0.956368 -0.0041058 0.291995
-110.366 49.2664 93.2394 -0.959609 -0.00106781 0.281317
-110.115 49.2469 94.1039 -0.961008 -0.00168812 0.276514
-109.561 35.4826 95.818 -0.97719 -0.00646405 0.212181
-109.487 34.155 96.1165 -0.977151 -0.0012299 0.212451
-109.548 35.221 95.867 -0.978337 -0.00758577 0.206881
-109.55 35.2645 95.8608 -0.978369 -0.00810153 0.206707
-109.557 31.9576 95.7256 -0.979935 -0.0142324 0.198806
-109.508 30.5217 95.9232 -0.982433 -0.00439775 0.186545
-109.461 29.5299 96.1363 -0.982591 -0.00721952 0.185643
-109.443 30.4028 96.2632 -0.982406 -0.00444827 0.186685
-109.497 31.3923 95.9936 -0.98226 -0.0017193 0.187516
-109.501 31.5333 95.9738 -0.981089 -0.00792858 0.193206
-109.404 17.173 96.0095 -0.989379 -0.00706617 0.145181
-109.395 16.1693 96.0202 -0.989811 -0.00815177 0.14211
-109.362 14.7029 96.2034 -0.990031 -0.00479439 0.140763
-109.386 16.1697 96.0881 -0.989946 -0.00498351 0.14136
-109.403 17.1481 96.0166 -0.989643 -0.00653295 0.143397
-109.396 11.5954 95.8075 -0.990902 -0.00703003 0.134402
-109.395 11.5874 95.8097 -0.99097 -0.00634653 0.133933
-109.373 9.21735 95.8497 -0.991814 -0.00502873 0.127589
-109.369 8.56939 95.8517 -0.991861 -0.00519469 0.12722
-109.317 6.97327 96.1974 -0.992021 -0.00490335 0.125976
-109.333 5.86745 96.0242 -0.992148 -0.00388641 0.125007
-109.356 4.83419 95.7982 -0.992472 -0.00573063 0.122339
-109.349 5.81729 95.8943 -0.992306 -0.00685533 0.123619
-109.321 6.91052 96.1576 -0.991946 -0.00504375 0.126561
-109.322 6.94849 96.1572 -0.991927 -0.00516543 0.126703
-109.316 -2.44593 95.7795 -0.993016 -0.00547994 0.117854
-109.294 -3.69416 95.9177 -0.992998 -0.00417584 0.118058
-109.282 -4.84059 95.9786 -0.993027 -0.00396554 0.117818
-109.27 -5.89679 96.04 -0.993062 -0.00462446 0.117497
-109.256 -6.89973 96.1176 -0.993072 -0.00458773 0.117418
-109.241 -7.90282 96.2047 -0.993049 -0.00445583 0.117618
-109.277 -5.95673 95.974 -0.993064 -0.00466546 0.117479
-109.289 -4.89598 95.9224 -0.993054 -0.00470747 0.117569
-109.302 -3.76723 95.8505 -0.992995 -0.00417016 0.118079
-109.317 -2.59263 95.7654 -0.992971 -0.0043849 0.11828
-109.317 -2.54524 95.7653 -0.992994 -0.00493024 0.118064
-109.22 -19.7615 95.9871 -0.991947 -0.00290051 0.126618
-109.22 -19.8045 95.9868 -0.991939 -0.00304455 0.126678
-109.162 -27.8231 96.1794 -0.989494 -0.00184533 0.14456
-109.152 -28.1182 96.2419 -0.989439 -0.00219807 0.144936
-109.191 -29.8445 95.9283 -0.989521 -0.00619553 0.144253
-109.2 -29.85 95.8621 -0.988854 -0.00405423 0.14875
-109.179 -31.7697 95.9237 -0.987563 -0.00938908 0.156934
-109.196 -33.0605 95.7602 -0.986984 -0.00655023 0.160684
-109.193 -31.9034 95.8263 -0.986847 -0.00353946 0.161577
-109.192 -31.8312 95.8373 -0.987688 -0.0084974 0.156208
-109.191 -36.8039 95.6358 -0.980042 -0.0133071 0.197651
-109.125 -38.2602 95.8745 -0.982798 -0.0176365 0.183819
-109.085 -39.2976 96.0646 -0.981206 -0.000199332 0.192962
-109.079 -40.3193 96.0883 -0.978988 0.00109529 0.203607
-109.052 -41.4845 96.1993 -0.975251 -0.00218781 0.221088
-109.045 -42.5375 96.2229 -0.974695 0.00274997 0.223465
-109.04 -43.7882 96.2284 -0.972854 -0.00572795 0.231351
-109.056 -44.8193 96.1461 -0.976146 -0.00476205 0.217031
-109.175 -45.8891 95.6863 -0.971509 0.00942017 0.236816
-109.483 -46.1297 94.4788 -0.969361 0.00344433 0.245607
-109.755 -46.099 93.4002 -0.967547 -0.00240907 0.252489
-110.139 -46.118 91.9586 -0.965853 -0.0116195 0.258821
-110.466 -46.0853 90.805 -0.963215 -0.00203591 0.268623
-110.713 -45.7568 89.893 -0.964833 0.00261934 0.262852
-110.791 -44.7178 89.5931 -0.964587 0.00650172 0.263685
-110.781 -43.3975 89.5948 -0.964519 0.00685441 0.263923
-110.69 -42.1883 89.8786 -0.964649 0.0106433 0.263323
-110.444 -41.767 90.7669 -0.964795 0.00980252 0.262822
-110.182 -41.5259 91.7193 -0.963549 0.00614898 0.26746
-109.876 -41.1562 92.8108 -0.966023 0.0187947 0.257757
-109.591 -40.6391 93.8563 -0.968071 0.0122337 0.250371
-109.403 -39.9243 94.6125 -0.976498 0.00378702 0.215489
-109.179 -39.2861 95.6185 -0.976652 0.00288476 0.214807
-109.164 -38.2949 95.6787 -0.976152 -0.00642858 0.216927
-109.188 -37.2831 95.6233 -0.976587 -0.0110463 0.214839
-109.187 -37.2415 95.6274 -0.976711 -0.0116036 0.214243
-109.265 -40.7842 95.251 -0.976489 0.00450585 0.215518
-109.651 -41.5733 93.6742 -0.967439 0.00902577 0.252931
-110.006 -42.0485 92.3647 -0.963978 0.00593713 0.265914
-110.332 -42.4696 91.2024 -0.964044 0.00823946 0.265596
-110.547 -43.1341 90.4383 -0.964599 0.0102296 0.263523
-110.571 -44.304 90.3881 -0.964561 0.00691574 0.263769
-110.298 -45.2975 91.4096 -0.964644 0.00484618 0.263502
-109.988 -45.3714 92.5555 -0.964837 0.0134631 0.262503
-109.675 -45.3722 93.7084 -0.966718 0.0105605 0.255523
-109.376 -45.2338 94.8753 -0.968937 0.00642231 0.247223
-109.224 -44.3351 95.4416 -0.970962 0.00120993 0.238991
-109.214 -43.2984 95.5122 -0.972683 -0.00580215 0.232062
-109.214 -42.22 95.4825 -0.97438 0.00752147 0.224784
-109.223 -41.2155 95.4484 -0.975251 -0.00218781 0.221088
-109.227 -41.0645 95.4323 -0.975958 0.000837404 0.217907
-109.424 -42.2454 94.5727 -0.971447 0.00927809 0.236746
-109.733 -42.4209 93.3854 -0.967258 0.00696833 0.2537
-109.998 -42.7169 92.41 -0.963718 0.00573354 0.266856
-110.241 -43.2029 91.5473 -0.963331 0.00650545 0.268236
-110.241 -44.3829 91.5865 -0.963339 0.00901763 0.268137
-109.824 -44.6235 93.1195 -0.96495 0.0136954 0.262077
-109.527 -44.5037 94.2574 -0.968729 0.00790262 0.247989
-109.383 -43.6808 94.7943 -0.970807 0.00137796 0.239641
-109.374 -42.7031 94.8027 -0.97438 0.00752147 0.224784
-109.558 -43.337 94.0988 -0.968382 0.0115889 0.249203
-109.842 -43.1845 92.9906 -0.967737 0.00943031 0.251766
-109.663 -43.7902 93.7097 -0.968429 0.00757329 0.249174
-109.591 -43.7554 93.9863 -0.968433 0.00739252 0.249164
-109.561 -43.5578 94.0967 -0.968406 0.00935709 0.249194
