-112.078 43.0968 94.1866 -0.965413 -0.0103903 0.260509
-111.992 42.4485 94.4776 -0.964991 -0.00992399 0.262095
-111.766 42.3259 95.3143 -0.965758 -0.0115898 0.259187
-111.778 43.3365 95.3079 -0.965572 -0.00179912 0.26013
-111.788 44.6279 95.2821 -0.964359 -0.00656337 0.264446
-112.085 45.099 94.2286 -0.963224 -0.0026932 0.268688
-112.289 43.9259 93.4679 -0.961925 -0.00884906 0.273168
-112.28 42.6797 93.43 -0.961989 -0.0166618 0.272575
-112.166 41.4476 93.7927 -0.965383 -0.0142988 0.260444
-111.778 41.1362 95.2122 -0.966157 -0.0150878 0.257494
-111.762 41.9565 95.3134 -0.966229 -0.00999722 0.257479
-111.568 42.1263 96.052 -0.966902 -0.00837909 0.255012
-111.59 40.8027 95.9048 -0.966823 -0.0168514 0.25489
-111.596 39.7274 95.8138 -0.96949 -0.00519505 0.244403
-111.752 38.4221 95.1667 -0.969625 -0.00529735 0.243883
-111.911 39.3684 94.6239 -0.965621 -0.0140122 0.259578
-112.103 40.1402 93.9509 -0.965445 -0.0144563 0.260204
-112.325 40.8975 93.1659 -0.968598 -0.0192069 0.24789
-112.46 41.8296 92.7252 -0.964575 -0.0300041 0.262091
-112.506 43.2396 92.668 -0.961391 -0.0160874 0.274716
-112.494 44.8266 92.7572 -0.963489 -0.00583407 0.267684
-112.204 45.9463 93.8125 -0.962344 -0.004777 0.271794
-111.928 45.9791 94.7976 -0.963926 -0.00423478 0.26612
-111.622 45.5816 95.9099 -0.966659 -0.000508902 0.2559
-111.571 44.3349 96.1039 -0.96873 -0.00790132 0.24799
-111.569 43.0667 96.0831 -0.965653 -0.0068009 0.2597
-111.567 42.8622 96.0816 -0.966323 -0.00984284 0.25713
-111.372 42.9738 96.8588 -0.970305 -0.00835027 0.241699
-111.371 41.9674 96.81 -0.971087 -0.00894177 0.238548
-111.38 40.9663 96.7381 -0.971829 -0.00756041 0.235562
-111.395 39.5109 96.6674 -0.972713 0.00656259 0.231919
-111.401 38.4898 96.6613 -0.973233 -0.00445672 0.229633
-111.392 37.2696 96.6344 -0.974445 -0.00969774 0.224297
-111.375 35.9003 96.6841 -0.978657 -0.00676321 0.205389
-111.378 34.2576 96.6271 -0.979146 -0.00506061 0.203085
-111.348 33.2386 96.7383 -0.979326 -0.00689948 0.202171
-111.336 32.234 96.792 -0.981445 -0.0033987 0.191555
-111.363 30.3623 96.5469 -0.982031 -0.0101416 0.188445
-111.346 29.3135 96.6269 -0.983372 -0.0023213 0.18159
-111.321 28.266 96.7451 -0.984495 -0.00928118 0.175138
-111.299 27.1379 96.8269 -0.98498 -0.00594601 0.172563
-111.288 25.965 96.844 -0.985433 -0.00546301 0.169962
-111.3 24.5275 96.7492 -0.985823 -0.00640404 0.167635
-111.373 23.6357 96.2651 -0.986093 -0.00967749 0.165914
-111.362 22.5209 96.2916 -0.987124 -0.00470249 0.159881
-111.295 21.4719 96.6672 -0.987166 -0.00584112 0.159588
-111.294 19.9407 96.6155 -0.988601 -0.00693487 0.1504
-111.239 18.4747 96.9206 -0.989077 -0.00576891 0.147264
-111.236 17.4296 96.8839 -0.989309 -0.00772877 0.145627
-111.244 16.0703 96.7895 -0.990311 -0.00647207 0.138714
-111.259 14.8358 96.6298 -0.99037 -0.00554182 0.138335
-111.272 13.231 96.4748 -0.990781 -0.00576441 0.135349
-111.239 11.5074 96.6454 -0.991242 -0.00563994 0.131938
-111.226 10.0072 96.6687 -0.991372 -0.00657878 0.130913
-111.23 8.88142 96.5922 -0.99144 -0.00462818 0.130483
-111.202 7.84296 96.7623 -0.99196 -0.00536542 0.126433
-111.221 6.48595 96.5616 -0.992042 -0.00446275 0.125826
-111.235 5.41522 96.4022 -0.992085 -0.00588407 0.125428
-111.212 4.32367 96.5457 -0.9924 -0.00406434 0.122987
-111.198 3.23368 96.6151 -0.992441 -0.00499098 0.122623
-111.191 1.93391 96.6309 -0.992679 -0.00478191 0.120683
-111.186 0.407091 96.6067 -0.992876 -0.00553514 0.119025
-111.177 -0.827151 96.6182 -0.99288 -0.00576151 0.118977
-111.193 -1.92665 96.4288 -0.992915 -0.00537201 0.1187
-111.157 -3.1161 96.6886 -0.992978 -0.00450153 0.118216
-111.158 -4.27159 96.6349 -0.992981 -0.00400811 0.118207
-111.125 -5.65113 96.8624 -0.993045 -0.00483784 0.117637
-111.116 -6.85176 96.8845 -0.993028 -0.00471649 0.117781
-111.126 -7.92319 96.761 -0.992997 -0.00420377 0.118061
-111.135 -9.12719 96.6429 -0.99298 -0.00405135 0.118213
-111.121 -10.5938 96.7127 -0.992885 -0.00401492 0.119008
-111.115 -11.7156 96.7259 -0.992884 -0.00400977 0.11902
-111.12 -13.2585 96.634 -0.992828 -0.00434952 0.119469
-111.11 -14.3992 96.6778 -0.992665 -0.00397806 0.120833
-111.103 -15.5037 96.7033 -0.99254 -0.00438987 0.121836
-111.116 -16.5719 96.5478 -0.992442 -0.0054424 0.122592
-111.114 -17.8024 96.5215 -0.992307 -0.00425869 0.123722
-111.093 -19.2576 96.6468 -0.992178 -0.00335769 0.124784
-111.072 -20.6175 96.7535 -0.991581 -0.00319362 0.129452
-111.067 -21.6979 96.7707 -0.991483 -0.00414034 0.130165
-111.084 -23.1539 96.5828 -0.991367 -0.00447867 0.131038
-111.077 -24.1734 96.6086 -0.990978 -0.00299732 0.133988
-111.068 -25.3935 96.6367 -0.99068 -0.00452619 0.136138
-111.065 -26.6088 96.6277 -0.990156 -0.00217442 0.139925
-111.062 -27.7609 96.6146 -0.989957 -0.00409418 0.141313
-111.074 -28.9298 96.5027 -0.989707 -0.000683992 0.143097
-111.035 -30.0096 96.7425 -0.988422 -0.0049537 0.151649
-111.038 -31.6249 96.6637 -0.98839 -0.00570969 0.151833
-111.022 -32.8286 96.7129 -0.988158 -0.00602895 0.153314
-111.015 -34.4791 96.7027 -0.986823 -0.00180976 0.161555
-111.019 -35.5944 96.6923 -0.983337 0.00114347 0.181789
-111.085 -36.5039 96.3414 -0.983512 -0.00623887 0.180558
-111.032 -37.5292 96.5537 -0.983605 -0.0134623 0.179831
-110.997 -38.5536 96.6662 -0.983222 -0.0130458 0.181943
-110.973 -40.2743 96.6946 -0.983381 -0.00919478 0.181323
-110.96 -41.3355 96.7714 -0.982445 0.0042397 0.186496
-110.949 -42.409 96.8487 -0.979273 0.00571183 0.201909
-110.959 -43.5077 96.896 -0.977656 0.0181362 0.209425
-110.973 -44.5714 96.8927 -0.97693 -0.00732345 0.21324
-110.972 -45.6492 96.8244 -0.977909 -0.0137402 0.208578
-111.061 -46.6053 96.3507 -0.973452 -0.00593713 0.228487
-111.335 -46.7714 95.2263 -0.971494 0.000587195 0.237065
-111.593 -46.7626 94.1713 -0.972236 0.00425816 0.233938
-111.922 -46.6796 92.8008 -0.972135 0.0090918 0.234244
-112.23 -46.3154 91.5541 -0.967924 0.00243648 0.251163
-112.318 -45.3067 91.2046 -0.967902 0.0032128 0.251263
-112.328 -43.8994 91.1654 -0.968804 0.000796755 0.247825
-112.306 -42.8383 91.1814 -0.969047 0.0175866 0.246248
-112.124 -41.2266 91.7678 -0.969961 0.0267996 0.24178
-111.751 -40.4286 93.2233 -0.97294 0.0190032 0.230271
-111.502 -39.5009 94.2623 -0.977315 0.00762484 0.211647
-111.345 -38.4289 94.9595 -0.977882 0.0066248 0.20905
-111.288 -37.2518 95.2431 -0.979724 -0.00492376 0.200277
-111.265 -35.7243 95.3215 -0.984766 0.0100308 0.173587
-111.253 -34.4962 95.3269 -0.985259 0.00526254 0.170938
-111.225 -33.5245 95.4787 -0.98563 0.00197858 0.168901
-111.249 -32.2769 95.3294 -0.985944 -0.00170011 0.16707
-111.227 -30.796 95.4673 -0.98701 0.00524083 0.160297
-111.24 -29.5921 95.3618 -0.989614 0.000948976 0.143747
-111.252 -28.4125 95.2817 -0.989661 -0.00197853 0.143412
-111.247 -27.234 95.3359 -0.990089 -0.00184015 0.140406
-111.247 -26.2026 95.3347 -0.990278 0.00015591 0.139101
-111.252 -25.161 95.3045 -0.990799 -0.00311336 0.135299
-111.254 -24.0219 95.3017 -0.990906 -0.00267812 0.134527
-111.249 -22.71 95.3574 -0.9916 -0.000960642 0.129338
-111.236 -21.6395 95.4716 -0.991627 -0.00259636 0.129104
-111.234 -20.6025 95.5114 -0.991668 -0.00316456 0.12878
-111.242 -19.3494 95.469 -0.991915 -0.00304823 0.126866
-111.262 -17.9241 95.3311 -0.992193 -0.00174811 0.124685
-111.283 -16.5813 95.2039 -0.992365 -0.00237146 0.123309
-111.26 -15.4515 95.4162 -0.992568 -0.00331569 0.121648
-111.274 -13.9458 95.3378 -0.992748 -0.00317457 0.120171
-111.277 -12.6813 95.3501 -0.992781 -0.00338189 0.119891
-111.288 -11.3558 95.2964 -0.992858 -0.00329311 0.119255
-111.297 -9.54687 95.2748 -0.99295 -0.00379385 0.11847
-111.288 -8.54391 95.3808 -0.992957 -0.00393749 0.118407
-111.283 -7.50814 95.4546 -0.992991 -0.00428917 0.118115
-111.277 -6.46161 95.5444 -0.992989 -0.00440848 0.118126
-111.28 -5.45971 95.5622 -0.993077 -0.00488525 0.117366
-111.316 -3.98701 95.3202 -0.99298 -0.00481555 0.118187
-111.31 -2.86207 95.4129 -0.992933 -0.00511686 0.118568
-111.336 -1.84617 95.2389 -0.992884 -0.00538453 0.11896
-111.326 -0.0295253 95.4149 -0.992878 -0.00596791 0.118983
-111.349 1.0072 95.2772 -0.992641 -0.00644012 0.120923
-111.346 2.18834 95.3667 -0.992624 -0.00599491 0.121086
-111.351 3.1907 95.3732 -0.992511 -0.00503728 0.122049
-111.371 4.7654 95.2885 -0.992342 -0.00658905 0.123344
-111.383 6.46216 95.278 -0.992151 -0.00810621 0.124762
-111.361 7.62608 95.5121 -0.991875 -0.00595138 0.127075
-111.402 8.64997 95.2476 -0.991616 -0.00769937 0.128992
-111.405 10.1279 95.3273 -0.991282 -0.00896187 0.131433
-111.409 11.1244 95.3557 -0.991088 -0.00747732 0.133001
-111.453 12.6057 95.1092 -0.990993 -0.00700331 0.133727
-111.457 13.6407 95.1464 -0.990617 -0.00884946 0.136377
-111.427 14.9734 95.4428 -0.990206 -0.00710081 0.13943
-111.412 16.3039 95.6119 -0.990027 -0.00658437 0.140723
-111.427 17.3294 95.5849 -0.989419 -0.00973512 0.144738
-111.44 18.4454 95.5563 -0.989225 -0.00792606 0.146192
-111.485 19.5162 95.3318 -0.989073 -0.0107373 0.147038
-111.503 21.2792 95.3187 -0.988408 -0.0104064 0.151461
-111.535 22.4945 95.2042 -0.987556 -0.0145804 0.156564
-111.549 23.7228 95.217 -0.986685 -0.0100031 0.162335
-111.518 24.842 95.4751 -0.986373 -0.00997635 0.164213
-111.523 26.0126 95.5011 -0.98502 -0.00780518 0.172262
-111.549 27.0301 95.3956 -0.984938 -0.00721929 0.172755
-111.582 28.041 95.2813 -0.984107 -0.0119646 0.177173
-111.607 29.0486 95.2072 -0.983739 -0.00705742 0.179391
-111.621 30.0583 95.1826 -0.982075 -0.0111106 0.188162
-111.6 31.7178 95.3852 -0.981234 -0.014778 0.19217
-111.607 32.7217 95.4447 -0.98054 -0.0182242 0.19547
-111.644 33.7467 95.3117 -0.979541 -0.00748362 0.201101
-111.727 35.3217 95.0947 -0.975518 -0.0225984 0.218285
-111.813 36.291 94.7882 -0.973404 -0.0143939 0.228641
-111.945 38.0157 94.3739 -0.969853 -0.0243203 0.242443
-112.192 39.3755 93.5501 -0.969292 -0.0288596 0.244213
-112.437 40.2065 92.6724 -0.968595 -0.0190667 0.247912
-112.634 41.1066 91.9972 -0.964651 -0.0301963 0.26179
-112.713 42.6436 91.8828 -0.964613 -0.0282112 0.262156
-112.735 44.1036 91.8873 -0.962509 -0.00375094 0.271225
-112.689 45.8728 92.0788 -0.964097 -0.00407265 0.265503
-112.304 46.7569 93.4659 -0.962208 0.000737217 0.272315
-111.977 46.8364 94.6403 -0.964721 -0.00669711 0.263189
-111.64 46.7276 95.8685 -0.964616 -0.00645651 0.263578
-111.391 45.7967 96.8121 -0.969126 0.00362104 0.246541
-111.371 43.9424 96.8782 -0.969948 -0.00627571 0.243208
-111.371 43.8569 96.8769 -0.970427 -0.00420606 0.241355
-111.174 43.827 97.6686 -0.970637 -0.00448483 0.240506
-111.174 42.1684 97.6181 -0.971483 -0.0084902 0.236931
-111.18 40.9255 97.566 -0.972161 -0.00566039 0.234246
-111.187 39.532 97.5429 -0.972793 0.00667782 0.231578
-111.195 38.1943 97.5487 -0.974869 -0.00203861 0.22267
-111.195 37.118 97.5124 -0.975915 -0.00668578 0.218048
-111.205 35.9023 97.493 -0.977768 -0.000681353 0.209556
-111.201 34.8504 97.4867 -0.978961 -0.00294648 0.204024
-111.188 33.2808 97.5137 -0.980045 -0.00157066 0.198671
-111.189 32.1836 97.5293 -0.980705 0.00374176 0.195459
-111.188 31.007 97.4943 -0.982668 -0.00564782 0.185203
-111.186 29.864 97.4982 -0.983285 -0.000964913 0.182068
-111.173 28.8454 97.5582 -0.983677 3.4525e-05 0.179923
-111.161 27.2834 97.621 -0.98507 -0.00469015 0.172091
-111.162 26.2314 97.5857 -0.985726 -0.00266567 0.168338
-111.169 24.6372 97.5162 -0.986101 -0.00175036 0.166118
-111.186 23.3255 97.3957 -0.987081 -0.00332629 0.160185
-111.19 22.2956 97.3469 -0.987135 -0.00465776 0.159816
-111.171 21.2375 97.4403 -0.987992 -0.000353079 0.154504
-111.161 20.206 97.4987 -0.988298 -0.00375507 0.152444
-111.136 19.0312 97.6173 -0.988866 -0.00367648 0.148765
-111.125 17.8834 97.6606 -0.989093 -0.00571152 0.147159
-111.127 16.8687 97.6178 -0.989711 9.1159e-05 0.143081
-111.137 15.8247 97.5471 -0.990005 -0.00417842 0.140925
-111.146 14.7328 97.4316 -0.990356 -0.00541275 0.13844
-111.149 13.6726 97.3683 -0.990584 -0.00318635 0.13684
-111.132 11.8094 97.4575 -0.991208 -0.0053869 0.132204
-111.121 10.5062 97.4838 -0.991321 -0.00601262 0.131321
-111.111 9.01329 97.5027 -0.991722 -0.0033041 0.128341
-111.102 7.40537 97.531 -0.992 -0.00443948 0.126163
-111.114 6.20271 97.3971 -0.99206 -0.00513 0.12566
-111.112 5.08575 97.3754 -0.992349 -0.00315679 0.123421
-111.102 3.93836 97.4279 -0.992399 -0.00405649 0.122988
-111.096 2.82655 97.436 -0.992584 -0.00337893 0.121515
-111.093 1.26795 97.4078 -0.992644 -0.00409646 0.120999
-111.083 0.0637164 97.4511 -0.992882 -0.00574911 0.118967
-111.073 -1.34755 97.4653 -0.992913 -0.00564414 0.118711
-111.062 -2.81219 97.4932 -0.992958 -0.00441435 0.118387
-111.046 -4.62898 97.5689 -0.992974 -0.00390625 0.118265
-111.026 -5.77315 97.6898 -0.99307 -0.0047673 0.117428
-111.028 -7.50853 97.6053 -0.993107 -0.00423336 0.117139
-111.035 -8.55758 97.5088 -0.993101 -0.0041276 0.117191
-111.035 -9.68576 97.4649 -0.99306 -0.00462309 0.117521
-111.022 -10.7555 97.5386 -0.993036 -0.00460292 0.117718
-111.012 -12.0587 97.5737 -0.992831 -0.00434406 0.119444
-111.01 -13.4069 97.5383 -0.992775 -0.00475058 0.119894
-111.007 -14.4214 97.5245 -0.992757 -0.00417262 0.120067
-111.003 -15.8942 97.4922 -0.992522 -0.00571487 0.12193
-111.004 -16.9693 97.4338 -0.9924 -0.00458192 0.122965
-111.002 -18.2307 97.4058 -0.992247 -0.00496191 0.124179
-110.985 -19.5578 97.4851 -0.991811 -0.00789595 0.127472
-110.963 -21.1603 97.5759 -0.991483 -0.0041906 0.13016
-110.963 -22.3453 97.5306 -0.991394 -0.00515232 0.130811
-110.966 -23.515 97.4641 -0.991359 -0.00448149 0.1311
-110.959 -24.5515 97.4586 -0.99084 -0.00624144 0.134882
-110.95 -25.8 97.4814 -0.990493 -0.00610214 0.137411
-110.946 -26.8366 97.4596 -0.99014 -0.0054833 0.139966
-110.939 -28.1296 97.4704 -0.989996 -0.00417184 0.141037
-110.924 -29.2354 97.4981 -0.988944 -0.00911908 0.147949
-110.909 -30.9667 97.5287 -0.988556 -0.00586948 0.150741
-110.903 -32.0365 97.5203 -0.988178 -0.00719641 0.153143
-110.885 -33.5215 97.5718 -0.987037 -0.00972042 0.159988
-110.874 -34.7116 97.5321 -0.985876 -0.0103855 0.16711
-110.877 -36.024 97.4671 -0.98465 -0.0023781 0.174323
-110.878 -37.1772 97.4233 -0.98368 -0.0145827 0.179336
-110.851 -38.4982 97.4637 -0.983685 -0.0146158 0.179306
-110.83 -39.6648 97.5045 -0.983604 -0.00999742 0.180064
-110.811 -40.7342 97.5557 -0.983719 -0.00893333 0.179492
-110.803 -41.7525 97.6088 -0.981974 -0.00211377 0.188907
-110.788 -42.7758 97.6481 -0.981293 -0.00727248 0.192381
-110.799 -43.8229 97.6705 -0.976826 0.00987955 0.21358
-110.8 -44.9047 97.6675 -0.975986 0.000272357 0.217833
-110.795 -46.0065 97.6288 -0.978726 -0.00826294 0.204885
-110.845 -47.1612 97.3784 -0.978928 5.63811e-06 0.204198
-111.167 -47.5943 95.9236 -0.973837 0.00781153 0.227112
-111.45 -47.5834 94.7593 -0.971493 0.000588808 0.237068
-111.749 -47.5379 93.5352 -0.971883 0.00276531 0.235448
-112.066 -47.5037 92.2235 -0.971328 0.006025 0.237635
-112.324 -47.4619 91.2154 -0.967016 0.00469265 0.25466
-112.495 -46.6276 90.5609 -0.966509 0.0034175 0.256606
-112.529 -44.9521 90.3961 -0.966821 0.00671956 0.255365
-112.529 -43.9089 90.3793 -0.968844 0.00910355 0.247356
-112.514 -42.8308 90.3671 -0.967926 0.0148655 0.250794
-112.436 -41.3875 90.5694 -0.967685 0.0226039 0.251147
-112.222 -40.5158 91.3152 -0.968052 0.0230713 0.249683
-111.955 -39.9986 92.3413 -0.971378 0.0272933 0.23578
-111.695 -39.33 93.3554 -0.975837 0.0193492 0.217221
-111.489 -37.8612 94.2469 -0.979131 0.00472938 0.202991
-111.429 -36.341 94.4436 -0.983874 0.0176688 0.177975
-111.399 -35.3037 94.5435 -0.9845 0.0107552 0.175054
-111.385 -33.7212 94.5444 -0.985709 0.00339474 0.168422
-111.381 -32.5523 94.5468 -0.985871 0.000650856 0.16749
-111.383 -31.4923 94.5202 -0.988087 0.0115422 0.153463
-111.367 -30.3859 94.5422 -0.988506 0.00427748 0.15112
-111.364 -29.1783 94.5198 -0.988646 0.00625281 0.150122
-111.37 -27.814 94.4765 -0.989621 -0.0019893 0.143688
-111.364 -26.6624 94.4819 -0.990749 0.000429345 0.135708
-111.365 -25.6552 94.4752 -0.990732 -0.000353413 0.13583
-111.368 -24.6357 94.4603 -0.99079 -0.00167503 0.135394
-111.363 -23.4188 94.4986 -0.990875 0.00309187 0.134739
-111.35 -22.182 94.5874 -0.991577 -0.00154555 0.129507
-111.35 -21.112 94.6084 -0.991626 -0.00264506 0.129116
-111.354 -19.7333 94.5917 -0.991799 -0.000850169 0.127808
-111.363 -18.4678 94.5314 -0.992105 -2.53485e-05 0.125408
-111.375 -16.994 94.456 -0.992347 -0.00229052 0.123452
-111.372 -15.933 94.4936 -0.992414 -0.00130515 0.122937
-111.37 -14.9155 94.5311 -0.992599 -0.00272042 0.121408
-111.373 -13.6826 94.5304 -0.992686 -0.00260361 0.120699
-111.376 -12.223 94.5392 -0.992777 -0.00287172 0.119943
-111.386 -10.5236 94.5048 -0.992859 -0.00322284 0.119248
-111.391 -9.1176 94.4935 -0.993015 -0.00323061 0.117942
-111.391 -7.8759 94.5363 -0.993072 -0.00371118 0.117446
-111.387 -6.77016 94.6061 -0.993083 -0.00415666 0.117344
-111.388 -5.68763 94.6375 -0.993074 -0.00487884 0.117388
-111.405 -4.4548 94.5505 -0.993018 -0.00516243 0.117847
-111.416 -3.19737 94.509 -0.992963 -0.00541512 0.118297
-111.426 -2.05773 94.4828 -0.992965 -0.00542166 0.11828
-111.43 -1.01684 94.5012 -0.992807 -0.00623369 0.119561
-111.442 0.628576 94.4926 -0.992754 -0.00745436 0.119932
-111.452 1.84501 94.4817 -0.992615 -0.00668114 0.121121
-111.459 2.93699 94.4859 -0.992572 -0.00651669 0.121481
-111.468 4.04643 94.463 -0.992371 -0.00698869 0.12309
-111.48 5.85335 94.4631 -0.992168 -0.00813359 0.124627
-111.489 6.94583 94.4801 -0.99201 -0.00984328 0.125771
-111.496 8.12036 94.4887 -0.991709 -0.00847421 0.128221
-111.511 9.27942 94.447 -0.991529 -0.00944257 0.129534
-111.527 10.6781 94.4442 -0.991296 -0.0111064 0.131172
-111.542 11.7259 94.3991 -0.99098 -0.00831298 0.133752
-111.567 13.3725 94.3396 -0.990557 -0.0125595 0.136526
-111.559 14.8432 94.4981 -0.990172 -0.00800935 0.139624
-111.553 15.9436 94.603 -0.989744 -0.00933818 0.142513
-111.558 17.0879 94.6603 -0.98958 -0.0117233 0.143503
-111.576 18.2818 94.6284 -0.989152 -0.00932761 0.146592
-111.6 19.2981 94.5394 -0.988249 -0.0122026 0.152366
-111.628 20.8138 94.4873 -0.987919 -0.0128655 0.154429
-111.648 22.1725 94.4617 -0.987749 -0.0117988 0.155607
-111.677 23.2217 94.3954 -0.987329 -0.0174127 0.157726
-111.675 24.337 94.4864 -0.986598 -0.0115522 0.162749
-111.675 25.405 94.568 -0.986244 -0.0106195 0.164943
-111.691 26.463 94.5285 -0.985324 -0.0139018 0.169985
-111.723 27.5102 94.4603 -0.984091 -0.0120436 0.177257
-111.743 28.6339 94.4261 -0.983819 -0.0132738 0.17866
-111.757 29.8188 94.4418 -0.98319 -0.0122891 0.182169
-111.763 31.0119 94.4891 -0.981865 -0.0189106 0.188434
-111.779 32.1886 94.5353 -0.980105 -0.0195378 0.197515
-111.811 33.3084 94.4853 -0.979675 -0.0190938 0.199678
-111.871 34.707 94.3292 -0.976754 -0.0327529 0.211842
-111.954 35.7792 94.1145 -0.977089 -0.0332084 0.210226
-112.051 36.9791 93.8578 -0.970282 -0.0202983 0.241125
-112.24 38.4046 93.2441 -0.969345 -0.0285649 0.244039
-112.433 39.2451 92.5823 -0.969005 -0.029139 0.245317
-112.701 40.0057 91.625 -0.964761 -0.0315484 0.260923
-112.88 41.0054 91.109 -0.959753 -0.0232409 0.279873
-112.914 42.0486 91.086 -0.962713 -0.0287672 0.268948
-112.954 43.2585 91.078 -0.962219 -0.0308632 0.270509
-112.958 44.2721 91.0887 -0.963426 -0.00158108 0.267971
-112.922 45.8555 91.2232 -0.962495 0.000497929 0.271165
-112.883 46.8862 91.3729 -0.964954 -0.00610251 0.262305
-112.614 47.4923 92.3972 -0.965493 -0.0111492 0.26019
-112.259 47.6176 93.6321 -0.962592 -0.00521489 0.270905
-111.926 47.6562 94.8478 -0.964854 -0.00661755 0.2627
-111.632 47.5655 95.922 -0.965378 -0.0106364 0.260594
-111.299 47.3812 97.1852 -0.97049 -0.00685199 0.240997
-111.177 45.7021 97.6744 -0.971089 0.000609293 0.238717
-111.176 44.2145 97.6668 -0.970441 -0.00407995 0.241302
-110.981 44.5216 98.4552 -0.97011 -0.0038407 0.242637
-110.974 43.0833 98.4594 -0.970266 -0.00309851 0.242023
-110.984 41.6929 98.3931 -0.972125 -0.00584987 0.234389
-110.983 40.5794 98.3723 -0.97305 0.000966678 0.230464
-110.99 39.4313 98.3899 -0.974056 0.00988204 0.226091
-110.997 38.1383 98.3968 -0.974032 0.00281261 0.226392
-111.006 36.9245 98.3767 -0.976163 0.00548594 0.216955
-111.023 35.5482 98.3306 -0.975768 0.00642737 0.218705
-111.026 34.4103 98.3083 -0.977391 -0.00281605 0.211423
-111.024 32.7355 98.3397 -0.979552 0.00445629 0.201143
-111.025 31.6221 98.3576 -0.980252 0.00884514 0.19747
-111.029 30.4361 98.3506 -0.982524 -0.000448663 0.186137
-111.024 29.3261 98.3699 -0.983183 0.00412019 0.182484
-111.017 28.2086 98.4322 -0.984762 0.00297667 0.173881
-111.018 27.1836 98.4328 -0.984639 5.77383e-05 0.174603
-111.024 26.1763 98.3947 -0.985726 -0.00266567 0.168338
-111.031 24.3542 98.3445 -0.986502 -0.000272834 0.163751
-111.035 23.1449 98.3086 -0.986601 -0.0020645 0.163136
-111.043 21.9589 98.2607 -0.987795 0.00127847 0.155743
-111.036 20.9429 98.3022 -0.98798 -0.000176815 0.154585
-111.024 19.7946 98.3712 -0.98826 0.00207303 0.152737
-111.015 18.6624 98.4238 -0.98955 -0.00352408 0.144146
-111.01 17.5591 98.4254 -0.989689 -0.000933142 0.143201
-111.018 16.5249 98.3798 -0.989988 0.000293304 0.141154
-111.025 15.4122 98.3199 -0.990172 -0.00183635 0.13984
-111.028 14.2416 98.2576 -0.99041 -0.0049297 0.138067
-111.024 13.2342 98.2798 -0.9903 -0.000192813 0.138947
-111.02 12.1469 98.3104 -0.990783 -0.00153982 0.135388
-111.015 11.0874 98.3065 -0.991048 -0.00541023 0.133395
-111.009 9.94996 98.3111 -0.991555 -0.000452133 0.129687
-111.003 8.74119 98.3462 -0.991978 -0.00256889 0.126386
-110.999 7.67894 98.355 -0.991963 -0.0040815 0.126464
-111.003 6.28854 98.2706 -0.992102 -0.00286596 0.125395
-111.001 5.08416 98.2618 -0.992284 -0.00307245 0.123946
-110.995 3.85515 98.2837 -0.99241 -0.00174832 0.122952
-110.994 2.63596 98.2631 -0.992717 -0.00345774 0.12042
-110.988 1.45843 98.2778 -0.9927 -0.00380641 0.120551
-110.977 -0.0813325 98.3236 -0.992773 -0.00433103 0.119928
-110.971 -1.23404 98.3214 -0.992855 -0.0054325 0.119199
-110.964 -2.52695 98.3268 -0.992945 -0.00433203 0.118501
-110.954 -3.76824 98.3671 -0.993031 -0.00385805 0.117786
-110.941 -5.05065 98.4313 -0.993037 -0.00396151 0.117735
-110.929 -6.12926 98.4941 -0.993034 -0.00451278 0.117743
-110.927 -7.16932 98.4758 -0.993122 -0.00429379 0.117009
-110.94 -8.68131 98.3134 -0.993052 -0.00442843 0.11759
-110.934 -9.75082 98.316 -0.993019 -0.00471463 0.117858
-110.921 -10.8905 98.3861 -0.993022 -0.00466757 0.117835
-110.91 -11.9472 98.4271 -0.992915 -0.00514227 0.118718
-110.904 -13.5755 98.4071 -0.992867 -0.00545084 0.119103
-110.901 -14.7598 98.3801 -0.992526 -0.00562775 0.121902
-110.896 -16.2245 98.3476 -0.992423 -0.00647595 0.122695
-110.892 -17.5658 98.312 -0.992288 -0.0051206 0.123844
-110.887 -18.572 98.3099 -0.99212 -0.00647541 0.12511
-110.876 -19.5906 98.33 -0.991943 -0.00816813 0.126425
-110.863 -20.6024 98.3656 -0.99183 -0.00896254 0.127243
-110.854 -21.7243 98.3783 -0.991502 -0.00528779 0.12998
-110.852 -22.9185 98.3487 -0.991326 -0.00678513 0.131235
-110.849 -23.993 98.3015 -0.990925 -0.00822597 0.134162
-110.838 -25.1162 98.3175 -0.990498 -0.00625231 0.137365
-110.831 -26.1826 98.3076 -0.990395 -0.0084326 0.137994
-110.819 -27.5045 98.3244 -0.989923 -0.00654801 0.141435
-110.793 -28.8346 98.4178 -0.989261 -0.0136197 0.145521
-110.786 -30.0688 98.3798 -0.988719 -0.00818573 0.14954
-110.781 -31.2265 98.358 -0.988253 -0.00697131 0.152662
-110.765 -32.3989 98.3929 -0.987596 -0.011227 0.1565
-110.744 -33.7044 98.4003 -0.986783 -0.0166723 0.161189
-110.734 -35.2467 98.341 -0.98523 -0.0082408 0.170978
-110.733 -36.538 98.2743 -0.983868 -0.0148987 0.178178
-110.712 -37.8128 98.2792 -0.982896 -0.0139574 0.183633
-110.688 -39.0054 98.3147 -0.982599 -0.0158548 0.185048
-110.669 -40.1242 98.3563 -0.981674 -0.00801202 0.190397
-110.653 -41.2122 98.3951 -0.981539 -0.00929474 0.191033
-110.639 -42.2814 98.4243 -0.981004 -0.00743191 0.193844
-110.627 -43.357 98.4433 -0.98063 -0.0095385 0.195622
-110.626 -44.456 98.4528 -0.978557 0.000787864 0.205973
-110.626 -45.5565 98.451 -0.978371 -0.000677943 0.206854
-110.63 -46.6595 98.4198 -0.978379 -0.00195234 0.206809
-110.665 -47.7647 98.247 -0.979163 0.000717487 0.203062
-110.838 -48.3427 97.4251 -0.977696 -0.00400824 0.209979
-111.152 -48.4222 96.0172 -0.974259 0.00113406 0.22535
-111.441 -48.4142 94.8031 -0.971853 -0.000760345 0.235564
-111.753 -48.3421 93.5287 -0.971436 0.0031921 0.237271
-112.171 -48.3692 91.8314 -0.970447 0.00840697 0.241167
-112.444 -48.3888 90.7825 -0.967206 0.00726195 0.253889
-112.709 -47.3732 89.7608 -0.966284 0.00180457 0.257467
-112.729 -46.3696 89.6789 -0.966156 0.00454568 0.257907
-112.732 -45.3599 89.6383 -0.966471 0.00706555 0.256679
-112.731 -44.2419 89.6124 -0.96714 0.0100522 0.254013
-112.722 -42.8308 89.5675 -0.967451 0.0150929 0.252607
-112.704 -41.7344 89.5696 -0.967802 0.0188334 0.250982
-112.627 -40.4135 89.7471 -0.967315 0.0215604 0.252661
-112.407 -39.7022 90.5263 -0.966617 0.0250298 0.254991
-111.991 -39.2614 92.0746 -0.96976 0.0328647 0.241679
-111.782 -38.6128 92.9046 -0.977789 0.0138901 0.209119
-111.656 -37.7065 93.4438 -0.9783 0.0200918 0.206073
-111.576 -36.1232 93.6003 -0.98106 0.0245851 0.191449
-111.532 -34.4854 93.7109 -0.985711 0.0147342 0.167794
-111.529 -33.222 93.6899 -0.986468 0.00545565 0.163765
-111.51 -31.3553 93.684 -0.988675 0.0111625 0.149657
-111.497 -30.2161 93.6873 -0.988314 0.00797717 0.152172
-111.491 -29.184 93.6757 -0.988873 0.00681942 0.148605
-111.489 -28.1668 93.6489 -0.989948 0.00192731 0.141353
-111.484 -27.1502 93.6461 -0.990243 0.00600114 0.139222
-111.48 -26.1452 93.6385 -0.990724 -0.000199978 0.13589
-111.481 -24.2367 93.6418 -0.99071 -0.0012045 0.135987
-111.473 -23.2326 93.671 -0.991225 0.00408591 0.132126
-111.462 -22.1595 93.7336 -0.991472 0.00117178 0.13031
-111.461 -20.969 93.7585 -0.991716 -0.000776325 0.128442
-111.463 -19.6659 93.7416 -0.991929 -0.000764943 0.126795
-111.469 -18.6534 93.7014 -0.992007 0.000386487 0.126179
-111.475 -17.4334 93.6534 -0.992147 0.000783643 0.125074
-111.473 -16.347 93.6682 -0.992421 -0.00121454 0.122876
-111.472 -15.2687 93.6865 -0.992491 -0.000462702 0.122313
-111.474 -14.2451 93.6935 -0.992781 -0.00209419 0.119925
-111.475 -13.1501 93.6997 -0.992825 -0.00226927 0.119553
-111.482 -12.0572 93.667 -0.992854 -0.00240746 0.119309
-111.49 -10.7039 93.6287 -0.992898 -0.00267982 0.11894
-111.492 -9.41879 93.6428 -0.992966 -0.00274447 0.118366
-111.494 -8.14092 93.6522 -0.993019 -0.00330901 0.117908
-111.492 -7.02069 93.7087 -0.99306 -0.00399159 0.117539
-111.491 -5.95664 93.7523 -0.99308 -0.00417006 0.117365
-111.5 -4.86124 93.7323 -0.993027 -0.00554592 0.117758
-111.515 -3.70061 93.6562 -0.99299 -0.00565398 0.118067
-111.527 -2.38379 93.6193 -0.992968 -0.00541787 0.118261
-111.531 -1.23068 93.652 -0.992907 -0.00709652 0.118682
-111.542 0.42518 93.6513 -0.992754 -0.00752136 0.119926
-111.555 1.60293 93.6223 -0.992749 -0.00846645 0.1199
-111.569 2.7163 93.5775 -0.992441 -0.00689395 0.122531
-111.573 3.97414 93.6139 -0.992425 -0.00718534 0.122641
-111.575 5.2217 93.6658 -0.992343 -0.00668553 0.123334
-111.589 6.37655 93.6512 -0.992003 -0.00992954 0.125826
-111.598 7.39756 93.6556 -0.991915 -0.0079613 0.126642
-111.611 8.4656 93.6251 -0.991544 -0.00885986 0.129467
-111.628 9.66307 93.6005 -0.991287 -0.012264 0.131142
-111.645 11.1345 93.596 -0.991132 -0.0101735 0.132493
-111.668 12.4562 93.5259 -0.990634 -0.0113889 0.136058
-111.682 14.1708 93.5832 -0.990473 -0.013348 0.137056
-111.685 15.3583 93.6596 -0.989484 -0.0110794 0.144219
-111.691 16.7968 93.7298 -0.989378 -0.0121104 0.144861
-111.723 18.9591 93.7159 -0.988826 -0.014582 0.148361
-111.749 20.0326 93.6367 -0.988486 -0.0141538 0.150637
-111.77 21.7227 93.6588 -0.987911 -0.0128483 0.154481
-111.8 22.8106 93.5811 -0.987022 -0.0175724 0.159622
-111.816 23.8503 93.6015 -0.986499 -0.0167943 0.162855
-111.823 25.2814 93.6718 -0.986344 -0.0128686 0.164193
-111.854 26.7688 93.6441 -0.984507 -0.0193356 0.174273
-111.881 27.8276 93.6044 -0.984285 -0.0155866 0.175851
-111.897 28.8715 93.6046 -0.983563 -0.0147773 0.179957
-111.906 30.4737 93.687 -0.982113 -0.0193252 0.187155
-111.934 31.5983 93.6953 -0.981195 -0.0275525 0.191037
-111.97 32.7918 93.6533 -0.980137 -0.0210072 0.197203
-112.01 33.9491 93.5719 -0.978995 -0.0273813 0.201881
-112.127 35.6594 93.2893 -0.977277 -0.0333753 0.209324
-112.224 36.7736 93.0751 -0.9761 -0.0464073 0.212309
-112.383 37.898 92.6207 -0.970167 -0.0343521 0.239881
-112.559 38.6899 92.0125 -0.969142 -0.0298646 0.244683
-112.94 39.5275 90.7321 -0.96098 -0.0299954 0.274979
-113.097 40.6217 90.3274 -0.960047 -0.031757 0.277994
-113.149 42.3946 90.3037 -0.958935 -0.0245819 0.28256
-113.183 43.4696 90.2847 -0.962533 -0.0139605 0.270485
-113.174 44.9649 90.3544 -0.959869 -0.0105972 0.280244
-113.154 46.1327 90.4314 -0.959496 0.00269668 0.281703
-113.109 47.8455 90.6046 -0.954513 -0.00494674 0.298127
-112.863 48.3801 91.52 -0.963352 -0.0139183 0.267858
-112.476 48.3994 92.8859 -0.959899 -0.00326744 0.280325
-112.165 48.4801 93.988 -0.963893 -0.0066619 0.266168
-111.84 48.4425 95.1882 -0.965513 -0.00837017 0.260211
-111.434 48.3388 96.7015 -0.966907 -0.0103163 0.254917
-111.142 48.2244 97.8422 -0.970586 -0.00794167 0.240583
-110.976 46.4645 98.4903 -0.971276 -0.00131862 0.237944
-110.981 44.8131 98.4582 -0.970141 -0.00245428 0.24253
-110.983 44.6711 98.4482 -0.970045 -0.00324193 0.242904
-110.784 44.5678 99.2429 -0.970045 -0.00324193 0.242904
-110.763 43.0913 99.3069 -0.970297 0.000488612 0.241901
-110.763 41.986 99.3197 -0.971458 -0.00155177 0.237149
-110.782 40.2394 99.2494 -0.973855 0.00751534 0.227047
-110.806 39.1182 99.1926 -0.973906 0.00844795 0.226786
-110.764 38.1353 99.4081 -0.974449 0.00628089 0.224515
-110.818 36.8876 99.2101 -0.975012 0.00803188 0.222006
-110.816 35.8171 99.2418 -0.975724 0.00670438 0.218892
-110.825 34.7792 99.2447 -0.976653 0.00274573 0.214694
-110.83 33.2959 99.2624 -0.978766 0.0144469 0.204465
-110.843 32.0835 99.2475 -0.980899 0.0134863 0.194049
-110.86 31.0779 99.2319 -0.980899 0.0134863 0.194048
-110.867 29.8572 99.2028 -0.983251 0.00460017 0.182105
-110.865 28.7947 99.267 -0.983878 0.00923617 0.178601
-110.871 27.0975 99.2617 -0.985307 0.00357295 0.17068
-110.887 26.0789 99.2078 -0.986085 0.00373239 0.166175
-110.889 24.8037 99.2135 -0.987002 0.000450125 0.160706
-110.888 23.5244 99.2229 -0.987108 -0.000629959 0.160044
-110.898 22.4582 99.1624 -0.987538 0.0015117 0.157366
-110.889 21.4251 99.2354 -0.987619 0.00279471 0.156849
-110.89 20.2524 99.234 -0.988145 0.00236356 0.153478
-110.888 19.0235 99.2858 -0.988352 0.0048439 0.15211
-110.883 17.8291 99.3109 -0.989687 -0.000821741 0.143221
-110.888 16.7386 99.2862 -0.98981 0.00172852 0.142385
-110.889 15.7364 99.2819 -0.989993 -0.000483165 0.141113
-110.893 14.6756 99.2431 -0.990203 -0.00285117 0.139594
-110.895 12.8763 99.1984 -0.990435 0.00112575 0.137971
-110.898 11.7819 99.1978 -0.990552 0.00209379 0.137125
-110.89 10.7643 99.2261 -0.991296 -0.00259526 0.131591
-110.896 9.74648 99.1744 -0.991512 -6.13477e-05 0.130015
-110.896 8.46718 99.1656 -0.991575 -0.00055065 0.129535
-110.863 7.26434 99.4084 -0.991974 -0.00384222 0.126387
-110.878 5.70961 99.2583 -0.992185 -0.00141039 0.124766
-110.877 4.5198 99.2393 -0.992393 -0.00170295 0.123089
-110.882 3.22231 99.2019 -0.99251 -0.000379968 0.122162
-110.874 2.1214 99.2364 -0.992769 -0.00335034 0.119993
-110.88 0.887058 99.1523 -0.992763 -0.00364592 0.120033
-110.845 -0.26069 99.4099 -0.99277 -0.00428718 0.11995
-110.866 -1.35048 99.195 -0.992974 -0.00367065 0.118277
-110.858 -3.29834 99.189 -0.993015 -0.00417402 0.117917
-110.841 -4.62402 99.2946 -0.993044 -0.00356588 0.117689
-110.835 -5.86539 99.3019 -0.993094 -0.00446706 0.117233
-110.829 -7.29114 99.2987 -0.99303 -0.00448553 0.117775
-110.822 -8.50966 99.3069 -0.992967 -0.00472381 0.118296
-110.824 -10.212 99.2275 -0.992943 -0.00504442 0.118485
-110.815 -11.2401 99.2508 -0.992918 -0.00529917 0.118683
-110.795 -12.7938 99.3502 -0.992881 -0.00534944 0.118987
-110.8 -14.1363 99.2406 -0.992818 -0.00656033 0.119458
-110.766 -15.4774 99.4372 -0.992487 -0.00783922 0.122095
-110.788 -16.6229 99.1967 -0.992318 -0.00689192 0.123521
-110.766 -17.8103 99.3072 -0.992185 -0.00697965 0.124562
-110.761 -18.9096 99.2769 -0.991988 -0.00833013 0.126052
-110.756 -19.9126 99.2521 -0.99185 -0.00907959 0.127084
-110.743 -21.0594 99.2628 -0.991761 -0.00981611 0.127723
-110.738 -22.2748 99.2411 -0.991337 -0.00687039 0.13115
-110.738 -23.4686 99.1662 -0.991175 -0.0083386 0.132299
-110.724 -24.5482 99.2049 -0.99118 -0.00840199 0.132259
-110.717 -25.5587 99.1792 -0.990922 -0.00859879 0.134155
-110.696 -26.5726 99.2612 -0.990658 -0.0108465 0.135931
-110.693 -27.993 99.1813 -0.989963 -0.0123167 0.140722
-110.632 -29.6245 99.4364 -0.989202 -0.012322 0.146035
-110.654 -31.2891 99.1722 -0.988159 -0.00790944 0.153226
-110.627 -32.3036 99.2489 -0.9868 -0.0149633 0.161251
-110.604 -33.9419 99.2261 -0.986223 -0.0195361 0.164212
-110.59 -35.1051 99.1549 -0.985096 -0.0159125 0.171099
-110.567 -36.1104 99.2275 -0.983842 -0.0152105 0.178303
-110.542 -37.1587 99.2434 -0.983309 -0.0202717 0.18081
-110.531 -38.3063 99.2107 -0.982609 -0.0159704 0.184985
-110.51 -39.4171 99.2112 -0.982283 -0.017855 0.186549
-110.501 -40.5457 99.2092 -0.98144 -0.00913645 0.191545
-110.485 -41.6767 99.2308 -0.981227 -0.0103159 0.192578
-110.471 -42.7935 99.2515 -0.980638 -0.00967975 0.195575
-110.456 -43.9259 99.263 -0.980333 -0.0116081 0.197009
-110.455 -45.0638 99.2633 -0.978376 -0.00139059 0.206819
-110.451 -46.1754 99.2717 -0.977993 -0.000951486 0.208633
-110.453 -47.3076 99.2568 -0.978576 0.000660131 0.205871
-110.491 -48.4557 99.0903 -0.979317 -0.000136372 0.202295
-110.702 -49.3704 98.0415 -0.978906 -0.00409368 0.204218
-111.108 -49.2449 96.1908 -0.976005 0.00245654 0.217733
-111.34 -49.3324 95.2016 -0.970478 -0.00743915 0.240768
-111.591 -49.2354 94.1877 -0.970819 -8.67769e-05 0.239815
-111.87 -49.3213 93.0743 -0.970322 0.00520951 0.24176
-112.244 -49.2067 91.5697 -0.970122 0.00556711 0.242528
-112.541 -49.2674 90.4173 -0.9681 0.00145195 0.250559
-112.844 -49.027 89.2596 -0.96684 0.000172366 0.255381
-112.958 -48.1044 88.8289 -0.966796 -0.00287105 0.255518
-112.965 -46.959 88.806 -0.965958 0.00384752 0.258647
-112.961 -45.7658 88.7876 -0.966436 0.0070041 0.256812
-112.959 -44.5868 88.7534 -0.967687 0.013264 0.251804
-112.943 -43.3875 88.7525 -0.967541 0.0141338 0.252317
-112.954 -41.7481 88.6067 -0.967464 0.0192359 0.252269
-112.858 -40.3035 88.8628 -0.965086 0.0176591 0.261307
-112.691 -39.014 89.3817 -0.966378 0.0238595 0.256011
-112.42 -38.7798 90.3842 -0.966013 0.0258568 0.257198
-112.102 -38.5937 91.5624 -0.966862 0.0288936 0.253614
-111.849 -37.7922 92.5398 -0.97808 0.0323067 0.204784
-111.734 -36.1966 92.7711 -0.98219 0.0504593 0.180985
-111.707 -35.1847 92.7468 -0.986072 0.0221054 0.164786
-111.675 -34.1277 92.8345 -0.986298 0.0166869 0.164121
-111.67 -33.1155 92.8108 -0.987783 0.0125505 0.155228
-111.66 -32.0751 92.7536 -0.988166 0.017286 0.152414
-111.639 -30.9192 92.8026 -0.988743 0.0117142 0.149166
-111.622 -29.8249 92.8257 -0.988983 0.00944062 0.147699
-111.617 -28.8058 92.8132 -0.989199 0.00685214 0.14642
-111.608 -27.7843 92.8014 -0.989742 0.00804271 0.142618
-111.602 -26.7558 92.8004 -0.989992 0.00610822 0.140992
-111.595 -25.6966 92.7972 -0.99043 0.00295713 0.137907
-111.594 -24.6253 92.8086 -0.990843 -0.000652659 0.135017
-111.59 -23.5309 92.8072 -0.991193 0.0042506 0.132354
-111.588 -22.4484 92.7817 -0.99122 0.00452916 0.132142
-111.59 -21.3052 92.7569 -0.991771 0.000656975 0.12802
-111.601 -20.2165 92.6681 -0.991876 0.000584715 0.127205
-111.597 -18.955 92.6869 -0.992054 0.00104905 0.125807
-111.594 -17.6927 92.7094 -0.992186 0.00164425 0.124756
-111.582 -16.6343 92.7831 -0.992312 0.000242919 0.123751
-111.579 -15.583 92.8179 -0.992533 0.000430885 0.121978
-111.576 -14.5538 92.8416 -0.992533 0.000427601 0.121976
-111.579 -13.5186 92.8308 -0.992806 -0.00201778 0.119713
-111.591 -12.367 92.7501 -0.992835 -0.00218138 0.119473
-111.592 -10.9098 92.774 -0.992857 -0.00238941 0.119285
-111.596 -9.76009 92.7607 -0.992979 -0.00219865 0.118269
-111.598 -8.33272 92.7775 -0.992994 -0.0029877 0.118129
-111.593 -7.32939 92.8492 -0.99299 -0.00371727 0.118136
-111.597 -6.2444 92.8537 -0.993009 -0.00449264 0.117956
-111.602 -5.23338 92.8491 -0.993007 -0.00526442 0.117939
-111.62 -4.11906 92.756 -0.993006 -0.00591749 0.117916
-111.63 -2.67964 92.7376 -0.99299 -0.00555581 0.118071
-111.629 -1.61168 92.8099 -0.992895 -0.00683781 0.118797
-111.641 -0.436042 92.7774 -0.992833 -0.00745248 0.119277
-111.644 0.721641 92.8211 -0.992809 -0.00740372 0.119483
-111.691 2.25846 92.5481 -0.992719 -0.00872254 0.120132
-111.675 3.34213 92.7545 -0.992432 -0.00717113 0.122584
-111.674 4.55072 92.8348 -0.992119 -0.00892853 0.124978
-111.69 5.91711 92.8163 -0.992028 -0.0102386 0.125602
-111.7 6.99851 92.8247 -0.991982 -0.00988331 0.125995
-111.721 8.04192 92.7512 -0.991869 -0.0116794 0.126726
-111.741 9.81527 92.7504 -0.991445 -0.0130402 0.12987
-111.751 10.8647 92.7818 -0.991287 -0.0134246 0.131035
-111.803 12.4653 92.5433 -0.990598 -0.0133918 0.136149
-111.797 14.0211 92.7416 -0.990395 -0.014117 0.137545
-111.816 15.4777 92.7438 -0.990288 -0.0134058 0.13838
-111.821 16.5203 92.8158 -0.989487 -0.0164444 0.143682
-111.842 17.9416 92.8245 -0.989024 -0.0137837 0.147102
-111.877 19.46 92.7407 -0.988657 -0.0162661 0.149297
-111.888 21.2014 92.8484 -0.988195 -0.0147997 0.152478
-111.919 22.3889 92.7963 -0.987317 -0.0209901 0.157367
-111.958 23.9809 92.7493 -0.986584 -0.0209262 0.161905
-111.959 25.0014 92.831 -0.986336 -0.0132875 0.164207
-111.983 26.0792 92.8202 -0.98509 -0.0200463 0.170868
-112.009 27.1759 92.7999 -0.985015 -0.0195456 0.171356
-112.038 28.3416 92.7843 -0.98419 -0.0185511 0.176089
-112.056 29.3446 92.7697 -0.983946 -0.0172106 0.17762
-112.1 31.0734 92.762 -0.982239 -0.0291649 0.185324
-112.137 32.2111 92.7469 -0.981435 -0.0307469 0.189306
-112.167 33.5081 92.7523 -0.979943 -0.0209694 0.19817
-112.261 34.8165 92.5264 -0.977421 -0.0344318 0.208475
-112.377 36.2292 92.2494 -0.971875 -0.0564031 0.227849
-112.509 37.3238 92.0114 -0.966581 -0.0546949 0.250229
-112.823 38.1149 90.9809 -0.960917 -0.0323091 0.274933
-113.096 38.735 90.1055 -0.959187 -0.0277643 0.281349
-113.341 40.138 89.4401 -0.957076 -0.0298612 0.288267
-113.407 41.2164 89.3241 -0.958537 -0.0269808 0.28368
-113.361 42.2083 89.5677 -0.958808 -0.0249523 0.282957
-113.448 43.3097 89.3703 -0.957838 -0.0163711 0.286736
-113.395 45.2034 89.6112 -0.959076 -0.0107414 0.28294
-113.397 46.3128 89.6454 -0.954475 -0.0101722 0.298116
-113.461 47.3241 89.4716 -0.954204 -0.00652712 0.299074
-113.377 48.3436 89.7474 -0.957357 0.00496742 0.288844
-113.153 49.3601 90.5122 -0.96126 -0.0120678 0.27534
-112.665 49.2343 92.2424 -0.962427 -0.00385291 0.271515
-112.334 49.2038 93.3865 -0.964081 -0.00355818 0.265558
-111.961 49.3517 94.7611 -0.965027 -0.00623852 0.262077
-111.69 49.3395 95.766 -0.966272 -0.00581319 0.257445
-111.334 49.2614 97.1163 -0.96707 -0.00562767 0.254447
-111.034 49.1539 98.2862 -0.969103 -0.000768254 0.246644
-110.827 48.4812 99.1085 -0.970079 -0.00228524 0.242777
-110.794 47.3801 99.2277 -0.969983 -0.00254865 0.243161
-110.773 46.2146 99.3043 -0.970087 -0.00199551 0.24275
-110.781 44.763 99.2566 -0.97007 -0.00283808 0.24281
-111.588 37.6899 95.8311 -0.972862 -0.0125451 0.231045
-111.643 37.4038 95.5833 -0.973376 -0.0147962 0.228735
-111.695 37.8038 95.388 -0.973117 -0.0136786 0.229898
-111.192 -38.9886 95.6972 -0.978062 -0.000255262 0.208244
-111.155 -40.1504 95.8568 -0.976207 0.000972098 0.216797
-111.13 -41.6422 96.0041 -0.975887 0.0050507 0.218218
-111.12 -43.0478 96.1191 -0.976385 0.0183032 0.21526
-111.136 -44.1194 96.1357 -0.977043 0.0120926 0.2126
-111.247 -45.7858 95.5784 -0.9752 -0.0148464 0.220824
-111.492 -45.9607 94.5743 -0.972328 0.00429725 0.233552
-111.772 -45.9043 93.3955 -0.972538 0.00736775 0.23262
-112.081 -45.4307 92.1407 -0.969314 0.000795917 0.245824
-112.131 -44.0899 91.9373 -0.969064 0.00131613 0.246804
-112.094 -42.7805 92.0187 -0.970095 0.0155406 0.242229
-111.958 -41.8102 92.5005 -0.970015 0.0214941 0.242028
-111.638 -41.0218 93.7586 -0.974037 0.0196386 0.225536
-111.419 -40.3149 94.6668 -0.976819 0.00631001 0.213974
-111.255 -39.2045 95.4027 -0.977686 0.00358964 0.210021
-111.238 -39.0728 95.4797 -0.978366 0.00494011 0.206802
-111.343 -41.267 95.0448 -0.97432 0.00696248 0.225007
-111.585 -41.7638 94.0369 -0.973145 0.00684566 0.230089
-111.864 -42.6923 92.9346 -0.970064 0.0158316 0.242331
-111.929 -44.2584 92.736 -0.969668 0.00115455 0.244421
-111.607 -45.1373 94.0662 -0.972651 0.00783634 0.232132
-111.339 -44.6102 95.2116 -0.977106 0.00591766 0.212669
-111.281 -42.9551 95.3821 -0.975876 0.0132025 0.217851
-111.307 -42.0036 95.2301 -0.97541 0.00805767 0.220249
-111.443 -43.1936 94.6741 -0.974198 0.00710045 0.225516
-111.752 -43.6204 93.4353 -0.969649 0.00684822 0.244324
-111.538 -44.0918 94.3178 -0.971887 0.0075977 0.235306
-111.44 -43.3309 94.6952 -0.976863 0.0142473 0.213338
-111.439 -43.2896 94.6941 -0.975876 0.0132025 0.217851
