-114.348 44.0556 95.7389 -0.971499 -0.00465299 0.236999
-114.341 42.8384 95.7368 -0.971801 -0.00959954 0.235564
-114.334 43.8567 95.7906 -0.971308 -0.00573343 0.237756
-114.334 43.8893 95.7933 -0.971361 -0.00508976 0.237551
-114.552 43.9332 94.899 -0.97072 -0.0032255 0.240165
-114.542 45.0242 94.9617 -0.971538 -0.00719061 0.236761
-114.396 46.605 95.6309 -0.971861 -0.0107781 0.235306
-114.13 45.4551 96.6834 -0.972405 -0.0102068 0.233077
-114.118 44.3718 96.6909 -0.973295 -0.00404875 0.229515
-114.132 43.3619 96.6069 -0.971308 -0.00573343 0.237756
-114.151 42.2916 96.4997 -0.971833 -0.00967647 0.235433
-114.156 41.1829 96.424 -0.973411 -0.0111503 0.228765
-114.131 40.128 96.4804 -0.97442 -0.00971119 0.224519
-114.118 38.9759 96.4891 -0.974719 -0.00951001 0.223231
-114.103 37.8562 96.5055 -0.976456 -0.0119115 0.215383
-114.092 36.7758 96.4928 -0.976772 -0.0123249 0.213929
-114.086 35.7042 96.4595 -0.977172 -0.0161466 0.211791
-114.086 34.6845 96.3989 -0.979052 -0.0104421 0.203341
-114.072 33.6849 96.4144 -0.97937 -0.017445 0.201195
-114.033 32.4881 96.5397 -0.982363 -0.00903504 0.186764
-114.021 30.8043 96.5143 -0.982874 -0.0107969 0.18396
-114.023 29.7863 96.4412 -0.983208 -0.0135012 0.181955
-114.026 28.742 96.3647 -0.984243 -0.00857457 0.176613
-114.018 27.5663 96.3526 -0.984591 -0.0109683 0.174496
-113.971 26.4166 96.5629 -0.985842 -0.00789017 0.167493
-113.972 24.9859 96.4797 -0.985896 -0.0107883 0.167009
-113.934 23.6487 96.6477 -0.987182 -0.0103712 0.159263
-113.904 22.3459 96.7486 -0.987242 -0.00767239 0.159025
-113.898 20.7668 96.7207 -0.988077 -0.00970599 0.153646
-113.896 19.6018 96.66 -0.988898 -0.0062849 0.148461
-113.897 18.0662 96.5857 -0.988932 -0.00642105 0.14823
-113.886 17.0318 96.6309 -0.989458 -0.00574813 0.144679
-113.894 15.4048 96.4806 -0.98984 -0.00556223 0.142044
-113.878 14.0598 96.5311 -0.990538 -0.00669943 0.137076
-113.843 12.7778 96.7342 -0.990689 -0.00434817 0.136067
-113.848 11.5823 96.6329 -0.991102 -0.00771898 0.132877
-113.835 10.2046 96.6515 -0.991331 -0.00592485 0.131231
-113.88 9.00753 96.2674 -0.991597 -0.00582661 0.129225
-113.845 8.05615 96.4837 -0.991653 -0.00736956 0.128722
-113.818 6.40118 96.6188 -0.992148 -0.00633566 0.124907
-113.823 5.22509 96.5198 -0.992146 -0.00674138 0.124903
-113.802 4.1942 96.6465 -0.992531 -0.00402864 0.121928
-113.782 3.13369 96.777 -0.992557 -0.00476971 0.121683
-113.768 2.00831 96.8455 -0.992626 -0.00517038 0.121103
-113.765 0.94718 96.8186 -0.992655 -0.00514612 0.12087
-113.767 -0.193747 96.7489 -0.992831 -0.00574648 0.119391
-113.779 -1.23705 96.6046 -0.992846 -0.00534626 0.119284
-113.789 -2.26456 96.4764 -0.992953 -0.00532723 0.118386
-113.751 -3.71137 96.735 -0.99297 -0.00470796 0.11827
-113.759 -4.89557 96.6239 -0.992988 -0.00484392 0.118115
-113.744 -5.90435 96.7034 -0.993012 -0.00456721 0.117928
-113.738 -7.1336 96.7104 -0.993034 -0.00407818 0.117755
-113.736 -8.13392 96.689 -0.993052 -0.00444724 0.117594
-113.731 -9.27301 96.6936 -0.993038 -0.00396807 0.117724
-113.787 -10.8524 96.1672 -0.992912 -0.00353414 0.118797
-113.766 -12.249 96.3153 -0.992814 -0.00335728 0.119619
-113.746 -13.5183 96.4375 -0.99273 -0.00341724 0.120317
-113.728 -14.8841 96.5474 -0.992577 -0.00351051 0.12157
-113.722 -16.4415 96.5388 -0.992337 -0.00490741 0.123461
-113.729 -17.5161 96.4444 -0.992256 -0.00394039 0.124144
-113.737 -18.6357 96.3476 -0.992093 -0.00291459 0.125458
-113.695 -19.8797 96.6443 -0.991699 -0.00361855 0.128527
-113.676 -20.9577 96.7572 -0.991684 -0.00380973 0.128639
-113.67 -22.2886 96.7645 -0.991582 -0.00443202 0.129404
-113.689 -23.4948 96.5804 -0.991344 -0.00263502 0.131243
-113.686 -24.7784 96.5853 -0.990646 -0.00198437 0.136441
-113.668 -25.8039 96.7006 -0.990601 -0.00285261 0.13675
-113.672 -27.0959 96.6538 -0.990377 -0.00249273 0.138372
-113.66 -28.2127 96.7174 -0.98976 0.000116661 0.142738
-113.677 -29.278 96.61 -0.989299 -0.000847723 0.145854
-113.68 -30.8979 96.5581 -0.988446 -0.000738629 0.151546
-113.679 -32.3771 96.5865 -0.987939 0.00354818 0.154801
-113.662 -33.5172 96.7131 -0.987107 -0.000109917 0.160046
-113.748 -34.7001 96.1878 -0.985624 -0.000457953 0.168948
-113.725 -35.7219 96.3103 -0.984804 0.00337234 0.173541
-113.756 -37.036 96.1899 -0.98403 0.00588043 0.177908
-113.742 -38.5384 96.3092 -0.982964 0.00347942 0.183676
-113.705 -39.913 96.53 -0.983031 0.00141047 0.183375
-113.698 -40.9757 96.595 -0.982635 0.00351244 0.185514
-113.672 -42.2539 96.7268 -0.982143 -0.00238734 0.188116
-113.658 -43.4858 96.8085 -0.981294 0.00366311 0.19248
-113.657 -44.6107 96.8344 -0.981139 0.00226021 0.193289
-113.671 -45.7138 96.778 -0.981145 0.00182459 0.193266
-113.939 -46.6544 95.5108 -0.977425 0.00802886 0.211128
-114.181 -45.4883 94.3488 -0.976969 0.00841332 0.213207
-114.195 -44.1671 94.2692 -0.976619 0.00193601 0.214971
-114.192 -42.9859 94.2702 -0.977069 0.00800546 0.212683
-114.191 -41.7656 94.1779 -0.976842 0.019147 0.213105
-114.152 -40.5692 94.2578 -0.977028 0.0173711 0.212401
-114.071 -39.4236 94.6284 -0.981468 0.0057303 0.191539
-114.003 -38.4212 94.9538 -0.982399 0.00895846 0.186427
-113.938 -37.0363 95.1828 -0.983445 0.0108193 0.180792
-113.915 -35.8032 95.2547 -0.984454 0.00987339 0.17536
-113.902 -34.4379 95.264 -0.987539 0.00799236 0.157155
-113.823 -33.5679 95.7149 -0.987076 0.00713372 0.160096
-113.883 -32.615 95.2974 -0.987449 0.00699913 0.157779
-113.863 -31.1946 95.3893 -0.988597 0.00381345 0.150455
-113.844 -29.8812 95.4668 -0.989297 0.00416729 0.145841
-113.85 -28.268 95.402 -0.989581 0.00173299 0.143958
-113.847 -27.2711 95.4182 -0.990426 0.00100262 0.138042
-113.846 -25.8217 95.3999 -0.990653 0.00167008 0.136387
-113.874 -24.2564 95.2061 -0.990886 -0.000291021 0.134702
-113.857 -23.246 95.329 -0.991047 -0.000921317 0.133513
-113.832 -22.1604 95.5271 -0.991592 -0.00382239 0.129345
-113.821 -21.0852 95.6423 -0.991657 -0.00334446 0.128861
-113.802 -19.9723 95.8182 -0.99182 -0.00288844 0.127604
-113.86 -18.9932 95.3765 -0.992091 -0.00143408 0.125511
-113.871 -17.9039 95.2952 -0.99221 -0.00238446 0.124546
-113.872 -16.867 95.3229 -0.992297 -0.00385498 0.123822
-113.868 -15.8555 95.3659 -0.99263 -0.0016183 0.121158
-113.866 -14.4877 95.4198 -0.992733 -0.00322663 0.120296
-113.872 -13.1433 95.4104 -0.992766 -0.00335587 0.120017
-113.889 -11.7497 95.3037 -0.992825 -0.00255797 0.119548
-113.895 -10.7381 95.2696 -0.99285 -0.00247352 0.119341
-113.904 -9.39273 95.2352 -0.992969 -0.00365617 0.118315
-113.913 -8.37972 95.1854 -0.99304 -0.00384888 0.117714
-113.902 -6.7867 95.3373 -0.993068 -0.00442713 0.117456
-113.913 -5.20194 95.315 -0.993022 -0.00493321 0.11783
-113.896 -3.54143 95.5248 -0.992998 -0.0048533 0.118033
-113.925 -2.52449 95.3234 -0.992957 -0.00532653 0.11835
-113.921 -0.801108 95.4381 -0.992897 -0.00563441 0.118842
-113.905 0.333925 95.6336 -0.992795 -0.00636021 0.119656
-113.907 1.56867 95.6873 -0.992704 -0.0059167 0.120427
-113.926 2.6935 95.5756 -0.992608 -0.0054969 0.121238
-113.951 3.81217 95.422 -0.992555 -0.00473569 0.121699
-113.974 4.81956 95.2914 -0.992171 -0.00722354 0.124681
-113.967 6.58001 95.4456 -0.991991 -0.00741968 0.126085
-113.978 7.77807 95.4365 -0.991827 -0.00780558 0.127349
-113.998 8.93065 95.3523 -0.991674 -0.00888604 0.12846
-113.962 10.1077 95.6984 -0.991101 -0.00757785 0.132892
-113.993 11.1628 95.5265 -0.991092 -0.00760865 0.132963
-114.007 12.4095 95.4992 -0.991033 -0.0082591 0.133361
-114.045 13.5469 95.2982 -0.990472 -0.00996109 0.137351
-114.034 14.5575 95.4443 -0.990051 -0.00817823 0.140474
-114.047 15.7195 95.4219 -0.99003 -0.00897214 0.140567
-114.043 16.7217 95.5172 -0.989868 -0.0102269 0.14161
-114.066 17.808 95.4311 -0.989563 -0.00717206 0.143924
-114.09 18.8418 95.3211 -0.988959 -0.0117246 0.147615
-114.082 20.1842 95.4883 -0.988293 -0.0116557 0.152124
-114.106 21.411 95.4193 -0.987881 -0.00987731 0.154888
-114.105 22.4189 95.4905 -0.987626 -0.0101434 0.156498
-114.102 23.4388 95.5869 -0.987559 -0.0114088 0.156832
-114.163 24.878 95.3374 -0.986342 -0.0117744 0.164289
-114.182 25.9378 95.3118 -0.985721 -0.0129879 0.167822
-114.204 27.1542 95.2599 -0.985028 -0.0117624 0.171985
-114.248 28.6387 95.1256 -0.98456 -0.0111391 0.174657
-114.256 29.7326 95.1629 -0.983583 -0.0162384 0.179725
-114.266 30.8133 95.2018 -0.98324 -0.0133088 0.181797
-114.274 31.9968 95.2421 -0.982673 -0.0125122 0.184922
-114.315 33.2245 95.1649 -0.979647 -0.0250917 0.199151
-114.357 34.3222 95.0758 -0.979587 -0.0156005 0.200325
-114.382 35.6721 95.0765 -0.977516 -0.020609 0.209851
-114.449 37.6587 94.9185 -0.976497 -0.0128634 0.215145
-114.474 38.7526 94.8769 -0.976236 -0.0125351 0.216341
-114.503 39.8458 94.852 -0.973901 -0.0219113 0.225911
-114.528 41.008 94.8583 -0.973243 -0.0166741 0.229092
-114.549 42.4036 94.8461 -0.972392 -0.0131702 0.232979
-114.561 43.2853 94.86 -0.969692 -0.0095421 0.244031
-114.76 43.2196 94.0638 -0.96948 -0.0112259 0.24482
-114.741 42.0043 94.0532 -0.97026 -0.017996 0.241377
-114.71 40.7553 94.0639 -0.971662 -0.0239603 0.235114
-114.682 39.3826 94.0567 -0.972496 -0.0210315 0.231966
-114.654 38.1557 94.0605 -0.973264 -0.0169547 0.229007
-114.637 37.1032 94.0779 -0.975542 -0.0218886 0.218504
-114.567 35.8431 94.2368 -0.977183 -0.0223437 0.211217
-114.529 34.3441 94.2539 -0.978008 -0.020773 0.207507
-114.475 33.0133 94.3457 -0.979974 -0.0262268 0.19739
-114.446 31.7531 94.3562 -0.980532 -0.0170986 0.195612
-114.421 30.6857 94.3574 -0.982506 -0.0201376 0.185087
-114.402 29.3673 94.3401 -0.983335 -0.0189238 0.18079
-114.376 28.1895 94.3628 -0.984235 -0.0148353 0.176242
-114.35 26.9629 94.4078 -0.984749 -0.0166024 0.173156
-114.32 25.7611 94.4723 -0.986 -0.0163845 0.16594
-114.282 24.2966 94.5608 -0.98682 -0.0183355 0.16078
-114.25 23.2209 94.6335 -0.987238 -0.0151142 0.158479
-114.243 22.0093 94.5902 -0.988094 -0.0125047 0.153342
-114.226 20.4553 94.5698 -0.988203 -0.0121338 0.152664
-114.22 19.2428 94.5083 -0.988384 -0.0163234 0.151097
-114.2 18.2055 94.5267 -0.988983 -0.0119343 0.147433
-114.185 17.1219 94.5657 -0.989689 -0.0115203 0.142767
-114.175 15.7766 94.5267 -0.989857 -0.0101041 0.141696
-114.167 14.4255 94.4907 -0.990432 -0.010506 0.137601
-114.154 13.3833 94.5008 -0.990467 -0.00996415 0.137385
-114.133 12.3696 94.5864 -0.990482 -0.00937389 0.137325
-114.115 11.362 94.6304 -0.991077 -0.0116772 0.132771
-114.109 9.8541 94.5707 -0.99146 -0.00828909 0.130146
-114.102 8.66092 94.531 -0.991531 -0.0100839 0.129481
-114.09 6.9588 94.5119 -0.991954 -0.00889593 0.126286
-114.085 5.72332 94.4638 -0.992132 -0.00776243 0.124957
-114.076 4.54746 94.4661 -0.992191 -0.0073209 0.124514
-114.055 3.41973 94.5544 -0.992448 -0.00715346 0.122436
-114.04 2.29911 94.6311 -0.992625 -0.00558216 0.121093
-114.031 1.2118 94.6449 -0.99269 -0.00663022 0.120511
-114.027 0.175307 94.6207 -0.992691 -0.00665627 0.120498
-114.028 -1.14713 94.5346 -0.992869 -0.00607299 0.119056
-114.023 -2.38127 94.5076 -0.992879 -0.00614402 0.118971
-114.012 -3.46523 94.5527 -0.992972 -0.00513107 0.118237
-114.008 -4.51053 94.5418 -0.993026 -0.0049789 0.117787
-114.007 -5.95333 94.4797 -0.993062 -0.00513584 0.117475
-114.008 -7.55743 94.4186 -0.99307 -0.00411156 0.117452
-114.006 -8.7676 94.3969 -0.992953 -0.0033759 0.118457
-113.997 -9.84901 94.4395 -0.992893 -0.00282334 0.118977
-113.99 -10.8631 94.4778 -0.992842 -0.00222037 0.119414
-113.984 -12.1058 94.5043 -0.992811 -0.00239144 0.119669
-113.979 -13.5791 94.5095 -0.992753 -0.00320137 0.12013
-113.978 -14.8844 94.4844 -0.992734 -0.00323661 0.120287
-113.978 -16.4338 94.4719 -0.992537 5.89274e-05 0.121944
-113.974 -17.4779 94.4844 -0.992206 -0.00242686 0.124577
-113.965 -18.5214 94.5489 -0.992123 -0.000970186 0.125264
-113.949 -19.5817 94.6642 -0.992051 -0.000882842 0.125828
-113.945 -20.591 94.694 -0.991906 -0.0018664 0.12695
-113.952 -21.6467 94.6104 -0.99151 -0.000227065 0.129988
-113.963 -22.6632 94.5506 -0.991278 0.00278627 0.131759
-113.971 -23.7153 94.4829 -0.99083 0.000636122 0.135109
-113.975 -24.7422 94.4637 -0.990785 0.000434106 0.135445
-113.967 -25.7774 94.5239 -0.990561 0.00321261 0.137038
-113.97 -27.6134 94.5346 -0.990146 0.0036225 0.139956
-113.981 -28.6516 94.5072 -0.989882 0.00620332 0.141755
-113.983 -29.6836 94.5208 -0.989311 0.00418488 0.145747
-113.994 -30.8427 94.4991 -0.988291 0.00972987 0.15227
-114.01 -32.4805 94.4934 -0.988196 0.00888835 0.152936
-114.014 -33.4871 94.5179 -0.987834 0.00696148 0.155358
-114.048 -34.944 94.4118 -0.986055 0.0169593 0.165553
-114.071 -36.1905 94.3787 -0.985642 0.0113169 0.168464
-114.114 -37.4425 94.2879 -0.981692 0.0154994 0.189841
-114.209 -38.8673 93.9409 -0.97948 0.0132648 0.200838
-114.297 -39.982 93.545 -0.978702 0.00481513 0.205229
-114.346 -41.1375 93.4106 -0.976705 0.0180986 0.213819
-114.367 -42.3009 93.4127 -0.977588 0.0137471 0.210077
-114.377 -43.4088 93.4379 -0.976883 0.00796688 0.213516
-114.376 -44.4671 93.4528 -0.975279 0.00681613 0.220766
-114.376 -45.4806 93.5044 -0.974347 0.00618164 0.224905
-114.332 -46.961 93.7229 -0.975976 0.00876967 0.217684
-114.136 -47.421 94.6335 -0.976946 0.00824887 0.213316
-113.917 -47.5352 95.6429 -0.977147 0.00655435 0.212463
-113.56 -47.1911 97.3429 -0.980645 0.00207087 0.195762
-113.504 -45.9411 97.6243 -0.981095 0.000811441 0.193519
-113.495 -44.8193 97.6594 -0.981194 0.00226614 0.193011
-113.498 -43.7613 97.631 -0.981261 0.00291772 0.19266
-113.506 -42.6634 97.5785 -0.981877 -0.00337983 0.189491
-113.525 -41.4065 97.5042 -0.982116 -0.00237148 0.188257
-113.538 -40.0399 97.4383 -0.983523 -0.00235198 0.180769
-113.564 -38.3225 97.2885 -0.983986 0.0039467 0.178202
-113.58 -37.1411 97.187 -0.985119 0.00652379 0.17175
-113.57 -35.4757 97.2475 -0.98657 -0.00553963 0.163204
-113.545 -34.3361 97.421 -0.986932 -0.00277413 0.161116
-113.532 -33.2442 97.5131 -0.9869 -0.002419 0.161313
-113.535 -32.2349 97.485 -0.987261 0.00224129 0.159093
-113.54 -31.2226 97.4848 -0.988503 -0.00390617 0.151118
-113.545 -30.0604 97.4753 -0.989091 -0.00357407 0.147256
-113.54 -28.4301 97.5421 -0.989708 -0.00479663 0.143022
-113.549 -27.4049 97.5256 -0.990246 -0.00592828 0.139166
-113.549 -25.7467 97.5651 -0.990561 -0.00372957 0.13702
-113.562 -24.4799 97.4901 -0.990944 -0.00439757 0.13417
-113.571 -23.4669 97.4779 -0.991304 -0.00556737 0.131472
-113.563 -22.4423 97.5762 -0.991354 -0.00480952 0.131128
-113.568 -21.3707 97.5785 -0.991557 -0.00580028 0.129545
-113.583 -20.2182 97.5081 -0.991793 -0.00437233 0.12778
-113.603 -19.1619 97.3853 -0.991957 -0.00501066 0.12647
-113.611 -17.521 97.3917 -0.992242 -0.00429168 0.124249
-113.612 -16.3608 97.4312 -0.992398 -0.00589438 0.122928
-113.624 -14.7624 97.3945 -0.992588 -0.00421232 0.121453
-113.639 -13.5387 97.3255 -0.992674 -0.00413825 0.120751
-113.65 -12.1654 97.2743 -0.992769 -0.00418508 0.119965
-113.645 -10.4347 97.3792 -0.992953 -0.00432816 0.118428
-113.631 -8.91114 97.5483 -0.993025 -0.00454538 0.117817
-113.634 -7.60171 97.5713 -0.993047 -0.00422078 0.117643
-113.642 -6.16968 97.5591 -0.993092 -0.00428219 0.117261
-113.651 -4.91487 97.5288 -0.99297 -0.00472709 0.118274
-113.653 -3.40854 97.5686 -0.992935 -0.00445658 0.118576
-113.665 -2.07481 97.5147 -0.9929 -0.00417997 0.118881
-113.669 -1.06784 97.5318 -0.992864 -0.00527761 0.119135
-113.667 0.810588 97.6245 -0.992723 -0.00500471 0.120317
-113.671 1.92798 97.636 -0.992681 -0.00491884 0.120669
-113.682 3.51677 97.5963 -0.992476 -0.00370294 0.122384
-113.696 4.67338 97.5244 -0.992413 -0.00376313 0.122889
-113.703 5.81655 97.5022 -0.992424 -0.00400752 0.122794
-113.711 6.83833 97.4913 -0.992104 -0.00502482 0.125314
-113.727 8.31164 97.407 -0.991861 -0.00572212 0.127182
-113.729 9.50104 97.4394 -0.991569 -0.00413199 0.129515
-113.724 11.0375 97.5286 -0.991324 -0.00581521 0.131295
-113.726 12.1469 97.5749 -0.991022 -0.0052678 0.133576
-113.737 13.3631 97.5224 -0.990759 -0.00440933 0.135554
-113.759 14.4419 97.4089 -0.99031 -0.00463474 0.138774
-113.764 15.6592 97.3995 -0.990063 -0.0027751 0.140599
-113.764 16.7084 97.4503 -0.989501 -0.00548064 0.14439
-113.762 17.7617 97.4836 -0.989315 -0.00300527 0.14576
-113.764 18.7809 97.503 -0.988908 -0.0062387 0.1484
-113.762 19.8386 97.5599 -0.988695 -0.00593475 0.149814
-113.763 21.0475 97.5786 -0.987748 -0.0028168 0.155969
-113.768 22.1111 97.5888 -0.987646 -0.00652303 0.156563
-113.785 23.3517 97.5466 -0.98706 -0.00858344 0.160116
-113.804 24.372 97.483 -0.987025 -0.00425377 0.160508
-113.814 25.4735 97.4418 -0.986467 -0.00689146 0.163735
-113.833 26.9384 97.3891 -0.985151 -0.00536634 0.171607
-113.842 27.9799 97.3552 -0.984651 -0.0055571 0.174413
-113.854 29.0127 97.3388 -0.984295 -0.0085076 0.176329
-113.849 30.0599 97.3767 -0.982977 -0.00608193 0.183547
-113.855 31.0887 97.4054 -0.982473 -0.0109208 0.186085
-113.862 32.1026 97.4021 -0.981492 -0.00654945 0.191373
-113.875 33.1144 97.3779 -0.981206 -0.00852066 0.192775
-113.881 34.1613 97.3682 -0.980182 -0.00704546 0.197915
-113.89 35.2251 97.3793 -0.979522 -0.010394 0.201068
-113.89 36.2944 97.3836 -0.977634 -0.00612559 0.21009
-113.903 37.409 97.3889 -0.976625 -0.0121728 0.214603
-113.908 38.4927 97.391 -0.975905 -0.00468029 0.218146
-113.916 39.5592 97.395 -0.974867 -0.00843008 0.222624
-113.929 40.6109 97.3818 -0.974568 -0.00861432 0.223927
-113.941 41.67 97.3777 -0.973915 -0.00854729 0.226734
-113.935 42.7099 97.4323 -0.973552 -0.00572324 0.228395
-113.923 43.7848 97.5076 -0.973553 -0.00547132 0.228395
-113.913 44.812 97.5589 -0.972689 -0.00616571 0.231995
-113.945 46.8646 97.494 -0.971773 -0.00572588 0.235848
-114.134 47.5031 96.7189 -0.971922 -0.00104636 0.235294
-114.54 47.5415 95.0814 -0.969913 -0.00565234 0.243384
-114.697 46.7682 94.4298 -0.970057 -0.0149705 0.242416
-114.729 45.5813 94.2326 -0.967954 -0.00907276 0.250777
-114.748 44.1287 94.1271 -0.969293 -0.00244652 0.245892
-114.755 43.6435 94.0927 -0.969493 -0.00411209 0.245082
-114.95 44.1002 93.3627 -0.964952 -0.0117185 0.262159
-114.95 45.3153 93.4027 -0.96541 -0.00417588 0.2607
-114.93 46.8081 93.5031 -0.96791 -0.0091744 0.250915
-114.898 47.8218 93.6665 -0.967712 -0.00851571 0.251904
-114.691 48.42 94.4977 -0.969836 -0.00509065 0.243706
-114.437 48.5011 95.5111 -0.969829 -0.00404329 0.243752
-114.188 48.4642 96.5022 -0.970733 -0.00428486 0.240094
-113.911 48.371 97.6541 -0.972775 -0.00378872 0.23172
-113.743 47.4039 98.3399 -0.972395 -0.00525193 0.233269
-113.712 46.0012 98.4393 -0.972681 -0.00557855 0.23208
-113.714 44.0917 98.3926 -0.972988 -0.00236083 0.230844
-113.722 43.0514 98.3472 -0.97329 -0.00389715 0.22954
-113.725 42.0424 98.3095 -0.974362 -0.00541858 0.224923
-113.716 40.4525 98.3008 -0.974456 -0.00819403 0.22443
-113.709 39.3578 98.2918 -0.974981 -0.00456119 0.222213
-113.706 38.1948 98.2855 -0.975718 -0.00459586 0.218982
-113.701 37.0234 98.2846 -0.976707 0.00124821 0.214442
-113.699 35.924 98.2921 -0.978441 8.01438e-05 0.206528
-113.699 34.845 98.2951 -0.97915 -0.00512561 0.202995
-113.697 33.7977 98.287 -0.980684 -0.00312756 0.195575
-113.693 32.7673 98.2878 -0.980952 -0.0058519 0.194135
-113.686 31.7302 98.3019 -0.981787 -0.00438018 0.189935
-113.68 30.6849 98.3071 -0.982125 -0.00769241 0.188035
-113.681 29.6487 98.2934 -0.983569 -0.00130242 0.180525
-113.681 28.6304 98.2865 -0.983911 -0.00481562 0.178544
-113.676 27.5731 98.293 -0.984929 -0.00300133 0.172932
-113.668 26.5341 98.322 -0.984865 0.00013173 0.173259
-113.658 25.4553 98.3696 -0.985947 -0.00142774 0.167053
-113.656 24.0575 98.3762 -0.986033 0.000516486 0.166544
-113.64 22.8835 98.4275 -0.987233 -0.00746514 0.159107
-113.623 21.8256 98.4858 -0.987626 -0.00169982 0.156724
-113.627 20.568 98.4676 -0.988586 -0.00125277 0.150654
-113.623 19.4218 98.4594 -0.988558 -0.00519309 0.150754
-113.634 17.6901 98.3491 -0.989144 -0.00285064 0.146919
-113.641 16.4395 98.2831 -0.98923 -0.00271766 0.146344
-113.639 15.1795 98.2731 -0.990459 -0.00229789 0.137786
-113.63 14.1244 98.319 -0.990464 -0.00224147 0.13775
-113.614 12.9989 98.4161 -0.990506 -0.00274267 0.13744
-113.605 11.9447 98.459 -0.990634 -0.00157672 0.136525
-113.61 10.5164 98.3762 -0.991378 -0.00321329 0.130989
-113.608 9.2426 98.3571 -0.991508 -0.00387899 0.129986
-113.605 7.81052 98.348 -0.991712 -0.00298732 0.128445
-113.598 6.79394 98.3753 -0.99188 -0.00206996 0.127153
-113.592 5.52308 98.3884 -0.992122 -0.00372936 0.125217
-113.584 4.2856 98.4126 -0.992416 -0.00386503 0.122867
-113.577 3.12676 98.4405 -0.992456 -0.00327654 0.122559
-113.573 2.06433 98.446 -0.992543 -0.00262626 0.121864
-113.566 0.910579 98.4596 -0.992783 -0.00465453 0.119833
-113.561 -0.217909 98.4581 -0.992808 -0.00449054 0.119635
-113.559 -1.79251 98.4135 -0.992841 -0.0051265 0.119329
-113.551 -2.8174 98.4476 -0.993045 -0.00393248 0.117666
-113.546 -4.52695 98.4311 -0.993094 -0.00397914 0.117253
-113.542 -5.6988 98.4237 -0.993134 -0.00437864 0.116898
-113.529 -7.57965 98.4583 -0.993092 -0.00424106 0.117259
-113.525 -8.75666 98.4484 -0.993005 -0.00469316 0.117983
-113.532 -10.6528 98.32 -0.992979 -0.00442862 0.118205
-113.531 -12.0483 98.2686 -0.992871 -0.00459277 0.119103
-113.53 -13.2261 98.2305 -0.992752 -0.005347 0.12006
-113.513 -14.9642 98.2941 -0.992594 -0.00576691 0.121341
-113.494 -16.3605 98.3848 -0.99244 -0.00586595 0.122591
-113.492 -17.4318 98.3402 -0.992158 -0.00756451 0.124759
-113.479 -18.4317 98.3833 -0.992163 -0.00675722 0.124767
-113.474 -19.9419 98.3615 -0.991708 -0.00495647 0.128411
-113.457 -21.4466 98.4217 -0.991568 -0.00626249 0.129435
-113.45 -22.9192 98.4128 -0.991452 -0.00545892 0.130354
-113.445 -24.0946 98.3874 -0.991246 -0.00663289 0.131858
-113.432 -25.2752 98.4198 -0.990424 -0.00724076 0.137813
-113.418 -26.4023 98.4841 -0.990122 -0.00396964 0.140156
-113.416 -27.5609 98.4452 -0.989958 -0.00846563 0.141106
-113.406 -28.6109 98.459 -0.989601 -0.00648299 0.143688
-113.413 -29.6944 98.3686 -0.98901 -0.0073687 0.147663
-113.404 -30.6941 98.3903 -0.988607 -0.00804177 0.150298
-113.398 -31.7049 98.3784 -0.988505 -0.00725225 0.151016
-113.39 -32.7959 98.3894 -0.988157 -0.00825859 0.153205
-113.39 -33.8635 98.372 -0.986808 -0.00282787 0.161868
-113.402 -35.0955 98.2668 -0.986429 -0.00843047 0.163967
-113.41 -36.557 98.1439 -0.985691 -0.00136694 0.168353
-113.405 -37.6383 98.1789 -0.984504 -0.000392087 0.175362
-113.387 -38.6604 98.2821 -0.98461 -0.00536548 0.174575
-113.375 -39.991 98.3189 -0.983158 -0.00275695 0.182737
-113.367 -41.152 98.3377 -0.982637 -0.00564772 0.185449
-113.352 -42.1818 98.389 -0.982564 -0.00437683 0.185874
-113.34 -43.2275 98.4282 -0.982217 -0.00387103 0.187699
-113.334 -44.3922 98.4733 -0.981167 0.00228627 0.193146
-113.335 -45.4797 98.4792 -0.981102 0.00153024 0.193484
-113.342 -46.6414 98.4455 -0.981208 -0.000396606 0.192951
-113.375 -47.8358 98.2736 -0.981228 -0.000154574 0.19285
-113.556 -48.3665 97.3794 -0.98023 -0.000163814 0.19784
-113.769 -48.4103 96.3531 -0.977359 0.00366523 0.211539
-114.09 -48.3635 94.8627 -0.976574 0.00234863 0.215125
-114.363 -48.3245 93.6258 -0.976788 0.00615605 0.214118
-114.528 -47.7031 92.8595 -0.976513 0.0048721 0.215396
-114.563 -46.7033 92.7015 -0.972554 0.00272789 0.232662
-114.563 -45.6683 92.7003 -0.974011 0.00447451 0.226378
-114.559 -43.9377 92.632 -0.972955 0.0102565 0.230692
-114.547 -42.7679 92.6273 -0.970566 0.0126265 0.2405
-114.533 -41.6586 92.6165 -0.97124 0.0192493 0.237249
-114.509 -40.5324 92.6283 -0.973174 0.0175558 0.229399
-114.46 -39.5075 92.7635 -0.977474 0.0107724 0.210647
-114.338 -38.307 93.2365 -0.979963 0.024478 0.197656
-114.266 -37.299 93.4928 -0.981978 0.0247246 0.187184
-114.208 -35.7648 93.5395 -0.984186 0.0213641 0.175426
-114.185 -34.6875 93.5647 -0.986239 0.0181681 0.164324
-114.164 -33.6107 93.5873 -0.986734 0.0177204 0.161357
-114.146 -32.4504 93.6119 -0.988152 0.00902332 0.153215
-114.126 -30.8919 93.6426 -0.988283 0.00983928 0.152314
-114.112 -29.6542 93.6505 -0.989004 0.0118929 0.147404
-114.101 -28.3734 93.6553 -0.989872 0.00632815 0.141823
-114.092 -27.2288 93.6699 -0.989972 0.0073533 0.141065
-114.089 -26.194 93.6584 -0.990555 0.00324879 0.137075
-114.093 -24.9926 93.5998 -0.990638 0.00186946 0.136493
-114.085 -23.307 93.6508 -0.990996 0.00345102 0.133803
-114.077 -22.2591 93.6802 -0.991457 0.00280933 0.130401
-114.069 -21.1816 93.7178 -0.991518 0.00346372 0.129922
-114.063 -20.1346 93.7639 -0.991885 -4.26759e-05 0.127142
-114.066 -19.1232 93.7464 -0.99211 0.000339013 0.125359
-114.081 -17.3397 93.64 -0.992297 0.000283216 0.123873
-114.082 -16.2977 93.6246 -0.992509 8.4759e-05 0.122169
-114.084 -15.2513 93.6095 -0.992543 -5.37623e-05 0.121896
-114.086 -14.0589 93.6184 -0.992821 -0.00277932 0.119576
-114.084 -12.4527 93.6682 -0.992855 -0.00238996 0.119303
-114.087 -11.319 93.6644 -0.992962 -0.00167768 0.118416
-114.092 -10.3079 93.638 -0.993 -0.00218692 0.11809
-114.1 -9.21894 93.595 -0.993016 -0.0028192 0.117947
-114.11 -8.12194 93.5371 -0.993061 -0.00328628 0.117551
-114.108 -6.72406 93.5966 -0.993035 -0.00402102 0.117749
-114.109 -5.66671 93.6342 -0.993081 -0.00506132 0.11732
-114.116 -4.02217 93.6503 -0.992994 -0.00570049 0.118022
-114.127 -3.0058 93.6052 -0.992921 -0.00579928 0.118632
-114.132 -1.56002 93.6439 -0.992859 -0.00636588 0.119126
-114.141 -0.294578 93.6394 -0.992808 -0.00764801 0.119472
-114.144 0.705247 93.678 -0.992759 -0.00732418 0.119896
-114.147 1.71298 93.7108 -0.992728 -0.00672218 0.120194
-114.157 2.76194 93.6909 -0.992662 -0.00607281 0.120769
-114.175 3.84259 93.6203 -0.992296 -0.00888241 0.123572
-114.188 5.01914 93.5949 -0.992179 -0.008216 0.124545
-114.194 6.14596 93.6267 -0.992057 -0.00851827 0.1255
-114.205 7.18473 93.6148 -0.992056 -0.00937007 0.125449
-114.219 8.57715 93.6342 -0.99158 -0.0102441 0.129092
-114.225 9.73391 93.6765 -0.991424 -0.0119586 0.130122
-114.235 10.9654 93.7031 -0.991081 -0.0105564 0.132844
-114.254 12.1398 93.6676 -0.991022 -0.0128667 0.133078
-114.274 13.2137 93.6275 -0.990351 -0.012458 0.138008
-114.294 14.6729 93.5959 -0.990172 -0.0109829 0.139422
-114.311 15.9467 93.6031 -0.989668 -0.0132863 0.142739
-114.309 16.9464 93.6898 -0.989479 -0.0113814 0.14423
-114.341 18.5852 93.6386 -0.988973 -0.0172018 0.147096
-114.36 19.6446 93.6384 -0.988666 -0.0161463 0.149236
-114.367 20.6769 93.6811 -0.988033 -0.0132449 0.153668
-114.377 21.9563 93.722 -0.987747 -0.0132426 0.155494
-114.396 23.143 93.7325 -0.986725 -0.0207153 0.161054
-114.424 24.2414 93.6925 -0.986375 -0.0190133 0.163407
-114.468 25.5761 93.5868 -0.985758 -0.019352 0.167014
-114.493 26.6317 93.5501 -0.985277 -0.0176335 0.17005
-114.513 27.7997 93.5646 -0.984695 -0.0181803 0.173294
-114.542 28.9705 93.5204 -0.983799 -0.0214477 0.177986
-114.569 30.1586 93.5126 -0.983384 -0.0190431 0.180506
-114.594 31.2727 93.5269 -0.982134 -0.0245057 0.186581
-114.619 32.2999 93.5257 -0.981577 -0.0312973 0.188326
-114.659 33.3024 93.4772 -0.979106 -0.0280194 0.201411
-114.706 34.7243 93.449 -0.979053 -0.0283972 0.201617
-114.749 35.9843 93.4037 -0.976329 -0.0311394 0.213829
-114.832 37.3318 93.2295 -0.973459 -0.0315322 0.226608
-114.855 38.4656 93.2474 -0.97261 -0.021759 0.23142
-114.887 39.8418 93.2377 -0.971124 -0.0254458 0.23712
-114.913 41.1517 93.285 -0.969766 -0.0257577 0.242675
-114.941 42.2147 93.2679 -0.970171 -0.0206168 0.241542
-114.957 43.2992 93.2966 -0.966306 -0.0172873 0.256726
-115.178 43.0689 92.4267 -0.967255 -0.0227809 0.252776
-115.201 44.3323 92.4532 -0.965269 -0.0165233 0.260568
-115.201 45.3483 92.4795 -0.965051 -0.00303361 0.262045
-115.162 46.5224 92.6351 -0.96535 -0.00305515 0.260939
-115.157 47.918 92.6738 -0.966538 -0.00519188 0.256436
-115.076 49.1069 93.0151 -0.967372 0.002746 0.253343
-114.716 49.3208 94.411 -0.969781 -0.0030787 0.243958
-114.287 49.3858 96.1186 -0.970654 -0.00460655 0.240405
-114.033 49.3997 97.1624 -0.971527 -0.00589375 0.236855
-113.671 49.134 98.6797 -0.973439 -0.00359502 0.228908
-113.533 48.2564 99.2446 -0.973101 -0.00575112 0.230305
-113.509 47.1607 99.3179 -0.972962 -0.00616698 0.230881
-113.501 46.1273 99.3229 -0.972939 -0.00613281 0.23098
-113.503 44.2637 99.2814 -0.973136 -0.00303831 0.230211
-113.497 43.2513 99.2965 -0.972953 -0.000598751 0.230996
-113.495 42.1157 99.3058 -0.973801 -0.00221005 0.227349
-113.474 40.9143 99.368 -0.974438 -0.00705722 0.224545
-113.477 39.7825 99.3235 -0.975439 -0.00175992 0.220264
-113.48 38.685 99.3045 -0.97558 -0.00317514 0.219616
-113.485 37.6085 99.2676 -0.977644 0.00738074 0.210137
-113.497 36.5309 99.2518 -0.978117 0.00397174 0.207978
-113.5 35.4205 99.2397 -0.978695 0.00159456 0.205314
-113.503 34.396 99.2313 -0.978695 0.00159153 0.205312
-113.499 33.3011 99.2402 -0.979797 0.00152083 0.199927
-113.505 32.2643 99.2398 -0.98031 0.00573068 0.197381
-113.499 31.229 99.2514 -0.982022 -0.00029089 0.188706
-113.503 30.1876 99.2508 -0.982526 0.00372075 0.186087
-113.501 29.1856 99.2548 -0.983372 0.00131105 0.181572
-113.506 28.1564 99.2515 -0.98391 0.00101591 0.178635
-113.507 26.8266 99.2439 -0.985151 0.00402977 0.171638
-113.499 25.5111 99.3078 -0.985989 7.98408e-06 0.16681
-113.502 24.3679 99.2883 -0.986176 0.00160718 0.165696
-113.493 23.1887 99.3514 -0.986702 -0.00283169 0.162418
-113.48 22.0483 99.403 -0.988071 0.00280128 0.153972
-113.494 20.3067 99.3372 -0.988266 -0.000148309 0.152725
-113.496 18.877 99.2978 -0.988956 -0.00125054 0.148204
-113.495 17.1633 99.2804 -0.989396 -0.000161935 0.145209
-113.511 15.8072 99.1898 -0.989801 0.0025947 0.142432
-113.489 14.5662 99.3388 -0.990464 -0.00222693 0.137753
-113.479 13.0858 99.392 -0.990585 -0.00214142 0.13688
-113.485 11.8219 99.3375 -0.990719 -0.000183305 0.135922
-113.472 10.5742 99.4201 -0.991134 -0.00158115 0.132848
-113.493 9.42981 99.2498 -0.991495 -0.00141729 0.130123
-113.469 8.34566 99.411 -0.991706 -0.00301705 0.128492
-113.477 6.58802 99.3296 -0.992025 -0.000834914 0.126038
-113.474 5.2895 99.3154 -0.992256 -0.00283304 0.124169
-113.471 4.04014 99.3211 -0.992413 -0.00201637 0.12293
-113.463 2.89844 99.3559 -0.992558 -0.00258614 0.121739
-113.464 1.68443 99.3322 -0.992633 -0.00201945 0.121141
-113.453 0.597172 99.3802 -0.992803 -0.00411708 0.119686
-113.459 -1.07209 99.2738 -0.992886 -0.00437002 0.118989
-113.435 -2.5443 99.4333 -0.992975 -0.0034737 0.118273
-113.419 -3.60643 99.5353 -0.993049 -0.00380385 0.117643
-113.446 -4.65415 99.2708 -0.993052 -0.00371359 0.117619
-113.426 -5.64128 99.4063 -0.992929 -0.00386433 0.118648
-113.425 -7.21776 99.356 -0.993058 -0.00470238 0.117529
-113.425 -8.22995 99.3178 -0.993064 -0.00470666 0.117479
-113.394 -9.94298 99.4994 -0.992929 -0.00548476 0.118584
-113.423 -10.9031 99.2154 -0.992872 -0.00499874 0.119084
-113.387 -11.9301 99.4687 -0.992866 -0.00481444 0.119135
-113.399 -13.334 99.305 -0.992779 -0.0058149 0.119813
-113.393 -14.4286 99.3062 -0.992648 -0.00656008 0.120854
-113.395 -15.6106 99.2184 -0.992454 -0.00650493 0.122442
-113.351 -16.673 99.512 -0.992205 -0.00772776 0.124373
-113.361 -18.531 99.3168 -0.992068 -0.00740767 0.125482
-113.36 -19.5818 99.262 -0.99193 -0.00717559 0.126579
-113.347 -20.8243 99.2982 -0.991661 -0.00711565 0.128677
-113.336 -21.9084 99.3215 -0.991579 -0.00711504 0.129304
-113.328 -23.7158 99.276 -0.99104 -0.00796873 0.133323
-113.308 -24.8975 99.3555 -0.990706 -0.0103267 0.135627
-113.287 -26.0527 99.4219 -0.990393 -0.00721719 0.13804
-113.295 -27.4139 99.3036 -0.989877 -0.00872433 0.141661
-113.251 -28.6795 99.5231 -0.989495 -0.00972637 0.14424
-113.282 -29.6838 99.2434 -0.98901 -0.0073687 0.147663
-113.253 -31.1699 99.3628 -0.988815 -0.00953467 0.148838
-113.254 -32.2919 99.296 -0.988359 -0.00898596 0.151861
-113.237 -33.4807 99.3215 -0.98815 -0.0105172 0.15313
-113.226 -34.6502 99.3582 -0.986691 -0.00712553 0.162396
-113.236 -35.8043 99.2313 -0.986357 -0.00963264 0.16434
-113.245 -36.9739 99.1041 -0.985764 -0.00504433 0.167957
-113.222 -38.0251 99.2303 -0.984711 -0.00559603 0.173981
-113.193 -39.0689 99.3313 -0.983935 -0.0105853 0.178215
-113.177 -40.1613 99.3843 -0.98293 -0.00499874 0.183896
-113.17 -41.4776 99.3681 -0.982627 -0.00577439 0.185498
-113.185 -42.7829 99.2577 -0.982389 -0.00518151 0.186774
-113.159 -43.9584 99.3669 -0.98224 -0.00478041 0.187567
-113.152 -44.9706 99.4062 -0.9811 0.00155953 0.193491
-113.151 -46.0961 99.4168 -0.981029 0.000855257 0.193861
-113.151 -47.1975 99.4136 -0.981185 -0.00071168 0.193069
-113.194 -48.7608 99.2037 -0.981084 0.00308896 0.193559
-113.365 -49.3502 98.3464 -0.981408 0.000968009 0.191912
-113.594 -49.3595 97.1875 -0.979441 4.25936e-05 0.201611
-113.805 -49.334 96.1934 -0.978246 0.00374702 0.207413
-114.072 -49.396 94.9624 -0.975691 0.00388248 0.219119
-114.41 -49.2858 93.4385 -0.976628 0.00658643 0.214833
-114.66 -48.9936 92.3059 -0.974701 0.00110928 0.223411
-114.781 -47.1812 91.795 -0.972278 0.00351664 0.233801
-114.792 -46.0586 91.7348 -0.972473 0.00354829 0.232987
-114.81 -44.9852 91.6322 -0.971853 0.00765186 0.235465
-114.763 -43.3597 91.7783 -0.971373 0.00625962 0.237478
-114.756 -42.2457 91.7514 -0.970933 0.0189037 0.238515
-114.733 -41.0881 91.7287 -0.971757 0.0242224 0.234739
-114.706 -39.9551 91.7493 -0.97333 0.0198395 0.228538
-114.609 -38.8266 92.02 -0.976735 0.0291086 0.212321
-114.465 -37.6997 92.5293 -0.979855 0.0349395 0.196345
-114.437 -36.6903 92.4669 -0.982547 0.0349216 0.182699
-114.352 -35.507 92.6961 -0.983669 0.0340815 0.176731
-114.325 -34.1499 92.6654 -0.986354 0.0190215 0.163532
-114.304 -33.0743 92.6625 -0.986464 0.0198778 0.162767
-114.293 -31.8494 92.6288 -0.98809 0.0131639 0.153289
-114.258 -30.6469 92.749 -0.988922 0.0110994 0.148019
-114.251 -28.8735 92.6442 -0.989031 0.0128645 0.147146
-114.237 -27.6804 92.67 -0.98994 0.00751308 0.141285
-114.226 -26.6169 92.6833 -0.990002 0.0085645 0.140793
-114.226 -25.607 92.651 -0.99057 0.00355967 0.136964
-114.223 -24.0666 92.6449 -0.990989 0.00353076 0.133857
-114.209 -22.9914 92.6967 -0.991258 0.00614547 0.131794
-114.203 -21.9049 92.7154 -0.991521 0.00347929 0.129894
-114.192 -20.7566 92.7641 -0.991593 0.00417155 0.129331
-114.191 -19.7483 92.7704 -0.991988 0.00101779 0.126324
-114.199 -18.0261 92.695 -0.99229 0.000385642 0.123928
-114.201 -16.8795 92.6637 -0.992417 0.00154461 0.122903
-114.205 -15.7232 92.6279 -0.99252 9.23836e-05 0.12208
-114.22 -14.6421 92.5075 -0.992483 -0.000907949 0.122377
-114.196 -12.9362 92.7243 -0.992833 -0.00240981 0.119485
-114.201 -11.8837 92.7084 -0.992889 -0.00173146 0.119029
-114.204 -10.7212 92.6941 -0.992965 -0.00164471 0.118394
-114.21 -9.61609 92.6632 -0.992986 -0.00245628 0.118202
-114.222 -8.39359 92.584 -0.993019 -0.00279332 0.117917
-114.22 -7.23308 92.6339 -0.993032 -0.00400439 0.117776
-114.226 -6.23043 92.6207 -0.993023 -0.00408975 0.117852
-114.221 -4.46575 92.7467 -0.993038 -0.0061556 0.117637
-114.251 -3.42517 92.5477 -0.993048 -0.00643142 0.117535
-114.265 -1.91285 92.5087 -0.992901 -0.00663073 0.118758
-114.265 -0.812801 92.5791 -0.992829 -0.0076013 0.119299
-114.265 1.03914 92.6996 -0.992796 -0.0079173 0.119557
-114.269 2.10516 92.7307 -0.992596 -0.00816246 0.121173
-114.279 3.19052 92.7312 -0.992444 -0.00941997 0.122333
-114.322 4.72728 92.5027 -0.992305 -0.00970439 0.123439
-114.316 5.74435 92.6318 -0.992164 -0.0095847 0.124571
-114.318 6.8096 92.7027 -0.991714 -0.0127193 0.127831
-114.365 8.48479 92.5027 -0.991612 -0.0112973 0.128754
-114.352 10.0816 92.7571 -0.991288 -0.0135319 0.131014
-114.36 11.0887 92.7787 -0.990932 -0.0131891 0.133688
-114.386 12.6698 92.76 -0.990544 -0.0137065 0.136506
-114.423 13.8095 92.6034 -0.990475 -0.0140287 0.136973
-114.452 14.8175 92.4896 -0.990042 -0.0132627 0.140125
-114.446 16.1951 92.6876 -0.98975 -0.0140933 0.142094
-114.468 17.4488 92.6545 -0.98904 -0.0167783 0.14669
-114.513 18.9485 92.5307 -0.988705 -0.018197 0.148767
-114.501 20.29 92.7698 -0.988538 -0.0138389 0.150334
-114.529 21.3348 92.7009 -0.987891 -0.0180612 0.154095
-114.543 22.392 92.7153 -0.98724 -0.0188349 0.158055
-114.585 23.749 92.6506 -0.986765 -0.0216057 0.160701
-114.591 24.7598 92.7407 -0.986379 -0.0218327 0.163014
-114.617 25.7649 92.7272 -0.985614 -0.0195095 0.167877
-114.663 27.0539 92.607 -0.985008 -0.0211464 0.171176
-114.692 28.1306 92.5844 -0.984284 -0.0225748 0.175139
-114.736 29.1384 92.4679 -0.983853 -0.0226149 0.177539
-114.742 30.7798 92.6709 -0.982816 -0.0274581 0.182534
-114.775 31.8311 92.6382 -0.981397 -0.0315778 0.189187
-114.834 32.8709 92.5447 -0.980277 -0.0384719 0.19385
-114.893 33.8933 92.4225 -0.979044 -0.0285003 0.201646
-114.919 35.3822 92.5355 -0.976256 -0.0354021 0.213701
-114.99 36.4365 92.4063 -0.974656 -0.0471171 0.218494
-115.052 37.4666 92.3185 -0.972535 -0.0385703 0.229503
-115.055 38.6687 92.4388 -0.971644 -0.0220015 0.23542
-115.129 40.181 92.3435 -0.96626 -0.0244718 0.256395
-115.139 41.2647 92.4053 -0.966831 -0.0235574 0.254325
-115.173 42.7438 92.4169 -0.967376 -0.0243165 0.252176
-113.969 -40.2448 95.1734 -0.981379 0.00487945 0.192019
-113.891 -41.3103 95.5924 -0.980176 0.00950008 0.197731
-113.818 -42.5395 96.0189 -0.978681 0.00677722 0.205235
-113.827 -43.9912 95.9962 -0.978365 0.00292444 0.206863
-113.856 -45.1087 95.873 -0.978187 0.00142775 0.207722
-114.021 -44.9978 95.0973 -0.978235 0.00230191 0.207484
-114.01 -43.8315 95.1323 -0.978355 0.00337195 0.206906
-113.965 -42.6692 95.325 -0.978545 0.00735953 0.205859
-114.027 -41.1938 94.9206 -0.97997 0.0162062 0.198486
-114.017 -40.8839 94.9422 -0.980689 0.0105996 0.195174
