52.1413 25.6632 21.2043 0.565602 0.0164774 0.824497
52.9373 25.953 20.6675 0.541098 0.0164583 0.840766
53.2792 27.0421 20.4179 0.539405 0.0232852 0.841725
52.4665 26.7455 20.9651 0.567053 0.0121036 0.823592
52.355 26.1212 21.0508 0.567048 0.0116447 0.823602
51.6477 26.4203 21.5344 0.568531 0.0106933 0.822592
51.2727 25.3738 21.8065 0.566455 0.0156364 0.823923
52.2658 24.85 21.1403 0.564393 0.0216003 0.825224
53.0681 25.2363 20.5909 0.549407 0.016958 0.83531
53.8184 26.1882 20.0962 0.540667 0.0158905 0.841053
53.9965 27.1947 19.9546 0.537663 0.0219644 0.842874
53.3173 28.1464 20.3632 0.541122 0.0201779 0.840694
52.3231 27.6238 21.0506 0.567112 0.0126335 0.823544
51.8191 26.7831 21.4112 0.568967 0.0110368 0.822286
51.3926 27.2383 21.7018 0.591893 0.00812059 0.805923
50.913 26.1919 22.0539 0.592267 -0.00226295 0.805739
50.6226 25.2124 22.2667 0.596978 0.0101717 0.802165
51.2338 23.8678 21.8815 0.57144 0.0308655 0.820063
52.2079 24.0736 21.2005 0.560136 0.0230588 0.828062
53.4185 24.7209 20.371 0.549714 0.017392 0.835099
54.0714 25.3553 19.9427 0.532568 0.0133936 0.846281
54.5294 26.2721 19.6351 0.548326 0.0199592 0.836009
54.4551 27.9115 19.6432 0.536697 0.0233999 0.843449
53.5332 28.8394 20.2101 0.546351 0.0226085 0.837214
52.5368 28.6921 20.8769 0.562394 0.0187244 0.826649
51.8842 28.0458 21.3395 0.564319 0.0230657 0.825233
51.4097 27.2732 21.6886 0.590224 0.0171054 0.807058
51.0045 27.7464 21.9749 0.590224 0.0171054 0.807058
51.6442 28.7251 21.486 0.577105 0.0191011 0.816291
52.4801 29.4895 20.9001 0.561014 0.0157444 0.827657
53.4002 29.7746 20.2749 0.555107 0.0141585 0.831649
54.1862 29.413 19.7615 0.544874 0.0238596 0.838116
54.7908 28.6745 19.4017 0.538717 0.0301652 0.841946
55.2218 27.1245 19.1661 0.548365 0.013977 0.836122
54.9939 25.7851 19.3452 0.54836 0.0253163 0.835859
54.387 24.7324 19.754 0.532755 0.0135633 0.846161
53.6515 24.1022 20.2322 0.557146 0.0211111 0.830146
52.5649 23.4912 20.9771 0.555971 0.0155093 0.831036
51.3297 23.1383 21.836 0.572943 0.0183233 0.81939
50.2939 23.3682 22.5557 0.572512 0.0247921 0.819495
50.0008 24.9747 22.7336 0.59668 0.0173241 0.802292
50.2513 26.0498 22.5398 0.594995 0.000634108 0.803717
50.621 26.9586 22.2706 0.592917 -0.00155976 0.805261
50.6557 27.032 22.2451 0.591893 0.00812059 0.805923
50.2563 27.5316 22.527 0.590868 0.0170723 0.806588
50.9772 28.8515 21.9709 0.59064 0.0174931 0.806745
51.6812 29.7215 21.4465 0.584125 -0.00467748 0.811497
52.4794 30.2996 20.8936 0.573258 -0.00319598 0.819367
53.8137 30.4276 19.9885 0.554294 0.0227598 0.831978
54.7292 29.9083 19.3944 0.544874 0.0238596 0.838116
55.4891 28.8499 18.9516 0.53595 0.0301521 0.843711
55.7942 27.8888 18.7948 0.530375 0.0159159 0.847467
55.819 26.783 18.7808 0.538107 0.00923641 0.842728
55.5747 25.4779 18.9734 0.548348 0.0252492 0.835869
55.1329 24.6095 19.2865 0.540418 0.0177155 0.841147
54.4413 23.8578 19.7337 0.533388 0.0142656 0.84575
53.4905 23.1899 20.3634 0.556095 0.0154141 0.830955
52.6431 22.7916 20.9332 0.554677 0.00974793 0.832008
51.6884 22.4572 21.5999 0.571209 0.0151289 0.820659
50.8515 22.3812 22.1856 0.571917 0.00975684 0.82025
50.0147 22.5847 22.7603 0.580864 0.00639329 0.813785
49.4746 23.4595 23.1539 0.593934 0.0131982 0.804403
49.3681 24.4749 23.2162 0.596394 0.0157784 0.802533
49.5469 25.7003 23.0671 0.599087 0.0040847 0.800673
49.8844 26.6768 22.811 0.595121 0.000647187 0.803622
50.0049 26.9711 22.7233 0.591553 0.00756191 0.806172
49.5568 27.3588 23.0549 0.603409 0.0022998 0.797399
50.1291 28.5603 22.6088 0.60776 0.00289393 0.794113
50.9034 29.8066 22.0262 0.598492 -0.000290008 0.801128
51.6014 30.5344 21.5103 0.596729 -0.00412986 0.802432
52.4039 31.0474 20.9494 0.573258 -0.00319598 0.819367
53.7052 31.2384 20.0323 0.560973 0.0231397 0.827467
54.5575 30.9092 19.4732 0.555688 0.0302833 0.830838
55.602 29.8649 18.8443 0.5331 0.0244202 0.8457
56.2347 28.704 18.4869 0.532541 0.0309793 0.845836
56.4752 27.2148 18.3714 0.527694 0.000250675 0.849434
56.3823 26.1165 18.4475 0.498153 0.0253906 0.866698
55.8736 24.5775 18.8175 0.533598 0.033274 0.845083
55.328 23.8068 19.1758 0.532386 0.0126502 0.846407
54.3216 22.9405 19.8245 0.536001 0.0173583 0.844028
53.3175 22.3441 20.4888 0.54988 0.0163883 0.835035
52.5334 22.0061 21.0164 0.56467 0.013543 0.825119
51.6557 21.7542 21.6342 0.570218 0.00757737 0.821434
50.473 21.6354 22.4551 0.56947 0.0010287 0.822011
49.3077 22.1817 23.2848 0.595247 0.0023188 0.803539
48.904 23.0482 23.5829 0.59578 0.00686062 0.8031
48.7728 24.5863 23.6565 0.599334 0.0118788 0.800407
48.9809 25.9022 23.489 0.598335 0.00439214 0.801232
49.3841 26.9746 23.1836 0.598618 0.00115884 0.801031
48.8122 27.0951 23.6109 0.598887 4.96157e-05 0.800833
49.2732 28.1077 23.2675 0.603353 0.00190324 0.79744
49.7177 29.0347 22.9228 0.607788 0.000827121 0.794099
50.2742 30.0161 22.4962 0.603025 0.000250015 0.797702
50.9402 30.8006 22.0034 0.596887 -0.00411596 0.802315
51.6432 31.386 21.4836 0.584968 -0.00478637 0.810912
52.7633 31.9223 20.6739 0.582843 0.0188191 0.812366
53.795 31.9807 19.9556 0.565643 0.0168338 0.824478
54.6781 31.6452 19.3663 0.543554 0.0287352 0.838747
55.5021 31.026 18.8713 0.530136 0.0294769 0.8474
56.1894 30.1692 18.4653 0.53211 0.0257661 0.846282
56.9173 28.6943 18.065 0.506502 0.0186847 0.862036
57.1196 27.632 17.9717 0.529409 0.0164869 0.84804
57.0118 26.0085 18.0888 0.496753 0.0298386 0.867379
56.6087 24.651 18.353 0.51316 0.028726 0.85754
56.0795 23.7019 18.7056 0.529859 0.0121304 0.847996
55.4714 23.0127 19.0975 0.532299 0.0125996 0.846462
54.1936 22.0604 19.9286 0.535559 0.0232035 0.844179
53.3697 21.6065 20.4749 0.545554 0.0229721 0.83776
52.0009 21.0753 21.395 0.566634 0.00855598 0.82388
51.1528 20.9331 21.9849 0.570248 6.86258e-05 0.821472
49.7751 21.0114 22.9434 0.591953 0.00480087 0.805643
48.6789 21.8583 23.7684 0.606984 0.0167075 0.794538
48.3102 22.7728 24.03 0.608308 0.0129487 0.793572
48.1548 24.0207 24.1379 0.623628 0.0125805 0.78162
48.24 25.1447 24.0528 0.624616 0.00851676 0.780877
48.4344 26.1179 23.8966 0.599451 0.00435337 0.800398
48.7859 27.0332 23.6306 0.599918 0.000826069 0.800061
48.2529 27.2602 24.03 0.599918 0.000826069 0.800061
47.7918 25.8635 24.4061 0.628165 0.0100542 0.778015
47.5949 24.7048 24.574 0.626172 0.00546072 0.779666
47.5725 23.6854 24.6068 0.613687 -0.00437556 0.789536
47.7932 22.2667 24.4359 0.611179 0.00813942 0.791449
48.4056 21.1099 23.988 0.605567 0.0107291 0.795718
49.5912 20.2896 23.0869 0.609445 0.00231244 0.792825
50.3951 20.1326 22.517 0.573446 0.00754696 0.819208
51.4273 20.2343 21.8014 0.56229 0.0158517 0.826788
52.3991 20.4677 21.1358 0.561786 0.0172747 0.827101
53.4219 20.8686 20.4582 0.542657 0.0178805 0.839764
54.4797 21.4534 19.7638 0.534289 0.0250431 0.844927
55.5886 22.2342 19.0416 0.527404 0.0255447 0.849213
56.2508 22.8831 18.6178 0.519513 0.0211221 0.854194
56.8571 23.7101 18.2312 0.500836 0.0173793 0.865153
57.3887 24.88 17.9045 0.48694 0.0309576 0.872886
57.6486 25.8748 17.7287 0.496178 0.0257544 0.867829
57.7844 27.0315 17.6093 0.498658 0.0330674 0.866167
57.6684 28.3256 17.6314 0.502996 0.0244984 0.86392
57.3504 29.3756 17.7957 0.505984 0.0131186 0.862423
56.6695 30.6195 18.1718 0.49755 0.0199431 0.867206
55.7053 31.7928 18.7174 0.530531 0.0290905 0.847166
54.8504 32.3532 19.2347 0.532943 0.0231386 0.845816
53.8608 32.7023 19.8892 0.567877 0.0355894 0.822343
52.8958 32.7055 20.5587 0.580022 0.0265218 0.814169
52.0009 32.3976 21.2041 0.577333 0.0271796 0.816056
51.1756 31.8508 21.8195 0.589465 0.0200298 0.807502
50.4291 31.2052 22.3721 0.588399 0.0114004 0.80849
49.8336 30.5028 22.8309 0.607566 0.00745926 0.79422
49.0396 28.9439 23.4422 0.611911 0.0039344 0.790888
48.5609 27.9858 23.7988 0.598887 4.96157e-05 0.800833
48.0779 28.3087 24.1729 0.611892 -0.0133428 0.790827
48.5153 29.2075 23.8518 0.614042 -0.00496473 0.789183
49.2815 30.8213 23.2501 0.60779 0.00851952 0.794037
49.8825 31.5385 22.7771 0.608495 0.0131102 0.793449
50.5885 32.2183 22.2403 0.59181 0.0199001 0.80579
51.3541 32.813 21.6554 0.593015 0.0282454 0.804695
52.3431 33.3197 20.9317 0.574207 0.0211918 0.818401
53.299 33.4428 20.2485 0.583413 0.0183437 0.81196
54.1381 33.3693 19.6688 0.552524 0.0267173 0.832808
55.1804 32.9624 19.013 0.534351 0.0172933 0.845085
56.231 32.2584 18.3735 0.513508 0.0210297 0.857684
56.9493 31.3849 17.9904 0.4987 0.0249082 0.866417
57.4476 30.559 17.7252 0.50215 0.0178367 0.864588
58.0744 29.2703 17.3754 0.502844 0.0134669 0.864263
58.3335 28.2921 17.2492 0.498756 0.0255589 0.86636
58.4289 26.6996 17.252 0.498102 0.0340268 0.86645
58.1511 25.1679 17.469 0.48526 0.0301634 0.873847
57.8137 24.0797 17.6957 0.485879 0.0217381 0.873706
57.315 23.2344 17.9841 0.484808 0.0139835 0.874507
56.6692 22.3739 18.3795 0.513327 0.0255348 0.857811
55.8608 21.6138 18.8938 0.519522 0.0273535 0.854018
55.0907 21.053 19.3916 0.531494 0.027403 0.846618
54.2387 20.4915 19.9352 0.537805 0.0132482 0.842919
53.4568 20.1315 20.4498 0.545231 0.0138296 0.838172
52.6116 19.7935 21.0068 0.56074 0.0173105 0.82781
51.2306 19.4693 21.9498 0.562109 0.0159812 0.826908
50.3618 19.4001 22.5505 0.569305 0.0155946 0.821978
49.2975 19.6264 23.315 0.604609 -0.00324501 0.796471
48.2868 20.2357 24.0791 0.599462 -0.00902279 0.800352
47.5998 21.142 24.5985 0.598424 -0.00174992 0.801174
47.0716 22.691 24.9893 0.613042 0.000602004 0.790026
46.9701 24.1663 25.0768 0.612612 -0.00244986 0.790379
47.0671 25.2149 24.9944 0.626318 0.00505354 0.779551
47.3657 26.5044 24.7423 0.630782 0.00685336 0.775921
47.857 27.7929 24.3361 0.622862 -0.00679598 0.782165
47.4007 28.4448 24.7114 0.634018 -0.00363347 0.773308
47.1593 27.4387 24.9067 0.633852 -0.00181618 0.773452
46.6362 26.4913 25.3388 0.632045 -0.000534187 0.774919
46.5332 25.4477 25.4195 0.621823 -0.000176528 0.783139
46.3405 24.4494 25.5647 0.617584 -0.00838551 0.786409
46.372 22.794 25.534 0.617696 0.000762011 0.786376
46.6917 21.6579 25.2813 0.604196 -0.00261124 0.79683
47.0235 20.7209 25.0282 0.601037 -0.00204062 0.799218
47.4872 19.8734 24.6758 0.601582 -0.00661134 0.798784
48.4896 19.282 23.9164 0.599297 -0.00950214 0.80047
49.5679 18.4879 23.1037 0.580772 -0.00196063 0.813766
50.56 18.6982 22.4272 0.56658 0.00877239 0.823918
51.5444 18.7937 21.7498 0.562102 0.0160039 0.826913
52.4689 19.0008 21.1175 0.561794 0.0149162 0.827143
53.4932 19.3207 20.439 0.544595 0.0119043 0.838615
54.2964 19.6061 19.9125 0.537675 0.0135769 0.842998
55.0623 20.2541 19.4235 0.529281 0.0125773 0.848352
55.8801 20.7217 18.9105 0.512594 0.0282745 0.858144
56.7179 21.4134 18.3836 0.506392 0.034366 0.861618
57.5103 22.1707 17.8961 0.483532 0.022788 0.875015
58.0734 23.113 17.567 0.481112 0.0169319 0.876495
58.5002 23.9903 17.3161 0.485274 0.0286286 0.873891
58.8852 25.352 17.0569 0.483401 0.0293277 0.874907
59.1925 26.3061 16.8438 0.484785 0.0440999 0.87352
59.0983 27.642 16.8397 0.472706 0.0194708 0.880987
58.8724 28.769 16.9409 0.476377 0.0165424 0.879085
58.6043 30.021 17.0685 0.489118 0.0152159 0.872023
58.0152 30.9908 17.3871 0.500791 0.0177701 0.86537
57.4335 31.9472 17.6956 0.497435 0.0273078 0.867067
56.6784 32.7888 18.1022 0.49585 0.0130481 0.86826
55.5183 33.5827 18.7873 0.511133 0.00181724 0.85939
54.7066 33.9236 19.2952 0.53652 0.0155646 0.843741
53.8722 34.1116 19.823 0.536776 0.0131954 0.843612
52.9704 34.1204 20.4693 0.583413 0.0183437 0.81196
51.7996 33.8859 21.3011 0.574016 0.0105557 0.818765
50.8177 33.3549 22.0359 0.600727 0.0161731 0.799291
49.9301 32.6832 22.7191 0.605427 0.0169311 0.795721
49.2703 31.9261 23.2383 0.60594 0.0179177 0.795309
48.6441 31.2278 23.7328 0.609507 0.0181975 0.792572
48.2084 30.0396 24.0875 0.617542 0.00466214 0.786524
47.8334 29.4663 24.3837 0.613363 -0.00682632 0.789727
47.5642 28.8283 24.58 0.622959 -0.0100994 0.782049
