-38.9995 43.9162 34.4748 -0.703455 -0.00384877 0.71073
-38.3621 43.88 35.0948 -0.692819 0.00343396 0.721103
-38.9069 44.3547 34.5689 -0.698298 -0.000222578 0.715761
-39.3981 44.78 34.0798 -0.709088 -0.00441947 0.705079
-39.4008 43.0761 34.0733 -0.703423 0.00253788 0.71074
-38.7611 42.5344 34.7115 -0.696568 -0.00114409 0.717385
-37.8178 42.9692 35.6033 -0.682118 -0.00673444 0.731208
-37.7111 44.2709 35.7183 -0.687452 -0.00258578 0.726167
-38.0147 45.2487 35.4312 -0.693303 -0.00882955 0.720592
-38.8211 45.2884 34.6557 -0.696392 -0.00605967 0.717619
-39.2226 45.1893 34.2625 -0.704223 -0.00691212 0.709903
-39.2415 46.0234 34.2478 -0.699557 -0.00324421 0.71457
-38.3981 46.1436 35.0729 -0.696024 -0.0054927 0.717982
-37.5816 46.0032 35.8397 -0.674856 0.00342841 0.737942
-37.1864 45.1521 36.205 -0.666973 -0.00526775 0.74494
-37.1399 43.7545 36.2428 -0.657202 0.00601704 0.753691
-37.428 42.094 35.9608 -0.678416 -0.0101593 0.734575
-38.1216 41.7927 35.3121 -0.685832 -0.00666277 0.727707
-39.0376 41.8237 34.4339 -0.697083 -0.0076998 0.716945
-39.7215 42.1471 33.755 -0.720856 -0.0079019 0.693039
-40.0088 43.0542 33.4653 -0.722304 -0.0076657 0.691532
-40.0175 44.363 33.458 -0.709314 0.00213546 0.70489
-39.7887 45.648 33.7002 -0.708962 -0.0107058 0.705166
-39.5387 45.9788 33.9565 -0.704339 -0.00691986 0.70979
-39.6214 46.7873 33.8811 -0.703123 -0.00486512 0.711026
-40.4157 46.2799 33.0694 -0.715916 -0.00565211 0.698163
-40.5423 44.8164 32.9286 -0.713033 -0.00776336 0.701062
-40.5486 43.2301 32.9038 -0.72315 -0.00840829 0.690639
-40.4867 42.1907 32.9576 -0.723574 -0.00727612 0.690208
-39.949 41.1552 33.5038 -0.720827 -0.0137542 0.692979
-38.6684 41.021 34.7772 -0.69143 -0.0146607 0.722294
-37.4209 41.1216 35.9469 -0.674355 -0.0116893 0.738305
-36.7299 41.6184 36.5896 -0.666159 -0.012978 0.745595
-36.5901 42.604 36.7246 -0.656152 -0.00510708 0.754595
-36.5753 44.3411 36.7304 -0.657157 0.00575765 0.753732
-36.6115 45.4454 36.7139 -0.658753 -0.0130942 0.752245
-36.8552 46.3908 36.5016 -0.674363 0.00198525 0.738395
-37.9595 46.9025 35.4909 -0.678005 0.00500481 0.73502
-38.8078 46.876 34.6761 -0.697278 -0.00553923 0.716775
-39.0992 46.8579 34.3936 -0.697868 -0.00784758 0.716178
-39.1947 47.6206 34.308 -0.699706 -0.00308018 0.714403
-40.0907 47.5723 33.4151 -0.707805 -0.00430334 0.70639
-40.8558 47.2915 32.6311 -0.72029 -0.005787 0.693604
-41.0716 46.0352 32.392 -0.726035 -0.0114683 0.687425
-41.0878 44.8932 32.3466 -0.730781 -0.00970079 0.682502
-41.0866 43.6954 32.344 -0.729171 -0.00294103 0.684272
-41.056 42.3698 32.3623 -0.724622 -0.00694194 0.689112
-40.9592 41.3001 32.4528 -0.723403 -0.00968829 0.690354
-40.0701 40.3147 33.3613 -0.720006 -0.0137748 0.69383
-39.3156 40.2962 34.1433 -0.705856 -0.0148216 0.70791
-38.5257 40.2717 34.8992 -0.691463 -0.0136573 0.722283
-37.6343 40.305 35.7443 -0.674219 -0.00621416 0.738505
-36.8515 40.4346 36.4591 -0.670867 -0.00929504 0.741509
-36.0759 41.2689 37.1545 -0.655231 -0.0123516 0.755326
-36.0079 42.333 37.2282 -0.65414 -0.00509765 0.756336
-35.996 43.3607 37.2382 -0.652682 0.000222762 0.757632
-36.0031 44.4482 37.2286 -0.657952 -0.00397656 0.752986
-36.021 45.6696 37.2262 -0.644094 -0.00343854 0.764938
-36.114 46.896 37.1505 -0.647536 0.00550979 0.76198
-36.7856 47.5651 36.5644 -0.664067 0.00532746 0.747493
-37.5597 47.654 35.8551 -0.67756 0.00305601 0.735459
-38.4022 47.6672 35.0725 -0.684703 0.00192404 0.728797
-38.5875 47.6582 34.8967 -0.692166 -5.45559e-05 0.721705
-38.3071 48.443 35.1576 -0.687134 0.00644779 0.726499
-37.5194 48.4248 35.8888 -0.676406 0.00432758 0.736516
-36.779 48.4227 36.5649 -0.661522 -2.72165e-06 0.749822
-35.9959 48.3432 37.2406 -0.65249 -0.0069257 0.757765
-35.5072 47.1065 37.6584 -0.641493 0.00018566 0.767128
-35.4353 45.4808 37.7181 -0.636935 -0.00311844 0.770903
-35.4225 44.2197 37.7247 -0.640304 0.00362044 0.768112
-35.4207 43.0844 37.7298 -0.641041 0.0019983 0.767504
-35.4278 41.9857 37.7262 -0.645176 -0.00495249 0.763969
-35.4553 40.966 37.6858 -0.647885 -0.0130831 0.761625
-35.6661 39.8384 37.4858 -0.65343 -0.0113541 0.756901
-36.5449 39.6196 36.7228 -0.664858 -0.0110216 0.746872
-37.5221 39.5396 35.8408 -0.672861 -0.00728115 0.739729
-38.3266 39.5096 35.0799 -0.689117 0.00373695 0.724639
-39.1012 39.5315 34.3424 -0.699189 -0.0063833 0.714719
-40.0459 39.543 33.3729 -0.72057 -0.00867074 0.693327
-40.974 39.6456 32.4085 -0.72215 -0.0109825 0.691646
-41.4309 40.3742 31.9425 -0.726129 -0.01347 0.687424
-41.5368 41.3988 31.8442 -0.730266 -0.0065736 0.683124
-41.582 43.0469 31.81 -0.734737 -0.000606487 0.678348
-41.5972 44.1382 31.7924 -0.734324 -0.00539355 0.678777
-41.6259 45.3329 31.7758 -0.734103 -0.0135212 0.678903
-41.6079 46.341 31.817 -0.736887 -0.0129949 0.675891
-41.3126 48.1238 32.1523 -0.728151 -0.0049686 0.685393
-40.6577 48.3855 32.8447 -0.720984 -0.000714432 0.692911
-39.891 48.3896 33.6194 -0.708005 0.000940088 0.706201
-39.054 48.3984 34.4488 -0.698352 0.00531361 0.715682
-39.015 48.4018 34.4862 -0.690725 0.00783778 0.723064
-38.8358 49.199 34.6473 -0.693424 0.00598602 0.720492
-40.021 49.1831 33.4867 -0.706267 0.000325349 0.707942
-40.9677 49.2657 32.5213 -0.716889 0.00385117 0.697177
-41.6481 49.0847 31.8069 -0.743601 0.00180641 0.668012
-42.2218 47.9479 31.1615 -0.751999 0.00765718 0.659049
-42.0998 46.8062 31.2899 -0.736876 -0.0132103 0.675899
-42.2515 45.7515 31.1041 -0.736999 -0.0126737 0.675775
-42.0838 44.4133 31.2671 -0.737234 -0.00554255 0.675609
-42.1238 43.081 31.2228 -0.735149 0.00160322 0.677904
-42.1013 41.8528 31.2444 -0.733208 -0.00300487 0.679997
-42.0974 40.7379 31.2419 -0.7334 -0.00399288 0.679785
-41.8909 39.3404 31.4358 -0.726092 -0.0103843 0.687519
-41.283 38.8311 32.0699 -0.723355 -0.0125882 0.690362
-40.5089 38.726 32.8791 -0.723355 -0.0124909 0.690364
-39.7048 38.6728 33.7162 -0.71504 -0.0129499 0.698901
-38.8897 38.669 34.5358 -0.708998 -0.0166502 0.705014
-38.1376 38.6572 35.2639 -0.681304 -0.000188261 0.731894
-37.1109 38.6599 36.2022 -0.672358 -0.00999811 0.740158
-36.2295 38.7559 36.9868 -0.659566 -0.00317681 0.751637
-35.4126 38.9065 37.7003 -0.653041 -0.00299843 0.757293
-34.7987 39.7606 38.2255 -0.648931 -0.00506059 0.760807
-34.8131 41.572 38.2425 -0.644408 -0.0051986 0.764607
-34.7923 42.7019 38.2558 -0.640875 0.00293836 0.76764
-34.7599 43.8001 38.279 -0.640076 0.00371039 0.768302
-34.7795 44.8962 38.2558 -0.639675 0.00477822 0.76863
-34.7865 45.9172 38.2545 -0.633736 -0.00451201 0.773535
-34.7563 47.2428 38.2829 -0.635765 -0.00144319 0.771879
-34.8985 48.275 38.1655 -0.637896 -0.00245569 0.770119
-35.3672 49.1193 37.78 -0.637886 -0.00246338 0.770127
-36.2575 49.3027 37.0247 -0.660657 -0.000101398 0.750564
-37.0654 49.2644 36.2983 -0.66883 0.00812466 0.743371
-37.8031 49.2869 35.6233 -0.680703 0.00655257 0.7325
-38.5821 49.257 34.8899 -0.685359 0.00892836 0.72815
-38.6556 49.257 34.8207 -0.689278 0.00512842 0.724445
