0.0502866 1.37657 1.31772 -0.0266709 -0.00878438 0.999606
0.792669 0.752945 1.32434 -0.0111653 -0.0106672 0.99988
0.812968 1.85813 1.33679 -0.00715099 -0.00473059 0.999934
0.509724 2.95843 1.34281 -0.00955436 -0.00820175 0.999846
0.147989 1.9901 1.32597 -0.0260747 -0.010945 0.999598
-0.547341 1.8005 1.306 -0.0252713 -0.0125506 0.999602
-0.352482 2.84588 1.32329 -0.0218132 -0.00778932 0.999732
0.552254 4.08454 1.35246 -0.00929555 -0.00821648 0.999848
1.39116 3.21437 1.34249 0.00311086 -0.00861367 0.999958
1.59194 1.70088 1.33846 -0.0010235 0.000775943 0.999999
1.559 0.328585 1.31898 0.0118266 -0.0321024 0.999411
1.25029 -0.618646 1.2989 0.0204415 -0.0158747 0.999623
0.33957 -1.43153 1.29321 -0.00176463 -0.0132915 0.99991
-0.346225 -0.388625 1.30282 -0.00946591 -0.00598524 0.999909
-0.532848 0.829579 1.29928 -0.0171343 0.0046692 0.999834
-0.54849 1.63763 1.30396 -0.0263365 -0.0103555 0.999597
-1.18279 1.2707 1.28344 -0.0263365 -0.0103555 0.999597
-1.05154 3.06464 1.30954 -0.023647 -0.0104076 0.999662
-0.278789 4.42856 1.34115 -0.01883 -0.0129759 0.999738
0.649326 5.03509 1.38352 -0.00527004 -0.0330456 0.999114
1.59843 4.42147 1.34936 0.00235939 -0.0135724 0.999869
2.17405 3.23766 1.34013 0.00403654 -0.00706044 0.999965
2.30591 1.97098 1.33256 0.0354032 -0.00827465 0.999339
2.2255 0.322312 1.31116 0.0242605 -0.0287502 0.999191
1.98205 -1.03025 1.28097 0.0206467 -0.00664654 0.999765
0.843349 -2.20319 1.28328 0.00392527 0.00121377 0.999868
-0.232259 -2.57619 1.29764 0.00820356 0.0153125 0.999848
-0.901877 -1.17225 1.28873 -0.0180803 -0.0179512 0.999672
-1.10922 0.264423 1.2912 -0.0350238 0.000349661 0.999369
-1.18245 1.23779 1.28318 -0.0237631 -0.00037988 0.999679
-1.85037 1.56546 1.25783 -0.0410528 -0.00491619 0.999109
-1.7929 2.81819 1.27615 -0.0435976 -0.0147549 0.998937
-1.47045 4.00371 1.30681 -0.0397258 -0.0124783 0.999133
-0.760436 5.01782 1.33969 -0.0247363 -0.0215705 0.999407
0.801495 5.97704 1.41454 -0.00278698 -0.0323987 0.999114
1.72059 5.38964 1.37059 0.0317799 -0.026575 0.999141
2.4218 4.61538 1.3436 0.0195878 -0.00839451 0.999757
2.95703 3.15246 1.31642 0.0411275 -0.0133025 0.999027
3.01242 2.13056 1.30886 0.0354032 -0.00827465 0.999339
2.96582 0.72508 1.29228 0.0378509 -0.0235153 0.999007
2.85014 -0.469397 1.26822 0.0364608 -0.0232205 0.999063
2.65797 -1.46718 1.25913 0.0327959 -0.0130544 0.999376
1.99293 -2.33885 1.27092 0.0324986 -0.00905961 0.999427
0.777486 -3.10152 1.29614 0.0220772 -0.00623499 0.999737
-0.202048 -3.53064 1.3149 0.0152297 0.00605695 0.999766
-1.22329 -2.9473 1.28196 -0.0236347 0.0159816 0.999589
-1.50341 -1.96638 1.26107 -0.0251605 -0.00324757 0.999527
-1.74241 -0.384283 1.26862 -0.0300339 -0.00173084 0.999543
-1.82369 0.820277 1.26085 -0.038023 0.0037382 0.999269
-2.50331 0.930297 1.23474 -0.0380582 0.00298434 0.999271
-2.52164 2.40256 1.23814 -0.0437682 -0.0147386 0.99893
-2.4279 3.44931 1.25986 -0.0425402 -0.0168702 0.998952
-2.01338 4.62758 1.29304 -0.0398997 -0.0125046 0.999125
-1.38796 5.4241 1.32612 -0.0414333 -0.0107171 0.999082
-0.0319718 6.56408 1.39411 -0.0372168 -0.0118096 0.999236
0.980579 6.9187 1.41468 0.0024047 0.00466065 0.999772
2.31322 5.7888 1.36272 0.0271407 -0.0213645 0.999382
3.40341 4.55841 1.32855 0.028549 -0.0133561 0.999377
3.68695 3.34681 1.29019 0.0427207 -0.0222073 0.99884
3.72027 2.21819 1.28106 0.0406382 -0.00470755 0.999163
3.64204 0.305282 1.25768 0.035507 -0.022313 0.99912
3.52144 -0.944124 1.23753 0.0343682 -0.013759 0.999314
3.23782 -2.2389 1.23177 0.0317372 -0.00872395 0.999456
1.71604 -3.41598 1.27344 0.0271868 -0.00593661 0.9996
0.71551 -3.96063 1.29204 0.0219746 -0.00636795 0.999738
-0.27033 -4.43387 1.30042 -0.0107811 -0.0190481 0.999394
-1.37238 -4.16812 1.26371 -0.0421157 -0.0151708 0.998988
-1.99611 -3.37746 1.24507 -0.0460785 -0.00829967 0.998897
-2.24338 -2.14948 1.24441 -0.0377366 0.000612369 0.999127
-2.36961 -1.10044 1.24193 -0.0433615 -0.00183812 0.999058
-2.45524 -0.0621225 1.24048 -0.040624 0.0012308 0.999166
-2.47717 0.329969 1.23773 -0.0384787 0.00407175 0.999251
-3.15825 0.257035 1.20218 -0.0673929 -0.00138267 0.997725
-3.09455 -0.794484 1.20146 -0.064722 -0.00633776 0.997883
-3.00832 -1.84579 1.20026 -0.0640511 -0.00486572 0.997933
-2.72765 -3.63308 1.20339 -0.0567281 -0.0115647 0.998323
-2.07493 -4.57379 1.22794 -0.0421157 -0.0151708 0.998988
-1.28251 -5.23385 1.24828 -0.0327139 -0.00539362 0.99945
-0.23721 -5.298 1.28425 -0.0103532 -0.0191127 0.999419
0.754177 -4.75955 1.27815 0.0161066 -0.0178617 0.999711
1.76058 -4.19336 1.2681 0.0268072 -0.005276 0.999613
2.77045 -3.65316 1.23848 0.0319555 -0.00517757 0.999476
3.75281 -2.89999 1.21129 0.0389758 -0.0057078 0.999197
4.19982 -1.48798 1.20683 0.041136 -0.0126886 0.999045
4.34547 0.128608 1.22822 0.0478589 -0.0172838 0.99864
4.4037 1.31063 1.23746 0.0574111 -0.0114927 0.998284
4.44001 2.80522 1.25382 0.0498375 -0.0079711 0.998685
4.39262 4.21731 1.27433 0.065866 -0.0105656 0.997773
4.00056 5.13607 1.30979 0.0661105 -0.0175938 0.997632
3.23826 5.85078 1.34694 0.0163085 -0.0180807 0.999703
2.43534 6.65236 1.38088 0.0281638 -0.0121929 0.999435
1.67748 7.36032 1.39822 0.022854 0.00176493 0.999737
0.329307 7.76491 1.39302 -0.018924 0.0118588 0.999751
-0.958875 6.76114 1.36013 -0.0411218 -0.0113827 0.999087
-1.92331 5.90744 1.30914 -0.0443064 -0.0108724 0.998958
-2.65097 5.0593 1.26957 -0.043025 -0.00858366 0.999037
-3.06813 4.08102 1.24062 -0.0644341 -0.0109335 0.997845
-3.20548 3.01562 1.21488 -0.0616494 -0.0165149 0.997961
-3.21525 2.00257 1.19838 -0.0631828 -0.00625694 0.997954
-3.18783 0.952498 1.20045 -0.0670292 -0.000174039 0.997751
-3.85957 0.585796 1.15524 -0.0677411 -0.00120491 0.997701
-3.82326 -0.438218 1.15518 -0.068375 -0.00276382 0.997656
-3.74648 -1.54894 1.15402 -0.0646248 -0.00420821 0.997897
-3.60602 -2.76709 1.16005 -0.0633805 -0.00327565 0.997984
-3.42524 -3.86781 1.16098 -0.0581012 -0.00853291 0.998274
-2.69063 -5.04412 1.19681 -0.048179 -0.00271822 0.998821
-1.14238 -6.25546 1.24739 -0.0325934 -0.00508453 0.999456
0.249877 -5.87296 1.27505 0.0041232 -0.00265289 0.999983
1.23098 -5.29169 1.2696 0.0055578 0.00046723 0.999984
2.26538 -4.72673 1.25131 0.0305166 0.00103994 0.999532
3.30501 -4.21505 1.22082 0.0296595 -0.000823567 0.99956
4.20776 -3.70426 1.18581 0.0478919 -0.0027093 0.998844
4.91936 -2.19712 1.16162 0.0480648 -0.00700551 0.99882
4.99379 -0.853601 1.17754 0.0627054 -0.0131976 0.997871
5.06871 0.162611 1.18686 0.0659243 -0.0157006 0.997658
5.12119 1.35701 1.19624 0.0586758 -0.0113679 0.998211
5.15951 2.35872 1.20672 0.057908 -0.0121861 0.998248
5.17459 4.18066 1.22235 0.0680688 -0.011581 0.99761
4.93439 5.22986 1.24941 0.0670663 -0.0176188 0.997567
4.2319 5.98162 1.31522 0.0512288 -0.0160134 0.998399
3.2711 6.83105 1.35574 0.0364564 -0.0198981 0.999057
2.46797 7.61076 1.39308 0.000998418 -0.0227381 0.999741
1.76551 8.35176 1.41014 -0.00221391 -0.0184842 0.999817
0.57914 8.8639 1.41768 0.00208304 -0.0153238 0.99988
-0.248599 8.30151 1.39856 -0.00866971 -0.026263 0.999617
-1.09969 7.56798 1.36529 -0.0351225 -0.0251474 0.999064
-1.90247 6.90363 1.32229 -0.0346808 -0.0228574 0.999137
-2.72531 6.14573 1.2751 -0.044876 -0.00931154 0.998948
-3.6763 4.72358 1.20345 -0.0675812 -0.00641177 0.997693
-3.89775 3.66909 1.18234 -0.067414 -0.00580214 0.997708
-3.92298 2.62533 1.16426 -0.0599488 -0.0128005 0.998119
-3.89634 1.62218 1.15298 -0.059888 -0.0127245 0.998124
-3.89531 1.60561 1.15283 -0.063512 -0.00631796 0.997934
-4.56179 1.21625 1.10795 -0.063512 -0.00631796 0.997934
-4.61865 2.24256 1.11756 -0.0599488 -0.0128005 0.998119
-4.63351 3.24375 1.1301 -0.064688 -0.0110855 0.997826
-4.57479 4.25541 1.13999 -0.0673469 -0.00582589 0.997713
-4.2331 5.38519 1.16999 -0.0676569 -0.00624977 0.997689
-3.44418 6.45536 1.23095 -0.0712769 -0.017543 0.997241
-2.04324 7.73814 1.33649 -0.0346808 -0.0228574 0.999137
-1.06346 8.52169 1.38878 -0.0214016 -0.021636 0.999537
-0.236104 9.22113 1.4187 -0.00785513 -0.0174771 0.99981
0.603862 10.0528 1.43535 0.00187882 -0.0131679 0.999912
1.88432 9.38009 1.42512 -0.00342735 -0.0139971 0.999896
3.05147 8.01594 1.40205 0.0206076 -0.0272417 0.999202
4.03446 7.08606 1.33427 0.0424742 -0.0294325 0.998662
5.10173 6.24311 1.26306 0.06723 -0.0242366 0.997443
5.76603 5.4355 1.19806 0.0734618 -0.0220039 0.997035
5.93598 4.37454 1.17103 0.0705091 -0.0127837 0.997429
5.89991 3.1786 1.16027 0.0707138 -0.00426202 0.997487
5.84813 1.43471 1.15445 0.0642098 -0.00922408 0.997872
5.78764 0.433584 1.13922 0.0734293 -0.0203797 0.997092
5.6709 -1.29948 1.12552 0.0737291 -0.00478097 0.997266
5.62398 -2.45575 1.12446 0.0718769 -0.00245235 0.997409
5.46893 -3.47452 1.12701 0.0481337 -0.00579982 0.998824
4.69172 -4.30434 1.16184 0.0513793 0.000255584 0.998677
3.09133 -5.10314 1.2265 0.0304809 0.00112378 0.999533
2.0262 -5.63847 1.26141 0.0313235 0.00297241 0.999505
1.02999 -6.24168 1.27084 0.00414351 -0.0027653 0.999983
0.159156 -6.83778 1.26999 0.0031028 -0.00493401 0.999983
-1.02807 -7.27606 1.24601 -0.0296134 -0.00469252 0.999547
-1.98869 -6.64167 1.21805 -0.038183 -0.00541741 0.999239
-2.95704 -5.8108 1.18019 -0.044238 -0.00556337 0.999006
-3.86261 -4.91104 1.137 -0.0505058 0.00140968 0.998723
-4.23915 -3.72226 1.11414 -0.0585193 -0.00666415 0.998261
-4.39449 -2.48306 1.11079 -0.0759507 -0.00314839 0.997032
-4.5033 -1.22476 1.10424 -0.0858412 -0.00695462 0.996271
-4.54872 -0.0853901 1.10644 -0.068375 -0.00276382 0.997656
-4.55084 0.904028 1.10868 -0.0677411 -0.00120491 0.997701
-5.25387 1.01915 1.0543 -0.0841282 -0.0094223 0.99638
-5.24469 -0.587959 1.04881 -0.0793344 -0.0047744 0.996837
-5.19121 -1.6233 1.04219 -0.0858412 -0.00695462 0.996271
-5.11492 -2.66818 1.04665 -0.0881238 -0.00219171 0.996107
-4.99796 -3.73121 1.05738 -0.0848501 0.0064583 0.996365
-4.79887 -4.76114 1.07913 -0.0637207 0.00242418 0.997957
-4.0056 -5.88556 1.12848 -0.064459 -0.00209719 0.997918
-3.13412 -6.63797 1.16946 -0.0426266 0.000134151 0.999091
-1.97804 -7.59806 1.21669 -0.0342373 -0.000791896 0.999403
-1.18122 -8.209 1.23965 -0.0271276 -0.00173254 0.999627
0.198094 -7.7424 1.26982 -0.00699233 0.00159323 0.999943
1.16901 -7.01857 1.26617 0.000369548 0.00148419 0.999971
2.89294 -5.97752 1.23526 0.0313235 0.00297241 0.999505
3.86508 -5.52787 1.20403 0.0440419 0.0143453 0.998739
4.79854 -5.11715 1.15578 0.0570321 -0.00394846 0.998363
5.79743 -4.49 1.10017 0.0692494 -0.00893376 0.997555
6.30005 -3.14816 1.07451 0.0678849 -0.00628915 0.997673
6.36082 -2.03486 1.07239 0.0718769 -0.00245235 0.997409
6.39723 -0.990516 1.07331 0.0737291 -0.00478097 0.997266
6.45352 0.113847 1.07603 0.0904732 -0.0211724 0.995657
6.59236 1.65681 1.08582 0.0978264 -0.0149374 0.995087
6.63458 3.11108 1.10711 0.0853866 -0.0104303 0.996177
6.6912 4.45102 1.11242 0.0857668 -0.00655723 0.996294
6.36862 6.18512 1.16466 0.0822333 -0.0211571 0.996382
4.94998 7.20781 1.29649 0.0728495 -0.0214213 0.997094
3.99421 8.06081 1.36471 0.0424742 -0.0294325 0.998662
3.21934 8.87054 1.4208 0.0459864 -0.0111162 0.998823
2.59435 9.65403 1.42674 0.0121038 0.00364625 0.99992
1.62669 11.1901 1.4587 0.00916979 -0.02466 0.999563
0.389877 10.8859 1.44628 -0.00190732 -0.0179841 0.999812
-0.759296 9.7227 1.41957 -0.0216854 -0.0152642 0.999648
-1.57854 9.0159 1.38784 -0.029143 -0.0240227 0.999261
-2.94082 7.939 1.30594 -0.0393441 -0.0239449 0.998923
-3.71255 7.25692 1.23403 -0.0762764 -0.0293598 0.996653
-4.67698 6.19879 1.14524 -0.0794051 -0.0103014 0.996713
-5.2517 4.88632 1.09241 -0.0806351 -0.00109039 0.996732
-5.34036 3.85712 1.07986 -0.0785852 -0.00566532 0.996891
-5.34939 2.83059 1.07105 -0.078978 -0.0110792 0.996812
-5.29307 1.48505 1.05907 -0.0807122 -0.0143249 0.996626
-5.96997 1.03039 0.994447 -0.0830614 -0.0179594 0.996382
-6.04806 2.32302 1.00847 -0.082353 -0.0119706 0.996531
-6.06575 3.42129 1.0183 -0.0816483 -0.0101727 0.996609
-6.05963 4.5037 1.02653 -0.0808981 -0.00124271 0.996711
-5.91901 5.5521 1.03495 -0.0827169 0.00311081 0.996568
-5.43278 6.48352 1.07874 -0.089768 -0.00712011 0.995928
-4.49202 7.51046 1.178 -0.0801327 -0.0216837 0.996548
-3.381 8.50962 1.29372 -0.0678074 -0.0231354 0.997317
-2.15812 9.48066 1.37336 -0.0524299 -0.0186694 0.998436
-1.17696 10.307 1.41923 -0.0296025 -0.010393 0.999508
-0.398289 11.1116 1.4495 -0.0100992 -0.0142426 0.999784
0.355176 11.9804 1.47309 -0.00425968 -0.0246437 0.999687
1.14639 12.6 1.49086 -0.00065286 -0.0219721 0.999753
1.95008 12.2827 1.47887 0.0294135 -0.022588 0.999307
2.58017 11.0306 1.43263 0.0226881 -0.0249925 0.99943
3.18756 10.0601 1.41804 0.0122704 0.00418245 0.999916
3.93779 9.1298 1.3906 0.0459864 -0.0111162 0.998823
4.8052 8.29621 1.32849 0.0599749 -0.0203268 0.997954
5.98895 7.42016 1.21964 0.0783779 -0.0270227 0.996557
6.83781 6.8872 1.14065 0.0833409 -0.0215841 0.996278
7.46236 5.44661 1.05212 0.087751 -0.0147459 0.995996
7.43095 4.43154 1.04488 0.122467 -0.0267387 0.992112
7.3517 2.72139 1.02902 0.109873 -0.010226 0.993807
7.28875 1.5302 1.01649 0.096284 -0.0134235 0.995263
7.16552 0.207117 1.01016 0.089286 -0.00584923 0.995917
7.09565 -1.26115 1.02037 0.0767077 0.000323244 0.997044
7.06979 -2.30416 1.02141 0.0719949 -2.70451e-05 0.997404
7.04834 -3.37438 1.0199 0.0725859 -0.00532541 0.997347
6.93182 -4.47069 1.01977 0.0721957 -0.0102878 0.997336
5.54402 -5.58772 1.11143 0.0654333 -0.00529597 0.997799
4.56685 -5.98658 1.16616 0.057249 0.00608432 0.998286
3.164 -6.65037 1.237 0.0240573 0.0136021 0.999618
2.26488 -7.11821 1.26027 0.0212589 0.000973981 0.999773
1.20788 -7.9004 1.2735 -0.0022866 0.0076583 0.999968
0.149803 -8.729 1.26392 -0.0116728 -0.0066307 0.99991
-1.39594 -9.1159 1.2308 -0.0267696 -0.00495372 0.999626
-2.16358 -8.40478 1.21003 -0.0345512 0.000201254 0.999391
-3.00876 -7.66354 1.17437 -0.0471223 -0.000948603 0.998884
-3.95663 -6.92274 1.12799 -0.0637463 -0.00338705 0.99796
-4.96058 -6.02917 1.06581 -0.0652072 -0.00295386 0.997867
-5.58762 -4.8338 1.01846 -0.0850552 0.0105546 0.99632
-5.81954 -2.92772 0.986096 -0.0842103 0.0034695 0.996442
-5.92469 -1.28221 0.982764 -0.08628 -0.0110551 0.996209
-5.94521 -0.270657 0.991854 -0.0856037 -0.00784041 0.996294
-5.96411 0.895859 0.99373 -0.0851628 -0.00202179 0.996365
-5.96694 0.972557 0.993644 -0.0843098 -0.0101184 0.996355
-6.69707 0.896289 0.931087 -0.0843098 -0.0101184 0.996355
-6.67321 -0.416068 0.914914 -0.112351 -0.0162678 0.993528
-6.61661 -1.84472 0.90694 -0.114009 -0.00897898 0.993438
-6.52341 -3.13356 0.927004 -0.122622 0.0134631 0.992362
-6.36838 -4.76705 0.950381 -0.0950516 0.00563668 0.995409
-6.13594 -5.84035 0.973409 -0.102607 0.00921817 0.994627
-5.31245 -6.76024 1.04149 -0.0620977 -0.00113734 0.998066
-4.52554 -7.40012 1.09033 -0.0633854 -0.00298161 0.997985
-3.6616 -8.07844 1.14344 -0.0544018 -0.00315269 0.998471
-2.53288 -9.06039 1.19599 -0.0513772 -0.000178123 0.998663
-1.5966 -10.0208 1.22689 -0.0288687 0.0107654 0.999525
-0.76706 -10.7319 1.25782 -0.0220674 0.00867007 0.999699
0.112985 -9.79524 1.26417 -0.0156555 0.00644487 0.999856
1.29147 -8.72918 1.27755 -0.014313 -0.00014286 0.999879
2.65996 -7.73038 1.25247 0.0206697 0.00156919 0.999785
4.1314 -6.98722 1.21834 0.0236261 0.00816464 0.999669
5.09245 -6.52526 1.13902 0.066708 0.0141465 0.997549
6.24061 -6.13533 1.05718 0.0757357 -0.00191892 0.997122
7.17335 -5.72301 0.986905 0.0747642 -0.00861784 0.997151
7.72955 -4.61543 0.945129 0.114499 -0.0143404 0.99332
7.78601 -3.39132 0.952017 0.120108 -0.00254407 0.992756
7.77483 -2.38353 0.95461 0.118709 -0.00106743 0.992928
7.79912 -1.32065 0.953915 0.114804 -0.00108222 0.99338
7.88019 0.26298 0.940883 0.111524 -0.000186734 0.993757
8.00223 1.58368 0.94061 0.116029 -0.0121299 0.993172
8.09411 2.70146 0.93858 0.120965 -0.00343993 0.992651
8.13926 3.99812 0.945979 0.121741 -0.0269148 0.992197
8.20812 5.06704 0.966837 0.121308 -0.0278482 0.992224
8.19906 6.41487 0.990251 0.116231 -0.009798 0.993174
7.68755 7.31832 1.05926 0.117265 -0.0232169 0.992743
6.50266 7.97054 1.19389 0.0792049 -0.027214 0.996487
5.60015 8.54816 1.27884 0.0692933 -0.0204203 0.997387
4.68878 9.35085 1.35276 0.0557087 -0.00982173 0.99838
4.0025 10.1423 1.38936 0.0417597 -0.0012918 0.999127
3.38844 11.072 1.41572 0.0251862 -0.0209906 0.99945
2.79706 12.2315 1.45368 0.0287016 -0.019618 0.999395
2.40558 13.2785 1.49062 0.0301012 -0.025331 0.999226
1.98111 14.1172 1.51776 0.0017652 -0.021834 0.99975
0.79253 13.8532 1.51488 0.00332668 -0.0259574 0.999658
-0.18121 12.4832 1.48315 -0.0087261 -0.0237834 0.999668
-0.875152 11.6521 1.4547 -0.0204496 -0.0305175 0.999272
-2.27798 10.3014 1.38656 -0.0296025 -0.010393 0.999508
-3.2125 9.55836 1.31843 -0.0557434 -0.0195009 0.998239
-4.11949 8.84087 1.24353 -0.0812181 -0.0297425 0.996252
-5.00018 8.07002 1.14906 -0.0805358 -0.0255339 0.996416
-5.83583 7.21817 1.05979 -0.0835311 -0.0221687 0.996258
-6.43948 6.39875 0.990473 -0.0924113 -0.0216643 0.995477
-6.7986 5.43781 0.957769 -0.105625 0.00816931 0.994372
-6.78559 4.15338 0.967167 -0.0808981 -0.00124271 0.996711
-6.78453 3.04357 0.95004 -0.117919 -0.0200265 0.992821
-6.74375 1.86054 0.938186 -0.117336 -0.00474709 0.99308
-6.72652 1.45873 0.938901 -0.100601 -0.0107467 0.994692
-7.44368 1.40032 0.853679 -0.127315 -0.011708 0.99171
-7.38532 0.0836551 0.846029 -0.124375 -0.012738 0.992014
-7.36757 -1.2643 0.826466 -0.113252 -0.0100815 0.993515
-7.30151 -2.38456 0.822335 -0.114475 -0.010119 0.993375
-7.19839 -3.88603 0.854254 -0.128695 0.00746829 0.991615
-7.12346 -4.8834 0.872608 -0.120426 0.00598118 0.992513
-6.91382 -6.08808 0.894234 -0.106705 0.00830549 0.994216
-6.17175 -7.05647 0.989884 -0.0832167 0.00564531 0.996205
-5.00021 -7.95425 1.06081 -0.0603013 0.00100241 0.99818
-3.64925 -9.0217 1.13972 -0.0548857 -0.00484919 0.998474
-2.78024 -9.81258 1.18706 -0.0519702 0.00613662 0.998629
-2.01412 -10.6611 1.21785 -0.0381658 -0.00144909 0.99927
-1.1146 -12.1258 1.25411 -0.0345888 0.00268888 0.999386
0.105366 -10.9625 1.27335 -0.0168703 0.0106913 0.999794
1.29814 -9.64534 1.28275 -0.000172448 0.00287896 0.999859
2.23559 -8.90014 1.26424 0.0210402 0.00407903 0.99977
3.53951 -8.10439 1.23415 0.0312856 -0.00324872 0.999445
4.55979 -7.57404 1.19815 0.0600413 0.000594 0.997939
5.47908 -7.13821 1.11876 0.081597 0.00893048 0.996625
7.01011 -6.6646 0.999477 0.0744703 0.000299362 0.997223
8.2881 -5.69462 0.871362 0.105647 0.00744453 0.994376
8.54175 -4.51637 0.850821 0.120525 -0.0111286 0.992647
8.53743 -2.99636 0.86166 0.12146 -0.00298171 0.992591
8.51882 -1.07778 0.870581 0.116843 -0.00436988 0.993141
8.56855 0.0011658 0.863729 0.111503 -0.00282498 0.99376
8.73291 1.75744 0.856663 0.120582 -0.0083206 0.99266
8.84867 3.32494 0.848667 0.121303 -0.00348956 0.992609
8.92262 4.68465 0.868818 0.121164 -0.0278764 0.992241
8.99119 6.42824 0.896979 0.118246 -0.0120176 0.992911
8.55334 7.79187 0.973898 0.117674 -0.0362815 0.992389
7.60484 8.25084 1.09953 0.095414 -0.0220422 0.995193
6.53699 8.81323 1.21377 0.0860696 -0.0241238 0.995967
5.67473 9.42352 1.29129 0.0699178 -0.0206002 0.99734
4.73129 10.3851 1.36065 0.041254 -0.0101697 0.999072
3.75315 11.8823 1.41927 0.0359589 -0.0188906 0.999143
3.17961 13.3754 1.46971 0.0312439 -0.024554 0.999209
2.99752 14.9274 1.50482 0.0322031 -0.0145158 0.999376
3.12577 16.3043 1.51881 0.0343044 -0.0104276 0.999357
3.44679 17.5045 1.51741 0.0438676 -0.0149109 0.99889
3.87064 18.4365 1.52307 0.0484119 -0.0303446 0.998366
4.5077 19.5478 1.52197 0.0623686 -0.0202783 0.997765
5.09806 20.5634 1.49524 0.0742849 -0.017006 0.997092
5.64379 21.8633 1.50131 0.0714394 -0.0353709 0.996818
5.89114 22.9562 1.51983 0.0670698 -0.0279212 0.997341
5.97739 24.0683 1.54148 0.0620705 -0.0290096 0.997638
5.86212 25.3367 1.5917 0.0707273 -0.0283411 0.997035
5.57591 26.6912 1.64745 0.0719221 -0.0248063 0.997102
4.92079 28.3335 1.7382 0.0725218 -0.0279787 0.996974
4.32949 29.3905 1.77354 0.0364868 -0.017779 0.999117
3.71006 30.2244 1.81739 0.0406764 -0.0330882 0.998583
2.51234 31.6291 1.92896 0.0480848 -0.0370518 0.998155
1.44154 32.8226 1.95642 -0.00614498 -0.0248375 0.999673
0.779766 33.609 1.9809 8.42118e-05 -0.0320589 0.999486
-0.653502 34.6352 1.97525 -0.0404756 -0.0232204 0.99891
-1.59033 34.1257 1.9336 -0.032983 -0.0140872 0.999357
-2.25629 32.6141 1.86998 -0.0461044 -0.0374833 0.998233
-2.45545 31.5833 1.82875 -0.0483436 -0.0245724 0.998514
-2.33379 30.3303 1.811 -0.0415782 -0.0232316 0.998853
-1.97106 28.7929 1.78286 -0.0372379 -0.0288988 0.998883
-1.58521 27.6204 1.80647 -0.0352835 0.0239702 0.99909
-1.23384 26.4881 1.84379 -0.0738648 -0.019796 0.996801
-0.796493 24.8728 1.74517 -0.0119093 -0.0708103 0.997417
-0.473621 23.7912 1.71545 -0.021692 -0.0250069 0.999452
-0.1238 22.684 1.69582 -0.0269889 -0.0316816 0.999134
0.209339 21.6253 1.66364 -0.00558699 -0.0370854 0.999138
0.633167 19.9974 1.63417 0.0015461 -0.0210891 0.999764
0.797168 18.9746 1.61813 -0.00555137 -0.0176183 0.999829
0.877956 17.8289 1.59474 -0.00958002 -0.0266418 0.999594
0.804351 16.6506 1.56637 -0.00630144 -0.0179109 0.999796
0.667043 15.5692 1.557 0.00116603 -0.0141599 0.999863
0.217478 14.3498 1.52971 0.00321251 -0.0259044 0.999659
-0.381178 13.4328 1.49694 -0.0271523 -0.0140291 0.999481
-1.10337 12.4893 1.471 -0.0170662 -0.0229697 0.999583
-1.89464 11.6214 1.42713 -0.0272147 -0.0414186 0.998767
-2.66805 10.9205 1.38162 -0.0415535 -0.0180746 0.998871
-3.57631 10.1918 1.31382 -0.0609218 -0.0211848 0.997899
-4.85802 9.18538 1.19025 -0.0885963 -0.0230325 0.995801
-6.06865 8.07454 1.05654 -0.0888399 -0.02164 0.995809
-6.92396 7.10329 0.960446 -0.0893036 -0.0195653 0.995812
-7.49263 6.12672 0.882753 -0.0961427 -0.024452 0.995067
-7.6088 4.98854 0.874564 -0.106367 0.00781893 0.994296
-7.52358 3.30576 0.867559 -0.120404 -0.0180891 0.992555
-7.48618 1.98026 0.851517 -0.117972 -0.00579982 0.992999
-7.45496 1.66336 0.853211 -0.117336 -0.00474709 0.99308
-8.17306 1.52433 0.755418 -0.136827 -0.0201664 0.99039
-8.10431 -0.12933 0.744066 -0.138855 -0.00556081 0.990297
-8.06528 -1.64615 0.742251 -0.121681 -0.00857623 0.992499
-8.00628 -2.68792 0.737649 -0.118788 0.00141076 0.992834
-7.9119 -4.38683 0.757645 -0.134753 0.000896291 0.990879
-7.83145 -5.47487 0.781145 -0.138631 0.0127708 0.990262
-7.30196 -7.11658 0.858318 -0.133598 -0.00996448 0.990985
-6.38289 -7.87337 0.97 -0.10336 -0.0142165 0.99417
-4.96321 -8.88018 1.05766 -0.0799779 -0.00584228 0.99666
-3.70235 -9.93338 1.14034 -0.0521545 0.00694332 0.998615
-2.78784 -10.8783 1.18783 -0.0492255 0.000171702 0.998788
-2.0116 -11.9711 1.21812 -0.0398745 0.00399927 0.999197
-1.3738 -13.0886 1.24782 -0.0345125 0.00277311 0.999387
-1.09452 -14.0162 1.25955 -0.0195362 0.00789916 0.999778
-1.11711 -15.3286 1.27475 -0.0236168 0.0211587 0.999497
-1.28146 -16.8329 1.29293 -0.0353057 0.0111509 0.999314
-1.65018 -17.8869 1.29212 -0.0355031 0.0116165 0.999302
-1.91729 -18.9178 1.29159 -0.0408943 0.0145612 0.999037
-2.15235 -19.9166 1.30213 -0.0428686 0.0206797 0.998867
-2.27594 -21.6664 1.31981 -0.0566487 0.0121061 0.998321
-2.18327 -23.1113 1.33525 -0.0420528 0.0115861 0.99904
-2.12183 -24.5124 1.35377 -0.0453219 0.013899 0.998876
-2.12718 -25.7688 1.36941 -0.0304005 0.023108 0.999126
-2.1669 -27.1831 1.4091 -0.0507373 0.0275312 0.998332
-2.21507 -28.2121 1.43559 -0.0507848 0.0280602 0.998315
-2.35239 -29.4295 1.45267 -0.040084 0.0110132 0.999096
-2.51907 -30.5123 1.4533 -0.0465813 0.0162094 0.998752
-2.64467 -32.2311 1.47897 -0.0376116 0.0148526 0.999182
-2.5698 -33.2602 1.51595 -0.0282132 0.029085 0.999179
-2.34204 -34.3037 1.55267 -0.0317081 0.0193064 0.999255
-1.71015 -35.7885 1.6003 -0.0415969 0.0216267 0.9989
-1.0567 -36.6604 1.64136 -0.0351172 0.0192148 0.999198
-0.0646378 -37.2783 1.68669 -0.0140728 0.0107864 0.999615
0.946318 -37.2543 1.68059 0.00784254 0.00465241 0.999958
2.22936 -36.5589 1.66707 0.0146997 0.00200281 0.999865
3.24806 -35.9682 1.6196 0.0418216 0.0323156 0.998602
4.61629 -35.2959 1.53604 0.056648 0.0286131 0.997906
6.08527 -34.7652 1.42273 0.070323 0.0220016 0.997281
7.32369 -34.438 1.32344 0.0785615 0.00835171 0.99687
8.81282 -34.1228 1.18853 0.106971 0.0091923 0.994183
10.418 -33.187 0.977539 0.131459 0.0184166 0.991125
10.6894 -32.1446 0.914303 0.150272 0.0156234 0.988505
10.6666 -30.7932 0.904515 0.143325 0.014364 0.989546
10.3818 -29.5587 0.918957 0.129111 0.0225677 0.991312
9.81255 -28.3944 0.956255 0.116167 0.025523 0.992901
9.04937 -27.7101 1.02622 0.102172 0.0268992 0.994329
8.17458 -27.0679 1.09402 0.0930054 0.0201204 0.995462
6.75643 -26.1319 1.22411 0.0912644 -0.00123802 0.995676
5.7679 -25.3895 1.28888 0.0635429 0.0244485 0.99764
5.00127 -24.7208 1.31321 0.0521254 0.0272558 0.998263
4.07768 -23.7043 1.34009 0.0545304 0.0143303 0.998409
3.32862 -22.6851 1.36649 0.0503884 0.019636 0.99851
2.48882 -21.3258 1.35321 0.0270508 0.028237 0.999235
1.9613 -20.3581 1.3644 0.0377534 0.00308668 0.999282
1.21751 -18.987 1.3564 0.00242047 0.0167769 0.999856
0.716125 -18.0579 1.34099 0.0100965 0.0172339 0.999784
0.1358 -16.8612 1.32107 -0.00440814 0.016211 0.999859
-0.131473 -15.5706 1.29915 -0.00403833 0.0159837 0.999864
-0.383554 -14.2667 1.27531 -0.0240791 0.00343291 0.999683
-0.155533 -13.2199 1.28306 -0.0285661 -0.000888477 0.999591
0.455167 -11.7827 1.29027 -0.0160957 0.0133579 0.999781
1.04298 -10.9606 1.28854 0.00388265 0.00852581 0.999741
1.83422 -10.1237 1.27413 0.0167433 0.000752814 0.999859
3.10702 -9.17122 1.24663 0.0308414 0.00287043 0.999475
4.13641 -8.61639 1.20533 0.0400395 -0.00402948 0.999179
5.56382 -7.90458 1.11886 0.08254 0.00854419 0.996551
6.61573 -7.53901 1.02836 0.0787088 0.00312058 0.996875
7.61602 -7.24914 0.946212 0.0906306 -0.000877627 0.995863
8.54318 -6.87209 0.852927 0.10345 0.00466546 0.994616
9.18315 -5.94923 0.772981 0.120034 0.0127616 0.992679
9.28392 -4.66449 0.760044 0.117011 -0.00607095 0.993112
9.26472 -3.29572 0.771495 0.120936 -0.00420748 0.992651
9.21839 -2.18164 0.782089 0.118421 -0.00511654 0.99295
9.23224 -0.651206 0.788463 0.115459 -0.00105437 0.993305
9.31749 0.420058 0.780887 0.111503 -0.00282498 0.99376
9.41324 1.42157 0.77105 0.13052 -0.00567961 0.991419
9.5337 2.6627 0.761212 0.12485 -0.0035009 0.992169
9.59548 3.83694 0.756847 0.131592 -0.0175062 0.991009
9.66916 5.0982 0.789124 0.129746 -0.0310297 0.991029
9.73721 6.3771 0.807431 0.131733 -0.0137266 0.991137
9.76502 7.52783 0.813549 0.140312 -0.0232255 0.989818
9.06334 8.50293 0.933777 0.132826 -0.025004 0.990824
7.38462 9.16053 1.14172 0.0977318 -0.0220795 0.994965
6.22983 9.90741 1.26263 0.0940342 -0.0152844 0.995138
5.35889 10.7488 1.33747 0.0521686 -0.0116125 0.99845
4.72432 11.6378 1.37232 0.0428259 -0.022121 0.998838
4.21381 12.649 1.41695 0.0524094 -0.00858278 0.998442
3.87749 13.6194 1.45298 0.0321324 -0.0234252 0.999209
3.75198 14.7324 1.47809 0.0318607 -0.0137864 0.999397
3.95136 16.5061 1.48723 0.0465742 -0.00665716 0.998892
4.54751 18.1023 1.48486 0.0423113 -0.0230926 0.998838
5.43474 19.6413 1.45393 0.0820848 -0.0239426 0.996338
6.03089 20.7592 1.43418 0.0717764 -0.0355788 0.996786
6.50673 22.1138 1.44858 0.0717587 -0.0358957 0.996776
6.68483 23.1034 1.46681 0.0726106 -0.0311217 0.996875
6.71657 24.1472 1.49557 0.0829096 -0.0243049 0.996257
6.55959 25.7429 1.54508 0.0801998 -0.0228433 0.996517
6.21982 27.115 1.6112 0.0765795 -0.0263133 0.996706
5.77817 28.276 1.6742 0.0725356 -0.0279566 0.996974
5.27873 29.2504 1.73754 0.0547139 -0.0172221 0.99814
4.58351 30.309 1.79003 0.0340051 -0.0272752 0.999049
3.74264 31.3602 1.85975 0.0479408 -0.0369808 0.998164
3.01791 32.1674 1.92362 0.0399883 -0.0271351 0.99876
2.13298 33.1613 1.96911 0.0120644 -0.0209301 0.999534
1.32138 34.1372 1.99164 0.00540796 -0.0154837 0.999865
0.20188 35.2583 2.01529 -0.00442928 -0.00938081 0.999879
-1.05472 35.4513 1.97806 -0.0436095 -0.0221333 0.998801
-1.9795 34.88 1.93155 -0.0383591 -0.00639456 0.999198
-2.68487 33.7155 1.89126 -0.0409991 -0.0257389 0.99874
-3.0917 32.3288 1.82053 -0.0589445 -0.0380121 0.997458
-3.21074 31.1912 1.78218 -0.0667076 -0.021394 0.997543
-2.99687 29.8132 1.76903 -0.0499665 -0.0191627 0.998497
-2.61801 28.492 1.748 -0.0407642 -0.0226641 0.998897
-2.27185 27.4632 1.75952 -0.0794408 0.00489662 0.996827
-1.94464 26.4397 1.79016 -0.0738648 -0.019796 0.996801
-1.69198 25.4572 1.76521 -0.0779795 -0.0478783 0.995804
-1.19429 23.645 1.69615 -0.0223738 -0.0242979 0.999454
-0.808363 22.388 1.67291 -0.0169664 -0.028755 0.999442
-0.478268 21.3529 1.64981 -0.0164171 -0.024834 0.999557
-0.217388 20.3788 1.63109 -0.0166673 -0.0228125 0.999601
-0.0125236 19.3661 1.62018 -0.0104409 -0.0124473 0.999846
0.124086 18.2752 1.60207 -0.00555137 -0.0176183 0.999829
0.121319 17.1624 1.56789 -0.0202352 -0.0224844 0.999396
-0.195075 15.3431 1.54766 -0.031622 -0.0119196 0.999402
-1.01747 13.8147 1.48564 -0.0319909 -0.0239095 0.999202
-2.09905 12.4479 1.44598 -0.0407541 -0.0102384 0.999028
-3.05872 11.5417 1.37249 -0.0641306 -0.0216827 0.997702
-4.39402 10.4935 1.2653 -0.0655025 -0.016607 0.997714
-5.24987 9.82479 1.17074 -0.0895855 -0.0328739 0.995436
-6.21615 8.97333 1.06444 -0.089078 -0.0232776 0.995753
-7.16343 8.01902 0.956053 -0.0912764 -0.021645 0.995586
-8.09695 6.81618 0.841219 -0.114249 -0.0187545 0.993099
-8.39347 5.70095 0.784878 -0.101585 -0.00854086 0.994645
-8.27907 4.1387 0.786219 -0.123992 -0.00873895 0.992244
-8.24627 3.11651 0.775121 -0.122678 -0.0160962 0.992316
-8.22943 2.27426 0.762899 -0.14027 -0.0182272 0.989938
-8.93808 2.22248 0.659121 -0.142839 -0.0228775 0.989459
-8.87403 1.08049 0.649703 -0.139977 -0.0180452 0.989982
-8.82284 -0.267677 0.645242 -0.132083 0.00165533 0.991237
-8.76216 -2.01394 0.648604 -0.129841 -0.00671901 0.991512
-8.67818 -3.77139 0.652973 -0.133793 -2.5985e-05 0.991009
-8.58698 -5.39278 0.674335 -0.145257 0.00654645 0.98933
-8.44237 -6.65025 0.696965 -0.15101 -0.00140479 0.98853
-7.46775 -8.06712 0.825717 -0.132663 -0.0107041 0.991103
-6.62474 -8.62256 0.931604 -0.131724 -0.0113932 0.991221
-5.75073 -9.20062 0.992424 -0.0822151 -0.00617954 0.996492
-4.93926 -9.80736 1.06731 -0.0868239 0.00768294 0.996194
-3.78869 -10.8589 1.13848 -0.0498646 0.000207341 0.998756
-2.97965 -11.8256 1.1782 -0.0522433 -0.00470405 0.998608
-2.27203 -13.0612 1.21075 -0.0417139 0.00200968 0.999128
-1.9028 -14.245 1.23997 -0.0453691 0.0146758 0.998862
-1.84095 -15.2872 1.25658 -0.0295585 0.0160725 0.999404
-1.99728 -16.4749 1.26394 -0.0351799 0.0106251 0.999325
-2.29389 -17.5403 1.26522 -0.0372629 0.0100415 0.999252
-2.61035 -18.5964 1.2618 -0.0391226 0.00837444 0.999199
-2.88217 -19.6755 1.26576 -0.0495718 0.014279 0.998627
-3.03586 -20.7797 1.26655 -0.0563913 0.00904536 0.998368
-3.02817 -22.1188 1.28291 -0.062432 0.00857034 0.997987
-2.94794 -23.3434 1.30275 -0.0451865 0.00962265 0.998932
-2.87964 -24.988 1.32604 -0.0461656 0.0131977 0.998846
-2.9015 -26.4352 1.35266 -0.0459303 0.0239194 0.998658
-2.93514 -28.0645 1.3948 -0.0507048 0.0281532 0.998317
-3.1104 -29.6053 1.41741 -0.0526024 0.0112446 0.998535
-3.29711 -30.9316 1.42805 -0.0453748 0.0240584 0.99868
-3.38289 -31.9358 1.44619 -0.0347401 0.0237675 0.999062
-3.27728 -33.6581 1.50717 -0.0301476 0.0313098 0.999051
-2.82854 -35.1402 1.54327 -0.0354934 0.0100995 0.999319
-2.36413 -36.1865 1.58165 -0.0415007 0.0212728 0.998912
-1.21912 -37.5562 1.65201 -0.0403113 0.0134503 0.999097
0.518405 -38.2038 1.68662 0.00492929 0.0029563 0.999983
1.77292 -37.7021 1.67634 0.0139595 0.00282826 0.999878
2.70753 -37.1172 1.65653 0.0212465 0.000329444 0.999774
3.76971 -36.4838 1.61206 0.039842 0.0233607 0.998913
4.72384 -36.02 1.54485 0.0678627 0.0258661 0.997352
5.78622 -35.5887 1.46226 0.0701193 0.0227762 0.997278
7.19308 -35.1985 1.34126 0.0890198 0.0149614 0.995917
8.34749 -34.9629 1.23849 0.100359 0.00304817 0.994947
9.3683 -34.7739 1.13431 0.108308 0.00915348 0.994032
10.7542 -34.0895 0.944105 0.139099 0.00863485 0.990241
11.3986 -32.6536 0.816546 0.159833 0.0227963 0.986838
11.4516 -31.3182 0.792863 0.145761 0.00861652 0.989282
11.1881 -29.612 0.806057 0.142014 0.0217085 0.989626
10.627 -28.1906 0.856697 0.129691 0.0214444 0.991211
9.97662 -27.4076 0.912125 0.116747 0.0160504 0.993031
8.73762 -26.5578 1.03111 0.0988511 0.0219611 0.994841
7.62687 -25.8506 1.12853 0.108128 0.0037628 0.99413
6.18968 -24.8386 1.24698 0.0691574 0.0285263 0.997162
5.19937 -23.9678 1.28167 0.0678178 0.0242631 0.997318
4.50296 -23.1026 1.30883 0.0539777 0.0129112 0.998459
3.88089 -22.1977 1.32752 0.0468138 0.0256954 0.998573
3.05661 -20.8701 1.32449 0.0328214 0.0160539 0.999234
2.53424 -19.8953 1.34133 0.0370374 0.00220833 0.999311
2.05255 -18.9884 1.35091 0.019063 0.0206751 0.999547
1.46367 -17.8889 1.33125 0.00832092 0.0224516 0.999713
0.954089 -16.8282 1.32341 0.00499918 0.0140325 0.999853
0.543003 -15.4762 1.30038 -0.00352001 0.0159774 0.999866
0.462888 -13.8863 1.28946 0.00879971 -0.011945 0.99989
0.733772 -12.8651 1.29931 0.0169705 -0.00509528 0.999787
1.52925 -11.4875 1.27866 0.0244039 0.00172793 0.999699
2.35845 -10.6177 1.26328 0.0208075 -0.00367757 0.999777
3.70145 -9.65523 1.22353 0.0387927 0.00505978 0.999228
5.02099 -8.92943 1.16878 0.0399126 -0.00387637 0.999186
6.10227 -8.45486 1.07836 0.0831302 0.00781191 0.996508
7.07794 -8.1333 0.99402 0.0830553 0.00745016 0.996517
8.11423 -7.87506 0.898757 0.098793 0.00157223 0.995104
9.60574 -7.03333 0.730769 0.135184 0.0032479 0.990664
9.99999 -5.71038 0.66962 0.11995 0.00205716 0.992744
10.0135 -4.662 0.674201 0.128828 -0.000242884 0.991572
9.98057 -3.25785 0.684869 0.129285 -0.0102778 0.991497
9.95518 -2.24037 0.693555 0.119366 -0.00525672 0.992836
9.96013 -0.591328 0.693711 0.133939 0.00102735 0.990982
10.0609 0.801557 0.683354 0.132621 -0.00184895 0.991165
10.1838 1.90268 0.675886 0.128923 -0.00956783 0.991608
10.2837 2.96831 0.66792 0.125289 -0.00281573 0.992116
10.3374 4.07442 0.663324 0.125646 -0.00206399 0.992073
10.3841 5.24268 0.695089 0.141997 -0.0277373 0.989445
10.4989 6.89977 0.701868 0.142344 -0.00739252 0.989789
10.5436 7.92645 0.712534 0.140312 -0.0232255 0.989818
9.80886 9.07217 0.846551 0.140148 -0.020074 0.989926
8.64967 9.41151 1.00688 0.125902 0.00337757 0.991976
7.07352 10.1853 1.16531 0.0965116 0.00768145 0.995302
5.8987 11.1934 1.31082 0.0896954 -0.0129805 0.995564
5.15263 12.3205 1.36074 0.0616547 0.00466004 0.998086
4.73918 13.3246 1.39008 0.072983 -0.0333547 0.996773
4.51606 14.3977 1.43489 0.0661914 -0.0152313 0.997684
4.51093 15.3993 1.44351 0.0606288 -0.011239 0.998073
4.77307 16.5873 1.44974 0.0538542 -0.014893 0.998379
5.11954 17.5392 1.44743 0.0636024 -0.016635 0.997594
5.73414 18.6961 1.40699 0.0845983 -0.0101161 0.996364
6.36642 19.7511 1.37965 0.084659 -0.0230813 0.996139
6.93094 20.9266 1.37139 0.0825872 -0.0450156 0.995567
7.28741 22.075 1.39092 0.0722523 -0.0334349 0.996823
7.46388 23.5307 1.416 0.0856279 -0.0253555 0.996004
7.43321 24.8747 1.45294 0.0856432 -0.025431 0.996001
7.16334 26.4822 1.51688 0.0876461 -0.0236919 0.995835
6.86153 27.5551 1.56615 0.0942993 -0.0242539 0.995235
6.21672 29.0704 1.6585 0.0807483 -0.0227186 0.996476
5.71583 29.9423 1.7219 0.0714505 -0.0218326 0.997146
4.83488 31.2061 1.79729 0.061547 -0.040555 0.996979
4.13223 32.0382 1.86497 0.0483207 -0.0354912 0.998201
3.1061 33.1727 1.93938 0.0318254 -0.0182939 0.999326
2.382 34.0146 1.98109 0.0201313 -0.0208126 0.999522
1.69526 34.8576 2.00172 0.0100142 -0.0179755 0.999773
0.922163 35.6646 2.01939 0.000955388 -0.0209177 0.999773
-0.126122 36.315 2.02803 -0.0224112 -0.0213936 0.999469
-1.51131 36.304 1.97461 -0.0441153 -0.0192974 0.99884
-2.45539 35.63 1.90959 -0.0494462 -0.00947757 0.998653
-3.29583 34.2011 1.87362 -0.0606042 -0.000377645 0.998042
-3.65935 33.2083 1.81493 -0.0709913 -0.0400698 0.996672
-3.90749 31.9211 1.7528 -0.0647242 -0.024224 0.997609
-3.92082 30.5854 1.72175 -0.065075 -0.0166691 0.997729
-3.5992 29.1794 1.72532 -0.0537775 -0.0200976 0.99827
-3.25956 28.1968 1.71697 -0.0408501 -0.0170238 0.99902
-2.88697 27.0986 1.71283 -0.0595104 -0.00602038 0.99796
-2.47382 25.6357 1.71227 -0.0777795 -0.0469098 0.995866
-2.16599 24.3953 1.68598 -0.0461218 -0.0187925 0.998743
-1.74262 22.9286 1.67004 -0.0208032 -0.0200861 0.999582
-1.44613 21.9233 1.64882 -0.0156582 -0.0266118 0.999522
-1.12762 20.9289 1.62879 -0.0153198 -0.0249606 0.999571
-0.844533 19.7361 1.61005 -0.0162309 -0.00843646 0.999833
-0.670067 18.5956 1.60284 -0.0112348 -0.013388 0.999826
-0.648254 17.1121 1.55585 -0.0163689 -0.037143 0.99917
-0.859239 15.7857 1.53153 -0.0276804 -0.00626537 0.999597
-1.49889 14.4555 1.48521 -0.0341545 -0.0211006 0.999189
-2.25581 13.3586 1.44432 -0.0553634 -0.00439789 0.998456
-3.13574 12.4455 1.38489 -0.0610342 -0.0176701 0.997979
-4.18803 11.5708 1.29784 -0.0666513 -0.0229991 0.997511
-5.44681 10.6225 1.17943 -0.0897076 -0.0320867 0.995451
-6.3555 9.86634 1.07286 -0.0889336 -0.0278512 0.995636
-7.11687 9.14262 0.983706 -0.111283 -0.00681571 0.993765
-7.93273 8.29758 0.884919 -0.123991 -0.0125037 0.99212
-8.79761 7.2091 0.753383 -0.132276 -0.0143268 0.991109
-9.12097 6.17812 0.695522 -0.131001 -0.013205 0.991294
-9.08551 4.7836 0.687917 -0.134371 -0.00397479 0.990923
-8.9839 3.44731 0.688543 -0.133419 -0.0219237 0.990749
-8.95108 2.68495 0.671028 -0.142349 -0.0292338 0.989385
-9.68528 2.78393 0.568008 -0.142227 -0.0286308 0.98942
-9.73363 3.90063 0.587419 -0.156566 -0.0187814 0.987486
-9.887 5.73971 0.588255 -0.130397 -0.0111815 0.991396
-9.78308 6.82694 0.615113 -0.134416 -0.0130978 0.990838
-9.01401 8.22958 0.735822 -0.134373 -0.0107577 0.990872
-8.21555 9.10535 0.859529 -0.135935 -0.0167242 0.990577
-7.45502 9.85189 0.950704 -0.111283 -0.00681571 0.993765
-6.49876 10.7304 1.08172 -0.0980202 -0.0268428 0.994822
-5.5731 11.4717 1.19201 -0.0957774 -0.0240471 0.99511
-4.63916 12.1597 1.28127 -0.073395 -0.0177592 0.997108
-3.75639 12.834 1.35457 -0.0633238 -0.0197632 0.997791
-2.92518 13.6746 1.40857 -0.0540102 -0.00793866 0.998503
-1.93804 15.2066 1.48208 -0.05398 -0.017341 0.998391
-1.52206 16.1602 1.51541 -0.0319741 -0.0124229 0.999389
-1.36624 17.4472 1.55391 -0.0190794 -0.0357439 0.999179
-1.47357 18.939 1.58351 -0.0458658 -0.0244327 0.998649
-1.6634 19.97 1.59883 -0.030922 -0.0156592 0.999264
-1.94371 21.049 1.61928 -0.0153198 -0.0249606 0.999571
-2.28841 22.1463 1.64156 -0.0156582 -0.0266118 0.999522
-2.6406 23.3111 1.64954 -0.0464452 -0.0130207 0.998836
-2.90965 24.3741 1.65187 -0.0447099 -0.024524 0.998699
-3.35347 26.2533 1.67777 -0.0590665 -0.0203012 0.997934
-3.77814 27.5176 1.68 -0.0633569 -0.0235111 0.997714
-4.15225 28.5298 1.67986 -0.0683256 -0.0187926 0.997464
-4.4904 29.5358 1.66988 -0.0735521 -0.0150111 0.997178
-4.69599 30.6364 1.67112 -0.081512 -0.00688076 0.996585
-4.69596 31.7417 1.69723 -0.0646719 -0.0239038 0.99762
-4.43616 33.1859 1.75891 -0.0774852 -0.0305561 0.996456
-4.05477 34.3584 1.81609 -0.0801598 -0.0115055 0.996661
-3.42936 35.5888 1.86584 -0.0606781 -2.62567e-06 0.998033
-2.57039 36.6532 1.92408 -0.0554376 -0.0203517 0.998255
-1.58192 37.1714 1.98852 -0.0494126 -0.019428 0.998574
-0.495405 37.2847 2.02576 -0.0298699 -0.00552724 0.999538
1.06746 36.5404 2.04092 -0.0255689 -0.0334617 0.99881
2.13043 35.5258 2.00592 0.0121688 -0.0513858 0.997979
2.88592 34.5721 1.98232 0.0221351 -0.0198547 0.999503
4.06763 33.2216 1.90981 0.0462257 -0.0244355 0.998491
5.10324 32.052 1.83303 0.0376151 -0.0393306 0.998491
5.76597 31.1812 1.73888 0.0612309 -0.0438648 0.996781
6.39456 30.2351 1.67519 0.0804981 -0.0281448 0.996357
6.92872 29.3066 1.60575 0.0813974 -0.0252509 0.996358
7.57281 27.7565 1.50478 0.0943031 -0.0292957 0.995112
7.89126 26.6519 1.45094 0.0946094 -0.0191193 0.995331
8.18329 24.9653 1.39076 0.0963156 -0.0180366 0.995102
8.25851 23.8814 1.35622 0.0863522 -0.0256538 0.995934
8.21434 22.8819 1.3345 0.0859932 -0.0256601 0.995965
7.81916 21.1408 1.30738 0.0960994 -0.0402442 0.994454
7.45653 20.1649 1.29345 0.0849613 -0.0335458 0.995753
6.67713 18.8103 1.3316 0.0847135 -0.0228222 0.99614
6.15232 17.9402 1.36379 0.0864312 -0.0119201 0.996183
5.68007 17.0107 1.39275 0.0882235 -0.0134501 0.99601
5.32472 15.7478 1.39975 0.0673954 -0.018913 0.997532
5.27267 14.2058 1.3788 0.0822311 -0.0169234 0.996448
5.7614 12.7419 1.32099 0.0604388 0.00444018 0.998161
6.27261 11.8449 1.27488 0.108068 -0.00647418 0.994095
7.53226 10.7383 1.11601 0.107306 -0.000807563 0.994126
9.01186 10.0547 0.956924 0.117826 0.00969584 0.992986
10.3219 9.82431 0.787792 0.134639 -0.0121577 0.990783
11.2955 8.69187 0.624015 0.145329 -0.02335 0.989101
11.2513 7.34096 0.60307 0.138185 -0.0177293 0.990248
11.1571 6.29698 0.601997 0.145429 -0.0141317 0.989246
11.0751 4.70251 0.580748 0.142326 -0.0273818 0.989408
11.036 3.56182 0.573775 0.125646 -0.00206399 0.992073
10.9699 2.51279 0.57996 0.125289 -0.00281573 0.992116
10.7968 0.974771 0.585883 0.131656 -0.0079774 0.991257
10.725 -0.208771 0.591417 0.134163 -0.00275224 0.990955
10.6913 -1.42095 0.598796 0.134096 0.00479472 0.990957
10.6923 -2.47985 0.597883 0.15597 -0.00776416 0.987555
10.7175 -3.79097 0.572823 0.141111 -0.0149221 0.989881
10.7521 -4.88788 0.570454 0.140957 0.00587858 0.989998
10.7493 -6.04209 0.574555 0.146059 -0.00835522 0.989241
10.3449 -7.69247 0.617924 0.1429 -0.00131431 0.989693
9.38594 -8.33532 0.764163 0.136829 0.00109947 0.990522
8.13237 -8.60229 0.898757 0.0951298 0.00445493 0.995455
6.57029 -9.04001 1.04099 0.0854485 8.81539e-05 0.996342
5.58956 -9.45007 1.12425 0.0833575 -0.000714376 0.996519
4.59127 -9.97291 1.19297 0.0372834 0.00839336 0.999269
3.67333 -10.5264 1.23192 0.0318093 0.00202216 0.999456
2.77477 -11.2158 1.25236 0.0230442 -0.00455879 0.999721
1.79321 -12.351 1.27219 0.0245954 0.000838936 0.999697
1.34278 -13.3558 1.28528 0.0248339 0.00206926 0.999689
1.20168 -14.7097 1.28633 0.000616098 0.0189088 0.999821
1.43709 -15.9694 1.30315 0.0269281 0.0154291 0.999494
2.09807 -17.4844 1.31535 0.0128273 0.0178553 0.999736
2.91199 -19.0365 1.32639 0.0316355 0.0189918 0.999318
3.58583 -20.3116 1.30323 0.0413251 0.000765593 0.999135
4.16244 -21.3116 1.29214 0.0426256 0.0215627 0.998844
4.83005 -22.3288 1.28111 0.0587564 0.0138178 0.998164
5.63237 -23.3886 1.24557 0.0659149 0.0130566 0.997736
6.62201 -24.2603 1.19597 0.0684476 0.0370607 0.996966
7.7597 -25.0803 1.10802 0.109512 0.0119202 0.993914
9.18116 -25.9515 0.970183 0.104594 0.0233571 0.994241
10.5199 -26.8746 0.838884 0.117387 0.0149719 0.992972
11.3311 -27.8287 0.747333 0.144063 0.0189076 0.989388
11.8254 -29.1094 0.702205 0.14271 0.0239296 0.989475
12.045 -30.1736 0.689005 0.179112 0.0203468 0.983604
12.2044 -31.7621 0.677185 0.159268 0.00552337 0.98722
12.1832 -33.0077 0.690363 0.163141 0.0158264 0.986431
11.5283 -34.4583 0.834661 0.173242 0.0110425 0.984757
10.5035 -35.2047 0.989162 0.13905 0.00896548 0.990245
8.93374 -35.6096 1.18346 0.0974054 0.014091 0.995145
7.90005 -35.7684 1.28583 0.098178 0.00850891 0.995114
6.72756 -36.0342 1.39499 0.0863438 0.0246421 0.995908
5.32328 -36.5184 1.53027 0.059986 0.0512815 0.996818
4.38686 -36.9536 1.59739 0.0502749 0.0413876 0.997867
3.34655 -37.5566 1.64342 0.0289517 0.00611325 0.999521
1.85012 -38.5337 1.68549 0.0209465 0.0283985 0.999371
0.150558 -39.022 1.72023 0.00220079 0.0412242 0.999146
-1.32046 -38.412 1.65927 -0.0405979 0.0157802 0.999048
-2.14532 -37.7484 1.61718 -0.045359 0.0149445 0.998847
-3.31935 -35.9435 1.5364 -0.0442729 0.0163666 0.998869
-3.79651 -34.7013 1.49668 -0.0640607 0.00901708 0.997903
-4.06435 -33.5597 1.46534 -0.0611477 0.0234881 0.997803
-4.13787 -32.5631 1.42904 -0.0567701 0.0317345 0.997883
-4.03845 -30.9773 1.3966 -0.0426427 0.0247171 0.998785
-3.86871 -29.7033 1.37612 -0.056204 0.0170147 0.998273
-3.66519 -28.0027 1.35251 -0.0560993 0.0257545 0.998093
-3.61116 -26.3407 1.31406 -0.0579365 0.0191308 0.998127
-3.60943 -25.1388 1.29355 -0.0475841 0.0156736 0.998739
-3.68494 -24.0271 1.27077 -0.0715708 0.0176279 0.997269
-3.77496 -22.5847 1.23467 -0.0680903 0.0207159 0.997464
-3.83705 -21.2486 1.22305 -0.0736787 0.00949766 0.997216
-3.74008 -20.1056 1.21453 -0.0779925 0.0140006 0.996856
-3.51975 -19.0148 1.21981 -0.0696445 0.0107519 0.997486
-3.19949 -17.9469 1.2235 -0.0638473 0.0158056 0.997834
-2.87655 -16.8872 1.23027 -0.0569851 0.0123351 0.998283
-2.64918 -15.7535 1.22393 -0.052805 0.0162328 0.998473
-2.64776 -14.52 1.20977 -0.0508824 0.00952336 0.998659
-3.1556 -12.936 1.17333 -0.0512827 0.00353664 0.998636
-3.90156 -11.8289 1.12705 -0.0557047 -0.00915486 0.998405
-4.79802 -10.8779 1.0854 -0.0728943 -0.00784776 0.997165
-5.61239 -10.2077 1.01182 -0.0895929 0.00372324 0.995958
-6.56953 -9.53653 0.922786 -0.0822151 -0.00617954 0.996492
-7.46274 -8.98287 0.816099 -0.131724 -0.0113932 0.991221
-8.32441 -8.43353 0.707093 -0.132663 -0.0107041 0.991103
-9.02674 -7.53141 0.605095 -0.150703 -0.00324615 0.988574
-9.27837 -6.15555 0.568381 -0.151813 0.000455267 0.988409
-9.34708 -4.96514 0.559077 -0.14482 -0.00597295 0.989431
-9.41644 -3.17296 0.55397 -0.133088 -0.00022216 0.991104
-9.48582 -1.85103 0.554941 -0.130288 -0.00721632 0.99145
-9.53255 -0.500835 0.551061 -0.132155 0.0015388 0.991228
-9.57993 1.03416 0.546605 -0.13852 -0.0121593 0.990264
-9.64036 2.11877 0.555446 -0.142705 -0.0221237 0.989498
-10.3441 2.07302 0.452189 -0.150912 -0.0159616 0.98839
-10.2577 0.292147 0.449168 -0.133307 -0.00791989 0.991043
-10.2294 -1.14749 0.457551 -0.142399 -0.00411325 0.989755
-10.1643 -2.41813 0.461053 -0.141466 -0.00495419 0.989867
-10.1056 -3.78587 0.461278 -0.138236 -0.00538566 0.990358
-10.0593 -5.10915 0.45411 -0.143603 -0.0102051 0.989583
-10.0008 -6.81798 0.459293 -0.147964 -0.00336003 0.988984
-9.79411 -7.97733 0.500236 -0.135372 0.0151587 0.990674
-9.22079 -8.799 0.593462 -0.130834 0.0134063 0.991305
-8.32959 -9.36099 0.713071 -0.119841 0.00808824 0.99276
-7.39842 -9.89218 0.829929 -0.117294 0.0050287 0.993078
-6.50858 -10.4641 0.928556 -0.092311 -0.000811535 0.99573
-5.44475 -11.292 1.02438 -0.0897413 -0.00658939 0.995943
-4.4199 -12.344 1.09313 -0.0588569 -0.00172218 0.998232
-3.74405 -13.4301 1.14061 -0.0658836 -0.00118681 0.997787
-3.3736 -14.6873 1.17431 -0.0510659 0.00979639 0.998647
-3.47966 -16.2117 1.18721 -0.0576991 0.0127239 0.998237
-3.77397 -17.2964 1.17858 -0.0619249 0.00862693 0.998044
-4.13029 -18.3474 1.16994 -0.069848 0.0107511 0.997472
-4.42161 -19.4926 1.15448 -0.0755436 0.00560162 0.997127
-4.56542 -20.6167 1.15693 -0.0784518 0.0142677 0.996816
-4.59141 -21.9933 1.17452 -0.0734805 0.00966047 0.997229
-4.53099 -23.0569 1.19291 -0.0715358 0.0176321 0.997271
-4.45029 -24.1192 1.21449 -0.0750574 0.0145573 0.997073
-4.34858 -25.2791 1.24876 -0.0754864 0.0245598 0.996844
-4.35179 -26.9073 1.28142 -0.0616004 0.0219266 0.997837
-4.41931 -28.2879 1.3174 -0.0578214 0.0272565 0.997952
-4.53902 -29.2887 1.33157 -0.0502884 0.0206412 0.998489
-4.69142 -30.4457 1.35517 -0.0438268 0.0270003 0.998674
-4.83879 -31.5527 1.37377 -0.0477409 0.0154923 0.99874
-4.89075 -32.5634 1.38632 -0.052328 0.0230959 0.998315
-4.69972 -34.2619 1.43395 -0.0655585 0.0142146 0.997747
-4.26001 -35.6385 1.47337 -0.0660482 0.00834526 0.99778
-3.64198 -36.9108 1.53001 -0.0711244 0.0092772 0.997412
-3.08086 -37.758 1.57076 -0.0488314 0.0167859 0.998665
-2.41591 -38.5349 1.61604 -0.0413272 0.0156585 0.999018
-1.36983 -39.2698 1.67295 -0.0409187 0.0182013 0.998997
-0.234932 -39.7695 1.72485 -0.0366197 0.0158929 0.999203
0.778712 -39.8141 1.74968 0.0138682 0.0350484 0.999227
2.16233 -39.2281 1.69911 0.0239274 0.0299456 0.999265
3.02642 -38.6524 1.66722 0.0189191 0.0265557 0.999468
4.08906 -37.9474 1.62702 0.0221415 0.013204 0.99964
5.2071 -37.3608 1.57104 0.0585894 0.0302861 0.997767
6.18957 -36.9428 1.47697 0.0954529 0.0412288 0.99458
7.40492 -36.588 1.35607 0.0852607 0.0343783 0.995765
8.44657 -36.4054 1.24207 0.103076 0.0203479 0.994422
9.44509 -36.2803 1.1429 0.116022 0.00980222 0.993008
10.5727 -36.0513 0.986713 0.138716 0.00665393 0.990309
11.7736 -35.3186 0.791922 0.179361 0.000988658 0.983782
12.5259 -34.4407 0.653113 0.181754 0.00102611 0.983343
12.97 -32.6973 0.561523 0.158787 0.00775868 0.987282
12.9251 -31.6833 0.560164 0.159028 0.00721277 0.987247
12.7385 -29.9223 0.55756 0.176538 0.0254262 0.983965
12.4654 -28.5469 0.586764 0.177522 0.0117543 0.984037
12.0673 -27.5089 0.630666 0.14863 0.0229671 0.988626
11.2119 -26.4051 0.732365 0.147916 0.0243748 0.988699
10.4048 -25.7766 0.836632 0.124011 0.0268518 0.991701
9.12908 -25.0826 0.958562 0.104748 0.0181033 0.994334
8.15553 -24.5052 1.05718 0.110535 0.0125978 0.993792
7.33941 -23.9316 1.13431 0.0688222 0.0239303 0.997253
6.33219 -23.0621 1.1941 0.0681748 0.0120864 0.9976
5.64139 -22.2743 1.22856 0.0644642 0.0149181 0.997808
5.03709 -21.3894 1.25768 0.0519446 0.0139925 0.99848
4.53012 -20.4967 1.26334 0.0403412 0.0171951 0.999037
4.04408 -19.5975 1.28124 0.0487797 0.00240992 0.998806
3.31464 -18.1786 1.29699 0.0360575 0.0222469 0.999091
2.80536 -17.201 1.29008 0.0390081 0.0217191 0.998987
2.18545 -15.8126 1.28131 0.0244273 0.021644 0.999467
1.94802 -14.1624 1.27214 0.0281238 0.00743335 0.999575
2.19665 -13.1293 1.2636 0.0248339 0.00206926 0.999689
2.7013 -12.2603 1.24913 0.026748 -0.00175882 0.999637
3.61885 -11.4565 1.22932 0.026768 -0.00443811 0.999632
4.69866 -10.7569 1.19515 0.0605918 0.00221043 0.997881
5.80896 -10.1575 1.10429 0.0833374 -0.00354847 0.996515
6.92579 -9.66573 1.01028 0.0871151 -0.00183473 0.996195
7.90333 -9.38218 0.922733 0.0909743 -0.00128954 0.995852
8.95151 -9.20762 0.822701 0.108472 0.0109038 0.993896
9.91499 -8.96138 0.692592 0.144304 0.0106392 0.989476
11.3266 -7.98075 0.478318 0.144129 0.00782462 0.989528
11.4735 -6.84687 0.460784 0.146319 -0.00867093 0.989199
11.4758 -5.8313 0.46919 0.145519 -0.00256644 0.989334
11.4674 -4.34007 0.46407 0.144245 0.00605973 0.989522
11.4237 -3.1056 0.473147 0.16824 0.00252171 0.985742
11.4262 -2.08237 0.472115 0.171439 -0.0153664 0.985075
11.4286 -0.602889 0.495055 0.15261 -0.00536294 0.988042
11.5123 0.814358 0.490124 0.131903 -0.00506136 0.99125
11.6209 1.87838 0.485356 0.133508 -0.0107015 0.99099
11.7166 3.00888 0.472503 0.146022 -0.0055565 0.989266
11.771 4.14127 0.471315 0.1485 -0.00284156 0.988899
11.809 5.27851 0.478831 0.161083 -0.0231744 0.986669
11.8705 6.33638 0.492219 0.162298 -0.018549 0.986562
11.959 7.33894 0.49474 0.165094 -0.0175072 0.986123
12.1064 9.00284 0.500865 0.162241 -0.0186417 0.986574
12.1559 10.2975 0.513577 0.162046 -0.0150755 0.986668
11.1644 10.5343 0.67974 0.152815 -0.0173175 0.988058
10.1307 10.5897 0.817618 0.127845 -0.00691925 0.991769
8.84989 10.8767 0.973922 0.104832 -0.00668475 0.994463
7.72927 11.4635 1.09963 0.112489 -0.00974534 0.993589
6.91129 12.222 1.20658 0.120377 -0.0122265 0.992653
6.17876 13.5413 1.28384 0.10286 -0.0079033 0.994621
5.97645 14.5564 1.32589 0.102808 -0.0212527 0.994474
6.11798 16.0658 1.34146 0.0881899 -0.0136859 0.99601
6.54465 17.1163 1.31768 0.0881563 -0.0137496 0.996012
7.31256 18.4045 1.26734 0.0876077 -0.0174861 0.995994
8.21963 19.9692 1.22196 0.100617 -0.0164057 0.994678
8.68939 21.4253 1.22147 0.109982 -0.0355848 0.993296
8.96153 22.6857 1.245 0.107577 -0.0437797 0.993232
9.03605 23.7361 1.28302 0.123573 -0.0394958 0.991411
8.94407 24.9104 1.30848 0.106731 -0.010645 0.994231
8.77216 26.0249 1.34214 0.108481 -0.0251912 0.993779
8.44594 27.4689 1.41386 0.101126 -0.0222031 0.9946
8.02993 28.6585 1.48703 0.0973862 -0.0273361 0.994871
7.56702 29.667 1.55957 0.0947522 -0.0244707 0.995195
6.64941 31.1708 1.67971 0.0923589 -0.0245518 0.995423
5.97559 32.1177 1.79308 0.0579448 -0.0697155 0.995876
5.2739 32.9908 1.8562 0.050371 -0.0084369 0.998623
4.27541 34.1129 1.91577 0.0627975 -0.0210304 0.997805
3.37824 35.1442 1.98278 0.0221351 -0.0198547 0.999503
2.77839 35.9495 2.03551 0.0118955 -0.0855343 0.996264
1.91516 36.8103 2.09395 -0.0426528 -0.040533 0.998246
0.830207 37.6433 2.06476 -0.0223966 -0.00416583 0.999355
-0.736853 38.1542 2.04348 -0.0296572 -0.0348189 0.998953
-1.74584 37.9818 2.00418 -0.0388773 -0.0305735 0.998771
-2.68523 37.5598 1.95016 -0.0440052 -0.036083 0.998379
-3.5457 36.7802 1.88367 -0.0645916 -0.0382129 0.996973
-4.31185 35.5583 1.79822 -0.0740989 -0.00472745 0.997232
-4.76124 34.6373 1.76217 -0.0807598 -0.0113508 0.996613
-5.11442 33.5622 1.70934 -0.0942317 -0.0228534 0.995239
-5.35448 32.4495 1.65604 -0.102298 -0.0287362 0.994333
-5.47916 31.1302 1.60249 -0.0996302 -0.0311347 0.994537
-5.40327 30.113 1.60785 -0.0910359 0.00046378 0.995847
-5.15378 29.1174 1.61451 -0.074186 -0.0151334 0.99713
-4.75318 28.0544 1.62864 -0.0749201 -0.0160264 0.99706
-4.38316 27.06 1.63079 -0.0657983 -0.0240517 0.99754
-4.02621 26.037 1.62445 -0.0701764 -0.0234619 0.99723
-3.74926 24.8137 1.62513 -0.059387 -0.0199868 0.99792
-3.39181 23.2244 1.6134 -0.0603447 -0.0220948 0.997802
-3.09545 22.1784 1.59922 -0.0717875 -0.011976 0.997111
-2.76628 21.1279 1.60551 -0.0204034 -0.0269014 0.99943
-2.47638 20.1528 1.5852 -0.0207576 -0.0336978 0.999193
-2.2478 19.0473 1.5507 -0.0464162 -0.0248519 0.998613
-2.13312 17.8848 1.52821 -0.0470766 -0.0220194 0.998649
-2.22055 16.4136 1.48781 -0.0562123 -0.0219519 0.99816
-2.64581 15.4728 1.44861 -0.0551088 -0.0174007 0.998328
-3.23349 14.4941 1.40163 -0.0524229 -0.0119922 0.998553
-4.15221 13.452 1.34076 -0.0673052 -0.0199349 0.997418
-4.95842 12.8561 1.26437 -0.0796067 -0.0122282 0.996751
-5.79562 12.2462 1.18765 -0.096292 -0.0212858 0.995125
-6.66237 11.5756 1.08887 -0.0981364 -0.0242866 0.994872
-7.52459 10.811 0.973691 -0.112845 -0.0352379 0.992987
-8.30343 10.0455 0.85715 -0.112876 -0.0214646 0.993276
-9.04861 9.30795 0.74863 -0.135935 -0.0167242 0.990577
-9.74041 8.58878 0.641326 -0.135237 -0.0138881 0.990711
-10.4066 7.42874 0.521303 -0.167208 -0.0138308 0.985824
-10.6085 6.32727 0.484112 -0.157066 -0.00379797 0.987557
-10.5856 5.3145 0.479317 -0.150929 -0.0098704 0.988492
-10.4794 4.02209 0.471228 -0.154022 -0.0187113 0.987885
-10.3978 2.86138 0.459904 -0.156818 -0.0207308 0.98741
-11.0889 2.71452 0.350183 -0.146839 -0.0106568 0.989103
-10.9875 1.28148 0.355197 -0.150521 -0.0034438 0.98859
-10.9615 0.07786 0.353013 -0.134612 -0.00205979 0.990879
-10.9188 -1.77473 0.34669 -0.150976 -0.011224 0.988473
-10.8314 -3.07206 0.356152 -0.157482 -0.00648949 0.987482
-10.8082 -4.27616 0.351009 -0.163861 -0.00497076 0.986471
-10.7506 -5.71668 0.350721 -0.148324 -0.00326749 0.988929
-10.7786 -6.81025 0.341241 -0.150358 -0.00474418 0.98862
-10.6477 -8.02237 0.375678 -0.159324 0.0221118 0.986928
-10.1184 -9.16178 0.480476 -0.130659 0.0149394 0.991289
-9.1557 -9.77508 0.610704 -0.130469 0.00958242 0.991406
-7.76706 -10.5319 0.7878 -0.116484 0.00137082 0.993191
-6.78101 -11.1824 0.902443 -0.103702 -0.00117144 0.994544
-5.82292 -11.9142 0.986191 -0.0897412 -0.00658933 0.995943
-4.97733 -12.8112 1.05694 -0.0823817 -0.00627416 0.996522
-4.27915 -13.9265 1.09825 -0.0717051 -0.0078976 0.997395
-4.08682 -14.9026 1.12713 -0.0791798 0.0171872 0.996712
-4.33796 -16.6357 1.13446 -0.0802683 0.0148003 0.996663
-4.70134 -17.6583 1.12037 -0.0875754 0.00911201 0.996073
-5.07212 -18.749 1.09737 -0.0968527 0.0139569 0.995201
-5.27857 -20.0324 1.09249 -0.0771179 0.00976341 0.996964
-5.38215 -21.2611 1.1022 -0.0777441 0.0156773 0.996849
-5.35605 -22.3316 1.12006 -0.0752871 0.0151236 0.997047
-5.23834 -23.6268 1.14799 -0.0747058 0.0144935 0.9971
-5.10473 -25.2676 1.19092 -0.0805701 0.0244337 0.996441
-5.05865 -26.5124 1.22957 -0.0680071 0.0220309 0.997415
-5.08713 -27.6021 1.25732 -0.0857403 0.0261461 0.995974
-5.16698 -28.6258 1.27636 -0.0819851 0.031647 0.996103
-5.31642 -29.8118 1.30695 -0.077163 0.0343312 0.996427
-5.47527 -30.8241 1.32818 -0.085628 0.0226879 0.995979
-5.5999 -31.932 1.33536 -0.0988402 0.0154088 0.994984
-5.57513 -33.7761 1.36641 -0.105153 0.0160701 0.994326
-5.3543 -34.7569 1.39776 -0.0641549 0.01067 0.997876
-4.9801 -35.8721 1.42577 -0.0690787 0.00191227 0.997608
-4.56891 -36.8136 1.45955 -0.0744217 0.0129092 0.997121
-3.90319 -37.8693 1.52493 -0.058104 0.0118482 0.998239
-2.90909 -39.1182 1.60166 -0.0525355 0.016931 0.998461
-1.50268 -40.0731 1.68208 -0.0442162 0.0159242 0.998887
-0.117237 -40.6016 1.73583 -0.0358976 0.00294662 0.999351
0.927473 -40.5919 1.75789 0.0076492 -0.00188325 0.999792
2.20206 -40.0694 1.72338 0.0239897 0.0189912 0.999472
3.10532 -39.4913 1.68764 0.029524 0.0227123 0.999239
4.13774 -38.7124 1.63036 0.0320234 0.0121568 0.999352
5.07022 -38.1934 1.59979 0.0518985 0.0108268 0.998406
6.05032 -37.7517 1.52385 0.08113 0.0324566 0.996032
7.41891 -37.3083 1.37986 0.097866 0.0304535 0.994651
9.06899 -37.0617 1.19067 0.103571 0.0202611 0.994376
10.1299 -36.9491 1.05431 0.129877 0.0207996 0.991312
11.1982 -36.6587 0.896985 0.183104 0.00602205 0.983057
12.598 -35.6273 0.641039 0.180656 0.000406012 0.983546
13.3215 -34.6434 0.499422 0.19932 0.000158821 0.979934
13.691 -33.3767 0.424668 0.19766 0.00156183 0.980267
13.6948 -32.3147 0.420566 0.196043 0.00303153 0.980591
13.5369 -30.6278 0.4317 0.187214 0.0232147 0.982044
13.4004 -29.3746 0.427621 0.177827 0.0112442 0.983987
13.1867 -28.3076 0.456647 0.174641 0.00855666 0.984595
12.7953 -27.2111 0.508736 0.171631 0.0181986 0.984992
12.073 -26.1693 0.596106 0.151468 0.0259131 0.988122
11.2485 -25.4236 0.69973 0.148834 0.0294831 0.988423
10.1538 -24.7784 0.837886 0.143052 0.0351916 0.989089
8.56937 -23.9445 1.00404 0.111297 0.0130776 0.993701
7.42628 -23.0918 1.10764 0.0963692 0.0263543 0.994997
6.6711 -22.3946 1.16229 0.0821396 0.0195715 0.996308
5.95975 -21.5142 1.19965 0.0645546 0.00953944 0.997869
5.1928 -20.2268 1.22794 0.047698 0.0119177 0.998757
4.64643 -19.1595 1.25114 0.0544297 0.00903933 0.998431
4.07045 -17.9889 1.26259 0.0485696 0.0237553 0.998489
3.52658 -16.9265 1.25577 0.0403583 0.0210357 0.998949
2.9095 -15.6348 1.26001 0.0324064 0.0189405 0.999258
2.70299 -14.3278 1.25298 0.0290221 0.00515739 0.999562
3.16416 -12.8166 1.23602 0.0284209 0.000609851 0.999596
3.96287 -12.0947 1.21753 0.0266463 -0.00385978 0.999637
4.84501 -11.5157 1.18284 0.073366 -0.00497566 0.997228
5.88058 -10.9473 1.0972 0.0800856 0.00483512 0.996776
6.85441 -10.4617 1.0148 0.0878705 0.00301836 0.996113
7.85968 -10.1352 0.925745 0.0909743 -0.00128954 0.995852
9.21687 -9.91487 0.799651 0.10506 0.004917 0.994356
10.2521 -9.64506 0.652458 0.142591 0.0213649 0.989551
11.2891 -9.33851 0.495544 0.144281 0.00986128 0.989487
12.0621 -8.42105 0.371505 0.152636 0.00563102 0.988266
12.1859 -7.17466 0.352614 0.153991 -0.0117103 0.987967
12.1886 -5.7467 0.363734 0.147093 -0.00167765 0.989106
12.1692 -4.03962 0.355217 0.152932 0.0101063 0.988184
12.1508 -2.87755 0.348223 0.168054 0.00398541 0.98577
12.1304 -1.72248 0.355358 0.169549 -0.0169625 0.985373
12.1576 -0.538807 0.372499 0.16731 -0.0204272 0.98569
12.272 1.15686 0.391091 0.150059 -0.0135653 0.988373
12.3795 2.3857 0.374776 0.144631 0.000668577 0.989485
12.4555 3.55029 0.366432 0.149485 -0.00295987 0.988751
12.499 4.71933 0.359489 0.151724 -0.000287164 0.988423
12.5425 5.85151 0.372156 0.16467 -0.0195689 0.986145
12.6237 6.91518 0.37576 0.167429 -0.0160917 0.985753
12.7313 7.93246 0.375054 0.167566 -0.0184378 0.985688
12.8351 8.95491 0.377738 0.166973 -0.0192839 0.985773
12.8986 10.0956 0.386892 0.161815 -0.0223038 0.986539
12.9282 11.0578 0.410576 0.157562 -0.0276876 0.987121
12.0607 11.6752 0.563334 0.147963 -0.0140216 0.988893
10.5289 11.3391 0.77429 0.126734 -0.0116551 0.991868
9.35225 11.4365 0.925986 0.116041 -0.0103133 0.993133
7.93175 12.1569 1.08542 0.106955 -0.012463 0.994185
7.18455 13.0648 1.17556 0.105889 -0.00512682 0.994326
6.74779 14.1024 1.23636 0.100824 -0.0191442 0.994715
6.66962 15.127 1.26589 0.102469 -0.0246617 0.994424
7.00599 16.3835 1.26695 0.0947641 -0.0205393 0.995239
7.57775 17.468 1.2309 0.0885525 -0.013683 0.995978
8.57428 18.9474 1.16921 0.100377 -0.0169609 0.994699
9.11132 20.1401 1.13007 0.108344 -0.0338624 0.993537
9.4418 21.2863 1.13302 0.109254 -0.0345968 0.993411
9.69712 22.4551 1.14405 0.139436 -0.0351679 0.989606
9.7913 24.1623 1.20538 0.121591 -0.0334586 0.991749
9.58503 25.5833 1.24549 0.109492 -0.00961953 0.99394
9.42079 26.655 1.28333 0.119093 -0.0179948 0.99272
9.01338 28.1019 1.37027 0.117418 -0.0373321 0.992381
8.60654 29.2003 1.44533 0.0979608 -0.0265329 0.994836
8.15517 30.134 1.51409 0.0977643 -0.0254463 0.994884
7.55031 31.1072 1.59445 0.0936499 -0.0244035 0.995304
6.88087 32.1249 1.69116 0.12095 -0.0407454 0.99181
5.93977 33.3696 1.8248 0.0792094 -0.0160649 0.996486
5.24452 34.1352 1.85516 0.0536113 -0.00859709 0.998407
4.37721 35.1324 1.93054 0.0644038 -0.017217 0.997768
3.34898 36.4574 2.04618 0.112333 -0.0270416 0.993301
2.6297 37.199 2.1349 -0.0124374 -0.0555375 0.997933
1.30737 38.2738 2.0782 -0.0438087 0.0128016 0.998958
-0.011715 38.8638 2.08886 -0.0164343 -0.026187 0.999411
-1.07223 38.9643 2.05757 -0.0349454 -0.0295733 0.998951
-2.19627 38.6644 2.00679 -0.0420194 -0.0315632 0.998618
-3.35787 38.0475 1.93688 -0.0451012 -0.0334409 0.998422
-4.08704 37.3377 1.86045 -0.0844236 -0.0410384 0.995584
-4.75969 36.3415 1.77039 -0.0755473 -0.0124278 0.997055
-5.39575 35.0791 1.71404 -0.0880543 -0.00623147 0.99602
-5.77722 34.0042 1.65084 -0.10406 -0.0243254 0.994274
-6.14941 32.1777 1.56533 -0.104336 -0.0255938 0.994212
-6.2044 30.3752 1.53449 -0.0910036 0.000599185 0.99585
-6.01437 29.3606 1.54907 -0.128295 -0.0156318 0.991603
-5.66859 28.3524 1.56153 -0.118734 -0.0295779 0.992485
-5.25098 27.3756 1.57923 -0.0717746 -0.02097 0.997187
-4.80808 26.1563 1.57506 -0.0687637 -0.0313351 0.99714
-4.5447 25.1463 1.57171 -0.0751416 -0.0155886 0.997049
-4.32366 24.0305 1.56595 -0.0900727 -0.0252032 0.995615
-3.90792 22.219 1.54293 -0.0727128 -0.0319936 0.996839
-3.57605 21.1624 1.57325 -0.0750607 0.00724192 0.997152
-3.26342 20.1973 1.57019 -0.0211166 -0.034048 0.999172
-2.89157 18.3482 1.50271 -0.0344852 -0.0329507 0.998752
-2.97663 16.4694 1.44648 -0.0569441 -0.0275531 0.997997
-3.40066 15.4841 1.40617 -0.0564682 -0.0168332 0.998262
-4.03555 14.6314 1.35996 -0.055646 -0.0118381 0.99838
-5.35811 13.4991 1.24529 -0.0818415 -0.0278307 0.996257
-6.81083 12.4273 1.09244 -0.111713 -0.0100284 0.993518
-7.74596 11.6405 0.967137 -0.144133 -0.0125315 0.989478
-8.50407 10.875 0.846173 -0.143923 -0.0126681 0.989507
-9.42699 9.95059 0.705027 -0.139134 -0.0132015 0.990186
-10.2014 9.1881 0.586068 -0.155435 -0.0170976 0.987552
-10.939 8.28721 0.44373 -0.169324 -0.0138431 0.985463
-11.3185 6.888 0.367497 -0.160579 0.00237179 0.98702
-11.3321 5.82307 0.366506 -0.158355 -0.00345647 0.987364
-11.258 4.75701 0.36755 -0.154584 -0.016736 0.987824
-11.1547 3.63053 0.356704 -0.154602 -0.0238939 0.987684
-11.1127 3.0052 0.349798 -0.151306 -0.0160413 0.988332
-11.8225 3.26698 0.242822 -0.1605 -0.0184742 0.986801
-11.9431 4.50926 0.253652 -0.162293 -0.0132148 0.986654
-12.0509 5.70677 0.249581 -0.162931 -0.00369564 0.986617
-12.0843 6.87432 0.242995 -0.160473 0.00233485 0.987037
-11.8565 8.45859 0.288286 -0.173626 -0.0144362 0.984697
-11.1725 9.31819 0.419483 -0.173455 -0.0214595 0.984606
-10.3743 10.0414 0.573172 -0.15506 -0.0157344 0.987644
-9.54555 10.838 0.698234 -0.138239 -0.00899307 0.990358
-8.83022 11.5943 0.809054 -0.143206 -0.0115614 0.989622
-7.99207 12.4515 0.940437 -0.145668 -0.0099407 0.989284
-7.04297 13.1991 1.06197 -0.126697 -0.016139 0.991659
-5.95826 14.0108 1.20583 -0.0986372 -0.0172807 0.994973
-5.03666 14.6167 1.30191 -0.0707287 -0.0179311 0.997237
-4.11012 15.6203 1.36944 -0.053989 -0.0151568 0.998426
-3.64604 17.0835 1.42492 -0.0433034 -0.0358242 0.998287
-3.63866 18.3548 1.48137 -0.0290145 -0.0441427 0.998604
-3.96971 19.9948 1.54477 -0.05285 -0.031906 0.997732
-4.36264 21.1461 1.51416 -0.0777651 0.00589984 0.996953
-4.79191 22.4561 1.48639 -0.08112 -0.0273535 0.99628
-5.01545 23.7361 1.4962 -0.0900911 -0.0236804 0.995652
-5.1906 24.8282 1.50893 -0.0900781 -0.0258395 0.995599
-5.51082 26.104 1.5111 -0.107016 -0.0324119 0.993727
-6.1553 27.6186 1.48152 -0.11783 -0.0273274 0.992655
-6.57198 28.6275 1.46165 -0.118734 -0.0295779 0.992485
-6.84811 29.6466 1.44541 -0.127476 -0.0112509 0.991778
-6.98127 30.8198 1.44099 -0.122484 -0.0145438 0.992341
-6.88191 32.2331 1.48802 -0.118969 -0.0292266 0.992467
-6.76719 33.3098 1.53022 -0.104329 -0.0252601 0.994222
-6.34944 34.6864 1.60793 -0.103706 -0.0247714 0.994299
-5.83961 35.8993 1.67814 -0.0992291 -0.0128533 0.99498
-5.26758 36.8999 1.74218 -0.0885806 -0.0248246 0.995657
-4.66184 37.8249 1.83255 -0.0852733 -0.0437044 0.995396
-3.8585 38.658 1.93229 -0.064236 -0.0323544 0.997265
-2.38237 39.489 2.02505 -0.0445398 -0.0291221 0.998577
-1.36509 39.7243 2.06474 -0.0316818 -0.012452 0.99942
0.0825832 39.6716 2.10076 -0.00724901 -0.0064317 0.999936
1.24925 39.1854 2.09808 -0.000534034 -0.0156772 0.999856
2.20371 38.5637 2.11466 -0.0182453 0.01885 0.999284
3.13347 37.7634 2.11447 0.0761628 -0.00194539 0.995409
4.16177 36.6477 1.96723 0.0730659 -0.0244105 0.996969
5.23384 35.3145 1.8765 0.0658216 -0.0138191 0.997736
5.96331 34.4485 1.81284 0.0834957 -0.011349 0.996146
6.85237 33.4206 1.72956 0.0958395 -0.00530492 0.995339
7.47913 32.4972 1.63677 0.100727 -0.0322607 0.994333
8.31437 31.2423 1.52626 0.0963988 -0.0254596 0.995012
8.90971 30.2927 1.44074 0.112198 -0.0185647 0.993512
9.35483 29.3013 1.37195 0.120472 -0.0228199 0.99241
9.71559 28.2754 1.29375 0.117389 -0.0370339 0.992395
10.1641 26.8779 1.19846 0.129403 -0.023789 0.99123
10.2853 25.8087 1.15515 0.13507 -0.00657612 0.990647
10.5133 24.5034 1.12448 0.129763 -0.0306813 0.990927
10.5626 23.1317 1.04664 0.135156 -0.0438412 0.989813
10.4018 22.0818 1.03379 0.126576 -0.0210134 0.991734
10.0357 20.5184 1.04034 0.12313 -0.0288834 0.99197
9.73976 19.5564 1.04169 0.11157 -0.0225313 0.993431
8.93903 18.1124 1.11674 0.118614 -0.0177668 0.992758
8.34382 17.2924 1.15553 0.104037 -0.0317469 0.994066
7.54036 15.7699 1.19495 0.106292 -0.0268902 0.993971
7.36533 14.5758 1.18216 0.102635 -0.019621 0.994525
7.63057 13.4997 1.13555 0.102387 -0.0145636 0.994636
8.4168 12.6485 1.03962 0.106155 -0.0156149 0.994227
9.33225 12.2004 0.936336 0.114082 -0.0126272 0.993344
11.0582 12.1352 0.71695 0.127661 -0.0110747 0.991754
12.0753 12.4675 0.57239 0.147963 -0.0140216 0.988893
12.975 12.9457 0.443993 0.178717 -0.0159709 0.983771
13.8413 13.4498 0.294407 0.182662 -0.0154846 0.983052
13.8786 11.8345 0.260432 0.178429 -0.017657 0.983794
13.7124 10.3249 0.256049 0.173441 -0.02571 0.984509
13.5937 8.9069 0.244652 0.1781 -0.0190806 0.983827
13.4047 7.62665 0.254031 0.178533 -0.0214803 0.983695
13.2789 6.44678 0.256513 0.185808 -0.0172373 0.982435
13.2235 5.37922 0.247723 0.179756 -0.00777326 0.983609
13.1992 4.35199 0.249117 0.168973 -0.00308519 0.985616
13.1462 3.31764 0.255236 0.1726 -0.0109713 0.984891
13.063 2.29159 0.256812 0.185963 -0.0104525 0.982501
12.9599 0.729102 0.257737 0.185376 -0.0117323 0.982597
12.9106 -0.504335 0.24493 0.168086 -0.0200147 0.985567
12.8841 -2.17998 0.222316 0.163112 -0.00511958 0.986549
12.8677 -3.82031 0.243419 0.161331 0.00906301 0.986842
12.8828 -4.84236 0.251165 0.154078 0.00881078 0.988019
12.8903 -5.88501 0.253904 0.16808 -0.00467388 0.985717
12.9261 -7.23183 0.230365 0.162053 -0.014409 0.986677
12.8801 -8.27796 0.24285 0.159036 0.00461369 0.987251
12.7161 -9.68536 0.274763 0.160739 0.00563005 0.986978
11.0209 -10.2404 0.55271 0.160481 0.0148673 0.986927
10.0059 -10.4788 0.706024 0.13047 0.0115175 0.991248
8.98006 -10.7534 0.828486 0.108274 0.00190341 0.994052
7.74946 -10.9246 0.940576 0.0863111 0.00844386 0.996232
6.81902 -11.3021 1.02309 0.0845048 0.00591556 0.996405
5.44735 -12.0188 1.13625 0.0721633 -0.00387171 0.997324
4.51017 -12.5802 1.19078 0.0646931 -0.0132324 0.997817
3.72257 -13.1973 1.22041 0.0271558 -0.000695509 0.999629
3.37771 -14.2868 1.23166 0.0298643 0.00283641 0.999548
3.6601 -15.5858 1.2319 0.0363266 0.00778548 0.999308
4.26527 -16.6572 1.22026 0.0403583 0.0210357 0.998949
5.03558 -18.2246 1.21161 0.0578604 0.0204749 0.998115
5.44173 -19.1531 1.20278 0.0618204 0.0150616 0.997972
5.90951 -20.0463 1.18772 0.0712555 0.00652398 0.997341
6.41311 -20.9254 1.15668 0.0850199 0.0185398 0.996207
7.50622 -22.2317 1.07737 0.0957303 0.0179393 0.995211
8.50157 -23.0669 0.996524 0.111326 0.0176853 0.993626
9.4831 -23.6572 0.896053 0.125762 0.0232053 0.991673
10.4842 -24.1218 0.76673 0.142367 0.031409 0.989308
11.6605 -24.6969 0.615796 0.146859 0.0328279 0.988605
12.5331 -25.5106 0.500624 0.170856 0.0428281 0.984359
13.4849 -26.9232 0.374608 0.21281 0.0399206 0.976277
13.9782 -28.3048 0.308799 0.198952 0.030334 0.979538
14.1552 -29.3866 0.280237 0.196255 0.0146665 0.980338
14.2273 -30.4103 0.294508 0.189507 0.023382 0.981599
14.3811 -31.9747 0.281238 0.198602 0.00257393 0.980077
14.4087 -33.8608 0.278843 0.199165 -0.000114483 0.979966
13.782 -35.4222 0.405825 0.196525 0.00521016 0.980468
12.7297 -36.5775 0.617857 0.182084 0.00100602 0.983278
11.8305 -37.2309 0.782739 0.1838 0.00755684 0.982906
10.8865 -37.5696 0.966114 0.183956 0.0115416 0.982862
9.71981 -37.7545 1.12475 0.129156 0.0210661 0.991401
8.58465 -37.8446 1.26455 0.110494 0.0249703 0.993563
7.38105 -38.0506 1.40356 0.107881 0.0210688 0.993929
6.29492 -38.4343 1.5188 0.0829005 0.0214652 0.996256
5.33759 -38.8115 1.58956 0.0524981 0.00149118 0.998487
4.03731 -39.6636 1.65269 0.0422042 0.0167365 0.998967
3.01738 -40.4306 1.70661 0.0329943 0.00987299 0.999366
2.06365 -41.0115 1.7342 0.0234987 0.00745391 0.999696
0.991663 -41.3575 1.75054 -0.00864007 -0.0092978 0.999919
-0.0564992 -41.4241 1.7403 -0.0230281 -0.00359162 0.999622
-1.28893 -41.0398 1.6968 -0.0305749 0.00714421 0.999507
-2.2819 -40.5186 1.65197 -0.0477051 0.0161399 0.998731
-3.30614 -39.768 1.59174 -0.0530232 0.0171034 0.998428
-4.1736 -38.7226 1.52081 -0.0578666 0.0163929 0.998186
-4.76515 -37.9058 1.46598 -0.0746009 0.0218977 0.996969
-5.34964 -36.893 1.40179 -0.0748784 0.0102458 0.997089
-5.75853 -35.9656 1.36776 -0.115575 0.00677868 0.993275
-6.25068 -34.3843 1.30482 -0.109755 0.00878796 0.993883
-6.38873 -33.2761 1.27229 -0.105153 0.0160701 0.994326
-6.35266 -32.2672 1.26577 -0.100747 0.0126995 0.994825
-6.27022 -31.2702 1.25865 -0.0976852 0.0167951 0.995074
-6.11892 -30.2738 1.26031 -0.085628 0.0226879 0.995979
-5.95386 -29.2398 1.23788 -0.077163 0.0343312 0.996427
-5.85041 -28.238 1.20779 -0.0819851 0.031647 0.996103
-5.7958 -27.2336 1.18664 -0.0857403 0.0261461 0.995974
-5.80676 -26.2026 1.15838 -0.0845854 0.0278089 0.996027
-5.85788 -25.1528 1.12458 -0.0834867 0.0252581 0.996186
-5.93214 -23.9872 1.1015 -0.0743374 0.0144733 0.997128
-6.09091 -22.7715 1.07167 -0.0751087 0.0156648 0.997052
-6.19934 -20.9429 1.03346 -0.0777441 0.0156773 0.996849
-5.97657 -19.1236 1.01467 -0.0902675 0.0177252 0.995731
-5.6935 -18.0403 1.02707 -0.0955735 0.00841304 0.995373
-5.27111 -17.0578 1.06399 -0.0949031 0.00349713 0.99548
-4.93103 -16.0715 1.07831 -0.0805082 0.0153215 0.996636
-4.82152 -14.7587 1.06633 -0.0797885 0.0164447 0.996676
-5.1448 -13.784 1.03697 -0.0826319 -0.00622358 0.996502
-5.79405 -12.9386 0.980029 -0.0917079 -0.00545632 0.99577
-6.69067 -12.1907 0.904795 -0.097521 -0.010184 0.995159
-7.76901 -11.4203 0.788382 -0.116805 -8.26604e-05 0.993151
-8.88193 -10.8228 0.654952 -0.126424 0.00147152 0.991947
-9.8079 -10.3093 0.52541 -0.141722 0.000798062 0.989906
-10.698 -9.79536 0.397603 -0.148065 -0.000719908 0.988956
-11.2957 -8.87371 0.298621 -0.168044 0.0119448 0.985546
-11.4923 -7.78386 0.23483 -0.154436 0.0105931 0.987907
-11.5075 -6.46949 0.231653 -0.154911 -0.00369238 0.987913
-11.469 -5.26846 0.237747 -0.163382 -0.000792701 0.986561
-11.5196 -3.82327 0.234747 -0.164656 -0.00756896 0.986318
-11.6016 -2.31139 0.237923 -0.159099 -0.00735458 0.987214
-11.6629 -1.15809 0.237993 -0.170899 -0.0075272 0.98526
-11.6445 0.377537 0.25148 -0.16159 -0.00269811 0.986824
-11.7206 1.87592 0.243994 -0.155091 -0.0101116 0.987838
-11.7705 2.61095 0.245449 -0.165678 -0.00729092 0.986151
-12.5628 2.77189 0.113183 -0.167124 -0.007949 0.9859
-12.6329 3.90893 0.128925 -0.189675 -0.0136196 0.981749
-12.7648 5.01153 0.121814 -0.183908 -0.0139002 0.982814
-12.9336 6.36908 0.106324 -0.165789 -0.0080365 0.986053
-12.9323 7.37285 0.101833 -0.16257 0.0106004 0.98664
-12.7221 8.61109 0.134418 -0.177738 -0.0153986 0.983957
-12.2896 9.51714 0.226833 -0.174147 -0.0140174 0.984612
-11.3554 10.3376 0.406161 -0.177837 -0.0122989 0.983981
-10.5219 10.9772 0.562949 -0.157773 -0.00899761 0.987265
-9.77112 11.878 0.674707 -0.14211 -0.00729338 0.989821
-9.03202 12.5823 0.788882 -0.144198 -0.0110368 0.989487
-7.60084 13.7005 1.00657 -0.127349 -0.031993 0.991341
-6.25657 14.7101 1.18897 -0.10019 -0.02426 0.99465
-5.4527 15.4275 1.28977 -0.0772171 -0.0269986 0.996415
-4.60459 16.5284 1.35582 -0.055781 -0.0351815 0.997604
-4.2916 17.6364 1.43042 -0.0312066 -0.0432551 0.998575
-4.51289 19.023 1.48409 -0.0557297 -0.0331133 0.997558
-4.84151 20.1365 1.48058 -0.0779859 -0.0200264 0.996753
-5.22349 21.3123 1.44469 -0.0875126 0.00894935 0.996085
-5.57519 22.8559 1.42486 -0.0901673 -0.0231773 0.995657
-5.97546 23.8713 1.41242 -0.0901623 -0.024988 0.995612
-6.03379 25.4541 1.43666 -0.103616 -0.0153387 0.994499
-6.41444 26.3914 1.41995 -0.115179 -0.0275314 0.992957
-7.13556 28.0415 1.37576 -0.119008 -0.0273503 0.992512
-7.45114 29.035 1.3554 -0.129506 -0.0191451 0.991394
-7.86326 30.6472 1.33295 -0.117964 -0.0185429 0.992844
-7.6177 32.1317 1.39717 -0.118821 -0.029752 0.99247
-7.71239 33.5111 1.43008 -0.114276 -0.029768 0.992998
-7.15218 34.4447 1.51818 -0.103701 -0.024764 0.9943
-7.06289 35.4773 1.55304 -0.100454 -0.0179815 0.994751
-6.21351 36.8128 1.65577 -0.089234 -0.0226057 0.995753
-5.74925 37.6968 1.72846 -0.101392 -0.0366353 0.994159
-4.99167 38.7834 1.83938 -0.0943301 -0.0235917 0.995254
-4.14036 39.4324 1.93724 -0.0745594 -0.0318543 0.996439
-3.09928 40.027 2.00094 -0.0412646 -0.00203442 0.999146
-1.94846 40.4057 2.05106 -0.0440403 -0.00295664 0.999025
-0.752466 40.6184 2.09349 -0.0214473 -0.00639099 0.999705
0.297315 40.5437 2.10625 -0.0116075 -0.0032264 0.999927
1.37081 39.9527 2.10523 -0.00067284 -0.00909314 0.999958
2.6809 39.0969 2.09552 0.00541019 0.0171745 0.999756
3.65642 38.4128 2.07986 0.0558522 -0.0159114 0.997522
4.69736 37.2081 1.94327 0.068748 -0.0317907 0.997069
5.26475 36.3736 1.88894 0.0664317 -0.0145122 0.997685
6.223 35.2284 1.81464 0.0582474 -0.0150086 0.998189
7.03241 34.5854 1.739 0.073043 -0.0368049 0.996646
7.57712 33.7034 1.66407 0.103964 -0.0288021 0.994134
8.55056 32.5778 1.53625 0.0982831 -0.024672 0.994852
9.0683 31.4144 1.45 0.110826 -0.0317124 0.993334
9.85499 30.2577 1.33334 0.116877 -0.0212252 0.992905
10.1695 29.1179 1.26126 0.125415 -0.0318146 0.991587
10.5999 28.0317 1.17254 0.139533 -0.0327571 0.989613
10.8966 26.8692 1.09417 0.144754 -0.0254154 0.989127
11.137 25.845 1.03706 0.147359 -0.0191439 0.988897
11.3826 24.673 1.00058 0.175347 -0.0284059 0.983951
11.3989 23.096 0.922473 0.163547 -0.0370319 0.985731
11.1372 21.9363 0.936435 0.126961 -0.0214102 0.991676
10.796 20.4715 0.944792 0.123262 -0.0285722 0.991963
10.6189 19.3158 0.931397 0.128957 -0.0268841 0.99127
9.77564 17.9632 1.00949 0.125173 -0.0225069 0.991877
9.18377 17.1119 1.05961 0.123613 -0.0290384 0.991905
8.46975 16.113 1.1048 0.106222 -0.0271099 0.993973
8.07067 14.6717 1.1102 0.104681 -0.0209165 0.994279
8.41681 13.7235 1.0567 0.105839 -0.0165245 0.994245
9.1278 13.0237 0.970281 0.114082 -0.0126272 0.993344
10.1613 12.708 0.838482 0.124235 -0.0115283 0.992185
11.359 12.9463 0.685472 0.138037 -0.0113892 0.990317
12.2309 13.4335 0.562988 0.146682 -0.01401 0.989085
13.0611 14.0224 0.447226 0.174944 -0.0233648 0.984235
13.8072 14.7778 0.32482 0.181023 -0.0257302 0.983131
14.7026 14.5567 0.15723 0.182737 -0.0289701 0.982723
14.7492 13.267 0.122488 0.181405 -0.0153921 0.983286
14.6197 11.9282 0.128025 0.181482 -0.0156267 0.983262
14.7294 10.8615 0.0888706 0.176703 -0.0213587 0.984027
14.3617 9.74757 0.126493 0.174542 -0.0251483 0.984328
14.2695 8.34339 0.11239 0.180028 -0.0211564 0.983426
14.0182 7.00365 0.12653 0.181564 -0.0237833 0.983091
13.9391 5.84291 0.120618 0.186038 -0.0176886 0.982383
13.9609 4.76657 0.119141 0.173695 0.00225535 0.984797
13.9605 3.68729 0.116506 0.17342 -0.0112654 0.98474
13.9107 2.57245 0.103465 0.177686 -0.0194499 0.983895
13.9176 1.48616 0.0854597 0.186306 -0.0118093 0.982421
13.6028 0.463157 0.132458 0.18636 -0.0120579 0.982408
13.7894 -0.524712 0.0869847 0.183219 -0.00667842 0.983043
13.5762 -1.56081 0.118724 0.16055 -0.0148265 0.986916
13.6579 -2.91384 0.104804 0.16599 0.00890729 0.986061
13.5708 -4.20268 0.127238 0.172776 0.00513115 0.984947
13.5901 -5.22833 0.128372 0.174851 0.00315453 0.984589
13.7221 -6.22614 0.106757 0.175878 0.0019353 0.98441
13.8636 -7.29256 0.075697 0.16025 -0.00222281 0.987002
13.6089 -9.09442 0.12075 0.187627 4.26972e-06 0.982237
13.5955 -10.1703 0.123863 0.178886 -0.00161645 0.983868
12.5627 -10.7421 0.30955 0.168437 0.00500963 0.985619
11.5828 -10.8606 0.47091 0.160794 0.0150317 0.986873
10.5808 -11.1274 0.636644 0.154724 -0.00706901 0.987876
9.43053 -11.5178 0.775696 0.118615 0.00275752 0.992936
8.27596 -11.7644 0.895802 0.0976306 0.0102105 0.995078
7.03395 -11.9764 1.00899 0.0822815 0.00507136 0.996593
6.0206 -12.5537 1.09269 0.0798626 0.00413391 0.996797
5.11711 -13.1489 1.14939 0.0537351 0.0135471 0.998463
4.11078 -14.3102 1.20706 0.0409688 -0.000803588 0.99916
4.35379 -15.347 1.20357 0.0395449 0.00887562 0.999177
5.12952 -16.3207 1.17206 0.0526086 0.0113685 0.998544
5.54357 -17.6496 1.17015 0.0549732 0.01715 0.998329
6.07385 -18.8289 1.15859 0.0608884 0.0165449 0.998007
6.9765 -20.3027 1.10133 0.0814323 -0.0044195 0.996669
7.77184 -21.3121 1.0412 0.0989166 0.00864082 0.995055
8.44566 -22.06 0.984968 0.108938 0.0144515 0.993849
9.55328 -22.768 0.859362 0.140064 0.0286498 0.989727
10.5935 -23.3658 0.729888 0.142079 0.0276248 0.98947
12.1717 -23.8626 0.517413 0.159208 0.0195188 0.986862
13.0064 -24.8927 0.393187 0.174323 0.041332 0.983816
13.716 -25.7899 0.281943 0.211609 0.0294991 0.976909
14.207 -26.7381 0.209148 0.216468 0.0396347 0.97548
14.7715 -28.3549 0.146134 0.221782 0.0382448 0.974346
14.9009 -29.6815 0.142728 0.192738 0.0285791 0.980834
15.0311 -30.7123 0.142248 0.217729 0.0151192 0.975866
15.1934 -31.9888 0.112677 0.21089 0.00492768 0.977488
15.12 -33.3753 0.135281 0.201277 0.00427627 0.979508
15.148 -34.5632 0.131164 0.195776 0.000586692 0.980648
14.4584 -35.7816 0.276027 0.195037 0.0102668 0.980741
13.8658 -36.6164 0.403388 0.190338 0.0076197 0.981669
13.0811 -37.2674 0.5523 0.184637 0.00073638 0.982806
12.2699 -37.863 0.707142 0.187912 0.0145489 0.982077
10.6918 -38.3615 1.00955 0.156444 0.0148317 0.987215
9.69183 -38.6418 1.14886 0.130217 0.0230234 0.991216
8.30539 -38.6821 1.31665 0.107826 0.0212549 0.993932
7.25227 -38.818 1.43044 0.103501 0.017085 0.994481
5.84852 -39.464 1.56429 0.059948 0.0194432 0.998012
4.86234 -40.0677 1.62333 0.0435195 0.0126968 0.998972
3.31133 -41.154 1.70278 0.0418725 0.00982569 0.999073
2.42865 -41.6891 1.73042 0.0238414 0.00720343 0.99969
0.849121 -42.3249 1.74988 -0.0100387 0.0169537 0.999806
-0.509944 -42.3182 1.73458 -0.0213832 0.0185517 0.999561
-1.45251 -41.8445 1.69761 -0.0304798 0.00728187 0.999509
-2.85935 -41.0691 1.6332 -0.0477958 0.0160783 0.998728
-3.76045 -40.5767 1.58176 -0.0572094 0.0200177 0.998114
-4.47315 -39.8158 1.52083 -0.0653461 0.0139389 0.997765
-5.22356 -38.8061 1.44408 -0.0968909 0.0225192 0.994974
-6.0738 -37.4364 1.34799 -0.10711 0.0165474 0.994015
-6.42039 -36.3784 1.29361 -0.116123 0.00709357 0.993209
-6.85285 -35.3623 1.23664 -0.116237 0.00372362 0.993211
-7.13093 -33.8143 1.20256 -0.109944 0.00851971 0.99386
-7.09015 -32.7763 1.19453 -0.102437 0.0105259 0.994683
-7.07683 -31.6072 1.18352 -0.101167 0.0129986 0.99478
-6.88221 -30.6168 1.19239 -0.0956092 0.0112079 0.995354
-6.71026 -29.581 1.19056 -0.0870177 0.0261692 0.995788
-6.65668 -27.8349 1.12421 -0.0868784 0.0342457 0.995582
-6.48033 -26.7775 1.1149 -0.0886557 0.024538 0.995758
-6.69845 -25.3983 1.05855 -0.0826801 0.0183062 0.996355
-6.6145 -24.3761 1.05474 -0.07592 0.0119967 0.997042
-6.87468 -22.5775 1.00953 -0.0751638 0.0156883 0.997048
-6.93235 -21.47 0.986287 -0.0761035 0.0171575 0.996952
-6.9943 -20.0524 0.949379 -0.0834901 0.0234338 0.996233
-6.72539 -18.9909 0.948481 -0.0843396 0.0207624 0.99622
-6.57583 -18.0048 0.94271 -0.0886813 0.00584594 0.996024
-5.78795 -16.3132 1.01211 -0.0945559 0.00881273 0.995462
-5.45774 -15.3287 1.02376 -0.0911998 0.0188569 0.995654
-5.97557 -13.7355 0.95934 -0.0902501 -0.00054599 0.995907
-7.0419 -13.0246 0.859372 -0.102583 -0.0109446 0.994663
-8.18544 -12.0517 0.737711 -0.119327 -0.000210464 0.992855
-9.20323 -11.512 0.61486 -0.130527 0.00292509 0.991383
-10.1605 -11.031 0.475787 -0.140725 0.00668219 0.990026
-11.1755 -10.636 0.325703 -0.159844 0.00609004 0.987006
-11.8818 -9.82543 0.190608 -0.17364 0.00375017 0.984746
-12.2972 -8.75722 0.123197 -0.180809 -0.00313353 0.983512
-12.2643 -7.50524 0.110896 -0.163284 0.0106695 0.98649
-12.2273 -6.3966 0.116035 -0.163283 0.00271653 0.986573
-12.3143 -5.36645 0.0975088 -0.164458 0.000381395 0.986378
-12.3638 -4.15483 0.0923943 -0.162523 -0.00226266 0.986702
-12.3781 -3.06101 0.0984907 -0.169449 -0.0085892 0.985501
-12.5319 -2.06443 0.0802144 -0.171795 -0.00837297 0.985097
-12.4697 -0.544523 0.102901 -0.172882 -0.00676821 0.984918
-12.5225 0.469359 0.100119 -0.173672 -0.00720126 0.984777
-12.5306 1.75115 0.110396 -0.173146 -0.0118262 0.984823
-12.5545 2.05181 0.110396 -0.170244 -0.00969093 0.985345
1.44714 14.9787 1.54012 0.00533241 -0.0216216 0.999752
1.4392 16.0689 1.56358 0.000672921 -0.0146016 0.999859
2.23604 16.9714 1.55634 0.0339879 -0.0104192 0.999368
1.65804 17.9661 1.58566 0.0295717 -0.0224092 0.999219
1.48792 19.5796 1.62126 0.0071698 -0.0123672 0.999898
1.26177 20.5884 1.64538 -0.00182431 -0.0187287 0.999822
0.735293 22.3771 1.70927 -0.0178519 -0.0432867 0.998797
0.439379 23.3606 1.7307 -0.0290812 -0.0212188 0.999349
0.0529555 24.5273 1.743 -0.0233732 -0.0210774 0.999496
-0.288483 25.6859 1.79391 0.0362084 -0.0308528 0.998868
-0.761974 27.358 1.84165 -0.00160219 0.00963622 0.999277
-1.12867 28.4736 1.80191 -0.0267695 -0.00238364 0.999179
-1.44087 29.474 1.8214 -0.0334091 -0.0300805 0.998989
-1.60899 30.5448 1.84616 -0.0415782 -0.0232316 0.998853
-1.65955 31.7356 1.8738 -0.0508915 -0.0288376 0.998288
-1.40524 32.7151 1.91522 -0.0345939 -0.027548 0.998888
-0.700612 33.6276 1.95858 -0.0365064 -0.0146105 0.999227
0.192625 33.1013 1.9625 -0.0220646 -0.0355755 0.999123
1.20683 31.952 1.93329 -0.0060254 -0.0230007 0.999715
1.9838 31.1169 1.91861 0.010448 -0.0329885 0.999243
2.91545 30.0309 1.84783 0.035094 -0.0420187 0.998416
3.88654 28.6748 1.78349 0.0347485 -0.00778523 0.999366
4.42714 27.6454 1.75477 0.0538105 -0.0189045 0.998155
4.80597 26.6613 1.69877 0.0533545 -0.0379665 0.997854
5.15705 25.0955 1.62705 0.0569209 -0.0314328 0.997869
5.24104 24.0896 1.58795 0.0621634 -0.0287048 0.997642
5.15003 23.0255 1.56788 0.0573083 -0.0268735 0.997979
4.7871 21.6711 1.55374 0.0533567 -0.0208643 0.998358
4.3598 20.7453 1.55311 0.0722754 -0.0263125 0.99699
3.58077 19.48 1.56673 0.0496836 -0.0236598 0.998485
3.04944 18.6167 1.56816 0.0480222 -0.0302716 0.998387
2.52893 16.9919 1.54656 0.0343791 -0.0104068 0.999355
2.29201 15.5731 1.53743 0.0327654 -0.014824 0.999353
2.1826 14.3757 1.52316 0.0189759 -0.0182932 0.999554
2.53947 19.3142 1.61071 0.0166169 -0.024261 0.99945
2.10902 20.3978 1.63808 0.00358431 -0.0249183 0.999683
1.62156 21.9678 1.69349 -0.00710911 -0.0541415 0.998508
1.33617 22.9249 1.74336 -0.0174982 -0.0428808 0.998809
1.02141 24.0198 1.75621 0.00572978 0.00470525 0.999971
0.39615 25.829 1.77351 0.0198749 -0.0271289 0.999291
0.0242322 27.2283 1.81597 0.0303512 -0.00522879 0.999525
-0.369897 28.456 1.82219 -0.0267695 -0.00238364 0.999179
-0.683532 29.4227 1.8452 -0.0304441 -0.0312207 0.999043
-0.856636 30.5662 1.8691 -0.0189541 -0.0242703 0.999525
-0.8595 31.7065 1.89893 -0.0184309 -0.0262758 0.999485
0.129679 31.8888 1.92112 -0.0176847 -0.0251369 0.999527
0.978172 31.0722 1.91333 -0.00526731 -0.0218361 0.999748
2.02957 30.0024 1.86657 0.0231993 -0.0457728 0.998682
2.89975 28.831 1.80955 0.0225933 -0.0193697 0.999551
3.51667 27.7887 1.77827 0.0202858 -0.0189226 0.999615
4.01297 26.6641 1.74128 0.0375272 -0.0313987 0.998655
4.29679 25.7017 1.68913 0.0512561 -0.033358 0.998113
4.50797 24.1704 1.63518 0.0517387 -0.0278348 0.998273
4.3458 22.7852 1.6029 0.0520197 -0.0292992 0.998216
4.01467 21.7091 1.59582 0.0533569 -0.0208646 0.998358
3.32889 20.4418 1.59926 0.0427419 -0.017885 0.998925
2.7787 19.5165 1.60738 0.045925 -0.0195143 0.998739
2.67238 19.33 1.60777 0.0371418 -0.033099 0.998699
3.08054 21.4037 1.62977 0.0397162 -0.0254525 0.998881
3.54004 22.6724 1.64135 0.048339 -0.0295089 0.998368
3.8211 23.6761 1.65637 0.0519169 -0.0293119 0.998221
3.77156 24.7531 1.68821 0.0470324 -0.0281079 0.998496
3.27094 26.4958 1.75223 0.0203978 -0.0255017 0.999467
2.62466 27.8575 1.79664 0.0214285 -0.0195781 0.999575
1.89541 28.9691 1.83804 0.0201328 -0.0215456 0.999556
1.05432 29.9789 1.88883 0.00681986 -0.034604 0.999282
0.00385253 30.4267 1.88208 -0.0183079 -0.025848 0.999498
0.0236957 29.4213 1.85897 -0.0183144 -0.0250807 0.999516
0.540323 28.0836 1.82634 -0.00428709 -0.023464 0.999709
0.803666 26.8707 1.79497 0.00952464 -0.0248411 0.999635
1.22002 25.4789 1.762 0.0051132 -0.0218944 0.999747
1.61974 24.5447 1.75113 0.00301521 7.60263e-05 0.999987
2.03555 23.0907 1.73434 0.0508654 -0.0255898 0.998326
2.42372 22.1016 1.67983 0.049008 -0.037362 0.998098
2.53996 21.6076 1.65492 0.0425896 -0.0325948 0.998523
2.95318 23.482 1.69659 0.0505348 -0.0232804 0.998428
3.14062 24.4574 1.70994 0.0484088 -0.0248429 0.998516
2.47396 25.4753 1.74707 0.023688 -0.0192409 0.99953
2.34487 26.8473 1.78134 0.0161478 -0.0214915 0.999611
1.77147 27.8893 1.81519 0.0108898 -0.0302809 0.999482
1.49218 26.77 1.78724 0.00824823 -0.020274 0.99976
1.86888 25.4981 1.75883 0.00678797 -0.0207842 0.999759
2.78382 24.5119 1.72756 0.0374424 -0.013558 0.99914
2.95518 23.6603 1.69995 0.0440018 -0.0215262 0.998796
-0.844439 -17.7899 1.31717 -0.0171273 0.00615282 0.999834
0.0494862 -18.296 1.33514 -0.0186046 0.0141059 0.999688
0.563294 -19.3314 1.36343 0.00175688 0.0168202 0.999857
1.28111 -20.6255 1.37638 0.0056681 0.00900958 0.999943
1.90812 -21.7523 1.38103 0.0213054 0.0210684 0.999508
2.64627 -22.9906 1.38679 0.0152 0.0151985 0.999768
3.38848 -23.9868 1.38154 0.0541803 0.0143519 0.998428
4.57902 -25.2746 1.34946 0.0491734 0.0278239 0.998403
5.36183 -25.9518 1.32644 0.0640379 0.0121985 0.997723
6.55904 -26.8481 1.23485 0.07841 0.00956966 0.996752
7.65727 -27.5976 1.15434 0.0934395 0.0233992 0.99535
8.9776 -28.6632 1.05938 0.102172 0.0268992 0.994329
9.58716 -29.641 1.01561 0.119144 0.0260713 0.992532
9.92536 -30.8622 1.00514 0.127128 0.0261757 0.991526
9.93322 -31.8712 1.02514 0.150074 0.014033 0.988568
9.23562 -33.1239 1.12824 0.114703 0.00504707 0.993387
8.23455 -33.4836 1.2415 0.0734629 0.0217262 0.99706
6.94227 -33.8189 1.34271 0.0725277 0.0193419 0.997178
5.26252 -34.2995 1.47003 0.0662853 0.0218095 0.997555
4.32698 -34.6615 1.52737 0.0467489 0.035011 0.998293
3.03693 -35.2905 1.60624 0.0426424 0.0328965 0.998549
2.02473 -35.8259 1.66506 0.0242445 0.0185652 0.999313
0.583573 -36.3948 1.6793 0.00761077 0.00519723 0.999957
-0.609584 -35.9803 1.64324 -0.0344752 0.0202499 0.9992
-1.34574 -34.7416 1.59275 -0.0380534 0.0209197 0.99905
-1.70973 -33.6867 1.55222 -0.0276691 0.0290914 0.999194
-1.88273 -32.5146 1.51216 -0.0344721 0.0246161 0.999052
-1.84581 -31.0992 1.49272 -0.0280487 0.015372 0.999442
-1.69352 -29.9228 1.48055 -0.0312042 0.0139765 0.999415
-1.56214 -28.925 1.4714 -0.0324908 0.010593 0.999416
-1.45536 -27.7528 1.46117 -0.0413544 0.020508 0.99886
-1.41405 -26.6078 1.42468 -0.0292203 0.0391796 0.998805
-1.37759 -25.5191 1.39012 -0.0290639 0.00655234 0.999556
-1.34336 -24.026 1.38234 -0.0229795 0.00905771 0.999672
-1.44497 -22.5655 1.35635 -0.0396344 0.014663 0.999107
-1.50264 -21.5087 1.34842 -0.0374729 0.00369616 0.999291
-1.37282 -19.9455 1.33274 -0.0290378 0.0163625 0.999444
-1.11839 -18.8582 1.32215 -0.0255802 0.0195666 0.999471
-0.969834 -18.6262 1.3202 -0.0196455 0.0143961 0.999666
-0.413103 -19.6297 1.35521 -0.0250641 0.0195364 0.999484
0.429645 -20.4673 1.37929 0.00254223 0.00704602 0.999968
1.065 -21.6452 1.38372 -0.00141674 0.0109914 0.99991
1.62151 -22.7528 1.39942 0.0150321 0.0134652 0.999796
2.18237 -23.5808 1.4033 0.0137703 0.0164801 0.999769
3.07899 -24.7233 1.40893 0.0344229 0.015392 0.999093
3.82281 -25.5269 1.39221 0.0314732 0.0075872 0.999476
4.64277 -26.2677 1.37377 0.0396533 0.0180553 0.998958
5.58355 -27.0264 1.31925 0.0809371 0.0245226 0.996417
6.88291 -27.9394 1.23244 0.0855053 0.0216089 0.996103
7.86868 -28.6684 1.15929 0.0911108 0.0249333 0.995524
8.60859 -29.4592 1.11201 0.0974401 0.0212869 0.995013
9.09483 -30.566 1.09223 0.0931321 0.0259136 0.995316
9.15746 -31.6273 1.1145 0.0913517 0.027177 0.995448
8.65059 -32.4846 1.18224 0.0824339 0.0253232 0.996275
7.5298 -32.8941 1.28011 0.0741257 0.0233175 0.996976
6.51359 -33.2062 1.36165 0.0711533 0.0197344 0.997268
5.32559 -33.5411 1.44775 0.0630727 0.0241 0.997718
3.95845 -34.0622 1.52932 0.0460419 0.0161618 0.998809
2.34009 -34.8458 1.62011 0.0404073 0.0337054 0.998615
0.892918 -35.4736 1.6718 0.00738512 0.00548747 0.999958
-0.277038 -35.1041 1.6361 -0.033251 0.0214043 0.999218
-0.793175 -34.0722 1.58011 -0.0244835 0.0397563 0.998831
-1.09234 -32.8074 1.53572 -0.0161761 0.0241794 0.999553
-1.11915 -31.1819 1.50757 -0.0183912 0.0166583 0.999692
-0.991131 -30.0774 1.50321 -0.0224919 0.00368185 0.99974
-0.782667 -28.4211 1.49125 -0.0322479 0.010576 0.999424
-0.676648 -26.6756 1.44774 -0.00463918 0.0253611 0.999667
-0.599353 -25.0609 1.40901 -0.0226655 0.0100607 0.999672
-0.527632 -23.9184 1.39532 -0.0170646 0.00871305 0.999807
-0.662416 -22.4826 1.3862 -0.0277499 0.00989844 0.999484
-0.743371 -21.3118 1.37008 -0.0275408 0.012694 0.99954
-0.395308 -20.3054 1.36673 -0.0278819 0.0146138 0.999503
0.40977 -22.2652 1.39223 -0.00398006 0.0178343 0.999833
1.14585 -23.3644 1.41429 0.0053706 0.014986 0.999828
1.92669 -24.4496 1.42034 0.0123434 0.0138307 0.999828
3.02121 -25.6794 1.41862 0.0235703 0.00767994 0.999661
3.781 -26.4244 1.40102 0.0296646 0.0139701 0.999447
5.08557 -27.516 1.37027 0.040851 0.0109745 0.999105
5.89355 -28.1161 1.32026 0.0819773 0.0221401 0.996387
7.13938 -29.0444 1.23418 0.085166 0.019322 0.996177
7.93022 -29.8529 1.18215 0.0862927 0.0202335 0.996064
8.31233 -31.4254 1.18347 0.0824262 0.0242249 0.996302
7.36962 -32.1672 1.27502 0.0741042 0.0232467 0.99698
6.31302 -32.5187 1.36394 0.0706756 0.0144109 0.997345
5.17745 -32.8619 1.44069 0.0629551 0.0242249 0.997722
3.61596 -33.4494 1.53523 0.0353525 0.0209786 0.999085
2.69323 -33.8707 1.56987 0.0326033 0.0329472 0.99888
1.0298 -34.6087 1.66522 0.0402236 0.036606 0.998515
-0.0288687 -33.8513 1.59576 -0.0343138 0.0490819 0.998204
-0.351783 -32.6779 1.54716 -0.0187119 0.0180891 0.999661
-0.384912 -31.1622 1.52066 -0.0204084 0.00998219 0.999719
-0.228568 -29.7233 1.51896 -0.00986102 0.00824692 0.999829
-0.0808265 -28.5047 1.49641 -0.00389106 0.0239049 0.999706
0.0289417 -27.2301 1.46464 -0.0037067 0.0261258 0.999652
0.0686653 -26.2241 1.43859 -0.00833763 0.0233344 0.999678
0.174799 -25.0403 1.42202 -0.0153556 0.0122646 0.999805
0.579709 -23.7913 1.41277 -0.0166585 0.00900389 0.999813
0.0547291 -22.9101 1.39977 -0.015815 0.00506496 0.999862
0.049999 -22.7015 1.39861 -0.00982266 0.0114741 0.999848
1.331 -24.8966 1.43387 0.000122631 0.0117083 0.999859
2.47435 -26.1158 1.43399 0.0158557 0.0123386 0.999796
3.20861 -26.8681 1.42617 0.0290454 0.0190285 0.999397
4.09779 -27.6511 1.41211 0.0407627 0.0108093 0.99911
5.34329 -28.5919 1.37194 0.041956 0.0199553 0.998881
6.14989 -29.2078 1.32075 0.0832161 0.0177421 0.996373
7.07116 -30.0702 1.25894 0.0822103 0.0194062 0.996426
7.36952 -31.1802 1.25596 0.0817545 0.0180888 0.996487
6.16357 -31.8 1.36376 0.0804113 0.0162234 0.99663
4.18743 -32.4457 1.4929 0.0618447 0.0180467 0.997902
3.11588 -32.8911 1.53287 0.0250495 0.0266439 0.999331
1.48094 -33.6104 1.60776 0.0132885 0.0496894 0.998266
0.530231 -33.087 1.56319 -0.00893686 0.0400644 0.998852
0.327441 -31.4151 1.53739 -0.00377546 0.0159184 0.999865
0.397305 -30.4052 1.5252 0.00403174 0.0113673 0.999927
0.551774 -29.1045 1.50748 0.00468731 0.0167262 0.999848
0.684122 -28.0957 1.48923 0.00098401 0.0210856 0.999758
0.785382 -26.6444 1.45644 -0.0125438 0.0201383 0.999718
1.31023 -24.9417 1.43415 -0.00817884 0.0100184 0.99991
1.32583 -24.9077 1.43391 -0.011396 0.0105755 0.999878
1.74732 -26.4482 1.44938 0.0141174 0.0149922 0.999788
1.47023 -27.7839 1.47444 0.0169076 0.0186544 0.999677
1.27556 -28.9699 1.50088 0.00590557 0.0172098 0.999834
1.09388 -30.5121 1.52359 0.00147713 0.0148027 0.999879
1.11216 -32.1035 1.55127 -0.00250486 0.0172012 0.999849
2.65297 -32.2977 1.53866 0.0294261 0.00325926 0.999562
4.10675 -31.7571 1.4897 0.0474021 0.0109303 0.998725
5.05387 -31.4082 1.42778 0.0609429 0.0120171 0.998069
6.29844 -30.8903 1.33826 0.0810934 0.0176178 0.996549
5.74897 -29.9495 1.36724 0.0724869 0.0148784 0.997191
4.93498 -29.1789 1.4066 0.0520749 0.0209595 0.998357
3.81975 -28.3276 1.43073 0.0420549 0.0196692 0.998881
2.73051 -27.4501 1.44848 0.0168303 0.0159405 0.999731
2.0845 -26.7906 1.44954 0.0157132 0.0145407 0.99977
2.19641 -28.0769 1.4678 0.0178805 0.0219021 0.9996
1.85643 -29.7481 1.51015 0.0182071 0.0211039 0.999611
1.78103 -30.9936 1.5334 -0.00192415 0.0178607 0.999839
3.20462 -31.404 1.5171 0.0321455 0.00893412 0.999441
4.6844 -30.7406 1.4423 0.0600059 0.0130371 0.998112
4.42358 -29.7253 1.44431 0.0509746 0.0203544 0.998434
3.51473 -28.967 1.46228 0.031436 0.0245107 0.999125
2.92893 -28.6116 1.4664 0.0186757 0.0211877 0.999601
2.65031 -29.3681 1.48748 0.0191008 0.0208457 0.9996
3.84058 -30.2578 1.48325 0.01975 0.0233633 0.99953
2.47364 -30.3842 1.51359 0.0192739 0.0248898 0.999504
2.49252 -29.939 1.50224 0.0190632 0.0226761 0.999559
