56.9606 -29.3313 23.614 0.583435 -0.0514865 0.810526
57.7869 -28.8526 23.0498 0.58717 -0.0470857 0.808067
58.3433 -27.9289 22.6906 0.581407 -0.03947 0.812562
58.3154 -29.1547 22.6559 0.572318 -0.0422246 0.818923
57.3966 -29.5514 23.2866 0.583149 -0.0506732 0.810784
57.0404 -29.9325 23.5189 0.583242 -0.0507546 0.810711
57.2271 -30.7576 23.333 0.58536 -0.0490549 0.809282
56.4063 -31.0349 23.9139 0.587733 -0.0470911 0.807684
55.5261 -31.4074 24.5471 0.61184 -0.039631 0.789958
55.8581 -30.1199 24.3754 0.602237 -0.056738 0.796297
56.5249 -28.8173 23.9608 0.592242 -0.0512008 0.804058
57.1736 -28.0432 23.5426 0.587222 -0.0467768 0.808052
58.2754 -27.0376 22.7805 0.582225 -0.0331508 0.812252
58.9934 -27.2829 22.2769 0.558893 -0.0421475 0.828136
59.323 -28.4767 21.9831 0.56517 -0.0424169 0.823828
58.7047 -29.7247 22.35 0.572619 -0.0481176 0.818408
57.9164 -30.355 22.8658 0.573613 -0.0470804 0.817772
57.6849 -30.4788 23.0212 0.578458 -0.048817 0.814227
58.1443 -31.0721 22.6648 0.5739 -0.0476251 0.817539
58.982 -30.5193 22.1092 0.573021 -0.0477259 0.81815
59.9083 -29.285 21.5478 0.539356 -0.0476815 0.840658
60.081 -28.2573 21.4918 0.531928 -0.0382759 0.845924
59.869 -27.2045 21.6904 0.558286 -0.0424305 0.828528
59.3374 -26.3355 22.085 0.55838 -0.0344909 0.828868
58.4725 -25.9497 22.6979 0.57471 -0.0420093 0.817278
57.6401 -26.5654 23.2588 0.589544 -0.0229211 0.80741
56.8073 -27.3769 23.8427 0.593865 -0.0258444 0.80413
56.1881 -28.0808 24.2532 0.591341 -0.0477271 0.804981
55.5137 -29.257 24.697 0.603752 -0.0464643 0.795751
54.9837 -30.8569 25.0033 0.616333 -0.047766 0.786036
54.5916 -31.8984 25.2536 0.621653 -0.0385827 0.782341
54.8718 -32.9402 24.9997 0.615494 -0.0173845 0.787904
54.1082 -33.2907 25.5963 0.616238 -0.0148713 0.787419
53.4471 -34.7429 26.058 0.618064 -0.0515819 0.784429
52.7841 -35.3133 26.5461 0.619647 -0.0497716 0.783301
52.3372 -36.3867 26.8628 0.652059 -0.0428034 0.756948
53.0147 -37.4755 26.2338 0.633685 -0.0405299 0.772326
53.3461 -36.2524 26.0439 0.620847 -0.0457328 0.782596
53.7102 -35.2607 25.8167 0.618148 -0.0511543 0.784391
54.0861 -34.308 25.5861 0.616821 -0.0525313 0.785348
54.927 -33.017 24.9552 0.616444 -0.010009 0.787328
55.5978 -32.4689 24.4426 0.61115 -0.0252538 0.79099
56.4513 -31.9024 23.8308 0.587714 -0.0466494 0.807723
57.4619 -31.4347 23.1252 0.581189 -0.0371418 0.81292
57.5886 -31.3753 23.0371 0.578023 -0.0427238 0.814868
57.662 -32.1686 22.9482 0.582006 -0.0368758 0.812348
56.491 -32.7611 23.7567 0.580903 -0.0340681 0.813252
55.7081 -33.3242 24.3439 0.615932 -0.0141293 0.787667
55.0324 -34.0663 24.8589 0.613596 -0.0365819 0.788502
54.4758 -35.0143 25.2327 0.617101 -0.0529222 0.785102
54.046 -36.0597 25.4959 0.625562 -0.0655676 0.777301
53.6478 -37.3071 25.7275 0.635072 -0.0598209 0.770133
53.2165 -38.6941 26.005 0.640177 -0.0381289 0.767278
53.3197 -39.8059 25.8793 0.644512 -0.0138669 0.764369
53.2997 -41.0592 25.8936 0.635941 0.00174122 0.771688
53.474 -42.5592 25.707 0.65239 -0.0307267 0.757261
53.3595 -44.2723 25.7486 0.648608 -0.0172127 0.760927
53.1302 -45.4548 25.9227 0.645887 -0.0125267 0.76333
52.0586 -46.1186 26.845 0.672971 -0.00163079 0.739279
51.9955 -44.839 26.9315 0.674536 -0.0272196 0.737739
52.1519 -43.0811 26.8159 0.658914 -0.0122413 0.751761
52.1702 -41.7976 26.838 0.641868 -0.00180342 0.766813
52.1661 -40.3724 26.8449 0.641976 -0.00182866 0.766723
52.1595 -39.1648 26.8914 0.660525 -0.0326712 0.750093
52.0235 -37.8606 27.0679 0.660054 -0.0315466 0.750555
51.8463 -36.8939 27.2654 0.658133 -0.0351748 0.752079
51.6592 -35.8004 27.5006 0.66464 -0.0573239 0.744954
52.3591 -34.6568 26.978 0.657632 -0.0709612 0.749988
52.9735 -33.933 26.4932 0.654535 -0.0364593 0.755151
53.5791 -32.9013 26.0176 0.63535 -0.0242837 0.771379
54.018 -31.8564 25.7115 0.621016 -0.0377741 0.782886
54.5253 -30.1675 25.411 0.639844 -0.0611254 0.76607
54.8936 -29.0188 25.1814 0.623068 -0.0298964 0.781313
55.2928 -28.1117 24.9204 0.605256 -0.0425275 0.794867
55.9901 -27.2023 24.4479 0.587687 -0.0414478 0.808025
56.7881 -26.3717 23.8905 0.597809 -0.0251694 0.801243
57.507 -25.7071 23.3867 0.571364 -0.0265775 0.820136
58.4651 -24.7789 22.7345 0.570549 -0.0147129 0.821125
59.4031 -25.0414 22.0908 0.552462 -0.0182547 0.833325
59.9601 -25.8605 21.6932 0.54862 -0.0429506 0.834968
60.4582 -26.743 21.32 0.543086 -0.0393207 0.838717
60.8283 -28.0139 21.0326 0.537039 -0.0334415 0.842894
60.7356 -29.1531 21.0349 0.532716 -0.0543588 0.844546
60.2122 -30.2432 21.3033 0.545991 -0.0400118 0.836835
59.443 -31.1284 21.762 0.548287 -0.0425273 0.835206
58.1917 -31.9158 22.5816 0.57389 -0.0483386 0.817505
58.1303 -31.9493 22.6227 0.578023 -0.0427238 0.814868
58.63 -32.5494 22.2376 0.577823 -0.0418929 0.815054
59.7861 -31.8461 21.5006 0.549196 -0.0417283 0.834651
60.4547 -31.2129 21.0967 0.545932 -0.0435639 0.836696
61.0217 -30.3651 20.7757 0.529649 -0.0543966 0.846465
61.5216 -28.965 20.5521 0.534908 -0.0423155 0.843748
61.5571 -27.9648 20.5703 0.537043 -0.0334423 0.842891
61.311 -26.7932 20.7744 0.537264 -0.0359009 0.84265
60.8562 -25.9204 21.1013 0.542527 -0.0399402 0.839052
59.8945 -24.4563 21.778 0.548942 -0.0156353 0.835714
59.0698 -23.2961 22.3595 0.557683 -0.0158146 0.829876
58.2923 -23.8787 22.8751 0.577082 -0.0351357 0.815929
57.6483 -24.5951 23.3073 0.587495 -0.0278021 0.808688
56.9494 -25.2559 23.8046 0.596549 -0.0247289 0.802194
55.8444 -26.2562 24.5986 0.593279 -0.0293816 0.804426
54.8773 -27.4219 25.2729 0.611129 -0.0350962 0.790752
54.3933 -28.4773 25.6058 0.633488 -0.0210844 0.773448
53.9027 -30.0708 25.9393 0.641312 -0.0630483 0.764683
53.6179 -31.0195 26.0986 0.640156 -0.0509151 0.766554
52.988 -32.5643 26.5449 0.654459 -0.0360721 0.755233
52.3774 -33.4991 27.031 0.654706 -0.0352614 0.75506
51.7587 -34.2446 27.5298 0.654508 -0.0387089 0.755059
51.0699 -35.0071 28.0958 0.663615 -0.0488207 0.746323
50.9315 -35.9758 28.1391 0.668026 -0.0615842 0.741585
51.2594 -37.2158 27.7664 0.669694 -0.0333305 0.741774
51.4911 -38.4034 27.5134 0.660325 -0.0319522 0.750299
51.5555 -39.4073 27.4127 0.660525 -0.0326712 0.750093
51.5548 -40.9425 27.3856 0.681855 -0.0183509 0.731257
51.5357 -42.2994 27.3706 0.682087 -0.017344 0.731065
51.5087 -43.524 27.4003 0.670664 0.00504656 0.741744
51.4629 -44.6919 27.4248 0.683379 -0.0170716 0.7297
51.4689 -45.786 27.4111 0.689067 -0.00734123 0.724654
51.6132 -47.0848 27.2548 0.692817 -0.00881234 0.721047
52.2694 -47.5259 26.6636 0.660981 -0.00741776 0.750366
53.2463 -46.9402 25.8111 0.655366 -0.00384419 0.755286
53.8663 -45.2363 25.3034 0.645887 -0.0125267 0.76333
54.0328 -44.221 25.1771 0.647137 -0.0139856 0.762239
54.065 -42.7493 25.1902 0.647591 -0.039876 0.760867
54.0008 -41.615 25.3161 0.635693 -0.0572937 0.769712
53.9461 -40.5867 25.3711 0.626415 0.00410867 0.779473
53.95 -39.142 25.38 0.619688 -0.0229588 0.784154
54.1567 -37.7786 25.2726 0.634254 -0.047175 0.771604
54.6139 -36.3357 25.0248 0.615627 -0.0710153 0.784831
55.2095 -35.0827 24.6514 0.617101 -0.0529222 0.785102
55.8037 -34.2815 24.2488 0.613596 -0.0365819 0.788502
56.4819 -33.6558 23.7292 0.600068 -0.0252892 0.799208
57.6977 -32.9936 22.8849 0.580815 -0.0354962 0.813258
57.9313 -32.8821 22.7231 0.581999 -0.0366861 0.812361
57.9291 -33.7202 22.6974 0.576853 -0.0249394 0.816464
59.1254 -33.1691 21.872 0.56019 -0.0304307 0.827682
60.3887 -32.3941 21.0774 0.548524 -0.0405184 0.835152
61.2046 -31.4807 20.6102 0.525487 -0.0356657 0.850054
61.8435 -30.4701 20.2584 0.52609 -0.0449348 0.849196
62.1721 -29.413 20.1143 0.542655 -0.0323342 0.839333
62.2731 -28.2981 20.0937 0.542323 -0.0356438 0.839413
62.204 -27.1017 20.1895 0.543918 -0.0391588 0.838215
61.7564 -25.9372 20.5276 0.535844 -0.0366336 0.843522
60.8124 -24.534 21.1743 0.530895 -0.0253159 0.847059
60.2283 -23.6005 21.5779 0.555179 -0.0150255 0.831567
59.7319 -22.5467 21.9222 0.557426 -0.0103131 0.830163
59.2848 -21.5319 22.2632 0.57681 -0.0269194 0.816429
59.456 -20.4392 22.175 0.573776 -0.0287141 0.818509
58.9722 -21.3283 22.4904 0.57809 -0.0242371 0.815613
58.4847 -22.2551 22.8037 0.577696 -0.0296262 0.815714
57.7687 -23.3808 23.2675 0.577327 -0.0342506 0.815794
57.0538 -24.194 23.7616 0.595648 -0.026318 0.802814
56.2107 -24.9223 24.3658 0.598093 -0.0241799 0.801062
55.4365 -25.6009 24.9264 0.606054 -0.0300335 0.794854
54.7578 -26.3531 25.4124 0.612695 -0.0353384 0.789523
54.0547 -27.4401 25.9112 0.621191 -0.0267296 0.783106
53.7229 -28.3979 26.157 0.633488 -0.0210844 0.773448
53.4271 -29.3876 26.3799 0.620144 -0.0271201 0.78384
53.1457 -30.403 26.5441 0.629626 -0.0556771 0.774735
52.6343 -31.7625 26.8921 0.654482 -0.0383992 0.755102
52.1785 -32.5934 27.2456 0.650667 -0.0355004 0.758509
51.6329 -33.3121 27.6853 0.654991 -0.0349727 0.754827
50.4978 -34.4767 28.6181 0.671256 -0.0370613 0.739992
49.9545 -35.1886 29.0933 0.689316 -0.0345143 0.723612
50.5186 -36.7199 28.4768 0.687161 -0.0389422 0.725362
50.78 -37.8223 28.1798 0.678208 -0.0367148 0.733952
50.9264 -38.9946 27.9987 0.682447 -0.00988223 0.730854
50.9747 -40.0928 27.9408 0.679898 -0.00892467 0.733252
50.9553 -41.491 27.9315 0.682797 -0.0178187 0.730391
50.9403 -42.5577 27.9203 0.680514 -0.00830014 0.732631
50.9182 -44.0117 27.9427 0.682598 0.00655627 0.730729
50.9099 -45.0398 27.9509 0.690044 -0.00503095 0.723748
50.9292 -46.3535 27.9211 0.693599 -0.00759489 0.720317
50.9864 -47.5398 27.8569 0.694761 -0.00545982 0.71922
51.4059 -48.453 27.4524 0.692404 0.00014938 0.72151
52.5457 -48.3709 26.4122 0.659179 -0.00540147 0.75196
53.5059 -47.9228 25.5961 0.634943 -0.00453622 0.772486
53.958 -47.0959 25.2242 0.631297 0.00342935 0.775529
54.3325 -46.0357 24.9284 0.620922 -0.00588448 0.783849
54.6077 -44.9762 24.7344 0.609003 -0.00711572 0.793051
54.7111 -43.4799 24.6487 0.600671 -0.00345647 0.799429
54.6991 -42.2005 24.7153 0.607362 -0.0522038 0.792706
54.6352 -41.1402 24.8243 0.613088 -0.00825607 0.78981
54.6035 -39.8506 24.8749 0.603602 -0.0124374 0.797189
54.6392 -38.7632 24.8627 0.604576 -0.0100181 0.796484
54.9409 -37.3209 24.6806 0.600475 -0.0556376 0.797354
55.4504 -36.0284 24.3979 0.615488 -0.0622626 0.785633
55.9666 -35.1951 24.0562 0.610657 -0.0574352 0.789809
56.6684 -34.4565 23.5662 0.61454 -0.036735 0.787758
57.6908 -33.8355 22.8614 0.574698 -0.0268418 0.817923
58.0013 -34.5264 22.6195 0.574236 -0.0365087 0.817835
56.9976 -35.1263 23.2923 0.58283 -0.0400106 0.811536
56.1819 -36.1058 23.8456 0.589549 -0.0382096 0.806827
55.7456 -36.9969 24.1171 0.583746 -0.0430414 0.810795
55.416 -38.1448 24.301 0.587854 -0.0189733 0.808745
55.2733 -39.6151 24.3709 0.59584 -0.0141786 0.802906
55.2875 -40.8811 24.3283 0.612347 -0.0210328 0.790309
55.3395 -42.0255 24.2375 0.599103 -0.0439085 0.799391
55.3792 -43.1911 24.1579 0.591019 -0.0179695 0.806403
55.362 -44.3441 24.1581 0.599293 -0.00128143 0.800483
55.1918 -45.4111 24.2725 0.610372 -0.0204165 0.791847
54.7591 -46.9096 24.5843 0.618943 -0.00851719 0.785387
54.3261 -48.1348 24.9196 0.635151 -0.00880048 0.772321
53.4173 -49.0471 25.6487 0.645788 -0.00803044 0.763302
52.5616 -49.23 26.395 0.657291 -0.0047962 0.753619
51.6946 -49.3256 27.173 0.688611 -0.000319861 0.72511
50.6703 -49.2749 28.1531 0.691345 -0.00453279 0.72251
50.4215 -48.2867 28.3975 0.692001 -0.00232424 0.721888
50.3631 -47.137 28.4646 0.701826 -0.00751937 0.712309
50.3453 -45.6603 28.4851 0.693834 0.00252114 0.720077
50.3472 -44.5257 28.4892 0.689576 -0.00371255 0.724204
50.3513 -43.2744 28.4662 0.683075 0.00597378 0.730288
50.3651 -42.0097 28.4714 0.683179 -0.01751 0.730041
50.3801 -40.9194 28.4868 0.692539 -0.0132593 0.721203
50.3893 -39.9123 28.4909 0.68591 -0.0107146 0.727607
50.3185 -38.6929 28.5803 0.68811 -0.022932 0.725244
50.1221 -37.5359 28.8127 0.689842 -0.0352224 0.7231
49.6953 -36.2924 29.2976 0.698075 -0.0361188 0.715073
49.012 -35.3871 30.0054 0.70674 -0.031747 0.706761
49.2679 -34.481 29.7867 0.699389 -0.0244328 0.714296
49.9309 -33.9971 29.18 0.68365 -0.0294605 0.729214
50.5644 -33.4287 28.6115 0.682509 -0.0298932 0.730265
51.1618 -32.7963 28.1129 0.650389 -0.0238206 0.759228
51.7129 -32.0525 27.664 0.649713 -0.0290909 0.759602
52.2041 -31.1329 27.2842 0.645647 -0.0304216 0.763029
52.5554 -30.1426 27.0263 0.632134 -0.0383996 0.773686
52.8784 -28.859 26.8282 0.624784 -0.0163818 0.78062
53.2025 -27.7074 26.5922 0.627172 -0.0176228 0.778681
53.9477 -26.2608 26.0491 0.614056 -0.03155 0.788615
54.9184 -25.0409 25.3422 0.607645 -0.0313446 0.793583
55.6458 -24.4143 24.812 0.607278 -0.032901 0.793807
56.6516 -23.5894 24.0799 0.595409 -0.0262395 0.802994
57.36 -22.7953 23.5804 0.586232 -0.0300056 0.809497
57.8878 -21.9323 23.2377 0.576814 -0.0264022 0.816447
58.2283 -20.9197 23.0292 0.576869 -0.0233491 0.816503
58.0942 -19.4259 23.1543 0.57241 -0.00839724 0.819925
57.7779 -18.3151 23.3876 0.570067 -0.0101239 0.821535
57.074 -17.0929 23.9163 0.591456 -0.0133247 0.806227
56.1046 -15.8461 24.646 0.591043 -0.013928 0.806516
55.5627 -15.0362 25.0569 0.607127 0.000239906 0.794605
54.9546 -13.5841 25.5333 0.612675 -0.0127177 0.790226
54.8651 -12.485 25.6258 0.612355 -0.01803 0.790376
55.1392 -11.5332 25.4264 0.595935 -0.00718528 0.802955
55.5936 -10.687 25.1082 0.58929 -0.013857 0.807802
56.3667 -9.80872 24.5638 0.582289 -0.0237805 0.812634
57.2838 -8.88783 23.9347 0.578615 -0.0234255 0.815255
58.1412 -7.73265 23.327 0.577986 0.00259983 0.816042
58.6655 -6.75761 22.9548 0.577543 -0.0031605 0.816346
58.758 -5.72201 22.8922 0.581855 -0.00134879 0.813291
58.5272 -4.61433 23.0544 0.579172 0.0106098 0.815137
58.1605 -3.62981 23.3034 0.580626 0.00689559 0.814138
57.4185 -2.33619 23.8393 0.589626 -0.0053073 0.807658
56.6095 -1.05658 24.4242 0.575037 0.0132562 0.817965
56.0732 -0.118443 24.7759 0.569824 0.00524025 0.821687
55.6771 0.928161 25.0605 0.579932 0.00218519 0.814563
55.2804 2.3301 25.3597 0.596263 -0.0183888 0.802577
55.039 3.64635 25.5757 0.615325 -0.00263541 0.788263
54.9611 4.79283 25.6366 0.616666 0.000114478 0.787225
55.0204 5.8416 25.5853 0.614065 0.0182796 0.788981
55.2379 7.47545 25.3848 0.590029 0.0128714 0.807279
55.7345 9.30339 24.9928 0.596636 0.0143953 0.802383
56.1451 10.6461 24.6845 0.589804 -0.010414 0.807479
56.6028 11.8064 24.367 0.588802 0.00489827 0.808091
57.4524 13.0216 23.7112 0.580786 0.0138378 0.813794
58.407 13.7889 23.0486 0.568617 -4.34677e-05 0.822602
59.2898 14.1269 22.4395 0.566183 0.000974347 0.824276
60.1883 14.1464 21.8453 0.556012 0.0124871 0.831081
61.6822 13.4607 20.8702 0.546806 0.0188031 0.837048
62.6234 12.1337 20.2899 0.519388 0.0105366 0.854473
63.1268 10.6191 20.0024 0.518132 0.010908 0.85523
63.3005 9.41879 19.912 0.515027 -0.0110097 0.856831
63.3841 8.40995 19.8245 0.511538 -0.0318727 0.858669
63.4519 7.36469 19.7503 0.484245 0.0086748 0.874717
63.5496 6.29893 19.7328 0.516197 0.0364601 0.855693
63.6623 5.20814 19.712 0.511555 0.0206255 0.858829
63.7852 4.01195 19.6323 0.519671 -0.011992 0.854282
63.8161 2.92787 19.5982 0.517315 -0.015159 0.855652
63.6722 1.01441 19.6545 0.511149 -0.0103143 0.85943
63.3344 -0.422046 19.8532 0.516755 -0.00416836 0.856123
62.9618 -1.54339 20.0811 0.545607 -0.00215964 0.838038
62.5405 -2.42375 20.3525 0.543625 -0.00746418 0.839294
61.8874 -3.32354 20.7688 0.549308 -0.00602199 0.835578
61.1919 -4.24448 21.2303 0.556808 0.00403222 0.830631
60.5591 -5.47731 21.661 0.554964 0.00867759 0.831813
60.3057 -6.51502 21.838 0.560319 0.00525624 0.82826
60.2481 -8.02382 21.8812 0.566364 -0.0173007 0.823787
60.4711 -8.99321 21.6877 0.575521 -0.0308325 0.817205
60.989 -10.2895 21.2858 0.562582 -0.0167478 0.826277
61.5607 -11.5497 20.8828 0.539881 -0.0190937 0.841509
61.934 -12.7843 20.6219 0.547037 -0.00403292 0.836912
62.123 -13.908 20.5057 0.558479 -0.00540365 0.829389
62.0021 -15.127 20.5589 0.560817 -0.0177993 0.827748
61.3758 -16.6216 20.9524 0.550769 -0.00389207 0.834317
60.7652 -17.9415 21.3354 0.562499 -0.0203297 0.826548
60.3423 -18.9145 21.5993 0.566349 -0.0159102 0.823988
60.0569 -20.0026 21.7691 0.573826 -0.0286558 0.818475
60.0982 -21.3577 21.6945 0.547341 -0.0196971 0.836056
60.4565 -22.5447 21.4483 0.523831 -0.0195107 0.851599
61.1512 -23.7149 20.9859 0.530923 -0.0261614 0.847015
61.713 -24.5596 20.609 0.530895 -0.0253159 0.847059
62.3286 -25.3906 20.1878 0.536117 -0.0337875 0.843463
62.7712 -26.2514 19.8653 0.543678 -0.0430914 0.838187
62.9635 -27.3573 19.6862 0.543224 -0.0345743 0.838876
62.9556 -28.6488 19.638 0.523809 -0.0233588 0.851134
62.773 -30.1311 19.7009 0.506657 -0.0323893 0.861533
62.2734 -31.285 19.9584 0.524841 -0.0360467 0.850437
61.5283 -32.3371 20.3744 0.52565 -0.0269322 0.850232
60.8811 -33.0132 20.7597 0.525318 -0.018425 0.850706
60.0662 -33.5596 21.2341 0.532867 -0.033247 0.845319
59.2029 -33.9875 21.7979 0.567967 -0.0202786 0.8228
58.3764 -34.3477 22.3612 0.573954 -0.0222074 0.818564
58.2578 -34.4008 22.4438 0.576411 -0.0262589 0.816731
58.6056 -35.0703 22.1625 0.574488 -0.0484179 0.817072
57.2903 -35.8257 23.0481 0.581856 -0.0398483 0.81225
56.4492 -37.0504 23.6039 0.589476 -0.0394112 0.806824
56.1068 -38.0418 23.8017 0.585575 -0.0309901 0.809935
55.9598 -39.4025 23.8689 0.597413 -0.029541 0.801389
55.9428 -40.8735 23.8317 0.598422 -0.0258072 0.800765
56.0042 -42.451 23.7294 0.588449 -0.0365406 0.807707
56.0539 -43.5074 23.6573 0.589542 -0.0227761 0.807409
56.0253 -44.6102 23.6679 0.590612 -0.00397379 0.806944
55.8359 -45.6229 23.7932 0.579937 -0.0151223 0.814521
55.5451 -46.6446 23.9864 0.58586 -0.0228546 0.809986
55.1867 -47.7441 24.2377 0.613101 -0.00625821 0.789979
54.8392 -48.8067 24.496 0.619995 -0.00862838 0.784499
54.3092 -49.6191 24.9174 0.627688 -0.00468113 0.77845
53.1582 -49.9791 25.8686 0.656765 -0.00645803 0.754068
52.186 -50.129 26.7143 0.669312 -0.00142424 0.742772
50.9436 -50.2043 27.8863 0.690016 -0.00183005 0.723786
50.1938 -50.15 28.6146 0.697473 -0.00445838 0.716588
49.7075 -49.3832 29.0911 0.705016 -0.00769079 0.70907
49.8097 -48.2694 29.0123 0.711393 -0.00581893 0.702698
49.7823 -46.4546 29.0448 0.70111 0.00129053 0.712986
49.7702 -44.9373 29.0365 0.693819 0.00277011 0.720091
49.7762 -43.8723 29.0241 0.713618 -0.00169417 0.700533
49.7967 -42.506 29.003 0.704221 -0.00985573 0.709694
49.8007 -41.2226 29.0375 0.696035 -0.021509 0.717684
49.8113 -40.1804 29.0349 0.690879 -0.0053229 0.722951
49.7967 -39.1009 29.0623 0.687207 -0.017087 0.726235
49.5893 -37.6448 29.3268 0.702791 -0.0348949 0.71054
49.2428 -36.7349 29.717 0.698075 -0.0361188 0.715073
48.6295 -36.0924 30.356 0.706636 -0.0319142 0.706857
47.7752 -35.6709 31.2705 0.73793 0.00264649 0.67479
47.1698 -35.3751 31.9229 0.735821 0.0118247 0.677073
46.3693 -35.3684 32.7711 0.725251 0.0176858 0.688252
46.879 -34.9461 32.2265 0.723822 0.0159052 0.689803
47.6324 -34.5658 31.4189 0.714102 -0.0211239 0.699722
48.7615 -33.9412 30.3012 0.700148 -0.0243927 0.713559
49.4279 -33.4526 29.6736 0.689501 -0.0302387 0.723601
50.6651 -32.3329 28.5604 0.678824 -0.0274215 0.733778
51.4063 -31.221 27.9574 0.649478 -0.0284411 0.759837
51.8474 -30.2632 27.6186 0.645467 -0.0279672 0.763273
52.1502 -29.194 27.4034 0.651339 -0.0366878 0.757897
52.4183 -27.8482 27.2478 0.649659 -0.0366427 0.759326
52.9296 -26.633 26.8513 0.64745 -0.0154095 0.761873
53.5759 -25.5155 26.363 0.613004 -0.0268538 0.789624
54.3162 -24.5755 25.8258 0.61078 -0.0320462 0.791152
55.1446 -23.8406 25.2194 0.608703 -0.0261415 0.792931
55.8997 -23.2743 24.6507 0.610136 -0.0181751 0.792088
56.5915 -22.659 24.1544 0.595194 -0.0258204 0.803167
57.1318 -21.8642 23.775 0.586701 -0.0246961 0.809333
57.498 -20.8258 23.5475 0.576672 -0.0229599 0.816653
57.4456 -19.6159 23.6049 0.572197 -0.0083327 0.820074
57.1642 -18.6118 23.8272 0.595677 -0.0129947 0.803112
56.2919 -17.1983 24.49 0.599603 -0.0100184 0.800216
55.6045 -16.3517 25.0169 0.603773 -0.00862859 0.797106
55.0645 -15.5593 25.4377 0.605999 -0.00481349 0.795433
54.4884 -14.3871 25.887 0.615143 -0.0093481 0.78836
54.1846 -13.2343 26.1371 0.613632 -0.0129306 0.789475
54.2054 -12.1723 26.1258 0.599267 -0.000232966 0.800549
54.4849 -11.1858 25.9164 0.601154 -0.00106124 0.799132
55.0387 -10.1737 25.5221 0.590569 -0.012414 0.806891
55.6844 -9.40864 25.0612 0.578981 0.00230096 0.815318
56.5401 -8.57025 24.4577 0.574665 0.00291923 0.818383
57.2472 -7.7492 23.9598 0.573905 0.00303897 0.818916
57.7648 -6.81748 23.5918 0.577443 -0.0027726 0.81642
57.9366 -5.55231 23.4804 0.579985 -0.00404223 0.814606
57.6559 -4.19987 23.6729 0.591182 0.00737355 0.806505
57.1873 -3.3492 24.0095 0.593164 0.00099872 0.805081
56.4866 -2.20821 24.5246 0.587681 0.00161636 0.809061
55.8939 -1.26255 24.9209 0.570466 0.0199904 0.821051
55.2675 -0.0251099 25.3407 0.593227 0.00234815 0.804685
54.9377 0.961598 25.5964 0.616713 0.00102663 0.787188
54.6461 2.06977 25.8495 0.618089 -0.0224637 0.785787
54.3553 3.84004 26.1087 0.613875 -0.00515398 0.789387
54.3144 4.84092 26.143 0.614435 0.0044559 0.788939
54.3682 5.90265 26.0894 0.612432 0.00893073 0.790473
54.4741 7.05203 25.9678 0.609569 0.0185223 0.792409
54.6848 8.07132 25.7872 0.605373 0.0161362 0.795758
54.983 9.10633 25.5557 0.597605 0.0121222 0.801697
55.3677 10.4923 25.2518 0.595113 -0.000560251 0.803576
55.9342 12.0722 24.8549 0.592114 0.00174585 0.805791
56.6247 13.2009 24.3223 0.598916 0.0129531 0.800707
57.5747 14.2022 23.6238 0.568965 0.000741688 0.822361
58.7812 14.895 22.7884 0.567248 0.00218883 0.823544
59.7024 15.0119 22.1572 0.557469 0.004496 0.830128
60.5611 14.9562 21.582 0.558237 0.0268539 0.829247
61.4217 14.6171 21.0145 0.55102 0.0154212 0.83433
62.4721 13.8015 20.3611 0.532265 0.00755191 0.846544
63.0466 12.9622 20.0178 0.523383 0.0140968 0.851981
63.5848 11.7111 19.7076 0.519955 0.0159175 0.854034
63.9208 10.3208 19.5267 0.516851 0.0113607 0.856
64.0153 9.32217 19.4825 0.513352 -0.0105858 0.857843
64.0932 8.23351 19.4064 0.481993 -0.00735638 0.876144
64.1639 7.18109 19.358 0.484245 0.0086748 0.874717
64.2576 6.16472 19.3355 0.487419 0.0253937 0.872799
64.3553 5.15066 19.3016 0.512662 0.00853665 0.858543
64.4807 4.10207 19.22 0.501947 -0.0119307 0.864816
64.5211 2.96923 19.1802 0.498614 -0.010645 0.866751
64.4533 1.73305 19.2028 0.494131 -0.0130349 0.86929
64.3246 0.616874 19.2616 0.512884 -0.00669791 0.858421
63.9459 -0.914318 19.4809 0.515335 -0.0044442 0.856977
63.3381 -2.58951 19.8353 0.530611 -0.00367532 0.847446
62.7896 -3.45022 20.1841 0.528643 0.00696809 0.848815
62.101 -4.23936 20.6241 0.532006 0.00444538 0.846723
61.5483 -5.00526 20.9965 0.554147 0.0107122 0.832345
61.0987 -5.94393 21.3103 0.551056 0.00881371 0.834408
60.9042 -7.41263 21.4435 0.559855 -0.00764436 0.828423
61.0123 -8.41432 21.336 0.562651 -0.0341889 0.825987
61.6123 -9.962 20.8891 0.545495 -0.0179555 0.837914
62.1248 -10.9713 20.5357 0.53621 -0.0146688 0.843955
62.544 -12.2445 20.2446 0.536179 -0.0161426 0.84395
62.7544 -13.3138 20.0914 0.530067 -0.0135748 0.847818
62.8254 -14.6146 20.0266 0.526528 -0.0123685 0.850066
62.5309 -15.7838 20.2021 0.531595 0.0133733 0.846869
62.0732 -16.846 20.5109 0.536874 0.0136393 0.843551
61.6106 -17.8672 20.7949 0.535423 -0.0102576 0.844522
61.1092 -19.0254 21.098 0.533799 -0.00523071 0.845574
60.7917 -20.1579 21.288 0.521316 -0.0122494 0.853275
60.7763 -21.2048 21.2825 0.522448 -0.0160109 0.852511
61.1588 -22.276 21.0215 0.526325 -0.0210345 0.85002
61.6578 -23.1385 20.6888 0.529856 -0.0292519 0.847582
62.1649 -23.9307 20.3444 0.533326 -0.0273489 0.845459
63.126 -25.1902 19.6841 0.543401 -0.0198367 0.83921
63.5736 -26.2787 19.3456 0.537437 -0.0455365 0.842073
63.6875 -28.0614 19.2161 0.508312 -0.00878143 0.861128
63.5895 -29.6321 19.2393 0.506133 -0.0293725 0.86195
63.4163 -30.6962 19.2981 0.508264 -0.0346799 0.860503
62.527 -32.285 19.7638 0.508898 -0.0337061 0.860164
61.7693 -33.2692 20.2004 0.542308 -0.0403867 0.839206
60.9259 -33.9693 20.6983 0.529818 -0.0576953 0.846025
60.0474 -34.4764 21.2004 0.539596 -0.0558126 0.839787
58.876 -34.9581 21.9804 0.572016 -0.0502487 0.818702
58.9148 -35.7565 21.9046 0.574387 -0.0481547 0.817159
58.0276 -36.2229 22.5055 0.5769 -0.0445311 0.815597
57.2011 -37.0534 23.0564 0.584707 -0.0364628 0.810425
56.8025 -38.0424 23.2997 0.584426 -0.0347631 0.8107
56.6273 -39.1026 23.3833 0.59064 -0.0313936 0.806289
56.6181 -40.2694 23.3467 0.597488 -0.0277618 0.801394
56.644 -41.8867 23.287 0.590699 -0.0225434 0.806572
56.72 -42.891 23.1889 0.585303 -0.0279403 0.810282
56.7052 -44.5038 23.1708 0.590654 -0.00479139 0.806906
56.5439 -45.5232 23.2861 0.590408 -0.00382055 0.807094
56.2721 -46.5436 23.4651 0.58005 -0.0247131 0.814154
55.9475 -47.517 23.6569 0.580894 -0.0323563 0.813335
55.5847 -48.728 23.9191 0.61213 -0.0117838 0.790669
55.0924 -50.0403 24.2847 0.620026 -0.00638749 0.784506
54.205 -50.6771 24.9842 0.624438 -0.0139125 0.780951
53.3469 -50.8209 25.6967 0.656966 -0.00811109 0.753876
52.5388 -50.9282 26.3997 0.657082 -0.00701879 0.753786
51.6558 -50.9914 27.2096 0.678675 -0.0109669 0.734348
50.8956 -51.0252 27.9192 0.691383 -0.0129623 0.722294
49.634 -50.9905 29.1521 0.7049 -0.00392589 0.70923
48.9313 -50.2621 29.8618 0.711194 -0.00728792 0.702936
49.1422 -49.2384 29.6657 0.711094 -0.0150919 0.702934
49.2234 -47.7178 29.6039 0.712284 0.00306882 0.701885
49.2165 -46.561 29.604 0.715748 0.00573666 0.698335
49.2009 -45.3827 29.6111 0.714748 0.00408381 0.699368
49.2133 -44.138 29.5968 0.714101 -0.000898526 0.700041
49.2347 -42.9427 29.5785 0.716193 0.000946702 0.697902
49.2353 -41.7272 29.5719 0.706497 -0.00806435 0.707411
49.2388 -40.5105 29.5842 0.72611 -0.0132071 0.687452
49.2472 -39.3544 29.5972 0.72562 -0.0127542 0.687978
49.1488 -38.1479 29.7442 0.717449 -0.030509 0.695942
48.5079 -36.9132 30.4701 0.726715 -0.0385233 0.685837
47.8718 -36.5227 31.1562 0.743961 -0.00934615 0.66813
46.9336 -36.3105 32.1901 0.74356 0.00445953 0.668569
46.1571 -36.3446 33.0247 0.72637 0.0268498 0.686779
45.4246 -36.3606 33.8011 0.731133 0.0316128 0.681457
45.0466 -35.7411 34.1628 0.717557 0.0344768 0.695582
45.3703 -34.9852 33.804 0.712965 0.0268973 0.700684
46.0902 -34.3897 33.0413 0.72387 0.0158777 0.689753
46.928 -33.9579 32.1523 0.718842 0.00414156 0.695026
47.6329 -33.648 31.4427 0.709937 -0.00710858 0.70423
48.7783 -32.9783 30.3227 0.695402 -0.0142149 0.718454
49.4407 -32.5139 29.7005 0.683868 -0.0161396 0.729378
50.0934 -31.9489 29.1044 0.683079 -0.0243564 0.72993
50.6728 -31.157 28.6094 0.674853 -0.0452263 0.736538
51.2791 -29.9644 28.1183 0.652858 -0.0332744 0.756749
51.5859 -28.7552 27.9105 0.651326 -0.0388345 0.757804
51.7656 -27.7438 27.8077 0.649319 -0.0393841 0.75949
52.177 -26.6145 27.4871 0.645543 -0.0052239 0.763706
52.6234 -25.7573 27.1168 0.631376 -0.0225288 0.775143
53.2806 -24.6796 26.6188 0.616058 -0.0232308 0.78729
53.8636 -23.9459 26.1961 0.607576 -0.0266972 0.793812
55.0858 -22.9277 25.2861 0.609289 -0.0169208 0.792768
55.9236 -22.2834 24.6614 0.595656 -0.023366 0.802896
56.5313 -21.5381 24.2296 0.596256 -0.0199458 0.802546
56.8567 -20.6107 24.0142 0.590851 -0.021894 0.806479
56.66 -19.2757 24.1879 0.596402 -0.0174512 0.802496
56.159 -18.2037 24.5769 0.598708 -0.0118207 0.800866
55.1782 -16.9507 25.3333 0.603896 -0.00859841 0.797013
54.5152 -16.0171 25.8493 0.61167 -0.00761104 0.791027
54.07 -15.169 26.2018 0.612683 -0.00507253 0.790292
53.6352 -13.9926 26.5524 0.610758 -0.00983451 0.791756
53.4643 -12.8943 26.6878 0.60566 -0.00106824 0.795721
53.5722 -11.8985 26.6076 0.609157 -0.000432653 0.793047
53.8731 -10.8067 26.3769 0.608824 -0.00391989 0.79323
54.4929 -9.6197 25.919 0.585624 0.00401308 0.810569
55.1367 -8.85336 25.4537 0.583536 0.0019007 0.812085
55.7958 -8.22298 24.9785 0.578821 0.00267264 0.815431
56.6065 -7.33482 24.4072 0.573774 0.00255892 0.81901
57.1783 -6.18454 24.0106 0.57583 -0.00598689 0.817547
57.0112 -4.60983 24.1465 0.577655 -0.012273 0.816189
56.3555 -3.3312 24.6209 0.587274 -0.000517107 0.809367
55.6713 -2.28661 25.1085 0.581883 0.00227826 0.813269
55.1048 -1.29905 25.4759 0.593287 0.0165241 0.804418
54.6762 -0.427769 25.802 0.616873 -9.14422e-05 0.787063
54.29 0.719401 26.1043 0.616841 0.000937511 0.787087
54.0103 1.77113 26.3434 0.620146 -0.0189946 0.784256
53.7899 2.9697 26.5416 0.612509 -0.00666384 0.790435
53.7 4.43978 26.6211 0.609003 0.00103579 0.793141
53.7129 6.22424 26.593 0.611324 0.00547527 0.791351
53.8677 7.61594 26.4303 0.620244 0.0223654 0.78409
54.1225 8.67032 26.2196 0.612179 0.00300997 0.790713
54.4869 9.87783 25.9251 0.606633 0.00921566 0.794926
54.837 11.1305 25.6475 0.605684 -0.00276476 0.795443
55.2047 12.1416 25.3877 0.592579 -0.0129044 0.805381
55.6511 13.1007 25.0509 0.595687 0.00871277 0.803169
56.363 14.0309 24.5048 0.601155 0.0136143 0.799016
57.3959 15.0846 23.7458 0.570674 0.00493346 0.821153
58.2092 15.6385 23.1756 0.568253 0.00811311 0.822811
59.1387 15.8262 22.5243 0.570227 0.0177962 0.821269
60.2352 15.8644 21.7728 0.565058 0.0227889 0.824732
61.1344 15.6559 21.1737 0.546018 0.0209472 0.837389
62.4242 14.9619 20.376 0.531815 0.0199983 0.846624
63.4411 13.8015 19.761 0.523779 0.0135173 0.851747
63.9866 12.7039 19.4445 0.519986 0.0158743 0.854016
64.3869 11.6003 19.226 0.51561 0.0183786 0.856625
64.6361 10.3744 19.0948 0.516272 0.0114397 0.856348
64.7242 9.34609 19.0622 0.493554 0.0149781 0.869562
64.7987 8.09877 19.0164 0.488588 -0.0053077 0.872499
64.8793 7.0084 18.9636 0.484352 0.00903312 0.874662
65.0094 5.54471 18.9068 0.512198 0.00993475 0.858808
65.1714 4.32578 18.8188 0.511221 -0.00271063 0.859406
65.252 3.24264 18.7644 0.497556 -0.0038658 0.867413
65.1677 2.09941 18.8026 0.49218 -0.0122607 0.870407
65.1006 1.05482 18.8244 0.497013 -0.0226401 0.867448
64.8957 -0.218411 18.9168 0.510145 -0.00558887 0.860071
64.59 -1.27613 19.0919 0.51732 -0.0103368 0.855715
64.1437 -2.70115 19.3365 0.52223 -0.0179626 0.852608
63.6429 -3.66384 19.6543 0.530846 0.00848472 0.847426
62.9659 -4.45611 20.0817 0.530603 0.00683424 0.847589
62.3072 -5.16172 20.4931 0.548922 -0.0026768 0.835681
61.6924 -6.31684 20.9156 0.556413 0.00189577 0.830903
61.5903 -7.90444 20.96 0.56635 -0.0219497 0.82387
61.9621 -9.07709 20.6755 0.547142 -0.0153683 0.836898
62.4644 -10.0948 20.3326 0.543067 -0.00960583 0.839625
62.9912 -11.0935 19.9854 0.533001 -0.011753 0.845993
63.2828 -12.0885 19.7844 0.525648 -0.0134067 0.850596
63.5088 -13.3447 19.6264 0.524435 -0.0116917 0.85137
63.5585 -14.5259 19.5748 0.524392 -0.0148494 0.851347
63.3167 -15.8061 19.7163 0.525679 0.0121962 0.850595
62.9207 -16.7324 19.9711 0.524981 0.00262394 0.851109
62.4844 -17.6772 20.2434 0.535178 -0.0100341 0.84468
62.055 -18.7127 20.503 0.533601 -0.00511301 0.845704
61.6333 -19.8119 20.7687 0.532512 0.000825086 0.846422
61.4522 -20.8813 20.8731 0.524178 -0.0154067 0.851464
61.8217 -22.0044 20.6194 0.532082 -0.0227876 0.846348
62.3281 -22.8326 20.2729 0.538866 -0.0232142 0.842072
63.0002 -23.7244 19.8083 0.546874 -0.0264924 0.836788
63.5811 -24.4561 19.4068 0.543795 -0.0199532 0.838953
64.0731 -25.3985 19.0744 0.538532 -0.0304322 0.841924
64.4006 -26.7991 18.8224 0.493887 -0.010321 0.869465
64.3838 -28.1451 18.8098 0.49654 -0.0157345 0.86787
64.2488 -30.0466 18.8351 0.512286 -0.0328503 0.858185
64.1303 -31.0869 18.8622 0.506913 -0.0338828 0.861329
63.6761 -31.9913 19.0952 0.508772 -0.0351571 0.860183
63.1053 -32.8271 19.3985 0.507039 -0.0409635 0.860928
62.52 -33.6531 19.6968 0.522466 -0.0421993 0.851359
61.8312 -34.3055 20.1083 0.533134 -0.0543288 0.844129
60.9964 -34.8295 20.5823 0.527135 -0.0678498 0.847063
59.6571 -35.4832 21.4114 0.552213 -0.0377221 0.832847
59.3917 -35.5764 21.5824 0.561344 -0.0442592 0.826278
59.8704 -36.3048 21.2384 0.545799 -0.0112944 0.837838
60.782 -35.9072 20.647 0.541251 -0.00506735 0.840813
61.6563 -35.3623 20.1336 0.512552 -0.0283097 0.858187
62.5261 -34.7746 19.6392 0.533134 -0.0543288 0.844129
63.2695 -34.0078 19.2399 0.50439 -0.0448762 0.862309
64.0931 -32.7438 18.8169 0.505958 -0.0358426 0.861802
64.8035 -31.6562 18.4502 0.50101 -0.0298159 0.864914
64.959 -30.4695 18.3966 0.502429 -0.0299188 0.864096
64.9892 -29.3516 18.4194 0.513485 -0.0370028 0.857294
65.1219 -28.3079 18.3806 0.502955 -0.0395366 0.863358
65.2309 -27.2692 18.3454 0.493633 -0.0148082 0.869535
64.9242 -25.4076 18.5477 0.468656 -0.0122669 0.883253
64.5303 -24.489 18.8046 0.510421 -0.0316425 0.859342
64.0063 -23.6746 19.1498 0.543795 -0.0199532 0.838953
63.3366 -22.8832 19.6176 0.547791 -0.0306234 0.836054
62.576 -21.9244 20.1388 0.538374 -0.0229553 0.842393
62.1515 -20.6321 20.4477 0.521996 -0.00695543 0.852849
62.6392 -19.2844 20.1436 0.522839 0.00337581 0.852425
62.996 -18.3685 19.9236 0.522098 -0.00171698 0.852878
63.3994 -17.4844 19.6781 0.518469 -0.00185281 0.85509
64.0106 -16.406 19.3003 0.517591 0.0118367 0.855542
64.1894 -15.2389 19.1888 0.496025 -0.00840645 0.868268
64.3065 -13.5061 19.1367 0.491679 -0.0096391 0.87071
64.0133 -12.0145 19.3397 0.517467 -0.0154765 0.855562
63.9449 -10.9729 19.3954 0.51857 -0.00941052 0.854983
63.213 -9.9657 19.8525 0.53128 -0.0107554 0.847047
62.5503 -8.56262 20.3055 0.542885 -0.0195028 0.83958
62.2955 -7.42789 20.4903 0.555439 -0.0125639 0.831407
62.6265 -6.11808 20.2912 0.555856 0.00554422 0.831252
63.2518 -5.31474 19.8918 0.527242 -0.015391 0.849575
63.9905 -4.64806 19.4438 0.529448 -0.0211531 0.848069
64.8044 -3.07244 18.9268 0.521843 -0.00622948 0.852923
65.27 -2.202 18.6772 0.495531 -0.0173065 0.868404
65.4144 -0.956968 18.61 0.495256 -0.0051503 0.868662
65.7544 0.510099 18.4371 0.4791 -0.0151087 0.877589
65.8662 1.64626 18.4033 0.479521 -0.0107502 0.87746
66.12 3.01351 18.2776 0.479453 -0.00224515 0.877546
65.9119 3.98592 18.3905 0.488529 0.00138659 0.87254
65.8571 5.0652 18.4159 0.48989 0.00418029 0.871774
65.6392 6.58835 18.5362 0.49088 -0.00159114 0.871226
65.5275 7.60375 18.6051 0.489729 -0.00634811 0.871852
65.509 8.61925 18.6218 0.491513 0.00033082 0.870847
65.4206 9.64382 18.6618 0.493554 0.0149781 0.869562
65.3201 11.1577 18.6819 0.490609 0.0198063 0.871153
64.973 12.149 18.8734 0.497222 0.00284465 0.867618
64.3248 13.7378 19.2361 0.502284 0.00425401 0.864671
63.8771 14.599 19.494 0.512978 0.0202612 0.858
63.0757 15.4522 19.9501 0.538288 0.0275045 0.842311
62.025 16.0565 20.6026 0.535937 0.0231651 0.843912
61.0639 16.6318 21.1981 0.529232 0.0229234 0.848121
60.1228 16.6792 21.8248 0.561946 0.0243488 0.826803
59.1934 16.8091 22.4598 0.571166 0.0249107 0.820436
57.9001 16.5957 23.3773 0.572768 0.0184767 0.819481
56.9742 15.7065 24.0336 0.5706 0.0119062 0.821132
56.0628 14.9081 24.7215 0.614443 0.00047021 0.788961
55.3219 14.1026 25.2922 0.60567 -0.00423742 0.795704
54.6802 12.7677 25.7782 0.602706 0.00578403 0.797909
54.1976 11.8898 26.1561 0.622898 -0.000150102 0.782302
53.727 10.1332 26.5111 0.609683 -0.010893 0.79256
53.5233 9.1665 26.6725 0.608862 0.0120448 0.793184
53.2462 8.02379 26.9104 0.62456 0.0194957 0.780714
53.0674 6.53227 27.0935 0.622027 0.0213399 0.782702
52.9749 5.18887 27.1687 0.608443 0.00485364 0.793579
53.0473 4.03034 27.1226 0.608784 0.000141296 0.793315
53.1336 2.98301 27.0494 0.612181 -0.0063725 0.790692
53.2817 1.9118 26.9204 0.61659 -0.018052 0.787077
53.5249 0.737414 26.7038 0.618745 -0.00827397 0.78549
53.8157 -0.366243 26.4799 0.623425 0.00633775 0.781854
54.3025 -1.26366 26.098 0.615588 0.00468408 0.788045
54.6754 -2.2309 25.8128 0.600165 0.0120974 0.799581
55.2978 -3.01557 25.3778 0.579018 -0.00143308 0.815298
55.8781 -4.202 24.9569 0.577577 -0.0113542 0.816253
56.3588 -5.04179 24.6021 0.57797 -0.0124578 0.815963
56.3107 -6.4697 24.6198 0.575996 -0.0056381 0.817433
55.6132 -7.25457 25.118 0.594596 -0.0156418 0.80385
54.7624 -8.14057 25.7206 0.587242 -0.00747311 0.809304
53.9952 -8.97167 26.2938 0.613493 -0.0049723 0.789685
53.252 -10.4286 26.8657 0.615773 -0.00266919 0.787919
52.8859 -11.389 27.1433 0.623201 -0.00775799 0.782008
52.7949 -12.6153 27.198 0.60529 -0.00334665 0.795998
53.0477 -14.4765 26.9993 0.60789 -0.00643299 0.79398
53.6865 -15.9261 26.5007 0.614657 0.00112906 0.788792
54.1913 -16.8627 26.0972 0.617718 -0.00644101 0.786373
54.802 -17.7352 25.6091 0.610121 -0.0118325 0.79218
55.7726 -18.884 24.8574 0.603227 -0.0120693 0.797477
56.1459 -19.9752 24.5528 0.594608 -0.020463 0.803755
55.9831 -21.0327 24.6471 0.594035 -0.0176974 0.804244
54.9545 -22.0573 25.4048 0.609214 -0.0140641 0.792877
54.0695 -22.7068 26.0709 0.607191 -0.0171113 0.794371
53.1102 -23.7392 26.7836 0.609916 -0.0226977 0.792114
52.4535 -24.5696 27.292 0.643512 -0.0201688 0.76517
51.987 -25.4917 27.6533 0.648168 -0.00454629 0.76147
51.4622 -26.6289 28.0934 0.650501 -0.00712464 0.759469
51.0374 -28.0857 28.415 0.646383 -0.0301537 0.762414
50.7304 -29.4718 28.6128 0.661416 -0.0248435 0.749461
50.0818 -30.7568 29.1712 0.671993 -0.0269014 0.740004
49.4035 -31.5912 29.7648 0.681156 -0.0245513 0.731712
48.235 -32.4194 30.8574 0.695607 -0.00432995 0.718395
47.1816 -32.9219 31.905 0.707703 -0.00663608 0.706473
46.3844 -33.2176 32.71 0.708388 0.0068603 0.705782
45.6066 -33.7477 33.5205 0.71476 0.0232547 0.698979
44.9941 -34.2804 34.161 0.711384 0.0218269 0.702461
44.393 -35.0113 34.804 0.719114 0.0330932 0.694046
43.7862 -35.9733 35.4769 0.704745 0.0468092 0.707905
43.2718 -37.2063 36.0641 0.700758 0.0460841 0.711909
43.9955 -37.4084 35.3572 0.713767 0.0405225 0.699205
44.6535 -37.1474 34.6629 0.722342 0.0457613 0.69002
45.7699 -37.2357 33.4725 0.735411 0.0358055 0.676675
46.4834 -37.2407 32.7147 0.739586 0.0171471 0.672497
47.1769 -37.2978 31.929 0.750953 0.00278018 0.660344
47.9645 -37.3579 31.0365 0.757043 -0.0138088 0.652954
48.6517 -38.503 30.2408 0.721887 -0.0211457 0.6916
48.6774 -39.7064 30.1919 0.726688 -0.0124192 0.686856
48.6232 -40.8465 30.2281 0.728102 -0.0104961 0.685382
48.6049 -42.1505 30.2343 0.728645 -0.00634202 0.684858
48.6416 -43.4336 30.1902 0.723297 -0.00328989 0.690521
48.6338 -44.4611 30.1917 0.716719 -0.00154298 0.697361
48.5998 -45.8552 30.2304 0.716228 0.00672676 0.697832
48.6782 -47.0549 30.1605 0.716924 0.0059907 0.697125
48.6753 -48.2114 30.1619 0.710419 -0.00725638 0.703712
48.563 -49.295 30.2526 0.712454 -0.0137564 0.701582
48.2232 -50.5034 30.5797 0.721735 0.00282788 0.69202
47.4363 -50.5086 31.4342 0.734708 -0.00268594 0.678339
46.7005 -50.5007 32.2201 0.728673 -0.00666715 0.684828
45.6777 -50.4464 33.3057 0.725553 -0.0139867 0.688024
44.722 -50.506 34.297 0.706915 -0.0215755 0.706941
43.9665 -50.7023 35.0404 0.703557 -0.0172737 0.710428
43.2104 -51.0251 35.7784 0.700916 -0.0172832 0.713032
43.7285 -51.3736 35.2589 0.702021 -0.0180415 0.711928
44.1783 -52.2356 34.7934 0.706697 -0.0184704 0.707236
45.388 -52.1368 33.567 0.71459 -0.0179557 0.699308
46.077 -51.9056 32.856 0.723291 -0.0158295 0.690355
46.6864 -52.1686 32.2096 0.72485 -0.0127187 0.68879
47.4318 -51.816 31.4273 0.730611 -0.00588979 0.682769
48.1396 -51.8763 30.6696 0.724894 -0.00260149 0.688806
48.938 -51.8675 29.8516 0.710301 -0.00804438 0.703845
49.7841 -51.9566 28.9965 0.706418 -0.00942729 0.707718
50.5111 -51.8725 28.2824 0.702277 -0.0103774 0.711824
51.2655 -51.834 27.5544 0.67639 -0.000924792 0.736543
52.0667 -51.8448 26.8193 0.674006 -0.00542495 0.738688
52.837 -51.7604 26.132 0.657085 -0.00700275 0.753784
53.7731 -51.8286 25.3084 0.644812 -0.0164813 0.763812
54.52 -51.5337 24.7137 0.624894 -0.0177718 0.780505
55.4857 -50.8459 23.9619 0.615713 -0.0172542 0.787739
56.0369 -49.8292 23.5565 0.605217 -0.00839494 0.796014
56.3693 -48.5603 23.3157 0.594505 -0.0175429 0.803715
56.6831 -47.527 23.1309 0.582919 -0.0336943 0.81183
57.0705 -46.5007 22.894 0.59116 -0.0161233 0.806324
57.3043 -45.4191 22.7312 0.587986 -0.00455185 0.808852
57.4577 -44.347 22.6286 0.56654 -0.0213897 0.823749
57.3518 -42.3949 22.7496 0.585303 -0.0279403 0.810282
57.2868 -41.3579 22.831 0.590699 -0.0225434 0.806572
57.2748 -39.7417 22.89 0.579486 -0.0272885 0.814475
57.5942 -37.9513 22.7329 0.584633 -0.0339622 0.810587
58.1184 -37.1321 22.3937 0.57733 -0.0431188 0.815372
58.974 -36.6515 21.8133 0.556423 -0.0311362 0.829854
59.2692 -36.5841 21.6275 0.541543 -0.0157203 0.840491
52.8305 -43.3146 26.2303 0.649655 -0.0303453 0.759615
52.7075 -43.7532 26.3179 0.658914 -0.0122413 0.751761
41.7661 -37.2046 37.4578 0.665063 0.0359329 0.745922
41.8864 -36.1019 37.3015 0.678985 0.0344967 0.733246
41.4857 -34.4012 37.612 0.687405 0.0297932 0.725609
41.179 -33.4277 37.8551 0.678894 0.0335867 0.733468
40.7887 -32.1504 38.1516 0.679736 0.0389512 0.73241
40.6257 -31.1088 38.2361 0.684008 0.0399668 0.728318
40.0229 -30.4905 38.7788 0.685005 0.0301726 0.727913
39.4759 -29.588 39.2589 0.685709 0.0249531 0.727443
38.6486 -28.9601 40.0179 0.681918 0.0159732 0.731197
37.912 -28.3397 40.6873 0.676665 0.0121418 0.736188
36.6961 -28.4229 41.7994 0.675627 0.0122109 0.737136
35.8216 -28.8206 42.6029 0.671444 0.0165181 0.740871
35.0094 -29.33 43.3512 0.670994 0.016803 0.741271
34.4318 -30.0229 43.8883 0.669498 0.0168117 0.742623
33.1782 -30.6275 45.0171 0.669843 0.00452539 0.742488
32.2494 -30.3522 45.8549 0.670515 0.00496989 0.741879
31.1847 -29.3178 46.7904 0.657903 0.0260274 0.752613
30.6599 -28.2793 47.2102 0.654715 0.0212259 0.755569
29.855 -27.7039 47.8963 0.654504 0.0119158 0.75593
29.0296 -27.1149 48.598 0.649964 0.0132066 0.759837
28.1575 -26.8405 49.3437 0.651956 0.0151991 0.758104
27.0272 -26.8882 50.2714 0.62313 0.0206458 0.781846
26.0574 -27.1548 51.0574 0.613087 0.0277462 0.789362
25.3144 -27.7471 51.6378 0.599755 0.029276 0.799646
24.5234 -28.5591 52.2683 0.600571 0.0331594 0.798881
23.8952 -29.5329 52.7735 0.597126 0.0245071 0.801765
23.2651 -30.4706 53.2669 0.599391 0.0295759 0.799852
22.9499 -32.2142 53.5833 0.603594 0.0313395 0.796672
22.8151 -33.257 53.731 0.61116 0.0313866 0.79088
22.804 -34.291 53.7838 0.609941 0.0368673 0.791589
22.8714 -35.3026 53.7794 0.612882 0.0391529 0.789202
23.1514 -36.3832 53.6199 0.606953 0.040977 0.793681
23.6394 -37.6775 53.2962 0.62185 0.0172097 0.782931
24.2954 -38.6395 52.7904 0.626243 0.00622406 0.779571
24.8761 -39.3807 52.3203 0.634604 0.00264839 0.772808
25.5567 -39.9752 51.7561 0.641438 0.000701309 0.767174
26.5298 -40.254 50.9404 0.644756 0.000964886 0.764383
27.4648 -40.0406 50.1453 0.64913 0.00563068 0.760656
28.3309 -39.83 49.3957 0.657991 -0.00224284 0.753022
29.2296 -39.1686 48.6111 0.656725 -0.000594092 0.754123
30.0923 -38.4013 47.8675 0.653015 -0.00213397 0.757342
30.6506 -37.5931 47.3701 0.667036 0.00926151 0.744968
31.2973 -36.9484 46.7831 0.668278 0.0066092 0.743882
32.2 -36.8309 45.9629 0.672428 0.00404107 0.740151
33.0561 -37.4324 45.1918 0.665794 0.00516749 0.746116
33.6372 -38.537 44.6804 0.668533 0.00150302 0.743663
34.5048 -39.7515 43.8985 0.670744 0.00502537 0.741672
35.4632 -40.6645 43.0398 0.670446 0.00506141 0.741941
36.2965 -41.3526 42.276 0.673167 -0.00633762 0.739463
37.0439 -41.4548 41.5942 0.668269 -0.0111367 0.743785
37.805 -41.2204 40.9253 0.661799 -0.0112537 0.749596
38.6942 -41.3236 40.1411 0.665936 -0.0170554 0.745777
39.5144 -40.7495 39.4093 0.67187 -0.0152842 0.740511
39.7765 -39.5743 39.1997 0.67138 -0.0198403 0.740848
39.9463 -38.3147 39.0796 0.667288 -0.0104159 0.744647
40.812 -37.3623 38.2995 0.658245 0.0217175 0.752364
41.7449 -37.2114 37.4769 0.661209 0.0343597 0.749412
41.7515 -37.2114 37.4712 0.663619 0.0341898 0.747285
41.1365 -36.2531 37.9879 0.669626 0.0213365 0.742359
40.9596 -35.127 38.1133 0.674177 0.0196836 0.738305
40.6889 -33.946 38.3324 0.67655 0.0252778 0.73591
40.2123 -32.415 38.6967 0.676684 0.0398209 0.735196
39.9234 -31.473 38.9152 0.684561 0.0359904 0.728061
39.059 -30.2435 39.6765 0.685155 0.0295065 0.7278
38.3843 -29.6531 40.2706 0.67475 0.0213547 0.737652
37.1627 -29.2368 41.3853 0.67603 0.0126749 0.736759
36.288 -29.4844 42.1957 0.674085 0.0158064 0.738472
35.5502 -29.9685 42.8759 0.671771 0.0181384 0.740537
34.9015 -30.5784 43.4782 0.666629 0.0126576 0.745255
33.7173 -31.3268 44.5343 0.665959 0.00469922 0.745957
32.8169 -31.461 45.3483 0.670581 0.00401897 0.741825
31.6767 -30.8355 46.376 0.672678 0.00479617 0.739915
30.7174 -29.7606 47.2067 0.652806 0.0270453 0.757036
29.7504 -28.6076 48.0097 0.655898 0.0191011 0.754607
29.0914 -28.0317 48.5664 0.653667 0.0196469 0.756526
27.7313 -27.6456 49.7259 0.649304 0.01918 0.760278
26.8159 -27.7872 50.4706 0.62593 0.0274575 0.779396
26.0199 -28.223 51.1248 0.613314 0.0283496 0.789172
25.2929 -28.8378 51.697 0.606748 0.0199189 0.794645
24.3822 -30.094 52.4245 0.602807 0.0209821 0.797593
23.9596 -31.0025 52.7643 0.601956 0.0288643 0.797957
23.5394 -32.7748 53.1555 0.609072 0.0279829 0.792621
23.4399 -34.4608 53.3018 0.609877 0.0368262 0.79164
23.6144 -35.5908 53.225 0.606987 0.040485 0.79368
23.9393 -36.5477 53.0256 0.616562 0.0322048 0.786535
24.6366 -37.9069 52.5055 0.626085 0.02094 0.77947
25.3397 -38.6933 51.9315 0.639336 0.0037723 0.768918
26.1224 -39.1226 51.2807 0.649144 0.00691733 0.760634
27.262 -39.2246 50.3123 0.647629 0.0062193 0.76193
28.2772 -38.8636 49.4409 0.650317 -0.000108834 0.759642
28.9928 -38.3203 48.821 0.657726 -0.00293342 0.753249
29.8582 -37.4094 48.0733 0.656057 -0.002781 0.754705
30.8846 -36.3066 47.1481 0.667502 0.00628858 0.744581
31.7521 -35.9648 46.3651 0.670514 0.00537296 0.741872
32.5498 -36.1343 45.6423 0.667918 4.60312e-05 0.744235
33.5322 -36.922 44.7652 0.664749 0.00181886 0.747064
34.1887 -37.9348 44.1804 0.67215 -0.000717235 0.740415
34.7686 -38.8989 43.6541 0.671281 0.00230459 0.741195
35.7009 -39.8873 42.8194 0.670681 0.00599514 0.741721
36.5129 -40.3644 42.081 0.674566 0.0016454 0.738212
37.3866 -40.4659 41.3063 0.660672 -0.0083686 0.750619
38.198 -40.387 40.5924 0.659291 -0.0132286 0.751769
38.8851 -40.0102 39.999 0.664905 -0.0148513 0.746717
39.2278 -38.8153 39.7156 0.666535 -0.0104115 0.74533
39.6619 -37.4469 39.3327 0.663302 -0.000938718 0.748351
40.2583 -36.7842 38.7844 0.669562 0.0126752 0.742648
40.8806 -36.349 38.2193 0.66703 0.014861 0.744882
40.2703 -35.7542 38.7563 0.669241 0.0166462 0.742845
40.2324 -34.701 38.7656 0.672995 0.0170303 0.739451
39.8763 -33.4325 39.0593 0.673603 0.0178719 0.738876
39.5442 -32.3742 39.3186 0.683868 0.0377118 0.72863
38.994 -31.3438 39.7824 0.68445 0.0314349 0.728379
38.3569 -30.6356 40.3396 0.673543 0.0327764 0.738421
37.4732 -30.1983 41.121 0.671783 0.0236328 0.740338
36.2736 -30.4254 42.2303 0.674103 0.0191823 0.738378
35.6127 -30.9016 42.841 0.672008 0.0164393 0.740361
34.9001 -31.4905 43.4915 0.66216 0.0115287 0.749273
33.8738 -32.081 44.4089 0.662374 0.0152248 0.749019
33.0781 -32.2541 45.1203 0.670414 0.00814507 0.741943
32.1424 -32.0742 45.9639 0.673291 0.0102753 0.739293
31.4115 -31.5426 46.6241 0.674702 0.0097755 0.738016
30.7631 -30.8538 47.2108 0.663808 0.0180934 0.747455
30.0063 -29.9615 47.8289 0.649015 0.0278036 0.760242
29.2748 -29.1707 48.4361 0.65454 0.0190812 0.755786
28.2281 -28.5845 49.3244 0.649951 0.0167791 0.759783
27.4439 -28.5347 49.985 0.627954 0.0207011 0.777975
26.5504 -28.8374 50.7142 0.626894 0.0191091 0.778868
25.8819 -29.3423 51.26 0.606748 0.0199189 0.794645
25.1177 -30.2944 51.8676 0.606983 0.0206184 0.794447
24.5384 -31.5241 52.3467 0.602607 0.0302952 0.797462
24.2845 -32.4802 52.5734 0.602048 0.0296474 0.797909
24.1153 -33.6051 52.743 0.603627 0.0261158 0.796829
24.1295 -34.8043 52.7918 0.606629 0.0400725 0.793974
24.4309 -35.9105 52.614 0.619573 0.0292027 0.78429
25.1875 -37.4048 52.0467 0.629394 0.0226599 0.776755
25.888 -38.1044 51.4712 0.640312 0.00485043 0.7681
26.9428 -38.346 50.5735 0.648541 0.00796066 0.761137
27.824 -38.1757 49.827 0.643943 0.00266163 0.765069
28.6764 -37.5711 49.0999 0.657109 -0.00301345 0.753788
29.5108 -36.7059 48.3765 0.656365 -0.00134177 0.754442
30.4118 -35.7457 47.5674 0.666968 0.00637565 0.745059
31.1675 -35.2464 46.8852 0.66924 -0.00018411 0.743046
31.9068 -35.0688 46.2196 0.672684 0.0036885 0.739896
32.7492 -35.29 45.4633 0.667928 4.26579e-05 0.744226
33.644 -36.0338 44.6637 0.664578 0.00196935 0.747216
34.2682 -36.8208 44.1093 0.670352 0.000475254 0.742028
34.9711 -37.9614 43.4689 0.673242 0.000492422 0.739422
35.6395 -38.8398 42.8661 0.670721 0.00278242 0.741704
36.4744 -39.4242 42.1126 0.666214 -0.00127458 0.74566
37.2615 -39.6018 41.4233 0.657565 -0.00719624 0.753362
38.0792 -39.4892 40.7125 0.658668 -0.0103197 0.752353
38.6347 -38.6635 40.2338 0.65363 -0.000677463 0.756814
38.9991 -37.6189 39.9197 0.65836 -0.000308005 0.752677
39.5942 -36.5264 39.3787 0.669008 0.0125326 0.743149
40.1643 -35.829 38.8527 0.668784 0.0126159 0.743349
39.5584 -35.3589 39.3959 0.673143 0.013141 0.739382
38.9436 -36.3753 39.9647 0.662854 0.00631425 0.748641
38.4258 -37.3988 40.415 0.653657 -0.000407725 0.75679
37.6557 -38.6092 41.0799 0.653979 -0.000462585 0.756513
36.712 -38.6043 41.906 0.66049 -0.0008187 0.750829
36.0208 -38.1633 42.5187 0.670721 0.00278242 0.741704
35.1729 -37.0466 43.2851 0.672972 -0.000885853 0.739667
34.5863 -36.1332 43.8215 0.670352 0.000475254 0.742028
33.7276 -35.1168 44.5857 0.666888 0.00494215 0.745141
33.0298 -34.556 45.201 0.667304 0.013156 0.744669
32.5116 -33.8599 45.6525 0.671669 0.0105891 0.740744
31.5801 -34.1563 46.5105 0.67628 0.0073321 0.736608
30.7573 -34.5685 47.2548 0.66924 -0.00018411 0.743046
29.8016 -35.3455 48.1073 0.662402 0.0130667 0.749019
29.1933 -36.0066 48.6482 0.656978 0.0075468 0.753871
28.4598 -36.7605 49.2834 0.645987 0.010019 0.763282
27.7915 -37.2712 49.85 0.642892 0.00522162 0.765939
26.6246 -37.4596 50.8374 0.648564 0.00562506 0.761139
25.8029 -36.9882 51.5342 0.645271 0.0123513 0.763813
24.9979 -35.4699 52.1478 0.626456 0.0191917 0.779221
24.7655 -34.3448 52.2747 0.613338 0.0410196 0.788754
24.8393 -33.1562 52.1799 0.603627 0.0261158 0.796829
25.0942 -32.0586 51.947 0.602474 0.0304132 0.797558
25.8638 -30.5066 51.3038 0.617814 0.0293574 0.78555
26.6773 -29.7203 50.6321 0.626134 0.0174792 0.779519
27.4767 -29.401 49.9814 0.637951 0.0189008 0.769736
28.2714 -29.4982 49.3066 0.649033 0.0137758 0.760635
29.3214 -30.2694 48.4189 0.653462 0.0147299 0.756816
30.2825 -31.3397 47.6423 0.644742 0.0251747 0.763985
30.8866 -32.0137 47.1134 0.675301 0.0138762 0.737411
31.5434 -32.6148 46.5228 0.676124 0.0129878 0.736673
32.5986 -33.0812 45.5629 0.673194 0.0107336 0.739375
33.4209 -33.0016 44.8287 0.662634 0.0154078 0.748785
34.1585 -32.7856 44.1712 0.662501 0.014847 0.748914
35.0748 -32.2144 43.3504 0.666193 0.0108119 0.745669
36.0159 -31.5249 42.4895 0.671422 0.0169113 0.740882
37.2913 -31.0627 41.3137 0.671633 0.0232023 0.74049
38.3158 -31.6642 40.4153 0.669739 0.0164688 0.742366
38.8839 -32.4969 39.9193 0.661554 0.0114588 0.749809
39.4372 -34.0827 39.4766 0.667264 0.0262794 0.744251
39.5535 -35.1969 39.3966 0.674347 0.0172081 0.738214
38.8896 -35.0557 39.9979 0.672106 0.0130739 0.740328
38.3272 -36.2226 40.4977 0.653931 0.00423137 0.756541
37.5035 -37.5842 41.2115 0.653461 0.000414399 0.756959
36.618 -37.615 41.993 0.662011 -0.00313102 0.749487
35.8434 -36.8822 42.6757 0.668122 0.00292407 0.744004
34.9229 -35.4854 43.5171 0.670237 0.000572831 0.74213
34.0667 -34.4882 44.2771 0.666981 0.00608681 0.74505
34.1962 -33.7846 44.1554 0.664944 0.00814875 0.74684
35.0567 -33.1107 43.3741 0.670311 0.00580412 0.742058
35.7373 -32.6386 42.7557 0.67034 0.00612848 0.742028
36.8589 -32.0509 41.7371 0.671167 0.011472 0.741195
37.8308 -32.2335 40.8597 0.670491 0.00688568 0.741885
38.5795 -33.4685 40.2021 0.66096 0.0233963 0.749954
38.8797 -34.8557 40.0024 0.666656 0.0254663 0.744835
38.2386 -34.7566 40.5566 0.652945 0.022686 0.756987
37.9791 -33.6931 40.7381 0.662888 0.0185566 0.748318
37.1793 -32.8792 41.4541 0.670428 0.00598176 0.74195
36.3632 -33.1086 42.1935 0.670543 0.00587336 0.741847
35.5963 -33.6154 42.8905 0.67056 0.00705339 0.74182
34.9608 -34.3439 43.4735 0.670636 0.00809043 0.741742
35.5786 -35.3548 42.9203 0.673782 0.00088383 0.738923
36.199 -36.2515 42.3538 0.668341 0.00320676 0.743806
37.0498 -36.7429 41.6042 0.659285 0.00414163 0.751851
37.9415 -35.6291 40.8269 0.652777 0.00864282 0.757489
38.1109 -35.0925 40.6715 0.651893 0.0126009 0.758203
37.3976 -35.0387 41.2844 0.655695 0.016442 0.754821
36.8011 -35.5622 41.8159 0.657941 0.00791075 0.753017
36.0766 -34.9453 42.4632 0.674237 0.00444804 0.738502
36.502 -33.9026 42.0745 0.670028 0.00385071 0.742322
37.3635 -34.0826 41.2974 0.670433 0.00598421 0.741946
37.5167 -34.3727 41.1677 0.653156 0.0238386 0.756806
31.1161 -33.3949 46.9289 0.676218 0.0101862 0.736626
30.3168 -33.9796 47.6403 0.659993 0.00335596 0.751264
29.4201 -34.7459 48.4299 0.659011 0.00865856 0.752058
28.7364 -35.4824 49.0326 0.646764 0.0121046 0.762591
27.76 -36.3538 49.869 0.645161 0.00995599 0.763981
26.4353 -36.4652 50.9914 0.645437 0.0127017 0.763664
25.8583 -35.7784 51.4574 0.642282 0.0198378 0.766212
25.49 -34.6869 51.726 0.610775 0.0302894 0.791127
25.4573 -33.565 51.7221 0.604598 0.0224749 0.796213
25.6481 -32.5836 51.5486 0.602474 0.0304132 0.797558
26.2275 -31.3226 51.0354 0.632593 0.0273146 0.774003
27.0501 -30.4781 50.3492 0.626323 0.01698 0.779378
28.0865 -30.3686 49.4801 0.648558 0.0132697 0.761049
28.792 -30.7512 48.8853 0.651233 0.0144031 0.758735
29.5236 -31.4921 48.2883 0.645432 0.0260261 0.763374
30.5022 -32.6189 47.4675 0.66182 0.00835293 0.749617
30.9868 -33.3504 47.0468 0.675749 0.0134601 0.737009
29.8644 -33.0026 48.0324 0.659619 0.0053834 0.75158
29.3342 -33.901 48.4984 0.652683 0.0064897 0.7576
28.3492 -34.9097 49.3532 0.648206 0.0066529 0.761433
27.7036 -35.4585 49.9052 0.646482 0.00664973 0.7629
26.4616 -35.335 50.943 0.635909 0.0064459 0.771737
26.1049 -34.1365 51.2206 0.630818 0.0192348 0.775692
26.191 -33.1077 51.1248 0.632251 0.0216266 0.774457
26.5322 -32.1956 50.8171 0.633266 0.0255277 0.773511
27.2753 -31.3248 50.1866 0.637195 0.0146561 0.770431
28.1995 -31.3473 49.4003 0.64614 0.0202642 0.762908
29.1092 -32.0444 48.6575 0.645441 0.0272564 0.763324
29.6912 -32.8225 48.1828 0.652544 0.0120405 0.757582
28.8809 -32.8364 48.8789 0.648924 0.0172905 0.760577
27.8894 -32.0964 49.6885 0.643678 0.0276063 0.764798
27.147 -32.5832 50.325 0.637062 0.0232141 0.770451
26.7569 -33.65 50.6776 0.632708 0.0215159 0.774087
27.0401 -34.6217 50.4601 0.641275 0.00671382 0.767252
27.9296 -34.3608 49.7041 0.646661 0.0065024 0.76275
28.7778 -33.4642 48.9737 0.651885 0.00630097 0.758291
28.0452 -33.3237 49.5978 0.643458 0.0142579 0.765293
27.5847 -33.3602 49.983 0.640271 0.0227499 0.767812
27.7645 -33.1896 49.828 0.640355 0.0227002 0.767744
55.793 -13.9071 24.8949 0.5842 -0.0102609 0.811544
56.3619 -14.9712 24.4725 0.584335 -0.00965874 0.811455
56.9859 -15.8183 24.0012 0.590639 -0.0163138 0.806771
57.7543 -16.8532 23.421 0.580788 -0.0114844 0.813866
58.3917 -17.9594 22.9661 0.569587 -0.00931608 0.821878
58.8278 -19.663 22.64 0.570225 -0.0115719 0.821407
59.6883 -18.4755 22.0594 0.570098 -0.0113048 0.821499
60.2736 -17.328 21.685 0.562499 -0.0203297 0.826548
60.7158 -16.3777 21.4055 0.560357 -0.0198165 0.828009
61.1535 -15.3805 21.1367 0.56408 -0.0218182 0.82541
61.41 -14.2737 20.9881 0.564051 -0.00650122 0.825563
61.3244 -13.2365 21.0361 0.557992 0.00770227 0.82981
61.0499 -12.2299 21.2094 0.56478 -0.00940698 0.824906
60.6895 -11.2791 21.4857 0.580637 -0.0104393 0.814095
60.2302 -10.2286 21.8277 0.581125 -0.0120274 0.813725
59.6698 -8.65738 22.2652 0.567372 -0.0192076 0.823081
59.3444 -7.67024 22.4908 0.558501 -0.00261758 0.829499
58.6399 -8.21709 22.9756 0.578058 0.00171641 0.815993
58.0095 -9.15571 23.4114 0.575512 -0.0136137 0.817645
57.2306 -9.99933 23.9414 0.575623 -0.0220351 0.817418
56.14 -11.1868 24.701 0.589567 -0.0134795 0.807607
55.5839 -12.6772 25.0725 0.591387 -0.0191196 0.806161
55.6937 -13.5725 24.9708 0.587459 -0.0150568 0.809091
56.3415 -13.231 24.5094 0.583513 -0.013263 0.811992
56.8855 -14.5187 24.1013 0.587253 -0.0132954 0.809276
57.4458 -15.2804 23.6754 0.58685 -0.018618 0.809465
58.0706 -16.0673 23.2151 0.563902 -0.0142328 0.825708
58.7127 -16.8263 22.7587 0.563659 -0.0179317 0.825813
59.2184 -17.6296 22.3969 0.569874 -0.0102105 0.821668
59.7571 -16.7836 22.0479 0.561881 -0.0175507 0.827032
60.1713 -15.8868 21.7857 0.560374 -0.0197689 0.827999
60.5933 -14.7933 21.5301 0.554347 -0.0113665 0.832122
60.667 -13.6703 21.4794 0.55492 0.00822565 0.831863
60.4524 -12.6602 21.615 0.575107 -0.0273761 0.81762
59.9872 -11.3508 21.9855 0.577668 -0.0188366 0.816009
59.5066 -10.2212 22.3453 0.575363 -0.0138305 0.817745
58.6918 -9.49275 22.9271 0.575175 -0.0220319 0.817734
57.6806 -10.5989 23.6084 0.57431 -0.0165557 0.818451
56.7572 -11.6268 24.2393 0.581532 -0.0151618 0.813297
56.3873 -12.6202 24.4882 0.580112 -0.0181903 0.814321
57.1419 -12.58 23.9559 0.574634 -0.018889 0.818185
57.302 -13.8581 23.8177 0.5772 -0.021499 0.816285
58.0936 -15.0266 23.217 0.578584 -0.0231907 0.815272
58.7141 -15.7981 22.7803 0.563902 -0.0142328 0.825708
59.5793 -15.5115 22.1958 0.562769 -0.017724 0.826423
59.9172 -14.4744 21.9759 0.550605 -0.000546321 0.834766
59.9259 -13.3947 21.9717 0.55317 0.00348333 0.833041
59.6495 -12.2991 22.1925 0.579746 -0.0272027 0.814343
58.9552 -10.8184 22.716 0.570024 -0.0129859 0.821522
58.1405 -11.1684 23.2788 0.573459 -0.0110132 0.81916
57.2508 -12.3131 23.8845 0.572189 -0.0123245 0.820029
57.1507 -12.4713 23.9525 0.577763 -0.0136845 0.816059
57.9577 -12.4354 23.3894 0.572262 -0.0146562 0.819937
58.9946 -12.4382 22.654 0.579592 -0.0272228 0.814452
59.2673 -13.6327 22.4202 0.573913 -0.0148442 0.818659
58.9736 -14.5495 22.6155 0.565007 -0.00423705 0.825072
58.1002 -14.0389 23.24 0.578844 -0.0224747 0.81511
57.9122 -12.8246 23.4131 0.577362 -0.0212695 0.816176
59.6907 -6.36189 22.2531 0.560476 0.00542057 0.828153
59.8441 -5.2241 22.1455 0.562605 0.00323373 0.826718
60.3443 -4.182 21.7986 0.560298 0.004375 0.828271
61.0435 -3.21132 21.3312 0.554333 -0.00484448 0.832281
61.7274 -2.26869 20.8815 0.549212 -0.00596208 0.835641
62.278 -1.26073 20.5269 0.545489 -0.0016322 0.838117
62.747 0.146098 20.2228 0.545931 0.000486095 0.83783
63.0065 1.35266 20.0577 0.515707 -0.00647102 0.856733
63.1174 2.78769 20.0177 0.518734 -0.0180891 0.854744
63.0906 3.96514 20.0545 0.514194 -0.00443517 0.857592
62.9816 5.15907 20.1133 0.508663 0.00338933 0.860958
62.8484 6.48816 20.1478 0.536248 0.0208818 0.843376
62.7643 7.56752 20.1969 0.552449 -0.00512791 0.833461
62.6837 8.57744 20.2678 0.548757 -0.0136049 0.835871
62.546 9.73452 20.3653 0.516458 0.00780714 0.85627
62.3137 10.8614 20.4934 0.51914 0.0102277 0.854628
61.8667 11.9597 20.7519 0.532526 0.00232664 0.846226
61.3016 12.7032 21.1256 0.546148 -0.00686203 0.837661
59.8247 13.3028 22.0951 0.550059 0.00913918 0.835076
58.9657 13.1452 22.6624 0.558226 0.00102352 0.829603
57.9083 12.3579 23.401 0.569964 0.00641676 0.821645
57.3032 11.5574 23.8581 0.588881 0.00416932 0.808034
56.621 9.89246 24.3275 0.587835 -0.0106658 0.808907
56.2756 8.69624 24.6013 0.596636 0.0143953 0.802383
56.0016 7.70838 24.8231 0.593587 0.0115727 0.804672
55.7754 6.67788 25.0052 0.586492 0.0144234 0.809826
55.6554 5.46432 25.1061 0.592051 -0.00166658 0.805896
55.6454 4.30234 25.1134 0.593372 0.0003517 0.804928
55.8196 3.06034 24.9767 0.596844 -0.0143851 0.802218
56.1083 1.87991 24.7346 0.588153 -0.00301213 0.808532
56.6581 0.333918 24.3683 0.577661 0.00517716 0.816197
57.4032 -0.974391 23.854 0.581864 0.0114708 0.813205
58.0442 -2.0076 23.3847 0.589626 -0.0053073 0.807658
58.5855 -2.94979 22.9985 0.566351 -0.00360101 0.824152
59.1329 -4.07027 22.6258 0.565308 0.00230339 0.824877
59.5119 -5.2586 22.3715 0.562394 0.00173677 0.826868
59.6211 -6.21049 22.2993 0.561459 0.00360448 0.827494
59.4471 -3.08639 22.4085 0.56464 -0.00168453 0.825335
58.9173 -2.12549 22.7749 0.56779 -0.00587482 0.823152
58.2082 -0.935469 23.2736 0.578851 -0.00671549 0.815296
57.6746 -0.0613373 23.6477 0.580644 0.01011 0.814095
57.1277 1.06275 24.0215 0.579194 0.0144979 0.815061
56.7038 2.26248 24.3029 0.588153 -0.00301213 0.808532
56.3794 3.75923 24.5681 0.597965 -0.0110069 0.801446
56.2939 4.93007 24.6359 0.5923 -0.00186427 0.805713
56.3654 5.95815 24.5878 0.591433 -0.00347319 0.806347
56.5286 6.96406 24.4553 0.578161 0.00566822 0.815903
56.7702 7.96186 24.2733 0.575908 0.0255136 0.817116
57.0619 9.01533 24.035 0.576892 0.0249497 0.816438
57.4809 10.2789 23.7172 0.575329 0.00352563 0.817915
58.0594 11.3208 23.3082 0.588881 0.00416932 0.808034
58.75 12.0293 22.8211 0.566425 0.00800782 0.824075
60.2458 12.3333 21.8129 0.549915 -0.00656846 0.835194
61.2715 11.4161 21.136 0.54566 -0.00789608 0.837966
61.8452 9.68853 20.7854 0.513729 0.00606435 0.857931
62.0384 8.25129 20.6873 0.53331 -0.000416349 0.845558
62.1559 6.8915 20.6067 0.554812 0.00503375 0.83196
62.2549 5.70324 20.5474 0.555101 0.00388458 0.831773
62.3532 4.66145 20.4972 0.54543 0.0115344 0.838077
62.4301 3.62195 20.4605 0.541407 -0.00377388 0.840615
62.4276 2.60017 20.4419 0.535298 -0.0155397 0.84452
62.1893 0.800379 20.5852 0.541074 0.00809958 0.840936
61.6239 -0.900788 20.9533 0.545501 -0.00139923 0.838109
61.1469 -1.80925 21.2703 0.554356 -0.00231752 0.832273
60.5867 -2.60779 21.6386 0.554074 -0.00425397 0.832457
60.1944 -3.13262 21.8973 0.559336 -0.00277684 0.828911
60.027 -2.04528 22.014 0.559269 -0.00310271 0.828954
60.7381 -1.0124 21.543 0.554827 2.49367e-05 0.831966
61.2541 0.122987 21.2012 0.562354 0.00130603 0.826837
61.5504 1.2074 20.9925 0.541105 0.00816406 0.840916
61.7218 2.44071 20.8864 0.536434 -0.0169086 0.843771
61.7515 3.59027 20.8924 0.537454 -0.0181915 0.843097
61.6808 4.74878 20.9332 0.548676 0.00525932 0.83598
61.5826 5.92689 20.995 0.555101 0.00388458 0.831773
61.4886 6.97963 21.0518 0.555313 0.00480702 0.831627
61.39 7.97533 21.1106 0.556447 0.0193162 0.830546
61.1335 9.58888 21.2187 0.540019 0.0214105 0.840898
60.8335 10.6019 21.4134 0.548042 -0.0061276 0.836427
60.0231 11.43 21.9523 0.548072 -0.00696049 0.836401
59.2103 11.2887 22.5106 0.567561 -0.00298562 0.823325
58.2829 10.2593 23.1536 0.572079 0.00359969 0.82019
57.8436 9.22033 23.4757 0.576433 0.0260324 0.816729
57.5274 8.19716 23.7316 0.576651 0.0254482 0.816594
57.2545 7.12995 23.9398 0.577535 0.0055111 0.816347
56.9826 5.51444 24.1332 0.590957 -0.0035507 0.806695
56.9709 4.48749 24.1373 0.591491 -0.00460954 0.806297
57.1683 3.18371 23.976 0.589613 -0.0110565 0.80761
57.5466 1.89255 23.7091 0.57884 0.0124054 0.815347
58.2179 0.438554 23.2539 0.56858 0.0111149 0.822419
59.0427 -0.894553 22.6983 0.567803 -0.00733745 0.823132
59.626 -1.72678 22.2891 0.566282 -0.00415645 0.824196
59.8632 -0.683838 22.1342 0.564033 -0.00767815 0.825704
60.457 0.200072 21.7411 0.560373 -0.0080976 0.828201
60.8421 1.1965 21.4687 0.564132 0.0106418 0.825616
61.0667 2.7965 21.3119 0.537841 -0.0182253 0.842849
61.0792 3.90438 21.3278 0.535506 -0.0155186 0.84438
61.0066 5.06339 21.3816 0.554062 0.00146392 0.832473
60.918 6.13334 21.4368 0.554277 0.0037638 0.832324
60.7965 7.26364 21.5108 0.554011 0.00561563 0.832491
60.6187 8.76484 21.5975 0.544846 0.0241898 0.838184
60.3481 9.76933 21.7373 0.556111 0.0208384 0.830658
59.7217 10.3799 22.1558 0.560205 0.00458654 0.828332
58.7683 9.54684 22.8181 0.571099 0.00584464 0.820857
58.2806 8.37263 23.1892 0.584457 0.019405 0.811192
57.9725 7.30923 23.4188 0.587745 -0.00683974 0.809008
57.7681 6.26985 23.5617 0.590445 -0.00538839 0.80706
57.6206 5.09074 23.664 0.59097 -0.00353253 0.806686
57.6959 3.94467 23.6009 0.591881 -0.00541222 0.806007
58.0596 2.52604 23.3355 0.578484 0.0124171 0.815599
58.4809 1.50956 23.0548 0.569202 0.0236651 0.821776
58.9988 0.558945 22.7285 0.557484 0.00995573 0.830128
59.5574 -0.272731 22.3487 0.567824 -0.00738701 0.823117
59.7106 -0.492787 22.2411 0.567762 -0.00721912 0.823161
59.7809 0.787726 22.1949 0.557189 0.0353307 0.829587
59.1653 1.83699 22.573 0.564733 0.0314655 0.824671
58.528 3.2536 22.9935 0.568845 0.000959056 0.822331
58.301 4.3605 23.1593 0.591881 -0.00541222 0.806007
58.3767 5.57505 23.1122 0.591497 -0.00459184 0.806293
58.516 6.89256 23.0225 0.584592 -0.0085526 0.811283
58.8587 7.87245 22.7861 0.582835 0.00568042 0.812439
59.5574 8.89045 22.2869 0.561345 0.00704696 0.827532
59.9822 8.03827 22.0248 0.533556 0.0114537 0.845672
60.157 6.84533 21.9232 0.539075 0.0103288 0.842177
60.3183 5.49171 21.821 0.540945 -0.00863073 0.840976
60.398 4.30337 21.7623 0.535363 -0.00615177 0.844599
60.4415 3.23997 21.7199 0.53529 -0.0124295 0.844577
60.2411 1.96631 21.8433 0.550176 0.0315092 0.834452
60.1236 1.43506 21.9415 0.549574 0.0342239 0.834743
59.8076 3.33964 22.1231 0.549295 -0.012221 0.835372
58.9713 3.74599 22.6978 0.561136 -0.00597154 0.827684
59.0006 5.2322 22.6798 0.554379 -0.00724004 0.832189
59.3252 6.4718 22.4666 0.543567 0.0149439 0.839231
59.6478 4.97969 22.2517 0.546944 -0.0125168 0.837075
59.8044 3.53403 22.128 0.548803 -0.0116987 0.835709
59.8195 3.43692 22.117 0.53518 -0.0125658 0.844645
59.8201 3.42012 22.1164 0.53529 -0.0124295 0.844577
