39.1861 2.12825 39.1896 0.678306 -0.00819334 0.734734
39.5884 2.41714 38.8146 0.684952 -0.00104191 0.72856
39.1887 2.29245 39.189 0.678607 -0.00741709 0.734464
38.7075 2.65611 39.6373 0.678607 -0.00741709 0.734464
39.2738 3.7746 39.1237 0.683252 -0.00599182 0.730131
39.9952 3.73693 38.4407 0.683219 -0.0149314 0.730061
40.3745 2.37272 38.0798 0.683251 0.00443186 0.730171
39.989 0.88037 38.436 0.677545 -0.00799866 0.735438
39.3704 0.112283 38.9994 0.678471 0.000523475 0.734627
38.9519 0.941214 39.3925 0.678259 -0.00814254 0.734778
38.6943 1.82044 39.6403 0.678306 -0.00819334 0.734734
38.1276 1.64977 40.1631 0.680013 -0.00861961 0.733149
38.2281 3.2202 40.0836 0.678467 -0.0042587 0.734616
38.766 4.26491 39.5958 0.677397 -0.00628608 0.735589
39.437 5.09183 38.9779 0.68106 -0.00149623 0.732222
40.2016 4.79054 38.2696 0.681143 -0.00827362 0.73206
40.6397 3.84831 37.8399 0.679182 -0.0141397 0.733814
40.9317 2.92085 37.5642 0.671491 0.00203244 0.741005
40.9646 1.92555 37.5401 0.672549 0.0043169 0.74004
40.6208 0.719353 37.8544 0.677465 -0.0041919 0.735541
40.2322 -0.151426 38.2059 0.67607 -0.00433393 0.736824
39.7177 -1.01452 38.6791 0.678765 0.000335707 0.734355
39.3675 -1.65025 39.0031 0.677102 -0.00303174 0.735882
38.7482 -0.145595 39.574 0.678368 0.00049906 0.734722
38.3563 0.76892 39.9418 0.679359 -0.00624153 0.733778
38.2785 1.04914 40.0167 0.679697 -0.00775521 0.733452
37.751 0.603445 40.5 0.678715 -0.00659558 0.734369
37.4927 1.82882 40.7553 0.680804 -0.011127 0.732379
37.5261 3.03033 40.7341 0.680485 -0.00259473 0.732757
37.9029 4.16822 40.3897 0.677345 -0.00639868 0.735636
38.5685 5.1732 39.7871 0.677498 -0.0077435 0.735484
39.1922 5.93055 39.2091 0.682481 -0.00239884 0.7309
39.8402 6.57852 38.61 0.678439 -0.0167484 0.734447
40.4453 5.78346 38.0481 0.673858 -0.00862867 0.73881
41.1166 4.40644 37.4135 0.675332 -0.0136129 0.737388
41.459 3.47425 37.0878 0.670682 0.00022416 0.741745
41.6406 2.35167 36.9234 0.671423 0.00201045 0.741067
41.3387 0.758751 37.1911 0.678954 -0.00615663 0.734155
40.9627 -0.155696 37.5331 0.678959 -0.00434433 0.734163
40.2868 -1.61324 38.1497 0.680695 -0.00606066 0.732542
39.8035 -3.18876 38.5878 0.681299 -0.00519724 0.731987
40.0344 -4.38668 38.3588 0.679801 -0.00532082 0.733366
40.3137 -6.0785 38.0995 0.681245 0.00602521 0.732017
40.8195 -7.49123 37.6473 0.678423 0.0071168 0.734637
41.2627 -8.41615 37.2422 0.680309 0.00384169 0.732915
41.8088 -9.73503 36.7315 0.680885 -0.00620792 0.732348
42.0663 -10.7063 36.4852 0.674978 -0.00546382 0.737812
42.2462 -11.7277 36.321 0.673949 0.00129824 0.738776
42.5359 -13.4178 36.0607 0.674595 0.00248078 0.738184
42.821 -14.7349 35.8127 0.672541 0.0158918 0.739876
43.1022 -15.8927 35.5785 0.677201 0.0125698 0.735689
43.3743 -16.947 35.3349 0.678346 0.00399968 0.73473
43.6528 -18.1077 35.0823 0.678581 0.00274929 0.73452
43.7514 -19.8802 35.0014 0.679096 0.00571152 0.734027
43.1778 -21.3526 35.5533 0.683889 0.0106333 0.729505
42.371 -22.0217 36.3187 0.685485 0.0113939 0.727992
41.5575 -22.042 37.0751 0.68057 0.00815527 0.732638
40.8557 -21.7034 37.7252 0.689281 0.00567608 0.724472
40.3229 -20.964 38.2239 0.685398 0.0169906 0.727971
39.8358 -19.7762 38.6549 0.684584 0.0144722 0.728785
39.5252 -18.7329 38.925 0.676882 0.0135151 0.735967
39.1969 -17.4128 39.2051 0.677939 0.0102469 0.735047
38.9268 -16.3593 39.4388 0.679642 0.00921803 0.73348
38.541 -15.0057 39.7759 0.675356 0.00908534 0.737436
38.2537 -14.0565 40.0333 0.676359 0.00376927 0.736562
37.8725 -12.8627 40.3751 0.675273 0.00569196 0.73753
37.5744 -11.7008 40.6443 0.673351 0.000964445 0.739322
37.4981 -10.5262 40.7138 0.674858 0.00130188 0.737941
37.7226 -9.03822 40.5041 0.676705 0.00061335 0.736254
38.0701 -7.93119 40.1772 0.678267 0.00516947 0.734797
38.5018 -6.50577 39.7715 0.679297 0.00315208 0.733856
38.8097 -5.39646 39.4817 0.680332 0.000152274 0.732897
39.0174 -4.42311 39.3008 0.677743 -0.0106046 0.735222
38.9969 -3.22277 39.3349 0.676937 -0.00567888 0.736019
38.7606 -1.93309 39.5602 0.677257 -0.00404753 0.735735
38.1042 -0.281067 40.1688 0.677687 -0.000836346 0.735348
38.1031 -0.278492 40.1698 0.678947 -0.00437943 0.734173
37.5539 -0.627622 40.6764 0.678925 -0.00258151 0.734203
37.207 0.258445 41.0005 0.677894 -0.00261118 0.735155
36.9188 1.26976 41.2779 0.673978 -0.0106616 0.738667
36.8584 2.80627 41.3526 0.675924 -0.00612134 0.736916
37.0421 3.7991 41.1848 0.679618 -0.001732 0.733564
37.5733 4.98515 40.7073 0.683465 -0.0109765 0.729901
38.174 5.82098 40.1574 0.680446 -0.00938624 0.732725
38.8008 6.58171 39.5845 0.684068 -0.0159197 0.729244
39.3422 7.26564 39.092 0.681864 -0.0185492 0.731244
40.2434 8.01778 38.2705 0.678541 -0.0170811 0.734347
40.6319 6.87215 37.8917 0.675078 -0.0147516 0.737599
41.0398 6.03235 37.5087 0.673858 -0.00862867 0.73881
41.4978 5.11778 37.0726 0.678141 -0.00795058 0.734888
41.9815 4.04134 36.6156 0.676307 -0.0102592 0.736539
42.2635 2.60562 36.3497 0.680262 -0.00259458 0.732964
42.1946 1.45862 36.4044 0.681501 -0.0072444 0.731781
41.9247 0.488136 36.6474 0.680445 -0.00606037 0.73277
41.4945 -0.570467 37.0371 0.680572 -0.00716305 0.732647
40.9447 -1.76665 37.5369 0.681022 -0.00602651 0.732238
40.5659 -3.03429 37.8785 0.681134 -0.00541356 0.732138
40.6097 -4.27766 37.8259 0.680363 -0.00713811 0.732841
40.8556 -5.60021 37.5915 0.680943 0.00510428 0.732305
41.3496 -7.03796 37.1534 0.678823 0.00865156 0.734249
41.7444 -7.89682 36.7932 0.678287 0.00342614 0.734789
42.3494 -9.22223 36.2387 0.678252 -0.00274925 0.73481
42.7514 -10.9875 35.8596 0.673502 -0.00290593 0.739179
42.9087 -11.9732 35.7171 0.673949 0.00129824 0.738776
43.0845 -13.0242 35.5581 0.674057 0.00194274 0.738676
43.3299 -14.1887 35.3427 0.67139 0.0111741 0.741019
43.62 -15.423 35.096 0.674409 0.00852687 0.738307
43.9947 -16.7841 34.7624 0.677732 0.00481503 0.735293
44.2465 -17.8338 34.5387 0.669566 0.0036066 0.742744
44.4494 -19.5796 34.3691 0.668652 0.00741628 0.743538
44.2209 -20.759 34.5863 0.668669 0.00793847 0.743518
43.7735 -21.8154 35.0032 0.67075 0.0111551 0.7416
43.1423 -22.5324 35.5987 0.687096 0.00964059 0.726501
42.0196 -22.9887 36.6686 0.687707 0.0119441 0.72589
40.8678 -22.7287 37.7256 0.681778 0.0214822 0.731216
40.2367 -22.1735 38.3205 0.697583 0.0223252 0.716156
39.636 -21.1054 38.8738 0.681195 0.0169628 0.731884
39.2205 -19.9733 39.2298 0.677408 0.0162915 0.735427
38.7731 -18.2504 39.6077 0.677243 0.0122467 0.735656
38.5358 -17.2041 39.8113 0.676801 0.0107585 0.736087
38.2433 -16.1436 40.0636 0.67792 0.0105381 0.735056
37.893 -15.009 40.373 0.682728 0.0125719 0.730564
37.4816 -13.7442 40.7451 0.67893 0.00354756 0.734195
37.14 -12.7491 41.0482 0.677467 0.00902239 0.735498
36.8275 -11.0765 41.3271 0.676806 -0.000689351 0.736161
36.8924 -9.92449 41.268 0.677046 0.000472685 0.73594
37.1594 -8.61039 41.0214 0.676876 0.000621404 0.736097
37.5669 -7.41614 40.6403 0.679155 0.00276196 0.73399
37.8479 -6.47402 40.377 0.679466 0.00272231 0.733702
38.2596 -4.85626 39.9961 0.681752 -0.00302807 0.731577
38.3796 -3.60811 39.8986 0.676333 -0.00633278 0.736569
38.2431 -2.4278 40.0342 0.676996 -0.00536154 0.735966
37.9033 -1.4172 40.3512 0.678919 -0.00201716 0.73421
37.6718 -0.891994 40.5666 0.678835 -0.00204454 0.734288
37.2572 -1.56434 40.9479 0.678568 -0.000826023 0.734536
37.6533 -2.5311 40.5808 0.681019 -0.00381596 0.732246
37.7303 -4.02534 40.4938 0.680894 -0.00981771 0.732311
37.5055 -5.19997 40.6939 0.675879 -0.00267353 0.737006
37.2335 -6.30174 40.9426 0.676391 0.00196661 0.736538
36.8883 -7.38875 41.2648 0.676177 0.00385132 0.736729
36.5001 -8.44157 41.6239 0.674451 0.00283437 0.738314
36.2018 -10.0785 41.9035 0.675688 0.00177202 0.737182
36.2746 -11.9642 41.8426 0.68088 0.00403174 0.732383
36.4985 -12.9337 41.6451 0.681764 0.00891543 0.731518
36.8673 -13.9457 41.314 0.680848 0.00783055 0.732366
37.2731 -15.1626 40.955 0.682889 0.0126822 0.730412
37.5991 -16.1045 40.6608 0.68317 0.00726836 0.730218
37.9208 -17.2062 40.3785 0.67869 0.0135698 0.734299
38.2216 -18.4733 40.1203 0.681925 0.0125422 0.731309
38.4476 -19.5606 39.9334 0.677524 0.0154409 0.735338
38.9286 -21.1596 39.526 0.677745 0.0202576 0.73501
39.579 -22.4878 38.9676 0.678876 0.0249041 0.733831
40.4853 -23.4986 38.1151 0.698556 0.0182187 0.715323
41.6736 -23.8911 37.0084 0.681304 0.0207988 0.73168
42.4184 -23.847 36.3064 0.686836 0.01781 0.726593
43.1376 -23.5232 35.6199 0.683656 0.015386 0.729638
43.9817 -22.7982 34.8297 0.672405 0.00890872 0.740126
44.4772 -22.0063 34.3697 0.669301 0.00981442 0.742923
45.0048 -20.4094 33.8787 0.667927 0.00781051 0.744186
45.1149 -19.3989 33.769 0.6684 0.00792247 0.74376
44.9021 -17.8154 33.9476 0.671628 0.00687162 0.740844
44.6575 -16.6873 34.155 0.674081 0.00829632 0.738608
44.2778 -15.4491 34.492 0.675825 0.00510507 0.737043
43.9899 -14.2866 34.7445 0.674771 0.00924295 0.737968
43.6078 -12.4711 35.0802 0.671758 0.000838692 0.740765
43.4276 -11.3432 35.2431 0.673828 0.000874586 0.738888
43.2598 -10.295 35.3991 0.673441 0.00096748 0.73923
43.0578 -9.28959 35.5842 0.678066 0.00172327 0.734999
42.605 -8.11209 35.9997 0.678697 0.00251487 0.734413
41.9176 -6.65539 36.6289 0.675909 0.00548586 0.73695
41.4457 -5.31393 37.0443 0.673788 0.00442555 0.738904
41.2337 -4.00507 37.2499 0.679461 -0.00758583 0.733672
41.3656 -2.61395 37.1385 0.680149 -0.00464587 0.733059
41.9131 -1.2511 36.642 0.67995 -0.00652156 0.733229
42.4065 -0.141084 36.1951 0.680453 -0.00539117 0.732769
42.7546 0.808987 35.8784 0.674068 -0.00577875 0.738642
42.9082 2.60946 35.754 0.678756 -0.00563546 0.73433
42.72 3.83767 35.9373 0.674474 -0.0103176 0.738226
42.3295 4.97194 36.3051 0.673782 -0.00689225 0.738898
41.8407 5.92269 36.7663 0.678262 -0.010692 0.734741
41.3894 6.82101 37.1971 0.674855 -0.0110089 0.737858
40.916 7.92712 37.6517 0.677013 -0.0127829 0.73586
40.5697 9.40205 38.0037 0.679187 -0.0192671 0.733711
40.8414 10.4688 37.7716 0.678998 -0.0116212 0.734047
41.5057 11.3984 37.1505 0.684909 -0.00588144 0.728601
42.2334 12.247 36.4917 0.674846 -0.0163827 0.737775
42.9859 13.1482 35.8162 0.682483 -0.00859972 0.730851
43.5323 14.0891 35.3188 0.679703 -0.013086 0.73336
43.8414 15.1169 35.0535 0.676383 -0.00876058 0.736498
44.007 16.3333 34.916 0.675584 -0.00959249 0.737219
43.9667 17.4811 34.9727 0.682192 -0.0144399 0.73103
43.7494 18.4916 35.196 0.682257 -0.0156132 0.730946
43.248 19.6921 35.6897 0.686409 -0.0165255 0.727005
42.679 20.4938 36.2432 0.688206 -0.00735403 0.725478
42.0364 21.1 36.8579 0.68791 -0.00712409 0.725761
41.315 21.3614 37.5491 0.690712 -0.0129158 0.723015
40.5512 21.3814 38.2804 0.692311 -0.0167888 0.721404
39.6365 21.2425 39.1524 0.694903 -0.0261161 0.718629
38.8941 20.6517 39.8387 0.688089 -0.032882 0.724881
38.3377 19.9062 40.3339 0.688486 -0.0322224 0.724533
37.8015 19.1029 40.8166 0.685746 -0.0232761 0.727454
37.4742 18.1246 41.0987 0.683116 -0.0208883 0.730011
37.259 16.9725 41.2676 0.682422 -0.0206316 0.730667
37.2278 15.7072 41.2565 0.680583 -0.0239804 0.732278
37.3699 14.5782 41.0898 0.680716 -0.0211757 0.732241
37.9343 13.1772 40.524 0.680745 -0.0209652 0.732221
38.8342 11.8894 39.6624 0.677363 -0.0154337 0.735484
39.4098 10.6439 39.1052 0.680461 -0.0140276 0.732647
39.5975 9.30673 38.9031 0.67869 -0.0167033 0.734235
39.0145 8.04887 39.4173 0.681342 -0.0163973 0.731778
38.4141 7.20907 39.9575 0.677039 -0.0118269 0.735852
37.5459 6.17278 40.7485 0.682752 -0.00506298 0.730632
36.9287 5.30406 41.3157 0.68235 -0.0122702 0.73092
36.3571 3.75017 41.8191 0.680485 -0.00754399 0.732699
36.1961 2.57045 41.9506 0.671939 -0.0105571 0.740532
36.2519 1.26571 41.8824 0.671498 -0.00950449 0.740945
36.6563 -0.121398 41.5042 0.669247 -0.003015 0.743034
37.0254 -1.04028 41.1631 0.678255 -0.00222564 0.734823
36.4258 -1.60057 41.706 0.668574 -0.00208558 0.743642
37.0351 -2.83798 41.1504 0.674644 -0.000584678 0.73813
37.0757 -3.87543 41.1028 0.679256 -0.0119755 0.733803
36.7173 -5.19633 41.4178 0.677962 -0.00316483 0.735089
36.4668 -6.69754 41.6479 0.67647 0.00244595 0.736465
36.0262 -7.70218 42.0546 0.674394 0.00226267 0.738368
35.658 -8.96663 42.3952 0.674861 0.00527129 0.737924
35.5965 -10.0412 42.4586 0.67662 0.00557562 0.73631
35.572 -11.543 42.4945 0.679346 0.00612022 0.733783
35.8481 -13.086 42.2484 0.676395 0.00350795 0.736528
36.2441 -14.065 41.8911 0.678027 0.00840675 0.73498
36.4774 -15.0805 41.6975 0.681735 0.0153817 0.731432
37.0459 -16.316 41.1855 0.685359 0.0105876 0.728127
37.234 -17.3165 41.0241 0.686264 0.0134137 0.727227
37.5232 -18.2514 40.7704 0.685816 0.0148518 0.727624
37.9067 -20.131 40.4503 0.683666 0.0157053 0.729625
38.3618 -21.4667 40.0599 0.682894 0.0241204 0.730096
38.6913 -22.4342 39.7863 0.67825 0.0244669 0.734424
39.2065 -23.1639 39.333 0.684244 0.023115 0.728865
40.2368 -24.3347 38.3789 0.693541 0.0135258 0.720289
41.4203 -24.7764 37.2715 0.685768 0.0196987 0.727554
42.1881 -24.8132 36.5477 0.686424 0.0191242 0.72695
42.9599 -24.7236 35.8167 0.684939 0.020529 0.728311
43.6095 -24.2296 35.1926 0.683656 0.015386 0.729638
44.3783 -23.6652 34.4811 0.675294 0.000487334 0.737517
44.9075 -22.9078 33.9886 0.685344 0.0032589 0.728177
45.2875 -21.7834 33.6286 0.680673 0.00531488 0.732568
45.7068 -19.8898 33.2333 0.676347 0.00357558 0.736566
45.7969 -18.18 33.1428 0.668963 0.0059784 0.743246
45.4227 -17.2552 33.4653 0.672834 0.00903712 0.739736
44.9898 -15.6358 33.8422 0.673343 0.00666841 0.739298
44.669 -14.7213 34.1308 0.672964 0.00566994 0.739648
44.5663 -13.7169 34.218 0.668672 0.00167423 0.743555
44.1514 -11.9976 34.5895 0.669496 0.000472506 0.742815
43.9284 -10.6983 34.7898 0.671476 -0.00102628 0.741022
43.7867 -9.46308 34.9139 0.669183 0.00350362 0.743088
43.541 -8.49837 35.1376 0.673845 -0.00218136 0.738869
43.1941 -7.52907 35.4543 0.675611 0.00323475 0.737247
42.6738 -6.70719 35.9316 0.677857 0.00149258 0.735192
42.2983 -5.62993 36.2696 0.672962 0.00505934 0.73965
41.9538 -4.72359 36.5812 0.672792 0.00137372 0.739831
41.9021 -3.11886 36.6376 0.680066 -0.00465865 0.733136
42.3239 -2.15167 36.2589 0.674837 -0.00339902 0.73795
42.6678 -1.22321 35.9436 0.675784 -0.00135045 0.737098
43.1715 -0.0242649 35.4887 0.675531 -0.00665947 0.737289
43.4843 0.986606 35.2141 0.672008 -0.00743357 0.740506
43.5259 2.21033 35.1861 0.670293 -0.00653958 0.742065
43.5842 3.32483 35.1461 0.669621 -0.00812136 0.742658
43.0678 4.87134 35.6309 0.673921 -0.00623571 0.738777
42.5536 6.02933 36.1136 0.675612 -0.00846817 0.737207
41.906 7.44037 36.7307 0.679206 -0.0125204 0.733841
41.373 8.67248 37.2441 0.677295 -0.0148024 0.735558
41.2517 9.70157 37.3799 0.682023 -0.00887386 0.731252
41.6324 10.5839 37.0278 0.683027 -0.00196444 0.730385
42.5892 11.5552 36.1526 0.673535 -0.0136133 0.739027
43.3383 12.2574 35.4789 0.680464 -0.00840147 0.732732
43.8825 13.2027 34.9796 0.682396 -0.00754071 0.73094
44.2235 14.1276 34.6836 0.676628 -0.0154504 0.736163
44.47 15.2625 34.4779 0.675508 -0.00936043 0.737292
44.6731 16.6802 34.3118 0.674816 -0.0102075 0.737916
44.4487 18.438 34.5428 0.677342 -0.00811647 0.735606
44.1457 19.3478 34.8395 0.688119 -0.00752732 0.725559
43.3927 20.8045 35.5768 0.686718 -0.0150188 0.726761
42.633 21.556 36.3034 0.684064 -0.0147466 0.729272
41.7186 22.0939 37.1808 0.689723 -0.0193402 0.723815
40.9053 22.2251 37.9604 0.691201 -0.0180275 0.722436
40.1067 22.243 38.727 0.692311 -0.0167888 0.721404
39.1683 21.8708 39.6247 0.696797 -0.0215765 0.716934
38.5619 21.3873 40.1885 0.688734 -0.0328119 0.724271
37.8714 20.533 40.8053 0.688825 -0.0339982 0.72413
37.1208 19.497 41.4732 0.686887 -0.029155 0.726173
36.7217 17.6674 41.7901 0.683383 -0.0217058 0.729738
36.5817 16.6491 41.8901 0.682025 -0.0289211 0.730746
36.6016 15.0732 41.8164 0.67831 -0.0225106 0.734428
36.9321 13.8433 41.4753 0.680102 -0.0216449 0.732797
37.3676 12.5529 41.0352 0.681745 -0.017421 0.731382
37.9997 11.8899 40.4321 0.678547 -0.0130066 0.734442
38.5648 10.8349 39.8901 0.678513 -0.0163395 0.734403
38.8475 9.62527 39.6018 0.676085 -0.0158344 0.736653
38.5206 8.51487 39.8811 0.676796 -0.0127254 0.73606
37.9902 7.79213 40.3569 0.677414 -0.0113826 0.735514
36.9868 6.61159 41.274 0.682753 -0.00505355 0.730632
36.2723 5.4457 41.9202 0.672618 -0.0136846 0.739853
35.8281 4.36838 42.3083 0.671467 -0.00964081 0.740972
35.5721 2.65613 42.5166 0.670795 -0.0102177 0.741572
35.6498 1.07996 42.4255 0.670654 -0.00933314 0.741711
35.7244 -0.0109079 42.3442 0.670506 -0.0060577 0.741871
36.2796 -0.881367 41.8406 0.669173 -0.00292759 0.743101
39.5023 -5.42929 38.8472 0.678365 -0.00262199 0.73472
39.7172 -6.58232 38.6534 0.67589 0.00527136 0.736981
40.1219 -7.5606 38.2922 0.676798 0.00689561 0.736133
40.6328 -8.64172 37.828 0.680177 0.00274859 0.733042
41.0626 -9.58132 37.4315 0.679701 0.000404296 0.733488
41.3937 -10.5843 37.1168 0.685653 -0.00224456 0.727921
41.7028 -12.1924 36.8315 0.683802 0.00444117 0.729654
41.9002 -13.313 36.6505 0.682229 0.00352336 0.73113
42.191 -14.7553 36.3912 0.680107 0.0148092 0.732937
42.5537 -16.2171 36.0869 0.676717 0.00844585 0.736194
42.8747 -17.5139 35.799 0.678605 0.0026783 0.734498
43.1484 -19.2723 35.5546 0.679451 0.00465033 0.733706
42.7784 -20.5169 35.9125 0.683076 0.0128833 0.730234
41.8575 -21.1089 36.7843 0.683052 0.0127294 0.730258
41.0305 -20.7352 37.5511 0.685071 0.00659007 0.728422
40.3644 -19.3348 38.1523 0.683717 0.0121034 0.729647
40.0714 -18.3782 38.4099 0.683466 0.0127591 0.729871
39.8311 -17.4093 38.619 0.680599 0.0111273 0.732569
39.5389 -16.1968 38.87 0.679083 0.0119787 0.733964
39.2034 -15.0082 39.1702 0.677652 0.00773728 0.73533
38.846 -13.8381 39.4883 0.676801 0.00510206 0.736146
38.3993 -12.3507 39.8932 0.679071 0.000569014 0.734073
38.1591 -11.0756 40.1111 0.674484 0.00228147 0.738283
38.1656 -10.0703 40.0997 0.6754 0.00394886 0.737441
38.5875 -8.43687 39.7031 0.678306 0.00514621 0.734762
38.8964 -7.49918 39.4132 0.67482 0.00626428 0.737955
39.3719 -5.75909 38.9667 0.676494 0.00355528 0.73644
39.4219 -5.57326 38.921 0.676339 -0.00393143 0.736572
39.3868 -8.18268 38.9703 0.674588 0.00553989 0.738173
39.0557 -9.1359 39.28 0.675736 0.00164627 0.73713
38.7945 -10.2266 39.5216 0.679835 0.00303598 0.733359
38.9232 -11.8417 39.4081 0.679666 0.00135986 0.73352
39.3498 -13.311 39.0195 0.677715 0.00631799 0.735297
39.6511 -14.3015 38.7487 0.680119 0.00562621 0.73308
40.1749 -16.032 38.2773 0.680233 0.00984342 0.732923
40.3915 -17.094 38.0918 0.681915 0.0106669 0.731353
40.7455 -18.4065 37.7793 0.682825 0.0112988 0.730493
41.0754 -19.3367 37.4861 0.683609 0.0120912 0.729749
41.6213 -20.064 36.9869 0.683542 0.0122541 0.729809
42.3989 -19.6477 36.2519 0.681965 0.00861634 0.731323
42.3489 -17.8674 36.2873 0.679666 0.00685849 0.733483
41.9043 -16.1489 36.6843 0.676415 0.0061954 0.736489
41.6833 -15.1759 36.8697 0.67964 0.0100161 0.733462
41.4015 -13.9816 37.1192 0.682639 0.00605194 0.730726
41.2195 -12.9537 37.2857 0.683141 0.00153636 0.730285
41.0539 -11.9113 37.4379 0.683637 0.00495569 0.729806
40.6331 -10.2305 37.828 0.681821 -0.00263763 0.731511
40.082 -8.94776 38.3367 0.676482 -0.0020533 0.736456
39.6876 -8.78669 38.6999 0.675762 0.00166533 0.737106
39.9081 -9.98881 38.4936 0.676133 -0.00187866 0.736776
40.1949 -10.908 38.2292 0.676012 0.000694373 0.736887
40.4479 -11.8194 37.9991 0.67775 0.00129983 0.73529
40.5566 -13.0107 37.9009 0.678148 0.00155892 0.734924
40.1456 -13.7979 38.286 0.680213 0.00581801 0.732992
39.8503 -12.7744 38.5519 0.679059 0.00362863 0.73407
39.4765 -11.7189 38.8945 0.68006 0.00229751 0.733153
39.502 -10.28 38.8662 0.678144 0.000451572 0.734923
40.3045 -14.4208 38.1434 0.68024 0.00557279 0.732968
41.0916 -15.5965 37.4234 0.679689 0.00653866 0.733472
40.9911 -16.7935 37.5289 0.681779 0.0100424 0.731489
41.1241 -17.8472 37.4186 0.680381 0.00991565 0.732787
41.7996 -18.5371 36.8014 0.680652 0.00435425 0.732594
41.2505 -17.6152 37.2987 0.678399 0.00973947 0.734629
41.3356 -16.5365 37.2079 0.67531 0.00526408 0.737514
41.1954 -15.5296 37.3265 0.67964 0.0100161 0.733462
40.778 -14.3073 37.703 0.679893 0.00582327 0.733288
40.2223 10.7004 38.3475 0.681014 -0.0119112 0.732167
39.7371 11.7106 38.8226 0.681741 -0.0171779 0.731388
39.1439 12.6983 39.3923 0.676639 -0.0116372 0.736223
38.4677 13.6907 40.0422 0.681815 -0.0207707 0.731229
37.9177 15.115 40.5965 0.680948 -0.0224182 0.731989
37.8241 16.4109 40.724 0.682163 -0.0219862 0.730867
37.9729 17.4731 40.613 0.686897 -0.0182449 0.726525
38.5325 18.9667 40.1218 0.68696 -0.0185672 0.726458
39.1066 19.8011 39.5999 0.687046 -0.0184292 0.72638
40.0172 20.4937 38.7572 0.689463 -0.0213509 0.723956
41.1185 20.524 37.7193 0.686255 -0.0127376 0.727223
41.9976 20.1177 36.8849 0.687715 -0.00745949 0.725942
42.5801 19.4367 36.3212 0.690388 -0.0177833 0.723221
43.0754 18.4235 35.8238 0.686304 -0.0165208 0.727107
43.3501 17.3303 35.5453 0.682658 -0.0143116 0.730598
43.3585 15.9785 35.5122 0.681872 -0.0127487 0.731361
43.1031 14.7979 35.7295 0.681036 -0.0133378 0.732127
42.4742 13.6896 36.2984 0.678463 -0.00783643 0.734588
41.6528 12.6516 37.0339 0.676458 -0.0176258 0.736269
40.9799 11.8469 37.6518 0.686732 -0.00955526 0.726848
40.5241 11.1599 38.075 0.682759 -0.00689423 0.730584
40.6277 12.579 37.9964 0.690166 -0.0112826 0.723563
39.7295 13.0249 38.8582 0.688964 -0.0112733 0.724707
39.0041 14.1584 39.5554 0.682152 -0.018546 0.730972
38.5621 15.217 39.9952 0.685953 -0.0216579 0.727324
38.4392 16.1986 40.1401 0.686124 -0.0197183 0.727215
38.5615 17.2998 40.0521 0.686933 -0.0182603 0.726491
38.9971 18.4158 39.6684 0.687002 -0.0184807 0.72642
39.5834 19.2236 39.1343 0.686973 -0.018448 0.726449
40.5533 19.6926 38.2332 0.683316 -0.0216494 0.729802
41.2847 19.5893 37.5468 0.681789 -0.0212046 0.731241
42.229 18.6813 36.6335 0.686523 -0.0248587 0.726683
42.715 17.2295 36.1369 0.683009 -0.0145978 0.730264
42.7643 16.217 36.0709 0.68262 -0.0139302 0.730641
42.2583 14.6246 36.5102 0.67928 -0.0129334 0.733766
41.6073 13.6729 37.0968 0.677595 -0.0109339 0.735353
41.0317 12.9736 37.6173 0.688381 -0.0102663 0.725272
40.7635 13.7489 37.889 0.688848 -0.0174121 0.724693
41.5363 14.7659 37.1809 0.683094 -0.015014 0.730153
42.1012 15.9955 36.6843 0.680987 -0.0168899 0.732101
41.9636 17.6491 36.8485 0.684827 -0.0201747 0.728406
41.1591 18.7003 37.6365 0.682485 -0.0236466 0.730517
40.1085 18.647 38.6232 0.68707 -0.0183748 0.726359
39.4061 17.7896 39.2639 0.689612 -0.0203542 0.723884
39.0736 16.5207 39.5488 0.686708 -0.0179945 0.726711
39.1489 15.4971 39.45 0.684177 -0.018998 0.72906
39.7014 14.3422 38.9082 0.685811 -0.0151334 0.727607
40.5029 13.5584 38.1335 0.688922 -0.0150641 0.724677
40.3365 14.7453 38.3119 0.686328 -0.0130388 0.727173
39.7199 15.7872 38.9184 0.689121 -0.0142234 0.724507
39.8927 17.2517 38.7856 0.690474 -0.0168744 0.72316
40.5851 17.9508 38.1498 0.685746 -0.0235278 0.727452
41.3264 17.3969 37.4388 0.682811 -0.0205922 0.730302
41.4778 16.2915 37.2709 0.681045 -0.0166727 0.732052
41.157 15.3251 37.5467 0.683394 -0.0135542 0.729906
40.3722 14.7706 38.2788 0.685361 -0.011746 0.728105
40.3165 16.1999 38.3586 0.689298 -0.0138782 0.724345
40.7293 16.9327 37.985 0.683429 -0.019478 0.729755
40.8066 16.6559 37.9058 0.682733 -0.0181648 0.730442
40.7033 16.1541 37.99 0.685873 -0.0158111 0.727533
