15.9645 44.7133 59.5726 0.336994 0.0215775 0.941119
16.7005 44.2801 59.3014 0.373082 0.0266392 0.927414
16.7515 45.6495 59.2479 0.365057 0.0254251 0.930594
15.9657 44.9636 59.5703 0.347766 0.0175654 0.93735
15.3579 45.2134 59.7911 0.347766 0.0175654 0.93735
15.428 43.4108 59.8106 0.33287 0.0309945 0.942443
15.5958 41.8681 59.7823 0.346214 0.00397476 0.938144
16.4244 41.1931 59.4812 0.363955 0.0287736 0.930949
17.3126 41.4146 59.1339 0.35712 0.026689 0.933677
17.6048 42.7659 58.9838 0.365747 0.0306972 0.930153
17.5242 43.9916 58.9789 0.372335 0.0255625 0.927746
17.4393 45.0001 58.9863 0.372059 0.0201062 0.927991
17.3517 46.5574 58.9877 0.365071 0.0254105 0.930588
16.3603 46.951 59.3597 0.355114 0.00327802 0.934817
15.4736 45.9779 59.7254 0.352996 0.0275884 0.935218
15.4007 45.4263 59.7687 0.352228 0.0273509 0.935514
14.7072 45.0079 60.031 0.34206 0.0116945 0.939592
14.7492 43.6129 60.0398 0.327991 0.0346602 0.944041
14.8178 42.5761 60.0516 0.326946 0.0316932 0.944511
14.9835 41.0738 60.0393 0.356673 0.0470811 0.933042
15.7489 40.457 59.7751 0.370035 0.0336108 0.92841
16.7577 40.3292 59.3781 0.362975 0.0308252 0.93126
17.7212 40.4185 59.0026 0.389476 0.00332111 0.921031
18.2058 41.4458 58.7916 0.356907 0.0272318 0.933743
18.2919 43.0095 58.6972 0.37173 0.032998 0.927749
18.2171 44.3663 58.6904 0.373194 0.0248373 0.92742
18.1755 45.7316 58.6795 0.36006 0.009372 0.93288
17.9146 47.4092 58.7627 0.357655 0.00649424 0.933826
16.939 47.7483 59.1375 0.357343 0.00288596 0.933964
15.9928 47.7342 59.4966 0.354754 0.0015441 0.934959
14.8761 46.9828 59.9229 0.355408 0.0143005 0.934537
14.7396 45.9751 60.0025 0.34661 0.0214792 0.937724
14.0245 45.6859 60.265 0.34084 0.0114044 0.940034
14.0772 44.0982 60.2636 0.339573 0.0201667 0.94024
14.1296 42.9874 60.2829 0.348058 0.0333953 0.936878
14.1795 41.9345 60.3022 0.351757 0.0410005 0.935157
14.2699 40.8977 60.3206 0.356031 0.0471747 0.933283
14.7837 39.8296 60.1785 0.355648 0.0421133 0.933657
16.0047 39.6114 59.7025 0.369165 0.0129658 0.929273
17.0479 39.5437 59.2898 0.37204 0.00841983 0.928166
18.0681 39.5701 58.8606 0.38813 0.0166176 0.921455
18.8135 40.3097 58.5412 0.395341 0.00721922 0.918475
18.9479 41.5447 58.4676 0.400506 0.015249 0.916157
18.9525 42.6184 58.4448 0.390391 0.0195686 0.92033
18.9246 43.7091 58.4227 0.373966 0.0211342 0.927196
18.8826 44.9128 58.4141 0.36614 0.00955396 0.930511
18.8329 46.5178 58.4191 0.361904 0.00989489 0.932161
18.7628 47.5363 58.4393 0.355138 0.00831132 0.934777
18.1027 48.3419 58.6858 0.360203 0.00754777 0.932838
16.6453 48.5195 59.2467 0.360956 0.00905835 0.932538
15.5846 48.4788 59.6503 0.354754 0.0015441 0.934959
14.167 47.5505 60.1877 0.352709 0.00263948 0.935727
14.052 46.4849 60.2499 0.349057 0.0155707 0.936902
13.3259 46.2315 60.5067 0.328978 0.00863516 0.944297
13.295 44.7351 60.5321 0.338683 0.0203416 0.940543
13.3578 43.5088 60.5513 0.348504 0.0325211 0.936743
13.3874 42.3378 60.5823 0.35139 0.0412782 0.935281
13.3862 41.1938 60.6422 0.355241 0.0485605 0.933512
13.363 40.0792 60.7083 0.355445 0.0424916 0.933717
14.1986 38.9479 60.4359 0.355243 0.0374099 0.934025
15.3776 38.8412 59.9626 0.375404 0.0172339 0.926701
16.4293 38.8264 59.5436 0.369214 0.0117051 0.92927
17.604 38.6673 59.0693 0.375466 0.00375517 0.926828
18.6741 38.759 58.6206 0.391037 0.0157303 0.920232
19.5253 39.8181 58.239 0.394256 0.01468 0.918883
19.6522 40.8646 58.167 0.398187 0.0133443 0.917197
19.6761 42.3439 58.1329 0.39328 0.0104675 0.919287
19.6566 44.1527 58.118 0.367104 0.0136968 0.930064
19.618 45.1928 58.1221 0.364058 0.00945422 0.931328
19.595 46.3308 58.1235 0.371565 0.0130655 0.928314
19.5229 48.1401 58.1263 0.372179 0.0129947 0.928069
18.5259 49.1917 58.5094 0.368997 0.014661 0.929315
17.2418 49.3021 59.0082 0.36137 0.00917225 0.932377
16.1166 49.2651 59.4452 0.361788 0.008797 0.932219
15.0921 49.2447 59.8347 0.354857 0.00314883 0.934915
13.647 48.5303 60.3746 0.345306 0.00965911 0.93844
13.3967 47.3165 60.4738 0.343086 0.00497079 0.939283
13.3868 47.2166 60.478 0.335428 0.0127525 0.941942
16.1293 43.6412 59.5512 0.372221 0.0249613 0.927802
16.9829 43.0999 59.2223 0.374799 0.0206686 0.926852
16.8815 42.4213 59.2736 0.375448 0.0141824 0.926735
16.2323 42.7356 59.5321 0.372968 0.0184362 0.927647
