-59.5892 -16.5805 23.0344 -0.574808 -0.0315745 0.817679
-59.1237 -15.8603 23.3909 -0.584856 -0.0276387 0.81057
-58.6914 -16.8791 23.6821 -0.594121 -0.0221102 0.804072
-58.8313 -18.2528 23.5523 -0.594702 -0.0120434 0.803856
-58.5236 -19.2594 23.7606 -0.582224 -0.023932 0.812675
-59.2112 -18.5523 23.2653 -0.597845 -0.0148464 0.801474
-59.2944 -17.4192 23.2217 -0.594543 -0.0168777 0.80387
-59.5034 -16.9956 23.079 -0.584476 -0.0265171 0.810879
-60.035 -17.5215 22.6895 -0.569313 -0.0266778 0.821687
-60.1345 -15.7706 22.6829 -0.575707 -0.0221133 0.817295
-59.8331 -14.0721 22.9199 -0.581053 -0.0144636 0.813711
-59.0095 -14.8048 23.4992 -0.585567 -0.0178158 0.810428
-58.4671 -15.606 23.8888 -0.599423 -0.0175461 0.800187
-58.0113 -17.1877 24.1768 -0.59685 -0.0278574 0.801865
-57.9443 -18.7566 24.1898 -0.584294 -0.0171448 0.811361
-57.9546 -19.8902 24.15 -0.583845 -0.0245996 0.811492
-57.8704 -21.3664 24.1702 -0.581549 -0.0207191 0.813247
-58.5769 -22.2697 23.6358 -0.583305 -0.0274491 0.811789
-58.8211 -21.1168 23.497 -0.581326 -0.0214773 0.813387
-59.3316 -20.196 23.1429 -0.597892 -0.016763 0.801401
-59.793 -18.6037 22.8301 -0.598085 -0.0147191 0.801298
-59.8804 -18.2846 22.7707 -0.583636 -0.0212772 0.811516
-60.5144 -18.4536 22.3255 -0.569467 -0.028762 0.82151
-60.7785 -17.0377 22.1894 -0.566409 -0.0228609 0.823795
-60.815 -15.9277 22.1984 -0.572024 -0.0287014 0.819721
-60.6704 -14.8434 22.3226 -0.569836 -0.017236 0.821577
-60.2489 -13.2766 22.6314 -0.568924 0.000993589 0.82239
-59.8782 -12.3847 22.9039 -0.582307 -0.0200128 0.812633
-59.3102 -12.9011 23.309 -0.585917 -0.00707116 0.81034
-58.7184 -13.9426 23.729 -0.586844 -0.0124657 0.809583
-58.2074 -14.7497 24.0924 -0.599849 -0.00818641 0.800072
-57.6271 -15.9951 24.5039 -0.596685 -0.0272935 0.802008
-57.3536 -17.175 24.6644 -0.594925 -0.028689 0.803269
-57.2961 -18.3584 24.665 -0.589836 -0.022971 0.807145
-57.2911 -19.7254 24.6324 -0.583664 -0.0245729 0.811623
-57.2815 -20.9588 24.6119 -0.608335 -0.0296167 0.793127
-57.3106 -21.9574 24.5559 -0.582455 -0.0239046 0.812503
-57.5189 -23.7129 24.3529 -0.591208 -0.0220544 0.806206
-57.4953 -24.7242 24.3161 -0.588513 -0.0445973 0.807256
-57.6675 -25.7826 24.1369 -0.583347 -0.0419472 0.811085
-58.0497 -27.0164 23.7946 -0.576322 -0.043724 0.816051
-58.885 -26.4402 23.2196 -0.590346 -0.032152 0.80651
-59.037 -25.0112 23.1718 -0.589694 -0.0438372 0.806434
-59.1662 -23.6547 23.1442 -0.598017 -0.0372338 0.800618
-59.3453 -22.3545 23.0659 -0.597635 -0.0331683 0.801082
-59.5914 -21.2447 22.9319 -0.59318 -0.0244522 0.804602
-59.9555 -20.2434 22.6789 -0.592608 -0.012191 0.805399
-60.2951 -19.1779 22.4516 -0.566993 -0.0274014 0.823259
-60.9426 -19.3012 22.0047 -0.564577 -0.0279073 0.824905
-60.6158 -20.2621 22.1928 -0.578594 -0.0224778 0.815076
-60.2549 -21.4027 22.4345 -0.593943 -0.0372026 0.803647
-59.953 -22.6097 22.602 -0.595735 -0.0352003 0.802405
-59.7472 -23.9459 22.6964 -0.598135 -0.0374738 0.800519
-59.6593 -25.4106 22.6973 -0.59283 -0.0387327 0.804365
-59.648 -26.5562 22.6611 -0.585698 -0.0294592 0.809994
-59.0596 -28.3368 23.0031 -0.582157 -0.0476759 0.811669
-58.2337 -28.3424 23.5909 -0.579158 -0.04947 0.813713
-57.5667 -27.6683 24.1002 -0.576351 -0.0452451 0.815949
-57.1395 -26.4585 24.4881 -0.608683 -0.0521673 0.791696
-56.893 -24.9283 24.7646 -0.605363 -0.0414986 0.794866
-56.8503 -23.9003 24.8419 -0.59541 -0.0314043 0.802708
-56.7579 -22.7416 24.949 -0.616654 -0.0332702 0.78653
-56.6885 -21.3373 25.0535 -0.61487 -0.0234648 0.788279
-56.6529 -20.0411 25.1178 -0.609523 -0.0106795 0.792696
-56.6532 -18.8234 25.1451 -0.628745 -0.0183025 0.777351
-56.6978 -17.0611 25.1541 -0.59495 -0.028309 0.803264
-56.8991 -16.0692 25.0399 -0.592976 -0.0261523 0.804795
-57.283 -15.0205 24.7824 -0.597453 -0.00931582 0.801845
-57.942 -13.9106 24.2999 -0.599812 -0.0120704 0.80004
-58.457 -13.0865 23.9303 -0.599781 -0.0160825 0.800002
-58.9649 -12.1231 23.5641 -0.588171 -0.000306141 0.808547
-59.338 -11.1265 23.312 -0.570087 -0.0121913 0.821464
-59.7027 -10.2288 23.0788 -0.559719 -0.0191593 0.828429
-60.1748 -8.94665 22.7788 -0.569303 -0.0113246 0.821974
-60.5361 -8.77294 22.5303 -0.571614 -0.0111026 0.820389
-60.4752 -10.0871 22.5689 -0.560894 -0.0126531 0.827673
-60.438 -11.5596 22.537 -0.55583 -0.0378198 0.830434
-60.8346 -12.9268 22.2261 -0.561026 -0.00689086 0.827678
-61.1281 -13.8857 22.0249 -0.568693 -0.00788478 0.822461
-61.3834 -14.9864 21.8348 -0.545605 -0.00680777 0.838015
-61.5142 -16.4622 21.7143 -0.552544 -0.0287989 0.832979
-61.3618 -17.6271 21.7778 -0.554181 -0.029725 0.83186
-60.9719 -19.2032 21.9877 -0.563976 -0.0258032 0.825388
-61.663 -19.1859 21.5174 -0.563113 -0.0290038 0.825864
-61.0449 -21.0407 21.8668 -0.578594 -0.0224778 0.815076
-60.741 -22.0705 22.0483 -0.559071 -0.0187122 0.828909
-60.5103 -23.0994 22.1791 -0.558817 -0.0223752 0.828985
-60.3577 -24.1654 22.2531 -0.561755 -0.0225748 0.826996
-60.2992 -25.2614 22.2616 -0.562502 -0.0297638 0.826239
-60.3104 -26.39 22.2051 -0.563088 -0.0361779 0.825604
-60.1991 -27.8767 22.2162 -0.565399 -0.0388099 0.823784
-59.7113 -28.8366 22.5064 -0.569305 -0.0400693 0.820964
-58.8962 -29.3051 23.0607 -0.57917 -0.0503814 0.813648
-57.7777 -29.0395 23.8728 -0.578838 -0.0502651 0.813892
-57.1118 -28.319 24.4009 -0.601082 -0.037188 0.798321
-56.7113 -27.3687 24.7578 -0.606886 -0.0508498 0.793145
-56.4446 -26.355 25.0299 -0.608777 -0.0502103 0.791747
-56.2749 -25.3607 25.2166 -0.61147 -0.044937 0.789983
-56.1937 -24.3099 25.3295 -0.617285 -0.0269062 0.786267
-56.1789 -23.2601 25.382 -0.618175 -0.0314026 0.785411
-56.0835 -22.1259 25.5023 -0.614893 -0.0269284 0.788139
-56.0496 -20.6958 25.5703 -0.614049 -0.0222615 0.788953
-56.0196 -19.6533 25.629 -0.628797 -0.025283 0.777158
-56.022 -18.4705 25.6612 -0.629778 -0.0107043 0.776702
-56.05 -16.911 25.6609 -0.630206 -0.011624 0.776341
-56.4468 -15.2558 25.3993 -0.594295 -0.0182295 0.804003
-57.0179 -14.1126 24.9889 -0.599478 -0.0144033 0.800226
-57.7021 -13.0438 24.4972 -0.600097 -0.0160877 0.799766
-58.1822 -12.2279 24.1536 -0.60061 -0.00491058 0.799446
-58.6272 -11.1653 23.8102 -0.587326 -0.000962775 0.809135
-59.0367 -9.99004 23.5461 -0.571096 -0.0205511 0.820626
-59.3215 -8.55682 23.3858 -0.573211 -0.0217161 0.81912
-59.0768 -7.16649 23.5835 -0.567441 -0.00776248 0.823377
-58.6746 -5.46355 23.8813 -0.567085 -0.0127557 0.82356
-58.4179 -4.45137 24.0776 -0.576859 -0.00992232 0.816776
-58.0832 -3.52088 24.3167 -0.580291 0.00458811 0.814396
-57.6929 -2.40597 24.5923 -0.585905 -0.00379842 0.810371
-57.3146 -0.949955 24.8727 -0.586612 -0.00271258 0.809862
-57.1797 0.350018 24.97 -0.613341 0.00343523 0.78981
-57.2991 1.50183 24.8757 -0.6192 -0.00650006 0.785207
-57.5888 2.5054 24.6621 -0.610377 -0.0107866 0.792038
-58.2783 4.09329 24.1518 -0.599526 -0.0146522 0.8001
-58.6813 5.00673 23.882 -0.591465 -0.00981413 0.806175
-59.1019 6.12631 23.5696 -0.586948 -0.00123141 0.809588
-59.6034 7.39998 23.2037 -0.585077 0.00939537 0.810923
-60.3 6.41341 22.7088 -0.574489 0.00493746 0.818343
-61.0315 5.41679 22.206 -0.564659 -0.00765577 0.82528
-61.6022 4.5157 21.8104 -0.56177 -0.00751756 0.827259
-62.0999 3.51021 21.4685 -0.54914 -0.0134077 0.835623
-62.3531 2.51031 21.2868 -0.543467 -0.00457337 0.839351
-62.4718 1.36895 21.2139 -0.536225 0.002695 0.84407
-62.4207 0.000109906 21.2577 -0.551322 -0.00206324 0.834269
-62.2818 -1.07104 21.3514 -0.547947 0.00217164 0.83651
-62.0707 -2.27872 21.501 -0.558627 0.0111159 0.829323
-61.8399 -3.7862 21.6762 -0.567566 0.00273162 0.823322
-61.6267 -4.77956 21.8277 -0.569909 0.00398875 0.821698
-61.3935 -5.82514 21.9976 -0.57223 0.00524368 0.820075
-61.179 -7.27347 22.1249 -0.571404 -0.027364 0.820212
-61.1339 -8.39478 22.1206 -0.572475 -0.0230051 0.819594
-61.1208 -9.47563 22.1244 -0.566091 -0.000955432 0.824342
-61.1555 -10.9568 22.0835 -0.563295 -0.0304871 0.82562
-61.356 -12.15 21.894 -0.554824 -0.0265511 0.831458
-61.6517 -13.2664 21.6778 -0.54881 -0.0135031 0.835824
-61.9565 -14.386 21.4668 -0.544884 -0.00739744 0.838478
-62.1847 -15.4664 21.3092 -0.547989 -0.0191173 0.836176
-62.1428 -17.1262 21.2747 -0.551866 -0.0291574 0.833418
-61.942 -18.1632 21.3696 -0.555013 -0.032191 0.831219
-61.7032 -19.0474 21.4943 -0.559128 -0.0293604 0.828542
-62.4405 -18.9812 21.0178 -0.542716 -0.0301321 0.839372
-62.7298 -17.7929 20.8706 -0.542368 -0.0281996 0.839667
-62.8888 -16.6592 20.8062 -0.542363 -0.0286428 0.839656
-62.8975 -15.4269 20.8428 -0.541898 -0.0292764 0.839934
-62.6845 -14.4197 20.994 -0.544476 -0.00834665 0.838735
-62.4 -13.4108 21.1893 -0.545286 -0.011973 0.838165
-62.031 -12.021 21.4492 -0.548483 -0.00825354 0.836102
-61.795 -10.4182 21.6546 -0.570126 -0.0225984 0.821247
-61.7682 -9.27034 21.6801 -0.566091 -0.000955432 0.824342
-61.8437 -7.88134 21.6591 -0.550338 -0.0196232 0.834711
-61.9857 -6.79107 21.5918 -0.559601 -0.00506197 0.828531
-62.1648 -5.75603 21.4594 -0.571239 0.00533844 0.820766
-62.3513 -4.64352 21.3238 -0.568645 -0.00288541 0.822542
-62.5016 -3.63491 21.2193 -0.564318 0.00273535 0.82554
-62.6902 -2.46979 21.0862 -0.554877 -0.00111268 0.831904
-63.021 -0.626418 20.8662 -0.547233 0.001868 0.836978
-63.1437 0.868284 20.7901 -0.53987 -0.00182725 0.841712
-63.1049 2.02523 20.8097 -0.535486 0.00372369 0.844536
-62.9269 3.15739 20.9191 -0.542166 -0.00544203 0.840175
-62.4862 4.37243 21.2202 -0.553715 0.00594956 0.832683
-61.8965 5.40617 21.6186 -0.562146 -0.00712154 0.827007
-61.2148 6.34709 22.0894 -0.560617 0.00054335 0.828047
-60.3353 7.71993 22.6719 -0.572751 0.00919512 0.819539
-59.9892 8.70216 22.911 -0.587276 0.0109706 0.809312
-59.5989 10.0706 23.1895 -0.601915 -0.00175822 0.798555
-59.9914 11.0788 22.9056 -0.587469 -0.0114262 0.809165
-60.4339 12.2285 22.5921 -0.553527 -0.0037582 0.832822
-61.2685 13.5088 22.0356 -0.554031 0.00662162 0.83247
-61.9177 14.3832 21.5822 -0.566493 0.0120165 0.823977
-62.5258 15.3724 21.1464 -0.558047 0.0106656 0.829658
-62.972 16.6013 20.8419 -0.547606 0.00779668 0.836698
-63.1344 17.7381 20.7261 -0.546937 0.00801759 0.837134
-62.7409 19.458 20.965 -0.540211 0.0166168 0.841291
-61.7989 20.868 21.5241 -0.531727 0.0190939 0.846701
-60.8551 22.28 22.1068 -0.555471 0.0154827 0.831137
-60.4099 23.528 22.3754 -0.582127 0.0332726 0.812417
-60.2212 24.5651 22.4713 -0.585799 0.0203365 0.810167
-60.2313 26.097 22.4481 -0.570929 0.0233972 0.820378
-60.4323 27.1372 22.2543 -0.565951 0.0451761 0.8232
-60.7985 28.8429 21.8977 -0.565434 0.0555943 0.822918
-60.4167 29.939 22.0881 -0.566715 0.0446152 0.822705
-59.5453 30.117 22.6788 -0.577617 0.0418724 0.815123
-58.6784 30.0087 23.3209 -0.598316 0.0566215 0.799257
-57.8673 29.7974 23.9421 -0.600317 0.0554459 0.797828
-57.1283 29.451 24.5265 -0.602721 0.0570218 0.795912
-56.4164 28.6676 25.0815 -0.612043 0.0348602 0.789725
-55.9449 27.5931 25.5107 -0.630344 0.0322845 0.775644
-55.7233 26.5456 25.7322 -0.628758 0.0371563 0.776681
-55.9544 24.8603 25.6487 -0.620321 0.0388477 0.783317
-56.3626 23.2497 25.3904 -0.628856 0.03089 0.776882
-56.6116 21.9855 25.2286 -0.616364 0.0279964 0.786772
-56.747 20.6794 25.17 -0.608214 0.0260186 0.793346
-56.7325 18.9708 25.2356 -0.610294 0.0247784 0.791787
-56.6756 17.9094 25.3162 -0.611274 0.0192736 0.79114
-56.5696 16.3181 25.4197 -0.616518 0.0146317 0.787171
-56.7801 14.9371 25.2757 -0.61157 0.0109211 0.791115
-57.146 14.0452 25.0027 -0.605149 0.0133771 0.795939
-57.6767 13.2383 24.6248 -0.599061 0.00570273 0.800584
-58.1859 12.4659 24.2393 -0.59355 -0.00194088 0.804795
-58.859 11.057 23.7468 -0.597925 0.00422291 0.801516
-59.0098 10.0848 23.6336 -0.601954 -0.00201005 0.798525
-59.1567 8.80132 23.523 -0.594599 0.00513921 0.803961
-58.87 7.57467 23.7337 -0.590815 0.00545206 0.806773
-58.3762 5.99229 24.1037 -0.593392 0.00132557 0.804912
-57.9551 4.95248 24.4113 -0.600101 -0.0160564 0.799641
-57.5298 3.98705 24.7271 -0.610396 -0.00922954 0.792043
-57.087 2.98963 25.0555 -0.614886 -0.00886389 0.788541
-56.7097 1.83534 25.3432 -0.619339 -0.00678476 0.785095
-56.5298 0.791402 25.4768 -0.619797 -0.00673953 0.784733
-56.5808 -0.358759 25.4381 -0.609835 -0.00444956 0.792465
-56.7394 -1.44907 25.3016 -0.603035 -0.00831735 0.797662
-57.1746 -3.00833 24.9641 -0.593615 -0.00444902 0.804679
-57.5252 -4.00796 24.7098 -0.575628 -0.00701945 0.817681
-57.8452 -4.98714 24.4749 -0.577957 -0.0136687 0.815952
-58.1582 -6.17614 24.2331 -0.583207 -0.00422274 0.812226
-58.4243 -7.31398 24.031 -0.566803 -0.00761102 0.823818
-58.5783 -8.76451 23.9005 -0.573226 -0.0223634 0.819092
-58.31 -9.95579 24.0551 -0.59041 -0.0158655 0.80664
-57.9087 -11.1924 24.3537 -0.608793 -0.00276943 0.793325
-57.4745 -12.1491 24.6858 -0.60061 -0.00491058 0.799446
-56.9235 -12.9233 25.086 -0.60605 -0.0181685 0.795219
-56.1325 -14.2565 25.6554 -0.604411 -0.0215088 0.796382
-55.699 -15.4065 25.9695 -0.630117 -0.0125795 0.776398
-55.4142 -16.7169 26.1801 -0.630641 -0.0117903 0.775985
-55.3968 -18.3666 26.1694 -0.630085 -0.0113917 0.776442
-55.3993 -19.688 26.1206 -0.614374 -0.0382038 0.78809
-55.4498 -21.35 26.0185 -0.613745 -0.0217668 0.789204
-55.5039 -22.8259 25.9323 -0.620226 -0.0289309 0.783886
-55.5525 -24.6424 25.8286 -0.629364 -0.0396023 0.775949
-55.6974 -25.9525 25.6339 -0.6202 -0.0457733 0.783107
-56.0785 -27.5503 25.2353 -0.620222 -0.0487304 0.782813
-56.4879 -28.6383 24.8561 -0.599496 -0.0448514 0.799086
-57.1295 -29.5499 24.3187 -0.595912 -0.0487403 0.801564
-58.518 -30.307 23.2665 -0.578058 -0.0499839 0.814461
-59.4463 -30.1216 22.6204 -0.560083 -0.0485736 0.826757
-60.3726 -29.381 22.0435 -0.55428 -0.0272828 0.831882
-60.8964 -28.3921 21.7321 -0.548739 -0.0326938 0.835346
-60.9772 -27.3012 21.7137 -0.550525 -0.0257172 0.834345
-60.9557 -26.0279 21.7798 -0.563969 -0.0348386 0.825061
-60.9444 -24.9889 21.8322 -0.562298 -0.0291384 0.826393
-61.0225 -23.9515 21.8078 -0.559234 -0.0246908 0.828642
-61.2064 -22.9248 21.7146 -0.558817 -0.0223752 0.828985
-61.4752 -21.9005 21.557 -0.559071 -0.0187122 0.828909
-61.8013 -20.8904 21.3722 -0.550188 -0.0260677 0.834633
-62.1334 -19.9204 21.1826 -0.549939 -0.0251779 0.834825
-62.1917 -19.7402 21.1496 -0.546532 -0.0287833 0.836927
-62.9335 -19.7085 20.6713 -0.542539 -0.0324527 0.839404
-63.2916 -18.4986 20.4854 -0.541543 -0.0269326 0.840241
-63.4906 -17.3789 20.3932 -0.542216 -0.0281193 0.839769
-63.6381 -16.2509 20.3362 -0.54184 -0.0291041 0.839977
-63.5912 -15.0453 20.4092 -0.539003 -0.018064 0.842022
-63.1533 -13.555 20.6976 -0.54062 -0.00642449 0.841228
-62.7431 -12.0676 20.9777 -0.551894 -0.00438623 0.833903
-62.5037 -10.9365 21.1552 -0.553984 -0.0162664 0.832369
-62.4264 -9.88144 21.227 -0.558115 -0.0106816 0.829582
-62.4699 -8.56908 21.2301 -0.549886 -0.0201888 0.834996
-62.6122 -7.41011 21.1642 -0.560638 -0.00594487 0.827819
-62.7842 -6.34702 21.0329 -0.571563 0.00983301 0.820499
-62.9458 -5.27412 20.911 -0.568499 -0.000352987 0.822642
-63.0904 -4.16792 20.8233 -0.562581 -0.0022097 0.826711
-63.25 -3.15998 20.7133 -0.558616 0.00304009 0.82942
-63.4556 -2.02054 20.5821 -0.548419 -0.00345956 0.83619
-63.6716 -0.764703 20.4418 -0.546546 0.000991853 0.837428
-63.7934 0.364941 20.3638 -0.543593 -0.00467987 0.839331
-63.8102 1.66362 20.364 -0.540334 -0.00187314 0.84141
-63.7016 2.78939 20.4291 -0.536692 0.00307241 0.843771
-63.4898 3.77861 20.5596 -0.539678 0.00244028 0.841864
-62.7747 5.36252 21.0224 -0.556334 -0.000570019 0.830923
-62.1122 6.3648 21.4789 -0.563772 -0.00235833 0.825918
-61.2993 7.47264 22.0251 -0.555679 0.00278343 0.831392
-60.7254 8.63095 22.4029 -0.55441 0.00716521 0.832212
-60.4966 9.80269 22.5459 -0.554924 0.00872036 0.831852
-60.6521 10.9351 22.4384 -0.559858 -0.00343237 0.828582
-61.0298 11.8813 22.1928 -0.55794 -0.0111035 0.829804
-61.5342 12.6855 21.8657 -0.552302 0.00137096 0.833622
-62.1447 13.4978 21.4372 -0.566218 0.0101079 0.824193
-62.7398 14.3008 21.0171 -0.557294 0.0113791 0.830143
-63.2928 15.2786 20.6452 -0.547086 0.00903703 0.837028
-63.7052 16.5943 20.3636 -0.542849 0.00607801 0.839797
-63.8493 18.2132 20.2619 -0.539296 0.00540461 0.842099
-63.6328 19.2444 20.3937 -0.539053 0.00556383 0.842254
-62.9969 20.4175 20.7796 -0.535507 0.0205674 0.84428
-62.2634 21.449 21.2186 -0.535178 0.0158203 0.844574
-61.5665 22.4552 21.6499 -0.538254 0.0115164 0.842704
-60.9954 23.816 21.9787 -0.529174 0.0209985 0.848251
-60.8296 25.0394 22.0421 -0.549784 0.0203428 0.834722
-60.8676 26.1689 22.0069 -0.566014 0.0250271 0.823805
-61.1398 27.2622 21.7616 -0.564252 0.0445038 0.824402
-61.5353 28.7997 21.3952 -0.564574 0.0561503 0.823471
-61.5185 29.8887 21.3351 -0.53438 0.0392738 0.84433
-60.7293 30.8168 21.8254 -0.566068 0.0431014 0.823231
-59.6976 30.9775 22.5281 -0.576881 0.0396696 0.815771
-58.8038 30.8431 23.1837 -0.588075 0.0393253 0.80785
-57.8877 30.6537 23.866 -0.600055 0.0567154 0.797941
-57.0966 30.3645 24.4851 -0.602721 0.0570218 0.795912
-56.3857 29.9145 25.0559 -0.606545 0.0534742 0.793245
-55.753 28.9205 25.6096 -0.630506 0.0331779 0.775475
-55.3285 27.813 26.0022 -0.630006 0.0323591 0.775915
-55.0758 26.695 26.2515 -0.629426 0.0302877 0.77647
-55.1369 25.5723 26.2614 -0.627876 0.0446386 0.777032
-55.4597 24.2249 26.073 -0.628751 0.0369393 0.776728
-55.7519 23.1107 25.8903 -0.628978 0.0309273 0.776782
-56.0764 21.4162 25.6832 -0.63231 0.0237001 0.774344
-56.1438 19.7774 25.67 -0.632655 0.0195273 0.774188
-56.1085 18.7092 25.7259 -0.610847 0.0265814 0.791301
-55.9965 17.3573 25.8496 -0.616963 0.0143166 0.786832
-55.9309 16.176 25.9297 -0.621885 0.0107207 0.782994
-56.0467 15.002 25.8416 -0.617211 0.00665129 0.786724
-56.368 14.0128 25.6047 -0.611727 0.00805062 0.791028
-56.8923 13.1517 25.2121 -0.598856 0.00550679 0.800741
-57.7028 11.9753 24.5946 -0.596722 -0.00420736 0.802424
-58.2149 10.8885 24.2236 -0.593668 0.00705032 0.804679
-58.4705 9.15801 24.034 -0.600167 -0.00544368 0.799857
-58.2584 8.02564 24.1865 -0.598429 -0.00339035 0.801166
-57.9898 6.84801 24.3885 -0.594217 0.00242617 0.804299
-57.6269 5.86241 24.6587 -0.600056 0.00316066 0.799924
-57.2205 4.89549 24.9699 -0.603937 -0.00333084 0.797025
-56.7945 3.95222 25.2892 -0.607835 -0.00131069 0.794047
-56.3766 2.98387 25.6134 -0.611562 0.00114134 0.791195
-56.0628 1.97567 25.855 -0.619631 -0.00648892 0.784867
-55.8986 0.96874 25.9723 -0.601888 -0.00813416 0.798539
-55.9119 -0.113662 25.9564 -0.615953 -0.00147229 0.787649
-56.1664 -1.96621 25.7301 -0.603913 -0.00836875 0.796996
-56.4906 -3.10758 25.4767 -0.599976 -0.0081303 0.799977
-56.845 -4.13827 25.2003 -0.599903 -0.00874241 0.800025
-57.2232 -5.29254 24.9106 -0.576699 -0.0106922 0.816879
-57.618 -6.77848 24.6303 -0.587879 0.00696187 0.808918
-57.8746 -8.39861 24.4062 -0.59883 -0.0130512 0.800742
-57.7255 -9.55079 24.5054 -0.605951 -0.00913576 0.795448
-57.2693 -10.9882 24.8452 -0.608783 -0.00259897 0.793333
-56.5001 -12.3201 25.4214 -0.604823 -0.0147643 0.796223
-55.9137 -13.1963 25.8496 -0.605552 -0.0195937 0.795562
-55.2351 -14.7158 26.357 -0.628981 -0.0173845 0.777226
-54.7926 -16.42 26.6898 -0.625137 -0.0133027 0.780371
-54.7526 -17.7373 26.691 -0.609137 -0.0178941 0.792863
-54.7936 -18.8934 26.6347 -0.614346 -0.0277376 0.788432
-54.7893 -20.3086 26.5661 -0.616343 -0.0388587 0.786512
-54.8001 -21.3356 26.5261 -0.61978 -0.0184765 0.784558
-54.86 -22.4822 26.4512 -0.618194 -0.0221567 0.785712
-54.8905 -23.6156 26.4003 -0.631312 -0.0233386 0.775177
-54.9705 -25.3538 26.2479 -0.627507 -0.0546602 0.776689
-55.1473 -26.4885 26.0406 -0.623415 -0.0352403 0.781096
-55.3915 -27.4753 25.7979 -0.629624 -0.0478156 0.775427
-55.8011 -28.8525 25.3673 -0.617902 -0.0582349 0.784004
-56.2973 -29.728 24.9279 -0.604611 -0.0502506 0.794874
-57.0865 -30.5491 24.291 -0.594275 -0.0480985 0.802822
-57.8751 -31.0416 23.6772 -0.583759 -0.051883 0.810206
-58.7222 -31.1929 23.0693 -0.57661 -0.047744 0.815623
-59.8047 -30.8867 22.3445 -0.542523 -0.0470529 0.838722
-60.5916 -30.2987 21.8686 -0.547814 -0.0368169 0.835705
-61.4399 -29.1733 21.354 -0.531157 -0.0259165 0.846867
-61.6872 -27.9824 21.24 -0.527713 -0.0292702 0.848918
-61.6747 -26.6966 21.2933 -0.528148 -0.0277997 0.848693
-61.5865 -24.7869 21.4035 -0.535898 -0.0153913 0.844042
-61.6953 -23.7555 21.3596 -0.559234 -0.0246908 0.828642
-61.9274 -22.7254 21.2339 -0.558779 -0.0217594 0.829025
-62.2445 -21.6892 21.0539 -0.550385 -0.027235 0.834467
-62.5919 -20.6745 20.8581 -0.549958 -0.0261866 0.834781
-62.6895 -20.3901 20.8023 -0.546177 -0.0289457 0.83715
-63.3977 -20.4758 20.3523 -0.530244 -0.0331054 0.847177
-63.0468 -21.457 20.5377 -0.543682 -0.0245885 0.838931
-62.6877 -22.4999 20.7399 -0.543651 -0.0238743 0.838972
-62.3847 -23.5564 20.91 -0.546954 -0.0192091 0.836942
-62.2243 -24.583 20.9914 -0.545368 -0.0129887 0.838071
-62.2623 -25.7128 20.9575 -0.535236 -0.0163862 0.844436
-62.3965 -27.4773 20.8176 -0.526867 -0.0297617 0.849426
-62.3871 -28.5796 20.7836 -0.530038 -0.0337241 0.847298
-62.0941 -29.6146 20.9277 -0.535898 -0.0329729 0.843638
-61.3268 -30.6675 21.3732 -0.536538 -0.042665 0.842749
-60.4983 -31.4403 21.8685 -0.54015 -0.0386997 0.840678
-59.6567 -31.8882 22.3879 -0.538422 -0.039262 0.841759
-58.6678 -32.0767 23.0512 -0.574649 -0.0526599 0.816703
-57.8641 -31.9241 23.6296 -0.591662 -0.0506771 0.804592
-57.0581 -31.4976 24.2501 -0.59359 -0.0524487 0.803057
-56.0432 -30.6218 25.0706 -0.613236 -0.0480464 0.788437
-55.2792 -29.4283 25.7377 -0.619383 -0.0559868 0.783022
-54.837 -27.9137 26.221 -0.626638 -0.0579496 0.77708
-54.4324 -26.1679 26.6263 -0.629546 -0.0409732 0.775843
-54.3314 -25.1326 26.7804 -0.633624 -0.042798 0.772366
-54.2999 -23.9461 26.8605 -0.619127 -0.0200944 0.785009
-54.276 -22.6483 26.9069 -0.61895 -0.0211549 0.785145
-54.2378 -21.2857 26.9714 -0.619907 -0.0186919 0.784453
-54.2156 -20.2807 27.0224 -0.625173 -0.0278967 0.779988
-54.1925 -19.2421 27.0908 -0.614533 -0.027779 0.788285
-54.1265 -18.0511 27.1651 -0.610019 -0.0169614 0.792204
-54.1133 -16.7213 27.2114 -0.615942 -0.02826 0.787285
-54.3382 -15.3158 27.0695 -0.619835 -0.0146339 0.784595
-54.7451 -14.1634 26.7659 -0.626997 -0.0143254 0.77888
-55.1145 -13.2409 26.4835 -0.624623 -0.0114326 0.780843
-55.7792 -12.1192 25.973 -0.623028 -0.0148622 0.782059
-56.5013 -11.0545 25.4358 -0.610166 -0.00258753 0.792269
-56.9197 -10.0191 25.1161 -0.607632 -0.0029243 0.794207
-57.1434 -8.98311 24.9526 -0.604222 -0.00654975 0.796786
-57.1335 -7.78492 24.9744 -0.606175 -0.0109253 0.795256
-56.8698 -6.51883 25.1772 -0.602778 0.00681382 0.79788
-56.4068 -4.92652 25.5199 -0.602184 -0.00347161 0.798326
-55.8123 -3.28326 25.9839 -0.612625 -0.00983327 0.790152
-55.4745 -1.75587 26.2777 -0.624502 -0.012277 0.780924
-55.328 -0.683028 26.4125 -0.6185 -0.0015315 0.785666
-55.2406 0.445563 26.4651 -0.618029 0.00589319 0.786092
-55.3353 1.74652 26.4022 -0.596787 -0.00352819 0.802392
-55.6228 2.86214 26.1928 -0.597071 -0.00331086 0.802181
-55.9996 3.83247 25.904 -0.612754 -0.001006 0.790272
-56.5028 4.91697 25.5138 -0.609022 -0.000107568 0.79312
-56.9296 5.88357 25.1888 -0.605403 0.00538849 0.795901
-57.3566 6.9837 24.8624 -0.599392 -1.26992e-05 0.800454
-57.6739 8.45382 24.6271 -0.60343 0.000398795 0.797395
-57.7581 9.66363 24.5676 -0.594772 -0.0014494 0.803893
-57.5314 10.8316 24.7284 -0.593709 0.00791252 0.804641
-56.9209 11.9614 25.1866 -0.607071 -0.00116029 0.794646
-56.1104 13.0215 25.8161 -0.614362 0.00181264 0.788983
-55.5965 13.9769 26.2046 -0.622484 0.00457613 0.782525
-55.3312 15.1329 26.4137 -0.630069 0.00868576 0.77649
-55.3078 16.6789 26.4122 -0.627022 0.0150579 0.778818
-55.4161 17.7438 26.3084 -0.632477 0.0134806 0.774459
-55.543 19.3623 26.1707 -0.632914 0.0164533 0.774047
-55.5409 20.3674 26.1478 -0.632473 0.0192883 0.774342
-55.3965 21.745 26.2261 -0.631757 0.0272522 0.774688
-55.1626 22.8946 26.3759 -0.631858 0.0277526 0.774587
-54.7148 24.5222 26.6633 -0.629534 0.0367874 0.776102
-54.3858 26.3106 26.8262 -0.634587 0.0423763 0.771649
-54.5309 27.5353 26.6618 -0.633036 0.0293086 0.773567
-54.9063 28.5709 26.3119 -0.635389 0.0523984 0.770327
-55.2516 29.5585 25.9618 -0.610728 0.0614665 0.789451
-56.3243 30.8631 25.0389 -0.606545 0.0534742 0.793245
-57.238 31.2851 24.3156 -0.607038 0.0643059 0.791978
-58.211 31.5882 23.5552 -0.586068 0.0691653 0.80728
-59.4576 31.7721 22.6468 -0.564777 0.0552991 0.822996
-60.5811 31.7695 21.878 -0.568853 0.0361651 0.821616
-61.5392 31.3406 21.2412 -0.548292 0.0458788 0.834751
-62.1678 30.4355 20.8999 -0.531455 0.0427537 0.845988
-62.3274 29.2782 20.852 -0.534737 0.0405703 0.844044
-62.1095 28.2214 21.0408 -0.549669 0.0482768 0.833755
-61.7663 27.1243 21.3404 -0.563845 0.0444353 0.824685
-61.5045 26.084 21.5737 -0.559476 0.0468503 0.82752
-61.5042 24.5716 21.6372 -0.530273 0.0323289 0.84721
-61.7806 23.4563 21.4997 -0.533307 0.0169587 0.845714
-62.2755 22.632 21.1948 -0.54695 0.0128228 0.837001
-63.1598 21.4316 20.6477 -0.541237 0.0347209 0.840152
-63.7329 20.578 20.3076 -0.539456 0.0186446 0.841798
-64.478 19.0094 19.854 -0.540278 0.00953486 0.841422
-64.5581 17.775 19.8105 -0.539417 0.00515534 0.842023
-64.4177 16.606 19.9072 -0.539268 0.00469224 0.842121
-64.1727 15.4739 20.0707 -0.539071 0.00604438 0.842238
-63.5313 14.1477 20.5019 -0.546498 0.00941552 0.837407
-62.9116 13.2876 20.9187 -0.554686 0.0143755 0.831889
-62.2967 12.5054 21.3512 -0.561921 0.0156327 0.827043
-61.7284 11.7109 21.723 -0.551787 -0.0117022 0.833902
-61.2712 10.5568 22.0183 -0.558002 0.0031773 0.829799
-61.2127 9.55572 22.0701 -0.555949 0.0103761 0.831151
-61.8013 8.04274 21.6876 -0.56055 0.00302038 0.828095
-62.4262 7.18353 21.2627 -0.565309 0.00165647 0.824877
-63.0653 6.28906 20.8247 -0.5586 0.00384179 0.829387
-63.6248 5.33886 20.4706 -0.542116 0.00955519 0.840219
-64.0427 4.37545 20.2034 -0.539619 0.0025777 0.841902
-64.4129 2.61062 19.9758 -0.538079 0.00379156 0.842886
-64.4945 1.18991 19.9215 -0.532567 -0.0113359 0.846311
-64.4816 0.154806 19.9194 -0.537141 -0.00483896 0.843456
-64.3351 -0.908821 20.0161 -0.537714 0.00168047 0.843122
-64.1144 -2.15362 20.1494 -0.537144 -0.0102341 0.843307
-63.8645 -3.4644 20.2998 -0.555358 -0.00428001 0.831568
-63.7024 -4.77532 20.3984 -0.563514 -0.00983538 0.826046
-63.5797 -5.85931 20.4773 -0.528054 -0.00941289 0.849001
-63.4082 -6.87953 20.6059 -0.56279 0.0133229 0.826492
-63.2336 -7.89891 20.7389 -0.562658 0.00338086 0.82664
-63.111 -8.89542 20.7997 -0.550406 -0.0203877 0.834648
-63.1409 -10.6443 20.7377 -0.550344 -0.0199555 0.834699
-63.3224 -11.6339 20.5966 -0.552879 -0.0104183 0.833174
-63.6112 -12.6679 20.4068 -0.536295 0.000244328 0.84403
-63.9044 -13.6385 20.2185 -0.537376 -0.00323861 0.843337
-64.2858 -14.73 19.9698 -0.539939 -0.0164899 0.841466
-64.4185 -15.7249 19.8522 -0.527009 -0.0266418 0.849441
-64.2535 -16.9384 19.9193 -0.520472 -0.0218571 0.853597
-64.0632 -18.1472 20.0109 -0.521843 -0.0155938 0.852899
-63.8446 -19.1819 20.1156 -0.525775 -0.0295997 0.850098
-63.5353 -20.0921 20.2787 -0.52897 -0.0276538 0.84819
-64.172 -20.3953 19.8779 -0.518832 -0.0368108 0.853984
-63.723 -21.6859 20.0931 -0.536583 -0.0314135 0.843198
-63.3363 -22.6178 20.3166 -0.543186 -0.0234447 0.839285
-62.9915 -23.6982 20.5112 -0.543808 -0.0190679 0.838992
-62.8828 -25.1693 20.5596 -0.543863 -0.00696827 0.839145
-62.9814 -26.4676 20.4901 -0.527412 -0.0172129 0.849297
-63.0966 -28.0156 20.3607 -0.529597 -0.0308557 0.847688
-62.9394 -29.5179 20.3988 -0.527356 -0.0375518 0.848811
-62.4883 -30.5695 20.6389 -0.536213 -0.0427092 0.842954
-61.6872 -31.4525 21.0954 -0.542373 -0.0463389 0.838817
-60.9189 -32.1285 21.5669 -0.545901 -0.0381448 0.836953
-59.5633 -32.826 22.403 -0.536969 -0.039616 0.842671
-58.7094 -32.9347 22.9789 -0.56726 -0.0385275 0.822637
-57.2661 -32.5458 24.03 -0.591162 -0.0527561 0.804826
-56.5173 -32.0912 24.6113 -0.603367 -0.0501649 0.79579
-55.7432 -31.4044 25.2557 -0.615744 -0.04859 0.786442
-55.0766 -30.607 25.8243 -0.613898 -0.0438872 0.788162
-54.5304 -29.3297 26.3534 -0.636084 -0.0652289 0.768842
-54.2968 -28.3923 26.6303 -0.632779 -0.0521057 0.772438
-53.889 -26.7452 27.037 -0.625979 -0.0344981 0.779076
-53.7146 -24.9805 27.2943 -0.622938 -0.0375938 0.781107
-53.6713 -23.7823 27.3575 -0.61702 -0.017373 0.786751
-53.653 -22.6448 27.3984 -0.619531 -0.0204749 0.784705
-53.6333 -21.6321 27.4411 -0.619628 -0.0198643 0.784643
-53.6262 -20.5843 27.4836 -0.625026 -0.0281695 0.780096
-53.5561 -18.6911 27.5945 -0.640917 -0.0132915 0.767494
-53.4929 -17.6439 27.6645 -0.63808 -0.0199343 0.769687
-53.494 -15.8749 27.7258 -0.61778 -0.0212543 0.786033
-53.8459 -14.6999 27.4712 -0.621358 -0.016874 0.783345
-54.2895 -13.4855 27.1398 -0.623114 -0.011598 0.782045
-54.6855 -12.4554 26.8382 -0.624132 -0.0130263 0.781208
-55.4274 -11.3924 26.2671 -0.620139 -0.00921862 0.784408
-56.1741 -10.2731 25.6895 -0.609875 -0.000912724 0.792497
-56.561 -8.68859 25.3981 -0.606044 -0.00828135 0.795383
-56.3294 -7.03107 25.5882 -0.600221 -0.00451552 0.799822
-55.9375 -5.63342 25.8787 -0.605562 0.00194364 0.795796
-55.5161 -4.50911 26.2051 -0.62589 -0.00350976 0.77989
-55.1673 -3.47223 26.4983 -0.626133 -0.012919 0.779609
-54.9134 -2.35475 26.7196 -0.625833 -0.0109572 0.77988
-54.7481 -1.16152 26.8696 -0.633651 -0.00333697 0.773553
-54.6006 0.206239 26.9753 -0.627703 0.00487154 0.778406
-54.612 1.43585 26.9483 -0.629544 0.0141628 0.776835
-55.0084 3.23677 26.6521 -0.604711 -0.0147587 0.796175
-55.7564 4.84532 26.0959 -0.625754 -0.00639318 0.779994
-56.1325 5.77154 25.8039 -0.623202 -0.00106467 0.782044
-56.5911 6.84871 25.4444 -0.608482 0.000941233 0.793567
-56.9872 8.17239 25.1468 -0.605069 -0.0049088 0.796158
-57.1189 9.25313 25.0397 -0.597927 0.0018611 0.801531
-56.9636 10.4556 25.1508 -0.600192 0.00307348 0.799793
-56.4141 11.5042 25.5763 -0.61241 -0.00200814 0.790527
-55.7608 12.2626 26.0843 -0.615973 -0.00334461 0.787758
-54.9449 13.6005 26.734 -0.630957 -0.000699709 0.775817
-54.6516 15.1054 26.9656 -0.630138 0.00868095 0.776435
-54.6068 16.1333 26.9846 -0.624233 0.00955624 0.781166
-54.8064 17.6733 26.8071 -0.63152 0.0130773 0.775247
-54.9024 18.8572 26.7047 -0.63222 0.0165501 0.774612
-54.9341 20.1701 26.6484 -0.632235 0.0189866 0.774544
-54.88 21.3795 26.6602 -0.629579 0.0239212 0.776552
-54.6068 22.5347 26.8422 -0.632002 0.0280587 0.774459
-54.294 23.6803 27.0465 -0.633186 0.0391206 0.773006
-53.973 24.8771 27.2445 -0.634645 0.042484 0.771592
-53.7719 26.0009 27.3542 -0.640393 0.0392165 0.767046
-53.7677 27.0607 27.3057 -0.641051 0.036753 0.766617
-54.0067 28.0981 27.0696 -0.632347 0.0358337 0.773816
-54.3918 29.1053 26.7 -0.635389 0.0523984 0.770327
-54.9719 30.6275 26.0949 -0.625192 0.0603919 0.77791
-55.6372 31.3618 25.5319 -0.607838 0.0545994 0.792182
-56.4278 31.8158 24.8954 -0.609024 0.0651703 0.790366
-57.2779 32.1594 24.2003 -0.603368 0.0680415 0.794462
-58.2019 32.3945 23.4972 -0.58785 0.0585577 0.806828
-59.01 32.5322 22.9038 -0.563512 0.0531939 0.824139
-59.8665 32.6777 22.332 -0.542525 0.0539245 0.838267
-60.8708 32.6034 21.6493 -0.570365 0.0266476 0.820957
-61.653 32.2666 21.1173 -0.516396 0.0363294 0.855544
-62.3621 31.677 20.7064 -0.517489 0.0295222 0.855178
-63.0154 30.1861 20.3753 -0.534014 0.037961 0.844623
-62.9741 28.6879 20.4706 -0.534119 0.0412692 0.844401
-62.696 27.696 20.6955 -0.532988 0.0373465 0.845285
-62.1574 26.0671 21.1334 -0.560266 0.0458961 0.827039
-62.0611 25.0343 21.257 -0.562559 0.0417012 0.825692
-62.277 23.9614 21.1676 -0.56932 0.0450482 0.820875
-62.9683 22.8425 20.7282 -0.557044 0.0142777 0.830358
-63.681 21.908 20.2915 -0.542269 0.0357326 0.839444
-64.2027 21.1041 19.9911 -0.542786 0.0306854 0.839282
-65.0117 19.6973 19.4954 -0.54538 0.0157178 0.838041
-65.2755 18.6618 19.3323 -0.55034 0.00861822 0.834896
-65.2281 17.2817 19.3798 -0.545985 0.0138855 0.837656
-65.069 16.1491 19.4934 -0.538655 0.00520123 0.842511
-64.8209 15.144 19.6583 -0.539056 0.00705233 0.84224
-64.3434 14.0782 19.973 -0.542619 0.00844758 0.839925
-63.7112 13.0831 20.3986 -0.547234 0.0128063 0.836882
-63.0529 12.2673 20.842 -0.554682 0.0141854 0.831896
-62.405 11.4322 21.2713 -0.552058 -0.0111357 0.833731
-61.8711 9.90511 21.6251 -0.557944 0.00991933 0.829819
-62.4677 8.35057 21.2298 -0.563862 0.000290623 0.825863
-63.1557 7.47308 20.7603 -0.559336 0.00171657 0.828885
-63.7405 6.60729 20.3769 -0.538741 0.00480449 0.842325
-64.2541 5.71143 20.0551 -0.544261 0.0161773 0.83876
-64.8355 4.11693 19.6983 -0.538307 0.00433858 0.842738
-65.1143 2.48579 19.5336 -0.533022 0.00675241 0.846069
-65.1667 0.677587 19.4934 -0.52436 -0.00842373 0.851436
-65.0959 -0.484538 19.5316 -0.530312 0.0050424 0.847777
-64.8387 -1.97913 19.704 -0.532498 0.00744493 0.846398
-64.6338 -3.15645 19.8153 -0.520729 -0.00503061 0.853669
-64.4872 -4.214 19.9061 -0.519101 0.00633771 0.854676
-64.3569 -5.58239 19.9961 -0.52399 0.00559226 0.851705
-64.1758 -6.60349 20.0811 -0.527259 -0.0241497 0.849347
-63.9532 -7.68563 20.2481 -0.561893 0.0125854 0.827113
-63.7881 -8.7068 20.3551 -0.564797 -0.00524505 0.825213
-63.7665 -10.3086 20.3332 -0.550344 -0.0199688 0.834699
-63.9692 -11.5084 20.1841 -0.52557 -0.00840915 0.850709
-64.3585 -12.7807 19.937 -0.529899 -0.00454823 0.848024
-64.9393 -14.3404 19.5569 -0.536229 -0.0048501 0.844058
-65.1315 -16.1079 19.3966 -0.528831 -0.0243291 0.84837
-64.8322 -17.6304 19.5542 -0.504253 -0.0219241 0.863278
-64.6522 -18.8871 19.6364 -0.513425 -0.0274256 0.857696
-64.3792 -19.8256 19.7679 -0.516182 -0.0273213 0.856029
-64.9815 -20.394 19.3916 -0.488007 -0.0229287 0.872538
-64.7203 -21.3444 19.5121 -0.488315 -0.0215702 0.872399
-64.3921 -22.4564 19.6743 -0.489886 -0.00797157 0.871731
-63.8198 -23.3146 19.9952 -0.49406 -0.00319287 0.869421
-63.5217 -24.2728 20.162 -0.498898 -0.0119138 0.866516
-63.5275 -25.3784 20.1572 -0.522917 -0.000852629 0.852374
-63.6725 -26.3881 20.0634 -0.521751 -0.0183712 0.852751
-63.7608 -27.4496 19.9677 -0.527967 -0.0322739 0.848651
-63.7541 -29.3866 19.9022 -0.509923 -0.0292799 0.859721
-63.5051 -30.4627 20.0126 -0.510441 -0.0322277 0.859305
-62.8567 -31.3326 20.3573 -0.521562 -0.0450625 0.851807
-62.1443 -32.2058 20.7574 -0.542474 -0.047479 0.83869
-61.0179 -33.1327 21.4574 -0.549349 -0.0301975 0.835047
-59.5969 -33.723 22.3391 -0.529767 -0.0507439 0.846468
-58.7722 -33.7726 22.8949 -0.564512 -0.0412533 0.824389
-57.8123 -33.6302 23.5698 -0.582241 -0.0396856 0.812047
-56.6224 -33.1052 24.4668 -0.594406 -0.0519463 0.802477
-55.8623 -32.6378 25.0695 -0.608106 -0.0691775 0.790836
-55.0767 -31.7942 25.7565 -0.615688 -0.0618501 0.785438
-54.3607 -31.0057 26.3613 -0.631883 -0.0413944 0.773846
-53.9208 -29.4785 26.8507 -0.642003 -0.0664201 0.763819
-53.6091 -28.3645 27.1854 -0.625699 -0.0469095 0.778628
-53.3545 -27.3687 27.4392 -0.629842 -0.0392028 0.775701
-53.1436 -25.4842 27.725 -0.632377 -0.0511392 0.772963
-53.0227 -24.4072 27.8559 -0.63254 -0.0222862 0.774202
-53.0438 -23.104 27.8954 -0.642528 -0.0345559 0.765408
-53.05 -21.214 27.9517 -0.649812 -0.0269515 0.759617
-53.0421 -20.1712 27.9987 -0.651091 -0.02906 0.758443
-52.9775 -19.1646 28.0696 -0.6447 -0.0104298 0.764362
-52.9507 -18.1329 28.1078 -0.640046 -0.0123142 0.768238
-52.8647 -17.1208 28.1989 -0.637888 -0.0200081 0.769857
-52.8055 -16.0434 28.2779 -0.633546 -0.0183826 0.773483
-53.0774 -14.9235 28.0784 -0.633555 -0.0140627 0.773569
-53.3567 -13.9076 27.8763 -0.621852 -0.0143282 0.782999
-53.8139 -12.9923 27.5262 -0.623192 -0.0115088 0.781984
-53.9226 -11.9884 27.4532 -0.623848 -0.00704385 0.781505
-54.5924 -11.3655 26.9224 -0.61757 -0.00316063 0.78651
-55.5448 -9.85844 26.1781 -0.618354 -0.000940072 0.785899
-55.8735 -8.86065 25.9241 -0.61607 -0.00244833 0.787687
-55.8266 -7.76214 25.9614 -0.608011 -0.00281468 0.793857
-55.5327 -6.73566 26.1925 -0.620038 -0.00267519 0.784565
-55.3349 -5.74275 26.3517 -0.62524 0.00125555 0.780432
-54.8123 -4.5058 26.7739 -0.630146 -0.00747237 0.776441
-54.2467 -3.36613 27.2491 -0.637937 -0.0094563 0.770029
-54.1649 -1.54029 27.3457 -0.636562 -0.0124741 0.771124
-54.0234 -0.543552 27.4539 -0.629218 0.00715222 0.777193
-53.9352 0.48044 27.5148 -0.631702 0.0116273 0.77512
-53.9907 2.42069 27.4368 -0.638458 0.00519107 0.769604
-54.4526 3.71747 27.0982 -0.616033 -0.026586 0.787255
-54.8473 4.62007 26.8227 -0.618162 -0.0159938 0.78578
-55.4308 5.81359 26.3634 -0.626049 -0.00413739 0.779773
-55.9275 7.10838 25.9651 -0.62623 -0.000394235 0.779637
-56.3655 8.1637 25.6148 -0.610268 0.00439289 0.792096
-56.4742 9.80172 25.5273 -0.613786 0.0021684 0.789465
-55.7406 11.105 26.0997 -0.620408 0.00135908 0.784278
-55.1059 11.8818 26.6011 -0.620165 0.000630659 0.784471
-54.6159 12.6921 26.9896 -0.622323 -0.00475303 0.782729
-54.0569 14.135 27.4538 -0.627705 -0.00886771 0.778389
-53.9618 15.3303 27.5152 -0.62461 0.0141426 0.780808
-54.0272 16.8144 27.4428 -0.625206 0.00610337 0.780433
-54.2076 18.4456 27.28 -0.631548 0.0183039 0.775113
-54.3394 19.8388 27.1364 -0.627606 0.0229098 0.778193
-54.3289 20.8516 27.1175 -0.626751 0.01997 0.778963
-54.0138 22.2358 27.3377 -0.631224 0.0227977 0.775241
-53.6678 23.6544 27.5607 -0.632152 0.035436 0.774031
-53.228 25.4213 27.8418 -0.647743 0.0474321 0.76038
-53.1342 26.6495 27.8553 -0.645017 0.0383852 0.76319
-53.2113 27.7775 27.7404 -0.654738 0.031942 0.75518
-53.5773 28.8725 27.3756 -0.630485 0.043456 0.774984
-53.9872 30.1021 26.9597 -0.640634 0.0639185 0.765175
-54.411 31.1285 26.5167 -0.637422 0.0669468 0.767597
-55.0856 31.8445 25.9296 -0.617905 0.0461529 0.784854
-55.79 32.3685 25.3517 -0.611015 0.0484358 0.790135
-56.8251 33.0509 24.4865 -0.614305 0.0492268 0.787467
-57.6541 33.0958 23.853 -0.593629 0.0532748 0.802957
-59.06 33.385 22.8192 -0.579118 0.0502542 0.813686
-60.0998 33.6069 22.1282 -0.534193 0.0668638 0.842712
-61.0077 33.433 21.522 -0.569505 0.0344185 0.821225
-62.0146 32.9775 20.8647 -0.512393 0.0412701 0.857755
-62.8064 32.3408 20.4158 -0.51485 0.0284512 0.856807
-63.4519 31.3056 20.0676 -0.506898 0.0290788 0.861516
-63.7854 29.7641 19.9279 -0.511032 0.0325494 0.858943
-63.6621 28.3934 20.0535 -0.516796 0.0357493 0.85536
-63.2188 27.1938 20.386 -0.531066 0.0328891 0.846691
-62.8309 26.065 20.6753 -0.547091 0.0400264 0.835902
-62.686 25.0516 20.8291 -0.572291 0.0410008 0.819025
-63.2736 23.7731 20.4834 -0.571115 0.0434232 0.819719
-63.9651 22.6785 20.0762 -0.535863 0.0315295 0.843699
-64.6513 21.7021 19.6791 -0.536994 0.0336246 0.842914
-65.4675 20.4056 19.1888 -0.540121 0.0158677 0.841438
-65.855 19.3012 18.9497 -0.531368 0.00432427 0.846946
-66.1784 17.73 18.7788 -0.515097 0.0206586 0.856809
-65.7648 15.9974 19.0508 -0.537305 0.00707876 0.843354
-65.2788 14.235 19.3785 -0.52046 0.021801 0.853608
-64.836 13.2871 19.6723 -0.520468 0.0145963 0.853727
-64.1458 12.4027 20.1186 -0.554171 0.00194882 0.8324
-63.5977 11.5911 20.4862 -0.552453 -0.00290069 0.833517
-62.5288 10.279 21.1787 -0.551741 -0.00870123 0.833968
-62.6734 9.29005 21.0927 -0.559492 0.00277244 0.828797
-63.2774 8.49935 20.6784 -0.552336 0.000235402 0.833521
-64.2211 7.62626 20.0701 -0.532574 0.000346546 0.846321
-64.5129 6.62712 19.8987 -0.529355 -0.00201822 0.848349
-65.064 5.73923 19.571 -0.507267 -4.17371e-05 0.861789
-65.3933 4.79858 19.3664 -0.512255 -0.00815511 0.858795
-65.7475 3.1048 19.1539 -0.505788 -0.000817527 0.862642
-65.8583 1.7197 19.0826 -0.501955 -0.0065269 0.864868
-65.8269 0.564738 19.0903 -0.520194 -0.00835683 0.854
-65.8229 -0.479937 19.0826 -0.499057 -0.00250715 0.866537
-65.6229 -1.5256 19.2064 -0.531159 0.00409595 0.847254
-65.4161 -2.5396 19.3434 -0.527943 -0.00321242 0.849204
-65.2986 -3.67597 19.4154 -0.515756 0.00374861 0.856727
-65.1421 -5.22464 19.5158 -0.517518 0.00500609 0.855653
-64.9742 -6.3322 19.5981 -0.523411 -0.0227479 0.851776
-64.7283 -7.36709 19.7161 -0.543156 -0.00683683 0.839054
-64.485 -8.39139 19.8801 -0.565531 -0.00410659 0.824716
-64.3916 -9.44646 19.9413 -0.542162 0.00317629 0.840267
-64.5044 -10.4821 19.8634 -0.526443 -0.00936749 0.850158
-64.7554 -11.43 19.6992 -0.525375 -0.00780806 0.850835
-65.0598 -12.6505 19.4957 -0.533972 -0.012272 0.84541
-65.7556 -13.9488 19.0496 -0.527561 -0.0125348 0.849386
-65.9655 -15.3621 18.8973 -0.523467 -0.00779986 0.851864
-65.8212 -16.3441 18.9807 -0.512398 0.00121485 0.858744
-65.4619 -17.9388 19.1786 -0.502967 -0.0218435 0.864028
-65.4516 -19.369 19.1555 -0.487699 -0.0194213 0.872789
-65.3543 -19.6869 19.2016 -0.487983 -0.0228899 0.872553
-58.6087 -23.0097 23.588 -0.5904 -0.0303902 0.806483
-58.064 -24.417 23.9184 -0.588237 -0.0435227 0.807516
-58.2625 -24.5843 23.7639 -0.590635 -0.0452837 0.805668
-58.5543 -23.537 23.6065 -0.597704 -0.0353116 0.800937
-60.298 -7.70691 22.7242 -0.572705 -0.0246278 0.819385
-59.6824 -7.28539 23.1642 -0.567443 -0.00945078 0.823357
-59.5863 -6.11762 23.2446 -0.565838 -0.00960567 0.82446
-59.2982 -5.06111 23.4586 -0.566489 -0.0119389 0.823982
-58.9707 -3.92131 23.6877 -0.578024 0.00491585 0.816005
-58.6294 -2.9849 23.9244 -0.578366 0.00448285 0.815765
-58.1328 -1.54742 24.2782 -0.586417 -0.00254426 0.810004
-57.9139 -0.453941 24.439 -0.584702 0.0033291 0.811221
-57.8889 0.982182 24.4423 -0.583753 0.0112755 0.811845
-58.1841 2.18588 24.2114 -0.586203 0.0100625 0.810102
-58.6008 3.25423 23.8963 -0.576228 0.00413107 0.817162
-59.0462 4.23175 23.595 -0.58962 -0.0213673 0.807398
-59.4746 5.22747 23.2974 -0.586946 -0.00198078 0.809581
-60.4808 4.95031 22.5889 -0.571945 0.00193101 0.820289
-61.1806 3.84048 22.1072 -0.574821 0.00250925 0.818261
-61.5704 2.9064 21.8313 -0.578341 0.000523474 0.815795
-61.7661 1.8551 21.6836 -0.567696 -0.000985228 0.823102
-61.8076 0.73297 21.6704 -0.559675 0.0112488 0.828636
-61.6414 -0.887242 21.7706 -0.551372 -0.00208489 0.834237
-61.4579 -2.07678 21.9165 -0.572607 0.0201821 0.819579
-61.2719 -3.31904 22.0686 -0.571937 0.0037516 0.820287
-61.0803 -4.31888 22.2075 -0.573121 0.00172479 0.819469
-60.7634 -5.32182 22.4324 -0.572465 0.00538487 0.81991
-60.4709 -6.69955 22.6298 -0.566923 -0.00985513 0.823711
-60.1382 -7.22656 22.8516 -0.568904 -0.0190737 0.822135
-60.434 -4.34392 22.6578 -0.573013 0.00509025 0.819523
-59.533 -3.35736 23.2863 -0.576589 0.00559166 0.817015
-59.1431 -2.3937 23.557 -0.578386 0.00440504 0.815751
-58.638 -0.920555 23.9134 -0.584777 -0.00135036 0.811193
-58.5126 0.338614 24.0011 -0.585116 0.00951995 0.81089
-58.6251 1.33178 23.9042 -0.585818 0.0138833 0.810324
-58.9377 2.3644 23.6638 -0.586041 0.0102908 0.810216
-59.3807 3.41605 23.3593 -0.566765 0.00289201 0.823875
-60.1622 3.98296 22.8178 -0.573235 0.00663888 0.819364
-60.7186 3.24374 22.4344 -0.575643 0.00364923 0.817683
-61.033 2.29788 22.2065 -0.575573 -0.0119562 0.817663
-61.1469 1.18185 22.1106 -0.567811 9.89653e-05 0.823024
-61.0872 0.0167515 22.1521 -0.58223 0.00328067 0.813018
-60.8745 -1.71855 22.315 -0.578622 0.0144314 0.815404
-60.7037 -2.84689 22.4617 -0.57309 0.0120975 0.819367
-60.5815 -3.80944 22.5525 -0.57055 0.00467956 0.82125
-60.107 -2.55841 22.8749 -0.581502 0.00646618 0.813511
-59.445 -1.18261 23.3347 -0.57884 0.00572093 0.815421
-59.1902 -0.116638 23.5165 -0.585965 0.00472272 0.810299
-59.3355 1.48005 23.3878 -0.583483 0.0111554 0.812035
-59.7268 2.53565 23.1202 -0.566212 -0.0031443 0.824253
-60.4895 1.70081 22.5791 -0.572775 -0.012642 0.819615
-60.4449 0.402787 22.6105 -0.58015 0.00580859 0.814481
-60.3716 -0.593381 22.6676 -0.5837 0.00533811 0.81195
-60.2636 -1.56876 22.7536 -0.584341 0.00687132 0.811479
-59.3166 11.987 23.4009 -0.594098 0.00650084 0.804331
-60.0781 12.9842 22.8313 -0.571432 0.0044327 0.820305
-60.6129 13.7842 22.4701 -0.554669 0.00648049 0.832046
-61.1926 14.5891 22.0775 -0.560197 0.00849017 0.828284
-61.7445 15.418 21.6846 -0.573204 0.00640104 0.819388
-62.2267 16.5906 21.3305 -0.562325 0.0150985 0.826569
-62.4082 17.6708 21.2011 -0.547107 0.00753876 0.837029
-62.2352 18.8268 21.3022 -0.540157 0.0166541 0.841325
-61.4774 20.0888 21.7435 -0.532383 0.0217724 0.846219
-60.8063 21.0081 22.1696 -0.571896 0.0189674 0.820106
-60.1404 22.2844 22.6104 -0.576243 0.0137948 0.817162
-59.7688 23.5276 22.8349 -0.585058 0.0297393 0.810434
-59.5961 24.6098 22.9242 -0.58772 0.0273736 0.808602
-59.5977 25.7556 22.8995 -0.574628 0.0293885 0.817681
-59.7045 26.8011 22.7711 -0.564576 0.0433035 0.824244
-59.8901 27.7828 22.5882 -0.562763 0.0496815 0.825119
-59.3848 29.2178 22.8413 -0.582652 0.0467305 0.810976
-58.0962 29.0016 23.8267 -0.599701 0.048291 0.798726
-57.1666 28.4157 24.5384 -0.591134 0.0314389 0.80596
-56.5854 27.3233 25.0203 -0.600173 0.0461592 0.798537
-56.4112 26.1169 25.2096 -0.611059 0.038529 0.790519
-56.585 24.9762 25.1435 -0.620302 0.0388848 0.78333
-56.8938 23.7246 24.9439 -0.612688 0.0318141 0.789596
-57.1608 22.5909 24.7896 -0.602694 0.0317044 0.797342
-57.363 20.8572 24.6939 -0.603704 0.0216594 0.796914
-57.373 19.3821 24.7323 -0.607412 0.0247441 0.794002
-57.3135 18.1531 24.8155 -0.609082 0.0259118 0.792679
-57.2182 17.0427 24.9061 -0.616152 0.00722708 0.787594
-57.297 15.6562 24.8631 -0.616248 0.01499 0.787409
-57.6696 14.5735 24.5995 -0.597213 0.0173195 0.801894
-58.411 13.3499 24.0739 -0.597651 0.0145563 0.801619
-59.1141 12.4592 23.5511 -0.59923 0.00256937 0.800573
-59.3267 13.4751 23.3858 -0.599723 0.0130788 0.800101
-58.672 14.1582 23.8641 -0.595736 0.0163252 0.803014
-57.9838 15.6942 24.3326 -0.594781 0.0278173 0.803406
-57.8332 16.9231 24.427 -0.612285 0.00733718 0.790601
-57.9111 18.3175 24.3443 -0.617371 0.0225041 0.786349
-57.9877 19.8651 24.2425 -0.612006 0.0127538 0.790668
-57.9819 21.0382 24.2202 -0.600945 0.0221953 0.798982
-57.8945 22.1951 24.2513 -0.602733 0.0327666 0.797268
-57.6587 23.4244 24.3773 -0.600869 0.030745 0.798741
-57.2176 25.0621 24.638 -0.612892 0.0325378 0.78941
-57.0985 26.4279 24.6779 -0.603877 0.0284396 0.79657
-57.7516 27.8789 24.1303 -0.59315 0.0315942 0.804467
-58.5051 28.3114 23.5532 -0.60254 0.0407372 0.797048
-59.1457 27.761 23.0966 -0.582566 0.0463078 0.811062
-59.0552 26.459 23.2348 -0.56464 0.04535 0.824087
-58.958 25.2894 23.3658 -0.574628 0.0293885 0.817681
-59.0112 24.2112 23.3609 -0.581101 0.0249245 0.81345
-59.2352 23.1308 23.2341 -0.58285 0.0307312 0.811974
-59.5053 22.0249 23.0628 -0.576238 0.0140185 0.817162
-60.2795 20.5165 22.5486 -0.572646 0.0185898 0.819592
-60.8486 19.7515 22.1696 -0.564864 0.026092 0.824703
-61.6545 18.2272 21.6893 -0.559101 0.0368171 0.828278
-61.4928 16.5459 21.8501 -0.576421 0.0209266 0.816885
-61.0738 15.6542 22.1519 -0.573204 0.00640104 0.819388
-60.5469 14.8655 22.5193 -0.565369 -0.000652207 0.824825
-59.9823 14.0689 22.9011 -0.565151 -0.00457263 0.824975
-59.8111 13.8195 23.0171 -0.582483 0.00438436 0.812506
-59.4727 14.7624 23.255 -0.582707 0.00397131 0.812347
-58.6328 15.7405 23.8503 -0.594317 0.0282395 0.803734
-58.4515 16.723 23.95 -0.611681 0.00555836 0.791085
-58.4821 17.9149 23.909 -0.616231 0.0243675 0.787188
-58.5651 19.0031 23.8122 -0.602136 0.0158344 0.798008
-58.599 20.3109 23.7744 -0.604542 0.00474546 0.796557
-58.5891 21.3596 23.7547 -0.600753 0.0225715 0.799116
-58.689 22.4438 23.6593 -0.590847 0.0247544 0.806314
-58.3962 23.449 23.8257 -0.592489 0.0322822 0.804887
-58.7597 22.4983 23.6058 -0.591058 0.0265178 0.806097
-59.0264 21.1598 23.4312 -0.598674 0.0179288 0.800775
-59.3663 20.4789 23.19 -0.592288 0.0149146 0.805402
-60.027 19.658 22.7447 -0.572335 0.0195133 0.819787
-60.7962 18.5168 22.2558 -0.55936 0.036969 0.828096
-60.9138 17.0587 22.2453 -0.567993 0.0298633 0.822385
-60.4062 15.8764 22.6111 -0.566226 0.00424397 0.824239
-59.7052 15.0969 23.0977 -0.566614 -0.000528698 0.823967
-59.2294 16.1291 23.3984 -0.573381 0.0243188 0.818594
-60.2309 16.8973 22.7134 -0.555754 0.0290134 0.830786
-59.9595 18.5557 22.8193 -0.56808 0.0277681 0.822346
-59.2257 19.415 23.3189 -0.585661 0.0240391 0.810161
-59.0893 18.1796 23.4457 -0.580019 0.0149097 0.814461
-59.0922 16.9233 23.4701 -0.572887 0.0253644 0.818884
-59.1407 16.2782 23.4588 -0.591875 0.0272477 0.805568
-58.3157 24.7533 23.8446 -0.587019 0.0205737 0.809311
-57.776 25.5496 24.2097 -0.587138 0.0353142 0.808715
-57.9392 26.5292 24.05 -0.589647 0.0378828 0.806753
-58.4053 27.1343 23.675 -0.592447 0.0418198 0.804523
-58.4589 25.8668 23.7014 -0.5893 0.0382254 0.806992
-58.2784 25.2205 23.8598 -0.586557 0.0275646 0.809408
