-47.1764 -43.9879 34.3686 -0.746969 -0.00433604 0.664845
-46.8396 -44.8562 34.7402 -0.743636 -0.00414772 0.668556
-46.6312 -43.7211 34.9736 -0.74021 -0.00102144 0.672375
-47.0957 -43.4581 34.4625 -0.743606 -0.00248273 0.668593
-47.5375 -43.2071 33.969 -0.746036 -0.0121157 0.665764
-47.1732 -42.4092 34.4008 -0.748156 -0.0198082 0.663228
-46.4075 -42.7264 35.2511 -0.744625 -0.0256925 0.666988
-46.1021 -43.6754 35.5558 -0.742416 -0.0131822 0.66969
-46.1742 -45.1984 35.4548 -0.733672 -0.0159925 0.679315
-46.7632 -45.6569 34.8157 -0.742985 -0.00844301 0.669052
-47.4141 -45.1545 34.0827 -0.74971 -0.0191402 0.66149
-47.6113 -43.8351 33.8809 -0.746424 -0.00517465 0.66545
-47.6097 -43.7692 33.8833 -0.746068 -0.00576183 0.665844
-48.0235 -43.6958 33.4202 -0.752163 -0.00418892 0.658898
-47.8709 -42.1364 33.6199 -0.749004 -0.0176898 0.662322
-47.169 -41.5872 34.4303 -0.748243 -0.0202875 0.663114
-46.269 -41.7275 35.4414 -0.746318 -0.0197052 0.66529
-45.7341 -42.6516 35.9987 -0.737105 -0.0215076 0.675436
-45.6302 -43.7239 36.0777 -0.736403 -0.023023 0.676149
-45.6062 -44.7729 36.0767 -0.732914 -0.015764 0.680138
-46.0478 -46.2009 35.5759 -0.732161 -0.0060705 0.681097
-46.7152 -46.3834 34.8586 -0.741166 -0.0098405 0.671075
-47.7448 -46.0067 33.6838 -0.75216 -0.013383 0.658814
-48.0328 -44.3043 33.4046 -0.748476 -0.011283 0.663025
-48.0364 -44.2193 33.4011 -0.746424 -0.00517465 0.66545
-48.4746 -43.8965 32.8949 -0.762497 -0.0132929 0.646729
-48.3926 -45.653 32.9311 -0.768014 -0.0220961 0.640051
-47.8034 -46.8614 33.6136 -0.755498 -0.000807216 0.655127
-47.1426 -47.0418 34.3612 -0.749831 -0.00947765 0.661556
-46.2622 -47.0879 35.3344 -0.732746 -0.00837483 0.680444
-45.5337 -46.9582 36.127 -0.735084 -0.00276908 0.677965
-45.1328 -45.9505 36.5637 -0.734228 -0.00769483 0.678843
-45.1335 -44.3155 36.5982 -0.733748 -0.0161252 0.67923
-45.1787 -43.2876 36.5842 -0.735564 -0.0243613 0.677017
-45.3033 -42.0424 36.4908 -0.737871 -0.0281325 0.674355
-45.6226 -41.1474 36.1783 -0.740787 -0.0226034 0.671332
-46.3183 -40.8791 35.4102 -0.744511 -0.018757 0.667347
-47.1229 -40.8438 34.5055 -0.748311 -0.0206525 0.663027
-48.1935 -41.2123 33.26 -0.760081 -0.0156773 0.649563
-48.4325 -42.5332 32.9661 -0.757992 -0.0119524 0.652135
-48.4693 -43.5929 32.9022 -0.75647 -0.00748972 0.653962
-48.919 -43.3928 32.38 -0.765714 -0.0171311 0.642904
-48.8912 -44.4667 32.3737 -0.768635 -0.0243103 0.639226
-48.8432 -45.5304 32.3925 -0.765749 -0.010714 0.642919
-48.7018 -46.72 32.5621 -0.765018 -0.00553411 0.643924
-48.3335 -47.4819 32.9938 -0.758927 -0.0017039 0.651174
-47.6145 -47.7177 33.8208 -0.750553 -0.00918073 0.660735
-46.659 -47.8042 34.8846 -0.740487 -0.0181134 0.671827
-45.7097 -47.8138 35.9274 -0.74036 -0.0130971 0.672064
-44.9146 -47.5088 36.7866 -0.729198 -0.0103753 0.684224
-44.6251 -46.2156 37.1099 -0.734337 -0.00770244 0.678722
-44.6409 -44.9006 37.1164 -0.734692 -0.0141133 0.678249
-44.6661 -43.8651 37.1201 -0.73573 -0.0236745 0.676861
-44.7379 -42.6806 37.085 -0.736319 -0.0230248 0.67624
-44.8451 -41.5593 37.007 -0.728356 -0.01928 0.684927
-45.2004 -40.4198 36.658 -0.727921 -0.00924846 0.685598
-46.0701 -40.1809 35.7068 -0.744154 -0.0185347 0.66775
-47.2976 -40.1326 34.3279 -0.749609 -0.0186488 0.661618
-48.4387 -40.3043 33.0072 -0.761398 -0.0251395 0.647797
-48.829 -41.32 32.516 -0.761239 -0.00738063 0.648425
-48.9136 -42.8924 32.3948 -0.762779 -0.0101341 0.646579
-49.3605 -42.7969 31.8569 -0.783659 -0.0129686 0.620999
-49.3432 -43.9418 31.8387 -0.786772 -0.0243377 0.616761
-49.3065 -45.0696 31.8383 -0.783188 -0.0170107 0.621449
-49.292 -46.2041 31.8507 -0.781873 -0.000745649 0.623437
-49.162 -47.5077 32.0127 -0.77522 0.00788597 0.631566
-48.4268 -48.446 32.8761 -0.759269 -0.00939144 0.650709
-47.4928 -48.4944 33.9436 -0.74329 -0.0171307 0.668748
-46.6959 -48.5456 34.8245 -0.741507 -0.0136321 0.670792
-45.6192 -48.6141 36.0173 -0.742305 -0.00909743 0.67
-44.8271 -48.478 36.8673 -0.727642 -0.00665151 0.685924
-44.2531 -47.9472 37.4826 -0.720353 -0.010812 0.693437
-44.1199 -46.4343 37.6388 -0.713687 -0.0131551 0.700332
-44.1492 -44.9772 37.6369 -0.719482 -0.0143259 0.694363
-44.1649 -43.9282 37.6474 -0.717016 -0.0204584 0.696757
-44.2241 -42.8379 37.6184 -0.719224 -0.0257258 0.694274
-44.3238 -41.6391 37.5581 -0.725132 -0.0214782 0.688274
-44.3996 -40.2556 37.5083 -0.726716 -0.00892002 0.68688
-44.993 -39.632 36.89 -0.72641 -0.0116007 0.687155
-46.1834 -39.4519 35.6005 -0.742725 -0.0184302 0.669341
-47.0799 -39.4025 34.5987 -0.750309 -0.0231223 0.660683
-47.9975 -39.4432 33.5554 -0.757472 -0.0119215 0.652571
-48.6487 -39.5197 32.7658 -0.772439 -0.00773787 0.635042
-49.239 -40.0551 32.0387 -0.781155 -0.00712581 0.624296
-49.3411 -41.5988 31.893 -0.778686 -0.00277177 0.627398
-49.3457 -42.0719 31.8835 -0.780255 -0.00598412 0.625432
-49.8559 -42.0187 31.2467 -0.785669 -0.0121102 0.618441
-49.8332 -43.249 31.2379 -0.790533 -0.0191223 0.61212
-49.8203 -44.4206 31.2082 -0.783734 -0.01686 0.620754
-49.8779 -45.5123 31.1226 -0.778931 -0.00801432 0.627059
-49.8345 -46.6951 31.1698 -0.781372 0.00122608 0.624061
-49.736 -48.1866 31.2988 -0.780561 0.00252952 0.625075
-49.3152 -49.0438 31.809 -0.775874 -0.00723523 0.630846
-48.4175 -49.3723 32.874 -0.763066 -0.0124447 0.646166
-47.5617 -49.3051 33.8466 -0.740918 -0.0194942 0.671284
-46.8247 -49.2431 34.6587 -0.743685 -0.0235823 0.668085
-46.1277 -49.3472 35.4408 -0.747946 -0.0227739 0.663368
-45.395 -49.5289 36.2533 -0.735499 -0.00790965 0.677397
-44.6461 -49.3792 37.0432 -0.720015 -0.0179908 0.693726
-43.9609 -49.105 37.7613 -0.716011 -0.0138811 0.697924
-43.6299 -48.0169 38.1143 -0.712011 -0.0107755 0.702085
-43.5321 -46.6904 38.2328 -0.713441 -0.0134767 0.700575
-43.5187 -45.5657 38.2735 -0.714681 -0.0168947 0.699246
-43.5481 -44.3951 38.269 -0.716564 -0.0144714 0.697371
-43.5971 -43.0013 38.2646 -0.720971 -0.0310338 0.69227
-43.7459 -41.8893 38.1595 -0.723316 -0.0265998 0.689983
-43.8639 -40.8986 38.067 -0.725806 -0.0154778 0.687661
-43.898 -39.238 38.0476 -0.724367 -0.00645322 0.689385
-44.5103 -38.7866 37.4101 -0.722596 -0.0102918 0.691189
-45.2359 -38.6904 36.6515 -0.726286 -0.0173012 0.687123
-45.9266 -38.7046 35.9049 -0.740518 -0.0122187 0.671925
-46.9979 -38.4949 34.7236 -0.747073 -0.0221997 0.664353
-47.6875 -38.6407 33.9241 -0.76493 -0.00115202 0.644112
-48.7278 -38.5378 32.6825 -0.772521 -0.00863355 0.634917
-49.4055 -38.9517 31.8387 -0.785293 0.00185155 0.619119
-49.7531 -39.7838 31.3979 -0.785981 0.000288018 0.618251
-49.8955 -40.8438 31.2062 -0.781556 -0.00635608 0.6238
-49.8937 -41.1377 31.2062 -0.781111 -0.00476318 0.624374
