16.788 -22.6339 63.2162 0.514665 0.0359248 0.856636
17.1681 -22.5577 62.9818 0.516338 0.0130618 0.855925
17.5987 -21.7303 62.7339 0.513011 0.00623479 0.858356
16.8806 -22.2743 63.152 0.502551 0.00417847 0.864529
16.8116 -22.4364 63.1934 0.509625 0.0212536 0.859971
16.238 -22.2424 63.5285 0.509625 0.0212536 0.859971
16.6576 -21.1929 63.2763 0.502528 0.00443423 0.864541
17.16 -19.7804 62.9556 0.517634 0.013267 0.855499
17.9112 -18.5566 62.4785 0.521269 0.0165668 0.853232
17.9564 -20.0516 62.4783 0.515215 0.0227932 0.856705
18.1272 -21.0528 62.4121 0.547858 0.0160875 0.836404
18.2359 -22.0718 62.3533 0.5129 -0.00298674 0.858407
17.9509 -23.4439 62.5407 0.521502 0.0369156 0.852451
17.4458 -24.2465 62.8847 0.518946 0.0356167 0.854057
16.3805 -24.3214 63.5265 0.514199 0.0267717 0.857253
16.1045 -23.0465 63.6433 0.512969 0.0374065 0.857591
16.1984 -22.573 63.5666 0.513202 0.0372246 0.85746
15.6069 -22.0558 63.8975 0.509127 0.021491 0.86026
15.9573 -21.1114 63.6863 0.489626 0.0241999 0.871196
16.342 -20.0413 63.4503 0.487834 0.00226213 0.87245
16.5933 -19.0668 63.2825 0.509708 0.0161718 0.860195
16.6709 -17.9326 63.2073 0.501565 0.0193102 0.864852
16.6254 -16.9275 63.217 0.49127 0.0279446 0.870442
16.3886 -15.1271 63.2624 0.488404 0.0427337 0.871571
16.2056 -14.0871 63.3409 0.483848 0.0171906 0.874983
16.1131 -12.4402 63.3598 0.482988 0.0174131 0.875454
16.3505 -11.4701 63.2057 0.471382 0.0132962 0.881629
17.341 -10.3558 62.6204 0.491951 0.0243832 0.870281
18.4506 -10.0716 61.9818 0.522196 0.0229574 0.852085
19.2345 -10.4472 61.4793 0.563704 0.0106457 0.825904
19.8719 -12.0388 61.0633 0.55971 0.00560606 0.828628
19.7782 -13.0779 61.1475 0.545021 0.0220474 0.838126
19.4786 -14.1084 61.3722 0.543112 0.0245431 0.839301
19.0109 -15.4195 61.6975 0.542077 0.00941399 0.840274
18.6681 -16.7278 61.9558 0.554039 0.0348418 0.831761
18.5284 -17.716 62.0905 0.539845 0.0188673 0.841223
18.5919 -18.9815 62.0707 0.522109 0.0173224 0.852702
18.7293 -20.4024 62.0004 0.549415 0.0192438 0.835328
18.8882 -21.4702 61.921 0.551392 0.0125415 0.834122
18.8265 -23.0349 61.9698 0.556624 0.00881504 0.830687
18.2369 -24.4826 62.3775 0.544441 0.0107793 0.83873
17.4643 -25.1707 62.8858 0.527905 0.00965592 0.849248
16.4661 -25.4035 63.5087 0.52085 0.0180104 0.853382
15.5922 -24.5669 63.9983 0.501633 0.0219477 0.864802
15.4175 -22.9843 64.0486 0.498376 0.0319442 0.866372
15.4643 -22.7147 64.0117 0.505406 0.0350827 0.862126
14.7817 -22.506 64.3966 0.480352 0.0516029 0.875115
15.0816 -21.4709 64.1745 0.465438 0.0393984 0.884157
15.4954 -20.3501 63.8974 0.473408 0.0428507 0.8798
15.804 -19.3986 63.744 0.47755 0.00507823 0.878303
15.9569 -18.3058 63.6373 0.498497 0.018867 0.866616
15.9561 -17.1927 63.6034 0.483673 0.0327878 0.874272
15.803 -15.8233 63.6176 0.477506 0.0450296 0.877474
15.5507 -14.7062 63.7027 0.480012 0.0390497 0.876392
15.42 -13.6149 63.7575 0.455023 0.0229019 0.889918
15.3701 -12.336 63.7416 0.459638 0.0344631 0.887437
15.8039 -10.8181 63.4856 0.458139 0.00296269 0.888875
16.3971 -10.0715 63.1392 0.484973 0.0205942 0.874267
17.3701 -9.41493 62.5782 0.495851 0.0217151 0.868136
18.2726 -9.17409 62.0594 0.519736 0.0324996 0.853066
19.7263 -9.74503 61.1317 0.557518 0.0248682 0.829627
20.4408 -10.9837 60.6599 0.568856 0.00998776 0.822358
20.523 -12.5316 60.6369 0.56615 0.0406749 0.823295
20.2674 -13.7969 60.8513 0.547512 0.0176374 0.836579
19.9611 -14.7553 61.0767 0.542706 0.016793 0.839728
19.614 -15.7479 61.3112 0.544453 0.00423465 0.838781
19.322 -16.8999 61.5247 0.559255 0.0335153 0.828317
19.2011 -17.9344 61.6482 0.561557 0.0283554 0.826931
19.2896 -19.3648 61.6132 0.551223 0.00755398 0.834323
19.4294 -20.5741 61.5438 0.549527 0.0184874 0.835271
19.5696 -21.7582 61.4694 0.558374 0.00316218 0.82958
19.5214 -23.1679 61.5054 0.557112 0.00907967 0.830359
19.0213 -24.6108 61.8688 0.551545 0.0130282 0.834007
18.4832 -25.3791 62.2323 0.54606 0.0148082 0.837615
17.4835 -26.0886 62.8846 0.527983 0.0108513 0.849185
16.4877 -26.3345 63.5066 0.527482 0.0111376 0.849493
15.6979 -25.9568 63.9764 0.50265 0.028335 0.864025
14.8763 -24.9223 64.4227 0.498645 0.0250656 0.866432
14.6638 -23.8839 64.5116 0.493993 0.0271129 0.869041
14.7232 -22.8486 64.443 0.495669 0.0309183 0.867955
14.7405 -22.6713 64.4265 0.498409 0.0321846 0.866344
14.0214 -22.5061 64.7927 0.460317 0.0692047 0.885053
14.4937 -20.9622 64.4559 0.456741 0.0370082 0.888829
14.9268 -19.7625 64.1999 0.455785 -0.00580455 0.889965
15.2026 -18.7722 64.0563 0.456757 0.015086 0.88937
15.2748 -17.6572 63.9793 0.461774 0.0382597 0.886172
15.2096 -16.4974 63.973 0.460228 0.0296166 0.887307
14.8824 -14.9007 64.0775 0.478414 0.0369416 0.877353
14.6665 -13.4011 64.1196 0.441717 0.0406148 0.896223
14.6171 -12.3004 64.1146 0.439163 0.0169735 0.898247
14.8887 -10.9458 63.9578 0.45334 0.00618286 0.89129
15.3977 -9.98999 63.6916 0.471726 0.0147642 0.881416
16.1263 -9.22306 63.2752 0.484921 0.0143761 0.87444
17.0263 -8.63605 62.7548 0.495909 0.0220742 0.868094
18.0068 -8.3214 62.1881 0.498176 0.0180422 0.86688
19.0187 -8.41608 61.5555 0.537697 0.019471 0.842911
19.8205 -8.81976 61.0438 0.559774 0.016855 0.82846
20.5631 -9.57141 60.5547 0.56252 0.0151509 0.826635
21.0202 -10.5117 60.2496 0.567019 0.00353919 0.823648
21.218 -11.7959 60.1184 0.572952 0.025139 0.818906
21.195 -12.8698 60.1948 0.573989 0.0398685 0.817776
20.9745 -13.8365 60.3866 0.566644 0.0130073 0.823597
20.5244 -15.1018 60.7078 0.561128 0.00851806 0.827685
20.191 -16.181 60.939 0.544251 0.00420282 0.838912
19.8821 -17.6442 61.1767 0.560122 0.0253883 0.827971
19.9028 -18.7278 61.1921 0.562956 0.0216513 0.826203
19.9796 -19.7253 61.163 0.55503 0.0161712 0.831643
20.2163 -21.3815 61.0298 0.560793 0.0131764 0.827851
20.2282 -23.0893 61.0307 0.56169 0.0037515 0.827338
20.0142 -24.1999 61.1969 0.553688 0.0195383 0.832495
19.3022 -25.5305 61.7092 0.547699 0.0264701 0.836194
18.6214 -26.3128 62.1669 0.539659 0.0237382 0.841548
17.2875 -27.081 63.0267 0.519624 0.0311064 0.853828
16.1586 -27.1467 63.7196 0.522442 0.0299023 0.85215
15.1361 -26.5457 64.3223 0.492721 0.0237604 0.869779
14.3426 -25.6052 64.7389 0.471154 0.0310649 0.881335
14.014 -24.6725 64.8786 0.451099 0.0140542 0.892345
13.9296 -23.4327 64.9019 0.436195 0.0240104 0.89937
13.9718 -22.9466 64.8525 0.447543 0.0653142 0.891755
13.2305 -22.8873 65.2073 0.436096 0.0600275 0.897892
13.438 -21.8099 65.0333 0.45502 0.0564849 0.88848
13.7612 -20.8614 64.8326 0.467869 0.0230702 0.883494
14.4101 -19.1117 64.4555 0.458236 0.00718729 0.888702
14.6082 -17.7271 64.3253 0.457326 0.0335778 0.888649
14.5212 -16.71 64.3372 0.460228 0.0296166 0.887307
14.2215 -15.1156 64.4139 0.432112 0.0474827 0.900549
13.9953 -14.0232 64.4721 0.43088 0.038445 0.901589
13.8722 -12.2932 64.479 0.439758 0.0163676 0.897967
14.1324 -10.7333 64.3346 0.443664 0.00623029 0.896151
14.9586 -9.2535 63.9105 0.461082 0.011422 0.887116
15.8861 -8.36125 63.3895 0.474606 0.0263845 0.879789
16.7642 -7.84508 62.8886 0.495661 0.015952 0.86837
17.8449 -7.49678 62.2626 0.500871 0.0188529 0.865316
19.1714 -7.58977 61.4466 0.54149 0.00771633 0.840671
20.0196 -8.00585 60.8976 0.559558 0.0119152 0.828706
21.034 -8.87961 60.2256 0.559509 0.0128197 0.828725
21.5756 -9.73848 59.8734 0.560186 0.0122544 0.828275
21.8474 -10.8451 59.6846 0.564438 -0.00404331 0.825465
21.9068 -12.3158 59.6535 0.573478 0.0271517 0.818533
21.7538 -13.5614 59.8196 0.591588 0.0265357 0.805774
21.279 -14.8638 60.1926 0.573681 0.0172515 0.81874
20.9854 -15.8282 60.4028 0.561764 0.00870907 0.827251
20.7151 -16.8248 60.5948 0.563517 0.00346114 0.826081
20.4866 -18.1092 60.7733 0.565544 0.0215218 0.824429
20.57 -19.1259 60.7369 0.574401 0.017154 0.818394
20.74 -20.4856 60.6553 0.576906 0.0232788 0.816478
20.9099 -21.6136 60.5617 0.561543 0.00335921 0.82744
20.9145 -23.3111 60.5644 0.56258 0.00293358 0.826738
20.7101 -24.3484 60.7334 0.565712 0.0236191 0.824264
20.3458 -25.2492 60.9993 0.556512 0.0196744 0.830604
19.8394 -26.0417 61.3627 0.561297 0.0252964 0.827225
19.0973 -26.9233 61.8796 0.539697 0.0247227 0.841496
18.147 -27.6302 62.5146 0.541386 0.0255179 0.840383
17.2743 -27.9416 63.0669 0.522996 0.0287185 0.851841
15.6683 -27.862 64.0454 0.509524 0.0216912 0.86
14.5363 -27.1098 64.6669 0.483474 0.0234883 0.875044
13.8264 -26.2899 65.039 0.472895 0.0294131 0.880502
13.4188 -25.391 65.2097 0.463372 0.0438841 0.885076
13.2172 -24.1732 65.2706 0.449581 0.0363426 0.892309
13.2231 -22.9511 65.2153 0.430619 0.0497404 0.901061
12.52 -22.4393 65.5329 0.44227 0.050294 0.895441
12.9686 -20.9446 65.2504 0.442302 0.0243107 0.896512
13.2361 -19.8335 65.0755 0.453264 0.0218343 0.891029
13.7292 -18.9741 64.8129 0.467129 0.0158042 0.884045
13.8469 -17.624 64.7017 0.422439 0.0282851 0.905882
13.6934 -16.1441 64.7132 0.429027 0.0391662 0.902442
13.5022 -14.9993 64.7496 0.429096 0.0413169 0.90231
13.2159 -13.4918 64.8297 0.440015 0.0328243 0.89739
13.0583 -12.3251 64.879 0.44241 0.0182849 0.896626
13.3422 -10.8196 64.7213 0.43926 0.00261829 0.898356
13.6257 -9.78686 64.579 0.443642 0.00607055 0.896167
14.5222 -8.48176 64.1269 0.461672 0.0124533 0.886815
15.5918 -7.559 63.5198 0.474611 0.031608 0.879628
16.9861 -6.83325 62.7432 0.485809 0.0226448 0.873674
17.8992 -6.66617 62.2142 0.500002 0.0182001 0.865832
18.7749 -6.65882 61.6935 0.544623 0.0116511 0.838578
20.025 -7.10475 60.8808 0.549718 0.0154658 0.835207
21.2676 -7.944 60.0548 0.559023 0.0115434 0.829072
21.8357 -8.67956 59.6786 0.58423 0.0340003 0.810875
22.3361 -9.66183 59.3538 0.586798 0.0294335 0.809197
22.4931 -10.6851 59.2437 0.563941 -0.00117986 0.825802
22.6227 -11.7774 59.1596 0.560586 0.00101559 0.828088
22.4326 -13.4425 59.3203 0.581265 0.00996225 0.813365
22.136 -14.5276 59.5595 0.60423 0.0120693 0.796718
21.8314 -15.4679 59.8047 0.604149 0.0165629 0.796687
21.2506 -17.289 60.226 0.572067 0.000256116 0.820206
21.1003 -18.3442 60.3472 0.576283 0.0148102 0.817113
21.3132 -19.464 60.2196 0.577778 0.0205494 0.815926
21.4267 -20.5513 60.1676 0.595585 0.0136799 0.803176
21.5852 -21.5507 60.067 0.594656 0.0165798 0.803802
21.6438 -23.3438 60.0682 0.57836 0.0110921 0.815434
21.4082 -24.449 60.2558 0.584659 0.0109516 0.811203
21.1586 -25.444 60.4467 0.584976 0.00867769 0.811004
20.6408 -26.3939 60.8198 0.574933 0.00383321 0.818191
19.958 -27.1451 61.3062 0.569904 0.0151923 0.821559
19.3815 -27.8493 61.7214 0.55034 0.00190973 0.834938
18.6291 -28.3827 62.2184 0.54876 -0.00151946 0.835978
17.1804 -28.8788 63.1522 0.530684 0.0144486 0.847444
16.2355 -28.9168 63.7337 0.516392 0.0162413 0.856165
15.2192 -28.5771 64.3128 0.495606 0.0133881 0.868444
13.9234 -27.6793 65.0207 0.481994 0.0226792 0.875879
13.1088 -26.5835 65.4317 0.470499 0.0384012 0.881539
12.5744 -25.3379 65.6537 0.466777 0.0522763 0.882792
12.4688 -24.2846 65.6402 0.453639 0.048089 0.889777
12.4478 -23.3399 65.6127 0.439959 0.0415949 0.897049
17.3041 -17.9353 62.8459 0.509801 0.00772446 0.860085
17.3119 -16.7271 62.8227 0.491735 0.0278918 0.870175
17.1483 -15.3351 62.8466 0.489021 0.0429174 0.871216
16.9726 -14.2619 62.9195 0.492222 0.0128993 0.870369
16.8204 -12.8288 62.9769 0.483804 0.0174653 0.875002
17.0801 -11.7422 62.8049 0.488978 0.022789 0.871998
17.8711 -11.0721 62.3405 0.497107 0.0261868 0.867271
19.1177 -11.8374 61.5652 0.556395 -0.000843312 0.830912
19.0831 -13.102 61.6072 0.554664 0.012959 0.831969
18.8329 -14.1237 61.7895 0.540597 0.020065 0.841028
18.4374 -15.0602 62.0611 0.545157 0.0213185 0.838031
18.1429 -16.0912 62.2834 0.55246 0.0211777 0.833267
17.6413 -17.5113 62.6372 0.523829 0.0033692 0.851816
17.7499 -18.0108 62.5719 0.523976 0.00266552 0.851729
17.8721 -14.7298 62.4218 0.515467 0.0299939 0.855491
17.6703 -13.5477 62.5047 0.522863 0.0156423 0.852147
17.5994 -12.3258 62.5276 0.491632 0.0224113 0.870515
18.3399 -12.9043 62.0902 0.526666 0.00229021 0.850067
17.9455 -14.5067 62.3678 0.539392 0.0205629 0.841786
17.9162 -14.5748 62.3879 0.545157 0.0213185 0.838031
