-3.90272 -37.604 69.3247 -0.255911 0.0653878 0.964486
-3.48516 -37.3009 69.4085 -0.223616 0.0738326 0.971779
-2.3239 -38.134 69.7129 -0.18824 0.0719556 0.979473
-2.06898 -39.0669 69.8086 -0.160397 0.0540725 0.985569
-1.49666 -40.0014 69.9539 -0.139842 0.0737129 0.987406
-2.42753 -39.5175 69.7765 -0.17387 0.0608184 0.982754
-3.19488 -38.7994 69.5857 -0.217731 0.0669558 0.973186
-3.73358 -37.8722 69.3874 -0.250487 0.0613953 0.966151
-4.16627 -38.4683 69.3122 -0.25884 0.0625801 0.963885
-4.70095 -37.623 69.1122 -0.267603 0.0634629 0.961437
-4.95021 -36.5217 68.971 -0.293052 0.0772151 0.952481
-3.9391 -36.2239 69.203 -0.242195 0.090777 0.965966
-2.48851 -37.0381 69.5955 -0.186149 0.0832946 0.97898
-1.7516 -37.7013 69.7878 -0.172302 0.062924 0.982894
-1.2224 -38.6131 69.9092 -0.123491 0.0537362 0.99089
-0.750427 -39.8952 70.0481 -0.135554 0.0785364 0.987652
-0.82445 -40.9519 70.1182 -0.141682 0.0688209 0.987515
-1.89351 -40.8727 69.9533 -0.16304 0.0702867 0.984113
-2.67522 -40.1907 69.7714 -0.18101 0.0755805 0.980446
-3.39633 -39.4483 69.5853 -0.217731 0.0669558 0.973186
-4.06825 -38.6293 69.3486 -0.24625 0.0674656 0.966815
-4.07957 -38.6058 69.3443 -0.250487 0.0613953 0.966151
-4.4034 -39.2588 69.3077 -0.25759 0.0741627 0.963392
-3.73207 -40.0285 69.5434 -0.252018 0.07544 0.964776
-2.65395 -41.1964 69.8501 -0.163809 0.0700316 0.984003
-1.83871 -41.8326 70.0311 -0.154081 0.0692445 0.985582
-0.883891 -42.171 70.2016 -0.15234 0.0840179 0.98475
-0.0241241 -41.251 70.252 -0.14449 0.0780297 0.986367
0.0668985 -40.1421 70.1797 -0.134647 0.0772768 0.987875
-0.465278 -38.4852 69.9967 -0.103899 0.0771346 0.991116
-1.1023 -37.3745 69.8298 -0.0783732 0.0825741 0.993312
-2.03279 -36.437 69.6278 -0.173932 0.087479 0.980864
-3.01187 -35.8094 69.3913 -0.212667 0.0867264 0.972931
-4.3699 -35.444 69.0486 -0.225107 0.0532564 0.972877
-5.49413 -35.7178 68.7383 -0.310594 0.0622354 0.948479
-5.54019 -37.5788 68.8747 -0.31846 0.0917715 0.943483
-4.98004 -38.4702 69.0911 -0.26468 0.0626968 0.96229
-4.87311 -38.6394 69.1309 -0.261717 0.0686852 0.962668
-5.32131 -39.1555 69.0486 -0.26755 0.0766544 0.960482
-4.17799 -40.5229 69.4655 -0.255771 0.0752833 0.963798
-3.37561 -41.4416 69.7314 -0.183483 0.0522585 0.981633
-2.42011 -42.3035 69.9564 -0.185472 0.0781008 0.979204
-1.10143 -42.9915 70.2385 -0.151164 0.0867284 0.984697
0.00864327 -42.7665 70.3899 -0.0474184 0.0829656 0.98993
0.686478 -41.6194 70.252 0.0607621 0.0792698 0.994991
0.74493 -39.8191 70.1236 0.0606397 0.06285 0.996179
0.271786 -38.353 70.0457 -0.026281 0.0936982 0.993557
-0.36477 -37.1465 69.8687 -0.0759944 0.0836416 0.993376
-1.0989 -36.2734 69.759 -0.0728851 0.0641183 0.995277
-2.04053 -35.5268 69.5463 -0.176697 0.0870697 0.980402
-3.64245 -34.8224 69.1819 -0.204331 0.0738778 0.97569
-5.0826 -34.7095 68.8004 -0.305238 0.0661779 0.949974
-6.00102 -35.0918 68.5307 -0.311475 0.0625525 0.948176
-6.53806 -35.9835 68.4067 -0.320368 0.0541515 0.945723
-6.40666 -37.2585 68.5511 -0.323792 0.0942062 0.941406
-5.89296 -38.3568 68.8269 -0.294509 0.0743428 0.952353
-5.70198 -38.6545 68.9001 -0.270935 0.0705002 0.95998
-6.22169 -39.0917 68.7558 -0.384821 0.0575305 0.919926
-6.77283 -38.2335 68.459 -0.417535 0.0157345 0.908523
-7.28278 -36.8525 68.2023 -0.372667 0.0559761 0.924234
-7.27855 -35.6817 68.1213 -0.347877 0.0688832 0.934997
-6.67375 -34.703 68.2711 -0.348106 0.0641133 0.935226
-5.68617 -34.0637 68.5559 -0.30999 0.0795644 0.947404
-4.52454 -33.9427 68.9251 -0.299967 0.0907969 0.949509
-2.82039 -34.3355 69.2896 -0.18297 0.0952189 0.978496
-1.85016 -34.7863 69.5107 -0.175837 0.0937271 0.979943
-0.485249 -35.8734 69.7782 -0.0431492 0.0898392 0.994243
0.376932 -36.9398 69.908 -0.0759944 0.0836416 0.993376
1.14576 -38.5882 70.0387 0.0366154 0.0864715 0.995569
1.52163 -40.1235 70.093 0.0580101 0.0535432 0.996812
1.48371 -41.3767 70.1863 0.0591466 0.0758248 0.995365
1.06121 -42.7377 70.3257 0.0678362 0.0834406 0.994189
0.322542 -43.6107 70.4407 0.0473192 0.0595062 0.996834
-1.00362 -43.8605 70.3299 -0.150615 0.0865097 0.9848
-2.35802 -43.271 70.0646 -0.159205 0.0853201 0.983552
-3.21673 -42.6166 69.8363 -0.19102 0.102463 0.976223
-4.23418 -41.5087 69.5293 -0.257324 0.0797631 0.963024
-5.00401 -40.6052 69.2505 -0.258113 0.0758611 0.96313
-5.65032 -39.8298 68.995 -0.343845 0.035286 0.938363
-5.79205 -39.6551 68.9364 -0.34438 0.0368169 0.938107
-6.27079 -40.1228 68.7784 -0.345646 0.0348331 0.937717
-5.39969 -41.1788 69.1319 -0.344222 0.0269479 0.938501
-4.35012 -42.4238 69.5531 -0.345542 0.0536698 0.936457
-3.68579 -43.1489 69.8002 -0.239168 0.0730983 0.966568
-2.92016 -43.8046 70.0147 -0.178801 0.0888364 0.979773
-2.0747 -44.3195 70.2013 -0.157806 0.0837303 0.983909
-0.893147 -44.6924 70.3886 -0.110655 0.0449962 0.992806
0.933608 -44.1812 70.4378 0.0467105 0.0278821 0.998516
1.71206 -43.2116 70.3173 0.0708139 0.0797794 0.994294
2.1248 -41.9677 70.1829 0.103283 0.0599172 0.992609
2.28138 -40.5625 70.0632 0.0866567 0.0742973 0.993462
2.12468 -39.3281 70.0143 0.100623 0.0418854 0.994018
1.70488 -38.0418 69.9684 0.0456801 0.0900892 0.994866
1.12873 -36.7594 69.8716 0.0447155 0.10064 0.993913
0.557046 -35.9291 69.8005 -0.015707 0.116557 0.99306
-0.198034 -35.129 69.6954 -0.0112184 0.0985578 0.994919
-1.25962 -34.3082 69.5521 -0.137091 0.120836 0.983161
-2.50615 -33.6605 69.2817 -0.180381 0.0957894 0.97892
-3.4574 -33.3598 69.0771 -0.180154 0.0890144 0.979602
-5.18385 -33.2219 68.6471 -0.288691 0.0966457 0.952518
-6.25248 -33.4759 68.3191 -0.322106 0.0831295 0.943047
-7.09041 -34.0623 68.0783 -0.347433 0.0564775 0.936002
-7.76516 -34.9052 67.8774 -0.35051 0.0652382 0.934229
-8.03776 -35.9757 67.8007 -0.46149 0.0137211 0.887039
-7.95078 -37.0952 67.8721 -0.456766 0.0255292 0.889218
-7.62031 -38.1039 68.069 -0.435971 0.0219133 0.89938
-7.06199 -39.0709 68.3574 -0.42712 0.0764611 0.900956
-6.5333 -39.8027 68.6696 -0.386762 0.0561115 0.919168
-6.86122 -40.4758 68.5727 -0.386762 0.0561115 0.919168
-7.86318 -39.1016 67.98 -0.426497 0.0856128 0.900393
-8.43185 -37.8602 67.6465 -0.455904 0.0246867 0.889687
-8.75435 -36.5597 67.442 -0.457764 0.0278046 0.888639
-8.6757 -35.4716 67.4611 -0.473094 0.0305468 0.880233
-8.21243 -34.2986 67.6327 -0.466236 0.0759811 0.88139
-7.51763 -33.432 67.8808 -0.336911 0.0704701 0.938729
-5.98119 -32.6088 68.3353 -0.315945 0.0822851 0.94518
-4.74347 -32.4914 68.7093 -0.281367 0.0986113 0.954479
-3.55809 -32.6124 68.9906 -0.180473 0.0888387 0.97956
-2.42942 -32.9019 69.2291 -0.16157 0.0773169 0.983388
-1.41782 -33.3879 69.4163 -0.140844 0.105747 0.984231
-0.565048 -33.8849 69.5906 -0.0667337 0.10556 0.990241
0.655484 -34.9646 69.6891 -0.0116411 0.0981725 0.994927
1.34585 -35.7501 69.7567 0.0444062 0.102532 0.993737
2.23281 -37.3385 69.8747 0.0479753 0.0954345 0.994277
2.5921 -38.338 69.9115 0.136361 0.0701654 0.988163
2.86412 -39.3069 69.9399 0.121749 0.0691153 0.989522
3.02247 -40.6277 69.9953 0.0962451 0.06491 0.993175
2.94396 -41.6705 70.0697 0.129863 0.0418004 0.990648
2.73063 -42.6547 70.1435 0.136428 0.0799299 0.987413
1.96232 -44.2813 70.3787 0.142387 0.0680269 0.987349
1.03419 -45.0757 70.4626 0.0153729 0.07049 0.997391
-0.0683726 -45.4165 70.5157 -0.0363658 0.0331855 0.995552
-1.56839 -45.3306 70.3508 -0.103975 0.0527584 0.993178
-2.6188 -44.8718 70.1587 -0.164063 0.0847566 0.982792
-3.6433 -44.1716 69.8578 -0.285966 0.0596897 0.956211
-4.48134 -43.3218 69.5701 -0.286186 0.0425968 0.957227
-5.16126 -42.5155 69.2609 -0.344723 0.081562 0.935154
-5.96099 -41.5552 68.9367 -0.344399 0.0256853 0.938472
-6.72073 -40.6472 68.6309 -0.346887 0.0307009 0.937398
-7.2164 -41.1137 68.4621 -0.382287 0.0529003 0.921296
-6.13783 -42.4014 68.8949 -0.344796 0.0253402 0.938335
-5.37312 -43.3363 69.2545 -0.345104 0.0822294 0.934955
-4.61743 -44.2352 69.5696 -0.287656 0.0606907 0.955625
-3.7923 -45.0354 69.8833 -0.286016 0.0753106 0.955258
-2.38075 -45.7981 70.2799 -0.202814 0.0673274 0.975722
-1.43593 -46.1984 70.4145 -0.103977 0.0645519 0.99248
-0.447927 -46.2684 70.5213 -0.0938412 0.055676 0.993958
0.666949 -46.0086 70.5319 0.0163257 0.0737366 0.997128
1.82453 -45.5066 70.4805 0.0167366 0.0657911 0.997687
2.6729 -44.6533 70.2904 0.156502 0.0687697 0.985181
3.31483 -43.2382 70.1079 0.147509 0.0703592 0.986479
3.61738 -42.0671 69.999 0.199794 0.0520181 0.975712
3.74011 -41.001 69.9002 0.263158 0.0286314 0.963842
3.64855 -39.5765 69.843 0.17131 0.0712464 0.982308
3.36027 -38.3702 69.8049 0.165809 0.0687975 0.983592
2.98055 -37.2432 69.7731 0.139358 0.0767434 0.987263
2.55812 -36.2894 69.7592 0.110854 0.0876008 0.987548
1.84967 -35.2326 69.6806 0.044886 0.103012 0.993666
1.0918 -34.3955 69.6443 0.0260968 0.0773055 0.99619
0.32712 -33.6809 69.5853 -0.0075326 0.0763061 0.997033
-0.76923 -32.9081 69.448 -0.12115 0.10402 0.987145
-1.63044 -32.4092 69.2965 -0.129801 0.0943032 0.986943
-2.60604 -32.0669 69.1335 -0.171569 0.0737254 0.982222
-4.06522 -31.807 68.8262 -0.209497 0.0769587 0.974643
-5.06564 -31.7537 68.5488 -0.278724 0.0744445 0.957388
-6.49685 -32.0095 68.0957 -0.334364 0.0877666 0.938268
-7.67192 -32.625 67.7464 -0.358257 0.103715 0.927345
-8.56441 -33.5571 67.384 -0.456033 0.049929 0.88812
-9.22107 -34.8766 67.1269 -0.482107 0.0494963 0.874713
-9.43999 -35.8996 67.0644 -0.474931 0.0401297 0.879043
-9.40774 -36.9641 67.1136 -0.47786 0.0260785 0.878048
-9.12705 -37.9534 67.2924 -0.442158 0.0487786 0.895157
-8.63817 -39.1397 67.6158 -0.425625 0.0665994 0.902445
-8.04714 -40.0511 67.9821 -0.423084 0.0809204 0.90246
-7.56962 -40.6709 68.2603 -0.419346 0.0800352 0.904289
-8.10126 -41.0767 68.0431 -0.428333 0.0723869 0.900716
-7.1433 -42.2518 68.5209 -0.34523 0.0251414 0.938181
-6.49457 -43.0551 68.815 -0.344912 0.0786684 0.93533
-5.49761 -44.2658 69.2906 -0.34573 0.0808995 0.934839
-4.79439 -45.1386 69.5865 -0.316625 0.0516688 0.947133
-3.95917 -45.82 69.8813 -0.242057 0.0670619 0.967709
-2.67817 -46.4879 70.2542 -0.207164 0.0497832 0.975982
-1.68669 -46.9392 70.4356 -0.128609 0.0431436 0.990234
-0.683566 -47.0724 70.5423 -0.0858136 0.0526729 0.994915
1.20326 -46.6227 70.5599 0.0257962 0.0589602 0.997886
2.83769 -45.6846 70.351 0.160301 0.0851989 0.983383
3.74591 -44.245 70.1004 0.225301 0.0585075 0.96984
4.10368 -43.1253 69.9146 0.290561 0.0508974 0.9554
4.4359 -41.2424 69.7178 0.271724 0.0579752 0.960627
4.47134 -40.0894 69.7062 0.235145 0.0331314 0.97062
4.25976 -39.0885 69.6912 0.202821 0.0590391 0.977391
3.92036 -37.7884 69.6552 0.181964 0.0766152 0.980314
3.43844 -36.4302 69.6202 0.17262 0.105784 0.979276
2.87738 -35.3473 69.6321 0.179147 0.0726298 0.981138
2.18882 -34.5215 69.5917 0.0485276 0.0888184 0.994748
1.46027 -33.7563 69.5774 0.0572124 0.0780544 0.995294
0.681644 -33.0549 69.5342 0.00367187 0.102013 0.994652
-0.130513 -32.4454 69.4481 -0.0207722 0.119631 0.992601
-1.13709 -31.8255 69.3183 -0.12755 0.0707443 0.989267
-2.15199 -31.4352 69.1503 -0.146003 0.0822242 0.985764
-3.1186 -31.1903 68.9774 -0.18619 0.0810513 0.978641
-4.84701 -31.0352 68.5496 -0.252161 0.094557 0.963053
-5.8343 -31.1214 68.2646 -0.314359 0.0743664 0.946061
-7.06741 -31.4543 67.8413 -0.337653 0.08159 0.937653
-8.49244 -32.3706 67.3705 -0.392656 0.108867 0.913194
-9.1648 -33.1643 67.0731 -0.447038 0.0243658 0.894183
-9.69592 -34.2175 66.8325 -0.460836 0.0305091 0.886677
-10.0713 -35.442 66.7011 -0.470773 0.0497525 0.88085
-10.1144 -36.5755 66.7186 -0.477422 0.0248772 0.878322
-9.74639 -38.1212 66.9729 -0.480499 0.0592071 0.874717
-9.42306 -39.1501 67.2468 -0.454683 0.0704926 0.887228
-8.76898 -40.2406 67.6543 -0.433417 0.0882868 0.896858
-8.53101 -40.5661 67.7983 -0.427194 0.075607 0.900985
-9.32757 -40.6078 67.3691 -0.491678 0.000702892 0.870749
-10.0754 -39.3636 66.9017 -0.522807 0.00900359 0.85238
-10.4518 -38.3371 66.6013 -0.479272 0.0436576 0.876551
-10.7697 -36.8638 66.3705 -0.475764 0.0280194 0.879119
-10.7609 -35.8637 66.3427 -0.478631 0.0319545 0.877433
-10.6627 -34.4222 66.3479 -0.448309 0.0140176 0.893764
-10.1079 -33.5756 66.6163 -0.447347 0.0178447 0.894149
-9.25744 -32.0698 66.9974 -0.445588 0.0238718 0.894918
-8.38561 -31.2656 67.309 -0.370838 0.0155777 0.928525
-7.48764 -30.6849 67.6379 -0.340158 0.0433638 0.939359
-5.91128 -30.3604 68.1797 -0.309374 0.0758966 0.947287
-4.83625 -30.2973 68.4789 -0.2551 0.0902048 0.962678
-3.78424 -30.2674 68.7389 -0.215319 0.103147 0.971081
-2.73969 -30.439 68.9865 -0.177617 0.076227 0.980192
-1.56759 -30.8643 69.1873 -0.139869 0.0791469 0.986971
-0.579529 -31.027 69.2801 -0.0416458 0.106591 0.993225
0.612871 -32.0113 69.4114 -0.0151508 0.119719 0.992672
1.43852 -32.7173 69.4915 0.0570237 0.104794 0.992727
2.17297 -33.4139 69.5086 0.0645092 0.0892982 0.99391
2.91502 -34.2857 69.5353 0.0485276 0.0888184 0.994748
3.66424 -35.2136 69.4786 0.179147 0.0726298 0.981138
4.24192 -36.4902 69.4819 0.19471 0.0954964 0.975916
4.77595 -37.5685 69.4541 0.230362 0.0907219 0.968863
4.86297 -38.6341 69.5371 0.21432 0.0810462 0.973168
5.26731 -39.5345 69.4783 0.290106 0.0333005 0.956193
5.19448 -40.5379 69.5131 0.277125 0.00763983 0.960636
5.13148 -41.757 69.5523 0.278956 0.0488897 0.958983
4.9043 -43.0939 69.6744 0.284953 0.0393092 0.957734
4.46272 -44.3486 69.8851 0.295466 0.0637995 0.953221
3.83541 -45.6664 70.1622 0.235762 0.0537738 0.969093
3.09756 -46.5712 70.3526 0.188471 0.052771 0.98066
1.75178 -47.2173 70.5492 0.126319 -0.0394288 0.991196
0.438365 -47.6265 70.6636 -0.0194117 0.0675864 0.995506
-0.653403 -47.8683 70.5822 -0.0918232 0.0314684 0.995278
-1.83111 -47.6329 70.4307 -0.155928 0.0290744 0.987334
-3.1259 -47.2354 70.1953 -0.178666 0.0282294 0.9835
-4.01553 -46.7087 69.949 -0.290717 0.0817501 0.950757
-4.80634 -46.1082 69.6314 -0.322309 0.0576891 0.944812
-5.57239 -45.4485 69.3417 -0.31932 0.0414513 0.946735
-6.40418 -44.3752 68.9642 -0.34667 0.0790793 0.934648
-7.26018 -43.1853 68.5445 -0.3438 0.0787986 0.935729
-7.9048 -42.3443 68.2432 -0.386893 0.0511613 0.919197
-8.73204 -41.5165 67.7326 -0.523058 0.0351769 0.851449
-9.16769 -41.1229 67.4555 -0.507002 0.00728919 0.861604
