39.7939 18.9835 17.4297 0.526687 -0.0213591 0.849775
40.3908 20.2096 17.0826 0.534113 -0.0167058 0.845248
41.464 20.8328 16.4308 0.514605 -0.0207447 0.85713
41.6364 20.3578 16.3217 0.510458 -0.00351405 0.859874
40.8945 19.7226 16.7677 0.517148 0.000709271 0.855896
40.2366 19.0942 17.1598 0.51821 -0.0196872 0.855
40.5151 18.4401 16.9768 0.511801 -0.0215702 0.858833
41.3024 19.0145 16.5219 0.51373 -0.0105393 0.857811
41.956 19.6734 16.1312 0.505417 -0.00393412 0.862866
42.5138 20.5464 15.8128 0.499109 -0.0211242 0.866282
42.5926 21.6626 15.7946 0.498892 -0.0221038 0.866382
41.2407 21.5543 16.5821 0.523507 -0.0243588 0.851438
40.311 20.9515 17.1482 0.532596 -0.0185994 0.846163
39.6258 20.2306 17.5659 0.531471 -0.0187279 0.84687
39.163 19.3571 17.8347 0.528598 -0.0244084 0.84852
38.9964 18.2669 17.9061 0.526782 -0.0213741 0.849718
40.2281 18.3104 17.1489 0.52384 -0.0179886 0.851627
40.4356 18.3899 17.0229 0.517828 -0.0202451 0.855213
40.5902 17.6898 16.9127 0.517828 -0.0202451 0.855213
41.9715 18.7014 16.1168 0.503694 -0.0213103 0.863592
42.5936 19.4057 15.7564 0.505417 -0.00393412 0.862866
43.1535 20.4414 15.4415 0.508193 -0.0189585 0.860969
43.3999 21.7034 15.3179 0.519719 -0.00733228 0.854235
42.6723 22.5161 15.7609 0.522839 0.00320703 0.852425
41.5355 22.4319 16.4264 0.519569 -0.0254429 0.853736
40.6657 21.9765 16.9665 0.535964 -0.0348429 0.843507
39.5972 21.1361 17.6026 0.533485 -0.027209 0.84531
38.8413 20.1661 18.0568 0.531471 -0.0187279 0.84687
38.2991 18.73 18.3695 0.544908 -0.0217619 0.838213
38.3314 17.7173 18.3182 0.542158 -0.0241662 0.839926
39.1166 17.3505 17.8039 0.522377 -0.0272082 0.85228
40.4707 17.644 16.9853 0.522559 -0.0233641 0.852266
40.6852 16.9545 16.8409 0.512567 -0.0170114 0.858476
39.3537 16.6246 17.6361 0.519948 -0.0213016 0.853912
38.3894 16.7358 18.2544 0.540086 -0.0275155 0.84116
37.5308 17.9824 18.8447 0.543226 -0.0262289 0.839177
37.8712 19.4445 18.6663 0.547419 -0.0271492 0.836396
38.4826 20.7822 18.3144 0.550515 -0.0311566 0.834244
39.6034 22.0114 17.6374 0.535815 -0.0388234 0.843436
40.7585 22.8025 16.938 0.539215 -0.0314468 0.841581
41.7697 23.2615 16.3086 0.519569 -0.0254429 0.853736
42.7438 23.3718 15.7133 0.522846 0.00369483 0.852419
43.5697 23.0062 15.2078 0.522681 0.00484224 0.852514
44.0404 22.1544 14.9246 0.521394 0.00321776 0.85331
43.9603 20.8087 14.9614 0.508547 -0.00815922 0.860901
43.3783 19.4447 15.2988 0.502105 -0.00369337 0.864796
42.7904 18.606 15.639 0.504386 -0.00260918 0.863474
42.1215 17.9412 16.0105 0.503694 -0.0213103 0.863592
41.258 17.2883 16.5074 0.510257 -0.0183518 0.859825
41.491 16.6103 16.3556 0.510462 -0.0167997 0.859736
40.1984 16.0227 17.115 0.514762 -0.01576 0.857188
39.1811 15.8714 17.7244 0.525753 -0.0188175 0.850359
37.7209 16.2287 18.6673 0.540116 -0.0272053 0.841151
36.8596 17.414 19.2773 0.556652 -0.0266694 0.830308
37.0408 18.8577 19.1961 0.558541 -0.0255268 0.829081
37.4166 19.9618 18.986 0.549943 -0.032372 0.834575
37.9959 21.1665 18.65 0.550621 -0.0305592 0.834195
38.6682 22.0496 18.2378 0.550608 -0.0298433 0.83423
39.8867 23.0408 17.5052 0.538594 -0.0370513 0.841745
40.6446 23.5273 17.0338 0.538217 -0.0218727 0.842522
41.4351 23.893 16.5389 0.539149 -0.0197947 0.841973
42.3128 24.1013 15.9859 0.523886 -0.0099764 0.85173
43.5373 23.8708 15.23 0.523003 -0.0109597 0.852259
44.2256 23.3215 14.8255 0.48522 0.00240959 0.87426
44.7281 22.1598 14.5353 0.479961 -0.0113903 0.877216
44.6018 20.7381 14.59 0.500347 0.000963306 0.865824
44.2352 19.6749 14.805 0.500116 -0.000714265 0.865951
43.5804 18.5605 15.178 0.502019 -0.00318279 0.864847
42.9359 17.7962 15.5395 0.497363 -0.0222052 0.867259
42.2265 17.1624 15.9308 0.503633 -0.0203877 0.863649
41.9355 16.9373 16.098 0.510059 -0.0180864 0.859948
42.292 16.3592 15.8786 0.497933 -0.00978099 0.867103
43.0352 16.9798 15.4678 0.489578 -0.00877793 0.871915
43.7376 17.6871 15.0819 0.489111 -0.00987113 0.872166
44.3562 18.5747 14.7313 0.492341 0.00327413 0.870394
44.8415 19.4747 14.4547 0.500116 -0.000714265 0.865951
45.2987 20.9187 14.1879 0.497752 0.00374098 0.867304
45.4145 21.929 14.1504 0.489376 -0.026976 0.871654
45.1413 23.2587 14.3123 0.489342 0.016242 0.871941
43.968 24.568 14.9761 0.51234 -0.0105092 0.858642
42.8174 24.8539 15.6844 0.522975 -0.0108795 0.852278
41.8915 24.7873 16.2649 0.540913 -0.0190925 0.840862
41.058 24.5065 16.7951 0.539816 -0.02046 0.841531
40.2663 24.1047 17.2904 0.538217 -0.0218727 0.842522
39.1661 23.3376 17.978 0.538634 -0.0339512 0.841855
38.3338 22.6521 18.4801 0.544405 -0.0352616 0.838032
37.6272 21.7353 18.9137 0.549899 -0.0292718 0.834718
36.8969 20.3193 19.3474 0.557636 -0.0325918 0.829445
36.5367 19.299 19.551 0.559719 -0.0272494 0.828234
36.2731 18.3 19.6966 0.559076 -0.0251317 0.828732
36.1516 17.1186 19.7392 0.554953 -0.03038 0.831327
36.8551 15.979 19.2317 0.552148 -0.0253331 0.833361
37.6846 15.428 18.6657 0.546303 -0.0254827 0.837173
38.6408 15.1729 18.0499 0.533501 -0.0185066 0.845594
39.8703 15.1998 17.2977 0.513493 -0.0115359 0.85801
40.9952 15.5297 16.6322 0.507267 -0.00858488 0.861746
41.8221 16.0133 16.151 0.506586 -0.00914276 0.862141
42.3248 15.5281 15.8505 0.497703 -0.0092986 0.867237
43.0961 16.1579 15.4252 0.488638 -0.0095248 0.872435
43.8319 16.8025 15.0192 0.488646 -0.0084142 0.872441
44.5163 17.5998 14.6439 0.488413 -0.00842712 0.872572
45.0051 18.43 14.3663 0.490975 0.0035087 0.871166
45.4832 19.3509 14.1066 0.474642 0.00718539 0.88009
45.8854 20.5375 13.8711 0.473035 0.00637167 0.881017
46.0408 21.598 13.7947 0.47117 -0.022857 0.881727
46.0016 22.8184 13.8312 0.500646 0.0254468 0.865242
45.5834 23.8552 14.053 0.497366 0.0174994 0.867313
44.7212 24.941 14.5407 0.503575 -0.00752898 0.863919
43.8854 25.3779 15.0383 0.521333 -0.00940925 0.853297
42.6518 25.5951 15.7945 0.533306 -0.0146134 0.845659
41.6625 25.4783 16.4289 0.540907 -0.0249317 0.840713
40.7119 25.1244 17.0321 0.539816 -0.02046 0.841531
39.8625 24.6551 17.5704 0.547346 -0.0248787 0.836537
38.7214 23.8445 18.2832 0.538827 -0.0339665 0.841731
37.9779 23.2347 18.7353 0.545268 -0.0329661 0.837595
37.0882 22.1367 19.2819 0.549164 -0.0287785 0.835219
36.4862 20.9169 19.6503 0.561329 -0.0405218 0.8266
36.0609 19.8355 19.8905 0.558893 -0.0299194 0.828694
35.6167 18.1461 20.1387 0.56688 -0.0290998 0.82328
35.5254 16.6338 20.1469 0.563989 -0.0289105 0.825276
36.0888 15.7057 19.7291 0.555775 -0.0311295 0.830719
36.9086 15.0405 19.1636 0.549865 -0.0319172 0.834644
37.9471 14.5602 18.4756 0.536339 -0.0196532 0.843772
38.795 14.4107 17.9373 0.530359 -0.0152732 0.847629
39.8266 14.4429 17.3162 0.512109 -0.00863337 0.858877
40.7649 14.6528 16.7596 0.507451 -0.00781411 0.861645
41.6525 15.0558 16.2406 0.506993 -0.00845603 0.861909
41.7335 14.3011 16.1861 0.508353 -0.011895 0.861056
43.0875 15.2999 15.4207 0.488791 -0.00951376 0.872349
43.8828 15.9352 14.9825 0.481822 -0.0050091 0.876247
44.5867 16.6387 14.5954 0.480234 0.00283797 0.877136
45.4839 17.9799 14.104 0.472018 0.00188662 0.88158
45.9903 18.9329 13.8349 0.469747 -0.000200909 0.882801
46.3839 19.8963 13.614 0.463623 0.013694 0.885897
46.6207 20.9609 13.4806 0.457157 0.00791153 0.889349
46.7093 21.9973 13.454 0.479348 -0.00490523 0.877169
46.6144 23.0611 13.4729 0.490292 0.0335497 0.870908
46.2067 24.1611 13.6812 0.505122 0.019169 0.862835
45.4272 25.2483 14.1325 0.505826 -0.00870857 0.862586
44.5826 25.895 14.6328 0.50402 -0.010606 0.863627
43.7507 26.1697 15.1266 0.515305 -0.0107977 0.85689
42.8758 26.3015 15.6677 0.544161 -0.0239786 0.838638
41.8477 26.2339 16.3323 0.541198 -0.0252364 0.840516
40.5948 25.8403 17.1275 0.542861 -0.0261057 0.839416
39.657 25.3323 17.724 0.546613 -0.022169 0.837092
38.8217 24.7473 18.2543 0.547206 -0.0234051 0.836669
37.6917 23.881 18.9477 0.541603 -0.0361603 0.839856
36.8598 22.8863 19.466 0.559783 -0.0293893 0.828107
36.1868 21.7714 19.8955 0.565036 -0.0303449 0.824435
35.736 20.708 20.1497 0.572258 -0.0393445 0.819024
35.3877 19.7331 20.348 0.57395 -0.0374474 0.817931
35.0774 18.54 20.5239 0.568399 -0.0265408 0.822325
34.9028 17.2482 20.5939 0.564834 -0.0307294 0.824629
34.9112 16.079 20.5452 0.562862 -0.0320454 0.825929
35.9939 14.8454 19.7617 0.560915 -0.0308756 0.827297
36.9033 14.224 19.1407 0.543935 -0.0205311 0.838876
38.0768 13.7668 18.3759 0.532666 -0.0155382 0.84617
38.956 13.625 17.8253 0.529182 -0.0120067 0.848423
40.4961 13.8128 16.9106 0.511623 -0.00976958 0.859153
41.3573 14.0917 16.4049 0.509855 -0.0158003 0.860115
41.4333 14.1245 16.3605 0.509436 -0.0158338 0.860363
41.8994 13.5371 16.0736 0.496792 -0.0133878 0.867632
40.8695 13.1716 16.6818 0.516755 -0.00800054 0.856091
39.6631 12.8922 17.3971 0.507577 -0.00429553 0.861596
38.5614 12.8989 18.0611 0.528792 -0.0138774 0.848636
37.5537 13.0233 18.6914 0.539448 -0.0169969 0.841756
36.6561 13.4506 19.2848 0.547011 -0.011837 0.837042
35.5308 14.37 20.058 0.56144 -0.028518 0.827023
34.8003 14.9368 20.5766 0.562824 -0.0315765 0.825973
34.1924 15.8707 21.0259 0.561353 -0.0325057 0.826938
34.2445 17.015 21.0386 0.569669 -0.0352104 0.82111
34.423 18.0186 20.9538 0.572145 -0.0326955 0.8195
34.5838 19.5241 20.9074 0.578771 -0.0456068 0.81421
34.9721 20.4263 20.6854 0.582732 -0.0442206 0.811428
35.551 21.8948 20.3382 0.581789 -0.0375004 0.812474
35.9644 22.9008 20.0849 0.576616 -0.0324614 0.816369
36.6708 23.7655 19.6245 0.574327 -0.0337551 0.817929
37.3331 24.445 19.2032 0.541557 -0.0355556 0.839912
38.1396 25.0947 18.7101 0.54203 -0.0347031 0.839642
38.8637 25.6353 18.2512 0.552204 -0.0233782 0.833381
39.6198 26.2229 17.7718 0.545789 -0.0234672 0.837592
40.6429 26.6365 17.1211 0.542574 -0.0252381 0.839628
41.5447 26.9139 16.5479 0.541559 -0.0255595 0.840274
42.466 27.0092 15.9538 0.544048 -0.0233886 0.838728
43.3792 26.9447 15.36 0.533036 -0.01533 0.845809
44.2782 26.7664 14.8257 0.507754 -0.0145093 0.86138
45.1378 26.4139 14.3155 0.507059 -0.00995222 0.861846
46.1106 25.6137 13.7323 0.507769 -0.00754853 0.861459
46.7285 24.6121 13.3766 0.498006 0.00571622 0.867152
47.2325 23.6723 13.1039 0.443807 0.00802362 0.895891
47.3246 22.6055 13.0906 0.490292 0.0335497 0.870908
47.4422 21.4965 13.0529 0.468049 0.0121535 0.883576
47.3195 20.4923 13.1219 0.468836 0.0044861 0.883273
47.0325 19.402 13.2806 0.467665 0.00919367 0.883849
46.5893 18.4061 13.5206 0.459093 0.00530916 0.888372
46.0018 17.4509 13.8305 0.460728 0.00200534 0.887533
45.3951 16.5764 14.1533 0.468217 0.00431004 0.883602
44.6878 15.7894 14.5429 0.475758 0.00458651 0.879555
43.9429 15.093 14.9446 0.481822 -0.0050091 0.876247
43.0727 14.3967 15.4238 0.485281 -0.00309586 0.874352
42.6256 13.7702 15.6708 0.485822 -0.00147203 0.874056
42.0041 13.5902 16.0164 0.485018 -0.00581886 0.874472
