-41.1873 41.4088 44.1106 -0.735892 -0.00801057 0.677051
-40.3855 41.9854 44.9905 -0.736447 -0.00644042 0.676464
-39.8187 41.054 45.5986 -0.736342 -0.00643655 0.676578
-40.6794 41.0161 44.6596 -0.737092 -0.00730407 0.675753
-41.0702 40.9935 44.2331 -0.736504 -0.00768981 0.676389
-40.998 40.104 44.305 -0.738334 -0.00369135 0.674423
-40.2256 40.2193 45.1488 -0.737419 -0.00287891 0.675429
-39.3933 40.3319 46.0447 -0.728281 -0.0113731 0.685177
-38.6061 40.5143 46.889 -0.729962 -0.0134206 0.683356
-37.8268 40.6755 47.7231 -0.723707 -0.00938509 0.689991
-36.9839 40.8081 48.5952 -0.717974 -0.00472914 0.696054
-37.9164 41.4397 47.6366 -0.722219 -0.00518411 0.691624
-38.6593 41.6147 46.8494 -0.730359 -0.0086974 0.683008
-39.3323 42.0369 46.135 -0.732979 -0.00701737 0.680203
-39.9672 42.4942 45.4493 -0.735747 -0.00564756 0.677233
-40.6409 42.6492 44.7168 -0.736071 0.00103831 0.676903
-41.3979 42.4458 43.8925 -0.736667 -0.000785317 0.676255
-41.7183 41.3222 43.5325 -0.737322 -0.0101069 0.675459
-41.3114 40.0605 43.9607 -0.739526 -0.00440185 0.673113
-41.3098 39.2811 43.9571 -0.739189 -0.00456307 0.673482
-40.64 39.4014 44.6929 -0.738174 -0.00387596 0.674598
-39.8601 39.5658 45.5405 -0.726713 -0.00943916 0.686876
-39.0397 39.7248 46.4104 -0.728267 -0.0114185 0.685191
-38.242 39.8586 47.2645 -0.728498 -0.0141205 0.684902
-37.4171 39.893 48.1421 -0.723142 -0.00905586 0.690584
-36.41 39.5391 49.1788 -0.717815 -0.00438342 0.69622
-35.6886 39.2472 49.9149 -0.7125 -0.0194928 0.701381
-34.949 38.8692 50.6478 -0.709425 -0.0219803 0.704438
-34.0976 38.4187 51.4877 -0.706907 -0.0228839 0.706936
-33.2915 38.117 52.2839 -0.704929 -0.0236778 0.708876
-32.381 38.1066 53.1756 -0.698062 -0.0200207 0.715757
-31.5895 38.4054 53.9541 -0.695851 -0.01666 0.717985
-30.9642 38.9926 54.5685 -0.693509 -0.0130819 0.720329
-30.5633 40.3085 54.9809 -0.687816 -0.0195745 0.725621
-31.0154 41.2102 54.5754 -0.692374 -0.0231841 0.72116
-32.2628 41.6614 53.3978 -0.695076 -0.0258808 0.718451
-33.4965 41.5299 52.1706 -0.705228 -0.0146658 0.708829
-34.2122 41.4116 51.4529 -0.706971 -0.0149352 0.707085
-35.424 41.3514 50.2186 -0.720238 -0.0167582 0.693524
-36.1221 41.4565 49.4949 -0.720401 -0.0169493 0.69335
-37.1397 41.9744 48.4553 -0.721259 -0.0163298 0.692458
-37.8651 42.2227 47.6931 -0.726392 -0.000683019 0.687279
-38.9313 42.682 46.572 -0.727166 -0.00490143 0.686419
-39.8404 43.13 45.5881 -0.736737 0.00114381 0.676179
-40.9975 43.348 44.3291 -0.735432 0.000584724 0.677599
-41.8965 43.1302 43.3502 -0.736713 -0.000823966 0.676205
-42.1772 42.0855 43.043 -0.736263 -0.00445784 0.676671
-42.1841 40.6992 43.0105 -0.73881 -0.0120649 0.673806
-42.0393 39.5737 43.1567 -0.740194 -0.00437063 0.672379
-41.5246 39.2666 43.7213 -0.739698 -0.00434151 0.672924
-41.5959 38.4986 43.6389 -0.740358 -0.00261758 0.672204
-42.6088 38.9947 42.525 -0.740525 -0.00504225 0.672009
-42.6799 40.1239 42.4559 -0.737412 -0.00522913 0.675376
-42.6806 41.4507 42.477 -0.741011 -0.0111217 0.6714
-42.6272 42.8173 42.5481 -0.740888 -0.0013331 0.671621
-42.3471 43.8292 42.8545 -0.73949 0.000852089 0.673167
-41.5026 44.0783 43.7803 -0.736057 -0.000120741 0.676919
-40.7246 44.0477 44.6247 -0.735405 0.000520331 0.677627
-39.9067 43.8619 45.5145 -0.737309 0.000631527 0.675555
-39.0952 43.5605 46.3996 -0.730738 0.000747631 0.682597
-38.4045 43.2892 47.1251 -0.724048 -0.00035314 0.689749
-37.6705 42.9291 47.9007 -0.727165 2.45874e-05 0.686461
-36.9413 42.6074 48.6741 -0.723528 -0.00961443 0.690161
-35.8762 42.2247 49.7695 -0.719917 -0.017811 0.693832
-35.0905 42.0789 50.5825 -0.718644 -0.0145091 0.695215
-34.3099 42.14 51.3687 -0.708469 -0.0118065 0.705643
-33.3892 42.2862 52.2929 -0.703655 -0.00678301 0.710462
-32.6734 42.3608 52.9981 -0.701554 0.00147594 0.712615
-31.77 42.3431 53.8816 -0.693148 -0.00560394 0.720709
-30.976 42.0528 54.6312 -0.692005 -0.0141611 0.72174
-30.2392 41.3123 55.3181 -0.689155 -0.0264551 0.724131
-29.9227 40.3423 55.589 -0.688388 -0.0183454 0.725108
-30.0954 39.2788 55.4002 -0.688971 -0.0167483 0.724595
-30.7957 38.1815 54.716 -0.691164 -0.0133338 0.722562
-31.4577 37.6396 54.0609 -0.69693 -0.0201977 0.716854
-32.6445 37.2708 52.8942 -0.700492 -0.022921 0.713282
-33.4633 37.3971 52.0891 -0.704929 -0.0236778 0.708876
-34.6423 37.9218 50.9266 -0.70685 -0.0224026 0.707008
-35.8631 38.5329 49.7176 -0.709201 -0.0216178 0.704674
-36.9298 38.9531 48.6333 -0.717893 -0.0190702 0.695887
-37.8474 39.1233 47.6689 -0.728244 -0.0155309 0.685142
-38.6016 39.0825 46.8657 -0.729277 -0.0138679 0.684077
-39.3852 38.9541 46.0344 -0.72662 -0.00935383 0.686976
-40.2163 38.7777 45.1526 -0.73208 -0.00632631 0.681138
-41.0313 38.552 44.2585 -0.738803 -0.00253306 0.673917
-41.2109 38.5271 44.0614 -0.73896 -0.00237696 0.673745
-40.9677 37.821 44.3254 -0.738812 -0.00237785 0.673907
-40.2644 38.027 45.0868 -0.728801 -0.0153138 0.684545
-39.526 38.1871 45.8704 -0.725981 -0.0146451 0.687559
-38.7825 38.3244 46.6583 -0.726523 -0.0144029 0.686991
-38.0539 38.3732 47.4319 -0.728503 -0.0158642 0.684859
-37.362 38.2989 48.1662 -0.723623 -0.0179229 0.689929
-36.3851 37.9881 49.1684 -0.717663 -0.0194313 0.696114
-35.4781 37.5571 50.0754 -0.709331 -0.0205735 0.704575
-34.5439 37.0796 50.9986 -0.706588 -0.0221495 0.707278
-33.6639 36.692 51.8659 -0.704944 -0.0238581 0.708855
-32.3554 36.5322 53.1534 -0.70276 -0.0225185 0.711065
-31.4483 36.8218 54.0425 -0.69355 -0.0282953 0.719853
-30.7919 37.242 54.6912 -0.691002 -0.0280266 0.722301
-30.1163 37.9424 55.3528 -0.685693 -0.0189317 0.727645
-29.5723 38.9277 55.8894 -0.688404 -0.0150419 0.725169
-29.3381 39.8716 56.1343 -0.690134 -0.0172196 0.723477
-29.5837 41.4836 55.9484 -0.688083 -0.0261618 0.725158
-30.3126 42.4198 55.2799 -0.694988 -0.013975 0.718886
-31.1144 42.942 54.514 -0.692059 -0.0122391 0.721721
-31.9113 43.0966 53.7421 -0.697291 0.00169218 0.716786
-32.9401 43.0763 52.7345 -0.697886 -0.00605907 0.716129
-33.6757 42.9864 52.0207 -0.702133 -0.0124347 0.711876
-34.6861 42.8548 51.0029 -0.708688 -0.0123832 0.705413
-35.5738 42.9456 50.0997 -0.718494 -0.0101297 0.695458
-36.6653 43.2463 48.9722 -0.725156 -0.0067706 0.688503
-37.8212 43.8127 47.74 -0.729824 -0.00396857 0.683619
-38.4844 44.1433 47.0411 -0.724532 0.000636147 0.689241
-39.4497 44.4685 46.0132 -0.735713 0.00174675 0.677287
-40.2769 44.6845 45.1196 -0.73422 -0.0128727 0.678786
-41.3031 44.8049 44.0071 -0.737681 -0.0114038 0.675043
-42.1181 44.7885 43.1122 -0.738512 -0.00745538 0.674197
-42.8359 44.4687 42.3244 -0.738141 -0.00624841 0.674617
-43.09 43.5386 42.0385 -0.741097 -0.00104922 0.671391
-43.1497 42.1793 41.9659 -0.742587 -0.00333762 0.669742
-43.1675 40.7952 41.9287 -0.737205 -0.00536661 0.675599
-43.1876 39.6201 41.908 -0.732739 -0.00290992 0.680493
-43.1862 38.5081 41.9004 -0.731262 -0.0054192 0.682075
-42.0736 37.7895 43.1075 -0.74166 -0.00306795 0.670769
-41.4981 37.7391 43.7438 -0.740267 -0.00253688 0.672305
-41.5304 36.9945 43.7044 -0.739305 -0.00916312 0.67328
-42.3594 37.0777 42.7869 -0.742155 -0.00456776 0.670213
-43.1261 37.2063 41.9641 -0.726611 -0.00265786 0.687044
-43.7906 37.8242 41.2573 -0.728536 0.00141891 0.685006
-43.6881 39.2497 41.3681 -0.732388 -0.00255975 0.680874
-43.6606 40.4107 41.3971 -0.73332 0.000438601 0.679884
-43.653 41.4804 41.4045 -0.736024 -0.00394284 0.676918
-43.6343 42.4914 41.4363 -0.733424 -0.00799164 0.679724
-43.5769 44.2997 41.5247 -0.732001 -0.010915 0.681215
-42.8963 45.3379 42.2636 -0.733328 -0.0044294 0.679817
-41.8183 45.5433 43.4512 -0.739083 -0.0088096 0.673556
-41.098 45.54 44.2422 -0.739007 -0.00888103 0.673639
-40.3856 45.4365 45.0165 -0.733214 -0.0128998 0.679867
-39.6166 45.2895 45.8393 -0.731018 -0.0102065 0.68228
-38.9387 45.0727 46.5633 -0.729626 0.00188893 0.683799
-37.9071 44.648 47.6562 -0.729417 -0.0045265 0.684052
-37.0916 44.2326 48.5227 -0.729987 -0.00738213 0.683421
-36.3089 43.8987 49.3516 -0.720083 -0.0102356 0.693813
-35.5968 43.6964 50.0859 -0.717645 -0.00782085 0.696364
-34.4104 43.6085 51.294 -0.709784 -0.0109163 0.704331
-33.6892 43.7251 52.0209 -0.70234 -0.0133858 0.711658
-32.6841 43.8329 52.9957 -0.695689 -0.0181061 0.718098
-31.6315 43.8286 54.0258 -0.700498 -0.0130243 0.713531
-30.8716 43.6581 54.7643 -0.696967 -0.0145342 0.716953
-30.213 43.2312 55.3914 -0.692841 -0.0144664 0.720945
-29.2958 42.27 56.2486 -0.685403 -0.0201848 0.727858
-28.873 41.3184 56.6142 -0.687294 -0.021158 0.726051
-28.7218 40.2601 56.7316 -0.690589 -0.0177923 0.723029
-28.8405 39.2739 56.5946 -0.687292 -0.0230693 0.72598
-29.3658 37.8988 56.0583 -0.680896 -0.0189355 0.732135
-29.8582 37.1651 55.5754 -0.686978 -0.0238658 0.726271
-30.4708 36.6031 54.9716 -0.688555 -0.0280268 0.724642
-31.2548 36.1175 54.2011 -0.693408 -0.0284386 0.719984
-32.0012 35.8048 53.4695 -0.693099 -0.0282931 0.720286
-33.2415 35.7704 52.2555 -0.70341 -0.0199428 0.710505
-34.3282 36.1936 51.1863 -0.706831 -0.0192606 0.707114
-35.0973 36.5621 50.4293 -0.707964 -0.0215866 0.705917
-36.2865 37.1868 49.2485 -0.715462 -0.0197063 0.698343
-37.5594 37.5841 47.9397 -0.72398 -0.0186122 0.689533
-38.6271 37.6006 46.8079 -0.72712 -0.0142621 0.686363
-39.399 37.4747 45.9892 -0.726063 -0.0150371 0.687464
-40.1967 37.2914 45.1421 -0.726359 -0.0152261 0.687147
-41.252 37.0241 44.005 -0.73107 -0.0140542 0.682157
-41.4227 36.9929 43.8216 -0.733596 -0.0132342 0.679444
-41.3576 36.2591 43.8775 -0.734644 -0.0157195 0.678262
-42.0503 36.2827 43.1237 -0.739323 -0.00907354 0.673262
-42.9553 36.4104 42.1417 -0.72665 -0.00253585 0.687003
-43.7471 36.5044 41.3046 -0.732631 -0.00616279 0.680551
-44.4002 36.8891 40.5815 -0.742856 0.00011598 0.669451
-44.3043 37.9571 40.6904 -0.743171 -0.00175334 0.669099
-44.1798 39.0078 40.8318 -0.742933 -0.00339946 0.669356
-44.1539 40.1662 40.861 -0.73739 0.00154952 0.675466
-44.1493 41.2379 40.8634 -0.736024 -0.00394284 0.676918
-44.1426 42.2451 40.885 -0.734107 -0.0086719 0.678977
-44.1197 43.2923 40.9223 -0.733134 -0.0100603 0.680008
-44.09 44.8774 40.9816 -0.735842 -0.00907063 0.677075
-43.6305 45.9159 41.4752 -0.733069 0.00496752 0.680133
-42.6891 46.2134 42.4972 -0.742213 -0.00282238 0.670158
-42.0046 46.2867 43.2564 -0.74099 -0.00621905 0.671477
-41.2295 46.2795 44.1078 -0.739475 -0.00960259 0.673116
-40.5317 46.2057 44.8717 -0.736147 -0.00876897 0.676752
-39.7526 46.0502 45.7049 -0.730212 -0.00997884 0.683148
-38.6545 45.7542 46.8677 -0.726372 -0.00577091 0.687275
-37.957 45.4461 47.6069 -0.732175 -0.00521562 0.681097
-37.0272 44.9937 48.5996 -0.730327 -0.00687558 0.683063
-36.2656 44.65 49.4046 -0.722294 -0.00474039 0.691544
-35.4878 44.3947 50.2052 -0.717875 -0.00653272 0.696141
-34.6757 44.3275 51.0351 -0.711011 -0.00826637 0.703131
-33.917 44.4209 51.8029 -0.710963 -0.0100343 0.703157
-33.052 44.5595 52.6605 -0.697449 -0.0219575 0.716298
-31.6403 44.5755 54.0373 -0.697876 -0.0220354 0.715879
-30.8846 44.4725 54.7712 -0.695926 -0.0180361 0.717874
-30.026 43.9665 55.5857 -0.693309 -0.0151522 0.72048
-29.3405 43.4095 56.2284 -0.685193 -0.0125219 0.728246
-28.5054 42.0689 56.9854 -0.683962 -0.01899 0.729246
-28.2191 40.9918 57.2301 -0.687773 -0.0168162 0.725724
-28.1462 39.9112 57.2727 -0.690589 -0.0177923 0.723029
-28.4192 38.5572 56.9622 -0.685134 -0.0293295 0.727826
-28.8806 37.4436 56.4977 -0.681069 -0.0194837 0.731959
-29.4492 36.6058 55.9423 -0.683561 -0.0288408 0.729293
-30.1234 35.9858 55.278 -0.688401 -0.0278643 0.724794
-31.0705 35.4214 54.3513 -0.694531 -0.0265687 0.718968
-31.8458 35.0445 53.5904 -0.693764 -0.0263287 0.719721
-32.8155 34.8925 52.6522 -0.697842 -0.0239543 0.715802
-34.0542 35.285 51.4386 -0.702768 -0.0193954 0.711155
-34.7343 35.5823 50.7658 -0.707296 -0.0162406 0.706731
-35.5081 35.9843 49.9974 -0.711451 -0.0203547 0.702436
-36.3313 36.4277 49.1786 -0.711271 -0.0229526 0.702543
-37.1195 36.7439 48.3741 -0.71977 -0.0167354 0.694011
-38.2006 36.8876 47.2431 -0.726642 -0.0187458 0.68676
-38.9543 36.8296 46.4441 -0.724649 -0.0163266 0.688914
-39.6601 36.6754 45.6957 -0.726717 -0.0128601 0.686816
-40.4288 36.4559 44.8753 -0.730851 -0.0138005 0.682396
-41.3471 36.26 43.8889 -0.731862 -0.0151509 0.681277
-41.746 35.5077 43.4395 -0.732727 -0.00950985 0.680448
-42.5091 35.6233 42.611 -0.734054 -0.0059082 0.679054
-43.6375 35.7186 41.4149 -0.728584 -0.00735203 0.68491
-44.7767 35.9986 40.1635 -0.739402 0.000884791 0.67324
-45.0781 37.0241 39.8335 -0.737386 0.00584683 0.675425
-44.7872 38.0832 40.1545 -0.742998 -0.00204695 0.669291
-44.6539 39.3078 40.3076 -0.742654 -0.00483566 0.669657
-44.6431 40.9997 40.3251 -0.736066 -0.00419686 0.676869
-44.6397 42.0504 40.3439 -0.734546 -0.00980419 0.678488
-44.6315 43.1423 40.3683 -0.733134 -0.0100603 0.680008
-44.6379 44.1484 40.3744 -0.73808 -0.00682379 0.674679
-44.5979 45.4469 40.4262 -0.739187 0.00250533 0.673495
-44.1442 46.4452 40.9148 -0.734273 0.00631029 0.678825
-43.4822 46.7887 41.6273 -0.734512 -0.000619171 0.678558
-42.6512 46.9881 42.5464 -0.7433 -0.0109577 0.668868
-41.5701 47.0286 43.7441 -0.739889 -0.00936934 0.672664
-40.7695 46.9695 44.6226 -0.739041 -0.00987631 0.673588
-40.0357 46.8523 45.4139 -0.733496 -0.0071349 0.679656
-39.3503 46.7268 46.1456 -0.727827 -0.00982871 0.685678
-38.555 46.5044 46.9808 -0.724863 -0.00797074 0.688847
-37.789 46.1265 47.7925 -0.731068 -0.00593381 0.682276
-36.9697 45.7301 48.6691 -0.727975 -0.00706043 0.685554
-36.2623 45.4176 49.4125 -0.72348 -0.00380809 0.690323
-34.9816 45.0373 50.7328 -0.716697 -0.00485335 0.697364
-33.728 45.2276 52.0068 -0.711262 -0.0109676 0.702842
-32.6708 45.2896 53.0541 -0.699935 -0.0171339 0.713973
-31.7526 45.3325 53.948 -0.694257 -0.00800558 0.719683
-30.7924 45.2634 54.8789 -0.696646 -0.014348 0.717245
-30.0056 44.8002 55.6228 -0.691307 -0.0172721 0.72235
-29.2324 44.2115 56.345 -0.684365 -0.0154703 0.72896
-28.5446 43.544 56.9743 -0.683528 -0.0120444 0.72982
-27.9237 42.1731 57.5339 -0.684957 -0.0145848 0.728437
-27.6005 40.5245 57.8005 -0.684747 -0.0173309 0.728575
-27.6215 39.2314 57.7345 -0.680029 -0.0288601 0.732617
-28.0225 37.8158 57.3058 -0.682586 -0.0293759 0.730206
-28.7749 36.3473 56.5556 -0.67796 -0.0282423 0.734556
-29.3831 35.661 55.9655 -0.678638 -0.0326846 0.733741
-30.0335 35.1572 55.333 -0.687519 -0.0242091 0.725761
-31.1272 34.5991 54.2685 -0.695311 -0.0240104 0.718308
-31.9041 34.2231 53.5063 -0.693354 -0.019392 0.720336
-32.7217 34.1107 52.7167 -0.697255 -0.0248212 0.716352
-33.6707 34.321 51.7903 -0.701783 -0.0296317 0.711774
-34.7134 34.7842 50.7679 -0.708479 -0.018222 0.705493
-35.3872 35.1169 50.0971 -0.710355 -0.0188829 0.703591
-36.1727 35.5517 49.3129 -0.711785 -0.0176815 0.702175
-36.8711 35.9145 48.6117 -0.721508 -0.0187484 0.692143
-37.7744 36.1336 47.6715 -0.723411 -0.0208746 0.690102
-38.5373 36.1554 46.8668 -0.725418 -0.0170937 0.688091
-39.2336 36.0372 46.135 -0.726717 -0.0128601 0.686816
-40.26 35.732 45.0417 -0.728813 -0.0136672 0.684575
-40.8444 35.564 44.4143 -0.731741 -0.0129491 0.681453
-40.798 34.797 44.4487 -0.729053 -0.0138146 0.684317
-41.589 34.7104 43.6005 -0.733913 -0.00738186 0.679195
-42.6374 34.9135 42.4696 -0.729869 -0.00421941 0.683567
-43.8884 34.9938 41.1375 -0.731237 -0.0045668 0.682106
-44.5586 35.1237 40.404 -0.737273 0.00132917 0.675587
-45.2461 35.4038 39.656 -0.734562 0.00398995 0.678527
-45.9088 35.7822 38.9373 -0.737254 0.0056584 0.675569
-46.0271 36.7888 38.7929 -0.739925 0.00957071 0.672621
-45.4053 37.5109 39.4666 -0.741483 0.00378139 0.670932
-45.1248 38.8399 39.7821 -0.742786 -0.00359896 0.669518
-45.1266 39.8515 39.7879 -0.740315 -0.00581326 0.672228
-45.1336 41.03 39.7942 -0.735529 -0.0116958 0.677389
-45.1399 42.229 39.8052 -0.73445 -0.0100093 0.678589
-45.1487 43.2663 39.8058 -0.737455 -0.0046997 0.675373
-45.1522 44.3222 39.8125 -0.73879 -0.0046074 0.673919
-45.1548 45.72 39.8126 -0.743492 0.00468431 0.668707
-44.9153 46.8604 40.0682 -0.745632 0.0034032 0.666335
-44.1635 47.3903 40.8948 -0.734986 -0.00678107 0.678048
-43.4945 47.5718 41.6228 -0.738269 -0.0100461 0.67441
-42.7477 47.7057 42.451 -0.742437 -0.0122788 0.6698
-41.9554 47.7551 43.3293 -0.739887 -0.0082594 0.67268
-41.143 47.7611 44.2239 -0.739877 -0.00899981 0.672681
-40.3564 47.6325 45.0761 -0.733621 -0.00695306 0.679523
-39.5761 47.5202 45.9169 -0.731219 -0.00372016 0.682126
-38.7175 47.3373 46.8191 -0.724398 -0.00773289 0.689339
-37.6802 46.8444 47.9129 -0.730291 -0.0016097 0.683133
-36.8721 46.4488 48.7777 -0.726381 -0.00199897 0.687281
-35.7124 45.9252 49.9877 -0.718391 -0.00515746 0.695603
-34.9111 45.7548 50.808 -0.715835 -0.00281377 0.698264
-34.0611 45.9121 51.6802 -0.713598 -0.00678901 0.700503
-33.1005 46.0444 52.6422 -0.703827 -0.0113602 0.71028
-32.3744 46.041 53.3579 -0.697346 -0.0102042 0.716635
-31.339 46.0921 54.3558 -0.69699 -0.0102477 0.716997
-30.4356 45.9462 55.2392 -0.696668 -0.0144016 0.717226
-29.3345 45.162 56.2662 -0.681107 -0.0123317 0.73208
-28.6853 44.6886 56.8631 -0.68118 -0.0120121 0.732017
-28.0715 43.9716 57.4234 -0.682261 -0.00924838 0.73105
-27.6304 43.0915 57.8244 -0.682009 -0.0100332 0.731274
-27.2712 41.9426 58.1403 -0.681058 -0.0128606 0.73211
-27.0891 40.9412 58.2896 -0.682948 -0.0161106 0.730288
-27.0068 39.9403 58.3304 -0.679002 -0.0264498 0.73366
-27.178 38.4089 58.1134 -0.679018 -0.0296547 0.733521
-27.5611 37.3104 57.7137 -0.67944 -0.0285616 0.733174
-28.1901 36.0637 57.0843 -0.678308 -0.0282109 0.734236
-28.7028 35.2697 56.5757 -0.676882 -0.0368678 0.735168
-29.457 34.6837 55.8519 -0.676954 -0.0353925 0.735173
-30.4002 34.1175 54.9473 -0.688862 -0.0301324 0.724261
-31.4863 33.5892 53.8914 -0.687496 -0.02821 0.72564
-32.2052 33.3131 53.1917 -0.697455 -0.0253668 0.716142
-33.1866 33.4223 52.2301 -0.701249 -0.0302538 0.712275
-33.9951 33.6999 51.4445 -0.701405 -0.0289106 0.712176
-35.2606 34.2293 50.2012 -0.710117 -0.0147644 0.703929
-36.3506 34.8494 49.1146 -0.716844 -0.0230543 0.696799
-37.0006 35.2282 48.4513 -0.722249 -0.0269601 0.691107
-38.0831 35.4233 47.3257 -0.721569 -0.0235602 0.691937
-38.862 35.3605 46.5094 -0.722314 -0.0155809 0.691389
-39.7362 35.1395 45.5849 -0.72676 -0.0149185 0.686729
-40.2894 34.9511 44.9943 -0.728337 -0.0145676 0.685062
-40.2224 34.118 45.0465 -0.726284 -0.0183389 0.68715
-40.9878 34.0032 44.2314 -0.729097 -0.0131094 0.684284
-42.0356 33.9433 43.1107 -0.732881 -0.00829237 0.680289
-42.8884 33.9955 42.1959 -0.729107 -0.00475128 0.68438
-44.1456 34.2247 40.8548 -0.73125 -0.00433245 0.682094
-44.8827 34.4468 40.0548 -0.734135 0.00195122 0.678991
-45.655 34.7885 39.2193 -0.733627 0.00520467 0.679533
-46.3415 35.2275 38.4768 -0.733358 0.00825121 0.679788
-47.1097 35.5658 37.6421 -0.733471 0.0103269 0.679643
-48.1421 35.785 36.4705 -0.749732 0.0163556 0.66152
-48.844 35.6935 35.6874 -0.744469 0.0198079 0.667362
-49.7432 34.8604 34.7044 -0.760425 0.0236704 0.648661
-50.3611 34.3925 34.0214 -0.750736 0.0589107 0.657951
-51.3384 33.885 32.9686 -0.741962 0.0555875 0.668082
-52.1059 33.7712 32.1187 -0.748186 0.0660694 0.660177
-52.7712 33.7581 31.3664 -0.74248 0.0922816 0.663482
-53.4896 34.1204 30.5563 -0.704203 0.108808 0.701257
-54.3747 34.9996 29.5788 -0.68937 0.105779 0.716643
-54.9173 35.6048 28.9786 -0.674285 0.0840277 0.733319
-55.3495 36.6914 28.4971 -0.657519 0.0627423 0.750782
-55.7358 37.811 28.0872 -0.649399 0.0367254 0.759506
-55.9469 38.883 27.8631 -0.653956 0.0292421 0.755967
-56.159 40.2051 27.6343 -0.653675 0.0241305 0.756388
-56.3629 41.7802 27.4129 -0.649562 0.0174378 0.760086
-56.6386 43.1322 27.1524 -0.64108 0.0124108 0.767357
-56.9743 44.8622 26.8637 -0.638562 0.00131781 0.769565
-57.1289 46.0042 26.7414 -0.636633 -0.0130483 0.77103
-57.2678 47.5177 26.6316 -0.651943 0.0136343 0.758145
-57.0966 48.5897 26.7627 -0.65134 -1.02412e-05 0.758712
-56.8677 49.9116 26.9736 -0.647871 -0.0103312 0.76168
-56.4996 50.938 27.3092 -0.653864 -0.0125389 0.756493
-55.571 51.7931 28.1392 -0.668502 -0.0258602 0.74326
-54.8187 51.9793 28.8735 -0.703202 -0.0241063 0.710582
-53.9648 52.0488 29.7225 -0.710119 -0.0207908 0.703723
-53.2745 51.9861 30.4338 -0.764434 -0.0426089 0.643125
-52.4291 52.3716 31.4381 -0.761098 -0.0169839 0.648307
-51.7915 52.0253 32.1976 -0.770001 -0.0169084 0.637816
-50.9116 52.0982 33.2634 -0.772044 -0.0174716 0.635325
-50.257 52.1676 34.0445 -0.764503 -0.0108584 0.644525
-49.5842 52.3324 34.8424 -0.760651 -0.00972678 0.649071
-48.9639 51.9347 35.5602 -0.756375 -0.00689572 0.654066
-48.9114 50.7539 35.6068 -0.752332 -0.00520554 0.658762
-49.8316 50.4804 34.5249 -0.762273 -0.010086 0.647162
-50.8985 50.5828 33.2328 -0.776017 -0.0210403 0.630337
-51.5551 50.4367 32.4192 -0.774765 -0.0287977 0.63159
-52.2395 50.8342 31.5927 -0.780123 -0.044466 0.624016
-52.9707 50.4382 30.6625 -0.739269 -0.0452938 0.670187
-53.2669 49.4022 30.3401 -0.701693 -0.0116991 0.712383
-53.3553 47.6247 30.2394 -0.692141 -0.00813229 0.72162
-53.3022 46.5996 30.2664 -0.685951 -0.0166512 0.727457
-53.2166 45.1032 30.3112 -0.692438 -0.0122119 0.721374
-53.1493 43.4842 30.3502 -0.690118 -0.00556423 0.723663
-53.28 42.0673 30.2163 -0.684353 -0.00834122 0.729103
-53.2121 40.7438 30.2686 -0.689414 0.00139816 0.724363
-53.2925 39.1849 30.2029 -0.687035 0.00475745 0.726579
-53.1528 38.1292 30.3347 -0.676239 0.0333154 0.735093
-52.4856 37.4885 31.1359 -0.787074 0.100559 0.608606
-51.6161 37.523 32.248 -0.766808 0.0867858 0.635515
-50.6051 37.4236 33.4943 -0.781181 0.0477971 0.62247
-49.8716 37.3572 34.4048 -0.771444 0.0458329 0.634627
-49.19 37.339 35.229 -0.769177 0.0489526 0.637158
-48.2373 37.0895 36.3286 -0.748604 0.0197211 0.662719
-47.5969 36.8893 37.0706 -0.753114 0.0140252 0.657727
-46.8633 37.1034 37.8807 -0.740996 0.0195161 0.671225
-46.069 37.5916 38.7353 -0.736742 0.00980176 0.676086
-45.6861 38.4582 39.1572 -0.742023 -0.00545212 0.670338
-45.6182 39.6459 39.2471 -0.738567 -0.00739108 0.674139
-45.6854 41.512 39.2027 -0.736543 -0.0134218 0.676258
-45.7412 42.5274 39.1587 -0.735494 -0.0035993 0.677489
-45.6598 43.8951 39.2539 -0.737959 -0.00747531 0.674804
-45.6544 45.5684 39.2535 -0.746705 0.0070494 0.665118
-45.7439 46.8331 39.1396 -0.746735 0.00527587 0.665098
-45.0827 47.8285 39.8817 -0.74641 0.000523882 0.665482
-44.1081 48.1842 40.9632 -0.738973 -0.00263751 0.673696
-43.1557 48.4008 42.0143 -0.741483 -0.0139481 0.670827
-42.317 48.5424 42.939 -0.738972 -0.000672439 0.673736
-41.5074 48.6076 43.8275 -0.739036 0.000165839 0.673665
-40.6467 48.4257 44.7684 -0.734801 -0.00135585 0.678272
-39.8537 48.3201 45.6235 -0.733341 -0.00460617 0.679845
-39.1483 48.2268 46.3755 -0.728713 -0.00206636 0.684815
-38.4221 48.0551 47.1375 -0.724912 -0.00785944 0.688796
-37.7281 47.7255 47.8656 -0.725815 -0.00803661 0.687843
-37.0619 47.4385 48.5761 -0.728614 -0.000361655 0.684924
-35.9434 46.8875 49.7558 -0.719925 -0.00375524 0.694014
-34.8712 46.5508 50.8521 -0.7158 -0.00283732 0.698299
-34.1289 46.6115 51.6135 -0.716976 -0.00724124 0.697044
-33.4276 47.0633 52.3349 -0.703568 -0.0106992 0.710546
-32.4245 46.8557 53.3201 -0.701494 -0.011517 0.712582
-31.6318 46.8848 54.0837 -0.694711 -0.0150136 0.719123
-30.8862 46.9384 54.8139 -0.699953 -0.0134769 0.714062
-30.1893 46.675 55.4926 -0.693033 -0.00884991 0.720765
-29.0258 45.8064 56.5643 -0.680601 -0.013477 0.73253
-28.0835 45.0705 57.4286 -0.679131 -0.0116099 0.733922
-27.4067 44.3272 58.0443 -0.676117 -0.00561724 0.736773
-26.9075 43.103 58.4929 -0.674112 -0.00746788 0.73859
-26.4997 41.8558 58.8473 -0.672148 -0.0140181 0.740278
-26.5456 40.8472 58.7823 -0.672867 -0.0213738 0.739449
-26.4282 39.6743 58.8506 -0.672723 -0.0243647 0.739493
-26.5037 38.4609 58.7389 -0.675755 -0.0290682 0.736543
-26.9056 37.4278 58.3264 -0.679676 -0.0296603 0.732913
-27.3901 36.152 57.8275 -0.677796 -0.033082 0.734488
-27.8899 35.3453 57.3265 -0.675683 -0.0377512 0.736225
-28.592 34.4497 56.6367 -0.676238 -0.0373506 0.735735
-29.4106 33.8592 55.8533 -0.676852 -0.0373526 0.735171
-30.2259 33.1493 55.0656 -0.680306 -0.0388136 0.731885
-31.4161 32.504 53.917 -0.68616 -0.0272758 0.726938
-32.5496 32.4783 52.8201 -0.70276 -0.0200665 0.711143
-33.4848 32.8056 51.9103 -0.701557 -0.0300209 0.71198
-34.3235 32.9997 51.0941 -0.699552 -0.0275326 0.714051
-35.0753 33.2794 50.368 -0.705918 -0.021192 0.70792
-36.0606 33.7599 49.3774 -0.718671 -0.0219072 0.694998
-36.7728 34.337 48.6535 -0.721861 -0.0273534 0.691497
-37.8778 34.7581 47.5171 -0.721936 -0.0265392 0.691451
-38.6535 34.4876 46.7052 -0.721468 -0.0193506 0.692178
-39.654 34.2521 45.651 -0.72603 -0.0182298 0.687421
-39.7688 34.2247 45.5289 -0.72639 -0.018495 0.687034
-36.3767 40.2664 49.2178 -0.717906 -0.00443618 0.696126
-35.4175 39.9905 50.2084 -0.715321 -0.0133078 0.698608
-34.5175 39.5141 51.1011 -0.708042 -0.0193991 0.705904
-33.8126 39.0201 51.7919 -0.706694 -0.0216466 0.707188
-32.9231 38.8636 52.6658 -0.69803 -0.0180426 0.715841
-32.0615 38.9964 53.5102 -0.695895 -0.0162937 0.717951
-31.4192 39.4646 54.1389 -0.694003 -0.0149296 0.719816
-31.4334 40.6058 54.1552 -0.693623 -0.0198513 0.720064
-32.1922 40.9421 53.4399 -0.69125 -0.0256098 0.722162
-33.1803 40.843 52.4708 -0.702173 -0.0203014 0.711684
-34.0969 40.6761 51.5521 -0.707197 -0.0171495 0.706809
-35.0845 40.6565 50.5609 -0.714448 -0.0119086 0.699527
-35.8532 40.5514 49.7615 -0.720997 -0.00695888 0.692903
-36.0846 40.5889 49.521 -0.719471 -0.0056605 0.694495
-33.7321 39.7723 51.8934 -0.70529 -0.0201274 0.708633
-32.7686 39.9445 52.8441 -0.697392 -0.0182844 0.716456
-32.0478 39.8748 53.5429 -0.693922 -0.0175518 0.719835
-32.6939 40.3561 52.929 -0.698828 -0.0255874 0.714832
-33.3351 39.5966 52.2836 -0.701379 -0.019316 0.712505
-49.1453 36.5946 35.324 -0.746137 0.0291084 0.665091
-49.9208 36.6092 34.3951 -0.773501 0.0424911 0.632369
-50.9124 36.6325 33.1702 -0.765722 0.0652925 0.639216
-51.7058 36.6007 32.2634 -0.751701 0.0837878 0.65416
-52.3351 36.5821 31.4735 -0.784411 0.0923803 0.613302
-53.3439 37.1966 30.2534 -0.706032 0.110344 0.699477
-53.854 38.4337 29.6759 -0.676412 0.0325548 0.735062
-53.9011 39.5636 29.618 -0.689523 0.010344 0.72419
-53.8897 40.8916 29.6279 -0.682105 -0.0106955 0.731175
-53.8901 42.5342 29.6414 -0.687289 -0.00284806 0.726364
-53.8022 43.9806 29.7342 -0.690155 -0.00986168 0.723594
-53.8091 45.2483 29.7441 -0.693097 -0.0151867 0.720647
-53.8632 46.88 29.7424 -0.688698 -0.0197942 0.724766
-53.9161 48.0864 29.6923 -0.697853 0.000582654 0.716241
-53.8936 49.372 29.7224 -0.700992 -0.0135621 0.713037
-53.6666 50.4762 29.9697 -0.700074 -0.0184335 0.713828
-54.0346 51.3266 29.632 -0.706088 -0.0205726 0.707819
-54.8702 51.2644 28.7982 -0.702258 -0.0227003 0.711558
-55.9285 50.445 27.7919 -0.654085 -0.0173834 0.756221
-56.4485 48.9651 27.3177 -0.648536 -0.000187217 0.76112
-56.5705 47.8888 27.2252 -0.649905 0.00323566 0.759993
-56.5426 46.7043 27.2449 -0.638873 -0.0181823 0.769097
-56.4244 45.5443 27.3206 -0.639645 0.000456025 0.768654
-56.1827 43.9119 27.5334 -0.644885 0.00432714 0.764266
-55.8464 42.3515 27.8456 -0.653741 0.0185514 0.75649
-55.7001 41.2633 27.9993 -0.65536 0.0221198 0.754991
-55.4745 39.6756 28.2428 -0.653675 0.0241305 0.756388
-55.2968 38.515 28.4387 -0.643597 0.029046 0.764813
-54.6897 36.8885 29.0675 -0.661976 0.0649901 0.746695
-54.1532 35.7928 29.6736 -0.686795 0.10577 0.719101
-53.2728 34.8406 30.6648 -0.695702 0.101324 0.711107
-52.1516 34.5707 31.9842 -0.753957 0.0695433 0.653224
-51.4607 34.6466 32.7594 -0.744991 0.0635765 0.664034
-50.7474 34.952 33.536 -0.747525 0.057987 0.661698
-49.7909 35.852 34.5969 -0.772509 0.0319057 0.634202
-49.2996 36.3509 35.1597 -0.744123 0.0204163 0.66773
-50.9178 36.0018 33.2447 -0.749904 0.0731558 0.657398
-51.8944 35.7844 32.1509 -0.766989 0.0877525 0.635158
-51.967 35.2921 32.1242 -0.751214 0.0662827 0.65669
-51.3215 35.6661 32.8187 -0.748094 0.0637051 0.660527
-51.1999 35.714 32.9517 -0.748382 0.0630806 0.660261
-52.8241 35.4072 31.0801 -0.764884 0.119867 0.632914
-53.1609 36.1746 30.5935 -0.720294 0.0825424 0.688025
-53.0386 35.443 30.8147 -0.732039 0.108936 0.670609
-54.684 38.4751 28.956 -0.645512 0.0292279 0.763186
-54.8278 39.8421 28.8028 -0.656641 0.0157092 0.753995
-55.1003 41.2151 28.5225 -0.657466 0.0214043 0.753178
-55.2236 42.5168 28.398 -0.67612 -0.00291668 0.736786
-55.5625 43.6666 28.0905 -0.675732 0.00280059 0.737141
-55.7763 45.2579 27.8981 -0.673033 -0.00317947 0.739606
-55.9551 46.6139 27.7389 -0.646789 -0.0183796 0.762447
-56.0076 47.6624 27.7082 -0.650699 0.00396924 0.7593
-55.8555 48.9549 27.8238 -0.667819 -0.00944425 0.743512
-55.3918 50.0457 28.2704 -0.69209 -0.00270091 0.721806
-54.3845 50.2532 29.2573 -0.704915 -0.0148638 0.709136
-54.4547 49.0984 29.169 -0.693604 -0.0130219 0.720148
-54.4393 48.0038 29.1669 -0.713914 -0.00503172 0.700215
-54.3448 46.5513 29.2509 -0.712221 -0.00663968 0.701909
-54.267 45.1652 29.3018 -0.694565 -0.013353 0.719252
-54.4009 43.6209 29.1581 -0.684416 -0.00327412 0.728997
-54.4057 42.6463 29.1567 -0.685046 0.001568 0.728497
-54.6819 41.6822 28.8981 -0.683763 -0.00415913 0.729674
-54.3725 40.7062 29.1747 -0.669994 0.00567379 0.741965
-54.5273 39.0935 29.071 -0.655222 0.00894024 0.755383
-54.5201 38.8707 29.0802 -0.65144 0.0194586 0.75837
-54.7195 44.6495 28.863 -0.68505 -0.00165944 0.728399
-55.2548 45.9499 28.3643 -0.670907 0.0128506 0.74143
-55.4725 47.2759 28.1644 -0.646413 -0.00595888 0.762865
-54.9495 47.7085 28.6483 -0.701135 -0.0113506 0.712794
-54.8094 46.6006 28.7836 -0.709504 -0.00454669 0.704687
-54.715 45.4886 28.8775 -0.702178 -0.0102191 0.711776
-54.7063 45.2934 28.88 -0.694565 -0.013353 0.719252
-55.403 48.339 28.231 -0.69085 -0.0256402 0.722537
-55.0829 49.2754 28.5641 -0.692988 -0.00197253 0.720945
-55.1957 49.0774 28.4557 -0.689269 -0.013491 0.724251
-50.6736 51.166 33.5298 -0.773172 -0.0203375 0.633856
-50.6084 51.1697 33.6093 -0.765574 -0.0109278 0.643255
-50.6147 51.1694 33.6018 -0.769341 -0.0135305 0.638662
