40.2676 -38.0417 45.5453 0.697556 -0.0105829 0.716452
40.5735 -39.0796 45.2322 0.698504 -0.0108234 0.715523
40.8774 -37.9031 44.9536 0.698436 -0.0110201 0.715586
41.3675 -37.5892 44.4685 0.709841 -0.00401718 0.704349
40.9156 -36.7064 44.9252 0.700003 -0.00228893 0.714075
40.1636 -36.8966 45.6489 0.695039 0.000154217 0.718972
39.7243 -38.1003 46.0738 0.696568 -0.00525727 0.717448
39.9157 -39.1542 45.8758 0.705693 0.000273433 0.708518
40.541 -39.8984 45.2509 0.702329 -0.00923515 0.711777
41.2617 -39.0685 44.5589 0.699387 -0.0115091 0.71465
41.4296 -38.5476 44.402 0.710098 -0.00292989 0.704097
41.9078 -38.6388 43.9192 0.710238 -0.00297089 0.703955
41.8638 -37.5416 43.9688 0.709411 -0.00436152 0.704781
41.576 -36.563 44.266 0.708848 -0.00341965 0.70535
40.5219 -35.7793 45.3064 0.69816 -0.00144334 0.715925
39.8013 -36.3086 45.9988 0.694092 -0.00137612 0.719882
39.3097 -37.369 46.4794 0.703191 -0.00173125 0.710999
39.2334 -38.3594 46.5508 0.699858 -0.00156273 0.714265
39.5379 -39.5952 46.2521 0.70552 0.000361447 0.70869
40.1473 -40.5937 45.6364 0.707051 -0.00670682 0.70713
40.8829 -40.6421 44.9039 0.702277 -0.00914102 0.711829
41.6994 -39.5519 44.1227 0.699457 -0.0115906 0.714581
41.7474 -39.4182 44.0778 0.704849 -0.00722502 0.709267
42.251 -39.5651 43.5768 0.70425 -0.00113254 0.709947
41.8576 -40.4626 43.9555 0.696958 -0.00998057 0.717042
41.2086 -41.252 44.5755 0.698168 -0.0106548 0.715852
40.3751 -41.5316 45.4017 0.706453 -0.00403512 0.707748
39.7002 -41.1413 46.0793 0.711025 -0.0019309 0.703164
39.1887 -40.2301 46.6002 0.706543 -0.00358895 0.707649
38.7582 -38.6315 47.0158 0.69945 0.00185388 0.714678
38.7166 -37.5909 47.0654 0.702412 -0.00392388 0.711756
38.9995 -36.571 46.7882 0.704017 -0.00493926 0.710158
39.8378 -35.3187 45.9711 0.699024 -0.00763241 0.71502
40.5606 -34.9181 45.2758 0.696846 -0.00537751 0.717195
41.4115 -35.289 44.4358 0.706897 -0.00454571 0.707302
42.2402 -36.8373 43.5943 0.710053 -0.00493901 0.704131
42.3955 -38.089 43.4315 0.706516 -0.00196551 0.707684
42.3225 -39.1844 43.5051 0.704357 0.0014843 0.709845
42.7802 -39.5815 43.0518 0.704296 -0.000986779 0.709901
42.358 -40.7684 43.4645 0.700797 -0.00690534 0.713305
41.7986 -41.5743 43.9928 0.696922 -0.0264925 0.716658
40.8023 -42.2754 44.9711 0.715419 -0.0129539 0.698576
40.0847 -42.2639 45.6875 0.708498 -0.00282317 0.705698
39.4559 -41.8085 46.3246 0.711025 -0.0019309 0.703164
38.6975 -40.436 47.0811 0.698248 0.0025108 0.715852
38.361 -39.2247 47.4071 0.699892 0.000472743 0.714247
38.1869 -38.0994 47.5833 0.704664 -0.00554688 0.709519
38.2806 -37.0123 47.498 0.704145 -0.00483536 0.710032
38.8399 -35.6731 46.957 0.704968 -0.00794303 0.709195
39.5414 -34.7148 46.2727 0.704058 -0.00893522 0.710087
40.7332 -34.148 45.1067 0.699405 0.000783127 0.714725
41.7414 -34.7277 44.1097 0.706696 -0.0046518 0.707502
42.5082 -35.9465 43.3524 0.694426 -0.00305325 0.719486
42.7985 -36.9882 43.0563 0.691778 -0.0122677 0.722006
42.9026 -38.6256 42.9374 0.681994 -0.0132728 0.731237
42.8637 -39.0033 42.9676 0.693652 -0.00422388 0.720122
43.3939 -39.1621 42.4697 0.686337 -0.0155359 0.727082
43.4204 -37.778 42.4655 0.683658 -0.00422425 0.72979
43.2286 -36.5422 42.6515 0.687689 -0.00768725 0.725931
42.939 -35.532 42.9323 0.694398 0.00630626 0.719564
42.3371 -34.4753 43.5157 0.70702 -0.00496176 0.707176
41.5735 -33.684 44.2828 0.705131 0.00120053 0.70907
40.4094 -33.3946 45.4254 0.70009 -0.0016625 0.714052
39.7132 -33.68 46.1097 0.702266 -0.00227311 0.711911
38.7397 -34.7516 47.0672 0.70326 -0.00553537 0.710901
38.1718 -35.6825 47.619 0.701737 -0.00644233 0.712407
37.774 -36.6414 48.0021 0.702175 -0.00593594 0.711979
37.6858 -38.0491 48.0813 0.703558 -0.00401638 0.710624
37.9553 -39.7352 47.8034 0.702074 -0.00164053 0.71209
38.334 -40.9867 47.437 0.697833 0.00175852 0.716258
38.8356 -41.9839 46.9504 0.704221 -0.000689809 0.709923
39.5127 -42.8074 46.2644 0.710648 -0.0020229 0.703544
40.2433 -43.0777 45.525 0.708498 -0.00282317 0.705698
41.0207 -42.9878 44.7341 0.715328 -0.0131954 0.698664
41.9852 -42.2913 43.7847 0.697057 -0.0264344 0.716528
42.5777 -41.534 43.2358 0.698099 -0.0269453 0.715493
43.0049 -40.6641 42.8211 0.706192 -0.00859658 0.707953
43.2506 -39.8647 42.5858 0.69559 -0.0118344 0.718237
43.6653 -40.3512 42.1772 0.690559 -0.0171336 0.723036
43.3424 -41.3465 42.4761 0.706192 -0.00859658 0.707953
42.779 -42.2683 43.0107 0.698806 -0.0263233 0.714826
41.9579 -43.2108 43.7775 0.697555 -0.0135044 0.71629
41.2912 -43.6577 44.4475 0.715416 -0.00858753 0.698646
40.162 -43.8592 45.5998 0.711614 -0.00814612 0.70251
39.1032 -43.3547 46.6699 0.708947 -0.00804124 0.705215
38.44 -42.4545 47.3317 0.692587 -0.00648 0.721304
37.9741 -41.5864 47.7853 0.692567 -0.00506804 0.721336
37.494 -39.9871 48.2594 0.703675 -0.00245941 0.710516
37.2617 -38.7879 48.496 0.703056 -0.00438872 0.711121
37.1493 -37.4066 48.6137 0.7026 -0.00251044 0.711581
37.2494 -36.2994 48.5226 0.702504 -0.00538207 0.71166
37.8056 -35.1682 47.9843 0.701443 -0.00496128 0.712706
38.2444 -34.3682 47.5567 0.701581 -0.00264719 0.712584
38.7943 -33.7052 47.0163 0.702226 -0.00214354 0.71195
39.5784 -32.9654 46.2445 0.702299 -0.00172089 0.711879
40.3978 -32.6297 45.438 0.70089 -0.00130551 0.713267
41.1614 -32.6954 44.6868 0.703296 0.00277564 0.710892
41.8601 -33.0376 43.9964 0.70779 0.000454143 0.706421
42.8383 -34.0594 43.0178 0.707195 -0.00143656 0.707008
43.366 -35.1855 42.5129 0.701987 0.00987549 0.712121
43.6867 -36.2968 42.2097 0.704897 0.00715109 0.709273
43.897 -37.3495 42.0117 0.704136 0.00681753 0.710032
44.0139 -38.4311 41.9047 0.704615 0.00532246 0.709569
43.8729 -39.5224 42.0062 0.686354 -0.0214947 0.72695
43.8059 -39.8315 42.0605 0.686872 -0.0220566 0.726443
44.3223 -40.0363 41.5605 0.692911 -0.0223275 0.720678
44.5261 -38.3436 41.3946 0.70573 0.000154478 0.708466
44.3157 -36.5523 41.5871 0.704931 0.00754607 0.709235
44.0592 -35.4301 41.8309 0.70474 0.00726098 0.709429
43.6189 -34.2765 42.251 0.702162 0.010114 0.711946
43.1741 -33.4695 42.678 0.705478 0.00630748 0.708674
42.0458 -32.3289 43.8105 0.705961 0.00100004 0.708238
41.3013 -31.9149 44.5448 0.703159 0.00531762 0.711013
40.3986 -31.7438 45.4371 0.702719 0.00349769 0.711455
39.5557 -31.997 46.2677 0.70202 0.00145317 0.712156
38.8936 -32.608 46.9218 0.703338 -0.0015103 0.710851
38.3652 -33.2802 47.4406 0.702064 -0.00204396 0.712111
37.6204 -34.3545 48.1704 0.700998 -0.00283849 0.713157
37.0442 -35.4002 48.7319 0.696821 -0.000629646 0.717214
36.5444 -36.2607 49.2135 0.693326 0.000280639 0.720624
36.5689 -37.3351 49.1867 0.702432 -0.0038144 0.711739
36.6064 -38.5128 49.1424 0.698893 -0.00469581 0.71521
36.893 -40.1203 48.8516 0.700416 -0.00549415 0.713713
37.2295 -41.1461 48.5114 0.700057 -0.00906687 0.71403
37.6891 -42.5221 48.0522 0.692864 -0.00604187 0.721042
38.3507 -43.3266 47.4081 0.695051 -0.00978118 0.718883
38.7662 -44.1885 46.9923 0.700617 -0.0105473 0.713445
39.5401 -44.4045 46.219 0.708649 -0.0076931 0.705519
40.341 -44.5984 45.4074 0.714267 -0.00954954 0.699808
41.0762 -44.5452 44.6568 0.715095 -0.00886947 0.69897
41.8678 -44.0283 43.8671 0.703193 0.00171566 0.710997
42.8136 -43.4083 42.9432 0.694905 -0.00998851 0.718959
43.2812 -42.5136 42.5062 0.707658 -0.0183262 0.706305
43.8522 -41.8148 41.9677 0.697848 -0.0187459 0.715998
44.117 -40.7999 41.7346 0.692381 -0.0195766 0.721265
44.132 -40.6212 41.7253 0.69244 -0.0216117 0.721151
