-19.5029 -43.185 63.812 -0.510818 -0.016841 0.859523
-19.4192 -44.7854 63.8368 -0.494269 -0.0161926 0.869157
-19.173 -45.8194 63.9581 -0.493052 -0.0146805 0.869876
-18.8867 -44.9711 64.1491 -0.527619 -0.0185759 0.849278
-18.8187 -43.6653 64.2163 -0.526074 -0.0116573 0.850359
-18.7765 -42.6676 64.2557 -0.519046 -0.0145611 0.854576
-18.1779 -42.4818 64.6095 -0.509408 0.00367598 0.860514
-18.4547 -41.4636 64.444 -0.509335 0.00220442 0.860561
-19.9075 -41.4222 63.5788 -0.513367 0.0005381 0.858163
-20.1343 -42.4163 63.4404 -0.515394 -0.00219303 0.856951
-20.1297 -43.5745 63.4324 -0.507129 -0.00626057 0.861784
-20.1196 -44.6817 63.4409 -0.497344 -0.00636599 0.867475
-19.9218 -46.1839 63.5283 -0.492791 -0.013719 0.87004
-19.1687 -46.9709 63.9584 -0.500611 0.00122797 0.865671
-18.5114 -46.404 64.3516 -0.517326 -0.00179314 0.855786
-18.2334 -45.1676 64.5497 -0.521402 -0.0260555 0.852913
-18.1828 -43.4267 64.6129 -0.52687 -0.0115528 0.849867
-18.1827 -43.4216 64.613 -0.518015 -0.00277206 0.855271
-17.5742 -43.2007 64.9719 -0.509571 0.00610066 0.860407
-17.6152 -41.5936 64.9385 -0.507766 0.00334802 0.861488
-18.1315 -40.4411 64.6311 -0.495945 0.00457773 0.868311
-19.1782 -40.2527 64.0155 -0.508766 -0.00606005 0.860883
-20.5907 -40.7385 63.1724 -0.51182 -0.00209294 0.859082
-20.763 -41.7638 63.0697 -0.508261 -0.00384674 0.861194
-20.7838 -42.964 63.0514 -0.504789 -0.00082108 0.863225
-20.7639 -44.1298 63.066 -0.501155 0.00191681 0.865355
-20.7242 -45.1972 63.0895 -0.492875 -0.014291 0.869982
-20.6382 -46.2204 63.1219 -0.492644 -0.0132265 0.87013
-20.2664 -47.3222 63.3245 -0.500194 0.000647209 0.865913
-19.0084 -47.7469 64.0529 -0.501018 0.00188217 0.865435
-18.0928 -47.4978 64.6071 -0.523508 0.00708142 0.851991
-17.6708 -46.5411 64.8624 -0.524454 -0.00842206 0.851354
-17.6267 -45.375 64.9143 -0.521402 -0.0260555 0.852913
-17.6035 -44.3051 64.9611 -0.524476 -0.0223944 0.851116
-17.6014 -44.2334 64.9636 -0.518716 -0.00231319 0.854832
-16.998 -43.9134 65.3133 -0.500363 -0.000688535 0.865794
-17.0166 -45.1107 65.2835 -0.505961 -0.0228028 0.862254
-17.0357 -46.4356 65.2461 -0.512608 -0.00188521 0.85847
-17.1535 -47.6708 65.1854 -0.522869 0.00694476 0.852385
-17.8514 -48.4184 64.763 -0.52354 0.00587931 0.85198
-19.1851 -48.5515 63.9579 -0.508818 0.0133222 0.860771
-20.2703 -48.4387 63.3249 -0.500173 0.00582023 0.865906
-21.1653 -47.9459 62.8084 -0.498237 0.002323 0.867037
-21.2796 -46.9433 62.7423 -0.499021 -0.00838042 0.866535
-21.3258 -45.9373 62.7309 -0.500632 -0.013483 0.865555
-21.3524 -44.854 62.7268 -0.50278 -0.00207907 0.864401
-21.4288 -43.6954 62.68 -0.501267 0.00205936 0.86529
-21.4364 -42.6528 62.6717 -0.501843 0.00393535 0.86495
-21.4398 -41.0526 62.6698 -0.509587 0.000814863 0.860419
-21.2353 -40.0057 62.7899 -0.512087 -0.00205345 0.858922
-19.8737 -39.4617 63.6106 -0.507109 -0.0140381 0.861738
-18.7215 -39.4448 64.2893 -0.507647 -0.00401405 0.861556
-17.5352 -39.6032 64.9747 -0.497245 -0.00180932 0.867607
-17.0195 -40.4427 65.2669 -0.496225 -0.00137943 0.868192
-16.9406 -41.4664 65.3243 -0.495267 0.011759 0.868662
-16.9668 -42.8542 65.3257 -0.502944 0.00489072 0.864305
-16.9826 -43.3865 65.3194 -0.502846 0.00467644 0.864363
-16.2246 -43.3779 65.7607 -0.50052 -0.000650757 0.865701
-16.2293 -44.5332 65.75 -0.497421 -0.00605055 0.867488
-16.2434 -45.7101 65.722 -0.512948 -0.0058312 0.858205
-16.2808 -46.8725 65.7127 -0.520921 0.00996344 0.853547
-16.3656 -48.0522 65.6718 -0.523085 0.00777839 0.852244
-16.7245 -49.0777 65.4613 -0.525336 0.00575292 0.85087
-17.6714 -49.2217 64.8785 -0.523698 0.00467907 0.851891
-18.4869 -49.5144 64.3852 -0.513852 0.0115683 0.857778
-19.8655 -49.3988 63.57 -0.507776 0.0143147 0.86137
-20.805 -49.3802 63.023 -0.497459 0.00809027 0.867445
-21.6952 -49.1335 62.512 -0.49557 0.0100996 0.868509
-21.9559 -48.1499 62.3551 -0.497833 0.00470246 0.867259
-22.1721 -46.9889 62.229 -0.499152 -0.00447989 0.866503
-22.169 -45.5943 62.2449 -0.504044 -0.00649569 0.863653
-22.1829 -44.4802 62.2451 -0.502232 -0.0022295 0.864716
-22.094 -43.4798 62.2935 -0.497183 0.00271676 0.867626
-22.2172 -41.8838 62.2221 -0.488974 0.0154031 0.87205
-22.1746 -40.477 62.2337 -0.510229 0.00154602 0.860037
-21.8317 -39.1962 62.4317 -0.518938 -0.00303306 0.854729
-21.0988 -38.6782 62.8892 -0.532612 -0.00261184 0.846339
-20.121 -38.631 63.4769 -0.501587 -0.00999286 0.86505
-19.1816 -38.5545 64.0226 -0.504498 -0.00690797 0.863374
-17.9221 -38.7031 64.7532 -0.498024 -0.00067897 0.867163
-16.942 -38.6589 65.318 -0.497602 -0.00660284 0.867378
-16.1944 -39.6464 65.7401 -0.497587 -0.0025041 0.867408
-16.3773 -40.6467 65.6344 -0.496073 0.00558898 0.868241
-16.1329 -41.6534 65.7906 -0.498562 0.0145863 0.866731
-16.2193 -42.2331 65.7511 -0.498513 0.0154073 0.866745
-16.2233 -42.7474 65.758 -0.501121 0.0101539 0.865296
