-20.1639 -43.7958 64.3173 -0.517837 -0.0113757 0.855404
-20.0369 -45.1203 64.375 -0.516564 -0.0148613 0.856117
-19.5021 -46.0006 64.6792 -0.519124 -0.0162591 0.854532
-19.5625 -44.826 64.6671 -0.518035 -0.0152407 0.855219
-19.4324 -43.7027 64.7616 -0.518008 -0.0114937 0.855299
-19.9094 -42.4177 64.4854 -0.521688 -0.00337345 0.853129
-20.0762 -42.9954 64.3812 -0.519595 -0.00732221 0.854369
-20.672 -43.3293 64.0159 -0.519595 -0.00732221 0.854369
-20.5633 -42.2226 64.0865 -0.521543 -0.0031315 0.853219
-19.782 -41.119 64.5649 -0.519491 0.000356101 0.854476
-18.9635 -41.3555 65.062 -0.515256 -0.00044842 0.857036
-18.739 -42.7868 65.2025 -0.524466 -0.00156256 0.851338
-18.6884 -43.8518 65.2188 -0.530156 -0.0125285 0.847808
-18.651 -45.5048 65.211 -0.523244 -0.014696 0.852056
-18.7782 -46.6067 65.1133 -0.524646 -0.0046755 0.85125
-19.8835 -47.0271 64.4401 -0.510474 0.00332529 0.859801
-20.4738 -46.149 64.1028 -0.500798 -0.00644223 0.86554
-20.6686 -44.4378 64.004 -0.506878 -0.00875107 0.861973
-20.6824 -43.4241 64.0084 -0.517837 -0.0113757 0.855404
-21.2533 -43.7048 63.6674 -0.509354 -0.00713154 0.860522
-21.2324 -42.6117 63.6853 -0.510241 -0.00454523 0.860019
-21.185 -41.492 63.7198 -0.508907 -0.00684518 0.860791
-20.4226 -40.3079 64.1911 -0.513191 -0.016596 0.858114
-18.9946 -40.276 65.0456 -0.511257 -0.0142567 0.859303
-18.2365 -40.8107 65.4993 -0.514782 -0.000555726 0.85732
-18.0832 -41.8935 65.591 -0.51692 0.00452914 0.856005
-18.0567 -43.3122 65.6212 -0.523838 -0.00252601 0.851733
-18.0176 -44.8218 65.6126 -0.524897 -0.0205562 0.850917
-18.0254 -46.4959 65.5795 -0.523343 -0.0133006 0.852016
-18.3234 -47.5315 65.4012 -0.528824 0.0101002 0.848671
-19.2867 -47.888 64.8121 -0.521317 0.00873115 0.853318
-20.1675 -47.8094 64.2747 -0.510492 0.00388224 0.859785
-20.9329 -47.2907 63.8326 -0.50176 -0.00253621 0.865001
-21.1894 -46.1557 63.6887 -0.504068 -0.00335453 0.863644
-21.2366 -45.0423 63.6638 -0.504642 -0.00546473 0.8633
-21.2511 -44.1588 63.6635 -0.507726 -0.00891788 0.861472
-21.8583 -44.3245 63.3049 -0.508451 -0.00608616 0.861065
-21.8695 -45.5234 63.2908 -0.5064 -0.002747 0.862295
-21.8046 -46.6727 63.3254 -0.508184 -0.0027252 0.861242
-21.6554 -47.9928 63.4067 -0.507874 -0.00379703 0.861423
-20.8096 -48.5186 63.8997 -0.505159 0.000445687 0.863013
-19.4194 -48.6655 64.7401 -0.521396 0.0109767 0.853243
-18.3133 -48.5817 65.4204 -0.53147 0.0118392 0.846959
-17.5692 -48.0555 65.8781 -0.535576 0.00884134 0.844407
-17.3972 -46.7837 65.98 -0.54161 0.00253962 0.840621
-17.345 -45.4117 66.0152 -0.530274 -0.00863689 0.847705
-17.3997 -43.8145 66.0204 -0.518932 -0.00796824 0.854607
-17.4018 -42.5247 66.008 -0.510287 0.00884569 0.859958
-17.4598 -40.7104 65.9651 -0.508903 -0.000373295 0.860824
-18.0401 -39.5525 65.6226 -0.510035 -0.0103809 0.86009
-19.0688 -39.4228 65.0133 -0.509375 -0.0116075 0.860466
-20.3414 -39.4334 64.2573 -0.513034 -0.0175356 0.858189
-21.5934 -39.8262 63.4983 -0.515635 -0.0166121 0.856647
-21.8716 -41.2319 63.3128 -0.514019 -0.00705682 0.85775
-21.8791 -42.4853 63.2999 -0.513366 -0.00255197 0.858162
-21.8562 -43.8082 63.3089 -0.510487 -0.00436831 0.859874
-21.9015 -44.0301 63.2808 -0.510421 -0.00450684 0.859913
-22.5987 -43.4979 62.8696 -0.514049 -0.00152641 0.857744
-22.6782 -42.3252 62.8203 -0.518178 0.000865155 0.855272
-22.664 -41.1994 62.8327 -0.525103 -0.00232922 0.851022
-22.5829 -39.9787 62.8813 -0.528193 0.0013774 0.849123
-22.3014 -38.9869 63.0547 -0.533018 0.00167778 0.846081
-21.5646 -38.4561 63.5249 -0.536727 -0.00254052 0.843752
-20.5724 -38.4317 64.1402 -0.506598 -0.0142738 0.862004
-19.4743 -38.6608 64.7835 -0.509284 -0.00949384 0.860543
-18.2604 -38.4842 65.5052 -0.503975 -0.00525725 0.863648
-17.4212 -38.7805 65.9881 -0.499198 0.00173132 0.866486
-16.5506 -39.4468 66.4991 -0.506787 0.00343596 0.862064
-16.7686 -40.4172 66.3736 -0.508831 4.99463e-05 0.860867
-16.6246 -41.5798 66.4613 -0.511405 0.00721236 0.85931
-16.6017 -42.5809 66.4833 -0.510848 0.00801616 0.859633
-16.5966 -44.0468 66.499 -0.510459 0.00666877 0.859876
-16.5632 -45.566 66.5126 -0.537911 0.00388851 0.842992
-16.5911 -47.0196 66.5 -0.540959 0.00550846 0.84103
-16.852 -47.9857 66.3397 -0.544543 0.0116474 0.838628
-17.2985 -49.1622 66.0781 -0.539143 0.0213333 0.841921
-18.3029 -49.5453 65.4482 -0.540935 0.0201174 0.840796
-19.2377 -49.5589 64.862 -0.521485 0.00930092 0.853207
-20.571 -49.358 64.0467 -0.520458 0.0107858 0.853819
-21.4457 -49.3015 63.53 -0.511058 0.00433855 0.859522
-22.243 -48.9386 63.0534 -0.510711 -0.00771008 0.859716
-22.629 -47.7335 62.8322 -0.509768 -0.00421867 0.860301
-22.6008 -46.472 62.856 -0.508945 -0.00417516 0.860789
-22.6974 -45.4777 62.8024 -0.509129 -0.00309421 0.860685
-22.6933 -44.5296 62.8082 -0.509858 -0.00380017 0.860249
-22.7419 -44.1985 62.7811 -0.510421 -0.00450684 0.859913
