-24.1197 44.4001 34.4058 -0.544974 -0.00993289 0.838358
-23.2712 43.6421 34.9405 -0.530786 -0.00668123 0.84748
-22.5913 44.5653 35.368 -0.528115 -0.00262 0.849169
-24.08 44.4149 34.4313 -0.531791 -0.0120497 0.846737
-24.1093 44.4121 34.4128 -0.544517 -0.0171687 0.838574
-24.0036 45.0978 34.4949 -0.535802 -0.0183992 0.844085
-25.0373 44.4142 33.8094 -0.544974 -0.00993289 0.838358
-24.7999 43.309 33.9533 -0.562605 -0.0149347 0.826591
-23.3747 42.9877 34.8706 -0.532286 -0.0033529 0.846547
-22.5282 43.0575 35.4033 -0.524693 -0.00399106 0.851221
-21.4345 43.4597 36.0551 -0.508881 -0.00366077 0.860829
-21.3839 44.8173 36.0904 -0.510818 -0.00150379 0.859681
-22.6636 45.2017 35.3252 -0.52053 -0.00105537 0.853798
-23.6542 45.1168 34.7125 -0.525514 -0.0136335 0.850647
-23.5978 45.7943 34.7528 -0.523601 -0.00699455 0.851935
-22.6352 45.8331 35.3421 -0.515423 0.000657844 0.856931
-21.6392 45.801 35.9377 -0.512875 -0.000457357 0.858463
-20.6479 45.1204 36.5186 -0.499084 0.00432619 0.866539
-20.5106 44.0989 36.6002 -0.499105 -0.000212857 0.866538
-20.6543 43.042 36.5142 -0.508632 -0.00393514 0.860975
-21.8283 42.4073 35.8173 -0.508954 -0.00413781 0.860784
-22.8179 42.2948 35.2212 -0.524693 -0.00399106 0.851221
-23.9052 42.3209 34.537 -0.537998 -0.00398145 0.842903
-24.9609 42.4942 33.8337 -0.563173 0.00236517 0.826336
-25.6487 43.4499 33.3777 -0.56637 -0.0131553 0.824036
-25.6787 44.5389 33.3701 -0.567624 -0.00775248 0.823249
-24.9511 45.6576 33.8761 -0.564124 -0.00400602 0.82568
-24.1752 45.7664 34.3975 -0.533876 -0.0122439 0.845372
-24.0478 46.4548 34.4776 -0.528806 0.00582538 0.848675
-23.1215 46.4928 35.0452 -0.522363 0.000516344 0.852723
-22.1746 46.5035 35.6185 -0.517147 0.00222138 0.855894
-21.0841 46.4255 36.2573 -0.499244 0.00679542 0.866435
-20.1446 46.0311 36.8016 -0.499142 0.00665585 0.866495
-19.8793 44.3405 36.9634 -0.499132 0.00219398 0.866523
-19.8736 43.2435 36.9629 -0.479559 -0.00262986 0.877498
-20.1563 42.096 36.7971 -0.4992 -0.00635805 0.866448
-21.2328 41.7105 36.1656 -0.506137 -0.00713975 0.862414
-22.2981 41.6033 35.5282 -0.516843 -0.00811993 0.856042
-23.3499 41.5665 34.8869 -0.534427 -0.00191611 0.845206
-24.3994 41.6236 34.2123 -0.546155 -0.00417173 0.837666
-25.4043 41.7378 33.5339 -0.560916 0.00409564 0.827857
-26.157 42.4852 33.0192 -0.57507 0.0114313 0.8178
-26.2754 43.8111 32.9487 -0.56897 -0.0103752 0.822293
-26.2082 45.4218 33.0108 -0.574821 0.00140138 0.81821
-25.5704 46.2816 33.4509 -0.574367 0.0033147 0.818574
-24.4103 46.4471 34.2481 -0.549321 0.0046385 0.835397
-24.5356 47.1458 34.1598 -0.535921 0.00986888 0.84421
-23.5822 47.1689 34.7624 -0.527461 0.00541398 0.849528
-22.6444 47.2154 35.3329 -0.517221 0.00213648 0.85585
-21.6731 47.1995 35.9145 -0.502022 -0.00201624 0.864849
-20.7314 47.1347 36.4575 -0.497498 0.000506785 0.867463
-19.7748 46.9218 37.0054 -0.497053 0.00520277 0.867699
-19.2773 45.6889 37.3024 -0.4874 0.0037994 0.873087
-19.23 44.3242 37.322 -0.479166 -0.00634604 0.877701
-19.2737 42.3816 37.2923 -0.483344 -0.00214534 0.875414
-19.951 41.1235 36.9062 -0.494847 -0.00843146 0.868879
-21.5458 40.9221 35.9749 -0.508026 -0.00895677 0.861275
-22.784 40.8509 35.2284 -0.516965 -0.00688896 0.855979
-23.8702 40.8699 34.5521 -0.530811 -0.00386377 0.847441
-24.9208 40.9271 33.8654 -0.556017 0.0027515 0.831102
-25.7663 41.0078 33.2952 -0.561171 0.00448632 0.827684
-26.6559 41.4515 32.6751 -0.586798 0.00950608 0.809636
-26.8319 43.128 32.5346 -0.584488 -0.0111302 0.811299
-26.8824 44.5961 32.5276 -0.592518 -0.00752009 0.805449
-26.8214 45.8273 32.5686 -0.589185 0.00626634 0.807908
-26.1862 46.9525 33.0155 -0.58138 0.00446682 0.813616
-25.0807 47.1197 33.7911 -0.56481 -0.00141462 0.825219
-24.6275 47.1417 34.1014 -0.550731 0.00403183 0.834476
-24.8441 47.8367 33.9551 -0.550731 0.00403183 0.834476
-25.9264 47.7745 33.1933 -0.579164 0.00793919 0.815172
-26.7548 47.6066 32.6033 -0.593318 0.00891917 0.804815
-27.3744 46.646 32.1504 -0.601309 0.00857502 0.798955
-27.447 45.4263 32.104 -0.600031 0.00511621 0.799959
-27.4624 44.4265 32.0945 -0.599009 -0.000604247 0.800741
-27.4335 42.9392 32.1025 -0.583185 -0.00323198 0.81233
-27.411 41.9127 32.112 -0.587257 0.00599213 0.809277
-26.9853 40.5236 32.4297 -0.597545 -0.0130245 0.801697
-25.8865 40.2474 33.2104 -0.566842 -0.02016 0.823371
-24.6835 40.1662 34.0267 -0.556017 0.0027515 0.831102
-23.7159 40.1279 34.6516 -0.534444 0.00164227 0.84517
-22.3462 40.1693 35.4873 -0.515155 -0.00856086 0.857049
-21.4022 40.1972 36.0519 -0.512688 -0.0104516 0.858511
-20.3073 40.2375 36.6898 -0.503475 -0.00670151 0.863983
-19.4158 40.3604 37.1992 -0.486957 -0.00464118 0.873414
-18.7165 41.4525 37.5943 -0.485207 -0.00480437 0.874384
-18.6008 42.6096 37.6614 -0.481173 0.000756146 0.876625
-18.5826 43.622 37.6699 -0.479927 -0.00264997 0.877294
-18.6113 45.2337 37.6637 -0.477115 -0.00430538 0.878831
-18.7188 46.9439 37.6081 -0.474633 0.000681398 0.880174
-19.3796 47.7136 37.2296 -0.496704 0.00216622 0.867917
-20.3822 47.8464 36.6557 -0.496288 0.00167092 0.868157
-21.365 47.891 36.0937 -0.498234 -0.000628846 0.867037
-22.3474 47.9261 35.5135 -0.518141 -0.000525762 0.855295
-23.2479 47.9017 34.9675 -0.526994 -0.00188545 0.849805
-24.0897 47.8706 34.4344 -0.535921 0.00986888 0.84421
-24.1953 48.5507 34.3692 -0.536254 -0.00391027 0.844045
-25.0924 48.5181 33.783 -0.566804 0.00385989 0.823696
-25.9721 48.5142 33.1591 -0.578748 -0.00267971 0.815502
-26.9285 48.5384 32.4626 -0.599021 0.00712592 0.800699
-27.7787 48.1138 31.8259 -0.603114 0.00618635 0.79763
-28.0699 46.4754 31.6235 -0.609765 0.0114354 0.792499
-28.0321 45.4621 31.6635 -0.601221 0.00468331 0.799069
-28.0605 43.9097 31.6369 -0.620197 -0.0114872 0.784336
-28.0237 42.9061 31.6554 -0.628001 -0.00354962 0.778204
-28.0021 41.8461 31.6674 -0.625519 -0.00118278 0.780198
-27.9451 40.7714 31.7014 -0.617214 -0.013865 0.786672
-27.3848 39.6701 32.1107 -0.595292 -0.0247559 0.803009
-26.4657 39.4917 32.771 -0.587118 0.00675204 0.809473
-25.5801 39.4732 33.4127 -0.57513 0.00215436 0.817925
-24.7258 39.4305 33.9959 -0.563766 -0.00302698 0.825929
-23.5265 39.4081 34.7671 -0.518172 -0.00653968 0.855252
-21.9415 39.4736 35.7211 -0.51303 -0.00537258 0.858354
-21.0393 39.4544 36.257 -0.503693 -0.00677798 0.863855
-20.0559 39.4854 36.8315 -0.503629 -0.00672533 0.863893
-19.0178 39.6223 37.4181 -0.486727 -0.00315924 0.873548
-18.2294 40.0693 37.859 -0.477709 -0.00409825 0.878447
-17.9895 41.5005 37.9897 -0.465365 0.00084543 0.885112
-17.9444 42.5408 38.0116 -0.461945 -0.000222142 0.886908
-17.9372 43.6258 38.0163 -0.462813 -0.00371247 0.886443
-17.959 44.8443 38.014 -0.468433 -0.00383262 0.883471
-17.9762 45.9186 38.007 -0.471654 -0.00286144 0.881778
-17.981 47.0834 38.0023 -0.471459 -0.000916691 0.881877
-18.3307 48.1923 37.8213 -0.482898 0.000968944 0.875576
-19.6481 48.5425 37.0721 -0.492475 0.000362197 0.870307
-20.8845 48.579 36.3679 -0.496362 -0.00451937 0.868104
-21.7803 48.593 35.8561 -0.505641 -0.00085448 0.862667
-22.966 48.6657 35.1398 -0.518154 -0.00146028 0.855286
-23.5679 48.6453 34.7663 -0.535116 -0.00273694 0.844774
-23.444 49.5132 34.8516 -0.526168 -0.00569839 0.850297
-24.4567 49.3841 34.1962 -0.555184 0.0112228 0.831652
-25.4413 49.3341 33.5395 -0.566934 0.00261455 0.823591
-26.4321 49.3601 32.8243 -0.597704 0.00825467 0.801675
-27.5415 49.2328 31.9971 -0.600371 0.00646119 0.799691
-28.4498 48.9163 31.3085 -0.607318 0.00581242 0.794438
-28.6192 47.9135 31.1857 -0.607886 0.00698522 0.793993
-28.7189 46.7887 31.1201 -0.607676 0.00738734 0.794151
-28.8035 45.7075 31.0695 -0.613591 0.000814108 0.789549
-28.8088 44.4226 31.0528 -0.62019 -0.011692 0.784337
-28.7038 43.4095 31.114 -0.622763 -0.0173193 0.782219
-28.6537 42.3609 31.1451 -0.627024 -0.000402874 0.778993
-28.6549 41.272 31.1471 -0.625669 0.00214847 0.780086
-28.6132 40.1493 31.1648 -0.616643 -0.0123494 0.787141
-28.1681 39.0318 31.497 -0.617142 0.00168341 0.786742
-26.7305 38.7469 32.5852 -0.587578 0.00673336 0.80914
-25.7849 38.7033 33.2709 -0.574568 0.00516615 0.818296
-24.9448 38.6133 33.8442 -0.56305 -0.00053051 0.826422
-23.6145 38.6123 34.7077 -0.517668 -0.00708616 0.855552
-22.4665 38.7513 35.4027 -0.517193 -0.00773259 0.855834
-20.8955 38.7077 36.332 -0.5048 -0.0115709 0.863159
-20.0003 38.7426 36.8573 -0.504513 -0.0092897 0.863351
-18.8874 38.6634 37.4901 -0.488078 0.00284038 0.87278
-17.4968 39.4202 38.2484 -0.471125 -0.00125628 0.882064
-17.2464 40.9786 38.3807 -0.464482 0.00124927 0.885578
-17.1805 42.0486 38.4108 -0.463454 0.00355732 0.886114
-17.1766 43.1727 38.4116 -0.462829 -0.0032545 0.886435
-17.2048 44.2063 38.4042 -0.464006 -0.00631445 0.88581
-17.1993 45.6027 38.4175 -0.462888 -0.00496874 0.886403
-17.0995 47.1469 38.4736 -0.471364 -0.00127794 0.881927
-17.4258 48.4074 38.3046 -0.467657 0.000256606 0.883909
-18.1276 49.365 37.9257 -0.476017 0.00983987 0.879363
-19.6136 49.2651 37.0961 -0.492324 -0.00567632 0.870393
-20.6245 49.2933 36.5202 -0.49514 -0.00382324 0.868805
-21.6242 49.3105 35.9483 -0.506006 -0.00142431 0.86245
-22.5803 49.3632 35.3733 -0.515335 0.00298548 0.856984
-22.8534 49.3632 35.209 -0.516674 0.000763966 0.856178
