-64.8593 19.3486 26.8525 -0.648247 0.0258551 0.760991
-64.5262 18.4173 27.1676 -0.64955 0.0146486 0.760101
-64.4478 17.3119 27.2393 -0.646718 -0.00215234 0.762726
-64.8483 18.2213 26.8922 -0.651516 0.00443567 0.758622
-64.8418 18.5046 26.896 -0.650012 0.0153054 0.759693
-65.4448 18.6071 26.3772 -0.652557 0.00447214 0.757726
-65.4496 17.4181 26.3788 -0.653793 0.00263243 0.756669
-65.3541 16.3771 26.4612 -0.658593 0.000144925 0.752468
-64.8504 14.7752 26.9184 -0.663733 -0.00345902 0.747899
-64.4858 15.5955 27.2163 -0.645045 0.00946021 0.764086
-64.1158 16.4254 27.5184 -0.645842 0.00397678 0.76344
-63.9784 18.1144 27.6395 -0.648934 0.00085077 0.76083
-64.0656 19.243 27.5339 -0.678358 0.0138288 0.734601
-64.0783 20.6082 27.4843 -0.671344 0.0340867 0.74035
-64.2547 21.7162 27.2787 -0.668541 0.0307971 0.743037
-64.4354 22.8366 27.0645 -0.660088 0.0333869 0.750365
-64.7848 21.4453 26.826 -0.648635 0.037422 0.760179
-64.8887 20.4705 26.7858 -0.650046 0.0333034 0.759148
-65.3385 19.6167 26.4323 -0.650396 0.0285354 0.759059
-65.4434 18.6682 26.378 -0.650012 0.0153054 0.759693
-66.0067 18.8401 25.9046 -0.640522 0.0134073 0.767538
-66.0688 17.828 25.843 -0.648088 -0.00164469 0.761536
-65.9839 16.7529 25.9178 -0.653817 -0.00585995 0.756629
-65.6451 15.4498 26.2111 -0.661898 0.00587306 0.749571
-65.273 14.2771 26.5329 -0.66437 -0.01458 0.747258
-64.8892 12.8802 26.8434 -0.657403 0.00379547 0.753238
-64.6901 11.7376 27.0666 -0.661194 0.0375271 0.749276
-64.5232 10.5036 27.2764 -0.666926 0.0235733 0.744581
-64.7484 9.38212 27.086 -0.672268 0.00912079 0.740251
-64.9201 8.37798 26.941 -0.670805 0.0085406 0.741582
-65.2039 7.37461 26.698 -0.660873 -0.00711496 0.750162
-65.5712 6.25081 26.3636 -0.646717 -0.00140991 0.762726
-65.7909 5.08761 26.1736 -0.647843 -0.00326744 0.761766
-65.8507 3.47201 26.1189 -0.64336 -0.00622175 0.765498
-65.7497 1.592 26.17 -0.637803 -0.0104344 0.770124
-65.6707 0.510965 26.2226 -0.636284 -0.0101987 0.771387
-65.5844 -0.500425 26.2792 -0.644077 -0.00923849 0.764835
-65.5203 -1.69678 26.3327 -0.642638 0.00215991 0.766166
-65.4696 -3.36728 26.3732 -0.637813 -0.00288069 0.770184
-65.3806 -4.46691 26.4449 -0.637719 -0.00117859 0.770268
-65.306 -5.46778 26.4745 -0.627701 -0.0270584 0.777984
-65.1759 -6.54281 26.555 -0.629455 0.020185 0.776665
-65.1121 -8.09519 26.6455 -0.634976 0.0158085 0.772357
-65.1281 -9.34032 26.5856 -0.662206 -0.0110017 0.748933
-65.2124 -10.6852 26.5282 -0.662288 0.0222706 0.748812
-65.3971 -11.7316 26.3844 -0.650807 -0.00251591 0.759239
-65.5741 -12.7821 26.23 -0.648198 -0.00654302 0.761436
-65.706 -13.7735 26.098 -0.652288 -0.0148627 0.757825
-65.7762 -15.3705 25.9974 -0.64717 -0.0202174 0.762048
-65.7257 -16.4091 26.0191 -0.643146 -0.0178236 0.765532
-65.5492 -17.866 26.1282 -0.641865 -0.0210409 0.766529
-65.387 -18.9287 26.2248 -0.642278 -0.0305084 0.765865
-65.0973 -20.7852 26.3884 -0.63976 -0.0348252 0.767785
-64.9578 -21.8042 26.4642 -0.631712 -0.0347471 0.774354
-64.5689 -23.5984 26.6772 -0.626865 -0.0436957 0.777902
-64.3524 -24.6628 26.8044 -0.656917 -0.0389835 0.752954
-64.2973 -25.7085 26.8003 -0.65565 -0.0396017 0.754022
-64.3939 -26.8457 26.6556 -0.65316 -0.0413696 0.756087
-64.5146 -27.9887 26.4899 -0.649701 -0.0463239 0.758751
-64.6134 -28.9927 26.3551 -0.638658 -0.038708 0.768516
-64.6531 -29.9976 26.2718 -0.631476 -0.0715387 0.77187
-64.5398 -30.9937 26.2527 -0.603578 -0.0776147 0.793498
-64.0598 -31.9841 26.5298 -0.633466 -0.092923 0.768166
-63.22 -31.7498 27.2474 -0.631595 -0.0945266 0.769514
-62.5768 -31.1933 27.8464 -0.636928 -0.0999847 0.764377
-61.9808 -30.2142 28.4843 -0.645666 -0.0827213 0.758748
-61.7996 -29.2582 28.7242 -0.667474 -0.0771172 0.740628
-61.7918 -28.2398 28.8318 -0.672755 -0.0472028 0.738358
-61.9446 -26.5157 28.8026 -0.677482 -0.0517945 0.733668
-62.1516 -24.7426 28.7447 -0.669277 -0.0542791 0.741028
-62.3662 -23.0138 28.667 -0.668866 -0.0444976 0.742041
-62.5145 -21.9811 28.5698 -0.667741 -0.0226865 0.744043
-62.5396 -20.8002 28.5776 -0.671129 -0.0312574 0.740585
-62.7079 -19.1038 28.5228 -0.662923 -0.0494007 0.746926
-62.8116 -17.9255 28.4831 -0.66726 -0.0298675 0.744225
-62.9399 -16.3993 28.4168 -0.670702 -0.0155854 0.741561
-63.1167 -14.8789 28.2879 -0.669707 -0.0124814 0.742521
-63.3546 -13.2549 28.1197 -0.654108 -0.0120465 0.756284
-63.5271 -11.7311 27.9828 -0.659766 0.00457591 0.751457
-63.5869 -10.5657 27.9279 -0.64756 0.00122318 0.76201
-63.7733 -8.7501 27.7803 -0.657071 -0.00764477 0.75379
-63.827 -7.56165 27.7415 -0.661954 -0.0189341 0.749286
-63.8576 -6.18229 27.7509 -0.675498 -0.00985141 0.737279
-63.8771 -4.76028 27.7305 -0.663424 0.00391397 0.748233
-63.7766 -3.66408 27.8112 -0.661677 0.00312046 0.749773
-63.6996 -2.63843 27.8787 -0.65786 -0.0040566 0.75311
-63.5262 -1.36509 28.0447 -0.666228 -0.010923 0.745668
-63.499 0.255422 28.0888 -0.660542 -0.0080516 0.750728
-63.4959 1.43851 28.1115 -0.658702 -0.013071 0.752291
-63.4951 2.55873 28.13 -0.657979 -0.00979443 0.752972
-63.5367 3.62922 28.1064 -0.658463 -0.00909707 0.752558
-63.6418 4.62703 28.024 -0.659541 -3.81951e-05 0.751646
-63.869 6.09218 27.8148 -0.6628 0.00195328 0.748791
-63.9958 7.64472 27.7369 -0.646496 -0.0215383 0.762613
-64.1363 8.83819 27.6238 -0.643219 0.00457903 0.765668
-64.1511 10.1629 27.6051 -0.642455 0.00410012 0.766311
-64.2299 11.53 27.4907 -0.675468 0.0347729 0.736569
-64.2231 12.5763 27.4476 -0.677973 0.0246287 0.734597
-64.0179 13.9048 27.6324 -0.66015 -0.0153957 0.750976
-63.7577 15.34 27.844 -0.6524 0.0208085 0.757589
-63.5826 16.4383 27.9708 -0.661558 -0.00501056 0.749614
-63.4935 17.4856 28.0662 -0.676732 -0.0120733 0.73613
-63.4875 18.7672 28.0765 -0.675801 0.00977046 0.737002
-63.5334 20.0311 28.0099 -0.67813 0.0140561 0.734808
-63.6043 21.1072 27.8918 -0.673365 0.0370399 0.738382
-63.7406 22.2044 27.7212 -0.668515 0.035422 0.742844
-63.7417 23.2288 27.6661 -0.667864 0.0392126 0.743249
-63.8485 24.2253 27.5206 -0.653655 0.0354079 0.755931
-63.8645 25.7628 27.4194 -0.653218 0.0436333 0.755911
-63.7413 27.0582 27.4027 -0.653433 0.0813174 0.752603
-63.5017 28.7451 27.4719 -0.656371 0.0439825 0.753154
-63.4086 29.8479 27.4831 -0.654654 0.0599289 0.753548
-63.5271 30.9225 27.2945 -0.646674 0.053674 0.76075
-64.053 31.7699 26.7728 -0.641923 0.0968369 0.760629
-64.8871 32.0099 26.0511 -0.606197 0.0846133 0.790801
-65.6181 30.9159 25.5872 -0.620471 0.0670249 0.781347
-65.5625 29.9061 25.7232 -0.618555 0.0683045 0.782763
-65.4146 28.8177 25.9306 -0.628539 0.0481834 0.775965
-65.1661 27.6727 26.1881 -0.635862 0.0465555 0.770301
-65.0765 26.3974 26.3413 -0.647659 0.0435849 0.760682
-64.9395 25.1839 26.525 -0.646351 0.0402427 0.761978
-65.0258 23.6303 26.5259 -0.648607 0.0311807 0.76046
-65.2413 22.5628 26.3882 -0.644671 0.0314886 0.763811
-65.425 21.3958 26.2822 -0.646529 0.0348719 0.762082
-65.7472 20.0817 26.0645 -0.643588 0.0312639 0.764677
-65.9053 19.3906 25.9642 -0.636686 0.0337777 0.770383
-66.4157 19.7438 25.5269 -0.635937 0.0340743 0.770988
-66.1322 20.8873 25.7214 -0.618317 0.0277676 0.785338
-65.8695 22.0828 25.8783 -0.64449 0.0321314 0.763938
-65.6406 23.4118 26.0166 -0.646248 0.0333902 0.762391
-65.5323 24.5685 26.0545 -0.646769 0.0379469 0.761738
-65.5329 25.6885 25.9941 -0.647223 0.0438864 0.761037
-65.6176 26.8148 25.8569 -0.647481 0.0434016 0.760844
-65.8194 28.0987 25.6236 -0.643163 0.0345056 0.764948
-66.0407 29.1656 25.4048 -0.621918 0.0438935 0.781626
-66.1879 30.2417 25.1959 -0.62072 0.0716267 0.780753
-66.1203 31.5967 25.135 -0.619749 0.0633904 0.782235
-65.4274 32.7144 25.5692 -0.601785 0.0639791 0.796091
-64.6011 32.8109 26.1871 -0.601187 0.0668599 0.796301
-63.5761 32.3405 27.0932 -0.633342 0.110723 0.76591
-63.0866 31.5579 27.6135 -0.641449 0.112866 0.758816
-62.8472 30.3613 27.9354 -0.662491 0.0616434 0.746528
-62.8904 29.2853 27.9842 -0.665259 0.0508203 0.744822
-63.0729 28.0497 27.9019 -0.670987 0.0592566 0.73908
-63.1949 27.0503 27.8781 -0.663507 0.0732321 0.744405
-63.2772 25.27 27.9555 -0.659576 0.0480572 0.750047
-63.276 24.2036 28.032 -0.666545 0.046101 0.744011
-63.1962 23.2101 28.1568 -0.667035 0.0399962 0.743952
-63.1325 22.1034 28.2733 -0.668515 0.035422 0.742844
-63.033 20.9028 28.423 -0.673365 0.0370399 0.738382
-62.9835 19.8564 28.5204 -0.675575 0.0256406 0.736754
-62.9612 18.1509 28.5608 -0.673426 0.00626462 0.739228
-63.0065 16.9689 28.5057 -0.676557 -0.0102002 0.736318
-63.1638 15.5859 28.3773 -0.687865 0.0144999 0.725693
-63.3364 14.2437 28.2388 -0.682788 0.00461636 0.730511
-63.5354 12.8055 28.0815 -0.679958 0.0142561 0.733112
-63.6357 11.4439 28.0397 -0.659221 0.0132239 0.751207
-63.6106 9.97628 28.0587 -0.641918 0.0049834 0.766757
-63.5455 8.7192 28.1219 -0.643207 -0.00110278 0.765667
-63.4234 7.49989 28.2105 -0.65468 -0.00485651 0.755507
-63.2857 6.12843 28.332 -0.664146 2.29946e-07 0.747603
-63.1616 5.09847 28.4461 -0.660739 -0.00153275 0.750585
-63.0337 4.05573 28.5503 -0.657035 -0.00495627 0.753843
-62.9583 2.98249 28.6047 -0.658228 -0.00985871 0.752753
-62.9257 1.87322 28.6174 -0.657894 -0.0107397 0.753034
-62.9069 0.744531 28.6153 -0.66098 -0.00831999 0.750338
-62.9247 -0.41025 28.5939 -0.663117 -0.00375266 0.748506
-62.9828 -1.45945 28.5291 -0.667385 -0.00967639 0.744646
-63.1436 -2.84765 28.3701 -0.665822 -0.00314098 0.746083
-63.2527 -3.97818 28.2774 -0.66319 0.005298 0.748431
-63.3138 -5.15302 28.2318 -0.662815 0.00445907 0.748769
-63.3146 -6.25448 28.2334 -0.661303 -0.00928373 0.749989
-63.2747 -7.51102 28.236 -0.664454 -0.0201633 0.747054
-63.178 -9.04143 28.2963 -0.666906 -0.00492335 0.745003
-63.0615 -10.374 28.3998 -0.675078 -0.00748533 0.737684
-62.9662 -11.6436 28.4749 -0.66048 0.00464175 0.750829
-62.8085 -13.0736 28.5996 -0.657061 -0.0156106 0.753675
-62.6481 -14.1572 28.7225 -0.665817 -0.00899819 0.746036
-62.4779 -15.3964 28.8557 -0.670177 -0.0140835 0.742062
-62.3388 -16.9583 28.9487 -0.670702 -0.0155854 0.741561
-62.2191 -18.3444 29.004 -0.673695 -0.0305923 0.738376
-62.0793 -19.7749 29.0568 -0.674575 -0.0443741 0.736871
-61.9618 -20.9183 29.0962 -0.671129 -0.0312574 0.740585
-61.8495 -22.5229 29.152 -0.669252 -0.0224061 0.742691
-61.7111 -23.6879 29.2154 -0.664133 -0.0448389 0.746265
-61.5755 -25.1063 29.2388 -0.676516 -0.0502508 0.734641
-61.4295 -26.3942 29.2941 -0.683012 -0.0513561 0.728581
-61.2793 -27.7025 29.3329 -0.677599 -0.052425 0.733508
-61.2351 -29.1374 29.2454 -0.668186 -0.0764182 0.740059
-61.334 -30.3008 29.0267 -0.664726 -0.0993236 0.740434
-61.7286 -31.238 28.5543 -0.651112 -0.101268 0.752062
-62.5201 -32.1227 27.7781 -0.633508 -0.0951602 0.767862
-63.2451 -32.6519 27.1074 -0.636714 -0.100906 0.764469
-64.0558 -32.9329 26.3942 -0.609766 -0.0995528 0.78552
-65.0216 -31.6593 25.8213 -0.607959 -0.0796074 0.789943
-65.1868 -30.6469 25.8 -0.600366 -0.0817648 0.795534
-65.2053 -29.6176 25.8375 -0.633476 -0.0359022 0.772926
-65.1152 -28.3502 25.9731 -0.635537 -0.03715 0.771175
-64.9991 -27.2442 26.1246 -0.639062 -0.0422987 0.767991
-64.9133 -26.139 26.2565 -0.636377 -0.0473711 0.769897
-64.9271 -25.0867 26.3096 -0.628314 -0.0403452 0.776913
-65.238 -23.1624 26.1624 -0.626865 -0.0436957 0.777902
-65.489 -22.0227 26.0189 -0.6353 -0.0265313 0.771809
-65.6474 -21.0342 25.9243 -0.629819 -0.0266115 0.77626
-65.8966 -19.4765 25.7758 -0.64019 -0.0312265 0.767577
-66.0737 -18.2993 25.6778 -0.639884 -0.0259086 0.768007
-66.2947 -16.6284 25.536 -0.643007 -0.01773 0.765651
-66.3612 -15.4213 25.5044 -0.636438 -0.0185342 0.771043
-66.3327 -13.9934 25.5645 -0.638447 -0.0210268 0.769379
-66.1179 -12.5985 25.7802 -0.633978 -0.00571733 0.773173
-65.8915 -11.276 25.9647 -0.64652 0.0109953 0.762592
-65.7145 -10.004 26.0664 -0.659697 0.0203517 0.751074
-65.6814 -8.87072 26.1302 -0.653594 -0.0375456 0.755889
-65.7448 -7.27924 26.1155 -0.625732 0.0116438 0.77995
-65.8696 -5.578 26.0167 -0.626749 -0.0160671 0.779034
-66.0077 -4.16533 25.927 -0.636233 -0.00136252 0.771495
-66.0501 -3.04965 25.8945 -0.634962 -0.00257853 0.772538
-66.0882 -1.51014 25.8641 -0.631386 -0.00014442 0.775469
-66.1752 -0.14459 25.7974 -0.630066 -0.00323532 0.776535
-66.3258 1.57717 25.6936 -0.636736 -0.0069623 0.77105
-66.4145 2.80316 25.6357 -0.640839 -0.0120445 0.76758
-66.4486 4.12937 25.6144 -0.643759 0.00134629 0.765227
-66.2867 5.70358 25.7534 -0.649418 -0.000864805 0.760429
-66.0097 6.83026 25.9898 -0.649643 0.00846125 0.760153
-65.6919 7.79548 26.2505 -0.671653 0.00922232 0.740808
-65.4506 8.81225 26.455 -0.671966 0.0096697 0.740518
-65.2641 9.88453 26.6115 -0.672469 0.00907706 0.74007
-65.1802 10.9091 26.6752 -0.666601 0.0229665 0.744888
-65.2836 11.9238 26.5335 -0.656666 0.0299074 0.753529
-65.4675 12.9038 26.3451 -0.651934 0.0232915 0.757918
-65.8386 14.2165 26.0283 -0.664521 -0.0117186 0.747177
-66.1585 15.1959 25.7598 -0.663389 -0.00320333 0.748209
-66.445 16.1659 25.5149 -0.654549 -0.00536835 0.756
-66.6263 17.1439 25.3672 -0.621649 3.77435e-05 0.782719
-66.6354 18.3521 25.3699 -0.644306 -0.00768355 0.764729
-66.5692 19.0201 25.4328 -0.639506 0.0130528 0.768361
-67.136 19.202 24.9677 -0.602123 0.0183176 0.798169
-67.2682 17.5747 24.884 -0.59868 0.00646267 0.800962
-67.1572 16.5813 24.9658 -0.603411 0.000212984 0.797414
-66.8481 15.4002 25.2082 -0.609029 -0.00792262 0.79299
-66.5169 14.4432 25.4552 -0.623859 -0.000916914 0.781536
-66.2022 13.467 25.7069 -0.625938 -0.00547348 0.779829
-65.9483 12.4228 25.9464 -0.649938 0.0233986 0.759627
-65.8062 11.3802 26.0997 -0.656666 0.0299074 0.753529
-65.8135 10.1798 26.1106 -0.666599 0.00560128 0.74539
-65.9997 9.0563 25.9629 -0.652003 0.0120005 0.758109
-66.2646 7.94334 25.7492 -0.648607 0.0128908 0.761008
-66.571 6.94367 25.5096 -0.645961 0.00713607 0.763271
-66.8455 5.97654 25.2744 -0.650754 0.000470473 0.759288
-67.0198 4.99278 25.1604 -0.616812 0.00643546 0.786904
-67.049 3.99267 25.1252 -0.613981 -0.0143927 0.789173
-67.0204 2.95565 25.137 -0.63553 -0.00580727 0.772036
-66.9209 1.91147 25.2045 -0.637356 -0.00821747 0.770524
-66.8357 0.782811 25.2701 -0.610585 0.00240482 0.791947
-66.7116 -0.479899 25.3611 -0.62974 -0.00352436 0.776798
-66.6477 -1.49097 25.4096 -0.629421 -0.00127036 0.777063
-66.608 -3.35285 25.4352 -0.633738 -0.00386216 0.773538
-66.5734 -4.44343 25.4611 -0.635293 -0.00151944 0.77227
-66.4734 -5.58861 25.5308 -0.6327 -0.0156663 0.774173
-66.3749 -6.58942 25.5953 -0.629666 0.000421028 0.776771
-66.2757 -7.98318 25.6604 -0.656453 -0.0177286 0.754159
-66.2432 -9.32013 25.6167 -0.632531 -0.0137372 0.773326
-66.3341 -10.4399 25.5666 -0.611009 0.0119423 0.791532
-66.4898 -11.4698 25.4611 -0.61687 0.00379955 0.786994
-66.6902 -12.4383 25.3093 -0.638877 -0.0185754 0.769083
-66.9417 -13.9559 25.0606 -0.634438 -0.0166736 0.77277
-66.9756 -15.0361 25.0164 -0.63157 -0.0117698 0.77523
-66.894 -16.542 25.0421 -0.624998 -0.0167718 0.780416
-66.754 -17.6932 25.1243 -0.641614 -0.0194239 0.766781
-66.5365 -19.104 25.2603 -0.638162 -0.0319616 0.769238
-66.3706 -20.2734 25.3646 -0.619363 -0.0182308 0.784844
-66.1853 -21.4376 25.4718 -0.625484 -0.0298679 0.779646
-65.9901 -22.4215 25.5922 -0.628529 -0.0276209 0.777244
-65.7349 -23.5476 25.7404 -0.626823 -0.0435828 0.777942
-65.5174 -25.1011 25.8314 -0.631098 -0.0467681 0.774256
-65.4982 -26.2036 25.7715 -0.634055 -0.0530072 0.771469
-65.5665 -27.2298 25.6536 -0.636825 -0.0392865 0.769997
-65.7221 -28.7873 25.4529 -0.634785 -0.0364541 0.771828
-65.784 -29.9521 25.3498 -0.632505 -0.0337616 0.77382
-65.7277 -31.1455 25.3442 -0.614654 -0.0570186 0.786094
-65.4782 -32.34 25.4106 -0.584936 -0.0724883 0.807645
-64.9445 -33.3485 25.7073 -0.57486 -0.065559 0.81562
-63.9293 -33.8037 26.382 -0.609766 -0.0995528 0.78552
-63.13 -33.4884 27.0864 -0.63602 -0.110079 0.763764
-62.1994 -32.8064 27.9537 -0.631752 -0.101359 0.768515
-61.2334 -31.7509 28.9278 -0.660367 -0.101704 0.744011
-60.8207 -30.8493 29.4153 -0.668544 -0.103281 0.736465
-60.6718 -29.1229 29.7574 -0.669581 -0.0761584 0.738824
-60.7813 -27.29 29.8321 -0.688526 -0.0546911 0.723096
-60.9135 -26.289 29.7855 -0.683323 -0.050895 0.728321
-61.0345 -25.2701 29.736 -0.686462 -0.0490692 0.725491
-61.1782 -23.5764 29.6968 -0.692184 -0.0329628 0.720968
-61.3363 -22.0459 29.6259 -0.678805 -0.0308371 0.733453
-61.4105 -20.9766 29.6119 -0.688868 -0.0336861 0.724094
-61.5876 -19.2771 29.537 -0.674858 -0.0445971 0.736598
-61.6921 -18.0263 29.4981 -0.673875 -0.0306226 0.73821
-61.7984 -16.3267 29.4537 -0.674154 -0.0140076 0.738458
-61.9155 -15.279 29.3659 -0.67146 -0.00463085 0.740993
-62.1016 -13.9586 29.2071 -0.663273 -0.00419109 0.748365
-62.2573 -12.9297 29.0864 -0.662118 -0.0143807 0.749261
-62.4434 -11.1481 28.9503 -0.674536 -0.0130416 0.738126
-62.5599 -9.55941 28.8629 -0.676482 -0.00245709 0.736455
-62.6711 -8.21862 28.7654 -0.677174 -0.00554655 0.735797
-62.7163 -7.09038 28.7414 -0.662775 -0.019212 0.748572
-62.741 -5.83398 28.739 -0.661882 -0.000278115 0.749608
-62.7268 -4.57282 28.758 -0.674658 0.00740512 0.73809
-62.6431 -3.47883 28.8241 -0.681348 0.000610184 0.731884
-62.5244 -2.30811 28.9393 -0.68828 0.00106915 0.725444
-62.4027 -1.19048 29.0566 -0.686316 8.40744e-05 0.7273
-62.3435 -0.0715676 29.1147 -0.683601 -0.00246009 0.729851
-62.3452 1.1039 29.1177 -0.68535 -0.0067155 0.728169
-62.3731 2.2517 29.1086 -0.687102 -0.011493 0.72647
-62.4254 3.37146 29.0782 -0.687371 -0.0129278 0.726191
-62.5201 4.49789 29.002 -0.690118 -0.00959728 0.723633
-62.6734 5.61859 28.8769 -0.660739 -0.00153275 0.750585
-62.8316 7.16072 28.7453 -0.671797 -0.0088655 0.740663
-62.9792 8.76639 28.6092 -0.675142 0.00337692 0.737679
-63.0558 9.93249 28.5235 -0.642438 0.00636052 0.76631
-63.0577 11.0095 28.5213 -0.643366 -0.00245428 0.765553
-63.0096 12.1207 28.5801 -0.674791 -0.00181968 0.737801
-62.8001 13.7494 28.7357 -0.672511 0.0158842 0.739916
-62.6778 14.8628 28.8482 -0.676967 -0.004076 0.736002
-62.5521 16.2834 28.9469 -0.690196 0.0109128 0.72354
-62.4574 17.4399 29.0191 -0.683747 -0.000214718 0.729573
-62.407 18.7068 29.0592 -0.666735 0.00955644 0.745234
-62.4411 20.1341 28.9958 -0.664918 0.0357406 0.746048
-62.4795 21.2953 28.9006 -0.666947 0.0387337 0.744098
-62.5775 22.3299 28.765 -0.671616 0.0368739 0.739951
-62.6464 23.3506 28.6425 -0.670937 0.0406325 0.740391
-62.7272 24.9081 28.4721 -0.667123 0.0548809 0.742914
-62.7298 26.1306 28.3833 -0.677144 0.0511511 0.73407
-62.6349 27.2845 28.3702 -0.67382 0.06486 0.736042
-62.4155 28.7878 28.4463 -0.669052 0.0560702 0.741081
-62.2927 29.849 28.4712 -0.666022 0.0605721 0.743468
-62.3049 30.9052 28.3734 -0.653348 0.0866736 0.751507
-62.5431 31.9341 28.017 -0.641449 0.112866 0.758816
-63.0839 32.9118 27.4175 -0.637071 0.111056 0.762748
-63.7602 33.3709 26.8017 -0.620667 0.0729515 0.780673
-64.5679 33.5795 26.1453 -0.599489 0.0688384 0.797417
-65.5117 33.5032 25.4406 -0.602249 0.0680293 0.795404
-66.298 32.8551 24.8974 -0.594211 0.0732851 0.800835
-66.7687 31.5333 24.6496 -0.583891 0.0424484 0.810721
-66.8368 30.5366 24.653 -0.595768 0.0577166 0.800337
-66.5786 28.93 24.9898 -0.619454 0.0559435 0.783031
-66.2656 27.4092 25.2938 -0.60599 0.0442712 0.794066
-66.1121 26.1763 25.4822 -0.592064 0.0449672 0.804635
-66.0822 25.0662 25.5664 -0.601883 0.026455 0.797837
-66.1295 24.0085 25.5744 -0.624731 0.0355704 0.78003
-66.3224 22.7373 25.4833 -0.61667 0.0419197 0.786079
-66.6771 21.1404 25.2827 -0.614444 0.0385586 0.788016
-66.9415 20.1386 25.0966 -0.619002 0.0166867 0.785212
-67.0817 19.4583 25.0007 -0.609963 0.02057 0.792073
-67.6813 19.5434 24.5471 -0.601091 0.0244327 0.798807
-67.4107 20.6977 24.7151 -0.610029 0.0206345 0.792021
-67.0855 21.9793 24.9252 -0.616413 0.0417019 0.786298
-66.7781 23.3928 25.0837 -0.618358 0.0461317 0.784541
-66.6624 24.4469 25.1277 -0.624731 0.0355704 0.78003
-66.6613 25.5413 25.1138 -0.601883 0.026455 0.797837
-66.7401 26.6553 24.9935 -0.592145 0.0511241 0.804177
-66.9804 28.0881 24.7121 -0.60338 0.0442327 0.796042
-67.2343 29.2549 24.4467 -0.595281 0.0510432 0.801244
-67.4549 30.4267 24.2284 -0.570103 0.0441471 0.820385
-67.402 31.4756 24.198 -0.560299 0.0548855 0.826465
-67.0565 32.7849 24.3575 -0.581899 0.0791733 0.809398
-66.2092 34.0211 24.8686 -0.598783 0.0681256 0.797995
-65.3994 34.403 25.4461 -0.602221 0.0741606 0.794877
-64.3857 34.3447 26.2158 -0.6093 0.069465 0.789784
-63.0117 33.8413 27.3435 -0.619061 0.107752 0.777582
-62.3323 33.1214 28.0207 -0.639708 0.113763 0.760152
-61.8169 31.6324 28.6775 -0.641984 0.114431 0.758131
-61.6895 30.5431 28.9536 -0.680564 0.107062 0.724793
-61.7626 29.5326 28.9819 -0.698157 0.0679849 0.712708
-61.9268 28.509 28.9215 -0.695945 0.0606543 0.715458
-62.0782 27.5024 28.8655 -0.680049 0.067892 0.730017
-62.177 26.4723 28.8685 -0.678615 0.059475 0.732037
-62.1995 25.4155 28.9221 -0.677244 0.0494189 0.734096
-62.1843 24.333 29.0077 -0.676955 0.0454254 0.734611
-62.0946 23.2001 29.1546 -0.675024 0.0436648 0.736499
-61.9357 21.7714 29.3683 -0.670334 0.0292372 0.741482
-61.8982 20.7557 29.4499 -0.664879 0.0356533 0.746088
-61.8715 19.6205 29.5229 -0.663205 0.0328981 0.747715
-61.8479 18.5855 29.5609 -0.666735 0.00955644 0.745234
-61.9253 17.1774 29.5234 -0.681845 0.0113117 0.731409
-62.0592 15.7797 29.4205 -0.680614 0.00919204 0.732577
-62.1251 14.605 29.3551 -0.682578 -0.00554758 0.730792
-62.2664 13.25 29.2314 -0.672145 0.0154817 0.740257
-62.4433 11.9409 29.0976 -0.674791 -0.00181968 0.737801
-62.4861 10.5147 29.0309 -0.679289 -0.000670839 0.733836
-62.4745 9.39631 29.0631 -0.681268 0.0222285 0.731692
-62.3986 8.38016 29.1426 -0.675495 0.00291061 0.737359
-62.2521 6.97335 29.274 -0.68514 -0.00152003 0.728255
-62.1515 5.91 29.3754 -0.693423 -0.00467524 0.720473
-61.9254 4.02209 29.5629 -0.690118 -0.00959728 0.723633
-61.8586 2.90951 29.6065 -0.687371 -0.0129278 0.726191
-61.8127 1.78145 29.6312 -0.687102 -0.011493 0.72647
-61.8045 0.641073 29.6223 -0.68535 -0.0067155 0.728169
-61.7982 -0.577335 29.6237 -0.683601 -0.00246009 0.729851
-61.8948 -1.73872 29.5359 -0.686316 8.40744e-05 0.7273
-62.0319 -2.85456 29.4074 -0.687249 -0.00307253 0.726402
-62.1305 -3.8449 29.3044 -0.686289 -0.00724071 0.727293
-62.1804 -5.31898 29.2525 -0.674025 -0.0106891 0.738631
-62.1753 -6.409 29.2424 -0.678118 -0.00885953 0.734899
-62.1165 -7.95019 29.2786 -0.677122 -0.0082974 0.735824
-62.0294 -9.09398 29.3527 -0.677241 -0.0033163 0.735754
-61.896 -10.9569 29.4505 -0.668077 -0.0148844 0.743943
-61.7138 -12.7314 29.5711 -0.666675 -0.0213007 0.745044
-61.4747 -14.272 29.7623 -0.667247 -0.000887134 0.744818
-61.2986 -15.5162 29.9208 -0.671152 -0.0117715 0.741227
-61.2064 -16.8061 29.9834 -0.672896 -0.0102006 0.739661
-61.1512 -17.9429 29.9954 -0.674902 -0.031015 0.737253
-61.0707 -19.1227 30.0203 -0.674715 -0.0375382 0.737087
-60.9263 -20.1581 30.1065 -0.689123 -0.0289351 0.724065
-60.8261 -21.5091 30.1408 -0.689226 -0.0374376 0.723578
-60.7288 -22.5986 30.1779 -0.698371 -0.0376108 0.714743
-60.6305 -23.8935 30.2082 -0.692635 -0.0327488 0.720544
-60.5164 -25.2586 30.2319 -0.690044 -0.0515669 0.721928
-60.3482 -26.5366 30.3034 -0.69319 -0.05017 0.719006
-60.1925 -27.8654 30.36 -0.693705 -0.0506239 0.718478
-60.1186 -29.0617 30.2816 -0.688937 -0.0989465 0.718036
-60.1636 -30.0824 30.1192 -0.669364 -0.0894117 0.73741
-60.3798 -31.6236 29.7158 -0.685802 -0.0947098 0.72155
-60.9696 -32.5461 29.0479 -0.658627 -0.105691 0.74501
-61.729 -33.3371 28.2809 -0.652696 -0.0958733 0.751529
-62.7704 -34.1707 27.2899 -0.640922 -0.104629 0.760423
-63.6371 -34.568 26.5206 -0.601168 -0.083984 0.793507
-65.0234 -34.3151 25.5722 -0.571977 -0.0645225 0.817728
-65.667 -33.592 25.1789 -0.571639 -0.0641179 0.817996
-66.1184 -32.5212 24.9476 -0.572635 -0.0648267 0.817243
-66.2991 -31.4865 24.893 -0.592215 -0.0392795 0.804603
-66.3825 -30.3971 24.867 -0.604266 -0.0330139 0.796099
-66.3444 -29.2564 24.9435 -0.605698 -0.030974 0.795087
-66.2282 -28.071 25.0813 -0.61123 -0.0356541 0.790649
-66.1074 -26.9203 25.2277 -0.611967 -0.0368471 0.790024
-66.0611 -25.848 25.3352 -0.620105 -0.0544189 0.782629
-66.1321 -24.639 25.3631 -0.618418 -0.0488229 0.784312
-66.3262 -23.5053 25.2742 -0.616614 -0.0434767 0.786064
-66.616 -22.3293 25.0986 -0.622354 -0.0301602 0.782151
-66.8185 -21.268 24.979 -0.617181 -0.0282315 0.786312
-66.969 -20.2338 24.8917 -0.61925 -0.0105231 0.785124
-67.1726 -18.7638 24.7475 -0.602865 -0.0141481 0.797414
-67.4407 -17.1623 24.5974 -0.616621 -0.0297333 0.786699
-67.5525 -15.7115 24.532 -0.625269 -0.0160452 0.780212
-67.579 -14.6086 24.5316 -0.634027 -0.0105303 0.773231
-67.5253 -13.5512 24.5923 -0.630456 -0.015986 0.776053
-67.2756 -12.3194 24.825 -0.633162 -0.0174497 0.773781
-66.9893 -10.9996 25.0673 -0.61687 0.00379955 0.786994
-66.8736 -9.93167 25.1441 -0.604489 0.0107837 0.796518
-66.8076 -8.54772 25.1701 -0.631255 -0.01477 0.774301
-66.8929 -7.27607 25.1432 -0.65192 -0.0216604 0.757978
-66.9982 -6.24664 25.0815 -0.648125 -0.0146571 0.761349
-67.1248 -5.03557 24.992 -0.642902 -0.0109938 0.765868
-67.1737 -3.88184 24.9688 -0.63827 -0.00685609 0.769752
-67.1819 -2.87544 24.9725 -0.611333 -0.00862975 0.791327
-67.2249 -1.34542 24.9589 -0.607354 -0.00905128 0.794367
-67.338 0.0241109 24.8827 -0.605568 -0.00614327 0.795769
-67.4682 1.14471 24.7815 -0.608625 0.00191588 0.793456
-67.5873 2.58777 24.6865 -0.605403 -0.000863427 0.795901
-67.6691 3.91059 24.6405 -0.608495 -0.016251 0.793352
-67.6338 4.96992 24.6826 -0.611852 0.00653665 0.79077
-67.2545 6.69447 24.93 -0.630247 0.00920206 0.775978
-66.8656 7.99904 25.24 -0.634854 0.00283015 0.772622
-66.5393 9.44072 25.4877 -0.643756 0.022765 0.764731
-66.3825 10.452 25.6076 -0.654508 0.00630333 0.756027
-66.4304 11.6983 25.556 -0.652731 0.014322 0.757395
-66.6036 12.7281 25.3763 -0.649938 0.0233986 0.759627
-66.8979 13.7093 25.1504 -0.624961 -0.00639663 0.780609
-67.2206 14.6528 24.9003 -0.610928 -0.0209961 0.791407
-67.5559 15.6173 24.6671 -0.608585 -0.0083219 0.793338
-67.7929 16.6073 24.4879 -0.601031 -0.00397308 0.799216
-67.8758 18.065 24.4252 -0.601518 0.00878624 0.798804
-67.7387 19.221 24.5114 -0.603143 0.0123716 0.797537
-67.7179 19.3705 24.5248 -0.602123 0.0183176 0.798169
-68.2938 19.5043 24.0875 -0.601837 0.018478 0.798379
-68.4983 17.8812 23.9519 -0.610189 0.0148762 0.792096
-68.4032 16.4768 24.0312 -0.596599 -0.00281927 0.802534
-67.9454 14.8533 24.3498 -0.585926 -0.0154307 0.810218
-67.592 13.9031 24.5962 -0.624961 -0.00639663 0.780609
-67.2901 12.9658 24.8244 -0.626163 -0.0100626 0.779626
-67.0375 11.9725 25.0294 -0.651099 0.0149346 0.758792
-66.9287 10.8631 25.1327 -0.653697 0.00609385 0.756732
-67.1573 9.24487 24.9898 -0.632409 0.0289788 0.774092
-67.4704 8.07953 24.7427 -0.634854 0.00283015 0.772622
-67.7657 7.12586 24.5322 -0.601392 0.0122567 0.798853
-68.0753 6.1441 24.3131 -0.606757 0.018412 0.794674
-68.2408 5.03624 24.2124 -0.612812 0.00569301 0.790065
-68.2573 3.26989 24.1845 -0.614384 -0.00642843 0.788968
-68.1672 2.19557 24.2421 -0.609372 0.00229076 0.79278
-68.012 0.840442 24.3651 -0.603686 0.00128148 0.797196
-67.8895 -0.245042 24.4621 -0.606378 -0.0016163 0.795162
-67.8019 -1.26175 24.5162 -0.609629 -0.0122814 0.792592
-67.7631 -2.26429 24.5306 -0.610253 -0.0105983 0.792134
-67.7665 -3.56661 24.5153 -0.608258 -0.00458323 0.793726
-67.7188 -5.21114 24.5265 -0.606177 -0.0157364 0.795171
-67.5117 -6.77292 24.6502 -0.604097 -0.01809 0.796694
-67.403 -7.85983 24.714 -0.594991 0.0019167 0.803537
-67.3955 -9.06567 24.7349 -0.583373 0.00921197 0.81215
-67.5302 -10.6594 24.6553 -0.598603 0.00291368 0.801017
-67.8845 -12.2044 24.3375 -0.621364 -0.033477 0.782621
-68.1238 -13.3735 24.1114 -0.626281 -0.0207568 0.779318
-68.1865 -14.5973 24.03 -0.636094 -0.0132437 0.771488
-68.1171 -16.2817 24.0804 -0.605012 -0.0183156 0.796005
-68.0445 -17.3019 24.1184 -0.619126 -0.0206524 0.784967
-67.8405 -18.4845 24.2566 -0.591726 0.00326069 0.806132
-67.6286 -19.7686 24.3918 -0.585915 -0.0220772 0.810071
-67.4208 -21.3429 24.5044 -0.615555 -0.0343433 0.7873
-67.1015 -22.752 24.6935 -0.623782 -0.0321245 0.780938
-66.7652 -24.1828 24.8923 -0.618382 -0.0485266 0.784357
-66.6499 -25.2083 24.9136 -0.6202 -0.0541082 0.782575
-66.6434 -26.3346 24.84 -0.616059 -0.0455727 0.786314
-66.7278 -27.3252 24.7286 -0.608095 -0.0334411 0.793157
-66.8688 -28.5133 24.5706 -0.604097 -0.0288574 0.796388
-66.9737 -29.673 24.4512 -0.601272 -0.0296655 0.798483
-66.9847 -30.7145 24.4047 -0.594363 -0.0229015 0.80387
-66.8749 -31.8076 24.4503 -0.587114 -0.0579326 0.807427
-66.4895 -33.4688 24.614 -0.579904 -0.0602691 0.812381
-65.9057 -34.4748 24.9429 -0.571639 -0.0641179 0.817996
-65.0554 -35.157 25.4837 -0.571589 -0.065148 0.817949
-64.2015 -35.3807 26.0616 -0.57071 -0.0662956 0.818471
-63.3477 -35.317 26.662 -0.603537 -0.0818755 0.791839
-62.3543 -34.8043 27.5572 -0.634572 -0.105681 0.765544
-61.2883 -33.8833 28.5922 -0.645691 -0.111595 0.755401
-60.6538 -33.2631 29.2257 -0.656256 -0.10057 0.747781
-60.0018 -32.3332 29.978 -0.689061 -0.100461 0.717707
-59.6904 -31.2167 30.4169 -0.684777 -0.0863521 0.723617
-59.6143 -30.2364 30.614 -0.718703 -0.0911586 0.689306
-59.5761 -29.023 30.8104 -0.717226 -0.0897037 0.691043
-59.6336 -27.9769 30.892 -0.690332 -0.0732815 0.719404
-59.8655 -26.2544 30.7877 -0.692921 -0.0497469 0.719295
-60.0114 -25.1405 30.725 -0.692785 -0.050273 0.71939
-60.1403 -23.3324 30.713 -0.69942 -0.0392117 0.713634
-60.2566 -21.6771 30.6815 -0.696091 -0.0322529 0.717228
-60.3857 -20.0058 30.6256 -0.687909 -0.0273237 0.725283
-60.5685 -18.6001 30.5031 -0.682238 -0.0278403 0.730552
-60.6358 -17.447 30.4897 -0.676283 -0.0310312 0.735987
-60.6507 -16.2033 30.4989 -0.676288 -0.00781878 0.736594
-60.8441 -14.608 30.3339 -0.6711 0.00348746 0.741359
-61.0349 -13.4454 30.1651 -0.688549 -0.0145258 0.725036
-61.2217 -12.1848 30.0267 -0.66641 -0.021537 0.745275
-61.3403 -10.8458 29.9517 -0.668814 -0.0159568 0.743257
-61.4331 -9.49951 29.8935 -0.671253 -0.00671161 0.741198
-61.5132 -8.47626 29.8303 -0.674311 -0.00472479 0.738419
-61.5855 -7.28666 29.7757 -0.678357 -0.00934515 0.734673
-61.6287 -5.52876 29.7568 -0.678119 -0.00841336 0.734904
-61.5792 -3.88648 29.8242 -0.68114 -0.00970794 0.732051
-61.4448 -2.58507 29.964 -0.687249 -0.00307253 0.726402
-61.2812 -1.31751 30.1153 -0.687494 0.00241489 0.726186
-61.2291 -0.249157 30.162 -0.691163 -0.00768529 0.722609
-61.2363 1.01431 30.1698 -0.69235 -0.00747735 0.721513
-61.2807 2.11566 30.1419 -0.689399 -0.0105165 0.724303
-61.3308 3.22477 30.1145 -0.689414 -0.0136739 0.724239
-61.392 4.30843 30.0769 -0.690292 -0.012179 0.723426
-61.5802 5.87913 29.922 -0.691329 -0.0116181 0.722447
-61.717 7.00608 29.7917 -0.695401 0.00299777 0.718616
-61.8648 8.55271 29.631 -0.683989 0.00692048 0.729358
-61.9509 9.9041 29.5364 -0.68381 0.0109073 0.729507
-61.9015 11.2002 29.5782 -0.683328 -0.00800109 0.729948
-61.7673 12.6371 29.6968 -0.677813 0.0117537 0.735089
-61.5901 14.1192 29.8512 -0.684418 -0.00245792 0.729075
-61.5469 15.1972 29.8997 -0.681708 0.000324608 0.731595
-61.4491 16.5071 29.9777 -0.680542 0.0101414 0.732636
-61.3425 17.682 30.0584 -0.681149 0.0186732 0.731872
-61.2943 19.1673 30.0485 -0.673864 0.0187411 0.738495
-61.3351 20.2729 29.971 -0.682827 0.0263177 0.730105
-61.3478 21.2929 29.9265 -0.694694 0.0116714 0.719083
-61.5107 22.9354 29.7099 -0.6995 0.0364092 0.713619
-61.6183 23.9535 29.5489 -0.675674 0.0417831 0.736016
-61.6713 25.1247 29.4297 -0.677454 0.0503503 0.733837
-61.6513 26.2923 29.3655 -0.677175 0.0510634 0.734047
-61.5486 27.5215 29.3577 -0.688242 0.0601175 0.72289
-61.3661 28.7681 29.4447 -0.694689 0.0515592 0.71746
-61.1787 29.8843 29.5204 -0.698157 0.0679849 0.712708
-61.1251 30.9344 29.4258 -0.680564 0.107062 0.724793
-61.3877 32.411 28.9466 -0.678144 0.121353 0.724776
-61.7539 33.5051 28.4504 -0.639978 0.113588 0.759951
-62.3093 34.2415 27.8735 -0.63726 0.106671 0.76323
-62.9805 34.7072 27.2484 -0.619017 0.107717 0.77762
-63.8853 35.0286 26.518 -0.595887 0.0998631 0.79677
-64.9928 35.1829 25.6803 -0.597177 0.0829361 0.797754
-66.2947 34.9009 24.7245 -0.599725 0.0737459 0.796798
-67.1065 34.093 24.2153 -0.553374 0.0465873 0.831609
-67.7644 32.6586 23.8688 -0.553417 0.0534255 0.831189
-68.1534 30.8942 23.7271 -0.560485 0.0575386 0.826162
-68.0474 29.8726 23.8477 -0.568955 0.045779 0.821093
-67.723 28.6626 24.1426 -0.571827 0.0433906 0.819206
-67.4121 27.2984 24.4498 -0.583733 0.0578181 0.809885
-67.2778 26.2431 24.6238 -0.592145 0.0511241 0.804177
-67.2179 25.188 24.6893 -0.609265 0.00784915 0.792928
-67.2602 24.0575 24.6688 -0.615836 0.022254 0.787389
-67.4692 22.7972 24.574 -0.618358 0.0461317 0.784541
-67.7786 21.6051 24.4053 -0.595651 0.0544126 0.801296
-68.1128 20.3641 24.1982 -0.579074 0.0110323 0.8152
-68.1416 20.2261 24.1797 -0.589942 0.0181863 0.807099
-68.7668 20.1627 23.7365 -0.578984 0.0113905 0.815259
-68.5512 21.1651 23.8759 -0.583956 0.0375541 0.81045
-68.2453 22.1108 24.0241 -0.595651 0.0544126 0.801296
-67.9719 23.171 24.1711 -0.602988 0.0445496 0.796505
-67.8146 24.2455 24.2438 -0.600695 0.0178734 0.799201
-67.789 25.3519 24.2516 -0.605689 0.00814264 0.795659
-67.8885 26.5331 24.1609 -0.595438 0.0341733 0.802214
-68.0874 27.711 23.9337 -0.583816 0.0578165 0.809825
-68.3509 28.6778 23.7021 -0.572001 0.0383024 0.819358
-68.7653 30.2 23.3402 -0.564658 0.0382605 0.824438
-68.7282 31.4617 23.2985 -0.556971 0.0538649 0.828768
-68.4553 32.5226 23.4164 -0.554339 0.0506001 0.830751
-67.9203 34.0437 23.6771 -0.550091 0.0436965 0.833909
-67.2791 35.0127 24.0553 -0.552905 0.0408458 0.832243
-66.1788 35.8022 24.7554 -0.556343 0.0516197 0.829244
-65.0232 35.9764 25.5666 -0.593317 0.0920066 0.799693
-64.1335 35.855 26.2399 -0.591334 0.0922826 0.801129
-63.0372 35.5864 27.0844 -0.59803 0.100709 0.795067
-62.3099 35.1637 27.7422 -0.623904 0.130432 0.77054
-61.6198 34.6186 28.3965 -0.62464 0.132817 0.769535
-60.9659 33.1727 29.2045 -0.667482 0.10994 0.736465
-60.7316 32.2506 29.5845 -0.675725 0.129894 0.725619
-60.5446 30.5806 30.0173 -0.679221 0.101336 0.726904
-60.7277 29.4057 30.0093 -0.688824 0.0850437 0.719649
-60.9589 28.0917 29.8876 -0.694689 0.0515592 0.71746
-61.0918 26.9966 29.839 -0.697913 0.0486438 0.714509
-61.145 25.7328 29.8796 -0.690947 0.0539503 0.720889
-61.1425 24.6222 29.9642 -0.692763 0.0478705 0.719553
-61.0478 23.5603 30.1202 -0.695215 0.0436189 0.717477
-60.8932 22.5652 30.3332 -0.701323 0.0231297 0.712461
-60.7982 20.9173 30.4504 -0.690601 0.0110635 0.723061
-60.7305 19.2981 30.5761 -0.687893 0.0274473 0.725284
-60.7556 17.8389 30.5985 -0.684239 0.0238963 0.728847
-60.8852 16.7273 30.4999 -0.6823 0.00981527 0.731003
-60.9904 15.2964 30.4151 -0.682588 0.00570156 0.730773
-61.0391 13.9297 30.3717 -0.686819 0.00019454 0.726828
-61.1675 12.8776 30.2556 -0.685973 0.00769603 0.727577
-61.3254 11.6589 30.1249 -0.691662 0.00924286 0.722137
-61.3919 10.3309 30.0668 -0.69056 0.0031952 0.723267
-61.3835 9.25148 30.084 -0.691727 0.00769581 0.722118
-61.2947 8.14686 30.1841 -0.692441 0.0106163 0.721396
-61.1076 6.52918 30.3826 -0.693379 0.0052197 0.720545
-60.9343 5.30273 30.5286 -0.688021 -0.0119909 0.725592
-60.8393 4.18019 30.6091 -0.695707 -0.00735744 0.718242
-60.7924 3.10511 30.633 -0.698478 -0.014627 0.715482
-60.7377 2.0389 30.6753 -0.706214 -0.00568481 0.707959
-60.6864 1.01529 30.7133 -0.708593 -0.00937676 0.705555
-60.7 -0.158151 30.6759 -0.698769 -0.0161859 0.715143
-60.7364 -1.63995 30.6339 -0.689514 0.00161201 0.72427
-60.9371 -3.08152 30.4271 -0.678282 -0.0139685 0.734662
-61.0718 -4.45545 30.2803 -0.676095 -0.0123118 0.736712
-61.0799 -5.48407 30.2628 -0.676417 -0.00670324 0.736488
-61.0294 -7.12624 30.291 -0.682477 -0.0063522 0.730851
-60.975 -8.17054 30.3371 -0.686801 -0.0129066 0.726673
-60.8451 -9.75241 30.4234 -0.670217 -0.0121541 0.742049
-60.7671 -11.0604 30.4636 -0.684384 -0.0137201 0.728703
-60.6517 -12.3766 30.5493 -0.692117 -0.0149769 0.721629
-60.4717 -13.4771 30.6983 -0.691619 -0.015839 0.722068
-60.1806 -15.1223 30.9433 -0.702145 -0.0126691 0.711829
-60.0931 -16.2386 31.0133 -0.697635 -0.00939871 0.716391
-60.0907 -17.5864 30.9935 -0.685052 -0.0297534 0.727885
-60.0161 -18.8234 31.0193 -0.687754 -0.0239926 0.725547
-59.8022 -20.292 31.1681 -0.687361 -0.0268523 0.72582
-59.7101 -21.5243 31.2157 -0.691719 -0.0222088 0.721824
-59.6412 -22.6989 31.2337 -0.696556 -0.0371917 0.716537
-59.5759 -24.0957 31.2197 -0.695143 -0.0464922 0.717346
-59.4777 -25.2533 31.2311 -0.693609 -0.0509555 0.718546
-59.2658 -26.6778 31.3363 -0.697452 -0.0477255 0.715012
-59.1016 -27.8312 31.4238 -0.700978 -0.0507055 0.711362
-59.0504 -29.6403 31.2759 -0.717226 -0.0897037 0.691043
-59.1161 -30.6818 31.0744 -0.718703 -0.0911586 0.689306
-59.3238 -32.3461 30.632 -0.717974 -0.0966504 0.689309
-59.9571 -33.5073 29.8643 -0.693213 -0.0918353 0.714858
-60.5758 -34.1746 29.1585 -0.672803 -0.110241 0.73067
-61.2285 -34.8131 28.506 -0.645691 -0.111595 0.755401
-61.8299 -35.3576 27.905 -0.63809 -0.114454 0.761298
-63.0311 -36.0427 26.8305 -0.62087 -0.0919712 0.77826
-63.8722 -36.1674 26.2269 -0.570565 -0.0675031 0.818473
-64.7356 -36.0762 25.6326 -0.567056 -0.0647392 0.821116
-65.9082 -35.4694 24.8742 -0.564332 -0.0543965 0.823753
-66.6916 -34.5702 24.3993 -0.56318 -0.0559049 0.824441
-67.1433 -33.6512 24.1663 -0.552479 -0.0435175 0.83217
-67.4438 -32.231 24.0071 -0.570389 -0.0409318 0.819933
-67.5904 -30.9461 23.9561 -0.564607 -0.0308017 0.824785
-67.5857 -29.6593 24.0068 -0.564694 -0.0288526 0.824795
-67.3665 -27.7626 24.2222 -0.564727 -0.0277349 0.824811
-67.2375 -26.6029 24.3677 -0.611536 -0.0370908 0.790347
-67.2003 -25.5533 24.4535 -0.620167 -0.0541799 0.782596
-67.2962 -24.456 24.4526 -0.616264 -0.054915 0.785604
-67.5275 -23.363 24.3315 -0.610474 -0.0355258 0.79119
-67.9045 -22.0486 24.1034 -0.590926 -0.0365039 0.805895
-68.1214 -20.8212 23.9959 -0.591876 -0.0339693 0.805312
-68.3404 -19.1689 23.893 -0.587768 -0.00868372 0.808871
-68.6551 -17.4967 23.657 -0.589152 0.000520216 0.808021
-68.7201 -16.3468 23.62 -0.602699 -0.0199218 0.797712
-68.7802 -14.8511 23.571 -0.604684 0.0091525 0.796364
-68.6629 -12.855 23.692 -0.626281 -0.0207568 0.779318
-68.3567 -11.5061 24.0103 -0.617015 -0.0501555 0.78535
-68.1047 -10.4426 24.2254 -0.594146 -0.00416436 0.804345
-67.9684 -8.70092 24.3197 -0.582252 0.0107725 0.812937
-68.021 -7.47358 24.2584 -0.583861 0.0162748 0.81169
-68.1572 -6.48407 24.1686 -0.601844 -0.0153561 0.798465
-68.352 -4.90735 24.0535 -0.602365 -0.0169643 0.798039
-68.3647 -3.70263 24.0565 -0.607855 -0.00464338 0.794035
-68.3392 -2.61726 24.0829 -0.60646 -0.00772326 0.795071
-68.3868 -1.17356 24.069 -0.607362 -0.0126087 0.794325
-68.5169 0.162811 23.9904 -0.602507 -0.0051733 0.79804
-68.6515 1.29275 23.8871 -0.597094 0.00216138 0.802168
-68.8085 2.37847 23.7521 -0.602167 0.0118137 0.798279
-68.8852 3.64982 23.6951 -0.619021 -0.00639748 0.785345
-68.8721 4.68433 23.7114 -0.619604 -0.00562515 0.784893
-68.7421 5.90813 23.8097 -0.603918 0.0133543 0.796911
-68.406 7.14648 24.0493 -0.601083 0.00890442 0.799137
-68.0884 8.15047 24.2701 -0.60034 0.0154772 0.799595
-67.7961 9.11991 24.4732 -0.620597 0.0184096 0.7837
-67.5748 10.2277 24.6318 -0.608478 0.009627 0.793512
-67.5848 11.651 24.5976 -0.60592 0.011426 0.795411
-68.0132 13.1526 24.2732 -0.602046 -0.00294065 0.798456
-68.3748 14.1992 24.0264 -0.587106 -0.014501 0.809378
-68.9515 16.0044 23.6227 -0.59529 0.00109419 0.80351
-69.1274 17.2599 23.4861 -0.607023 0.0196047 0.794442
-68.9775 18.883 23.5685 -0.611396 0.00995358 0.791261
-68.8019 19.9943 23.714 -0.589797 -0.00208779 0.807322
-69.4175 19.8504 23.2502 -0.598625 -0.0167091 0.800854
-69.6055 18.7258 23.0863 -0.604916 -0.00336067 0.796139
-69.7614 17.6939 22.9965 -0.572833 0.0199846 0.819428
-69.6805 16.5752 23.0814 -0.576673 0.0140639 0.816815
-69.491 15.5364 23.2236 -0.59529 0.00109419 0.80351
-69.04 14.1261 23.5446 -0.583596 -0.0129369 0.811934
-68.5516 12.831 23.8686 -0.590127 -0.0112108 0.807113
-68.1534 11.4331 24.1711 -0.60132 0.00591308 0.798986
-68.2214 9.9253 24.1383 -0.601408 0.0144618 0.798721
-68.5979 8.57555 23.8865 -0.591833 0.00683307 0.806032
-68.9263 7.54708 23.6542 -0.586603 0.0122255 0.809741
-69.2336 6.49136 23.4459 -0.578061 0.00562336 0.815974
-69.4381 5.37053 23.2973 -0.583804 -0.0117142 0.811808
-69.505 4.26456 23.231 -0.585472 -0.00913951 0.810624
-69.4771 3.10164 23.2494 -0.584055 0.00533071 0.811695
-69.3737 2.07473 23.3339 -0.578632 0.0152429 0.815446
-69.216 1.0727 23.4681 -0.599384 0.00851657 0.800383
-69.0865 0.0473066 23.5536 -0.606545 -0.0125041 0.794951
-68.9787 -0.964188 23.6216 -0.60436 -0.0115924 0.796625
-68.9303 -2.66976 23.6323 -0.605561 -0.0103611 0.795732
-68.9756 -3.90757 23.5884 -0.607165 -0.0047996 0.794561
-68.9242 -5.42624 23.6123 -0.601379 -0.0159412 0.798805
-68.7387 -6.67 23.7269 -0.592514 -0.00211709 0.805361
-68.5894 -7.76218 23.8553 -0.583861 0.0162748 0.81169
-68.5519 -8.96521 23.9053 -0.587508 0.00264503 0.809147
-68.7921 -10.7577 23.716 -0.595235 -0.00549631 0.803531
-69.1055 -11.9482 23.4146 -0.583686 -0.050078 0.810432
-69.3743 -13.2114 23.1818 -0.566626 -0.0189939 0.823739
-69.43 -14.2294 23.1191 -0.56129 -0.0141709 0.82748
-69.3145 -15.7554 23.1809 -0.58439 0.00360558 0.810836
-69.3044 -16.8839 23.1852 -0.587269 -0.00240818 0.809387
-69.2214 -18.0405 23.2461 -0.588024 0.00316231 0.808837
-68.9816 -19.1765 23.4245 -0.586599 0.0043412 0.809863
-68.8091 -20.2593 23.5145 -0.591231 -0.0329238 0.80583
-68.6143 -21.7787 23.5946 -0.589053 -0.0260247 0.80764
-68.2909 -22.8754 23.7835 -0.576913 -0.0442551 0.815546
-67.9826 -23.8334 23.961 -0.597608 -0.039212 0.800774
-67.7849 -24.9791 24.04 -0.608495 -0.0542478 0.791699
-67.8061 -26.4371 23.965 -0.569209 -0.0319809 0.821548
-68.0462 -28.1613 23.7433 -0.564762 -0.0270138 0.824812
-68.187 -29.2791 23.6083 -0.564972 -0.0292722 0.824591
-68.2292 -30.6553 23.5297 -0.564554 -0.0309148 0.824817
-68.1324 -31.9914 23.5446 -0.567663 -0.0249289 0.822844
-67.83 -33.7248 23.7065 -0.552616 -0.0437297 0.832059
-67.1023 -35.2095 24.0755 -0.55713 -0.0595688 0.828245
-66.4475 -35.9404 24.4758 -0.563228 -0.0503247 0.824767
-65.2654 -36.74 25.2202 -0.55572 -0.0640735 0.828885
-64.4032 -36.9031 25.7972 -0.56668 -0.063497 0.821475
-63.4136 -36.8882 26.4915 -0.580891 -0.0598448 0.811777
-62.4912 -36.673 27.1966 -0.616147 -0.0748663 0.784063
-61.6317 -36.1567 27.9507 -0.637876 -0.11473 0.761436
-60.6891 -35.2887 28.8969 -0.646801 -0.114599 0.753991
-60.1382 -34.7156 29.5068 -0.698807 -0.111746 0.706526
-59.2951 -33.7911 30.4702 -0.703232 -0.0917864 0.704875
-58.8348 -32.8698 31.0622 -0.714123 -0.0961231 0.693364
-58.6903 -31.844 31.3626 -0.718755 -0.097038 0.688445
-58.5932 -30.6602 31.6207 -0.718081 -0.0880671 0.690365
-58.5312 -29.5671 31.824 -0.717333 -0.0886592 0.691065
-58.554 -27.9456 31.9535 -0.700408 -0.0556376 0.711571
-58.7152 -26.7605 31.8748 -0.701872 -0.0459114 0.710822
-58.9634 -25.2716 31.7273 -0.693866 -0.0519159 0.71823
-59.0614 -23.9701 31.7264 -0.695208 -0.0459737 0.717312
-59.1217 -22.1987 31.7584 -0.691766 -0.0277831 0.721567
-59.2483 -20.4098 31.6938 -0.694034 -0.024195 0.719535
-59.3993 -19.1879 31.5902 -0.690835 -0.0261626 0.722524
-59.5468 -17.7327 31.5033 -0.691328 -0.0270403 0.722035
-59.5463 -15.887 31.5504 -0.697087 -0.00987268 0.716918
-59.7723 -14.1337 31.3653 -0.710435 -0.00867219 0.703707
-60.0055 -13.0372 31.1565 -0.69404 -0.0136824 0.719805
-60.1986 -11.5612 31.007 -0.697078 -0.0209984 0.716687
-60.2794 -10.2807 30.9529 -0.699799 -0.010805 0.714258
-60.3595 -9.07782 30.8951 -0.689196 -0.021456 0.724257
-60.4475 -7.73817 30.8378 -0.687072 -0.00365173 0.72658
-60.5086 -6.37548 30.7938 -0.695379 -0.00475496 0.718585
-60.5354 -4.4971 30.7724 -0.676682 -0.00968404 0.736207
-60.4213 -3.50794 30.8966 -0.680028 -0.0155868 0.733021
-60.2451 -2.22266 31.0852 -0.6802 -0.00979329 0.732961
-60.1476 -0.768185 31.2032 -0.700261 -0.0213624 0.713566
-60.1473 0.725496 31.2477 -0.701838 -0.0199484 0.712054
-60.2112 1.99005 31.1984 -0.704861 -0.00228873 0.709341
-60.2617 3.06336 31.1503 -0.701901 -0.00801845 0.712183
-60.2843 4.15065 31.1424 -0.692816 -0.000315615 0.721114
-60.4608 5.96341 30.9884 -0.68579 -0.00710632 0.727743
-60.6187 7.13715 30.8398 -0.685927 0.00521217 0.727652
-60.7547 8.27809 30.7005 -0.692202 0.00967283 0.721638
-60.8384 9.55822 30.6026 -0.691941 0.00828675 0.721906
-60.8066 10.6502 30.6254 -0.691179 0.00288265 0.722678
-60.764 11.7612 30.6613 -0.691662 0.00924286 0.722137
-60.5539 13.3025 30.8379 -0.694965 0.00538563 0.719012
-60.4597 14.697 30.929 -0.693308 0.00652568 0.720554
-60.3982 16.1547 30.9628 -0.685911 0.00950103 0.72762
-60.1982 17.4929 31.1304 -0.683595 0.0136068 0.72973
-60.1557 19.2108 31.1242 -0.687548 0.026489 0.725648
-60.248 20.8396 30.9798 -0.690315 0.0211001 0.723198
-60.2564 22.0635 30.9722 -0.696044 0.00786155 0.717826
-60.4285 23.0546 30.7552 -0.695652 0.0447779 0.716978
-60.6053 24.1493 30.5131 -0.692927 0.0481371 0.71938
-60.6331 25.1948 30.4101 -0.690754 0.052665 0.721169
-60.6122 26.2551 30.3513 -0.694088 0.0486207 0.718216
-60.5531 27.3638 30.3392 -0.698333 0.0541734 0.71372
-60.3419 28.6313 30.4494 -0.694127 0.055852 0.717661
-60.0249 30.1336 30.5916 -0.703674 0.10305 0.70301
-60.0123 31.3606 30.4246 -0.705041 0.0999661 0.702078
-60.2132 32.6513 29.9978 -0.718909 0.126525 0.683491
-60.5642 33.9149 29.4587 -0.653644 0.140681 0.742784
-60.9134 34.9155 28.9297 -0.63952 0.173126 0.749027
-61.5786 35.5516 28.2687 -0.621999 0.13221 0.771765
-62.2667 36.0131 27.6334 -0.623904 0.130432 0.77054
-63.1476 36.4726 26.9013 -0.59551 0.0879304 0.798517
-64.0661 36.6299 26.2007 -0.593185 0.0887967 0.800144
-64.9727 36.7799 25.531 -0.579464 0.0581304 0.812921
-66.029 36.7004 24.7929 -0.565852 0.0550971 0.822664
-66.8706 36.283 24.256 -0.552984 0.0630446 0.830803
-67.8195 35.4489 23.6745 -0.547024 0.0391672 0.836167
-68.4548 34.5323 23.3071 -0.545291 0.0391308 0.837322
-68.8626 33.4397 23.0882 -0.547311 0.0426406 0.835756
-69.1728 32.4161 22.9445 -0.544502 0.0517758 0.837086
-69.4358 31.3907 22.8431 -0.537723 0.0499324 0.841628
-69.3561 29.9219 22.9702 -0.538124 0.0411048 0.841862
-68.8773 28.2993 23.3523 -0.561268 0.0386388 0.82663
-68.5427 27.0005 23.6561 -0.594752 0.0338826 0.802734
-68.3796 25.8034 23.7962 -0.6059 0.0118682 0.795452
-68.3615 24.689 23.8239 -0.59882 0.0172577 0.800628
-68.4748 23.6171 23.7758 -0.594086 0.0279738 0.803914
-68.7127 22.5827 23.6469 -0.593618 0.052646 0.802954
-69.0501 21.5886 23.4774 -0.590153 0.0627765 0.804845
-69.3063 20.5392 23.3483 -0.588638 -0.00312388 0.808174
-69.8981 20.5792 22.9107 -0.599019 -0.00100886 0.800508
-70.0671 19.4971 22.7617 -0.592834 -0.0175043 0.805134
-70.3081 18.3418 22.5986 -0.57302 0.0205644 0.819283
-70.433 17.1994 22.5391 -0.572844 0.0199671 0.819421
-70.2338 16.1107 22.6915 -0.579418 0.00584494 0.815007
-70.0357 15.0194 22.8361 -0.57944 0.00260753 0.815011
-69.5475 13.6297 23.178 -0.569302 -0.00657169 0.822097
-69.1061 12.4797 23.4706 -0.565293 -0.00250602 0.824867
-68.7727 11.5374 23.7131 -0.573585 0.0123364 0.819053
-68.8157 10.169 23.6956 -0.584176 0.00837494 0.811457
-69.1025 8.95821 23.5128 -0.592083 0.0128365 0.805753
-69.6718 7.22222 23.1283 -0.581553 0.0173436 0.813324
-69.9683 5.98244 22.9229 -0.584958 -0.00937015 0.811009
-70.0939 4.86237 22.8186 -0.583276 -0.0116431 0.812187
-70.1308 3.75757 22.7805 -0.572919 0.00396193 0.819602
-70.0812 2.68665 22.8196 -0.575854 0.0096846 0.817462
-69.9311 1.69066 22.9456 -0.578632 0.0152429 0.815446
-69.7697 0.703559 23.0624 -0.586635 -0.00783554 0.809787
-69.6301 -0.302881 23.1462 -0.584289 -0.01281 0.811445
-69.5354 -1.31019 23.2042 -0.565811 -0.00815061 0.824341
-69.5015 -2.32508 23.2021 -0.605511 -0.0102968 0.79577
-69.5564 -3.47564 23.1472 -0.606308 -0.00374246 0.79522
-69.5925 -4.68574 23.1157 -0.605423 -0.00260668 0.795899
-69.4658 -5.95916 23.1939 -0.592635 -0.00305136 0.805291
-69.2837 -7.08891 23.3411 -0.584397 0.0139623 0.811345
-69.1437 -8.35485 23.4678 -0.591137 0.00725849 0.806447
-69.165 -9.39512 23.448 -0.596629 -0.00533775 0.802499
-69.5357 -11.1606 23.1531 -0.59978 -0.0109225 0.80009
-69.9196 -12.5873 22.8177 -0.565725 -0.0142825 0.82447
-70.0754 -13.9909 22.6858 -0.564117 -0.0171656 0.82551
-69.9977 -14.9871 22.727 -0.5603 -0.0102284 0.828226
-69.8924 -16.5589 22.7757 -0.565861 -0.00962374 0.824423
-69.925 -17.778 22.7334 -0.579484 -0.00809372 0.814852
-69.7549 -18.7673 22.8633 -0.585352 0.00584917 0.810758
-69.468 -20.0457 23.0559 -0.572976 -0.0388917 0.818649
-69.3377 -21.3686 23.0856 -0.566816 -0.0282872 0.823265
-69.0364 -22.6102 23.2692 -0.585539 -0.0258692 0.810193
-68.6514 -23.6905 23.478 -0.592893 -0.0463528 0.803888
-68.3345 -24.9491 23.6265 -0.58485 -0.0341006 0.810027
-68.3525 -26.0028 23.5971 -0.573606 -0.0124407 0.819037
-68.4514 -27.0391 23.5022 -0.565182 -0.0263826 0.824544
-68.7088 -28.3499 23.2833 -0.566098 -0.0282093 0.823853
-68.824 -29.4701 23.1648 -0.567514 -0.0287931 0.82286
-68.8764 -30.4973 23.0927 -0.564749 -0.0300978 0.824713
-68.7946 -31.8528 23.0949 -0.56613 -0.03281 0.823663
-68.6449 -32.9637 23.1697 -0.569067 -0.0170444 0.822114
-68.4056 -34.1011 23.2969 -0.55741 -0.0600954 0.828019
-67.9682 -35.1334 23.5077 -0.551118 -0.0636054 0.832
-67.4247 -35.9361 23.8197 -0.548113 -0.0376849 0.835548
-66.1846 -37.0925 24.5848 -0.555894 -0.0558408 0.829315
-64.9519 -37.6155 25.3689 -0.557621 -0.05758 0.828096
-64.1072 -37.643 25.9443 -0.573276 -0.0622763 0.816978
-63.1223 -37.6129 26.6454 -0.581517 -0.0609386 0.811249
-62.0743 -37.3908 27.4537 -0.614707 -0.0744059 0.785236
-61.3145 -36.8419 28.1034 -0.605454 -0.105798 0.787227
-60.6293 -36.2492 28.7696 -0.619848 -0.153973 0.769466
-59.8174 -35.4375 29.6584 -0.666048 -0.180304 0.723781
-59.2075 -34.7561 30.3911 -0.690247 -0.178258 0.700552
-58.6293 -34.0422 31.1152 -0.69961 -0.122375 0.703967
-58.2284 -32.5568 31.7388 -0.717198 -0.101336 0.689462
-58.134 -31.4287 32.0023 -0.72397 -0.0876925 0.684235
-58.0658 -30.3318 32.2145 -0.723809 -0.0863696 0.684573
-58.0058 -29.2902 32.3935 -0.710273 -0.0556204 0.701721
-58.0368 -27.5095 32.4974 -0.709567 -0.0495796 0.702877
-58.3736 -25.7883 32.2599 -0.695283 -0.0380449 0.717729
-58.5478 -24.0243 32.2191 -0.692832 -0.0513194 0.719269
-58.5645 -22.9602 32.257 -0.691085 -0.0337758 0.721983
-58.5924 -21.7697 32.2811 -0.69432 -0.0229664 0.719299
-58.6869 -20.5742 32.2296 -0.694785 -0.0253159 0.718769
-58.8077 -19.5436 32.1487 -0.694426 -0.0249 0.719133
-58.9849 -18.3634 32.0205 -0.695516 -0.026624 0.718017
-59.0028 -16.5428 32.0688 -0.694464 -0.0236805 0.719132
-59.0485 -15.2955 32.0684 -0.70542 -0.0245023 0.708364
-59.1445 -14.2772 31.9988 -0.708867 -0.0114151 0.705239
-59.42 -13.1523 31.7324 -0.709017 -0.00839354 0.705141
-59.629 -11.9433 31.5509 -0.700981 -0.0204999 0.71287
-59.7256 -10.8842 31.4868 -0.698889 -0.0155952 0.715042
-59.7774 -9.48224 31.4525 -0.698141 -0.0073398 0.715922
-59.8619 -8.34493 31.3852 -0.69204 -0.0146897 0.721667
-59.9498 -7.26791 31.3188 -0.695312 -0.012441 0.718601
-59.9798 -5.92805 31.3041 -0.695965 0.00271768 0.71807
-60.0048 -4.4786 31.2762 -0.698356 -0.00211633 0.715742
-59.859 -3.47225 31.425 -0.69775 -0.00444303 0.716328
-59.6845 -2.47067 31.6025 -0.69063 -0.0169375 0.722833
-59.5971 -0.900564 31.7395 -0.701718 -0.0224619 0.7121
-59.6077 0.160173 31.7632 -0.70253 -0.02246 0.711299
-59.6146 1.29208 31.7823 -0.685679 -0.0076885 0.727855
-59.7246 2.47545 31.6781 -0.688463 0.00031287 0.725271
-59.7465 3.55943 31.6594 -0.693169 -0.00361246 0.720755
-59.7551 4.6138 31.6516 -0.694673 -0.000103252 0.719326
-59.857 5.6927 31.5534 -0.68637 -0.0018265 0.727241
-60.0116 6.77509 31.4118 -0.68359 0.000704066 0.72986
-60.2116 8.46521 31.2178 -0.69028 0.00488739 0.723514
-60.3002 10.1346 31.1117 -0.691441 0.00624561 0.722398
-60.2073 11.8644 31.193 -0.691511 0.00836667 0.722299
-59.9827 13.4984 31.3929 -0.697627 0.00318813 0.716454
-59.9183 14.8697 31.4437 -0.691521 0.0150709 0.722199
-59.8645 16.049 31.4695 -0.689412 0.0126522 0.724244
-59.6445 17.3348 31.6536 -0.685189 0.0163703 0.72818
-59.5549 18.7666 31.7042 -0.689614 0.014171 0.723982
-59.71 19.9768 31.5195 -0.697396 0.0232155 0.71631
-59.6488 21.2465 31.5592 -0.699855 -0.00212494 0.714281
-59.7951 22.6262 31.3842 -0.68544 0.0507786 0.726346
-60.0209 23.6755 31.0995 -0.682901 0.0535461 0.728546
-60.1123 24.8857 30.9309 -0.687644 0.0483578 0.724423
-60.0936 26.5398 30.8392 -0.697191 0.0435269 0.715563
-59.9757 27.8498 30.8668 -0.695738 0.0583804 0.715902
-59.7521 28.8712 30.9958 -0.693916 0.0591714 0.717619
-59.4745 30.1287 31.1436 -0.69937 0.0888218 0.709034
-59.4321 31.2244 31.0313 -0.71084 0.0941336 0.697018
-59.5936 32.2611 30.7217 -0.712835 0.111299 0.692211
-59.777 33.2301 30.3483 -0.717108 0.125113 0.685632
-60.0912 34.6095 29.7251 -0.708763 0.15811 0.687499
-60.3748 35.502 29.2536 -0.632232 0.154798 0.758816
-61.0522 36.1023 28.5997 -0.622952 0.124187 0.772323
-62.1512 36.8289 27.6262 -0.613191 0.092971 0.78444
-63.3342 37.3524 26.6693 -0.59525 0.0787675 0.79966
-64.1432 37.426 26.0656 -0.580953 0.0736682 0.810488
-65.0363 37.5974 25.429 -0.575128 0.0497483 0.816549
-66.3245 37.3955 24.5429 -0.565113 0.0476508 0.823619
-67.2382 36.8472 23.9767 -0.538715 0.047828 0.841128
-68.0106 36.2181 23.519 -0.53717 0.0405045 0.842468
-68.6687 35.5192 23.1258 -0.53337 0.0370021 0.845072
-69.3477 34.1606 22.7476 -0.528473 0.0303858 0.848349
-69.8545 32.5914 22.5005 -0.52829 0.0426728 0.847876
-70.0862 31.3556 22.429 -0.536298 0.0445161 0.842853
-70.063 30.3524 22.4983 -0.536135 0.043956 0.842985
-69.7123 28.8552 22.7773 -0.543983 0.0239582 0.838754
-69.4154 27.9181 23.0149 -0.550136 0.0381203 0.834204
-68.9927 26.2154 23.3373 -0.565532 0.0133388 0.824618
-68.9313 25.1281 23.3975 -0.560747 0.0242909 0.827543
-69.0019 24.0678 23.3818 -0.549809 0.0216851 0.835009
-69.1987 23.041 23.2779 -0.554977 0.0116457 0.831711
-69.5265 22.0744 23.0976 -0.578906 0.0572411 0.813382
-69.8023 21.0298 22.9742 -0.592415 0.0369016 0.804384
-70.4532 21.1941 22.4768 -0.603488 0.0162796 0.797206
-70.6909 20.1768 22.3177 -0.597845 -0.000497817 0.801397
-70.8398 19.1679 22.2051 -0.573173 0.0207241 0.819172
-70.9848 17.9165 22.1359 -0.573076 0.0205001 0.819245
-71.1051 16.7173 22.0694 -0.56766 0.00804727 0.823216
-70.7285 15.1472 22.3467 -0.577698 0.00490403 0.816233
-70.6089 14.0114 22.4468 -0.571254 0.0041871 0.820717
-69.981 12.8586 22.8728 -0.562226 -0.000480611 0.82693
-69.4738 11.7112 23.2217 -0.565019 0.00308409 0.825072
-69.3728 10.6354 23.3044 -0.574995 -0.00158387 0.818156
-69.6987 9.01538 23.0729 -0.583623 0.00884336 0.811845
-70.1577 7.76758 22.7693 -0.581363 0.0171079 0.813464
-70.5059 6.78523 22.5454 -0.565029 0.00535228 0.825025
-70.6986 5.67082 22.3999 -0.561182 -0.0126434 0.827596
-70.8052 4.54055 22.3105 -0.558832 -0.0080345 0.829226
-70.7886 3.38464 22.3248 -0.561401 0.00392165 0.827534
-70.7018 2.24585 22.389 -0.562894 -0.000141891 0.826517
-70.4256 1.002 22.585 -0.589121 -0.00214179 0.808042
-70.2583 -0.337178 22.6933 -0.577702 -0.00331178 0.816135
-70.1376 -1.35303 22.7845 -0.571127 0.00581534 0.820841
-70.1321 -2.67626 22.7625 -0.56116 -0.0226214 0.827397
-70.2092 -3.8514 22.6909 -0.549768 -0.0188912 0.835102
-70.2104 -5.20152 22.6655 -0.54692 -0.00747837 0.837122
-70.0141 -6.35378 22.8042 -0.565608 0.0101916 0.824307
-69.8482 -7.40681 22.9405 -0.584274 0.0149663 0.811417
-69.7131 -8.73272 23.043 -0.596274 -0.00139667 0.802779
-69.8629 -9.80009 22.9283 -0.596319 -0.00954787 0.802677
-70.2334 -11.3451 22.626 -0.577735 -0.0166433 0.815563
-70.6496 -12.4479 22.3293 -0.551282 -0.0138189 0.834204
-70.7354 -13.7735 22.2513 -0.551642 -0.0129592 0.83398
-70.6783 -14.8656 22.2709 -0.547406 -0.0141618 0.836747
-70.5039 -16.1266 22.3705 -0.554977 -0.0117444 0.831782
-70.5439 -17.3587 22.328 -0.554348 -0.0111251 0.832209
-70.4279 -18.7207 22.3924 -0.549436 -0.0102595 0.835472
-70.2508 -19.8977 22.5134 -0.582554 -0.00666096 0.812661
-70.0124 -21.1163 22.635 -0.560271 -0.0189342 0.828093
-69.8315 -22.1816 22.7191 -0.556813 -0.0379923 0.829767
-69.493 -23.1346 22.9163 -0.578957 -0.0304613 0.814725
-69.0696 -24.4592 23.1301 -0.565121 -0.0485248 0.823554
-68.989 -25.6815 23.156 -0.574437 -0.0120581 0.81846
-69.0735 -26.8572 23.0855 -0.556273 -0.0116062 0.83078
-69.3575 -28.5118 22.8343 -0.55841 -0.0403481 0.82857
-69.4641 -29.8716 22.7092 -0.564662 -0.0237381 0.824955
-69.4964 -30.9896 22.6551 -0.5562 -0.0373676 0.830208
-69.4256 -32.2783 22.645 -0.55243 -0.0289459 0.833004
-69.1435 -33.7896 22.809 -0.564778 -0.0161437 0.825083
-68.9288 -34.8306 22.8894 -0.562435 -0.0569441 0.824877
-68.3635 -35.8729 23.2021 -0.551077 -0.0369937 0.833634
-67.7839 -36.7073 23.5494 -0.54679 -0.0381956 0.836395
-67.0439 -37.2559 24.0056 -0.545196 -0.0400317 0.837352
-66.3198 -37.9732 24.4411 -0.544178 -0.0416139 0.837935
-65.5301 -38.3653 24.9328 -0.542419 -0.0422732 0.839038
-64.6854 -38.3289 25.4937 -0.55814 -0.0637466 0.827267
-63.7063 -38.344 26.1649 -0.583948 -0.0690254 0.808796
-62.6026 -38.3872 26.9612 -0.597168 -0.0456157 0.800488
-61.8443 -38.1437 27.5715 -0.622933 -0.0666147 0.779427
-60.7907 -37.3234 28.4551 -0.596017 -0.0567481 0.800954
-60.1363 -36.8403 29.0522 -0.640742 -0.154979 0.751577
-59.4096 -36.169 29.8495 -0.661543 -0.174772 0.729113
-58.436 -34.9979 31.1385 -0.716772 -0.174279 0.675173
-57.9923 -34.2476 31.7131 -0.721521 -0.121638 0.680834
-57.7542 -33.0795 32.1687 -0.731615 -0.0962563 0.674857
-57.6291 -32.1047 32.4498 -0.7271 -0.0946891 0.679918
-57.5804 -31.0143 32.6414 -0.724579 -0.0871397 0.68366
-57.4745 -29.9559 32.8754 -0.709177 -0.0598506 0.702483
-57.4676 -28.9446 32.9655 -0.711053 -0.0533278 0.701113
-57.5353 -27.2133 33.0206 -0.710213 -0.0386849 0.702881
-57.8621 -25.8806 32.7504 -0.703185 -0.0359049 0.710009
-58.0062 -24.8025 32.6854 -0.69368 -0.0521344 0.718394
-58.0427 -23.7109 32.7265 -0.692452 -0.0433894 0.720117
-58.0473 -22.1322 32.7951 -0.694211 -0.0350802 0.718916
-58.1818 -20.5625 32.72 -0.700775 -0.0238883 0.712946
-58.1521 -19.4929 32.7889 -0.709907 -0.0250217 0.703845
-58.417 -18.168 32.5777 -0.695356 -0.0270982 0.718155
-58.4619 -17.1384 32.5711 -0.692469 -0.0216571 0.721123
-58.449 -16.0954 32.6171 -0.69011 -0.0311922 0.723031
-58.4993 -14.7937 32.6247 -0.687674 -0.0273492 0.725488
-58.6627 -13.769 32.4878 -0.708861 -0.00534118 0.705328
-59.0244 -12.4414 32.1375 -0.708213 -0.00780055 0.705956
-59.1474 -11.4355 32.043 -0.704304 -0.0196394 0.709627
-59.2253 -10.1768 31.9818 -0.695737 -0.00748862 0.718257
-59.2305 -8.96684 31.989 -0.694832 -0.00644418 0.719142
-59.3385 -7.52163 31.9041 -0.692969 -0.0134099 0.720842
-59.4301 -6.29443 31.8381 -0.694007 -0.0124402 0.719859
-59.4793 -4.82426 31.7892 -0.698243 0.000460644 0.71586
-59.2969 -3.48089 31.9725 -0.699033 -0.00513103 0.715068
-59.1365 -2.45227 32.141 -0.700804 -0.0160294 0.71312
-58.9816 -1.48218 32.3266 -0.700219 -0.0248041 0.713497
-58.9753 0.0791739 32.3686 -0.687367 -0.00897839 0.726254
-59.0813 1.41957 32.2844 -0.685078 -0.00431486 0.728457
-59.1907 2.87502 32.1848 -0.689167 -0.00394072 0.724578
-59.1514 3.89219 32.2322 -0.691248 -0.0075645 0.722578
-59.1882 4.92919 32.1992 -0.693478 0.00260786 0.720466
-59.315 5.98257 32.0691 -0.690557 0.00220532 0.723262
-59.5504 7.51803 31.8478 -0.688768 -0.00102572 0.724981
-59.5602 8.63896 31.8383 -0.690321 0.00468943 0.723475
-59.7216 10.0015 31.6672 -0.690767 0.00889703 0.723023
-59.6932 11.0356 31.6874 -0.690318 0.00303071 0.7235
-59.5736 12.0457 31.7991 -0.692206 0.00078091 0.721694
-59.1806 13.366 32.1688 -0.694323 0.00462359 0.719644
-59.2435 15.1755 32.084 -0.692157 0.0148742 0.721594
-59.1927 16.1991 32.11 -0.691938 0.0188373 0.721709
-59.0649 17.3726 32.2022 -0.697518 0.0138207 0.716429
-58.9284 18.762 32.3113 -0.697028 0.011398 0.716952
-59.1639 19.8149 32.0564 -0.69562 0.0215846 0.718078
-59.1047 21.001 32.0912 -0.693006 0.00506633 0.720836
-59.0813 22.2002 32.0899 -0.687402 0.0154668 0.726112
-59.3922 23.4804 31.7025 -0.68333 0.0547679 0.72805
-59.5575 25.1397 31.4425 -0.703462 0.0344201 0.709765
-59.4918 26.7285 31.4196 -0.70152 0.0451792 0.711216
-59.3198 28.1324 31.4782 -0.704145 0.0585672 0.707566
-59.1365 29.158 31.5696 -0.70206 0.0626512 0.709266
-58.8043 30.2787 31.7918 -0.713431 0.0815242 0.695927
-58.8662 31.549 31.5645 -0.711434 0.0916603 0.69675
-59.0916 32.5517 31.2 -0.719043 0.113119 0.685313
-59.294 33.5591 30.7829 -0.713665 0.148962 0.684464
-59.415 34.5001 30.4501 -0.713667 0.155363 0.683038
-59.8283 35.9093 29.6686 -0.682548 0.163046 0.711367
-60.7927 36.8126 28.699 -0.613564 0.126907 0.77934
-61.5129 37.2767 28.0538 -0.600574 0.103368 0.792786
-62.3139 37.8322 27.3855 -0.600405 0.0822864 0.795367
-63.3084 38.1328 26.6151 -0.594725 0.0721965 0.800674
-64.3635 38.2954 25.8365 -0.570289 0.0706735 0.818398
-65.2402 38.5329 25.2296 -0.569614 0.0405242 0.820839
-66.2675 38.1431 24.5423 -0.563666 0.0379567 0.825109
-67.2508 37.8566 23.9117 -0.539509 0.0422039 0.840907
-67.961 37.2493 23.4934 -0.533919 0.0455039 0.84431
-68.6666 36.6582 23.0797 -0.535616 0.0427284 0.843371
-69.4509 35.5787 22.6293 -0.520949 0.0349161 0.852742
-69.9462 34.5674 22.3672 -0.516558 0.0288952 0.855745
-70.345 33.6183 22.1642 -0.51629 0.0358772 0.855644
-70.687 32.1965 22.0089 -0.510459 0.0322856 0.859237
-70.8697 31.2025 21.9493 -0.51734 0.0398556 0.854805
-70.7897 30.1298 22.0509 -0.532616 0.0331176 0.845588
-70.4379 28.9794 22.3025 -0.541122 0.0215783 0.840654
-70.187 27.9148 22.5057 -0.555988 0.0224438 0.830699
-69.6682 26.6882 22.8673 -0.561835 0.0066097 0.827223
-69.5631 25.5635 22.9566 -0.560761 0.0242429 0.827532
-69.5989 24.5513 22.9751 -0.555661 0.0349299 0.830675
-69.7215 23.4929 22.9227 -0.554977 0.0116457 0.831711
-70.1662 22.3023 22.6256 -0.570028 0.0293106 0.820551
-70.3726 21.5569 22.5303 -0.591808 0.0365874 0.804875
-64.6049 27.6647 26.6558 -0.629692 0.0540527 0.774864
-64.2055 28.3674 26.9184 -0.617805 0.0652212 0.783622
-63.9024 29.6435 27.0714 -0.654319 0.0518376 0.754389
-64.3305 30.9616 26.6258 -0.636102 0.0465571 0.770198
-65.0001 30.2903 26.1321 -0.616394 0.0680441 0.784492
-64.897 29.3992 26.2893 -0.616177 0.0643339 0.784976
-64.7138 28.1369 26.5374 -0.624727 0.0501815 0.779016
-64.6593 27.898 26.5928 -0.635862 0.0465555 0.770301
-64.7362 6.7293 27.0793 -0.650233 -0.0233595 0.759376
-65.1072 5.66978 26.7548 -0.645318 -0.00132616 0.763913
-65.2475 3.57734 26.629 -0.652671 -0.00610248 0.75761
-65.2606 2.4844 26.5973 -0.644033 -0.0148687 0.764852
-65.1786 1.23307 26.646 -0.652705 -0.0109354 0.757528
-65.0736 -0.169866 26.7214 -0.651827 -0.00718826 0.758334
-64.9452 -1.38398 26.8194 -0.651629 -0.00800736 0.758496
-64.9598 -2.72551 26.7998 -0.63884 -0.00501225 0.769323
-64.7412 -3.90862 26.9759 -0.638725 -0.00215911 0.769431
-64.7386 -4.97391 26.9505 -0.652648 -0.0160654 0.756765
-64.3161 -4.16888 27.3381 -0.663138 0.00519732 0.748478
-64.368 -2.98461 27.2978 -0.650228 -0.00700853 0.759707
-64.0435 -1.25388 27.5952 -0.65138 -0.00880393 0.758701
-64.3391 -0.249118 27.352 -0.651738 -0.00756173 0.758407
-64.0968 1.03521 27.58 -0.655531 -0.0128792 0.755058
-64.0448 2.17059 27.645 -0.655442 -0.0140169 0.755115
-64.0385 3.24395 27.665 -0.652464 -0.00885538 0.757768
-64.1101 4.23985 27.6149 -0.653423 -0.00582047 0.756963
-64.3322 5.40262 27.4164 -0.651315 0.0079613 0.758766
-64.7797 6.42257 27.0324 -0.647556 -0.0124535 0.761823
-64.5782 4.02402 27.2089 -0.653967 -0.00303437 0.756517
-64.6369 2.92035 27.1461 -0.653368 -0.0122342 0.756931
-64.5447 2.84452 27.2245 -0.653844 -0.0117503 0.75653
-64.5632 3.90931 27.2211 -0.65239 -0.00880361 0.757833
-64.5661 3.94142 27.219 -0.653423 -0.00582047 0.756963
-64.6377 -5.74024 27.0386 -0.675855 -0.00442983 0.737021
-64.5718 -6.69083 27.0917 -0.672529 -0.00867774 0.740008
-64.5161 -6.20852 27.1473 -0.675528 -0.00568371 0.737311
-64.462 -7.65061 27.1771 -0.654301 0.00187546 0.755854
-64.587 -8.93329 27.0744 -0.646178 -0.0188272 0.762718
-64.39 -9.20901 27.2391 -0.65218 -0.00291438 0.758023
-64.2574 -8.05676 27.3555 -0.659809 0.000156566 0.751431
-64.2713 -7.90242 27.3453 -0.664051 -0.0135824 0.747522
-64.5453 -10.3179 27.1108 -0.648506 0.00375124 0.761201
-64.0699 -10.9692 27.5174 -0.647174 -0.00113366 0.762341
-64.1044 -12.2787 27.4858 -0.648198 -0.00273799 0.761465
-63.8669 -13.3262 27.6793 -0.651255 -0.00780964 0.758819
-63.7754 -14.3117 27.7429 -0.648058 -0.0279924 0.761076
-63.6039 -15.5657 27.8434 -0.64791 -0.0270506 0.761236
-63.4877 -16.9127 27.9099 -0.669938 -0.017624 0.742208
-63.3556 -18.1497 27.9864 -0.66753 -0.0294544 0.744
-63.2095 -19.6084 28.051 -0.653937 -0.05664 0.754425
-63.1105 -20.6689 28.066 -0.670771 -0.0299524 0.740942
-63.099 -22.3135 28.0346 -0.659396 -0.0189578 0.751453
-62.8686 -23.3661 28.1849 -0.675066 -0.0456366 0.736344
-62.6495 -24.7003 28.2984 -0.669176 -0.0532529 0.741192
-62.5851 -25.7223 28.288 -0.656041 -0.0416476 0.753575
-62.4324 -27.1019 28.3356 -0.653337 -0.0566425 0.754945
-62.3285 -28.4487 28.3293 -0.67056 -0.0613697 0.739174
-62.53 -29.8906 28.0373 -0.651279 -0.0587135 0.756564
-63.0521 -30.6744 27.5183 -0.636928 -0.0999847 0.764377
-63.914 -30.6673 26.8064 -0.63517 -0.0893589 0.767186
-64.1136 -29.5074 26.742 -0.628305 -0.0494193 0.776378
-63.9118 -27.7008 27.0237 -0.649701 -0.0463239 0.758751
-63.8055 -26.4827 27.184 -0.655919 -0.0423508 0.753642
-63.677 -25.4102 27.3551 -0.655717 -0.0417145 0.753853
-63.7764 -24.1975 27.331 -0.656917 -0.0389835 0.752954
-64.2639 -22.7309 26.9906 -0.658731 -0.045298 0.751014
-64.457 -21.593 26.8898 -0.653959 -0.029921 0.75575
-64.5659 -20.4565 26.8461 -0.640139 -0.0356672 0.767431
-64.761 -19.0539 26.7447 -0.641384 -0.0297727 0.766641
-64.9505 -17.8396 26.6296 -0.640717 -0.0241423 0.767391
-65.1453 -16.2972 26.5089 -0.641966 -0.0205564 0.766457
-65.1845 -14.8502 26.522 -0.650657 -0.0248596 0.758965
-65.0984 -13.6539 26.6234 -0.650493 -0.0118396 0.759413
-64.9678 -12.4205 26.748 -0.648873 -0.00350181 0.760888
-64.7246 -11.387 26.9606 -0.64847 -0.00209204 0.761236
-64.4535 -10.8609 27.1917 -0.648027 0.00137451 0.761612
-64.4571 -13.9861 27.1659 -0.649968 -0.00871862 0.759909
-64.4891 -14.3167 27.1349 -0.64966 -0.0179648 0.759944
-64.1856 -15.5238 27.35 -0.647348 -0.0269124 0.761719
-64.5905 -16.8099 26.9589 -0.64399 -0.0247585 0.764615
-64.3326 -18.2949 27.1304 -0.641146 -0.0260498 0.766977
-64.0502 -18.3952 27.369 -0.660513 -0.0173595 0.750614
-63.933 -17.3015 27.4987 -0.658353 -0.0228383 0.752189
-64.1244 -16.1612 27.3787 -0.646875 -0.0290779 0.762042
-64.1421 -15.8833 27.3744 -0.64741 -0.0280996 0.761622
-63.7373 -19.7745 27.5804 -0.654056 -0.0572502 0.754277
-63.7737 -20.9239 27.4856 -0.645937 -0.0241076 0.762898
-63.7936 -22.0069 27.4474 -0.654486 -0.0316457 0.755255
-63.9884 -21.0675 27.2995 -0.644338 -0.0250037 0.764243
-63.9735 -19.891 27.3668 -0.647184 -0.0463669 0.760788
-63.1346 -25.8486 27.8026 -0.655889 -0.0416977 0.753705
-63.3594 -26.8361 27.5524 -0.655919 -0.0423508 0.753642
-63.4416 -28.2297 27.3866 -0.647112 -0.053564 0.76051
-63.5856 -29.4523 27.1722 -0.636859 -0.0520431 0.769095
-62.9805 -29.0857 27.7144 -0.646755 -0.0601472 0.760322
-62.8535 -27.7965 27.9192 -0.650587 -0.0560721 0.75735
-63.152 -26.8592 27.7316 -0.65446 -0.0490896 0.754463
-63.1281 -25.9785 27.8012 -0.656043 -0.0416513 0.753573
-63.1322 -25.9368 27.7998 -0.656041 -0.0416476 0.753575
