-19.9594 -1.43396 71.6106 -0.580864 0.00810671 0.813961
-19.3278 -0.912731 72.0562 -0.572126 0.00419534 0.82007
-19.6569 -2.0371 71.8322 -0.571954 0.00393803 0.820196
-19.8613 -2.83772 71.6942 -0.578077 0.00711779 0.815626
-20.6834 -1.71199 71.0846 -0.593477 -0.00370325 0.804843
-20.4856 -0.72492 71.2269 -0.58002 0.00195359 0.814568
-19.8447 -0.150433 71.6846 -0.578187 -0.00511043 0.815888
-18.5893 -1.00413 72.5593 -0.563005 0.000260726 0.826453
-18.7176 -2.39836 72.4711 -0.562677 -0.00231858 0.826674
-19.3995 -2.86673 72.0064 -0.559958 0.000516602 0.828521
-19.2136 -3.57862 72.1328 -0.561202 0.00554274 0.827652
-20.2288 -3.37749 71.4287 -0.595029 0.00236595 0.803651
-20.8906 -2.74422 70.9269 -0.59548 0.00323866 0.803328
-21.2745 -1.55617 70.6356 -0.618353 0.00896902 0.785849
-21.0616 -0.395212 70.7921 -0.615747 0.00849476 0.787889
-20.4152 0.402693 71.2839 -0.595275 0.00132953 0.803205
-19.6178 0.616678 71.8489 -0.571831 0.00138856 0.82037
-18.4501 -0.0379383 72.6608 -0.568365 -0.00240689 0.822768
-17.9208 -1.78131 73.015 -0.565351 -0.00250175 0.824837
-18.2163 -2.84425 72.8135 -0.565783 0.00196787 0.824551
-18.9536 -3.58149 72.3099 -0.563554 0.0087551 0.826032
-18.9536 -4.34072 72.3179 -0.563554 0.0087551 0.826032
-20.0304 -4.22931 71.5734 -0.587227 0.0058861 0.809397
-20.8363 -3.7602 70.979 -0.600508 0.00509061 0.799602
-21.4299 -3.04701 70.529 -0.598917 0.00760809 0.800768
-21.8476 -2.04248 70.1896 -0.633167 0.000628732 0.774015
-21.8086 -0.680523 70.2067 -0.6206 0.00403368 0.784109
-21.0481 0.693912 70.7902 -0.6137 0.00836382 0.789494
-20.2816 1.33255 71.3845 -0.591483 -0.0164058 0.805905
-19.4108 1.30922 71.992 -0.571831 0.00138856 0.82037
-18.4369 0.827115 72.6698 -0.568967 0.000212157 0.82236
-17.7897 0.117777 73.1179 -0.568645 -0.00272196 0.822573
-17.3646 -0.976507 73.3871 -0.544223 -0.00920347 0.83889
-17.3419 -2.07679 73.3999 -0.550939 0.00599405 0.834523
-18.1334 -3.86309 72.8735 -0.563793 0.00904422 0.825828
-18.2392 -3.9263 72.8019 -0.565232 0.0108493 0.824857
-17.7272 -4.40855 73.1621 -0.565457 0.0151017 0.824634
-16.9713 -3.20506 73.6533 -0.550559 0.00643414 0.834772
-16.7442 -2.1493 73.7951 -0.550309 0.00416256 0.834949
-16.6925 -1.01274 73.8227 -0.547882 -0.00276425 0.836515
-17.0925 0.0944166 73.5764 -0.545639 -0.0124091 0.837928
-17.8645 1.24494 73.0624 -0.563677 0.00424677 0.825985
-19.206 1.98673 72.1377 -0.569945 -0.00631281 0.821659
-20.7411 1.95674 71.06 -0.591483 -0.0164058 0.805905
-21.721 0.853815 70.275 -0.61744 -0.0264469 0.785996
-22.2547 -0.0712973 69.8471 -0.624525 0.00733073 0.780971
-22.4776 -1.26112 69.6754 -0.627135 -0.000571004 0.778889
-22.3717 -2.25083 69.7612 -0.633783 0.000355883 0.773511
-21.9089 -3.45591 70.143 -0.632445 0.00281922 0.7746
-21.3499 -4.17079 70.5959 -0.600508 0.00509061 0.799602
-20.5731 -4.72418 71.1831 -0.594543 0.00651722 0.804001
-19.7698 -5.05845 71.7664 -0.578191 0.00289942 0.815838
-18.3742 -4.94097 72.7251 -0.566513 0.012369 0.82396
-18.2618 -4.87716 72.8014 -0.566678 0.0130408 0.823836
-17.8708 -5.48821 73.0823 -0.567903 0.0156431 0.822947
-18.6885 -5.79542 72.5238 -0.5626 0.0230789 0.826348
-19.6997 -5.77852 71.8251 -0.579575 0.028444 0.814394
-20.558 -5.49205 71.1977 -0.593558 0.00334567 0.804746
-21.346 -5.00537 70.6041 -0.616049 0.00240217 0.787461
-22.156 -4.1495 69.9431 -0.632623 0.0014705 0.774458
-22.759 -3.13026 69.4457 -0.633882 0.00300228 0.773424
-23.0351 -2.19856 69.2165 -0.632951 -0.00209169 0.774183
-23.0688 -1.01742 69.1953 -0.630901 -0.00348598 0.775855
-22.7862 0.18314 69.4196 -0.622354 -0.000755657 0.782684
-22.2059 1.21701 69.8917 -0.625245 -0.0161987 0.780211
-21.5053 2.16139 70.4883 -0.61742 -0.0261296 0.786005
-20.5537 2.89828 71.1971 -0.580264 -0.00306965 0.814422
-19.2277 2.72221 72.1287 -0.571814 -0.00964015 0.820318
-18.2536 2.3696 72.8068 -0.568809 -0.0129678 0.822338
-17.4186 1.70057 73.364 -0.563721 -0.00647485 0.825867
-16.5501 0.478057 73.9348 -0.545144 -0.0124275 0.83825
-16.1159 -0.538698 74.1919 -0.495287 -0.0053282 0.868696
-16.0538 -1.61847 74.2396 -0.481999 0.013465 0.876067
-16.2756 -2.89434 74.1078 -0.546687 0.00402597 0.83732
-16.6232 -3.94636 73.8919 -0.547474 0.0115194 0.836716
-17.2973 -4.9357 73.4662 -0.559333 0.0217995 0.828608
-17.5397 -5.18267 73.305 -0.56614 0.015413 0.824163
-16.9507 -5.5564 73.7146 -0.564402 0.015153 0.825361
-17.6651 -6.18149 73.2375 -0.56622 0.0154183 0.824107
-18.4707 -6.49531 72.6956 -0.556978 0.0300682 0.829983
-19.7294 -6.4904 71.8242 -0.584493 0.0300418 0.810814
-20.5412 -6.27289 71.2108 -0.607026 -0.0027227 0.794666
-21.5881 -5.61851 70.4132 -0.621954 0.00207305 0.782976
-22.2412 -5.03356 69.8784 -0.629397 0.0104781 0.777013
-22.8359 -4.29308 69.3873 -0.630433 0.00406988 0.776219
-23.3937 -3.15773 68.9314 -0.626541 0.00455706 0.779375
-23.6708 -2.05524 68.7005 -0.629123 0.000951022 0.777285
-23.5551 -0.343099 68.8035 -0.636093 0.00306173 0.771542
-23.0878 1.00304 69.1901 -0.635469 -0.00126263 0.772125
-22.1632 2.30358 69.9568 -0.632534 -0.0212595 0.774241
-21.5188 3.16118 70.5029 -0.618906 -0.00515615 0.785272
-20.3132 3.70258 71.3803 -0.579067 -0.0155881 0.815127
-19.5032 3.52719 71.9499 -0.575778 -0.01877 0.817384
-18.6373 3.25495 72.5506 -0.573743 -0.0123646 0.818942
-17.4139 2.62107 73.3865 -0.565004 -0.0173921 0.824905
-16.6569 1.78147 73.8798 -0.513663 0.00357344 0.857673
-15.9828 0.808613 74.2678 -0.496915 0.0021607 0.867796
-15.549 -0.0612413 74.5177 -0.487544 -0.0091867 0.873049
-15.3785 -1.09052 74.603 -0.487608 0.00265775 0.872956
-15.4756 -2.37069 74.5681 -0.47983 0.0126656 0.877269
-15.8121 -3.57177 74.4034 -0.479464 0.021349 0.877277
-16.2993 -4.72104 74.1186 -0.538271 0.0324173 0.842088
-16.839 -5.44257 73.7889 -0.559333 0.0217995 0.828608
-16.3593 -5.93723 74.126 -0.555709 0.027379 0.830773
-15.227 -4.63433 74.7574 -0.490601 0.0325205 0.87076
-14.9782 -3.45796 74.8583 -0.478417 0.0295455 0.877626
-14.7558 -1.7703 74.9537 -0.479652 0.0113531 0.877384
-14.8049 -0.534517 74.9283 -0.488286 -0.00671694 0.872655
-15.0364 0.472021 74.8104 -0.49241 -0.00400909 0.870318
-15.8257 1.6938 74.3538 -0.495924 0.00436728 0.868355
-16.39 2.6744 74.0346 -0.507018 0.00235311 0.861813
-17.4446 3.54376 73.3642 -0.533043 -0.00319564 0.84598
-18.5085 3.93968 72.6563 -0.573098 -0.0201226 0.81924
-19.9283 4.51029 71.6692 -0.578145 -0.0167162 0.815763
-20.9567 4.55175 70.9294 -0.594678 -0.0010602 0.803822
-21.6937 3.97034 70.368 -0.606919 0.00145793 0.794763
-22.3038 3.06777 69.863 -0.631486 -0.0164005 0.775199
-22.9546 2.37493 69.3125 -0.633676 -0.0223865 0.773272
-23.4858 1.55728 68.8628 -0.636927 -0.00232592 0.770917
-23.9279 0.358607 68.4924 -0.642963 -0.00488236 0.765878
-24.3574 -1.05207 68.142 -0.640769 0.00858885 0.767684
-24.3437 -2.29064 68.1512 -0.633571 -0.000902021 0.773661
-24.0083 -3.25419 68.4381 -0.629806 0.00950813 0.776665
-23.603 -4.10876 68.7687 -0.628011 0.00368642 0.778194
-22.874 -5.26147 69.3682 -0.630692 0.0106731 0.77596
-22.1247 -6.14364 69.9878 -0.623066 0.00186478 0.782075
-21.3659 -6.66857 70.578 -0.617191 -0.00757452 0.786777
-20.2897 -7.09477 71.4047 -0.611858 0.00305016 0.790962
-19.4709 -7.27637 72.0397 -0.613803 0.0158603 0.789199
-18.6195 -7.34582 72.6257 -0.556041 0.0269649 0.830718
-17.5302 -7.08663 73.3479 -0.562443 0.0229624 0.826498
-16.819 -6.40658 73.8203 -0.564942 0.0168344 0.824957
-20.6807 5.71246 71.1389 -0.601479 -0.0131134 0.798711
-19.9203 6.91112 71.7404 -0.610788 -0.014729 0.791628
-19.2579 7.80475 72.2379 -0.590388 -0.00897976 0.807068
-18.3428 8.80866 72.8689 -0.541953 -0.0200389 0.840126
-17.7527 9.50489 73.2727 -0.535782 -0.0253878 0.843945
-17.3917 10.4321 73.5226 -0.530811 -0.0217922 0.84721
-17.2378 11.5731 73.6691 -0.529809 -0.041645 0.847094
-17.2321 13.0707 73.7288 -0.521008 -0.0234638 0.853171
-17.4361 14.1061 73.6273 -0.521913 -0.0326954 0.852252
-17.8632 15.1555 73.4165 -0.544493 -0.0310227 0.837862
-18.538 15.9951 72.9838 -0.561862 -0.0356755 0.826459
-19.2807 16.9887 72.511 -0.584225 -0.0349788 0.810787
-20.6406 17.3432 71.5174 -0.600307 -0.0367094 0.798925
-21.4676 17.3318 70.8911 -0.603962 -0.0358905 0.796204
-22.2839 17.4487 70.2757 -0.612738 -0.0388476 0.789263
-22.9438 16.8379 69.7222 -0.62307 -0.0189227 0.781749
-23.9435 16.1488 68.8804 -0.645354 -0.033082 0.762936
-24.7847 15.1684 68.1213 -0.62664 -0.0313114 0.778679
-25.3652 14.2389 67.6213 -0.625273 -0.0225518 0.780058
-25.654 13.0833 67.328 -0.650998 -0.0313953 0.758404
-25.8937 11.7946 67.068 -0.65502 -0.0296863 0.755028
-25.6928 10.746 67.2074 -0.657554 -0.0234992 0.753041
-25.2625 9.23007 67.535 -0.658314 -0.0247073 0.752338
-24.8848 8.30872 67.8359 -0.657023 -0.0240828 0.753484
-24.1425 7.82247 68.4681 -0.637796 -0.00964056 0.769807
-23.3716 7.22904 69.0727 -0.620213 -0.00673368 0.784404
-22.6551 6.77129 69.6324 -0.610565 -0.00728733 0.791912
-21.9613 6.24219 70.1645 -0.609247 -0.0027082 0.792976
-21.0189 5.81407 70.8846 -0.606869 -0.00457504 0.794788
-20.828 5.71653 71.0297 -0.601039 -0.00536192 0.799168
-21.3265 6.77154 70.6564 -0.611194 -0.0175752 0.791276
-20.2388 7.59095 71.5135 -0.610367 -0.0213358 0.791831
-19.6235 8.35477 71.9779 -0.591738 -0.0124596 0.80603
-18.8611 9.20117 72.549 -0.564962 -0.0179561 0.82433
-18.1946 10.2821 73.0153 -0.536249 -0.0254382 0.843646
-17.8868 11.3966 73.2545 -0.529806 -0.0416466 0.847096
-17.759 12.4293 73.3671 -0.570542 -0.0293041 0.820517
-18.1134 14.0608 73.2039 -0.528833 -0.033464 0.84798
-18.6343 15.1072 72.8889 -0.563588 -0.0232132 0.82573
-19.6741 16.2516 72.1889 -0.597323 -0.0403423 0.800985
-21.2657 16.6544 71.0137 -0.604302 -0.0366944 0.795899
-22.3214 16.4144 70.1956 -0.614103 -0.0379107 0.788266
-23.2716 15.8808 69.4247 -0.62138 -0.0638348 0.780869
-24.135 15.0438 68.6393 -0.636957 -0.0428707 0.769476
-24.9953 13.4112 67.9005 -0.636381 -0.0253109 0.770784
-25.1916 12.3972 67.6993 -0.652127 -0.0246973 0.75769
-25.1908 11.1852 67.6592 -0.656923 -0.0229767 0.753607
-24.9788 9.92472 67.7956 -0.637313 -0.0187883 0.770276
-24.4434 9.01848 68.2321 -0.637409 -0.00769382 0.770487
-23.5743 8.21536 68.9244 -0.621639 -0.0126181 0.7832
-22.7423 7.57212 69.5766 -0.621927 -0.0103854 0.783006
-22.0155 7.12266 70.1313 -0.609921 -0.0121101 0.792369
-21.3952 6.77894 70.6031 -0.611853 -0.0141129 0.790839
-21.0415 7.73415 70.8979 -0.614103 -0.0192504 0.788991
-22.0151 7.88347 70.144 -0.612066 -0.01692 0.790619
-22.8505 8.43672 69.5019 -0.621132 -0.0124584 0.783603
-23.7273 9.18935 68.8213 -0.621114 -0.0146603 0.783583
-24.375 10.07 68.2986 -0.635881 -0.0183325 0.771488
-24.6013 11.0526 68.1504 -0.634025 -0.0294307 0.772753
-24.6316 12.1956 68.1658 -0.624347 -0.0186542 0.780924
-24.4378 13.2424 68.3441 -0.625692 -0.016684 0.779891
-23.8186 14.3887 68.8681 -0.626822 -0.0240452 0.778765
-23.0918 15.148 69.5071 -0.625763 -0.0619091 0.777538
-21.7478 15.8646 70.6062 -0.608427 -0.0378236 0.792708
-20.8489 15.9348 71.297 -0.604302 -0.0366944 0.795899
-20.0248 15.6407 71.9016 -0.594147 -0.0174313 0.804164
-19.2513 14.8828 72.4458 -0.580162 -0.0329898 0.813832
-18.7563 14.0403 72.7647 -0.578615 -0.0377156 0.814714
-18.4031 12.4657 72.9222 -0.570288 -0.0490343 0.819979
-18.5917 11.0201 72.7659 -0.579339 -0.0181447 0.814834
-18.9848 10.123 72.4665 -0.58816 -0.00513437 0.808726
-19.6504 9.26489 71.9716 -0.59376 -0.0106269 0.804572
-20.5142 8.30403 71.3204 -0.603062 -0.0146426 0.797473
-20.9844 7.78129 70.9435 -0.612435 -0.020456 0.790253
-21.3894 8.59766 70.6483 -0.614206 -0.021598 0.788847
-22.3383 8.84859 69.9175 -0.618832 -0.0208264 0.785218
-23.0182 9.37453 69.3869 -0.624065 -0.0181453 0.781162
-23.6362 10.0592 68.9098 -0.629291 -0.0109889 0.777012
-24.0346 11.198 68.6182 -0.624308 -0.0194732 0.780936
-24.0373 12.2428 68.6421 -0.624347 -0.0186542 0.780924
-23.7683 13.2951 68.8812 -0.624381 -0.0188853 0.780891
-23.0745 14.2687 69.463 -0.627859 -0.0357446 0.777363
-22.2671 14.8678 70.1542 -0.627616 -0.0488776 0.776987
-21.3867 15.2014 70.8519 -0.607795 -0.0371102 0.793225
-20.463 15.0642 71.5652 -0.605389 -0.0226734 0.795481
-19.4476 14.0459 72.2739 -0.578712 -0.0367461 0.814682
-19.0491 12.7088 72.4868 -0.574846 -0.0462936 0.816931
-19.1012 11.4518 72.4089 -0.587636 -0.0215191 0.808839
-19.4832 10.5101 72.1059 -0.588696 -0.014234 0.80819
-20.2488 9.54508 71.533 -0.594268 -0.0106438 0.804197
-20.8769 8.90091 71.0564 -0.606846 -0.0164985 0.794561
-21.252 9.49196 70.7822 -0.606846 -0.0164985 0.794561
-20.2823 10.4582 71.5186 -0.59833 -0.0258168 0.800641
-19.7403 11.4045 71.9442 -0.579006 -0.0279532 0.814844
-19.715 13.1092 72.0349 -0.578326 -0.0424445 0.814701
-20.3343 14.0864 71.6277 -0.613703 -0.0209674 0.789201
-21.0688 14.463 71.0698 -0.615356 -0.0293365 0.787703
-21.8812 14.3204 70.4321 -0.618309 -0.042083 0.784681
-22.5831 13.8816 69.8483 -0.627489 -0.0198185 0.778373
-23.179 13.0895 69.3477 -0.625976 -0.0188022 0.779613
-23.4438 11.6528 69.1019 -0.624362 -0.019536 0.780891
-23.0425 10.3135 69.3892 -0.624243 -0.0187735 0.781004
-22.2061 9.56464 70.0397 -0.62362 -0.0180674 0.781519
-21.2698 9.48145 70.768 -0.61416 -0.0237674 0.788824
-21.6985 10.2029 70.4554 -0.606894 -0.0159497 0.794536
-20.7379 10.9221 71.2037 -0.597931 -0.0431551 0.800385
-20.2844 11.9785 71.5774 -0.579005 -0.028028 0.814842
-20.4272 13.1997 71.5337 -0.578545 -0.0423843 0.814548
-21.1472 13.7214 70.9897 -0.615258 -0.0121278 0.788232
-22.3021 13.278 70.0594 -0.627569 -0.0197517 0.778311
-22.8443 12.3286 69.5981 -0.625976 -0.0188022 0.779613
-22.831 11.307 69.5831 -0.624276 -0.0196552 0.780956
-22.1277 10.387 70.121 -0.623365 -0.0190476 0.781698
-21.8926 10.2074 70.3044 -0.618812 -0.0205168 0.785245
-21.5813 11.0241 70.5785 -0.612936 -0.0335274 0.789154
-20.8798 11.9933 71.1548 -0.588645 -0.035331 0.807495
-21.2522 12.8013 70.8932 -0.620782 -0.0166376 0.783761
-22.091 12.6934 70.2149 -0.627645 -0.0197252 0.77825
-22.244 11.5519 70.06 -0.627576 -0.022442 0.778232
-22.0192 11.3381 70.2351 -0.62752 -0.0232476 0.778253
