-49.0423 20.9518 43.536 -0.741358 -0.000947402 0.671107
-48.6617 21.0054 43.9552 -0.739749 -0.000680303 0.672874
-48.0685 19.5632 44.5974 -0.739744 -0.00354583 0.672878
-48.2001 19.4388 44.4521 -0.739376 -0.00424422 0.673279
-48.7288 20.145 43.8764 -0.739273 -0.00424732 0.673393
-48.9791 20.7127 43.6049 -0.740323 -0.00312526 0.672241
-49.4333 20.5585 43.1027 -0.74149 -0.0024753 0.670959
-49.017 19.1954 43.5537 -0.739211 -0.00416974 0.673461
-48.541 17.5526 44.067 -0.740448 -0.00328436 0.672103
-48.1699 16.1441 44.4585 -0.740688 -0.00904478 0.671788
-48.0257 15.0692 44.6011 -0.7398 -0.0074763 0.672778
-47.8467 13.9886 44.7906 -0.737823 -0.006501 0.674956
-47.4359 12.2192 45.2145 -0.736195 -0.00897607 0.67671
-47.207 11.1366 45.4502 -0.736099 -0.00605139 0.676847
-47.0759 9.57811 45.5772 -0.735033 -0.00967939 0.677959
-46.7925 8.66034 45.8684 -0.735034 -0.0116979 0.67793
-47.2315 7.8175 45.3794 -0.733355 -0.00894307 0.679785
-47.3078 6.43558 45.2847 -0.735408 -0.00483885 0.677607
-47.5303 5.06562 45.0308 -0.73569 -0.00666736 0.677286
-47.2875 3.18725 45.2708 -0.731767 -0.00877944 0.681499
-46.7774 1.90393 45.7992 -0.72992 -0.00967807 0.683463
-46.4603 2.75295 46.1516 -0.730401 -0.0108606 0.682932
-46.3667 4.47873 46.2786 -0.732268 -0.0107879 0.680931
-46.3437 5.68558 46.3228 -0.731824 -0.00935388 0.681428
-46.421 7.36425 46.2521 -0.734084 -0.00421118 0.679046
-46.4207 8.60014 46.2704 -0.735029 -0.011853 0.677932
-46.4526 10.1121 46.2589 -0.734936 -0.00772266 0.678093
-46.2528 11.1852 46.4884 -0.736177 -0.00975393 0.676717
-46.1489 12.6999 46.6248 -0.737475 -0.00748444 0.675329
-46.1627 14.0819 46.621 -0.736141 -0.00703504 0.676789
-46.5704 15.5655 46.2015 -0.735717 -0.0112325 0.677196
-46.8632 16.5151 45.8964 -0.73711 -0.00964152 0.675704
-47.2337 18.0051 45.5135 -0.737299 -0.00960657 0.675498
-47.5331 19.1035 45.1864 -0.740629 -0.00157279 0.671912
-47.7765 20.3651 44.9227 -0.74054 -0.00308384 0.672005
-48.102 21.6053 44.5688 -0.740141 0.00262791 0.672447
-48.4991 22.5895 44.1307 -0.744133 -0.00443245 0.668012
-49.154 22.702 43.4115 -0.740735 0.000124687 0.67179
-49.5551 21.8859 42.9686 -0.741683 0.00144057 0.670748
-49.5334 20.9376 42.9934 -0.741358 -0.000947402 0.671107
-50.0693 20.9864 42.4012 -0.741557 -0.000974713 0.670888
-50.1137 22.0324 42.3495 -0.74261 0.00237152 0.66972
-49.7293 23.1958 42.7725 -0.743206 0.00101256 0.669062
-48.9864 23.7409 43.5969 -0.741628 -0.000270153 0.670807
-48.0213 23.0474 44.6663 -0.746432 -0.00691523 0.665426
-47.5097 21.4592 45.2213 -0.742658 -0.00244594 0.669637
-47.2321 20.2889 45.5224 -0.740953 -0.00304009 0.67155
-46.922 19.0175 45.8592 -0.739672 -0.00163842 0.672966
-46.676 18.0764 46.1235 -0.737235 -0.00982512 0.675565
-46.311 16.6529 46.5008 -0.737081 -0.00989401 0.675732
-45.9506 15.5851 46.8761 -0.737576 -0.0116699 0.675164
-45.5709 14.0893 47.2674 -0.738395 -0.00756999 0.674323
-45.5815 12.7431 47.2446 -0.736822 -0.00832521 0.676029
-45.7404 11.3853 47.0492 -0.736185 -0.0112726 0.676687
-45.8761 10.2944 46.8873 -0.736126 -0.00841821 0.676792
-45.9281 8.95309 46.8108 -0.735842 -0.0123628 0.677039
-45.9239 7.50975 46.7903 -0.734576 -0.00793392 0.678469
-45.8489 6.50603 46.8629 -0.731524 -0.00764746 0.681773
-45.8015 5.49058 46.9024 -0.731813 -0.00912029 0.681443
-45.8013 4.48115 46.8869 -0.732332 -0.0107344 0.680863
-45.9118 3.01463 46.7459 -0.734189 -0.0116125 0.678846
-46.0491 1.8922 46.5785 -0.732507 -0.0108691 0.680668
-46.2051 0.910459 46.4002 -0.733731 -0.00568566 0.679417
-46.1041 -0.341102 46.4957 -0.733322 -0.0113738 0.679787
-46.0069 -1.43517 46.582 -0.73167 -0.00977464 0.681583
-45.6862 -2.87401 46.9201 -0.73928 -0.00308652 0.673391
-45.308 -3.8304 47.3279 -0.729116 -0.00259452 0.684374
-44.9685 -4.8926 47.6703 -0.729874 -0.0133663 0.68345
-44.7627 -5.96879 47.8794 -0.733456 -0.00575421 0.67971
-44.8858 -6.95874 47.7443 -0.731484 -0.000897048 0.681858
-45.455 -7.77866 47.1327 -0.7334 -0.00445397 0.679767
-46.2549 -7.90027 46.2588 -0.738009 -0.00870876 0.674734
-47.1532 -6.84193 45.2927 -0.733807 -0.00886398 0.679279
-47.299 -5.70823 45.1509 -0.734079 -0.00990007 0.678992
-47.141 -4.44195 45.3301 -0.732957 0.00108666 0.680274
-46.9271 -3.40642 45.5629 -0.726455 -0.00912096 0.687151
-46.9115 -2.16562 45.6024 -0.730468 -0.0136496 0.68281
-46.936 -1.01903 45.594 -0.730117 -0.00798574 0.683276
-47.1071 0.182867 45.4283 -0.728094 -0.00852496 0.685422
-47.4152 1.64615 45.1172 -0.727 -0.00814852 0.686589
-47.8965 3.27304 44.6269 -0.726177 -0.00719955 0.68747
-48.0526 4.29412 44.4656 -0.729632 -0.00385532 0.683829
-47.9505 5.897 44.5856 -0.729599 -0.00489743 0.683858
-47.8098 6.99525 44.7469 -0.73318 -0.00724433 0.679996
-47.7127 7.99774 44.863 -0.733317 -0.0106168 0.679804
-47.6381 9.3827 44.9652 -0.734467 -0.00939383 0.678577
-47.6973 10.5227 44.9115 -0.736083 -0.00604923 0.676864
-47.8502 11.5977 44.7554 -0.736263 -0.00889929 0.676637
-48.2292 13.3205 44.366 -0.736186 -0.00877319 0.676722
-48.4106 14.3588 44.1735 -0.739429 -0.00449036 0.673219
-48.5954 15.5083 43.9806 -0.740537 -0.00974573 0.671945
-48.8921 16.7695 43.6749 -0.734552 -0.0103273 0.678474
-49.3072 18.1759 43.2322 -0.736467 -0.000186373 0.676473
-49.7399 19.5771 42.7596 -0.738958 -0.000108086 0.673734
-49.884 20.0726 42.6025 -0.741637 -0.00261756 0.670796
-50.3984 19.8484 42.0424 -0.736038 0.00253975 0.676936
-50.123 18.9109 42.3455 -0.736109 0.00108576 0.67686
-49.828 18.0084 42.6655 -0.735571 -0.000158572 0.677447
-49.3472 16.3242 43.1756 -0.734596 -0.0101774 0.678429
-49.0896 15.2508 43.4414 -0.731936 -0.00562717 0.68135
-48.9222 14.2609 43.6168 -0.735407 -0.00208117 0.677623
-48.6669 12.8237 43.8807 -0.735644 -0.0128984 0.677246
-48.3975 11.6449 44.1569 -0.738219 -0.00626365 0.674522
-48.2542 10.6472 44.308 -0.735472 -0.00575436 0.67753
-48.1835 9.52278 44.3746 -0.735603 -0.0080624 0.677365
-48.2399 8.20436 44.2975 -0.734457 -0.00939576 0.678587
-48.3569 7.06903 44.1609 -0.729525 -0.00489146 0.683936
-48.563 5.43581 43.9291 -0.72932 -0.00514778 0.684153
-48.5494 3.65543 43.9327 -0.7295 -0.00316043 0.683974
-48.2668 2.48224 44.227 -0.72656 -0.00790214 0.687057
-47.9285 1.3811 44.5711 -0.726489 -0.00847923 0.687126
-47.6785 0.359109 44.8241 -0.727516 -0.00862546 0.686035
-47.4378 -1.47382 45.0529 -0.729581 -0.0113132 0.683795
-47.4849 -3.26179 44.9752 -0.726726 -0.0108192 0.686843
-47.7308 -4.71398 44.6997 -0.730465 -0.00965572 0.68285
-47.8511 -5.82835 44.5628 -0.726834 -0.00560187 0.68679
-47.6732 -7.09354 44.7356 -0.727967 -0.0118985 0.685509
-47.268 -7.98293 45.1567 -0.730159 -0.00793395 0.683232
-46.3931 -8.75468 46.0973 -0.738166 -0.00797344 0.674572
-45.6146 -8.69321 46.9486 -0.735378 -0.00795966 0.677611
-44.9643 -8.34033 47.6579 -0.732976 -0.00458206 0.680226
-44.2912 -7.10452 48.3778 -0.729218 -0.00724161 0.684217
-44.2037 -6.05058 48.4825 -0.733486 -0.0040244 0.679693
-44.3679 -5.07649 48.3116 -0.732403 -0.00454202 0.680855
-44.6318 -4.09844 48.0423 -0.726662 -0.00636032 0.686965
-45.207 -2.47494 47.4344 -0.730466 0.00123297 0.682948
-45.472 -1.52221 47.1565 -0.73282 -0.010217 0.680343
-45.6197 -0.116309 47.0213 -0.732681 -0.0118904 0.680468
-45.6051 1.23575 47.0534 -0.736322 -0.00701292 0.676595
-45.4509 2.4402 47.2353 -0.736295 -0.00763535 0.676617
-45.2877 3.86574 47.4326 -0.733376 -0.00856077 0.679769
-45.2526 5.12871 47.4867 -0.73274 -0.00967225 0.680439
-45.3104 6.29785 47.4388 -0.733656 -0.00837784 0.679469
-45.3783 7.31208 47.378 -0.734173 -0.0115829 0.678855
-45.3961 9.119 47.3935 -0.736655 -0.0127677 0.676148
-45.3344 10.1743 47.4748 -0.735817 -0.00855296 0.677126
-45.2152 11.3205 47.6196 -0.736144 -0.0111768 0.676733
-45.0676 12.5583 47.8004 -0.73605 -0.0110827 0.676836
-44.9756 13.6656 47.9143 -0.738281 -0.00774648 0.674445
-45.0974 14.8198 47.7972 -0.738992 -0.00956017 0.673646
-45.501 16.1111 47.3764 -0.737544 -0.0109104 0.67521
-45.9645 17.6325 46.8932 -0.737502 -0.00976713 0.675275
-46.2513 18.6808 46.5952 -0.738329 -0.00581332 0.674402
-46.6379 20.0981 46.1775 -0.740776 -0.00468432 0.671736
-46.8996 21.2037 45.8947 -0.741822 -0.00506393 0.670576
-47.183 22.3449 45.5932 -0.741363 -0.00770678 0.67106
-47.4859 23.3218 45.2693 -0.743725 -0.00765077 0.668433
-47.9465 24.1309 44.7616 -0.746553 -0.00744331 0.665284
-48.5763 24.5443 44.0596 -0.74719 -0.00617582 0.66458
-49.2494 24.5639 43.2981 -0.747686 0.00141883 0.664006
-49.935 24.1275 42.5368 -0.745779 0.00853998 0.666139
-50.3818 23.3646 42.0482 -0.737763 0.00524711 0.675029
-50.6696 22.0477 41.7388 -0.73645 0.00245064 0.676487
-50.5985 20.8919 41.8186 -0.73899 0.00157087 0.67371
-50.498 20.3728 41.9321 -0.737818 0.00331238 0.674986
-50.9219 19.679 41.4707 -0.739495 0.00427043 0.673149
-51.2344 21.6163 41.1235 -0.738212 -0.000930274 0.674568
-51.1531 22.7736 41.2099 -0.73763 0.00558456 0.675172
-50.8028 23.9241 41.5793 -0.739123 0.00819339 0.673521
-50.189 24.8916 42.2433 -0.743308 0.00694698 0.668903
-49.5206 25.3734 42.9947 -0.751227 -0.00295667 0.660037
-48.823 25.4412 43.7882 -0.747869 -0.0042229 0.663832
-48.0396 25.1814 44.6688 -0.747252 -0.00592029 0.664512
-47.3334 24.3768 45.4491 -0.742845 -0.00667963 0.66943
-46.9047 23.387 45.9128 -0.741682 -0.00838028 0.6707
-46.6222 22.3369 46.2126 -0.741703 -0.00710842 0.67069
-46.2853 20.9214 46.572 -0.741733 -0.00507974 0.670674
-46.005 19.8857 46.8747 -0.745208 -0.0051453 0.666812
-45.6119 18.4812 47.2906 -0.738825 -0.0126076 0.67377
-45.3387 17.5 47.5748 -0.737355 -0.0100625 0.67543
-44.9014 16.159 48.0317 -0.738502 -0.0102434 0.674171
-44.5205 14.9487 48.4321 -0.739235 -0.0096585 0.673378
-44.4052 13.706 48.5409 -0.738668 -0.0104267 0.673988
-44.5638 12.1642 48.3423 -0.737021 -0.0107834 0.675784
-44.729 10.9703 48.142 -0.735485 -0.00984028 0.677468
-44.8281 9.80736 48.0203 -0.734398 -0.00794947 0.678669
-44.8833 8.53878 47.9412 -0.735763 -0.0137045 0.677099
-44.8436 7.12879 47.9534 -0.734982 -0.0148818 0.677923
-44.7594 6.05979 48.0308 -0.733656 -0.00837784 0.679469
-44.7012 5.06187 48.0791 -0.73239 -0.00921538 0.680823
-44.7697 3.42069 47.9853 -0.732444 -0.00775399 0.680782
-44.9279 2.34002 47.8033 -0.734499 -0.00721922 0.678566
-45.0579 1.32498 47.6494 -0.736051 -0.00766219 0.676882
-45.0755 -0.211299 47.6057 -0.732555 -0.0127742 0.680588
-44.8995 -1.4324 47.7752 -0.733366 -0.0087454 0.679778
-44.5806 -2.60933 48.1046 -0.731928 -0.00347919 0.681352
-44.1632 -3.73904 48.5415 -0.727411 -0.00574953 0.686178
-43.7291 -5.30569 48.9972 -0.730304 0.00143746 0.683121
-43.6267 -6.46086 49.1027 -0.732592 -0.00750592 0.680617
-43.7994 -7.53271 48.8995 -0.73202 -0.0110135 0.681194
-44.2348 -8.5144 48.43 -0.725901 -0.0105641 0.687687
-44.87 -9.17893 47.7401 -0.728837 -0.0183093 0.684442
-45.767 -9.60232 46.7726 -0.732541 -0.0129277 0.68057
-46.6349 -9.50991 45.8294 -0.735646 -0.000142118 0.677366
-47.2717 -9.07141 45.1428 -0.72959 -0.00218875 0.683878
-47.8906 -8.1265 44.4895 -0.729682 -0.00588973 0.683757
-48.3108 -6.95876 44.0588 -0.735604 -0.0121077 0.677303
-48.3795 -5.57993 43.9979 -0.734559 -0.00059058 0.67854
-48.1602 -4.08482 44.2466 -0.734122 -0.0127388 0.678898
-47.9754 -2.61397 44.466 -0.728701 -0.00891523 0.684767
-47.9711 -1.34221 44.4834 -0.7309 -0.0097097 0.68241
-48.194 0.21619 44.2723 -0.732241 -0.0111342 0.680953
-48.4493 1.22537 44.0131 -0.73335 -0.0112162 0.679759
-48.9733 2.83916 43.4702 -0.734405 -0.00647069 0.678677
-49.1559 3.92234 43.2805 -0.733659 -0.0047388 0.679501
-49.1292 5.36292 43.3255 -0.728458 -0.00526252 0.68507
-49.0124 6.39313 43.4571 -0.727695 -0.00605461 0.685873
-48.8597 7.45689 43.6293 -0.727173 -0.00654435 0.686423
-48.7518 8.69691 43.7506 -0.727427 -0.00200953 0.686182
-48.7196 9.82407 43.7959 -0.735548 -0.0068513 0.677437
-48.8307 10.8363 43.6812 -0.737038 -0.00274549 0.675845
-49.1478 12.4919 43.3525 -0.733838 -0.00842069 0.679263
-49.3708 13.7606 43.1285 -0.733698 -0.0034665 0.67946
-49.6066 15.0759 42.8846 -0.732198 -0.00478592 0.681074
-49.833 16.0578 42.6503 -0.731912 -0.00629009 0.68137
-50.3281 17.7759 42.1225 -0.737707 -0.00282776 0.675102
-50.66 18.7604 41.7623 -0.735696 0.00130108 0.677309
-50.7561 19.0903 41.6566 -0.737689 0.00351298 0.675126
-51.1996 18.6033 41.1699 -0.740761 -0.00159477 0.671756
-50.8748 17.7218 41.5206 -0.740008 -0.0054011 0.672576
-50.5748 16.7742 41.8433 -0.740258 -0.00255769 0.672318
-50.2376 15.3821 42.209 -0.736143 -0.00458645 0.676782
-49.965 14.148 42.4933 -0.729884 -0.00233818 0.683567
-49.7454 12.7674 42.7191 -0.729072 -0.00684717 0.684402
-49.5147 11.6256 42.9517 -0.728226 -0.00548056 0.685312
-49.3155 10.305 43.1573 -0.728292 -0.00197745 0.685263
-49.2771 9.23639 43.1954 -0.727451 -0.00229472 0.686155
-49.3335 7.93683 43.1319 -0.727218 -0.00398827 0.686391
-49.5957 6.20928 42.8371 -0.727735 -0.00706852 0.685822
-49.7356 5.1047 42.6781 -0.729657 -0.00870037 0.683753
-49.6748 3.40391 42.7162 -0.732104 -0.00766685 0.681139
-49.4677 2.40525 42.9299 -0.734425 -0.00796388 0.678642
-48.9245 0.911734 43.4957 -0.732694 -0.0105518 0.680477
-48.6574 -0.130243 43.7677 -0.732854 -0.0101727 0.68031
-48.4973 -1.16874 43.9222 -0.73095 -0.00941196 0.68236
-48.4921 -2.24789 43.9171 -0.731659 -0.00766809 0.681624
-48.5818 -3.36985 43.8045 -0.733613 -0.0133216 0.679437
-48.8819 -5.1074 43.4552 -0.734359 -0.00648801 0.67873
-48.941 -6.15629 43.3859 -0.736063 -0.00453407 0.676895
-48.8228 -7.15634 43.499 -0.735542 -0.0114917 0.677381
-48.5914 -8.12459 43.7418 -0.730529 -0.00282787 0.682875
-47.7895 -9.52109 44.5888 -0.729869 -0.00259726 0.683578
-47.1933 -10.0737 45.226 -0.73052 -0.000336361 0.682892
-46.4504 -10.4375 46.0299 -0.73345 -0.00417208 0.679709
-45.6878 -10.4324 46.8469 -0.729007 -0.00826742 0.68445
-44.9142 -10.109 47.6709 -0.729618 -0.0109235 0.683756
-44.0607 -9.42207 48.5911 -0.726122 -0.0149745 0.687398
-43.5165 -8.52233 49.1881 -0.725901 -0.0105641 0.687687
-43.2018 -7.50035 49.5422 -0.731847 -0.0110986 0.681379
-43.0809 -6.36855 49.6903 -0.730248 -0.00790789 0.683124
-43.1767 -5.153 49.587 -0.730089 0.00150958 0.683351
-43.6902 -3.37643 49.046 -0.727421 -0.00576573 0.686167
-44.044 -2.49403 48.6855 -0.73252 -0.0114969 0.680639
-44.3163 -1.54642 48.4032 -0.733995 -0.00891125 0.679096
-44.563 0.165989 48.1647 -0.733437 -0.0127754 0.679637
-44.454 1.57491 48.3053 -0.732487 -0.00800057 0.680734
-44.2791 2.73754 48.5063 -0.732772 -0.00739628 0.680434
-44.1683 3.85193 48.6375 -0.732736 -0.00725745 0.680474
-44.1585 4.8764 48.6603 -0.732207 -0.00940178 0.681017
-44.2866 6.65923 48.5487 -0.733084 -0.00902664 0.680077
-44.3689 7.84633 48.4827 -0.727494 -0.0116724 0.686015
-44.3206 9.63424 48.5653 -0.730377 -0.0100244 0.682955
-44.2371 10.7747 48.6731 -0.736029 -0.0125308 0.676832
-43.9894 12.2234 48.9697 -0.737446 -0.0112104 0.675313
-43.8673 13.3011 49.1227 -0.738128 -0.0116182 0.67456
-43.8651 14.5593 49.1454 -0.737861 -0.0102638 0.674874
-44.0794 15.5595 48.9254 -0.739076 -0.011119 0.67353
-44.422 16.5296 48.5644 -0.739654 -0.0103146 0.672909
-44.8393 17.8615 48.1262 -0.739864 -0.0111214 0.672664
-45.1329 18.8116 47.8249 -0.739613 -0.0157609 0.672848
-45.4847 20.0602 47.4576 -0.745257 -0.00507786 0.666758
-45.7922 21.1065 47.1198 -0.743253 -0.00421442 0.668992
-46.1586 22.7354 46.7296 -0.742041 -0.00698789 0.670318
-46.4059 23.7451 46.4686 -0.741545 -0.00835671 0.670851
-47.0722 25.1874 45.7472 -0.742896 -0.0073562 0.669366
-47.7467 25.8589 45.0008 -0.74737 0.00269554 0.664399
-48.4198 26.197 44.2457 -0.745939 0.00164694 0.666011
-49.4541 26.2203 43.0727 -0.75419 0.00190259 0.656653
-50.3495 25.7849 42.0566 -0.742712 0.0055071 0.66958
-50.9269 24.9889 41.4296 -0.739068 0.00846272 0.673578
-51.5053 23.6771 40.812 -0.74129 0.00914758 0.671114
-51.7445 22.6486 40.5606 -0.742103 0.0117516 0.670176
-51.7773 21.4841 40.53 -0.73587 -0.000800701 0.677122
-51.6369 20.3384 40.681 -0.738861 0.0016016 0.67385
-51.3516 19.157 41.0004 -0.741167 0.00208081 0.671318
-51.9388 19.1842 40.3529 -0.734197 0.00135203 0.67889
-51.5186 17.933 40.8135 -0.73922 -0.00550118 0.67344
-51.1373 16.7874 41.224 -0.74018 -0.00554087 0.672386
-50.8624 15.6318 41.5257 -0.734881 0.00356707 0.678186
-50.5088 14.2375 41.9129 -0.732264 -0.000649026 0.681011
-50.4114 13.1738 42.0128 -0.729601 -0.00449983 0.683856
-50.0522 11.532 42.3798 -0.728918 -0.00637303 0.684571
-49.8184 9.84537 42.6233 -0.727237 -0.0010391 0.686385
-49.8898 8.16724 42.5431 -0.729362 -0.00453607 0.6841
-49.9897 6.98716 42.4261 -0.732075 -0.00531155 0.681203
-50.2928 5.35061 42.0862 -0.729203 -0.00641545 0.684267
-50.3078 4.05216 42.0512 -0.72903 -0.0101734 0.684406
-50.1278 2.64903 42.224 -0.729319 -0.00793312 0.684126
-49.695 1.21334 42.6724 -0.730027 -0.00627997 0.683389
-49.319 0.200722 43.0618 -0.728471 -0.00790668 0.685031
-49.1133 -0.870393 43.2677 -0.728985 -0.0100428 0.684453
-48.9981 -2.00866 43.3756 -0.732431 -0.00847894 0.680788
-49.1055 -3.35809 43.2393 -0.733591 -0.0134026 0.679459
-49.3136 -4.42317 42.9961 -0.730597 -0.0113009 0.682706
-49.5185 -5.52638 42.7661 -0.726722 -0.00698764 0.686897
-49.4947 -6.60827 42.7807 -0.726065 -0.00542207 0.687603
-49.3025 -7.60375 42.9817 -0.730795 -0.00201549 0.682594
-48.8638 -8.95046 43.4459 -0.730153 -0.00387291 0.683273
-48.3799 -9.92911 43.9542 -0.734255 -0.0140869 0.678728
-47.8411 -10.571 44.5274 -0.736611 -0.0133782 0.676184
-47.1312 -10.9774 45.2923 -0.733467 -0.00666017 0.679648
-46.2598 -11.3513 46.2229 -0.731001 -0.00875834 0.68232
-44.994 -11.0381 47.5763 -0.727723 -0.00744906 0.685831
-44.2149 -10.6945 48.416 -0.738991 -0.00388409 0.673703
-43.4238 -9.61816 49.2851 -0.73837 -0.00166368 0.674394
-42.8627 -8.34772 49.8944 -0.73325 -0.00586479 0.679934
-42.536 -7.12634 50.2638 -0.730208 -0.00867335 0.68316
-42.5121 -5.87932 50.2986 -0.728508 -0.00444462 0.685023
-42.6726 -4.77521 50.1252 -0.730513 0.00177834 0.682897
-43.0884 -3.36269 49.6922 -0.732728 -0.0144237 0.680367
-43.514 -2.10482 49.2622 -0.731969 -0.0127733 0.681215
-43.8686 -1.07903 48.8932 -0.734342 -0.0101509 0.678702
-43.99 -0.0304803 48.7791 -0.733456 -0.0103264 0.679653
-43.8593 1.67077 48.946 -0.732286 -0.00845681 0.680944
-43.6914 2.98405 49.1418 -0.7316 -0.00727131 0.681693
-43.5424 4.58199 49.3178 -0.730468 -0.00859247 0.682891
-43.6167 5.68911 49.2541 -0.731302 -0.00977878 0.681983
-43.8543 7.57816 49.0238 -0.729476 -0.00993712 0.683926
-43.7781 8.62002 49.1219 -0.727562 -0.0143236 0.685886
-43.7895 10.1452 49.1467 -0.732918 -0.0153513 0.680143
-43.5966 11.4772 49.3862 -0.735345 -0.0153362 0.677515
-43.3812 12.4351 49.637 -0.730085 -0.014661 0.683199
-43.3143 13.7517 49.7332 -0.735163 -0.0111394 0.677795
-43.2877 15.0347 49.7813 -0.733704 -0.0106816 0.679385
-43.6454 16.1364 49.4109 -0.734546 -0.00994032 0.678486
-44.0651 17.3197 48.9688 -0.739825 -0.0107764 0.672712
-44.4662 18.4816 48.5478 -0.739859 -0.0118555 0.672657
-44.6948 19.4633 48.3207 -0.738085 -0.015923 0.67452
-45.1329 20.7559 47.8539 -0.744525 -0.00225936 0.66759
-45.4564 22.3341 47.5028 -0.742088 -0.00672087 0.670269
-45.7711 23.4108 47.1663 -0.741904 -0.00793416 0.670459
-46.0291 24.5538 46.8957 -0.742019 -0.00963067 0.670308
-46.5669 25.5673 46.3128 -0.743424 -0.00808613 0.668771
-47.0965 26.3628 45.7336 -0.746194 -0.00294661 0.66569
-47.8751 26.7788 44.8526 -0.74737 0.00269554 0.664399
-48.6273 27.0922 44.011 -0.744742 0.000626752 0.667351
-49.3098 27.02 43.2361 -0.752131 0.0033205 0.659
-50.0477 27.0982 42.3851 -0.749321 0.00483156 0.662123
-50.8813 26.4191 41.4625 -0.741411 0.00537389 0.671017
-51.3398 25.4731 40.9706 -0.743123 0.00944186 0.669059
-51.8797 24.3249 40.3865 -0.744437 0.01186 0.667581
-52.2544 23.3036 39.9846 -0.74171 0.0122296 0.6706
-52.4182 22.2971 39.8256 -0.740367 0.0129642 0.672076
-52.2753 21.172 39.989 -0.736081 -0.000328516 0.676893
-52.1629 19.9753 40.1161 -0.730517 0.00171513 0.682881
-51.9805 19.3088 40.3088 -0.729377 -0.00184053 0.68411
-48.2642 18.3654 44.3763 -0.74159 -0.00276945 0.670847
-47.5598 17.306 45.1458 -0.740604 -0.00805402 0.671894
-47.9995 17.7378 44.6663 -0.741111 -0.00537612 0.671356
-47.4433 16.7727 45.2675 -0.738695 -0.00928834 0.673971
-47.6277 15.8028 45.0511 -0.740436 -0.0106105 0.672043
-47.464 14.6217 45.2153 -0.737982 -0.00671976 0.674779
-47.302 13.6135 45.3785 -0.736222 -0.00875729 0.676683
-46.8163 12.0755 45.8869 -0.736288 -0.00878128 0.676611
-46.7662 12.8958 45.9528 -0.737464 -0.00749088 0.675342
-46.8587 14.2838 45.8685 -0.735306 -0.00859582 0.677681
-47.3429 15.8978 45.3645 -0.737138 -0.00934136 0.675678
-47.405 16.0975 45.2995 -0.73707 -0.00955737 0.675749
-47.0485 5.00698 45.5535 -0.735651 -0.00668904 0.677327
-46.989 4.901 45.6165 -0.732095 -0.0109505 0.681115
-46.984 5.00288 45.6235 -0.733854 -0.0088342 0.679241
-46.2302 -2.9883 46.3222 -0.739118 -0.00318026 0.673568
-45.6494 -4.31561 46.9542 -0.73472 -0.00820338 0.678264
-45.3868 -5.54169 47.2126 -0.731104 -0.0059122 0.682237
-45.4077 -6.58275 47.185 -0.731335 -0.000834328 0.682018
-46.4385 -6.88159 46.0716 -0.73698 -0.00624864 0.675886
-46.7839 -6.01962 45.7036 -0.7342 -0.00963733 0.678865
-46.6183 -4.54615 45.8935 -0.732959 0.00110842 0.680272
-46.1737 -3.60219 46.3815 -0.738889 -0.00278861 0.673821
-46.1724 -5.10902 46.3779 -0.734897 -0.00830379 0.678072
-46.0945 -6.15497 46.4534 -0.733671 -0.00472858 0.67947
-46.1631 -5.2827 46.3842 -0.730496 -0.00878949 0.682837
