22.6279 -43.7411 70.8625 0.623659 -0.0216107 0.781397
22.9263 -42.4729 70.646 0.624614 0.00248859 0.780926
23.4414 -42.8938 70.2291 0.63652 -0.00280893 0.771237
23.3531 -44.5746 70.2572 0.625714 -0.022905 0.779716
22.6702 -44.231 70.8152 0.624646 -0.0222466 0.78059
22.134 -44.6301 71.2482 0.646128 -0.00957209 0.763156
22.1285 -42.8491 71.2855 0.624093 -0.00822517 0.781196
22.2426 -41.6981 71.1755 0.609423 0.0258226 0.792424
22.923 -40.9801 70.6285 0.611895 0.0280283 0.790433
23.7739 -41.6193 69.9457 0.637056 0.00994652 0.770751
23.9593 -42.6438 69.8023 0.637788 0.00025056 0.770177
23.9107 -43.867 69.8308 0.631601 -0.0138411 0.775077
23.882 -45.5263 69.827 0.620621 -0.00235561 0.784089
23.7832 -46.5302 69.9059 0.617138 0.00107121 0.786854
22.7548 -46.938 70.7295 0.630068 -0.00295541 0.776534
22.1754 -45.903 71.2012 0.630329 4.75643e-05 0.776328
22.124 -45.361 71.2433 0.638057 -0.00753939 0.769857
21.5483 -45.4945 71.7284 0.646283 -0.0142787 0.762964
21.5365 -44.2867 71.7567 0.646911 -0.00489996 0.76255
21.5404 -43.1769 71.7621 0.640427 -0.00137261 0.767959
21.5814 -41.9325 71.6913 0.609137 0.0249201 0.792673
21.8428 -40.436 71.4414 0.609254 0.0261944 0.792542
23.0632 -40.2254 70.4902 0.614531 0.0291696 0.788352
24.0243 -40.4448 69.7169 0.634065 0.0230382 0.772937
24.4613 -41.4064 69.3735 0.637535 0.0115504 0.770335
24.4646 -43.2278 69.3765 0.639391 -0.00736216 0.768846
24.437 -44.349 69.391 0.622631 -0.00186188 0.782247
24.4402 -45.6336 69.3892 0.617154 0.000889462 0.786842
24.4298 -46.7537 69.399 0.617167 0.000852302 0.786832
23.9027 -47.6702 69.8149 0.619324 0.00377347 0.785127
22.9857 -47.8509 70.5395 0.62469 0.00126029 0.780841
22.1012 -47.7389 71.2532 0.623359 -0.0106229 0.781863
21.6068 -46.5598 71.6631 0.630453 -0.0016862 0.776223
21.5785 -46.3571 71.6861 0.638331 -0.0073259 0.769622
21.0189 -46.3134 72.1581 0.644598 -0.0113311 0.764419
20.9709 -44.6764 72.2322 0.645027 -0.0142931 0.764024
20.9678 -43.5852 72.235 0.635473 0.00486942 0.772108
20.9583 -42.5819 72.2316 0.637354 0.0379812 0.769634
21.0139 -41.2546 72.1202 0.637049 0.0393402 0.769818
21.095 -40.2065 72.0259 0.619739 0.0132992 0.784694
22.3772 -39.3958 71.0004 0.619272 0.0124309 0.785077
23.3719 -39.4335 70.2207 0.624353 0.0264693 0.780603
24.2404 -39.5721 69.5228 0.616867 -0.0106091 0.786996
24.9295 -40.1339 68.9752 0.614012 -0.00729842 0.789253
25.0206 -41.4367 68.9225 0.619079 0.0138513 0.785206
25.0281 -42.5565 68.938 0.612549 0.00780548 0.790318
25.0035 -43.6867 68.957 0.606864 0.00161707 0.794804
24.994 -44.7952 68.9741 0.600393 0.00167187 0.799638
25.0089 -46.4959 68.946 0.602637 -0.0154099 0.797808
24.8239 -48.0043 69.0904 0.618807 0.00430405 0.785518
23.9292 -48.5254 69.7981 0.619377 0.00391819 0.785084
23.0115 -48.5752 70.5227 0.619398 0.00411797 0.785067
21.9794 -48.5259 71.341 0.621822 0.00187987 0.783157
21.231 -48.084 71.9445 0.636535 -0.00996095 0.771054
21.019 -46.8111 72.1538 0.64812 -0.0123941 0.76141
20.3467 -46.8859 72.7226 0.646843 -0.00489675 0.762605
20.4121 -45.1124 72.6944 0.651748 -0.0241599 0.757984
20.4067 -43.939 72.7114 0.653787 0.0194273 0.756428
20.2367 -42.5606 72.8302 0.637165 0.0215354 0.770242
20.4128 -41.1195 72.6096 0.636817 0.0405073 0.76995
20.2529 -39.9704 72.7047 0.633329 0.0192721 0.773643
20.6407 -38.9294 72.3661 0.626882 0.0106332 0.779028
21.9317 -38.5028 71.3377 0.619153 0.0125154 0.78517
22.8943 -38.7184 70.5801 0.623518 0.020825 0.781484
24.0359 -38.7158 69.694 0.606597 0.0135968 0.794456
25.3322 -39.0084 68.678 0.614108 -0.0128106 0.789118
25.6512 -40.4368 68.4139 0.612612 -0.00195426 0.790378
25.6681 -41.5366 68.4146 0.615924 0.0158047 0.787645
25.6787 -42.6743 68.431 0.615151 0.0171134 0.788224
25.7047 -43.7769 68.4219 0.605094 0.00665258 0.796108
25.691 -45.0996 68.4514 0.600393 0.0018768 0.799635
25.5891 -46.9332 68.4894 0.607839 -0.0231943 0.793721
25.6013 -47.9831 68.4808 0.613171 0.0152851 0.789798
25.3494 -49.0218 68.6939 0.60583 0.0105008 0.795476
24.5067 -49.2205 69.3399 0.623646 -0.00632316 0.781642
23.5447 -49.3708 70.1063 0.619389 0.00420216 0.785073
22.6274 -49.3725 70.8297 0.619223 0.0039294 0.785205
21.7569 -49.3286 71.5192 0.631765 0.00688581 0.775
20.7609 -49.0287 72.3439 0.656207 0.0151512 0.754357
20.4278 -47.9853 72.6301 0.659183 -0.00697981 0.751759
20.3462 -47.1326 72.7219 0.64895 -0.0114203 0.7607
22.7703 -45.9517 70.7183 0.630227 -5.1407e-05 0.776411
23.3484 -44.6933 70.259 0.625202 -0.00478197 0.780448
23.1998 -45.5881 70.3727 0.625001 -0.00463153 0.78061
23.1534 -46.0108 70.4074 0.627618 -0.00234524 0.778507
