23.9557 -44.9505 72.889 0.653875 0.0058336 0.756466
24.1415 -46.038 72.7505 0.659589 0.016479 0.751446
24.5541 -44.9778 72.3791 0.647893 -0.0052405 0.761714
24.5505 -43.2767 72.3961 0.650844 -0.00029101 0.759174
24.3619 -42.258 72.5495 0.652849 0.00680544 0.757457
24.0554 -43.0241 72.8192 0.648948 0.000938537 0.760811
24.0013 -44.4747 72.8536 0.649118 -0.00597003 0.760665
23.3708 -44.5511 73.3986 0.662811 0.00415928 0.748684
23.4551 -46.1028 73.3567 0.663046 0.0178979 0.748359
23.9545 -46.9582 72.9237 0.66473 0.00387807 0.747073
24.745 -46.8622 72.2244 0.638181 0.00969531 0.769826
25.1077 -45.5529 71.9094 0.638002 0.0014903 0.770015
25.0832 -43.7561 71.9377 0.64372 -0.00446063 0.765227
25.0711 -42.5147 71.9391 0.656993 0.00814313 0.753853
24.8768 -41.3078 72.0944 0.657926 0.0109174 0.753003
24.0889 -41.0383 72.7654 0.646986 0.00736121 0.762467
23.4737 -41.8387 73.3002 0.647787 0.012988 0.761711
23.3812 -43.5885 73.3967 0.659384 -0.00183026 0.751796
23.3772 -44.0839 73.3969 0.658778 -0.00569087 0.752315
22.8136 -44.2042 73.8906 0.664027 0.00461393 0.747622
22.8383 -45.2175 73.8881 0.666788 0.0145701 0.745105
22.8917 -46.2306 73.8616 0.666045 0.0188518 0.745669
23.1547 -47.4021 73.6585 0.667518 0.0215623 0.74428
24.3155 -47.7468 72.6049 0.669697 0.00828099 0.742548
25.3188 -47.5107 71.7544 0.642389 0.00136205 0.766378
25.6332 -46.4574 71.4829 0.63746 0.00765496 0.770442
25.6758 -45.2483 71.4376 0.639144 0.00228186 0.769058
25.6198 -43.5092 71.4787 0.650589 0.0126144 0.759322
25.619 -41.7904 71.4536 0.657378 0.00986025 0.753495
25.423 -40.7981 71.6099 0.657748 0.0110608 0.753157
24.7607 -40.2739 72.1814 0.657823 0.0112341 0.753088
23.9804 -40.2391 72.8494 0.642823 0.0115693 0.765899
23.1478 -40.4814 73.5494 0.643115 0.0130582 0.765656
22.851 -41.5785 73.8215 0.644639 0.0161707 0.764316
22.812 -42.7225 73.8774 0.648441 0.0151653 0.761112
22.8176 -43.6096 73.8908 0.655052 0.00516597 0.755464
22.2666 -43.8393 74.3777 0.678927 0.0228689 0.733817
22.2877 -44.8765 74.3839 0.688931 0.0138543 0.724694
22.3067 -45.9031 74.3872 0.688351 0.0163928 0.725192
22.3542 -46.9355 74.3724 0.686268 0.0234814 0.726969
22.6458 -48.1556 74.1386 0.677029 0.02384 0.735464
23.3918 -48.4541 73.4596 0.675179 0.0102748 0.737581
24.2309 -48.4821 72.6938 0.667018 0.0173382 0.744748
25.3001 -48.4232 71.7748 0.645484 0.0150792 0.763624
26.0278 -47.8551 71.1607 0.645771 0.00182309 0.763516
26.1817 -46.8127 71.0268 0.648671 0.000693776 0.761067
26.2321 -45.2361 70.9767 0.640987 0.0061487 0.767513
26.2083 -44.158 70.9835 0.650315 0.0113624 0.75958
26.1505 -42.6685 71.0081 0.65027 0.0148349 0.759558
26.1624 -41.1957 70.9719 0.652502 0.0110779 0.757706
25.9511 -40.0426 71.1379 0.655242 0.0106191 0.755337
25.2296 -39.5512 71.7641 0.657184 0.00181071 0.753728
24.4456 -39.4894 72.4468 0.650552 0.00746009 0.759359
23.6534 -39.4788 73.1067 0.64014 0.00808202 0.768212
22.8169 -39.6178 73.8126 0.643115 0.0130582 0.765656
22.2902 -40.6353 74.2718 0.655856 0.0212595 0.754392
22.2429 -41.6698 74.348 0.667217 0.0259431 0.744407
22.2495 -42.8236 74.3695 0.671323 0.0115647 0.741017
22.2543 -43.144 74.3732 0.676204 0.0176173 0.736503
21.6545 -43.4025 74.9304 0.679347 0.0236656 0.733411
21.6805 -44.4618 74.9482 0.681245 0.028985 0.731482
21.6962 -45.4993 74.9581 0.689627 0.0154772 0.723997
21.7007 -46.7139 74.9828 0.688698 0.0206757 0.724743
21.7216 -47.8319 74.9919 0.678842 0.00565408 0.734262
22.3751 -49.1152 74.3916 0.675993 0.00237107 0.736862
23.1135 -49.2854 73.7258 0.672429 0.00814113 0.740109
24.0576 -49.3367 72.8742 0.659929 0.0258018 0.750885
24.987 -49.3048 72.0563 0.652877 0.0195462 0.757127
25.7595 -49.1642 71.4002 0.645178 0.0140973 0.763902
26.6484 -48.1364 70.632 0.648949 0.00280632 0.760827
26.7784 -46.9532 70.5186 0.648309 -0.000444671 0.761377
26.8663 -45.7153 70.4445 0.646632 0.00195429 0.762793
26.8181 -44.4435 70.4682 0.646153 0.0162335 0.763035
26.8331 -42.8623 70.4275 0.650148 0.014845 0.759663
26.7937 -41.77 70.4387 0.650217 0.016739 0.759564
26.7681 -40.6279 70.4418 0.649197 0.00301476 0.760551
26.636 -39.5522 70.5604 0.643319 0.000479781 0.765575
26.0419 -38.8694 71.0597 0.65216 -0.00151732 0.75808
24.896 -38.6879 72.053 0.650813 0.00749503 0.75913
24.0425 -38.6971 72.7727 0.644455 0.0137412 0.764519
23.2021 -38.7395 73.4775 0.65275 0.00316179 0.757387
22.3898 -38.8473 74.1957 0.660324 -0.0104731 0.750908
21.7721 -39.7801 74.7326 0.667478 -0.00769208 0.74459
21.6809 -40.8377 74.8296 0.675312 0.0184493 0.737298
21.6085 -42.2704 74.9401 0.671602 0.0265731 0.740433
21.6133 -42.6045 74.9485 0.674667 0.0232573 0.73773
